0  70 37 28 68 41 60 40 47 51 30 48 3  25 66 55 61 24 20 39 44 10 5  17 49 63 2  57 7  4  33 19 1  29 62 54 35 27 36 56 15 18 31 65 16 53 52 42 22 46 34 64 38 13 23 6  32 58 50 21 69 11 67 43 45 9  59 26 14 12 8
63 1  70 38 29 69 42 61 41 48 52 31 49 4  26 67 56 62 25 21 40 45 11 6  18 50 64 3  58 8  5  34 20 2  30 13 55 36 28 37 57 16 19 32 66 17 54 53 43 23 47 0  65 39 14 24 7  33 59 51 22 35 12 68 44 46 10 60 27 15 9
31 64 2  70 39 30 35 43 62 42 49 53 32 50 5  27 68 57 63 26 22 41 46 12 7  19 51 65 4  59 9  6  0  21 3  16 14 56 37 29 38 58 17 20 33 67 18 55 54 44 24 48 1  66 40 15 25 8  34 60 52 23 36 13 69 45 47 11 61 28 10
4  32 65 3  70 40 31 36 44 63 43 50 54 33 51 6  28 69 58 64 27 23 42 47 13 8  20 52 66 5  60 10 7  1  22 29 17 15 57 38 30 39 59 18 21 34 68 19 56 55 45 25 49 2  67 41 16 26 9  0  61 53 24 37 14 35 46 48 12 62 11
23 5  33 66 4  70 41 32 37 45 64 44 51 55 34 52 7  29 35 59 65 28 24 43 48 14 9  21 53 67 6  61 11 8  2  63 30 18 16 58 39 31 40 60 19 22 0  69 20 57 56 46 26 50 3  68 42 17 27 10 1  62 54 25 38 15 36 47 49 13 12
3  24 6  34 67 5  70 42 33 38 46 65 45 52 56 0  53 8  30 36 60 66 29 25 44 49 15 10 22 54 68 7  62 12 9  14 64 31 19 17 59 40 32 41 61 20 23 1  35 21 58 57 47 27 51 4  69 43 18 28 11 2  63 55 26 39 16 37 48 50 13
10 4  25 7  0  68 6  70 43 34 39 47 66 46 53 57 1  54 9  31 37 61 67 30 26 45 50 16 11 23 55 69 8  63 13 51 15 65 32 20 18 60 41 33 42 62 21 24 2  36 22 59 58 48 28 52 5  35 44 19 29 12 3  64 56 27 40 17 38 49 14
14 11 5  26 8  1  69 7  70 44 0  40 48 67 47 54 58 2  55 10 32 38 62 68 31 27 46 51 17 12 24 56 35 9  64 50 52 16 66 33 21 19 61 42 34 43 63 22 25 3  37 23 60 59 49 29 53 6  36 45 20 30 13 4  65 57 28 41 18 39 15
65 15 12 6  27 9  2  35 8  70 45 1  41 49 68 48 55 59 3  56 11 33 39 63 69 32 28 47 52 18 13 25 57 36 10 40 51 53 17 67 34 22 20 62 43 0  44 64 23 26 4  38 24 61 60 50 30 54 7  37 46 21 31 14 5  66 58 29 42 19 16
11 66 16 13 7  28 10 3  36 9  70 46 2  42 50 69 49 56 60 4  57 12 34 40 64 35 33 29 48 53 19 14 26 58 37 20 41 52 54 18 68 0  23 21 63 44 1  45 65 24 27 5  39 25 62 61 51 31 55 8  38 47 22 32 15 6  67 59 30 43 17
38 12 67 17 14 8  29 11 4  37 10 70 47 3  43 51 35 50 57 61 5  58 13 0  41 65 36 34 30 49 54 20 15 27 59 44 21 42 53 55 19 69 1  24 22 64 45 2  46 66 25 28 6  40 26 63 62 52 32 56 9  39 48 23 33 16 7  68 60 31 18
60 39 13 68 18 15 9  30 12 5  38 11 70 48 4  44 52 36 51 58 62 6  59 14 1  42 66 37 0  31 50 55 21 16 28 32 45 22 43 54 56 20 35 2  25 23 65 46 3  47 67 26 29 7  41 27 64 63 53 33 57 10 40 49 24 34 17 8  69 61 19
29 61 40 14 69 19 16 10 31 13 6  39 12 70 49 5  45 53 37 52 59 63 7  60 15 2  43 67 38 1  32 51 56 22 17 62 33 46 23 44 55 57 21 36 3  26 24 66 47 4  48 68 27 30 8  42 28 65 64 54 34 58 11 41 50 25 0  18 9  35 20
18 30 62 41 15 35 20 17 11 32 14 7  40 13 70 50 6  46 54 38 53 60 64 8  61 16 3  44 68 39 2  33 52 57 23 36 63 34 47 24 45 56 58 22 37 4  27 25 67 48 5  49 69 28 31 9  43 29 66 65 55 0  59 12 42 51 26 1  19 10 21
24 19 31 63 42 16 36 21 18 12 33 15 8  41 14 70 51 7  47 55 39 54 61 65 9  62 17 4  45 69 40 3  34 53 58 11 37 64 0  48 25 46 57 59 23 38 5  28 26 68 49 6  50 35 29 32 10 44 30 67 66 56 1  60 13 43 52 27 2  20 22
59 25 20 32 64 43 17 37 22 19 13 34 16 9  42 15 70 52 8  48 56 40 55 62 66 10 63 18 5  46 35 41 4  0  54 21 12 38 65 1  49 26 47 58 60 24 39 6  29 27 69 50 7  51 36 30 33 11 45 31 68 67 57 2  61 14 44 53 28 3  23
55 60 26 21 33 65 44 18 38 23 20 14 0  17 10 43 16 70 53 9  49 57 41 56 63 67 11 64 19 6  47 36 42 5  1  4  22 13 39 66 2  50 27 48 59 61 25 40 7  30 28 35 51 8  52 37 31 34 12 46 32 69 68 58 3  62 15 45 54 29 24
2  56 61 27 22 34 66 45 19 39 24 21 15 1  18 11 44 17 70 54 10 50 58 42 57 64 68 12 65 20 7  48 37 43 6  30 5  23 14 40 67 3  51 28 49 60 62 26 41 8  31 29 36 52 9  53 38 32 0  13 47 33 35 69 59 4  63 16 46 55 25
7  3  57 62 28 23 0  67 46 20 40 25 22 16 2  19 12 45 18 70 55 11 51 59 43 58 65 69 13 66 21 8  49 38 44 56 31 6  24 15 41 68 4  52 29 50 61 63 27 42 9  32 30 37 53 10 54 39 33 1  14 48 34 36 35 60 5  64 17 47 26
45 8  4  58 63 29 24 1  68 47 21 41 26 23 17 3  20 13 46 19 70 56 12 52 60 44 59 66 35 14 67 22 9  50 39 48 57 32 7  25 16 42 69 5  53 30 51 62 64 28 43 10 33 31 38 54 11 55 40 34 2  15 49 0  37 36 61 6  65 18 27
40 46 9  5  59 64 30 25 2  69 48 22 42 27 24 18 4  21 14 47 20 70 57 13 53 61 45 60 67 36 15 68 23 10 51 19 49 58 33 8  26 17 43 35 6  54 31 52 63 65 29 44 11 34 32 39 55 12 56 41 0  3  16 50 1  38 37 62 7  66 28
52 41 47 10 6  60 65 31 26 3  35 49 23 43 28 25 19 5  22 15 48 21 70 58 14 54 62 46 61 68 37 16 69 24 11 67 20 50 59 34 9  27 18 44 36 7  55 32 53 64 66 30 45 12 0  33 40 56 13 57 42 1  4  17 51 2  39 38 63 8  29
12 53 42 48 11 7  61 66 32 27 4  36 50 24 44 29 26 20 6  23 16 49 22 70 59 15 55 63 47 62 69 38 17 35 25 9  68 21 51 60 0  10 28 19 45 37 8  56 33 54 65 67 31 46 13 1  34 41 57 14 58 43 2  5  18 52 3  40 39 64 30
26 13 54 43 49 12 8  62 67 33 28 5  37 51 25 45 30 27 21 7  24 17 50 23 70 60 16 56 64 48 63 35 39 18 36 65 10 69 22 52 61 1  11 29 20 46 38 9  57 34 55 66 68 32 47 14 2  0  42 58 15 59 44 3  6  19 53 4  41 40 31
37 27 14 55 44 50 13 9  63 68 34 29 6  38 52 26 46 31 28 22 8  25 18 51 24 70 61 17 57 65 49 64 36 40 19 41 66 11 35 23 53 62 2  12 30 21 47 39 10 58 0  56 67 69 33 48 15 3  1  43 59 16 60 45 4  7  20 54 5  42 32
20 38 28 15 56 45 51 14 10 64 69 0  30 7  39 53 27 47 32 29 23 9  26 19 52 25 70 62 18 58 66 50 65 37 41 43 42 67 12 36 24 54 63 3  13 31 22 48 40 11 59 1  57 68 35 34 49 16 4  2  44 60 17 61 46 5  8  21 55 6  33
42 21 39 29 16 57 46 52 15 11 65 35 1  31 8  40 54 28 48 33 30 24 10 27 20 53 26 70 63 19 59 67 51 66 38 7  44 43 68 13 37 25 55 64 4  14 32 23 49 41 12 60 2  58 69 36 0  50 17 5  3  45 61 18 62 47 6  9  22 56 34
39 43 22 40 30 17 58 47 53 16 12 66 36 2  32 9  41 55 29 49 34 31 25 11 28 21 54 27 70 64 20 60 68 52 67 57 8  45 44 69 14 38 26 56 65 5  15 33 24 50 42 13 61 3  59 35 37 1  51 18 6  4  46 62 19 63 48 7  10 23 0
68 40 44 23 41 31 18 59 48 54 17 13 67 37 3  33 10 42 56 30 50 0  32 26 12 29 22 55 28 70 65 21 61 69 53 24 58 9  46 45 35 15 39 27 57 66 6  16 34 25 51 43 14 62 4  60 36 38 2  52 19 7  5  47 63 20 64 49 8  11 1
54 69 41 45 24 42 32 19 60 49 55 18 14 68 38 4  34 11 43 57 31 51 1  33 27 13 30 23 56 29 70 66 22 62 35 12 25 59 10 47 46 36 16 40 28 58 67 7  17 0  26 52 44 15 63 5  61 37 39 3  53 20 8  6  48 64 21 65 50 9  2
36 55 35 42 46 25 43 33 20 61 50 56 19 15 69 39 5  0  12 44 58 32 52 2  34 28 14 31 24 57 30 70 67 23 63 10 13 26 60 11 48 47 37 17 41 29 59 68 8  18 1  27 53 45 16 64 6  62 38 40 4  54 21 9  7  49 65 22 66 51 3
64 37 56 36 43 47 26 44 34 21 62 51 57 20 16 35 40 6  1  13 45 59 33 53 3  0  29 15 32 25 58 31 70 68 24 52 11 14 27 61 12 49 48 38 18 42 30 60 69 9  19 2  28 54 46 17 65 7  63 39 41 5  55 22 10 8  50 66 23 67 4
25 65 38 57 37 44 48 27 45 0  22 63 52 58 21 17 36 41 7  2  14 46 60 34 54 4  1  30 16 33 26 59 32 70 69 68 53 12 15 28 62 13 50 49 39 19 43 31 61 35 10 20 3  29 55 47 18 66 8  64 40 42 6  56 23 11 9  51 67 24 5
35 26 66 39 58 38 45 49 28 46 1  23 64 53 59 22 18 37 42 8  3  15 47 61 0  55 5  2  31 17 34 27 60 33 70 25 69 54 13 16 29 63 14 51 50 40 20 44 32 62 36 11 21 4  30 56 48 19 67 9  65 41 43 7  57 24 12 10 52 68 6
70 36 27 67 40 59 39 46 50 29 47 2  24 65 54 60 23 19 38 43 9  4  16 48 62 1  56 6  3  32 18 0  28 61 34 69 26 35 55 14 17 30 64 15 52 51 41 21 45 33 63 37 12 22 5  31 57 49 20 68 10 66 42 44 8  58 25 13 11 53 7
62 34 19 50 53 66 28 51 16 15 5  57 9  69 27 1  48 58 41 67 21 13 56 32 46 30 6  8  44 22 61 49 47 17 33 35 70 0  63 31 4  23 3  10 14 65 11 38 60 29 18 24 59 55 2  7  45 40 52 12 26 37 20 42 39 68 54 36 64 25 43
34 63 0  20 51 54 67 29 52 17 16 6  58 10 35 28 2  49 59 42 68 22 14 57 33 47 31 7  9  45 23 62 50 48 18 26 36 70 1  64 32 5  24 4  11 15 66 12 39 61 30 19 25 60 56 3  8  46 41 53 13 27 38 21 43 40 69 55 37 65 44
19 0  64 1  21 52 55 68 30 53 18 17 7  59 11 36 29 3  50 60 43 69 23 15 58 34 48 32 8  10 46 24 63 51 49 66 27 37 70 2  65 33 6  25 5  12 16 67 13 40 62 31 20 26 61 57 4  9  47 42 54 14 28 39 22 44 41 35 56 38 45
50 20 1  65 2  22 53 56 69 31 54 19 18 8  60 12 37 30 4  51 61 44 35 24 16 59 0  49 33 9  11 47 25 64 52 39 67 28 38 70 3  66 34 7  26 6  13 17 68 14 41 63 32 21 27 62 58 5  10 48 43 55 15 29 40 23 45 42 36 57 46
53 51 21 2  66 3  23 54 57 35 32 55 20 19 9  61 13 38 31 5  52 62 45 36 25 17 60 1  50 34 10 12 48 26 65 58 40 68 29 39 70 4  67 0  8  27 7  14 18 69 15 42 64 33 22 28 63 59 6  11 49 44 56 16 30 41 24 46 43 37 47
66 54 52 22 3  67 4  24 55 58 36 33 56 21 20 10 62 14 39 32 6  53 63 46 37 26 18 61 2  51 0  11 13 49 27 38 59 41 69 30 40 70 5  68 1  9  28 8  15 19 35 16 43 65 34 23 29 64 60 7  12 50 45 57 17 31 42 25 47 44 48
28 67 55 53 23 4  68 5  25 56 59 37 34 57 22 21 11 63 15 40 33 7  54 64 47 38 27 19 62 3  52 1  12 14 50 45 39 60 42 35 31 41 70 6  69 2  10 29 9  16 20 36 17 44 66 0  24 30 65 61 8  13 51 46 58 18 32 43 26 48 49
51 29 68 56 54 24 5  69 6  26 57 60 38 0  58 23 22 12 64 16 41 34 8  55 65 48 39 28 20 63 4  53 2  13 15 49 46 40 61 43 36 32 42 70 7  35 3  11 30 10 17 21 37 18 45 67 1  25 31 66 62 9  14 52 47 59 19 33 44 27 50
16 52 30 69 57 55 25 6  35 7  27 58 61 39 1  59 24 23 13 65 17 42 0  9  56 66 49 40 29 21 64 5  54 3  14 28 50 47 41 62 44 37 33 43 70 8  36 4  12 31 11 18 22 38 19 46 68 2  26 32 67 63 10 15 53 48 60 20 34 45 51
15 17 53 31 35 58 56 26 7  36 8  28 59 62 40 2  60 25 24 14 66 18 43 1  10 57 67 50 41 30 22 65 6  55 4  46 29 51 48 42 63 45 38 34 44 70 9  37 5  13 32 12 19 23 39 20 47 69 3  27 33 68 64 11 16 54 49 61 21 0  52
5  16 18 54 32 36 59 57 27 8  37 9  29 60 63 41 3  61 26 25 15 67 19 44 2  11 58 68 51 42 31 23 66 7  56 1  47 30 52 49 43 64 46 39 0  45 70 10 38 6  14 33 13 20 24 40 21 48 35 4  28 34 69 65 12 17 55 50 62 22 53
57 6  17 19 55 33 37 60 58 28 9  38 10 30 61 64 42 4  62 27 26 16 68 20 45 3  12 59 69 52 43 32 24 67 8  23 2  48 31 53 50 44 65 47 40 1  46 70 11 39 7  15 34 14 21 25 41 22 49 36 5  29 0  35 66 13 18 56 51 63 54
9  58 7  18 20 56 34 38 61 59 29 10 39 11 31 62 65 43 5  63 28 27 17 69 21 46 4  13 60 35 53 44 33 25 68 64 24 3  49 32 54 51 45 66 48 41 2  47 70 12 40 8  16 0  15 22 26 42 23 50 37 6  30 1  36 67 14 19 57 52 55
69 10 59 8  19 21 57 0  39 62 60 30 11 40 12 32 63 66 44 6  64 29 28 18 35 22 47 5  14 61 36 54 45 34 26 53 65 25 4  50 33 55 52 46 67 49 42 3  48 70 13 41 9  17 1  16 23 27 43 24 51 38 7  31 2  37 68 15 20 58 56
27 35 11 60 9  20 22 58 1  40 63 61 31 12 41 13 33 64 67 45 7  65 30 29 19 36 23 48 6  15 62 37 55 46 0  59 54 66 26 5  51 34 56 53 47 68 50 43 4  49 70 14 42 10 18 2  17 24 28 44 25 52 39 8  32 3  38 69 16 21 57
1  28 36 12 61 10 21 23 59 2  41 64 62 32 13 42 14 34 65 68 46 8  66 31 30 20 37 24 49 7  16 63 38 56 47 22 60 55 67 27 6  52 0  57 54 48 69 51 44 5  50 70 15 43 11 19 3  18 25 29 45 26 53 40 9  33 4  39 35 17 58
48 2  29 37 13 62 11 22 24 60 3  42 65 63 33 14 43 15 0  66 69 47 9  67 32 31 21 38 25 50 8  17 64 39 57 18 23 61 56 68 28 7  53 1  58 55 49 35 52 45 6  51 70 16 44 12 20 4  19 26 30 46 27 54 41 10 34 5  40 36 59
58 49 3  30 38 14 63 12 23 25 61 4  43 66 64 34 15 44 16 1  67 35 48 10 68 33 32 22 39 26 51 9  18 65 40 37 19 24 62 57 69 29 8  54 2  59 56 50 36 53 46 7  52 70 17 45 13 21 5  20 27 31 47 28 55 42 11 0  6  41 60
41 59 50 4  31 39 15 64 13 24 26 62 5  44 67 65 0  16 45 17 2  68 36 49 11 69 34 33 23 40 27 52 10 19 66 42 38 20 25 63 58 35 30 9  55 3  60 57 51 37 54 47 8  53 70 18 46 14 22 6  21 28 32 48 29 56 43 12 1  7  61
67 42 60 51 5  32 40 16 65 14 25 27 63 6  45 68 66 1  17 46 18 3  69 37 50 12 35 0  34 24 41 28 53 11 20 8  43 39 21 26 64 59 36 31 10 56 4  61 58 52 38 55 48 9  54 70 19 47 15 23 7  22 29 33 49 30 57 44 13 2  62
21 68 43 61 52 6  33 41 17 66 15 26 28 64 7  46 69 67 2  18 47 19 4  35 38 51 13 36 1  0  25 42 29 54 12 3  9  44 40 22 27 65 60 37 32 11 57 5  62 59 53 39 56 49 10 55 70 20 48 16 24 8  23 30 34 50 31 58 45 14 63
13 22 69 44 62 53 7  34 42 18 67 16 27 29 65 8  47 35 68 3  19 48 20 5  36 39 52 14 37 2  1  26 43 30 55 15 4  10 45 41 23 28 66 61 38 33 12 58 6  63 60 54 40 57 50 11 56 70 21 49 17 25 9  24 31 0  51 32 59 46 64
56 14 23 35 45 63 54 8  0  43 19 68 17 28 30 66 9  48 36 69 4  20 49 21 6  37 40 53 15 38 3  2  27 44 31 47 16 5  11 46 42 24 29 67 62 39 34 13 59 7  64 61 55 41 58 51 12 57 70 22 50 18 26 10 25 32 1  52 33 60 65
32 57 15 24 36 46 64 55 9  1  44 20 69 18 29 31 67 10 49 37 35 5  21 50 22 7  38 41 54 16 39 4  3  28 45 61 48 17 6  12 47 43 25 30 68 63 40 0  14 60 8  65 62 56 42 59 52 13 58 70 23 51 19 27 11 26 33 2  53 34 66
46 33 58 16 25 37 47 65 56 10 2  45 21 35 19 30 32 68 11 50 38 36 6  22 51 23 8  39 42 55 17 40 5  4  29 0  62 49 18 7  13 48 44 26 31 69 64 41 1  15 61 9  66 63 57 43 60 53 14 59 70 24 52 20 28 12 27 34 3  54 67
30 47 34 59 17 26 38 48 66 57 11 3  46 22 36 20 31 33 69 12 51 39 37 7  23 52 24 9  40 43 56 18 41 6  5  55 1  63 50 19 8  14 49 45 27 32 35 65 42 2  16 62 10 67 64 58 44 61 54 15 60 70 25 53 21 29 13 28 0  4  68
6  31 48 0  60 18 27 39 49 67 58 12 4  47 23 37 21 32 34 35 13 52 40 38 8  24 53 25 10 41 44 57 19 42 7  5  56 2  64 51 20 9  15 50 46 28 33 36 66 43 3  17 63 11 68 65 59 45 62 55 16 61 70 26 54 22 30 14 29 1  69
8  7  32 49 1  61 19 28 40 50 68 59 13 5  48 24 38 22 33 0  36 14 53 41 39 9  25 54 26 11 42 45 58 20 43 2  6  57 3  65 52 21 10 16 51 47 29 34 37 67 44 4  18 64 12 69 66 60 46 63 56 17 62 70 27 55 23 31 15 30 35
44 9  8  33 50 2  62 20 29 41 51 69 60 14 6  49 25 39 23 34 1  37 15 54 42 40 10 26 55 27 12 43 46 59 21 31 3  7  58 4  66 53 22 11 17 52 48 30 0  38 68 45 5  19 65 13 35 67 61 47 64 57 18 63 70 28 56 24 32 16 36
22 45 10 9  34 51 3  63 21 30 42 52 35 61 15 7  50 26 40 24 0  2  38 16 55 43 41 11 27 56 28 13 44 47 60 17 32 4  8  59 5  67 54 23 12 18 53 49 31 1  39 69 46 6  20 66 14 36 68 62 48 65 58 19 64 70 29 57 25 33 37
61 23 46 11 10 0  52 4  64 22 31 43 53 36 62 16 8  51 27 41 25 1  3  39 17 56 44 42 12 28 57 29 14 45 48 34 18 33 5  9  60 6  68 55 24 13 19 54 50 32 2  40 35 47 7  21 67 15 37 69 63 49 66 59 20 65 70 30 58 26 38
49 62 24 47 12 11 1  53 5  65 23 32 44 54 37 63 17 9  52 28 42 26 2  4  40 18 57 45 43 13 29 58 30 15 46 27 0  19 34 6  10 61 7  69 56 25 14 20 55 51 33 3  41 36 48 8  22 68 16 38 35 64 50 67 60 21 66 70 31 59 39
47 50 63 25 48 13 12 2  54 6  66 24 33 45 55 38 64 18 10 53 29 43 27 3  5  41 19 58 46 44 14 30 59 31 16 60 28 1  20 0  7  11 62 8  35 57 26 15 21 56 52 34 4  42 37 49 9  23 69 17 39 36 65 51 68 61 22 67 70 32 40
17 48 51 64 26 49 14 13 3  55 7  67 25 34 46 56 39 65 19 11 54 30 44 28 4  6  42 20 59 47 45 15 31 60 32 33 61 29 2  21 1  8  12 63 9  36 58 27 16 22 57 53 0  5  43 38 50 10 24 35 18 40 37 66 52 69 62 23 68 70 41
33 18 49 52 65 27 50 15 14 4  56 8  68 26 0  47 57 40 66 20 12 55 31 45 29 5  7  43 21 60 48 46 16 32 61 70 34 62 30 3  22 2  9  13 64 10 37 59 28 17 23 58 54 1  6  44 39 51 11 25 36 19 41 38 67 53 35 63 24 69 42
43 44 45 46 47 48 49 50 51 52 53 54 55 56 57 58 59 60 61 62 63 64 65 66 67 68 69 35 36 37 38 39 40 41 42 6  7  8  9  10 11 12 13 14 15 16 17 18 19 20 21 22 23 24 25 26 27 28 29 30 31 32 33 34 0  1  2  3  4  5  70
