36 34 2  7  13 17 5  22 12 4  29 32 3  30 38 18 1  19 40 33 6  37 35 11 20 31 15 28 25 39 21 16 10 9  0  27 23 42 41 8  24 26 14
0  35 6  25 16 4  21 11 41 28 31 2  29 37 17 40 18 39 32 5  36 34 10 19 30 14 27 24 38 20 15 9  8  1  26 22 42 3  7  23 33 12 13
35 25 37 3  27 14 18 6  23 13 5  30 33 41 31 39 19 0  20 1  34 7  38 36 12 21 32 16 29 26 40 22 17 11 10 2  28 24 42 4  9  8  15
26 10 36 38 9  28 15 19 7  24 14 6  31 34 4  32 40 20 2  21 0  35 8  39 37 13 22 33 17 30 27 1  23 18 12 11 3  29 25 42 5  41 16
7  42 12 28 40 5  11 30 17 21 9  26 16 8  33 36 6  34 0  22 41 23 3  37 10 1  39 15 24 35 19 32 29 2  25 20 14 13 4  31 27 38 18
42 28 8  13 39 1  6  12 31 18 22 10 27 17 9  34 37 7  35 2  23 4  24 41 38 11 0  40 16 25 36 20 33 30 3  26 21 15 14 5  32 29 19
29 33 42 9  30 40 0  7  13 32 19 23 11 28 18 10 35 38 8  36 3  24 5  25 4  39 12 2  1  17 26 37 21 34 31 41 27 22 16 15 6  14 20
34 7  30 42 15 31 1  2  8  14 33 20 24 12 29 19 11 36 39 9  37 41 25 6  26 5  40 13 3  0  18 27 38 22 35 32 4  28 23 17 16 10 21
8  17 35 31 11 16 32 0  3  9  15 34 21 25 13 30 20 12 37 40 10 38 4  26 7  27 6  1  14 41 2  19 28 39 23 36 33 5  29 24 18 42 22
18 19 9  36 42 12 17 33 2  41 10 16 35 22 26 14 31 21 13 38 1  11 39 5  27 8  28 7  0  15 4  3  20 29 40 24 37 34 6  30 25 32 23
20 26 19 10 33 42 13 18 34 3  4  11 17 36 23 27 15 32 22 14 39 0  12 40 6  28 9  29 8  2  16 5  41 21 30 1  25 38 35 7  31 37 24
27 32 21 20 38 34 42 14 19 35 41 5  12 18 37 24 28 16 33 23 15 40 2  13 1  7  29 10 30 9  3  17 6  4  22 31 0  26 39 36 8  11 25
33 9  28 22 12 39 35 42 15 20 36 4  6  13 19 38 25 29 17 34 24 16 1  3  14 0  8  30 11 31 10 41 18 7  5  23 32 2  27 40 37 21 26
10 38 34 29 22 13 40 36 42 16 21 37 5  7  14 20 39 26 30 18 35 25 17 0  41 15 2  9  31 12 32 11 4  19 8  6  24 33 3  28 1  23 27
39 0  11 35 24 23 14 1  37 42 17 22 38 6  8  15 21 40 27 31 19 36 26 18 2  4  16 3  10 32 13 33 12 5  20 9  7  25 34 41 29 30 28
2  30 40 12 31 25 24 15 0  38 42 18 23 39 7  9  16 22 1  28 32 20 37 27 19 3  5  17 41 11 33 14 34 13 6  21 10 8  26 35 4  36 29
31 5  3  1  37 32 26 25 16 2  39 42 19 24 40 8  10 17 23 0  29 33 21 38 28 20 41 6  18 4  12 34 15 35 14 7  22 11 9  27 36 13 30
6  37 32 41 14 38 33 27 26 17 3  40 42 20 25 1  9  11 18 24 2  30 34 22 39 29 21 4  7  19 5  13 35 16 36 15 8  23 12 10 28 0  31
38 29 7  33 2  15 39 34 28 27 18 41 1  42 21 26 0  10 12 19 25 3  31 35 23 40 30 22 5  8  20 6  14 36 17 37 16 9  24 13 11 4  32
30 12 39 8  5  3  16 40 35 29 28 19 4  0  42 22 27 2  11 13 20 26 41 32 36 24 1  31 23 6  9  21 7  15 37 18 38 17 10 25 14 34 33
13 15 31 40 35 6  41 17 1  36 30 29 20 5  2  42 23 28 3  12 14 21 27 4  33 37 25 0  32 24 7  10 22 8  16 38 19 39 18 11 26 9  34
16 27 14 32 10 36 7  4  18 0  37 31 30 21 6  3  42 24 29 41 13 15 22 28 5  34 38 26 2  33 25 8  11 23 9  17 39 20 40 19 12 1  35
28 13 17 15 0  11 37 8  5  19 2  38 32 31 22 7  41 42 25 30 4  14 16 23 29 6  35 39 27 3  34 26 9  12 24 10 18 40 21 1  20 33 36
14 21 29 18 34 2  12 38 9  6  20 3  39 33 32 23 8  4  42 26 31 5  15 17 24 30 7  36 40 28 41 35 27 10 13 25 11 19 1  22 0  16 37
22 2  15 30 17 35 3  13 39 10 7  21 41 40 34 33 24 9  5  42 27 32 6  16 18 25 31 8  37 1  29 4  36 28 11 14 26 12 20 0  23 19 38
3  24 23 16 20 18 36 41 14 40 11 8  22 4  1  35 34 25 10 6  42 28 33 7  17 19 26 32 9  38 0  30 5  37 29 12 15 27 13 21 2  31 39
25 3  41 24 32 21 19 37 4  15 1  12 9  23 5  0  36 35 26 11 7  42 29 34 8  18 20 27 33 10 39 2  31 6  38 30 13 16 28 14 22 17 40
41 23 26 4  18 33 22 20 38 5  16 0  13 10 24 6  2  37 36 27 12 8  42 30 35 9  19 21 28 34 11 40 3  32 7  39 31 14 17 29 15 25 1
24 16 4  27 26 19 34 23 21 39 6  17 2  14 11 25 7  3  38 37 28 13 9  42 31 36 10 20 22 29 35 12 1  41 33 8  40 32 15 18 30 5  0
17 31 25 5  6  27 20 35 24 22 40 7  18 3  15 12 26 8  41 39 38 29 14 10 42 32 37 11 21 23 30 36 13 0  4  34 9  1  33 16 19 28 2
32 20 18 26 29 7  28 21 36 25 23 1  8  19 41 16 13 27 9  4  40 39 30 15 11 42 33 38 12 22 24 31 37 14 2  5  35 10 0  34 17 6  3
21 18 33 19 7  30 8  29 22 37 26 24 0  9  20 4  17 14 28 10 5  1  40 31 16 12 42 34 39 13 23 25 32 38 15 3  6  36 11 2  35 27 41
19 36 22 34 28 8  31 9  30 23 38 27 25 2  10 21 5  18 15 29 11 6  0  1  32 17 13 42 35 40 14 24 26 33 39 16 41 7  37 12 3  20 4
37 41 20 23 21 29 9  32 10 31 24 39 28 26 3  11 22 6  19 16 30 12 7  2  0  33 18 14 42 36 1  15 25 27 34 40 17 4  8  38 13 35 5
4  14 38 21 36 22 30 10 33 11 32 25 40 29 27 41 12 23 7  20 17 31 13 8  3  2  34 19 15 42 37 0  16 26 28 35 1  18 5  9  39 24 6
15 40 5  39 25 37 23 31 11 34 12 33 26 1  30 28 4  13 24 8  21 18 32 14 9  41 3  35 20 16 42 38 2  17 27 29 36 0  19 6  10 22 7
1  11 16 6  23 26 38 24 32 12 35 13 34 27 0  31 29 5  14 25 9  22 19 33 15 10 4  41 36 21 17 42 39 3  18 28 30 37 2  20 7  40 8
12 8  0  17 1  24 27 39 25 33 13 36 14 35 28 2  32 30 6  15 26 10 23 20 34 16 11 5  4  37 22 18 42 40 41 19 29 31 38 3  21 7  9
9  22 13 2  8  0  25 28 40 26 34 14 37 15 36 29 3  33 31 7  16 27 11 24 21 35 17 12 6  5  38 23 19 42 1  4  20 30 32 39 41 18 10
23 4  10 14 19 9  2  26 29 1  27 35 15 38 16 37 30 41 34 32 8  17 28 12 25 22 36 18 13 7  6  39 24 20 42 0  5  21 31 33 40 3  11
5  1  24 11 41 20 10 3  27 30 0  28 36 16 39 17 38 31 4  35 33 9  18 29 13 26 23 37 19 14 8  7  40 25 21 42 2  6  22 32 34 15 12
11 6  27 37 4  10 29 16 20 8  25 15 7  32 35 5  33 1  21 3  22 2  36 9  40 38 14 23 34 18 31 28 0  24 19 13 12 41 30 26 42 39 17
40 39 1  0  3  41 4  5  6  7  8  9  10 11 12 13 14 15 16 17 18 19 20 21 22 23 24 25 26 27 28 29 30 31 32 33 34 35 36 37 38 2  42
