28 30 35 5  13 19 36 23 3  2  6  15 4  33 29 32 38 1  8  25 11 31 18 20 17 27 21 7  39 16 0  10 22 34 42 14 9  26 37 12 24 41 40
0  27 29 34 6  40 18 35 22 4  3  7  14 5  31 37 2  9  24 12 30 17 19 16 26 20 8  38 15 1  11 21 33 42 41 10 25 36 13 23 32 28 39
27 1  26 28 33 7  39 17 34 21 5  4  8  41 36 3  10 23 13 29 16 18 15 25 19 9  37 14 2  12 20 32 42 0  11 24 35 40 22 31 6  30 38
29 26 2  25 27 32 8  38 16 33 20 6  5  9  4  11 22 40 28 15 17 14 24 18 10 36 41 3  13 19 31 42 1  12 23 34 39 21 30 7  0  35 37
34 28 25 3  24 26 31 9  37 15 32 19 7  6  12 21 39 27 14 16 41 23 17 11 35 0  4  40 18 30 42 2  13 22 33 38 20 29 8  1  10 5  36
6  33 27 24 4  23 25 30 10 36 14 31 18 8  20 38 26 41 15 0  22 16 12 34 1  5  39 17 29 42 3  40 21 32 37 19 28 9  2  11 7  13 35
40 7  32 26 23 5  22 24 29 11 35 41 30 17 37 25 0  14 1  21 15 13 33 2  6  38 16 28 42 4  39 20 31 36 18 27 10 3  12 8  9  19 34
18 39 8  31 25 22 6  21 23 28 12 34 0  29 24 1  41 2  20 14 40 32 3  7  37 15 27 42 5  38 19 30 35 17 26 11 4  13 9  10 16 36 33
35 17 38 9  30 24 21 7  20 22 27 13 33 1  2  0  3  19 41 39 31 4  8  36 14 26 42 6  37 18 29 34 16 25 12 5  40 10 11 15 28 23 32
22 34 16 37 10 29 23 20 8  19 21 26 40 32 1  4  18 0  38 30 5  9  35 41 25 42 7  36 17 28 33 15 24 13 6  39 11 12 14 27 2  3  31
4  21 33 15 36 11 28 22 19 9  18 20 25 39 5  17 1  37 29 6  10 34 0  24 42 8  35 16 27 32 14 23 40 7  38 12 13 41 26 3  31 2  30
3  5  20 32 14 35 12 27 21 18 10 17 19 24 16 2  36 28 7  11 33 1  23 42 9  34 15 26 31 41 22 39 8  37 13 40 0  25 4  30 38 6  29
7  4  6  19 31 41 34 13 26 20 17 11 16 18 3  35 27 8  12 32 2  22 42 10 33 14 25 30 0  21 38 9  36 40 39 1  24 5  29 37 23 15 28
14 8  5  7  18 30 0  33 40 25 19 16 12 15 34 26 9  13 31 3  21 42 11 32 41 24 29 1  20 37 10 35 39 38 2  23 6  28 36 22 17 4  27
37 3  11 21 38 25 1  0  4  17 2  35 26 10 30 15 31 34 40 41 6  27 9  33 20 22 19 29 23 5  13 18 14 8  24 36 42 16 7  28 39 32 12
2  10 22 39 26 0  41 3  18 1  36 27 9  40 33 31 16 32 35 13 14 5  28 8  34 21 23 20 30 24 4  12 19 15 7  25 37 42 17 6  29 38 11
9  23 40 27 41 14 2  19 0  37 28 8  13 30 39 34 32 17 33 36 12 15 4  29 7  35 22 24 21 31 25 3  11 20 16 6  26 38 42 18 5  1  10
24 13 28 14 15 1  20 41 38 29 7  12 31 4  0  40 35 33 18 34 37 11 16 3  30 6  36 23 25 22 32 26 2  10 21 17 5  27 39 42 19 8  9
12 29 15 16 0  21 14 39 30 6  11 32 3  20 7  41 13 36 34 19 35 38 10 17 2  31 5  37 24 26 23 33 27 1  9  22 18 4  28 40 42 25 8
30 16 17 41 22 15 40 31 5  10 33 2  21 42 26 6  14 12 37 35 20 36 39 9  18 1  32 4  38 25 27 24 34 28 0  8  23 19 3  29 13 11 7
17 18 14 23 16 13 32 4  9  34 1  22 42 12 10 27 5  15 11 38 36 21 37 40 8  19 0  33 3  39 26 28 25 35 29 41 7  24 20 2  30 31 6
19 15 24 17 12 33 3  8  35 0  23 42 11 31 32 9  28 4  16 10 39 37 22 38 13 7  20 41 34 2  40 27 29 26 36 30 14 6  25 21 1  18 5
16 25 18 11 34 2  7  36 41 24 42 10 32 0  19 33 8  29 3  17 9  40 38 23 39 12 6  21 14 35 1  13 28 30 27 37 31 15 5  26 22 20 4
26 19 10 35 1  6  37 14 25 42 9  33 41 23 21 20 34 7  30 2  18 8  13 39 24 40 11 5  22 15 36 0  12 29 31 28 38 32 16 4  27 17 3
20 9  36 0  5  38 15 26 42 8  34 14 24 28 18 22 21 35 6  31 1  19 7  12 40 25 13 10 4  23 16 37 41 11 30 32 29 39 33 17 3  27 2
8  37 41 4  39 16 27 42 7  35 15 25 29 2  28 19 23 22 36 5  32 0  20 6  11 13 26 12 9  3  24 17 38 14 10 31 33 30 40 34 18 21 1
38 14 3  40 17 28 42 6  36 16 26 30 1  19 22 29 20 24 23 37 4  33 41 21 5  10 12 27 11 8  2  25 18 39 15 9  32 34 31 13 35 7  0
15 2  13 18 29 42 5  37 17 27 31 0  20 36 6  23 30 21 25 24 38 3  34 14 22 4  9  11 28 10 7  1  26 19 40 16 8  33 35 32 12 39 41
1  12 19 30 42 4  38 18 28 32 41 21 37 11 40 5  24 31 22 26 25 39 2  35 15 23 3  8  10 29 9  6  0  27 20 13 17 7  34 36 33 16 14
11 20 31 42 3  39 19 29 33 14 22 38 10 34 17 13 4  25 32 23 27 26 40 1  36 16 24 2  7  9  30 8  5  41 28 21 12 18 6  35 37 0  15
21 32 42 2  40 20 30 34 15 23 39 9  35 38 41 18 12 3  26 33 24 28 27 13 0  37 17 25 1  6  8  31 7  4  14 29 22 11 19 5  36 10 16
33 42 1  13 21 31 35 16 24 40 8  36 39 37 9  14 19 11 2  27 34 25 29 28 12 41 38 18 26 0  5  7  32 6  3  15 30 23 10 20 4  22 17
42 0  12 22 32 36 17 25 13 7  37 40 38 3  23 8  15 20 10 1  28 35 26 30 29 11 14 39 19 27 41 4  6  33 5  2  16 31 24 9  21 34 18
41 11 23 33 37 18 26 12 6  38 13 39 2  22 35 24 7  16 21 9  0  29 36 27 31 30 10 15 40 20 28 14 3  5  34 4  1  17 32 25 8  42 19
10 24 34 38 19 27 11 5  39 12 40 1  23 7  42 36 25 6  17 22 8  41 30 37 28 32 31 9  16 13 21 29 15 2  4  35 3  0  18 33 26 14 20
25 35 39 20 28 10 4  40 11 13 0  24 6  27 15 42 37 26 5  18 23 7  14 31 38 29 33 32 8  17 12 22 30 16 1  3  36 2  41 19 34 9  21
36 40 21 29 9  3  13 10 12 41 25 5  28 35 8  16 42 38 27 4  19 24 6  15 32 39 30 34 33 7  18 11 23 31 17 0  2  37 1  14 20 26 22
13 22 30 8  2  12 9  11 14 26 4  29 36 21 27 7  17 42 39 28 3  20 25 5  16 33 40 31 35 34 6  19 10 24 32 18 41 1  38 0  15 37 23
23 31 7  1  11 8  10 15 27 3  30 37 22 16 38 28 6  18 42 40 29 2  21 26 4  17 34 13 32 36 35 5  20 9  25 33 19 14 0  39 41 12 24
32 6  0  10 7  9  16 28 2  31 38 23 17 14 11 39 29 5  19 42 13 30 1  22 27 3  18 35 12 33 37 36 4  21 8  26 34 20 15 41 40 24 25
5  41 9  6  8  17 29 1  32 39 24 18 15 13 25 10 40 30 4  20 42 12 31 0  23 28 2  19 36 11 34 38 37 3  22 7  27 35 21 16 14 33 26
31 36 4  12 20 37 24 2  1  5  16 3  34 25 14 30 33 39 0  7  26 10 32 19 21 18 28 22 6  40 17 41 9  23 35 42 15 8  27 38 11 29 13
39 38 37 36 35 34 33 32 31 30 29 28 27 26 13 12 11 10 9  8  7  6  5  4  3  2  1  0  41 14 15 16 17 18 19 20 21 22 23 24 25 40 42
