00 03 75 01 18 49 62 74 46 12 70 37 22 73 31 27 69 21 04 54 47 17 35 61 33 57 68 15 09 67 56 14 64 24 52 28 53 11 19 66 59 25 65 50 38 63 08 20 60 05 43 44 34 36 51 72 30 06 71 40 48 23 41 45 32 42 39 29 26 16 10 58 55 13 07 02 
75 01 03 02 42 50 64 14 56 63 33 32 70 46 07 40 59 58 08 66 39 53 67 52 15 65 36 48 60 49 45 34 11 10 47 69 26 31 61 20 05 72 04 55 73 30 13 62 27 29 24 74 23 18 68 43 21 71 17 16 28 38 37 09 06 25 19 22 54 35 12 57 41 44 51 00 
01 00 02 75 67 41 21 62 25 18 13 63 40 23 69 22 55 65 09 50 60 06 15 32 57 08 58 74 56 10 64 35 29 73 54 31 71 44 47 16 12 05 26 68 37 39 72 38 45 66 19 53 70 51 34 48 28 24 07 61 20 59 42 11 30 17 49 04 43 14 52 36 46 33 27 03 
02 75 00 03 46 65 42 51 72 58 12 14 10 25 52 66 35 36 68 26 62 69 29 38 74 13 19 59 45 22 17 64 44 27 70 16 04 73 23 54 71 55 06 33 32 28 30 60 57 43 61 07 20 67 39 41 63 48 09 49 47 50 11 56 31 05 15 53 18 21 34 40 08 37 24 01 
45 71 54 59 04 75 07 06 74 13 44 27 39 09 49 72 51 43 63 55 17 70 48 25 68 23 38 03 32 35 62 69 28 14 67 29 46 60 26 12 64 58 57 30 10 00 33 61 22 36 66 16 11 73 02 19 65 42 41 52 37 47 20 18 40 56 50 34 24 31 21 01 15 53 08 05 
70 47 59 16 07 05 75 04 15 66 49 39 63 30 58 37 03 23 21 64 42 34 74 17 56 67 33 55 69 46 13 53 36 26 01 65 32 24 71 11 50 61 20 48 72 52 29 18 43 10 31 60 45 62 73 27 08 68 14 02 51 41 40 12 19 35 09 25 57 28 00 38 44 54 22 06 
44 49 73 15 05 04 06 75 27 25 72 56 09 69 34 03 63 50 46 41 40 33 51 67 52 19 60 08 22 64 53 43 68 21 14 38 47 59 57 71 20 12 66 31 28 61 18 36 70 01 17 00 24 30 35 65 11 62 74 37 26 45 54 16 29 55 42 23 32 13 48 39 10 02 58 07 
47 19 45 64 75 06 05 07 54 56 26 70 24 10 66 35 42 69 57 01 74 44 40 48 12 37 16 73 50 23 61 51 39 63 38 15 65 25 34 58 22 53 13 67 21 29 60 00 02 72 28 31 68 41 08 32 09 18 62 71 46 30 55 33 03 36 14 43 52 17 11 59 49 27 20 04 
66 05 20 48 29 47 63 30 08 75 11 10 64 17 55 34 27 13 56 70 02 37 69 59 21 60 52 16 67 04 07 40 43 42 50 74 45 62 73 46 01 68 33 32 71 36 39 31 03 58 18 65 26 24 61 14 15 72 49 23 25 54 53 06 12 51 00 28 41 22 19 44 57 38 35 09 
06 20 64 50 24 36 44 67 11 09 75 08 25 68 53 59 60 37 30 38 01 49 19 72 04 51 71 31 12 65 18 27 66 40 46 41 05 17 35 63 33 22 69 56 54 70 34 52 74 21 03 62 47 14 57 73 43 00 61 15 16 58 28 39 02 29 32 07 13 42 45 26 23 55 48 10 
05 22 07 60 64 00 24 45 09 08 10 75 47 26 63 25 39 73 41 21 71 19 01 16 06 15 48 61 37 13 68 54 42 67 57 50 69 28 53 32 44 18 23 65 40 55 74 12 62 70 35 56 72 38 31 58 51 34 02 66 03 27 29 14 04 43 59 33 30 36 49 20 52 17 46 11 
42 72 38 30 49 67 26 28 75 10 09 11 29 22 04 71 44 62 69 45 36 61 13 57 73 39 06 33 07 12 43 66 41 20 74 58 52 65 02 25 68 32 00 59 16 19 03 63 54 17 70 55 27 64 48 51 60 23 35 46 56 21 14 47 53 37 31 05 40 18 50 15 01 24 34 08 
62 43 74 47 56 17 00 71 52 22 60 21 12 75 15 14 73 05 33 28 34 11 57 63 59 35 64 40 25 61 50 36 67 18 20 54 31 46 51 65 27 09 72 01 41 69 37 03 68 53 30 06 08 49 19 70 04 44 66 24 10 29 38 23 26 39 58 32 48 45 55 07 42 16 02 13 
50 38 62 70 68 51 37 02 44 24 23 66 15 13 75 12 29 71 28 56 72 41 31 58 09 34 32 67 18 26 60 22 55 64 25 53 63 06 01 48 57 21 10 73 08 42 61 54 07 74 00 05 65 35 47 16 19 40 45 69 30 46 39 36 33 52 11 27 04 59 03 17 20 43 49 14 
26 66 57 17 20 72 45 19 67 29 35 52 13 12 14 75 41 33 60 07 59 74 39 54 69 48 00 62 55 09 03 68 51 49 61 10 11 64 42 22 73 16 38 36 58 06 43 71 25 30 63 32 46 65 23 28 70 02 44 27 18 34 04 50 37 53 01 08 31 24 56 47 05 40 21 15 
64 31 17 42 26 18 66 46 37 70 36 48 75 14 13 15 49 02 53 63 58 08 65 43 40 69 04 32 74 52 39 21 27 55 24 60 10 01 72 30 62 73 03 23 68 59 07 05 11 16 47 67 29 50 71 33 34 61 20 45 35 57 56 19 00 22 06 51 44 25 09 54 38 41 28 12 
56 54 13 65 70 35 08 23 06 40 02 74 31 62 64 57 16 75 19 18 66 51 53 39 28 47 42 63 24 07 69 12 48 60 44 05 73 41 50 55 09 37 45 72 34 32 71 25 26 61 38 21 67 22 01 29 00 15 10 68 33 49 58 27 14 03 20 52 59 30 04 46 43 36 11 17 
55 60 22 33 52 63 32 38 71 48 51 20 23 44 46 65 19 17 75 16 43 72 02 12 64 42 54 30 58 41 36 67 06 11 69 39 49 74 07 35 66 29 25 03 13 57 59 70 09 62 68 10 14 61 26 00 73 45 28 04 01 53 27 05 24 15 40 31 50 34 47 08 21 56 37 18 
63 40 30 23 45 53 70 27 24 64 20 55 66 52 39 01 17 16 18 75 10 50 60 03 31 74 43 07 65 36 02 05 59 58 37 67 29 15 68 14 34 71 49 26 61 04 48 21 46 42 56 69 13 08 72 11 62 73 33 32 22 44 47 00 09 28 12 35 38 51 06 41 54 57 25 19 
12 14 71 53 37 43 22 66 33 00 68 24 62 74 01 52 75 18 17 19 31 30 38 69 11 41 67 47 06 63 21 20 61 08 59 51 50 04 54 72 46 44 70 05 35 73 40 27 64 56 36 25 15 03 28 60 49 09 65 34 55 32 57 29 48 58 07 26 10 23 42 02 39 45 13 16 
07 63 25 04 59 73 55 00 60 39 41 43 48 35 30 67 28 27 71 32 20 75 23 22 66 02 57 46 16 44 11 61 19 36 68 13 03 70 45 09 65 10 54 49 29 38 52 74 12 14 69 58 62 72 42 06 64 26 51 33 08 31 17 01 56 40 24 15 34 50 37 18 53 05 47 21 
72 24 33 39 16 62 73 36 40 71 30 29 61 27 42 56 04 55 34 68 23 21 75 20 37 64 49 13 63 11 10 08 52 02 31 66 07 47 74 03 18 67 14 45 65 43 58 50 59 26 01 70 32 05 69 17 53 60 46 48 57 12 15 28 25 44 35 41 19 54 51 09 00 06 38 22 
41 33 65 37 47 52 38 72 43 57 67 31 35 66 18 17 71 15 14 44 21 20 22 75 36 12 63 56 51 73 34 11 69 01 30 06 24 03 25 60 49 19 68 08 62 74 53 04 61 40 59 54 05 46 09 64 27 28 70 50 39 48 00 26 55 02 13 10 42 32 58 16 07 29 45 23 
24 44 42 68 66 12 47 39 51 31 58 64 05 32 70 28 45 63 38 40 75 22 21 23 00 50 13 72 15 48 71 09 07 61 41 37 67 35 18 26 19 34 16 74 01 62 69 06 55 60 25 08 73 57 56 10 54 53 29 65 49 33 02 17 11 59 04 36 03 46 14 30 27 52 43 20 
61 37 14 55 13 34 72 59 31 68 52 45 71 04 02 47 20 39 62 73 16 05 70 33 24 75 27 26 66 43 48 50 49 23 40 64 58 56 60 17 53 74 46 29 67 11 42 08 30 32 15 63 10 21 65 03 18 69 36 07 38 00 01 51 35 54 28 44 09 57 22 12 06 19 41 25 
54 30 60 34 50 11 28 68 20 19 69 05 51 70 40 36 72 53 59 00 08 46 09 66 27 25 75 24 35 71 01 49 74 56 03 62 15 52 12 67 14 57 61 47 06 65 21 43 73 31 04 41 37 17 22 63 33 38 64 18 02 42 44 55 58 45 23 39 07 10 13 29 16 48 32 26 
31 51 55 67 72 28 56 29 12 21 16 60 08 48 68 38 02 66 44 53 70 09 34 10 25 24 26 75 05 32 63 00 62 69 22 47 74 57 15 13 54 50 58 61 18 07 65 35 42 71 41 01 64 19 40 23 06 37 39 73 11 43 45 30 52 46 17 03 14 33 20 49 04 59 36 27 
32 69 12 14 36 71 16 57 63 23 28 03 02 41 17 64 06 46 73 58 49 67 42 09 75 26 25 27 10 51 52 72 00 59 66 48 43 61 55 44 74 13 22 20 39 54 11 65 35 04 60 29 33 70 45 38 68 07 19 62 50 37 30 08 15 47 34 21 56 01 53 05 31 18 40 24 
57 17 72 40 53 33 35 70 14 41 61 50 38 65 08 43 66 01 52 25 24 59 62 74 20 00 69 37 28 75 31 30 73 05 36 09 34 27 44 68 03 54 64 15 22 71 56 49 63 47 11 19 18 04 06 67 46 51 60 21 58 10 12 48 42 13 16 55 39 26 07 45 02 32 23 29 
40 06 58 73 74 57 01 32 35 53 42 61 21 39 65 19 26 70 54 15 69 12 37 62 38 56 02 66 31 29 75 28 10 71 51 08 72 22 24 45 00 47 55 60 50 23 68 41 16 64 44 34 63 09 18 07 25 05 48 67 43 11 13 52 49 14 27 59 46 20 17 33 36 03 04 30 
16 65 09 43 27 60 58 54 61 02 19 04 42 51 11 73 00 59 64 10 33 68 26 35 67 45 22 36 29 28 30 75 38 46 63 23 14 71 32 41 70 39 12 62 48 25 17 66 44 03 72 13 49 74 07 57 69 55 06 20 05 08 52 34 18 01 47 24 21 56 40 37 50 15 53 31 
68 21 52 07 58 56 71 03 50 72 46 13 73 11 26 62 36 45 47 61 32 24 66 27 05 63 14 23 75 30 29 31 20 48 08 70 16 34 65 43 15 69 59 39 60 17 10 40 33 55 53 64 02 37 74 49 01 67 04 42 44 19 18 25 51 38 22 57 00 41 35 06 09 12 54 28 
15 41 26 63 73 09 50 10 22 05 45 72 37 07 71 00 58 68 25 31 61 57 08 29 54 18 55 64 53 62 70 19 32 75 35 34 66 12 40 42 38 01 02 69 56 48 67 51 13 65 06 47 60 28 24 39 44 21 23 74 52 20 16 03 27 49 36 46 17 43 30 14 11 04 59 33 
23 67 06 11 62 69 02 41 70 16 22 30 58 54 43 68 09 49 66 42 46 73 10 00 61 29 28 20 26 25 04 65 35 33 75 32 17 72 48 57 60 07 19 27 55 51 14 64 38 52 74 45 59 63 13 44 71 39 12 36 40 24 03 53 47 31 18 01 15 05 08 56 37 21 50 34 
71 53 04 13 02 40 61 17 62 73 43 16 68 03 45 50 11 07 31 72 48 01 63 49 18 70 30 29 64 27 26 47 33 32 34 75 42 08 69 59 37 60 36 10 74 14 55 56 20 23 21 66 58 15 67 46 24 65 52 39 41 06 05 22 28 57 51 54 12 38 25 00 19 09 44 35 
25 27 70 05 08 03 09 60 04 44 63 40 06 72 50 46 65 24 49 57 53 43 28 71 17 54 73 01 62 74 37 52 75 34 33 35 56 30 41 64 11 00 67 21 51 66 15 59 69 18 14 12 31 20 38 61 36 22 68 47 07 55 19 10 39 16 45 42 58 48 02 23 13 26 29 32 
48 74 19 27 43 66 23 44 68 32 25 59 16 57 62 69 12 04 72 02 52 65 58 06 70 10 51 14 42 54 49 73 09 03 64 55 36 75 39 38 63 45 28 11 07 41 20 67 00 46 71 26 30 60 29 35 61 13 22 17 53 56 33 40 34 21 05 47 08 15 24 50 18 31 01 37 
65 56 49 29 55 21 69 52 01 74 27 42 67 59 16 24 14 48 05 60 26 62 73 30 47 68 20 10 61 03 23 18 46 45 15 71 39 37 75 36 08 64 11 58 66 33 32 53 17 02 40 72 07 34 63 04 50 70 43 13 19 28 31 54 41 00 44 12 25 06 57 35 51 22 09 38 
09 46 63 18 15 27 25 69 49 06 66 47 44 61 21 04 67 34 03 35 56 14 54 68 43 28 72 05 00 60 40 33 70 31 17 57 37 36 38 75 30 62 74 24 19 64 01 11 65 08 52 22 50 59 41 71 20 12 73 53 29 13 51 02 45 48 10 16 23 07 32 55 26 58 42 39 
08 09 10 69 65 25 31 26 00 01 07 67 56 45 60 41 32 64 22 34 63 54 18 55 35 05 29 70 47 02 73 06 58 74 19 24 75 38 37 39 51 15 62 71 53 16 66 28 23 68 57 40 61 44 21 42 12 50 13 72 14 52 48 20 17 04 46 11 49 03 27 43 59 30 33 36 
67 34 27 45 10 37 65 49 18 60 04 58 74 36 48 05 33 26 24 69 55 47 72 46 62 73 17 02 71 59 32 01 30 16 53 68 13 21 70 52 40 75 43 42 64 03 23 15 14 07 08 61 39 56 66 20 31 63 11 29 09 51 50 57 44 06 54 00 35 19 38 28 22 25 12 41 
19 11 61 24 31 59 51 63 36 54 71 01 28 67 37 30 64 47 20 12 18 27 06 60 03 44 65 21 38 70 15 04 72 53 49 22 08 14 00 73 43 41 75 40 09 68 50 17 66 34 46 57 56 33 62 74 52 35 69 05 23 02 25 07 16 26 48 13 45 58 29 10 32 39 55 42 
37 57 16 66 71 54 15 48 19 47 55 65 50 29 74 06 13 61 35 08 73 38 56 07 51 53 45 68 34 39 72 44 23 70 28 18 64 00 21 02 41 40 42 75 31 10 63 09 58 67 12 24 69 25 05 62 22 01 32 60 59 17 26 46 36 11 03 49 27 52 33 04 30 20 14 43 
13 70 51 62 11 64 39 09 69 07 57 49 55 00 27 74 25 30 61 48 03 66 32 28 60 16 44 17 23 38 59 71 22 52 65 45 20 63 29 06 75 42 41 43 26 35 36 72 19 33 73 02 04 68 58 12 67 10 54 14 24 18 46 37 05 34 21 56 53 08 01 31 47 50 15 40 
28 52 66 56 40 14 54 65 17 51 64 34 19 71 05 33 74 08 43 62 50 36 25 73 30 09 61 53 57 69 24 59 63 15 11 00 21 49 22 70 04 35 60 18 44 75 47 46 67 37 20 38 01 27 12 68 03 41 72 31 42 26 06 32 10 07 02 48 55 29 39 13 58 23 16 45 
18 25 29 71 63 22 34 55 41 15 48 73 53 16 61 09 62 67 00 24 64 35 05 26 19 01 10 60 40 58 65 57 02 72 06 21 68 51 56 23 28 08 32 66 47 45 75 44 39 69 54 37 74 12 50 13 38 31 42 70 27 14 07 04 20 30 43 17 36 49 59 03 33 11 52 46 
39 61 28 49 30 68 48 35 66 55 54 62 32 38 59 60 22 11 70 23 14 64 16 19 63 58 41 52 02 57 27 74 12 17 73 07 33 67 13 00 69 26 51 04 45 44 46 75 06 20 65 42 43 71 10 09 72 29 25 03 15 01 36 24 21 50 08 37 05 40 18 53 56 34 31 47 
74 18 11 10 48 31 67 20 34 69 03 02 60 33 32 08 43 29 40 65 07 15 61 36 53 72 59 58 68 17 55 56 14 13 62 73 23 50 63 49 24 70 52 16 75 46 45 47 04 39 05 71 42 01 64 30 37 66 27 26 12 22 21 38 54 19 57 06 28 09 41 51 25 35 00 44 
53 35 32 72 61 19 18 58 57 37 39 71 34 42 73 54 10 74 06 05 68 28 47 02 44 40 62 69 21 55 67 38 26 65 12 01 60 09 31 07 25 56 29 64 24 13 70 22 48 75 51 50 66 00 15 45 41 08 16 63 36 04 23 59 43 33 52 30 20 27 46 11 03 14 17 49 
10 64 44 20 17 70 29 22 73 26 00 33 45 19 36 61 57 52 67 13 04 71 07 41 65 55 09 11 39 06 46 63 54 30 60 42 62 66 58 28 72 23 35 14 02 12 27 68 51 49 75 48 03 69 32 25 74 16 38 43 34 15 59 31 01 24 37 18 47 53 05 21 40 08 56 50 
73 62 36 58 23 24 68 11 53 61 14 07 72 43 10 21 52 32 37 71 29 56 64 04 34 66 46 45 70 20 42 15 17 39 18 63 02 05 67 33 31 65 30 13 69 27 26 01 49 48 50 75 16 47 60 59 40 74 03 55 54 09 08 35 22 41 25 38 06 44 28 19 12 00 57 51 
35 36 68 31 21 30 57 64 59 38 73 18 41 60 47 20 70 56 11 09 15 04 00 65 46 62 74 34 54 66 05 03 71 37 27 25 01 33 06 61 52 28 63 53 12 72 24 14 75 50 49 51 40 43 44 69 17 19 67 08 13 39 22 42 07 23 29 58 02 55 16 32 45 10 26 48 
58 73 35 36 14 74 10 25 64 42 06 46 26 28 20 63 38 03 65 29 30 60 45 44 72 07 12 43 13 19 33 70 57 04 71 02 27 68 16 51 61 48 09 17 23 22 62 69 41 59 67 39 52 75 55 54 66 32 00 11 21 40 49 15 08 18 56 50 37 47 31 34 24 01 05 53 
60 15 43 26 32 08 74 33 47 65 59 23 69 20 29 31 46 42 50 67 13 18 71 11 01 61 03 39 73 14 58 62 04 07 56 72 48 40 66 27 21 63 17 02 70 49 16 34 36 45 37 68 55 53 75 52 05 64 30 10 00 25 24 41 57 09 38 19 51 12 44 22 35 28 06 54 
22 59 67 21 34 20 12 61 30 62 74 15 00 64 56 11 68 40 36 51 05 03 41 70 49 38 66 50 44 72 08 46 65 47 04 19 18 43 28 69 17 06 73 37 57 60 31 33 71 24 27 09 53 52 54 75 14 25 63 01 45 07 35 58 13 32 26 02 16 39 23 48 29 42 10 55 
21 12 23 74 60 38 40 13 28 34 62 69 01 02 67 44 48 72 51 37 65 00 50 42 41 31 39 71 08 45 66 25 16 68 09 56 61 19 05 29 06 24 07 70 15 58 73 57 10 63 22 18 75 54 53 55 35 47 26 64 04 36 32 49 59 20 30 14 33 11 43 27 17 46 03 52 
69 50 46 32 39 01 60 43 21 67 17 26 65 49 23 53 30 10 15 74 45 40 68 14 08 71 11 42 72 33 16 37 03 29 05 61 55 18 64 04 47 66 27 07 63 20 02 24 52 13 62 73 48 31 70 36 56 75 59 58 06 35 34 44 38 12 41 09 22 00 54 25 28 51 19 57 
51 04 69 08 01 46 19 73 03 28 65 53 54 63 24 49 61 31 27 22 37 52 44 64 14 06 70 18 41 68 47 17 60 50 43 12 40 20 62 74 36 38 71 34 25 67 05 30 72 15 33 35 21 11 00 66 59 57 75 56 32 16 09 13 23 10 55 45 29 02 26 42 48 07 39 58 
34 28 48 61 69 44 53 16 38 50 29 68 18 55 72 51 23 60 12 47 67 25 24 45 22 21 07 65 01 42 74 41 13 66 00 40 70 54 08 62 35 31 39 63 05 26 64 19 32 73 09 15 71 06 37 02 57 56 58 75 17 03 10 43 46 27 33 20 11 04 36 52 14 49 30 59 
29 68 41 52 33 61 13 12 65 45 38 17 07 06 03 70 54 20 74 39 27 63 55 51 71 32 35 49 48 00 14 60 25 62 72 26 30 69 10 19 67 02 44 46 42 09 04 73 28 11 64 23 36 66 16 22 75 58 57 59 31 05 43 21 50 08 53 40 01 37 15 24 34 47 18 56 
36 58 08 12 19 13 11 15 02 33 47 06 03 05 22 07 40 28 39 04 25 32 14 34 29 20 56 54 17 24 51 42 21 09 23 46 00 55 43 18 16 49 31 38 59 50 35 10 53 41 45 30 57 48 27 37 26 52 01 44 60 75 61 73 68 67 74 72 62 70 66 69 63 65 71 64 
33 13 05 09 22 02 14 08 07 03 37 12 11 01 06 16 15 25 26 20 19 29 04 24 23 17 18 28 27 21 54 32 31 00 45 36 35 10 46 40 39 59 53 44 43 34 38 48 47 57 58 52 51 42 30 56 55 49 50 41 72 61 75 62 74 69 68 60 73 63 71 67 70 64 66 65 
38 08 39 46 03 15 41 42 05 35 32 36 57 58 33 18 07 14 01 06 11 31 12 13 50 22 23 04 19 16 20 24 45 43 21 44 59 53 09 10 56 51 48 52 00 02 49 37 29 27 34 28 17 40 25 26 47 54 55 30 67 73 62 75 63 60 70 69 61 74 64 72 68 71 65 66 
04 39 47 44 00 23 27 53 16 20 50 38 17 40 35 29 08 12 45 52 09 48 30 05 42 49 34 06 59 15 22 55 56 41 26 14 57 58 11 01 13 33 24 54 03 18 51 02 21 25 10 46 19 07 43 31 32 36 37 28 66 68 74 63 75 64 61 71 70 62 60 65 73 69 72 67 
27 29 18 51 44 48 49 31 26 30 40 57 52 47 41 32 37 35 02 43 38 58 59 53 39 46 08 00 36 01 09 07 15 54 42 17 28 16 20 24 10 14 34 19 04 56 25 13 05 06 55 03 12 23 33 50 45 11 21 22 73 67 69 60 64 75 65 62 72 71 63 61 66 74 70 68 
11 45 15 35 12 16 20 21 23 14 34 00 04 18 09 02 05 22 13 27 06 07 17 08 32 30 50 19 52 53 25 48 24 38 10 03 44 42 33 56 55 46 37 57 36 01 41 58 31 54 26 59 28 29 49 40 39 43 47 51 71 74 68 70 61 65 75 66 63 73 72 64 62 67 60 69 
46 07 37 06 25 32 03 01 39 36 53 22 33 31 19 42 24 54 58 14 28 45 11 50 16 04 40 51 20 34 57 13 05 12 29 43 09 02 59 08 26 52 15 35 49 21 00 55 56 44 23 27 41 10 17 47 48 30 18 38 61 72 60 69 71 62 66 75 67 64 74 73 65 63 68 70 
59 10 34 19 54 39 36 56 55 43 01 25 46 21 28 58 50 57 42 03 51 13 33 47 48 11 53 41 14 40 44 45 37 22 02 49 06 32 52 05 29 27 18 09 30 31 12 23 24 35 16 20 38 26 04 08 07 17 15 00 69 62 73 61 70 72 63 67 75 68 65 60 74 66 64 71 
14 16 53 38 09 29 17 37 45 04 21 35 20 24 00 55 01 06 23 30 12 10 27 18 13 52 31 22 49 05 19 26 50 44 48 11 41 07 03 47 58 36 56 51 33 08 57 39 34 28 32 43 25 02 59 15 42 46 40 54 65 70 63 74 62 71 73 64 68 75 69 66 61 60 67 72 
30 48 24 54 41 26 59 34 32 52 15 51 49 37 57 10 56 38 55 46 44 39 43 40 02 36 05 35 33 50 00 58 08 28 07 27 25 13 17 21 23 04 47 22 20 53 19 42 01 12 29 11 09 45 03 18 16 14 31 06 68 66 71 64 60 63 72 74 65 69 75 70 67 62 61 73 
49 55 31 25 51 10 46 50 42 59 05 28 43 34 54 45 21 41 48 33 57 16 36 56 58 03 37 44 11 47 38 02 40 19 13 52 22 26 30 53 32 17 08 12 27 15 06 29 18 00 07 04 35 39 14 01 23 20 24 09 62 69 67 72 65 61 64 73 60 66 70 75 71 68 63 74 
52 42 50 28 57 55 43 24 13 49 18 54 59 08 51 48 53 44 10 36 41 26 46 37 07 33 21 38 03 56 35 39 47 25 58 30 19 23 27 31 45 20 01 06 17 40 22 32 15 09 02 14 00 16 11 05 29 04 34 12 64 63 70 68 73 66 62 65 74 61 67 71 75 72 69 60 
17 32 56 57 38 58 52 40 48 27 24 41 30 53 44 26 47 00 29 59 35 55 49 31 10 43 15 09 46 18 12 23 01 51 39 20 54 45 04 34 07 11 50 25 14 37 28 16 08 22 42 33 06 13 36 21 02 03 05 19 70 65 64 71 69 74 67 63 66 60 62 68 72 75 73 61 
43 23 21 22 28 42 33 18 58 46 56 19 36 50 25 39 31 51 07 11 54 02 03 01 45 14 47 57 04 37 41 16 53 06 55 59 12 29 49 15 48 30 05 00 52 24 09 26 40 38 13 17 44 32 20 34 10 27 08 35 74 71 66 65 72 70 60 68 64 67 61 63 69 73 75 62 
20 26 40 41 35 45 30 47 29 17 31 44 27 56 38 23 34 09 32 49 00 42 52 15 55 59 01 12 43 08 06 10 18 57 16 04 51 48 14 50 02 03 21 28 11 05 54 07 37 19 39 36 22 58 46 24 13 33 53 25 75 60 72 67 66 73 71 61 69 65 68 62 64 70 74 63 
03 02 01 00 06 07 04 05 10 11 08 09 14 15 12 13 18 19 16 17 22 23 20 21 26 27 24 25 30 31 28 29 34 35 32 33 38 39 36 37 42 43 40 41 46 47 44 45 50 51 48 49 54 55 52 53 58 59 56 57 63 64 65 66 67 68 69 70 71 72 73 74 60 61 62 75 
