21 23 34 7  14 25 32 31 24 18 15 19 4  20 1  36 10 26 29 6  17 27 12 0  9  3  28 16 5  30 13 11 22 8  33 35 2
0  20 28 13 24 31 30 23 6  14 33 3  19 2  36 9  18 34 5  22 26 11 25 35 8  27 15 4  1  12 16 21 7  32 29 17 10
22 1  19 23 30 29 28 5  12 32 27 18 10 36 35 17 8  4  21 25 16 24 33 7  26 14 3  2  0  15 20 6  31 34 11 13 9
15 6  36 11 4  14 2  24 19 16 8  17 35 22 25 31 13 1  30 3  5  34 18 33 23 26 9  0  12 10 21 28 27 20 32 29 7
7  36 3  20 12 5  15 1  25 30 11 14 18 9  17 26 32 19 0  31 4  6  29 13 34 24 27 10 35 33 2  22 23 28 21 16 8
36 4  12 26 21 13 6  16 0  11 31 33 15 19 10 18 27 30 20 35 32 5  7  9  14 29 25 28 2  22 34 1  17 24 23 8  3
5  13 32 35 27 22 14 7  11 3  12 28 34 16 20 2  19 8  31 21 9  33 6  1  10 15 30 26 23 24 17 29 0  18 25 36 4
14 33 13 12 9  28 17 15 8  36 4  20 23 29 11 21 1  7  3  32 22 10 34 24 0  2  16 31 27 26 25 18 30 35 19 6  5
34 14 5  3  13 10 23 18 16 7  36 0  21 24 30 12 22 29 8  4  33 17 2  28 25 35 1  11 32 20 27 26 19 31 9  15 6
30 11 20 33 26 3  16 27 34 17 10 36 1  21 6  22 35 23 14 28 31 8  19 12 7  9  2  5  24 4  29 32 15 13 18 25 0
12 21 2  29 34 27 4  11 28 26 18 9  36 0  22 7  17 20 24 15 23 32 3  25 13 8  10 1  6  19 5  30 33 16 14 31 35
2  34 6  8  5  17 21 26 1  29 7  25 12 28 19 3  33 24 16 36 14 23 35 10 27 31 22 30 4  0  32 20 9  11 13 18 15
29 7  8  0  3  6  18 22 27 19 30 34 26 13 23 20 4  9  25 11 36 15 24 5  2  28 32 17 31 14 35 33 21 10 12 1  16
8  3  31 28 35 4  7  19 17 0  20 5  29 27 14 24 21 25 10 26 12 36 16 32 6  1  23 33 18 13 15 9  34 22 2  30 11
4  32 21 18 23 9  5  8  20 31 35 22 6  30 28 15 25 11 26 2  27 13 36 19 33 7  0  24 34 1  14 16 10 29 17 3  12
33 22 9  21 19 24 10 6  3  4  32 26 17 7  31 23 16 36 12 27 1  28 14 29 20 34 8  35 25 18 0  15 11 2  30 5  13
17 10 33 4  22 20 25 2  7  6  5  11 27 18 8  32 24 15 36 13 28 0  23 26 30 21 29 3  9  31 19 35 16 12 1  34 14
32 27 23 15 17 19 13 3  26 35 2  1  5  11 24 6  0  31 18 34 25 9  4  30 22 36 20 29 14 16 33 8  28 7  10 12 21
28 24 1  27 16 18 20 14 4  13 9  35 0  6  12 25 7  5  32 19 29 26 10 15 31 17 36 21 30 2  11 34 3  23 8  33 22
25 0  10 5  28 11 19 21 15 34 14 8  9  35 7  13 26 2  6  33 20 30 27 31 16 32 18 36 22 3  1  12 29 4  24 23 17
35 2  15 16 6  23 12 20 22 24 29 27 3  10 9  8  14 28 1  7  34 21 31 17 32 11 33 19 36 25 4  0  13 30 5  26 18
1  16 30 17 11 7  24 13 21 27 25 15 28 4  2  10 3  32 23 0  8  29 22 36 18 33 12 34 20 6  26 5  35 14 31 9  19
11 31 26 22 18 12 8  25 14 10 28 4  16 23 5  1  2  17 33 24 35 3  30 21 36 19 34 13 29 32 7  27 6  9  15 0  20
9  19 25 34 0  16 22 4  35 21 23 29 33 3  18 14 11 12 2  17 30 1  13 8  24 5  31 15 10 7  28 36 26 6  20 32 27
20 26 24 9  29 35 11 17 5  33 22 12 30 34 4  19 15 14 13 1  18 31 0  2  3  25 6  32 16 21 8  23 36 27 7  10 28
27 25 17 6  10 30 9  12 18 2  34 16 13 31 29 5  20 35 15 14 0  19 32 11 1  4  26 7  33 8  22 3  24 36 28 21 23
26 18 29 19 7  2  31 10 13 22 1  21 11 14 32 30 6  33 9  16 15 35 20 34 12 0  5  27 8  23 3  17 4  25 36 28 24
19 30 0  14 20 8  1  32 2  23 17 7  22 12 15 33 31 21 34 10 11 16 9  3  29 13 35 6  28 36 24 4  18 5  26 27 25
31 35 18 1  15 21 3  0  33 28 24 32 8  17 13 16 34 10 22 29 2  12 11 23 4  30 14 9  7  27 36 25 5  19 6  20 26
10 28 22 32 1  26 0  34 36 5  13 31 25 15 3  27 29 6  4  9  24 20 17 18 11 23 7  12 19 35 30 2  8  21 16 14 33
23 17 14 36 33 0  27 35 29 15 6  30 32 26 16 4  28 18 7  5  10 25 21 20 19 12 24 8  13 11 9  31 1  3  22 2  34
18 15 7  30 36 34 35 28 9  1  16 23 31 33 27 11 5  22 19 8  6  2  26 14 21 20 13 25 3  17 12 10 32 0  4  24 29
16 8  11 10 31 36 29 9  23 25 0  6  24 32 34 28 12 27 17 20 3  7  1  4  15 22 21 14 26 5  18 13 2  33 35 19 30
3  12 35 24 2  32 36 30 10 20 26 13 7  25 33 29 23 0  28 18 21 4  8  27 5  16 17 22 15 9  6  19 14 1  34 11 31
13 9  27 2  25 1  33 36 31 12 21 24 14 8  26 34 30 3  35 23 19 22 5  16 28 6  11 18 17 29 10 7  20 15 0  4  32
24 29 16 25 8  15 26 33 32 9  19 2  20 5  21 0  36 13 27 30 7  18 28 6  35 10 4  23 11 34 31 14 12 17 3  22 1
6  5  4  31 32 33 34 29 30 8  3  10 2  1  0  35 9  16 11 12 13 14 15 22 17 18 19 20 21 28 23 24 25 26 27 7  36
