0  3  80 1  43 31 25 20 68 51 53 40 44 77 33 49 23 37 71 32 7  78 30 16 79 6  66 56 69 50 22 5  19 14 57 39 67 17 55 35 11 76 54 4  12 62 52 73 64 15 29 9  46 10 42 38 27 34 70 74 65 75 45 72 48 60 26 36 8  28 58 18 63 47 59 61 41 13 21 24 2  
80 1  3  2  72 47 28 58 52 38 19 42 56 44 71 74 51 70 60 10 66 26 33 50 49 61 21 55 6  41 77 53 67 22 59 76 75 57 9  54 64 29 11 69 13 63 73 5  78 24 23 16 8  31 39 27 12 37 7  34 18 25 79 45 40 68 20 32 65 43 17 14 4  46 15 36 35 30 48 62 0  
1  0  2  80 37 75 59 76 32 44 51 78 69 39 66 64 63 71 21 72 43 18 27 34 40 31 35 22 57 62 68 25 8  55 23 26 74 4  47 13 24 79 49 20 9  61 48 38 46 42 60 10 70 67 56 33 54 28 65 6  50 45 29 16 15 58 14 53 30 12 52 17 19 77 36 5  7  73 11 41 3  
2  80 0  3  57 39 41 50 78 28 68 38 45 32 60 18 76 65 15 43 56 72 62 35 74 48 70 54 9  63 66 33 13 31 47 23 55 79 11 5  61 6  64 19 49 12 67 34 25 44 7  53 75 51 27 36 20 4  73 71 14 40 22 29 42 17 30 46 10 77 26 59 21 58 24 52 16 69 8  37 1  
61 17 35 16 4  80 7  6  67 66 38 39 63 65 19 33 3  1  54 14 40 60 32 68 71 34 37 74 79 69 46 78 22 15 25 2  51 26 10 11 20 58 59 75 52 64 30 49 55 47 56 36 44 73 18 48 50 76 41 42 21 0  77 12 45 13 9  8  23 29 72 24 70 53 27 43 57 62 31 28 5  
72 48 57 43 7  5  80 4  66 17 73 36 25 60 34 30 55 9  70 39 32 38 35 76 37 12 41 58 75 53 15 63 20 71 14 22 11 24 21 19 49 26 68 3  67 69 59 78 1  40 77 54 61 29 51 16 65 2  27 46 13 52 64 31 62 56 8  44 42 45 18 33 0  10 79 28 23 50 47 74 6  
38 76 18 12 5  4  6  80 58 49 77 72 3  31 16 40 14 20 2  64 17 59 75 37 47 55 79 29 35 27 61 13 62 66 53 28 54 23 0  73 15 45 67 50 71 41 63 24 74 9  43 78 65 34 36 25 69 70 8  21 68 30 32 46 19 52 33 42 60 56 57 44 11 39 48 22 1  10 51 26 7  
36 10 46 78 80 6  5  7  50 61 1  33 64 16 37 25 13 30 66 58 67 31 74 63 69 15 75 59 60 68 17 21 56 11 55 40 0  14 45 53 35 44 77 73 41 38 2  52 76 70 8  72 47 39 62 34 32 79 19 27 28 9  54 23 12 71 18 20 29 24 49 65 51 43 22 26 48 42 3  57 4  
41 43 42 7  18 79 53 3  8  80 11 10 65 25 22 72 47 36 4  59 37 75 14 44 35 13 55 46 62 39 71 57 49 38 58 24 17 20 33 29 51 0  2  1  23 73 27 16 63 32 78 40 69 6  67 26 61 31 34 19 77 56 28 48 70 12 74 54 76 52 64 30 15 45 66 21 68 60 50 5  9  
57 30 36 25 12 53 69 65 11 9  80 8  4  78 72 58 26 29 43 52 39 24 68 46 21 3  16 40 48 17 1  47 55 60 51 67 2  76 77 20 27 73 62 18 74 70 23 31 28 56 64 34 19 5  75 32 49 0  15 79 33 71 42 66 50 7  63 35 22 6  45 61 14 41 44 54 37 38 13 59 10 
64 58 14 13 44 22 29 19 9  8  10 80 47 3  2  59 41 50 74 7  46 42 5  40 61 78 30 77 33 6  26 65 68 28 72 73 60 67 52 63 23 16 21 55 4  57 20 12 53 79 17 66 38 48 69 43 76 45 1  15 36 24 70 39 0  31 51 37 32 54 62 75 34 35 18 71 56 27 25 49 11 
37 46 12 20 27 77 60 57 80 10 9  11 2  47 25 45 70 40 64 29 3  52 49 67 54 14 43 4  41 19 55 66 53 79 63 62 50 0  56 74 17 28 73 26 51 15 1  13 71 22 36 44 21 32 24 30 38 7  75 61 6  59 35 34 18 76 31 23 72 78 16 48 68 42 39 58 65 5  69 33 8  
79 31 78 41 66 40 45 17 27 63 75 69 12 80 15 14 77 7  48 74 51 39 26 43 44 49 22 8  59 60 64 1  73 54 36 55 34 68 57 21 5  3  70 23 24 6  65 71 18 25 72 20 62 56 33 35 53 38 67 28 29 76 52 9  30 46 4  58 37 11 42 47 50 32 19 10 61 16 2  0  13 
70 21 23 68 28 51 64 22 71 73 32 59 15 13 80 12 74 63 40 31 50 1  7  2  43 30 44 35 4  67 25 19 10 46 39 27 62 75 49 34 18 78 45 24 26 42 33 61 57 38 20 5  72 76 60 69 66 48 77 11 54 47 36 17 6  79 56 29 3  55 0  8  52 9  16 37 53 58 41 65 14 
21 41 51 44 30 69 50 59 61 39 66 23 13 12 14 80 43 77 76 46 72 0  56 11 62 67 73 37 70 71 4  58 79 78 45 47 52 27 65 9  63 1  75 16 3  34 19 35 54 60 6  2  36 57 48 74 22 53 31 7  49 8  24 40 68 38 10 25 64 5  28 29 20 26 55 42 18 17 33 32 15 
26 32 20 77 56 24 75 41 28 23 65 52 80 14 13 15 36 39 69 68 2  45 40 9  5  44 0  53 8  34 37 59 1  50 29 78 16 30 54 17 22 7  57 64 25 21 58 55 73 66 33 76 11 27 38 47 4  42 46 31 70 79 72 71 43 10 49 74 19 18 60 63 62 48 67 6  51 3  35 61 12 
56 61 68 57 76 44 43 74 20 62 34 53 54 22 50 35 16 80 19 18 8  65 13 27 52 51 42 23 64 73 63 75 70 77 10 15 78 47 79 45 71 72 26 6  5  39 69 37 59 58 14 25 24 11 12 67 0  3  49 48 66 1  9  30 28 21 60 55 2  46 32 40 41 29 7  31 4  33 36 38 17 
11 72 56 47 70 29 79 64 45 53 61 0  30 35 74 51 19 17 80 16 26 49 69 66 50 33 20 63 32 5  12 62 28 25 65 13 73 40 43 76 37 67 52 38 58 8  57 3  68 21 24 15 42 9  71 77 2  46 44 78 75 10 31 27 7  34 23 41 48 22 4  54 1  36 14 60 39 55 59 6  18 
35 37 59 69 67 65 21 68 54 31 78 44 22 52 62 77 17 16 18 80 41 6  12 61 76 74 48 45 36 66 32 9  30 49 46 0  28 1  50 71 72 20 53 47 11 27 34 43 26 33 38 64 13 42 8  73 70 60 63 2  57 23 14 58 51 5  29 4  7  3  56 39 40 55 25 79 24 15 10 75 19 
65 7  61 5  46 3  13 1  38 67 58 49 42 6  30 55 80 18 17 19 57 36 29 41 56 53 50 34 71 22 14 64 60 59 27 52 21 63 8  43 76 23 12 39 66 72 4  68 62 11 26 73 35 25 78 15 24 20 10 33 32 2  48 37 31 0  44 9  47 79 74 28 45 51 70 77 40 75 54 69 16 
67 27 64 38 53 61 26 36 47 14 70 56 59 42 9  43 37 79 33 54 20 80 23 22 31 75 6  1  51 76 69 24 52 18 68 48 7  16 3  72 73 49 13 15 65 50 62 8  35 41 45 28 32 4  19 66 11 78 74 12 71 5  46 77 2  44 55 0  34 30 10 60 39 40 58 25 29 63 57 17 21 
33 44 6  54 34 62 2  40 63 55 76 15 58 26 78 11 73 46 59 79 23 21 80 20 32 60 13 72 68 65 41 35 24 0  4  31 69 71 64 67 7  30 56 51 1  52 17 66 75 57 70 43 45 74 3  9  42 49 12 18 25 77 5  8  38 29 47 39 28 36 50 37 27 16 53 48 10 61 14 19 22 
54 45 47 53 31 73 15 16 56 79 35 19 48 74 61 6  7  58 26 11 21 20 22 80 72 36 18 38 55 49 42 4  78 63 77 10 25 41 27 46 75 37 30 70 69 1  39 2  12 29 65 62 64 3  0  28 8  66 17 68 76 14 51 33 52 50 57 71 59 44 43 67 24 5  13 40 60 34 32 9  23 
27 62 39 42 36 71 48 52 57 58 54 25 60 34 67 46 56 32 73 77 80 22 21 23 38 11 53 0  66 43 59 44 17 76 13 64 4  74 24 2  69 75 3  29 31 65 15 63 6  72 79 68 7  26 10 61 16 8  9  30 12 55 1  47 35 45 28 14 51 40 78 5  49 18 37 41 33 19 70 50 20 
12 36 65 63 64 30 67 53 60 32 17 28 0  33 18 37 48 10 14 51 68 55 66 70 24 80 27 26 11 74 5  34 9  13 31 77 1  15 78 69 58 54 47 46 79 71 43 42 16 75 61 19 59 7  41 21 73 72 40 52 8  50 76 3  4  2  22 6  20 39 23 45 57 56 29 49 62 35 38 44 25 
55 16 73 28 21 49 38 44 30 48 18 67 40 71 23 41 1  52 10 63 29 4  43 14 27 25 80 24 3  20 8  77 59 42 60 46 70 53 6  50 12 15 33 22 7  58 35 64 9  5  39 61 17 37 66 0  68 65 45 32 34 51 69 19 47 57 54 11 56 62 36 13 79 2  78 76 75 31 74 72 26 
49 13 4  33 2  46 17 32 40 42 36 63 18 1  64 66 62 6  12 71 79 44 48 45 25 24 26 80 50 61 60 70 7  3  43 37 10 35 69 57 8  59 9  34 21 23 5  54 22 0  28 55 77 65 47 51 75 39 78 41 30 29 16 11 14 53 15 72 73 38 31 19 67 68 76 56 74 52 58 20 27 
16 66 38 21 39 42 10 14 65 60 6  74 46 17 7  61 0  13 30 62 55 3  47 56 80 26 25 27 44 77 18 69 45 40 48 63 41 59 2  4  33 36 5  78 28 32 12 22 34 71 76 67 73 79 72 20 23 64 68 37 9  15 19 35 57 8  1  51 58 31 75 49 54 52 11 70 50 29 43 53 24 
73 35 5  48 65 2  76 38 72 25 37 54 20 79 40 62 58 23 42 26 12 77 39 17 41 9  19 43 28 80 31 30 66 67 52 1  53 10 7  22 14 24 18 27 78 60 55 69 3  64 71 59 34 36 11 46 74 75 16 51 45 68 15 70 49 4  32 33 61 47 63 50 8  0  56 57 6  21 44 13 29 
46 14 33 24 59 9  77 18 64 5  27 22 23 57 1  54 21 53 7  49 75 16 11 12 3  76 58 10 31 29 80 28 36 2  38 51 32 56 34 70 47 71 69 60 72 79 0  40 67 19 52 35 50 17 15 62 37 13 26 4  43 78 55 74 8  73 68 48 66 42 39 41 44 65 63 20 25 6  61 45 30 
42 38 16 75 19 37 70 12 13 77 60 65 7  8  46 24 2  64 45 4  35 53 54 49 15 71 36 32 29 28 30 80 27 51 50 20 26 5  1  62 78 74 0  56 73 18 14 58 69 23 34 33 66 21 22 76 43 61 47 72 10 57 39 68 17 11 52 79 63 48 6  25 59 44 41 3  55 9  40 67 31 
63 56 77 26 32 72 19 35 23 43 15 71 53 64 36 10 45 67 47 6  34 40 78 8  68 73 3  50 80 30 29 31 4  70 20 7  14 49 51 75 21 62 55 9  57 16 74 18 66 37 27 38 58 12 61 42 1  44 52 65 79 54 41 0  13 59 48 17 24 76 33 11 5  25 46 39 69 2  22 60 28 
60 74 49 10 78 52 71 75 42 21 3  16 38 68 48 67 11 66 27 65 61 9  31 28 55 39 56 18 23 40 45 22 32 80 35 34 47 46 12 25 29 63 8  76 62 30 37 36 14 2  59 69 5  70 79 24 26 73 72 50 0  20 44 41 77 19 17 15 13 51 53 6  58 57 1  7  43 64 4  54 33 
78 63 62 70 50 23 73 79 19 27 67 57 16 43 21 56 12 42 41 8  49 14 45 5  46 52 31 9  37 55 58 26 35 33 80 32 48 28 59 66 60 18 17 13 53 22 24 51 36 20 4  47 25 44 77 29 15 11 30 38 40 74 2  1  69 72 39 10 75 64 3  76 65 6  61 68 71 54 0  7  34 
9  40 13 17 60 45 8  49 6  0  41 26 76 2  69 38 72 3  79 48 24 25 71 39 20 21 11 62 56 54 44 68 33 32 34 80 61 42 15 23 1  10 37 63 30 5  75 65 19 7  73 57 74 58 29 70 28 51 53 64 4  36 27 43 59 47 78 77 31 14 55 22 16 50 52 46 12 67 66 18 35 
71 6  37 64 26 10 1  21 77 19 5  75 72 63 57 36 78 27 39 9  69 7  73 42 60 56 4  17 76 45 48 40 80 34 33 35 15 2  66 18 31 61 23 74 59 29 68 53 30 65 55 79 67 47 70 50 25 14 62 44 24 41 58 13 3  49 38 52 46 20 54 0  12 22 43 11 28 8  16 51 32 
20 49 44 71 68 50 63 67 73 74 30 77 61 56 58 78 35 45 53 69 0  79 70 51 75 43 60 57 42 47 10 52 40 72 76 16 36 80 39 38 32 64 28 25 2  17 54 29 65 1  5  23 31 18 46 59 13 27 14 55 26 12 66 6  41 48 62 7  4  19 22 3  33 8  9  24 34 11 15 21 37 
40 60 26 73 35 15 74 27 16 70 33 17 62 69 59 5  8  11 57 25 47 51 50 48 30 19 2  7  67 44 24 61 64 10 78 4  39 37 80 36 0  65 66 71 29 76 77 20 23 54 22 21 68 63 49 75 72 18 79 14 1  31 12 53 32 41 42 28 52 13 9  43 56 3  6  55 45 46 34 58 38 
25 77 22 56 52 64 55 60 59 30 44 20 73 53 42 29 40 68 63 33 11 62 2  78 70 0  67 47 45 15 9  74 57 19 54 61 37 36 38 80 16 66 14 48 10 28 51 27 43 76 58 46 4  13 34 6  3  32 50 8  7  35 21 18 5  75 41 26 17 72 24 79 69 12 31 65 49 1  23 71 39 
18 65 34 19 74 43 33 24 70 72 79 27 67 23 20 76 31 51 0  3  14 58 55 13 7  59 77 11 46 64 78 16 50 6  2  71 80 38 37 39 62 60 44 5  42 75 28 56 61 63 32 17 57 69 68 22 47 52 21 25 41 48 40 49 29 1  73 12 54 53 8  35 9  66 4  45 15 26 30 10 36 
17 59 58 67 73 25 22 31 55 33 69 37 49 72 70 75 79 0  52 44 53 35 6  54 65 5  51 60 63 36 39 7  47 9  64 21 29 11 71 30 40 80 43 42 19 56 61 32 77 12 74 26 18 20 23 8  45 68 2  1  27 46 78 28 34 24 76 3  57 10 14 38 13 4  50 15 66 48 62 16 41 
68 71 52 45 48 59 12 25 76 13 72 24 6  9  29 44 34 31 49 75 33 74 65 77 11 7  46 64 54 14 53 17 51 20 16 38 57 50 35 56 43 41 80 40 15 3  26 60 4  18 37 32 2  30 28 58 39 36 55 5  47 66 67 69 27 22 61 62 0  63 79 1  10 78 21 19 8  23 73 70 42 
22 73 32 35 29 58 24 51 49 16 56 46 74 50 65 63 9  25 36 70 45 76 0  64 6  17 62 68 53 4  54 79 2  52 66 3  18 78 75 48 41 40 42 80 61 20 11 67 39 8  13 7  33 28 30 60 10 71 5  69 55 44 26 15 23 14 34 47 27 59 19 57 77 1  12 38 21 72 37 31 43 
75 52 15 39 61 19 14 54 69 47 57 34 29 46 6  2  50 48 31 5  64 37 36 60 33 70 63 44 78 12 67 18 58 24 11 65 22 21 68 3  80 42 41 43 27 55 13 9  17 74 16 71 1  66 7  45 79 10 32 77 23 4  73 26 20 35 53 30 38 8  25 51 76 62 49 0  72 59 28 56 40 
24 26 74 60 38 55 32 15 31 36 52 64 79 21 49 7  67 22 51 76 63 13 17 57 0  41 1  78 43 56 50 8  6  68 73 54 9  72 4  61 66 25 48 28 44 80 47 46 42 14 30 18 10 75 35 5  29 23 69 70 3  39 71 20 11 77 40 16 33 58 59 62 37 34 2  53 19 65 27 12 45 
59 33 19 6  24 14 3  28 36 37 43 21 41 20 5  52 75 73 32 2  13 11 63 53 4  66 65 30 7  51 27 39 18 1  69 79 8  9  60 31 48 12 50 10 47 45 80 44 40 68 42 29 15 23 58 57 77 55 54 0  38 72 74 22 71 26 25 78 49 34 76 64 61 17 62 16 70 56 67 35 46 
50 42 76 40 14 41 36 48 12 15 62 73 8  24 4  9  66 49 75 30 70 57 28 58 13 68 59 65 22 52 19 38 77 43 79 56 6  64 31 55 3  5  1  33 45 44 46 80 7  17 0  74 29 71 63 39 35 21 23 26 69 67 10 54 37 27 16 61 25 60 20 53 78 11 51 18 2  32 72 34 47 
28 78 27 65 77 48 42 23 37 18 71 61 75 59 53 19 20 34 9  15 16 70 38 7  67 79 74 2  0  32 33 43 29 30 17 57 40 8  22 41 36 39 6  31 80 46 45 47 5  62 66 58 63 14 76 68 60 35 51 13 56 11 49 52 72 3  50 24 55 73 21 10 64 69 26 12 54 4  1  25 44 
10 47 7  9  58 78 37 2  21 3  0  31 26 29 79 60 52 38 22 27 30 8  18 74 59 28 12 19 25 13 20 11 54 65 62 69 72 6  17 44 56 55 61 68 39 77 76 1  48 80 51 50 16 64 32 41 40 67 4  24 15 42 34 75 53 33 71 57 43 35 73 66 36 70 23 63 46 45 5  14 49 
66 75 8  14 62 12 56 55 2  69 39 29 5  76 3  26 28 57 20 22 18 46 19 59 36 40 15 52 16 11 72 54 42 41 70 43 24 61 53 10 25 33 32 35 60 67 21 77 51 49 80 48 27 38 31 7  6  17 64 23 44 37 4  79 58 74 0  45 78 9  34 73 30 71 65 1  13 47 68 63 50 
52 79 53 8  15 11 16 78 3  54 24 5  35 45 43 4  6  61 58 28 42 47 41 62 10 32 71 69 19 46 73 76 25 56 44 12 77 65 63 59 68 22 20 14 34 13 29 21 49 48 50 80 0  2  9  72 33 74 18 39 67 17 23 38 75 37 70 60 40 27 66 26 55 30 57 64 31 36 7  1  51 
34 25 66 22 23 60 52 77 26 57 14 18 28 54 10 39 61 76 11 56 59 71 3  4  73 1  8  75 12 79 47 46 63 58 0  45 68 43 74 15 55 69 72 37 64 35 31 30 80 50 49 51 6  62 13 40 19 9  33 20 5  16 53 32 44 78 2  70 36 41 67 21 42 24 38 27 17 7  65 29 48 
29 69 79 30 10 20 78 63 43 35 4  45 37 40 31 21 59 33 72 67 5  15 76 47 48 42 39 71 74 0  3  14 61 17 56 9  58 12 44 26 13 70 25 8  38 11 50 23 24 73 46 65 52 80 55 54 34 77 36 16 64 32 68 7  60 51 75 19 62 1  41 27 18 49 28 66 22 57 6  2  53 
48 12 60 62 40 17 58 69 34 29 64 70 1  49 35 79 32 5  28 37 73 41 51 65 39 63 45 61 18 9  74 56 16 75 8  14 42 19 76 24 4  21 36 59 68 26 72 57 0  13 67 22 55 53 80 52 31 47 6  43 2  27 3  25 10 23 77 50 44 7  11 78 46 20 30 33 38 66 71 15 54 
30 68 17 72 8  13 46 73 4  64 40 41 77 5  32 34 33 2  67 57 78 27 42 69 28 45 76 21 24 38 0  37 14 16 15 59 63 31 29 65 10 11 22 62 70 25 6  74 79 61 75 60 53 52 54 80 71 19 66 35 51 49 43 36 9  39 58 18 1  23 44 56 3  7  47 50 26 12 20 48 55 
6  20 29 59 41 67 0  70 51 24 45 76 50 37 17 68 44 14 23 47 1  32 46 18 9  38 40 66 39 2  65 60 21 62 49 72 71 13 25 28 26 4  79 57 16 10 22 19 58 34 12 8  80 54 53 55 63 43 48 3  31 73 33 56 78 30 27 5  15 75 7  36 35 61 77 69 11 74 64 42 52 
23 53 71 11 33 18 9  26 14 6  21 3  31 62 8  50 27 54 5  73 38 10 61 0  51 46 7  16 52 72 79 12 75 4  74 68 66 44 20 60 77 47 76 67 37 48 25 41 45 69 15 24 28 1  17 64 56 80 59 58 39 22 13 78 55 70 36 43 35 49 65 2  29 19 34 32 42 40 63 30 57 
51 18 75 76 16 28 30 33 44 34 55 79 32 67 47 71 4  21 1  78 54 17 24 31 22 69 52 41 5  48 6  23 12 7  9  53 64 60 73 77 50 27 63 45 8  43 49 14 29 46 40 0  26 35 20 10 59 57 80 56 37 70 65 42 36 62 72 13 74 25 61 15 66 38 68 2  3  39 19 11 58 
13 19 24 37 55 68 34 10 53 46 7  35 39 0  52 23 64 69 38 1  60 67 44 15 2  54 61 42 49 78 51 36 76 47 6  11 31 3  18 12 65 48 27 72 22 66 9  33 41 28 63 30 14 8  25 4  57 56 58 80 20 26 75 50 16 40 45 21 5  17 77 74 43 79 71 62 32 70 29 73 59 
62 64 21 36 69 26 18 37 33 22 31 47 51 61 27 65 24 60 6  38 28 2  9  72 16 50 5  14 20 42 49 10 39 8  40 70 3  7  19 32 34 46 29 66 54 74 41 11 52 30 25 12 48 77 44 71 80 58 57 59 17 13 0  67 1  15 43 63 79 4  35 55 23 76 45 78 73 53 75 68 56 
19 57 67 49 25 54 72 45 35 40 26 68 43 51 44 73 46 78 37 0  74 34 52 29 77 4  10 33 38 23 36 42 65 27 21 8  30 18 28 47 9  56 31 12 14 7  16 39 70 3  53 13 22 50 5  79 41 1  71 75 60 80 63 62 76 32 69 2  11 66 48 58 6  15 20 59 64 24 17 55 61 
43 51 72 46 75 32 57 71 22 65 50 13 34 11 56 53 25 24 55 45 52 28 8  73 17 16 78 79 21 58 70 49 5  64 12 66 76 54 41 42 67 38 39 0  48 19 3  59 44 31 10 1  20 15 37 18 14 6  29 47 63 61 80 60 33 9  35 40 77 74 30 7  2  23 69 4  36 68 26 27 62 
74 50 55 51 47 38 44 43 15 26 20 58 68 66 76 8  42 41 24 34 10 64 53 79 18 57 9  48 72 33 40 67 71 29 19 75 56 52 5  78 30 17 16 7  6  59 70 4  27 77 1  3  37 22 73 2  36 25 11 45 61 60 62 80 21 69 13 31 12 65 46 32 28 54 0  35 14 49 39 23 63 
5  22 30 74 9  0  54 47 75 4  49 43 66 27 28 57 68 35 50 53 65 48 1  52 29 37 34 13 14 24 2  72 69 45 26 17 46 25 58 79 70 51 71 11 77 33 36 7  21 10 18 41 23 19 6  78 64 15 38 73 80 62 61 63 56 20 12 76 16 32 40 42 31 59 3  8  67 44 55 39 60 
53 34 43 23 71 21 31 30 39 75 48 51 17 19 73 20 49 12 44 13 15 5  60 3  45 72 68 36 58 70 7  6  46 74 1  42 27 77 62 8  59 57 35 2  18 24 32 79 10 16 54 11 76 0  50 63 78 41 28 40 22 69 38 55 64 80 67 66 26 61 29 4  25 14 33 9  52 37 56 47 65 
32 54 40 34 79 70 51 61 46 71 59 55 27 28 75 31 29 47 56 60 77 73 37 26 58 62 23 12 13 16 76 15 0  36 3  74 33 22 42 68 2  50 38 49 63 53 8  17 72 43 41 6  78 45 1  11 18 69 24 10 19 7  25 44 67 65 80 64 39 57 5  9  48 21 35 14 30 20 52 4  66 
15 55 10 52 63 74 39 29 79 12 2  48 9  36 51 0  69 28 68 40 27 50 72 32 57 58 49 20 17 7  75 71 23 73 37 41 13 34 61 6  19 35 78 77 76 54 60 70 11 26 21 14 3  59 45 1  62 24 25 53 46 38 56 4  65 64 66 80 18 16 47 31 22 33 5  30 44 43 42 8  67 
7  15 50 61 54 16 47 0  18 52 28 14 21 48 11 1  5  62 8  35 36 12 34 25 42 23 69 70 10 57 56 41 74 37 22 19 20 33 72 58 46 31 24 79 55 68 40 6  13 78 2  75 9  60 4  44 30 29 39 76 53 3  17 73 80 66 65 67 45 26 27 77 38 63 32 51 59 71 49 43 64 
76 39 63 32 51 27 11 66 41 59 13 6  52 10 26 47 30 43 29 55 31 61 79 36 34 35 14 5  77 18 16 20 3  53 24 25 23 62 48 1  74 8  58 17 75 78 56 15 38 67 57 4  12 33 65 19 46 50 42 9  72 21 37 2  73 54 7  49 68 80 71 70 60 64 40 44 0  28 45 22 69 
47 8  11 15 42 34 49 39 1  56 23 2  78 75 45 3  60 44 77 21 48 19 58 10 53 65 72 76 73 59 35 50 41 61 5  30 79 55 67 7  54 32 4  52 17 14 66 0  20 6  31 63 43 24 40 37 9  62 22 29 16 33 57 51 74 25 46 38 71 69 80 68 26 28 64 13 27 18 12 36 70 
77 4  41 31 1  56 61 34 29 76 46 32 19 58 63 48 53 72 65 12 62 66 25 38 78 22 33 51 40 8  57 3  11 26 7  44 43 45 23 64 28 2  74 36 35 37 10 50 15 55 47 27 79 16 59 49 5  30 13 54 73 6  20 14 39 18 21 75 69 68 70 80 17 60 42 67 9  0  24 52 71 
39 29 54 55 45 76 62 9  25 7  12 66 10 30 41 42 38 56 35 50 58 43 77 33 64 8  28 73 26 1  13 48 44 23 67 18 59 51 16 0  79 14 15 21 32 4  78 75 31 52 19 37 49 72 2  3  17 63 20 36 74 65 6  57 24 61 11 34 80 70 69 71 53 27 60 47 5  22 46 40 68 
31 70 45 27 17 63 68 42 62 20 16 60 55 18 39 28 10 4  13 61 9  54 57 30 66 47 38 3  15 37 23 0  43 48 41 50 65 29 26 14 52 34 7  32 56 2  71 25 33 59 35 77 40 78 21 12 44 22 76 49 11 19 8  5  79 36 24 69 6  67 1  46 72 80 75 74 58 51 53 64 73 
69 11 31 79 20 35 66 62 17 78 22 1  57 41 68 70 65 8  61 24 4  29 10 55 19 77 64 49 47 21 34 2  38 39 30 5  45 58 32 33 53 13 46 54 50 36 42 28 60 27 44 56 71 40 43 23 51 12 37 67 48 18 7  76 26 16 6  59 14 0  15 52 75 73 80 72 63 25 9  3  74 
45 67 9  29 11 8  23 13 5  2  25 4  70 7  77 32 22 55 78 42 71 30 16 6  63 10 54 39 34 3  21 51 15 69 28 49 44 48 46 27 57 53 19 65 36 0  38 76 37 35 68 31 56 41 26 17 52 40 60 62 58 64 59 24 61 43 79 1  50 33 12 20 73 72 74 80 47 14 18 66 75 
4  24 28 66 0  57 40 56 48 50 47 62 71 55 38 22 39 59 34 23 76 63 15 19 1  29 32 67 2  25 52 45 26 44 18 58 49 69 14 16 6  77 65 61 33 31 79 10 8  36 9  70 30 68 64 13 7  5  35 17 78 43 11 21 54 42 3  27 53 37 51 12 80 74 73 75 20 41 60 46 72 
8  28 48 4  3  33 35 46 0  45 42 30 36 38 24 17 57 15 62 66 25 56 64 71 14 20 47 31 1  75 11 27 72 5  61 6  12 70 13 51 44 68 10 58 40 9  7  26 2  53 69 39 60 49 74 65 21 16 43 63 52 34 18 59 22 55 19 73 41 50 37 23 32 67 54 29 76 80 79 78 77 
58 9  25 18 49 36 27 72 24 1  29 50 33 70 55 69 54 74 3  41 44 68 67 75 8  2  57 6  61 10 38 73 37 12 71 60 5  32 30 52 45 19 51 53 20 40 64 62 56 4  11 42 39 43 16 14 48 26 0  66 35 28 47 65 46 63 59 22 21 15 13 34 7  31 17 23 79 77 80 76 78 
14 5  69 50 22 1  65 8  7  41 74 12 11 73 0  16 15 75 25 20 19 33 4  24 23 18 29 28 27 26 62 32 31 21 42 36 35 66 70 40 39 9  34 44 43 49 53 48 47 45 3  52 51 46 57 56 55 54 61 60 59 58 30 64 63 6  37 68 67 2  38 72 71 13 10 17 77 76 78 80 79 
44 23 70 58 13 66 20 11 74 68 63 7  24 4  54 27 71 26 46 36 6  69 59 1  12 64 17 15 65 35 43 55 48 57 75 29 19 73 40 49 38 52 60 30 0  51 18 72 32 39 62 45 41 61 14 31 67 33 3  22 42 53 50 10 25 28 5  56 9  21 2  16 47 37 8  34 80 78 77 79 76 
3  2  1  0  6  7  4  5  10 11 8  9  14 15 12 13 18 19 16 17 22 23 20 21 26 27 24 25 30 31 28 29 34 35 32 33 38 39 36 37 42 43 40 41 46 47 44 45 50 51 48 49 54 55 52 53 58 59 56 57 62 63 60 61 66 67 64 65 70 71 68 69 74 75 72 73 78 79 76 77 80 
