18 26 23 24 20 21 25 19 22 13 17 11 9  14 15 10 12 16 58 62 56 55 61 57 54 60 59 37 36 38 42 44 43 39 41 40 70 65 66 69 64 68 63 67 71 27 34 31 33 30 29 28 35 32 52 50 47 53 48 45 49 46 51 75 73 72 79 77 76 80 78 74 7  0  2  4  3  6  5  1  8  
22 19 25 18 23 26 20 21 24 16 10 12 13 17 11 14 15 9  55 57 61 60 59 54 62 58 56 38 37 36 43 42 44 40 39 41 64 68 69 63 67 71 66 70 65 33 30 29 32 28 35 34 31 27 49 46 51 50 47 52 45 53 48 73 72 75 77 76 79 78 74 80 6  1  0  3  5  8  4  2  7  
24 21 20 22 25 19 23 26 18 9  14 15 16 10 12 17 11 13 60 54 59 58 56 62 57 55 61 36 38 37 44 43 42 41 40 39 67 71 63 66 70 65 69 64 68 32 28 35 27 34 31 30 29 33 45 53 48 46 51 49 52 50 47 72 75 73 76 79 77 74 80 78 8  2  1  5  4  7  3  0  6  
25 22 19 23 26 18 21 24 20 15 9  14 12 16 10 13 17 11 62 56 58 57 55 61 59 54 60 44 43 42 39 41 40 38 37 36 69 64 68 71 63 67 65 66 70 28 35 32 34 31 27 29 33 30 50 47 52 48 45 53 46 51 49 78 74 80 73 72 75 77 76 79 1  3  4  6  8  2  7  5  0  
23 18 26 20 21 24 19 22 25 12 16 10 11 13 17 9  14 15 54 59 60 62 58 56 61 57 55 43 42 44 41 40 39 37 36 38 66 70 65 68 69 64 71 63 67 30 29 33 28 35 32 31 27 34 53 48 45 51 49 46 50 47 52 80 78 74 75 73 72 79 77 76 0  4  5  7  6  1  8  3  2  
20 24 21 25 19 22 26 18 23 11 13 17 15 9  14 16 10 12 57 61 55 54 60 59 56 62 58 42 44 43 40 39 41 36 38 37 63 67 71 65 66 70 68 69 64 34 31 27 30 29 33 35 32 28 46 51 49 47 52 50 53 48 45 74 80 78 72 75 73 76 79 77 2  5  3  8  7  0  6  4  1  
19 25 22 26 18 23 24 20 21 17 11 13 14 15 9  12 16 10 59 60 54 56 62 58 55 61 57 40 39 41 37 36 38 44 43 42 68 69 64 67 71 63 70 65 66 31 27 34 29 33 30 32 28 35 48 45 53 49 46 51 47 52 50 77 76 79 78 74 80 73 72 75 3  6  7  1  2  5  0  8  4  
26 23 18 21 24 20 22 25 19 14 15 9  10 12 16 11 13 17 61 55 57 59 54 60 58 56 62 39 41 40 36 38 37 43 42 44 65 66 70 64 68 69 67 71 63 35 32 28 31 27 34 33 30 29 51 49 46 52 50 47 48 45 53 79 77 76 80 78 74 75 73 72 4  7  8  0  1  3  2  6  5  
21 20 24 19 22 25 18 23 26 10 12 16 17 11 13 15 9  14 56 58 62 61 57 55 60 59 54 41 40 39 38 37 36 42 44 43 71 63 67 70 65 66 64 68 69 29 33 30 35 32 28 27 34 31 47 52 50 45 53 48 51 49 46 76 79 77 74 80 78 72 75 73 5  8  6  2  0  4  1  7  3  
80 75 79 74 76 72 77 73 78 29 30 33 31 34 27 28 32 35 23 19 24 25 18 21 26 20 22 63 69 66 68 65 71 67 64 70 45 47 46 53 52 51 50 49 48 4  8  1  3  7  2  6  0  5  41 37 44 36 43 40 39 38 42 54 62 57 58 55 60 61 59 56 17 16 13 15 11 10 12 9  14 
75 79 80 72 74 76 78 77 73 34 27 31 28 32 35 33 29 30 18 25 21 22 26 20 23 24 19 67 64 70 69 66 63 71 68 65 47 46 45 52 51 53 49 48 50 0  5  6  1  4  8  3  7  2  42 39 38 41 37 44 43 40 36 58 55 60 61 59 56 54 62 57 15 17 14 16 9  11 13 10 12 
79 80 75 76 72 74 73 78 77 32 35 28 33 29 30 31 34 27 26 22 20 19 23 24 18 21 25 71 68 65 64 70 67 63 69 66 46 45 47 51 53 52 48 50 49 7  2  3  6  0  5  1  4  8  36 43 40 42 39 38 37 44 41 61 59 56 54 62 57 58 55 60 16 15 12 17 10 9  14 11 13 
77 78 73 79 75 80 72 74 76 27 31 34 32 35 28 29 30 33 19 24 23 21 25 18 22 26 20 65 71 68 67 64 70 66 63 69 53 52 51 48 50 49 47 46 45 6  0  5  8  1  4  2  3  7  37 44 41 43 40 36 38 42 39 59 56 61 62 57 54 55 60 58 9  11 15 10 14 13 17 12 16 
78 73 77 80 79 75 76 72 74 35 28 32 29 30 33 34 27 31 25 21 18 20 22 26 19 23 24 66 63 69 71 68 65 70 67 64 52 51 53 50 49 48 46 45 47 3  7  2  5  6  0  8  1  4  39 38 42 37 44 41 40 36 43 62 57 54 55 60 58 59 56 61 10 9  16 11 12 14 15 13 17 
73 77 78 75 80 79 74 76 72 30 33 29 34 27 31 32 35 28 22 20 26 24 19 23 25 18 21 70 67 64 63 69 66 65 71 68 51 53 52 49 48 50 45 47 46 1  4  8  2  3  7  5  6  0  43 40 36 39 38 42 44 41 37 55 60 58 59 56 61 62 57 54 11 10 17 9  13 12 16 14 15 
76 74 72 77 73 78 75 80 79 33 29 30 27 31 34 35 28 32 21 18 25 26 20 22 24 19 23 68 65 71 70 67 64 69 66 63 50 49 48 47 46 45 51 53 52 8  1  4  7  2  3  0  5  6  38 42 39 44 41 37 36 43 40 56 61 59 57 54 62 60 58 55 13 12 11 14 17 16 10 15 9  
74 72 76 78 77 73 79 75 80 31 34 27 35 28 32 30 33 29 20 26 22 23 24 19 21 25 18 69 66 63 65 71 68 64 70 67 49 48 50 46 45 47 53 52 51 5  6  0  4  8  1  7  2  3  40 36 43 38 42 39 41 37 44 57 54 62 60 58 55 56 61 59 14 13 9  12 15 17 11 16 10 
72 76 74 73 78 77 80 79 75 28 32 35 30 33 29 27 31 34 24 23 19 18 21 25 20 22 26 64 70 67 66 63 69 68 65 71 48 50 49 45 47 46 52 51 53 2  3  7  0  5  6  4  8  1  44 41 37 40 36 43 42 39 38 60 58 55 56 61 59 57 54 62 12 14 10 13 16 15 9  17 11 
64 68 69 70 66 65 63 71 67 73 76 80 75 77 74 79 78 72 36 43 40 37 41 44 42 38 39 34 28 30 31 35 29 32 33 27 4  0  7  6  3  1  8  5  2  56 55 54 61 60 62 58 57 59 11 14 16 10 13 15 12 17 9  51 48 47 53 50 46 52 49 45 20 21 19 24 18 23 22 26 25 
71 63 67 68 64 69 70 66 65 76 80 73 77 74 75 78 72 79 39 38 42 40 43 36 37 41 44 27 32 33 34 28 30 35 29 31 1  6  3  5  2  8  4  0  7  54 56 55 62 61 60 59 58 57 13 15 10 12 17 9  16 11 14 50 46 53 49 45 52 48 47 51 18 23 20 26 19 22 21 25 24 
66 70 65 63 71 67 68 64 69 80 73 76 74 75 77 72 79 78 44 41 37 42 38 39 40 43 36 31 35 29 27 32 33 28 30 34 8  5  2  0  7  4  1  6  3  55 54 56 60 62 61 57 59 58 17 9  12 16 11 14 10 13 15 45 52 49 47 51 48 46 53 50 19 22 18 25 20 21 23 24 26 
65 66 70 71 67 63 64 69 68 79 78 72 76 80 73 74 75 77 40 36 43 41 44 37 38 39 42 33 27 32 30 34 28 31 35 29 2  8  5  4  0  7  3  1  6  62 61 60 57 59 58 56 55 54 16 11 14 15 10 13 9  12 17 46 53 50 45 52 49 47 51 48 22 25 23 19 21 24 26 20 18 
67 71 63 64 69 68 66 65 70 72 79 78 73 76 80 77 74 75 37 44 41 38 39 42 43 36 40 30 34 28 29 31 35 27 32 33 3  1  6  8  5  2  7  4  0  61 60 62 59 58 57 55 54 56 12 17 9  14 16 11 15 10 13 48 47 51 50 46 53 49 45 52 23 26 21 18 22 25 24 19 20 
69 64 68 66 65 70 71 67 63 78 72 79 80 73 76 75 77 74 42 39 38 43 36 40 41 44 37 29 31 35 33 27 32 34 28 30 7  4  0  1  6  3  2  8  5  60 62 61 58 57 59 54 56 55 10 13 15 9  12 17 14 16 11 52 49 45 51 48 47 53 50 46 21 24 22 20 23 26 25 18 19 
70 65 66 67 63 71 69 68 64 75 77 74 72 79 78 76 80 73 38 42 39 36 40 43 44 37 41 28 30 34 35 29 31 33 27 32 5  2  8  7  4  0  6  3  1  59 58 57 56 55 54 60 62 61 15 10 13 17 9  12 11 14 16 47 51 48 46 53 50 45 52 49 25 19 26 22 24 20 18 21 23 
63 67 71 69 68 64 65 70 66 74 75 77 78 72 79 73 76 80 43 40 36 44 37 41 39 42 38 35 29 31 32 33 27 30 34 28 6  3  1  2  8  5  0  7  4  58 57 59 55 54 56 62 61 60 14 16 11 13 15 10 17 9  12 49 45 52 48 47 51 50 46 53 26 18 24 23 25 19 20 22 21 
68 69 64 65 70 66 67 63 71 77 74 75 79 78 72 80 73 76 41 37 44 39 42 38 36 40 43 32 33 27 28 30 34 29 31 35 0  7  4  3  1  6  5  2  8  57 59 58 54 56 55 61 60 62 9  12 17 11 14 16 13 15 10 53 50 46 52 49 45 51 48 47 24 20 25 21 26 18 19 23 22 
55 59 62 58 54 61 57 56 60 4  1  8  5  0  6  2  7  3  73 74 79 72 77 80 78 75 76 47 48 51 49 52 45 46 50 53 36 41 42 43 37 39 44 38 40 10 16 12 14 9  15 13 11 17 63 65 64 71 70 69 66 68 67 22 24 18 19 21 26 25 20 23 31 33 27 28 34 29 30 32 35 
57 60 56 62 59 55 61 58 54 6  5  0  7  3  2  4  1  8  74 79 73 80 72 77 76 78 75 52 45 49 46 50 53 51 47 48 43 37 39 40 44 38 41 42 36 13 11 17 16 12 10 15 14 9  65 64 63 70 69 71 68 67 66 20 23 25 24 18 22 21 26 19 32 34 28 29 35 27 31 30 33 
61 54 58 56 60 57 55 62 59 2  7  3  1  8  4  6  5  0  79 73 74 77 80 72 75 76 78 50 53 46 51 47 48 49 52 45 40 44 38 36 41 42 37 39 43 15 14 9  11 17 13 10 16 12 64 63 65 69 71 70 67 66 68 26 19 21 23 25 20 18 22 24 30 35 29 27 33 28 32 31 34 
62 55 59 54 61 58 56 60 57 7  3  2  8  4  1  5  0  6  78 76 75 74 73 79 77 80 72 45 49 52 50 53 46 47 48 51 42 36 41 39 43 37 40 44 38 9  15 14 13 11 17 12 10 16 71 70 69 67 66 68 65 64 63 25 20 23 22 24 18 19 21 26 33 28 30 31 29 32 35 34 27 
56 57 60 59 55 62 58 54 61 1  8  4  0  6  5  7  3  2  76 75 78 79 74 73 72 77 80 53 46 50 47 48 51 52 45 49 39 43 37 38 40 44 36 41 42 12 10 16 15 14 9  17 13 11 70 69 71 66 68 67 64 63 65 21 26 19 20 23 25 24 18 22 34 29 31 32 27 30 33 35 28 
58 61 54 60 57 56 62 59 55 5  0  6  3  2  7  1  8  4  75 78 76 73 79 74 80 72 77 48 51 47 52 45 49 50 53 46 38 40 44 42 36 41 43 37 39 17 13 11 10 16 12 9  15 14 69 71 70 68 67 66 63 65 64 18 22 24 26 19 21 23 25 20 35 27 32 30 28 31 34 33 29 
60 56 57 55 62 59 54 61 58 3  2  7  4  1  8  0  6  5  72 80 77 75 76 78 74 73 79 51 47 48 45 49 52 53 46 50 37 39 43 44 38 40 42 36 41 14 9  15 17 13 11 16 12 10 66 68 67 65 64 63 69 71 70 24 18 22 21 26 19 20 23 25 29 32 33 34 30 35 28 27 31 
54 58 61 57 56 60 59 55 62 8  4  1  6  5  0  3  2  7  80 77 72 78 75 76 79 74 73 49 52 45 53 46 50 48 51 47 44 38 40 41 42 36 39 43 37 16 12 10 9  15 14 11 17 13 68 67 66 64 63 65 71 70 69 23 25 20 18 22 24 26 19 21 27 30 34 35 31 33 29 28 32 
59 62 55 61 58 54 60 57 56 0  6  5  2  7  3  8  4  1  77 72 80 76 78 75 73 79 74 46 50 53 48 51 47 45 49 52 41 42 36 37 39 43 38 40 44 11 17 13 12 10 16 14 9  15 67 66 68 63 65 64 70 69 71 19 21 26 25 20 23 22 24 18 28 31 35 33 32 34 27 29 30 
33 31 28 27 30 35 34 29 32 71 66 64 68 63 70 69 67 65 10 13 15 14 11 16 9  17 12 77 79 76 75 72 73 78 80 74 56 57 60 58 61 54 55 59 62 45 50 51 52 46 48 53 47 49 18 25 21 23 19 24 22 20 26 1  2  0  6  8  7  3  5  4  38 44 43 40 41 36 39 42 37 
32 29 34 33 28 31 30 35 27 65 69 67 71 66 64 63 70 68 14 16 11 17 12 9  13 10 15 76 77 79 73 75 72 74 78 80 61 54 58 55 59 62 60 56 57 52 46 48 49 53 47 50 51 45 22 20 26 25 21 18 24 23 19 2  0  1  8  7  6  5  4  3  36 42 44 41 39 37 40 43 38 
27 35 30 32 34 29 28 31 33 68 63 70 65 69 67 66 64 71 17 9  12 10 15 13 16 14 11 79 76 77 72 73 75 80 74 78 59 62 55 60 56 57 58 61 54 49 53 47 45 50 51 46 48 52 24 23 19 20 26 22 18 25 21 0  1  2  7  6  8  4  3  5  37 43 42 39 40 38 41 44 36 
29 34 32 31 33 28 27 30 35 66 64 71 63 70 68 67 65 69 12 17 9  15 13 10 14 11 16 74 78 80 77 79 76 72 73 75 54 58 61 59 62 55 56 57 60 51 45 50 48 52 46 49 53 47 19 24 23 22 20 26 21 18 25 8  7  6  5  4  3  2  0  1  41 36 38 42 43 39 44 37 40 
35 30 27 29 32 34 33 28 31 69 67 65 66 64 71 70 68 63 15 10 13 11 16 14 17 12 9  80 74 78 76 77 79 75 72 73 62 55 59 56 57 60 61 54 58 48 52 46 47 49 53 45 50 51 21 18 25 24 23 19 26 22 20 7  6  8  4  3  5  0  1  2  39 37 36 43 44 40 42 38 41 
31 28 33 35 27 30 32 34 29 63 70 68 69 67 65 64 71 66 11 14 16 12 9  17 10 15 13 78 80 74 79 76 77 73 75 72 57 60 56 61 54 58 59 62 55 47 49 53 51 45 50 52 46 48 26 22 20 18 25 21 19 24 23 6  8  7  3  5  4  1  2  0  40 38 37 44 42 41 43 36 39 
28 33 31 30 35 27 29 32 34 67 65 69 64 71 66 68 63 70 9  12 17 13 10 15 11 16 14 73 75 72 80 74 78 77 79 76 60 56 57 54 58 61 62 55 59 46 48 52 53 47 49 51 45 50 23 19 24 26 22 20 25 21 18 3  5  4  1  2  0  6  8  7  44 40 39 38 36 42 37 41 43 
34 32 29 28 31 33 35 27 30 70 68 63 67 65 69 71 66 64 13 15 10 16 14 11 12 9  17 72 73 75 78 80 74 76 77 79 58 61 54 62 55 59 57 60 56 53 47 49 50 51 45 48 52 46 25 21 18 19 24 23 20 26 22 5  4  3  2  0  1  8  7  6  42 41 40 36 37 43 38 39 44 
30 27 35 34 29 32 31 33 28 64 71 66 70 68 63 65 69 67 16 11 14 9  17 12 15 13 10 75 72 73 74 78 80 79 76 77 55 59 62 57 60 56 54 58 61 50 51 45 46 48 52 47 49 53 20 26 22 21 18 25 23 19 24 4  3  5  0  1  2  7  6  8  43 39 41 37 38 44 36 40 42 
9  10 11 16 15 17 12 14 13 37 40 42 36 39 44 41 43 38 3  8  0  5  1  7  6  4  2  22 18 24 23 20 25 19 26 21 72 76 74 80 75 79 78 73 77 65 67 69 68 70 63 64 66 71 54 59 60 61 55 57 62 56 58 28 34 30 33 32 27 31 29 35 45 46 50 47 51 52 48 53 49 
11 9  10 15 17 16 14 13 12 43 38 41 42 37 40 36 39 44 6  2  4  8  3  0  1  7  5  25 23 20 26 21 19 22 18 24 74 72 76 79 80 75 77 78 73 70 63 68 64 66 71 69 65 67 61 55 57 58 62 56 59 60 54 31 29 35 28 34 30 33 32 27 46 47 48 45 52 53 49 51 50 
10 11 9  17 16 15 13 12 14 39 44 36 41 43 38 42 37 40 1  5  7  2  6  4  3  0  8  19 26 21 18 24 22 25 23 20 76 74 72 75 79 80 73 77 78 66 71 64 69 65 67 68 70 63 58 62 56 54 59 60 55 57 61 33 32 27 31 29 35 28 34 30 47 45 49 46 53 51 50 52 48 
17 15 16 14 13 12 9  11 10 41 43 38 40 42 37 44 36 39 0  3  8  1  7  5  4  2  6  26 21 19 24 22 18 23 20 25 77 78 73 72 76 74 75 79 80 63 68 70 66 71 64 65 67 69 60 54 59 57 61 55 58 62 56 27 33 32 35 31 29 30 28 34 48 49 52 50 46 47 53 45 51 
16 17 15 13 12 14 11 10 9  36 39 44 38 41 43 40 42 37 4  6  2  3  0  8  7  5  1  18 24 22 20 25 23 26 21 19 73 77 78 74 72 76 80 75 79 71 64 66 65 67 69 70 63 68 57 61 55 56 58 62 54 59 60 30 28 34 27 33 32 35 31 29 49 50 53 48 47 45 51 46 52 
15 16 17 12 14 13 10 9  11 42 37 40 44 36 39 38 41 43 7  1  5  6  4  2  0  8  3  23 20 25 21 19 26 18 24 22 78 73 77 76 74 72 79 80 75 67 69 65 70 63 68 66 71 64 56 58 62 60 54 59 61 55 57 35 31 29 30 28 34 27 33 32 50 48 51 49 45 46 52 47 53 
14 12 13 10 9  11 16 15 17 40 42 37 39 44 36 43 38 41 2  4  6  0  8  3  5  1  7  21 19 26 22 18 24 20 25 23 79 80 75 73 77 78 72 76 74 69 65 67 63 68 70 71 64 66 55 57 61 62 56 58 60 54 59 32 27 33 29 35 31 34 30 28 51 52 45 53 50 48 46 49 47 
13 14 12 9  11 10 15 17 16 38 41 43 37 40 42 39 44 36 5  7  1  4  2  6  8  3  0  24 22 18 25 23 20 21 19 26 75 79 80 78 73 77 74 72 76 68 70 63 71 64 66 67 69 65 62 56 58 59 60 54 57 61 55 34 30 28 32 27 33 29 35 31 52 53 46 51 48 49 47 50 45 
12 13 14 11 10 9  17 16 15 44 36 39 43 38 41 37 40 42 8  0  3  7  5  1  2  6  4  20 25 23 19 26 21 24 22 18 80 75 79 77 78 73 76 74 72 64 66 71 67 69 65 63 68 70 59 60 54 55 57 61 56 58 62 29 35 31 34 30 28 32 27 33 53 51 47 52 49 50 45 48 46 
43 37 39 42 41 36 40 38 44 20 18 19 25 24 26 22 21 23 49 46 51 45 48 53 50 52 47 15 12 11 14 10 17 16 13 9  31 28 33 32 29 34 27 35 30 75 74 77 73 80 76 78 79 72 2  4  6  5  7  1  0  3  8  63 66 69 67 70 64 71 65 68 61 58 60 54 62 59 57 55 56 
38 40 44 37 43 39 42 41 36 18 19 20 24 26 25 21 23 22 47 52 50 51 46 49 45 48 53 9  16 13 15 12 11 10 17 14 34 32 29 35 30 27 31 28 33 77 75 74 76 73 80 72 78 79 7  1  5  0  3  8  6  2  4  70 64 67 65 68 71 66 69 63 62 59 61 55 60 57 58 56 54 
41 42 36 40 38 44 37 43 39 19 20 18 26 25 24 23 22 21 53 48 45 50 52 47 51 46 49 14 10 17 9  16 13 12 11 15 27 35 30 28 33 31 34 32 29 74 77 75 80 76 73 79 72 78 3  8  0  6  2  4  5  7  1  68 71 65 69 63 66 64 67 70 60 57 62 56 61 58 59 54 55 
42 36 41 44 40 38 39 37 43 25 24 26 23 22 21 18 19 20 52 50 47 49 51 46 53 45 48 12 11 15 10 17 14 13 9  16 35 30 27 33 31 28 32 29 34 72 78 79 75 74 77 80 76 73 1  5  7  3  8  0  2  4  6  69 63 66 64 67 70 68 71 65 56 60 55 57 54 61 62 58 59 
37 39 43 36 42 41 44 40 38 24 26 25 22 21 23 19 20 18 48 45 53 47 50 52 49 51 46 16 13 9  12 11 15 17 14 10 28 33 31 29 34 32 35 30 27 79 72 78 77 75 74 73 80 76 8  0  3  2  4  6  7  1  5  67 70 64 71 65 68 63 66 69 54 61 56 58 55 62 60 59 57 
40 44 38 39 37 43 36 42 41 26 25 24 21 23 22 20 18 19 46 51 49 53 45 48 47 50 52 10 17 14 16 13 9  11 15 12 32 29 34 30 27 35 28 33 31 78 79 72 74 77 75 76 73 80 4  6  2  7  1  5  3  8  0  65 68 71 66 69 63 70 64 67 55 62 54 59 56 60 61 57 58 
36 41 42 38 44 40 43 39 37 22 21 23 18 19 20 26 25 24 51 49 46 48 53 45 52 47 50 13 9  16 11 15 12 14 10 17 30 27 35 31 28 33 29 34 32 76 73 80 79 72 78 75 74 77 6  2  4  1  5  7  8  0  3  64 67 70 68 71 65 69 63 66 57 56 59 60 58 54 55 61 62 
39 43 37 41 36 42 38 44 40 21 23 22 19 20 18 25 24 26 50 47 52 46 49 51 48 53 45 17 14 10 13 9  16 15 12 11 33 31 28 34 32 29 30 27 35 80 76 73 78 79 72 77 75 74 5  7  1  8  0  3  4  6  2  71 65 68 63 66 69 67 70 64 58 54 57 61 59 55 56 62 60 
44 38 40 43 39 37 41 36 42 23 22 21 20 18 19 24 26 25 45 53 48 52 47 50 46 49 51 11 15 12 17 14 10 9  16 13 29 34 32 27 35 30 33 31 28 73 80 76 72 78 79 74 77 75 0  3  8  4  6  2  1  5  7  66 69 63 70 64 67 65 68 71 59 55 58 62 57 56 54 60 61 
3  1  6  4  7  0  8  2  5  48 46 52 51 50 45 53 49 47 28 29 27 34 33 35 31 30 32 55 58 60 54 57 62 59 61 56 24 21 20 23 18 26 25 22 19 40 37 42 41 38 43 36 44 39 80 77 72 79 73 74 78 76 75 9  13 16 10 14 17 11 12 15 66 65 71 70 64 69 67 68 63 
0  7  4  2  5  8  3  6  1  53 49 47 46 52 48 45 51 50 27 28 29 33 35 34 30 32 31 61 56 59 60 55 58 54 57 62 19 25 22 24 21 20 18 26 23 43 41 38 44 39 36 40 37 42 72 80 77 74 79 73 75 78 76 17 10 14 15 11 12 16 9  13 67 63 69 71 65 70 68 66 64 
8  5  2  6  1  3  0  4  7  45 51 50 49 47 53 48 46 52 29 27 28 35 34 33 32 31 30 57 62 54 59 61 56 60 55 58 23 18 26 19 25 22 21 20 24 36 44 39 37 42 40 43 41 38 77 72 80 73 74 79 76 75 78 12 15 11 13 16 9  14 17 10 68 64 70 69 63 71 66 67 65 
5  2  8  3  6  1  7  0  4  47 53 49 48 46 52 50 45 51 34 35 33 30 32 31 29 28 27 60 55 58 62 54 57 56 59 61 18 26 23 25 22 19 20 24 21 41 38 43 39 36 44 37 42 40 78 76 75 77 72 80 74 79 73 13 16 9  14 17 10 12 15 11 69 68 65 64 67 63 70 71 66 
1  6  3  0  4  7  5  8  2  50 45 51 53 49 47 52 48 46 33 34 35 32 31 30 28 27 29 59 61 56 58 60 55 62 54 57 21 20 24 18 26 23 22 19 25 44 39 36 42 40 37 41 38 43 75 78 76 80 77 72 73 74 79 10 14 17 11 12 15 9  13 16 70 66 63 65 68 64 71 69 67 
7  4  0  8  2  5  1  3  6  52 48 46 45 51 50 47 53 49 35 33 34 31 30 32 27 29 28 54 57 62 56 59 61 58 60 55 25 22 19 21 20 24 26 23 18 37 42 40 38 43 41 44 39 36 76 75 78 72 80 77 79 73 74 15 11 12 16 9  13 17 10 14 71 67 64 63 66 65 69 70 68 
4  0  7  5  8  2  6  1  3  51 50 45 47 53 49 46 52 48 30 31 32 28 27 29 35 34 33 58 60 55 57 62 54 61 56 59 22 19 25 20 24 21 23 18 26 39 36 44 40 37 42 38 43 41 74 79 73 76 75 78 80 77 72 16 9  13 17 10 14 15 11 12 63 71 68 67 70 66 64 65 69 
2  8  5  1  3  6  4  7  0  46 52 48 50 45 51 49 47 53 32 30 31 27 29 28 34 33 35 56 59 61 55 58 60 57 62 54 26 23 18 22 19 25 24 21 20 42 40 37 43 41 38 39 36 44 73 74 79 78 76 75 72 80 77 14 17 10 12 15 11 13 16 9  64 69 66 68 71 67 65 63 70 
6  3  1  7  0  4  2  5  8  49 47 53 52 48 46 51 50 45 31 32 30 29 28 27 33 35 34 62 54 57 61 56 59 55 58 60 20 24 21 26 23 18 19 25 22 38 43 41 36 44 39 42 40 37 79 73 74 75 78 76 77 72 80 11 12 15 9  13 16 10 14 17 65 70 67 66 69 68 63 64 71 
48 50 49 51 52 53 45 46 47 60 61 62 55 56 54 59 57 58 67 66 68 70 71 69 63 64 65 4  5  3  8  6  7  0  2  1  9  10 11 12 13 14 15 16 17 26 24 25 19 18 20 22 23 21 29 27 28 32 30 31 35 33 34 37 38 36 39 40 41 43 44 42 75 80 74 79 77 73 76 78 72 
51 53 52 47 45 46 49 50 48 55 56 54 58 59 57 61 62 60 64 63 65 67 68 66 69 70 71 5  3  4  6  7  8  2  1  0  16 17 15 11 9  10 12 13 14 21 22 23 26 24 25 18 20 19 31 32 30 33 34 35 29 27 28 36 37 38 41 39 40 42 43 44 72 74 78 76 79 75 77 80 73 
49 48 50 52 53 51 46 47 45 57 58 59 62 60 61 55 56 54 63 65 64 66 67 68 71 69 70 7  8  6  2  1  0  4  5  3  11 9  10 14 12 13 17 15 16 18 20 19 22 23 21 25 26 24 32 30 31 34 35 33 27 28 29 43 44 42 37 38 36 39 40 41 80 79 76 75 73 78 72 77 74 
47 46 45 48 49 50 52 53 51 58 59 57 60 61 62 56 54 55 70 69 71 64 65 63 66 67 68 3  4  5  7  8  6  1  0  2  13 14 12 15 16 17 11 9  10 19 18 20 21 22 23 24 25 26 35 33 34 27 28 29 31 32 30 38 36 37 40 41 39 44 42 43 73 78 80 77 76 72 79 74 75 
50 49 48 53 51 52 47 45 46 56 54 55 59 57 58 62 60 61 71 70 69 65 63 64 67 68 66 0  2  1  5  3  4  7  8  6  10 11 9  13 14 12 16 17 15 23 21 22 25 26 24 19 18 20 34 35 33 29 27 28 30 31 32 39 40 41 43 44 42 37 38 36 79 75 72 80 78 77 74 73 76 
53 52 51 46 47 45 48 49 50 59 57 58 61 62 60 54 55 56 68 67 66 71 69 70 64 65 63 2  1  0  3  4  5  8  6  7  17 15 16 9  10 11 13 14 12 20 19 18 23 21 22 26 24 25 28 29 27 31 32 30 34 35 33 41 39 40 42 43 44 36 37 38 76 72 73 74 80 79 78 75 77 
52 51 53 45 46 47 50 48 49 62 60 61 54 55 56 58 59 57 69 71 70 63 64 65 68 66 67 8  6  7  1  0  2  5  3  4  15 16 17 10 11 9  14 12 13 24 25 26 18 20 19 23 21 22 33 34 35 28 29 27 32 30 31 42 43 44 36 37 38 41 39 40 74 76 77 72 75 80 73 79 78 
46 45 47 50 48 49 51 52 53 61 62 60 56 54 55 57 58 59 65 64 63 68 66 67 70 71 69 1  0  2  4  5  3  6  7  8  14 12 13 16 17 15 9  10 11 25 26 24 20 19 18 21 22 23 30 31 32 35 33 34 28 29 27 40 41 39 44 42 43 38 36 37 77 73 75 78 74 76 80 72 79 
45 47 46 49 50 48 53 51 52 54 55 56 57 58 59 60 61 62 66 68 67 69 70 71 65 63 64 6  7  8  0  2  1  3  4  5  12 13 14 17 15 16 10 11 9  22 23 21 24 25 26 20 19 18 27 28 29 30 31 32 33 34 35 44 42 43 38 36 37 40 41 39 78 77 79 73 72 74 75 76 80 
