0  3  80 1  73 12 18 51 63 45 78 62 5  44 16 56 14 46 6  79 68 31 66 30 65 40 36 64 60 42 23 21 59 48 76 52 26 74 71 54 25 67 29 55 13 9  17 61 33 77 70 7  35 57 39 43 15 53 72 32 28 47 11 8  27 24 22 41 20 75 50 38 58 4  37 69 34 49 10 19 2  
80 1  3  2  15 35 37 13 20 73 38 63 26 7  67 4  33 56 34 42 8  66 28 43 60 65 12 62 22 76 64 77 51 16 18 5  46 6  10 53 55 47 19 23 50 75 36 41 69 71 44 32 74 39 59 40 17 68 79 54 24 70 27 11 30 25 21 14 57 48 61 49 78 9  52 45 29 31 72 58 0  
1  0  2  80 68 9  69 44 41 5  29 26 27 45 40 52 63 73 58 47 64 78 53 56 49 70 11 12 35 10 37 55 77 50 51 28 75 30 59 65 14 8  60 67 7  13 48 19 46 24 33 34 15 22 72 31 23 66 18 38 42 76 74 16 20 39 57 43 4  6  25 79 54 17 62 36 61 32 21 71 3  
2  80 0  3  72 45 68 54 69 13 76 66 55 9  59 46 79 35 47 71 42 27 63 37 40 38 57 21 74 62 73 44 48 39 65 17 67 23 25 33 24 51 20 60 31 5  15 18 32 75 53 41 58 50 7  12 70 26 52 14 43 77 29 22 78 34 11 36 6  8  56 19 4  30 28 49 10 61 64 16 1  
64 22 56 41 4  80 7  6  77 55 19 59 38 70 21 28 42 52 61 10 79 14 1  68 62 43 48 73 15 71 57 39 67 66 60 46 63 58 12 31 47 3  16 25 53 50 35 40 26 54 45 72 17 44 49 9  2  30 37 11 34 18 24 36 0  69 33 32 23 65 13 29 51 27 76 78 74 8  75 20 5  
31 10 51 61 7  5  80 4  64 34 1  23 21 55 65 37 52 49 27 39 56 12 73 11 54 28 67 18 25 60 47 0  44 78 9  38 71 15 35 19 62 74 69 70 32 77 72 30 79 17 66 2  16 59 24 13 20 75 68 53 29 3  40 76 8  14 50 26 58 42 43 36 46 22 41 57 63 45 33 48 6  
35 17 45 10 5  4  6  80 22 78 3  20 62 69 26 71 27 1  52 48 11 63 8  75 28 67 14 16 24 65 59 64 39 53 43 0  41 56 57 32 77 36 55 34 70 2  74 60 19 58 79 66 18 33 73 42 37 38 49 30 47 72 12 21 31 29 51 25 76 13 44 15 61 54 46 23 68 40 9  50 7  
79 77 27 23 80 6  5  7  14 47 74 32 44 31 8  20 66 64 33 51 15 62 70 3  76 55 69 2  34 38 48 13 11 18 28 58 42 54 29 63 67 56 36 59 12 71 78 9  30 53 65 19 73 49 37 25 41 61 35 43 72 57 21 39 17 50 16 40 75 26 22 45 60 52 10 68 24 1  46 0  4  
70 65 76 52 66 75 55 46 8  80 11 10 30 62 78 24 54 74 36 38 25 37 42 40 15 20 34 45 43 35 12 72 49 77 26 29 18 21 19 47 23 61 22 28 51 27 7  39 59 32 63 44 3  56 16 6  53 64 69 48 68 41 13 50 57 1  4  79 60 58 0  73 31 71 17 5  2  33 14 67 9  
15 21 34 42 32 51 65 49 11 9  80 8  41 20 24 0  31 44 64 74 13 1  39 61 14 36 52 30 54 78 27 16 4  46 2  71 25 40 72 22 37 12 3  58 17 56 33 53 68 7  57 5  26 47 28 67 45 50 43 79 69 23 75 77 18 6  73 55 48 60 76 35 38 66 19 62 70 63 29 59 10 
57 35 17 68 70 38 76 42 9  8  10 80 48 19 64 51 41 2  56 13 54 47 26 39 30 62 22 61 49 73 24 50 71 79 66 1  74 55 5  23 65 16 7  45 58 43 67 21 12 28 31 15 59 78 20 37 18 0  44 52 75 27 25 72 14 40 34 46 3  77 4  32 63 29 36 60 6  69 53 33 11 
14 79 72 75 69 74 60 29 80 10 9  11 45 61 0  17 62 15 57 30 47 55 68 41 39 77 54 53 50 7  19 37 38 73 78 70 48 31 32 24 76 23 64 46 56 12 43 20 36 66 28 71 67 27 26 21 44 18 63 65 6  13 16 58 42 59 49 52 22 4  35 51 2  33 5  3  40 25 34 1  8  
21 70 7  19 42 31 51 2  36 50 54 34 12 80 15 14 38 75 30 3  48 0  29 69 37 58 61 44 79 22 18 5  40 47 11 76 8  24 16 64 32 57 4  65 27 78 68 33 20 59 9  6  72 77 10 71 74 41 25 49 73 26 66 67 39 43 62 63 46 23 1  55 52 60 56 17 35 53 45 28 13 
36 31 6  20 10 49 2  77 43 42 4  68 15 13 80 12 25 55 66 70 3  29 61 50 51 16 44 38 62 21 35 1  79 65 73 30 0  57 27 74 78 52 9  8  26 69 56 64 72 5  23 24 41 75 71 17 46 37 76 63 67 22 28 59 47 33 18 60 11 45 19 54 48 34 39 53 58 7  40 32 14 
62 75 53 44 74 71 32 78 46 48 33 16 13 12 14 80 11 41 23 28 34 76 40 18 68 42 39 60 19 72 54 59 6  10 20 56 65 51 73 26 22 17 25 49 3  67 8  70 9  43 69 37 77 2  30 57 35 55 61 31 27 58 0  66 79 36 63 45 24 50 47 5  29 38 4  1  21 52 7  64 15 
45 28 33 57 22 32 34 58 38 56 75 48 80 14 13 15 73 36 62 24 35 79 4  53 19 66 46 59 1  54 67 69 5  2  6  20 17 44 8  41 72 39 49 71 37 0  26 76 11 42 52 60 50 23 29 70 9  3  7  27 51 78 18 65 74 63 25 30 77 31 55 43 40 16 64 10 47 68 61 21 12 
11 55 46 65 12 60 23 26 44 43 30 0  4  37 62 61 16 80 19 18 71 39 45 6  41 57 7  75 59 52 10 58 53 40 79 47 76 13 42 21 33 24 38 9  8  22 2  35 63 56 67 54 29 32 51 1  49 25 31 28 5  15 14 48 68 3  69 50 64 66 74 20 77 78 70 27 36 72 73 34 17 
23 37 29 40 25 13 56 45 34 72 73 36 33 5  63 48 19 17 80 16 57 61 62 0  35 4  74 68 39 2  46 76 69 12 8  24 11 1  44 28 3  66 58 52 38 7  30 75 15 55 59 53 43 51 79 49 6  20 42 50 78 21 22 14 71 77 41 70 27 32 67 64 9  10 26 47 31 65 60 54 18 
52 44 32 28 49 76 35 43 12 37 26 39 8  48 42 69 17 16 18 80 29 41 56 25 57 23 10 63 3  20 36 62 2  59 50 6  30 9  68 11 64 21 14 7  1  60 51 74 13 4  34 46 0  71 61 79 22 24 77 33 45 54 31 27 40 73 72 78 38 15 75 53 66 65 47 70 5  58 67 55 19 
7  54 67 55 13 50 31 0  15 60 70 25 71 4  58 8  80 18 17 19 41 35 52 73 38 11 78 34 61 40 77 6  56 72 27 21 68 53 24 66 29 20 59 47 65 57 49 43 64 46 5  79 22 37 1  3  32 45 14 42 9  28 76 75 48 44 39 2  36 74 10 12 33 23 69 63 62 30 26 51 16 
43 25 24 9  53 62 47 35 65 3  12 60 10 42 52 58 67 76 75 26 20 80 23 22 2  1  19 69 73 70 33 57 36 30 77 7  32 72 66 51 56 78 13 0  79 59 61 6  54 64 71 39 14 4  48 68 40 31 15 45 11 46 5  74 49 8  38 16 55 27 29 50 37 28 63 18 17 34 41 44 21 
5  73 70 36 76 0  57 48 60 66 59 28 31 51 74 72 56 69 53 65 23 21 80 20 29 78 77 67 11 24 62 12 61 58 75 44 3  68 63 49 79 71 46 64 35 54 42 52 7  39 55 13 47 18 45 50 16 6  33 10 8  32 30 38 43 19 9  27 37 17 2  41 15 1  14 34 4  26 25 40 22 
32 15 14 64 28 79 42 60 55 30 18 13 58 11 2  1  36 77 10 46 21 20 22 80 34 29 56 39 4  25 9  74 0  57 24 43 16 50 75 27 53 54 6  35 71 76 19 69 73 52 37 67 49 40 41 8  26 33 12 66 7  68 65 78 3  62 59 51 61 47 72 44 70 48 31 38 45 17 63 5  23 
46 29 4  54 2  41 27 37 59 35 44 74 28 64 25 65 75 30 42 45 80 22 21 23 31 14 49 6  12 1  17 24 78 60 72 9  66 7  77 58 48 5  18 76 10 19 0  50 40 26 47 55 70 63 3  51 68 73 39 8  33 71 67 53 13 15 36 62 56 79 52 61 34 57 11 16 43 38 32 69 20 
58 46 64 17 45 43 53 73 19 68 16 18 63 21 48 38 10 3  11 8  49 13 69 32 24 80 27 26 33 51 41 78 23 28 47 40 60 67 15 57 35 30 66 5  55 4  1  34 14 20 62 29 76 6  70 44 79 39 0  77 36 74 50 12 2  72 42 37 9  22 54 75 65 7  61 71 52 59 31 56 25 
75 8  21 50 52 72 73 39 1  79 32 30 22 57 18 76 37 43 14 77 65 2  12 42 27 25 80 24 46 58 11 49 10 51 68 48 59 16 53 7  69 44 23 17 41 74 28 66 35 31 3  33 4  38 67 63 61 13 29 36 64 56 71 55 60 20 47 54 34 40 78 62 5  6  45 0  15 19 70 9  26 
13 61 54 15 71 53 39 66 17 62 56 72 70 0  32 3  69 8  22 41 78 64 18 33 25 24 26 80 37 48 65 79 14 23 74 51 44 28 47 6  50 19 45 77 36 42 57 38 29 60 40 35 75 5  2  76 10 46 73 67 49 1  9  68 21 30 7  59 63 16 12 4  11 58 34 52 55 43 20 31 27 
4  41 44 67 0  63 75 12 49 22 31 43 7  33 56 70 23 79 76 29 72 36 9  16 80 26 25 27 52 19 39 10 45 13 40 60 21 69 65 30 34 1  48 11 2  32 53 62 42 8  61 78 28 46 68 59 14 77 74 55 35 50 47 5  73 38 71 3  54 37 15 66 20 64 58 6  18 57 51 17 24 
71 4  57 47 1  46 33 56 13 77 40 55 69 8  61 22 68 67 74 58 32 50 15 79 53 72 45 51 28 80 31 30 20 6  41 66 73 42 60 70 10 34 37 62 75 26 5  3  76 65 21 27 78 24 63 11 7  2  19 64 38 14 43 54 59 49 35 17 16 12 39 0  25 36 18 44 48 9  52 23 29 
61 43 73 33 26 16 9  32 79 6  17 38 25 24 57 64 5  10 70 34 75 51 58 76 13 12 4  40 31 29 80 28 7  3  19 67 77 46 11 62 27 59 47 1  69 66 37 42 71 63 56 21 60 68 74 72 50 14 22 41 52 0  39 49 15 78 45 35 53 44 18 48 55 2  54 20 23 36 65 8  30 
17 32 79 70 34 58 72 21 18 39 41 77 36 75 50 42 24 0  8  25 63 7  27 46 16 19 55 22 29 28 30 80 1  74 4  53 12 71 40 9  38 10 15 66 78 52 23 68 62 67 14 64 45 35 69 26 73 60 5  61 57 59 48 20 51 76 43 49 47 54 3  37 6  56 33 13 65 11 44 2  31 
12 7  36 14 35 21 48 1  53 58 61 73 0  77 3  18 43 20 15 64 17 5  51 78 32 34 38 50 80 30 29 31 24 37 25 4  2  33 26 46 60 70 63 16 59 65 39 79 6  68 27 22 71 8  66 75 72 76 9  44 40 10 69 42 19 45 54 74 49 62 41 52 56 11 67 55 57 13 23 47 28 
66 64 58 43 55 37 26 38 27 67 62 29 68 52 39 44 74 21 77 63 73 17 59 31 78 71 6  8  36 11 51 23 32 80 35 34 28 5  7  14 46 79 50 3  15 49 40 65 60 45 42 30 13 70 57 4  75 54 2  22 48 69 10 19 1  47 0  9  12 61 53 25 76 20 16 56 72 18 24 41 33 
41 40 52 62 8  69 24 59 4  70 64 31 75 38 79 50 55 47 43 36 74 45 71 49 6  61 60 65 53 39 63 11 35 33 80 32 19 73 13 29 1  0  78 18 57 21 76 17 67 23 15 56 2  28 58 16 51 44 54 7  26 25 3  30 10 27 77 48 72 5  9  22 68 37 20 12 46 66 42 14 34 
39 50 5  16 57 2  71 41 74 51 55 45 78 59 77 43 3  26 44 40 52 46 47 62 69 49 17 29 56 27 60 68 33 32 34 80 61 66 58 0  19 7  75 15 18 11 21 22 70 25 1  9  20 64 76 10 28 4  38 13 30 36 23 73 53 79 37 72 31 24 48 6  67 63 8  42 54 14 12 65 35 
18 38 66 24 39 10 52 15 67 61 5  42 59 53 27 7  72 40 0  44 58 65 37 71 3  74 68 14 57 79 75 46 80 34 33 35 54 22 1  4  17 73 11 50 19 48 31 77 45 76 43 63 6  13 36 69 60 28 20 12 56 9  78 51 70 21 2  8  26 55 64 23 16 41 25 30 49 47 62 29 32 
44 24 55 27 47 14 58 10 30 59 7  15 18 26 5  11 45 48 12 72 28 67 76 52 1  79 13 3  20 56 8  75 73 68 64 62 36 80 39 38 63 49 74 57 0  16 60 4  17 41 77 69 23 61 78 2  29 43 6  9  46 53 35 40 34 71 70 21 33 51 66 65 19 32 42 31 22 50 54 25 37 
77 56 71 7  75 44 17 3  68 64 34 33 67 25 70 32 57 6  40 76 27 60 43 54 63 13 42 20 45 41 79 73 15 11 10 50 39 37 80 36 18 29 26 22 5  28 59 51 65 74 35 47 61 62 23 66 1  16 78 46 21 52 53 24 9  48 55 12 8  72 14 2  69 31 49 4  19 0  58 30 38 
28 5  62 53 16 1  21 11 24 17 35 7  42 65 43 19 4  9  67 15 61 6  41 55 8  50 79 33 0  32 45 47 29 27 48 10 37 36 38 80 52 22 12 14 72 30 66 31 34 73 25 77 40 3  75 23 76 63 70 74 71 20 2  57 69 13 46 18 78 64 58 60 44 49 59 54 56 51 68 26 39 
76 69 60 29 46 66 14 55 73 27 58 57 52 78 6  77 49 70 24 50 59 56 30 44 18 63 32 9  67 3  22 35 26 62 54 31 80 38 37 39 74 68 65 75 23 51 4  71 53 16 19 45 12 48 34 7  21 11 10 20 2  79 33 25 72 42 5  28 41 1  17 47 64 8  40 43 0  15 13 61 36 
69 16 22 35 36 20 70 61 48 18 49 51 46 39 53 21 1  24 9  27 5  15 2  59 17 75 58 19 65 34 52 66 68 55 29 3  4  64 45 13 40 80 43 42 77 38 12 63 8  10 73 11 30 14 60 33 62 67 26 23 54 7  56 47 37 28 31 57 32 0  6  76 79 50 78 25 71 44 74 72 41 
48 62 61 72 51 11 49 28 76 57 24 5  50 32 66 68 30 63 71 78 26 53 75 74 10 64 20 47 7  46 16 65 13 67 56 69 58 59 54 77 43 41 80 40 60 70 29 27 0  6  12 4  79 21 38 73 34 9  36 37 44 2  1  17 25 31 14 33 15 35 45 18 3  55 23 22 8  39 19 52 42 
47 59 39 13 38 33 8  74 6  20 36 70 16 3  23 67 12 51 25 54 9  34 55 14 79 18 28 77 26 61 49 71 76 5  21 64 10 45 4  2  41 40 42 80 68 37 75 0  57 30 72 17 63 58 19 22 66 48 53 1  65 29 73 52 35 60 56 15 44 78 11 31 50 62 7  46 32 27 69 24 43 
68 76 19 48 17 54 15 33 62 31 63 53 56 28 73 6  58 4  59 2  55 26 50 29 70 52 21 46 13 23 78 9  60 7  71 37 69 35 49 61 80 42 41 43 66 72 27 67 3  38 22 57 25 11 5  20 12 51 16 18 32 39 8  10 77 74 44 47 0  36 24 34 45 14 65 79 1  64 30 75 40 
26 34 12 59 20 15 40 27 54 38 39 52 2  36 31 5  51 72 50 21 4  19 33 58 61 60 0  7  48 63 43 14 37 22 1  65 13 32 9  10 6  64 73 30 44 80 47 46 28 69 18 16 11 79 8  74 67 71 23 3  25 24 68 29 41 35 78 56 62 49 77 57 17 42 55 76 75 70 66 53 45 
56 14 69 77 62 61 13 64 32 15 72 78 34 6  1  9  76 71 55 73 39 58 36 57 50 35 37 49 42 68 40 41 8  54 12 25 22 26 52 20 30 31 28 63 47 45 80 44 74 27 24 59 38 66 33 18 0  23 21 51 79 5  4  43 7  70 53 75 29 2  65 17 10 19 48 67 16 3  11 60 46 
30 60 63 26 31 25 50 14 78 76 69 27 32 71 7  57 48 23 65 52 38 75 49 17 36 5  3  11 72 59 0  4  12 70 42 39 24 41 20 35 68 37 34 53 45 44 46 80 16 22 6  73 19 43 56 62 54 15 64 29 1  66 55 2  58 18 61 77 40 10 33 13 28 51 79 21 9  67 8  74 47 
29 27 43 74 63 68 11 53 71 49 52 6  17 23 37 25 77 12 28 67 60 59 24 13 22 15 31 1  18 0  58 26 57 75 69 72 40 14 79 73 36 62 61 2  80 46 45 47 55 9  64 70 10 7  65 48 78 32 30 21 20 42 41 4  50 54 76 19 5  34 51 8  35 39 3  33 66 16 56 38 44 
67 39 16 60 29 22 64 62 23 24 20 17 54 66 68 36 2  11 72 31 10 30 5  8  9  45 71 57 75 4  21 19 43 41 58 74 15 61 70 1  59 33 77 32 76 25 63 56 48 80 51 50 65 69 12 78 47 27 34 40 3  37 7  46 6  52 13 0  14 53 38 26 18 79 35 28 44 42 55 73 49 
37 72 20 11 61 55 36 47 45 53 65 3  35 17 38 30 21 13 54 22 2  16 19 60 64 68 33 32 40 44 15 34 27 26 31 12 6  0  14 56 28 58 67 73 29 8  52 7  51 49 80 48 46 9  18 5  39 79 41 76 23 4  70 69 24 10 75 42 25 63 62 78 1  43 77 66 59 74 71 57 50 
8  18 15 38 24 39 74 68 0  41 27 21 57 47 54 2  20 60 1  66 16 11 35 64 4  53 73 10 55 36 69 61 72 52 44 22 29 43 3  5  58 9  76 37 34 62 79 13 49 48 50 80 33 25 14 28 77 12 40 78 17 31 45 70 23 75 19 71 7  30 63 67 32 26 6  65 42 56 59 46 51 
19 30 9  4  3  34 62 79 16 2  60 76 66 29 47 75 8  58 73 0  45 24 74 38 21 56 63 52 78 13 1  67 64 61 5  68 43 70 23 59 71 72 53 36 54 20 65 14 80 50 49 51 27 42 44 77 25 69 17 39 10 33 6  26 32 46 12 31 35 57 37 40 41 18 22 15 11 55 28 7  48 
6  57 50 69 43 29 0  24 58 75 21 56 64 79 34 33 60 25 35 49 77 10 46 66 7  17 62 78 51 5  38 42 41 15 14 18 70 48 30 72 45 32 31 4  67 40 22 59 37 19 2  28 52 80 55 54 11 1  8  47 16 65 26 71 12 61 23 44 74 3  36 63 39 76 68 9  73 20 27 13 53 
10 48 40 25 79 67 28 9  72 7  0  46 73 30 22 63 70 42 41 62 44 71 14 65 33 3  59 43 6  45 13 56 74 24 36 75 34 76 50 69 2  18 17 27 20 29 11 49 1  47 38 58 55 53 80 52 31 78 51 26 77 64 19 15 61 23 68 5  66 39 16 21 8  12 32 35 37 60 57 4  54 
34 42 11 37 18 70 25 23 51 63 48 2  20 46 69 74 44 27 4  59 12 33 38 7  43 6  72 17 77 64 50 40 47 21 0  78 62 3  22 76 31 75 1  24 16 58 13 32 10 61 30 8  53 52 54 80 71 65 45 19 66 49 36 9  29 57 60 73 79 14 5  56 26 67 15 41 39 28 35 68 55 
20 33 75 71 67 17 22 63 42 32 66 50 19 49 29 27 40 5  60 12 0  28 6  77 74 39 65 15 21 14 76 36 9  1  37 41 31 34 51 25 16 35 8  68 61 79 64 78 56 13 11 38 80 54 53 55 48 72 62 70 18 44 58 7  46 26 10 4  43 73 59 3  57 69 24 2  30 23 47 45 52 
9  6  68 30 23 40 1  34 31 0  22 67 65 54 60 45 39 37 26 75 62 49 10 4  42 33 18 35 41 77 3  8  63 25 7  27 50 17 64 16 5  28 24 74 52 15 71 55 78 21 36 61 44 72 13 47 56 80 59 58 14 51 20 32 38 12 79 11 2  76 73 46 53 70 43 19 69 29 48 66 57 
78 74 35 46 60 8  63 40 5  12 53 24 9  16 72 26 13 31 39 23 76 38 44 19 11 37 15 42 66 55 34 17 65 71 30 2  51 25 21 18 7  50 27 69 22 73 3  54 77 62 41 36 68 10 47 29 59 57 80 56 4  67 49 6  75 32 28 61 52 43 79 33 14 45 1  64 20 48 0  70 58 
65 11 77 8  78 47 41 20 3  16 23 1  29 67 28 35 9  53 32 61 7  54 25 10 72 22 50 71 14 12 68 43 18 45 70 15 49 75 48 44 73 6  51 31 39 33 55 5  38 36 26 42 69 17 21 46 57 56 58 80 76 19 64 79 62 0  74 13 30 52 34 27 24 40 66 37 60 2  4  63 59 
22 19 74 31 65 26 61 18 40 25 47 69 76 73 44 55 64 78 7  1  51 52 0  48 71 9  5  70 68 37 72 3  66 43 63 49 79 29 62 45 8  46 54 33 14 39 41 10 23 35 60 20 21 67 42 15 80 58 57 59 50 6  38 34 16 4  32 53 28 11 27 24 30 13 2  77 12 75 17 36 56 
38 36 65 32 30 52 20 70 37 74 15 47 53 58 35 10 29 59 79 69 6  68 72 26 46 41 23 56 71 16 4  54 3  49 57 14 1  8  0  42 66 25 39 48 64 55 24 11 43 33 78 75 5  12 31 45 27 34 13 17 60 80 63 62 44 2  40 76 21 19 7  28 22 77 9  51 67 73 50 18 61 
42 12 8  45 54 77 30 67 2  71 50 22 1  68 19 73 78 32 49 14 66 69 11 35 55 51 70 31 58 47 6  27 17 56 53 23 64 65 46 75 57 76 0  79 74 3  38 29 52 18 10 25 48 34 4  24 33 40 28 72 63 61 80 60 36 37 20 7  13 21 26 9  59 15 44 39 41 5  16 43 62 
16 47 59 39 50 56 66 30 28 52 71 14 51 43 11 31 0  65 69 37 40 48 77 72 45 32 75 41 8  33 7  15 25 29 67 54 78 19 74 3  20 27 44 13 42 24 58 1  21 79 4  12 9  76 35 64 5  70 46 2  61 60 62 80 55 17 6  34 73 18 57 10 23 68 38 26 53 22 36 49 63 
50 58 48 78 40 18 38 25 70 28 45 79 37 34 41 23 46 66 5  56 33 57 64 15 67 7  35 76 9  69 74 52 75 20 13 26 47 12 6  55 4  14 71 72 49 10 16 36 2  44 0  68 31 65 77 39 19 21 1  73 80 62 61 63 22 53 17 24 51 29 8  42 43 59 30 32 27 54 3  11 60 
73 51 49 63 27 57 19 71 75 40 79 35 72 50 33 54 28 45 37 6  24 77 78 47 20 44 43 4  16 74 32 48 30 14 61 11 53 18 76 52 9  60 70 26 25 17 62 23 31 2  13 1  39 36 15 58 69 5  55 68 41 34 46 3  64 80 67 66 59 56 42 7  12 0  29 8  38 21 22 10 65 
72 20 42 79 11 36 78 75 25 29 28 4  74 27 71 53 34 22 51 35 1  44 17 63 58 8  76 13 10 9  55 70 54 38 16 19 5  52 33 60 49 45 2  56 21 41 73 57 61 40 68 18 37 15 32 30 43 47 24 69 39 48 77 23 67 65 80 64 50 59 31 14 0  46 12 7  26 62 6  3  66 
59 9  28 49 77 19 12 69 33 1  37 75 6  72 17 47 26 14 48 5  46 73 32 70 56 76 16 58 2  53 44 60 22 8  55 57 52 10 61 50 54 63 79 78 30 68 20 15 18 3  39 62 36 29 40 34 24 35 27 0  31 38 51 41 65 64 66 80 45 7  23 74 13 21 71 11 25 4  43 42 67 
33 45 47 21 9  59 54 57 29 4  77 44 24 76 75 49 71 39 68 43 50 3  31 34 12 73 53 36 70 8  42 22 55 0  23 79 27 63 78 17 61 48 30 19 11 1  69 2  41 15 20 74 56 26 6  32 52 7  60 5  58 40 72 37 80 66 65 67 18 46 28 16 62 25 51 14 13 10 38 35 64 
55 52 23 76 56 30 10 65 21 14 6  61 40 22 9  39 59 54 78 33 43 8  13 2  48 31 51 79 64 66 5  25 46 19 49 63 72 60 67 15 12 77 62 20 73 53 32 58 24 34 75 26 1  45 17 0  4  74 47 16 37 11 42 35 28 7  29 38 68 80 71 70 36 44 57 50 3  41 18 27 69 
25 53 13 58 59 78 45 16 52 19 67 65 79 2  30 62 7  61 31 9  37 32 34 28 47 0  66 72 23 49 14 18 21 42 22 73 57 20 56 48 75 55 33 51 63 6  77 24 39 29 54 43 8  1  50 41 38 36 3  4  74 17 15 44 76 11 26 10 71 69 80 68 27 35 60 40 64 46 5  12 70 
63 26 78 73 19 24 77 72 50 46 13 64 61 10 51 59 32 28 20 4  18 25 60 36 5  21 1  55 17 75 56 45 16 76 38 42 23 47 34 67 44 65 35 54 40 31 9  37 58 57 8  14 66 74 43 27 30 49 48 15 22 12 79 0  11 41 52 39 69 68 70 80 7  3  53 29 33 6  2  62 71 
60 78 30 12 48 65 43 17 39 23 25 40 3  56 36 34 50 7  21 55 67 18 57 9  77 10 29 74 38 26 2  63 62 44 15 61 14 79 28 8  11 53 52 6  33 64 54 73 4  72 16 76 42 41 46 19 13 22 66 75 0  35 32 31 45 5  58 20 80 70 69 71 49 47 27 59 51 24 1  37 68 
24 71 26 51 41 28 59 22 56 44 43 54 39 18 55 79 47 38 13 68 69 40 7  67 0  46 2  37 5  57 61 53 42 36 62 77 33 27 17 12 21 4  32 10 9  63 25 16 66 78 76 3  64 31 11 14 8  29 65 6  70 30 34 45 52 58 48 23 19 20 60 1  72 80 75 74 50 35 49 15 73 
27 66 10 56 64 48 67 76 47 21 2  37 77 63 49 78 61 29 46 57 36 9  79 45 52 54 40 0  32 17 70 33 28 31 59 55 20 11 43 71 26 69 68 38 62 23 18 8  5  14 58 65 24 60 25 35 3  19 50 34 53 16 44 13 4  51 1  6  42 41 30 39 75 73 80 72 7  12 15 22 74 
49 68 38 18 21 23 79 36 26 69 42 41 43 40 76 29 53 34 3  60 30 4  67 5  44 48 8  66 47 15 20 51 70 63 17 45 7  77 2  78 13 11 10 12 24 35 50 28 25 0  46 31 57 16 64 61 65 52 71 62 19 55 59 33 54 56 27 22 1  9  32 58 73 72 74 80 14 37 39 6  75 
40 67 31 66 58 64 16 50 57 26 51 49 47 35 45 60 6  33 29 32 70 42 54 27 59 69 9  23 76 18 53 2  19 17 46 13 55 78 41 79 0  38 21 61 48 14 34 12 44 11 7  10 62 30 22 36 63 8  4  24 15 43 52 56 5  68 3  1  65 25 20 77 80 74 73 75 28 71 37 39 72 
54 23 41 6  14 27 3  52 61 33 68 71 49 60 4  66 22 57 63 53 31 74 16 1  73 47 30 5  44 43 26 20 50 9  39 59 45 62 69 34 51 2  72 29 28 36 70 25 75 12 32 40 7  19 0  65 64 17 67 35 13 8  37 18 56 55 15 58 10 38 46 11 42 24 21 48 76 80 79 78 77 
74 13 18 5  33 3  44 31 66 54 46 19 60 1  20 41 35 62 2  11 14 43 65 51 75 30 64 48 63 50 25 7  58 4  52 16 56 49 55 68 70 15 57 21 6  61 10 72 27 37 29 23 34 73 9  38 36 42 32 71 12 45 17 28 26 22 8  69 39 67 40 59 47 53 0  24 79 77 80 76 78 
53 49 25 22 37 42 29 8  7  65 57 12 11 74 46 16 15 50 38 20 19 70 3  24 23 2  41 28 27 6  66 32 31 69 45 36 35 4  18 40 39 26 5  44 43 34 14 48 47 1  17 52 51 0  62 56 55 10 75 60 59 73 54 64 63 9  30 68 67 33 21 72 71 61 13 58 77 76 78 80 79 
51 63 37 34 44 73 46 19 35 36 14 58 23 41 10 40 65 68 45 7  53 72 48 12 66 59 47 54 69 67 71 38 52 64 3  8  9  2  31 43 15 13 56 39 4  18 6  26 22 70 74 0  32 20 27 60 42 62 11 25 55 75 57 1  33 16 24 29 17 28 49 30 21 5  50 61 80 78 77 79 76 
3  2  1  0  6  7  4  5  10 11 8  9  14 15 12 13 18 19 16 17 22 23 20 21 26 27 24 25 30 31 28 29 34 35 32 33 38 39 36 37 42 43 40 41 46 47 44 45 50 51 48 49 54 55 52 53 58 59 56 57 62 63 60 61 66 67 64 65 70 71 68 69 74 75 72 73 78 79 76 77 80 
