0  3  80 1  17 76 11 42 60 65 52 6  73 49 62 56 39 4  35 58 64 29 24 63 22 71 68 44 36 21 54 74 53 67 41 18 28 48 61 16 47 34 7  57 27 51 59 40 37 13 79 45 10 32 30 75 15 43 19 46 8  38 14 23 20 9  69 33 26 66 77 25 78 12 31 55 5  70 72 50 2  
80 1  3  2  11 39 47 33 44 31 22 4  50 21 60 19 72 68 76 15 55 13 10 25 57 23 73 37 56 52 51 9  36 7  54 66 32 27 43 5  74 75 70 38 8  64 62 6  71 69 12 30 29 67 34 20 28 24 79 78 14 77 46 65 45 63 35 53 17 49 42 48 16 26 40 41 18 61 59 58 0  
1  0  2  80 69 19 72 39 25 33 17 31 51 48 24 37 58 10 59 5  77 65 32 54 14 8  47 71 49 67 60 11 22 9  40 76 63 15 74 7  34 45 73 62 70 41 55 26 13 28 57 12 75 68 23 46 78 50 16 18 30 64 43 36 61 21 79 29 53 4  44 27 6  42 38 52 35 20 56 66 3  
2  80 0  3  78 43 59 58 38 39 25 23 55 66 75 42 35 61 60 56 71 27 48 11 79 10 30 21 68 40 26 41 45 52 62 16 51 50 8  9  29 31 15 5  74 32 77 64 22 65 37 36 33 70 69 12 19 73 7  6  18 17 34 76 47 49 13 72 28 54 53 20 67 57 44 14 63 46 4  24 1  
47 28 15 13 4  80 7  6  14 36 12 56 10 3  8  2  31 40 72 21 54 19 76 67 29 63 34 79 1  24 44 16 48 68 26 73 9  69 75 46 17 49 51 64 30 61 39 0  32 41 74 42 70 77 20 60 11 71 65 62 55 45 59 25 43 58 78 23 33 37 52 57 18 35 50 38 22 53 66 27 5  
31 48 36 14 7  5  80 4  23 51 73 16 17 34 3  38 11 12 55 63 72 69 79 8  77 68 66 53 59 37 40 0  42 46 13 44 2  29 15 71 30 52 32 75 35 65 33 58 1  60 54 9  41 27 50 18 64 70 47 28 49 67 78 19 56 45 26 61 25 21 57 39 20 10 76 43 74 24 62 22 6  
57 23 14 20 5  4  6  80 18 19 16 43 27 26 2  78 10 32 8  9  3  52 60 1  72 47 13 12 46 53 77 75 17 64 65 56 45 40 48 63 37 44 62 11 41 36 28 25 38 76 69 66 21 29 74 70 35 0  67 71 22 68 42 39 33 34 51 58 61 50 55 59 24 79 54 31 49 30 15 73 7  
63 51 20 54 80 6  5  7  79 32 44 15 25 71 16 11 14 34 61 37 2  31 43 42 75 12 38 48 35 59 33 21 9  30 17 28 66 19 26 77 67 76 23 22 10 78 64 56 27 68 73 1  65 72 3  57 47 55 69 29 74 18 70 0  46 52 36 40 49 58 62 13 53 50 60 24 41 39 45 8  4  
15 52 45 76 58 34 66 40 8  80 11 10 53 23 65 0  68 50 51 22 74 71 19 13 33 41 35 49 64 44 37 78 69 24 5  26 47 30 63 73 7  25 59 48 29 2  57 36 43 27 17 18 1  12 62 77 60 46 4  42 56 72 54 38 28 14 6  79 16 32 75 21 61 39 20 70 3  55 31 67 9  
46 12 47 28 18 53 30 55 11 9  80 8  1  43 56 76 44 66 4  77 45 40 67 64 61 62 33 51 3  69 6  50 57 26 71 74 72 63 49 68 21 60 52 13 16 20 0  2  54 38 31 27 42 5  48 7  14 32 70 65 41 24 25 37 23 59 17 22 39 29 58 34 36 78 35 79 15 19 73 75 10 
19 34 76 65 75 40 15 72 9  8  10 80 38 37 77 6  78 35 39 0  61 59 54 68 56 49 79 57 43 46 73 64 74 42 1  17 55 13 12 18 5  71 33 28 53 66 29 63 69 25 62 67 58 44 22 36 24 27 52 21 70 20 50 47 31 3  45 51 23 48 60 41 7  30 32 4  2  14 16 26 11 
43 56 71 50 28 42 57 59 80 10 9  11 54 68 34 29 32 36 44 67 58 62 49 37 38 75 51 31 4  15 52 27 16 78 14 45 17 23 24 47 72 69 5  0  18 35 61 39 79 22 3  26 30 74 12 76 1  6  20 7  65 46 21 73 70 60 77 19 13 41 64 2  40 63 53 25 55 66 33 48 8  
41 31 43 29 38 69 67 60 19 50 75 33 12 80 15 14 47 21 79 8  66 17 53 56 70 74 65 58 37 3  46 1  49 11 73 57 42 28 4  61 55 0  36 2  71 68 30 16 64 32 9  62 77 22 78 40 23 35 27 76 7  39 51 72 48 26 20 6  45 5  24 44 63 34 25 10 59 52 54 18 13 
55 67 70 78 66 8  17 61 5  35 64 20 15 13 80 12 22 6  71 45 11 53 16 34 36 46 32 30 76 54 27 37 26 59 23 9  24 31 40 57 38 72 77 74 48 19 25 51 44 75 52 47 50 21 29 0  63 39 68 33 69 7  73 56 10 79 4  1  58 60 2  18 41 62 43 49 28 42 3  65 14 
32 59 72 43 65 75 24 26 58 20 57 30 13 12 14 80 38 63 40 49 9  51 74 33 6  69 7  77 48 61 11 79 0  23 52 47 73 46 16 50 18 70 66 3  68 56 37 35 28 19 39 21 34 62 64 71 45 10 8  1  78 29 53 17 54 4  42 76 44 25 41 55 2  36 22 5  67 27 60 31 15 
60 46 69 64 37 44 16 29 56 61 78 59 80 14 13 15 6  51 77 62 41 43 72 28 76 39 40 68 23 7  32 65 30 79 49 38 54 4  35 25 26 20 47 21 5  67 1  42 55 34 58 17 73 66 36 48 8  63 50 11 0  9  19 57 3  31 53 45 27 2  74 75 22 52 70 71 24 18 10 33 12 
66 27 28 53 61 32 78 38 57 75 15 42 52 59 26 10 16 80 19 18 62 41 33 65 55 50 14 1  2  56 64 45 5  22 60 70 76 72 7  69 48 21 11 67 79 31 68 77 40 58 25 74 12 3  63 24 29 8  49 13 34 4  20 54 30 23 0  43 46 39 35 73 37 71 51 9  36 47 6  44 17 
40 43 35 52 47 21 26 45 77 62 76 70 69 32 28 72 19 17 80 16 31 5  51 73 58 66 6  74 14 39 71 20 13 61 78 2  64 57 68 29 0  59 49 1  54 7  53 4  63 42 55 22 3  46 44 50 79 37 24 41 67 33 9  48 36 75 25 60 38 12 11 30 15 23 27 65 10 8  34 56 18 
22 70 75 57 36 58 51 13 66 72 32 62 37 7  64 65 17 16 18 80 69 44 0  30 35 56 63 33 79 43 23 77 10 27 48 24 4  12 53 74 54 67 76 29 21 49 50 55 34 45 46 6  59 38 40 47 25 3  5  52 73 71 11 26 14 15 8  41 78 20 1  61 9  60 39 2  42 31 68 28 19 
52 62 63 74 34 36 77 76 53 30 58 75 22 57 61 46 80 18 17 19 50 26 12 60 47 67 21 35 69 49 9  48 70 71 4  27 5  41 79 45 66 37 78 65 56 39 15 24 31 29 20 64 0  8  68 72 44 13 10 73 23 14 1  2  51 43 40 25 54 28 32 33 55 59 3  11 7  6  42 38 16 
44 63 39 59 35 46 71 77 36 56 26 68 24 58 45 32 40 60 38 42 20 80 23 22 12 29 10 64 51 25 41 67 15 72 75 4  8  49 18 2  16 30 19 52 0  14 5  74 62 37 78 28 43 69 73 65 9  76 13 3  17 79 48 1  27 55 70 31 11 53 66 6  33 54 47 34 57 7  50 61 21 
50 53 42 45 26 12 48 68 64 70 63 18 5  67 37 25 24 69 11 34 23 21 80 20 16 15 4  32 71 79 57 49 27 77 19 61 78 14 52 43 58 55 2  39 62 3  51 59 6  31 0  46 38 1  76 41 72 30 40 47 75 35 44 10 8  73 74 13 7  17 9  28 56 65 66 60 54 33 36 29 22 
35 54 61 46 30 68 40 50 12 42 34 47 8  33 71 17 59 15 24 53 21 20 22 80 18 79 41 78 70 58 4  66 64 13 10 0  62 60 56 49 6  26 9  73 76 75 3  11 77 39 7  72 67 19 1  74 38 65 29 16 37 2  36 69 32 57 31 52 5  63 28 14 51 43 55 45 44 48 27 25 23 
7  47 79 37 62 13 25 0  34 29 36 50 61 5  70 40 51 53 45 27 80 22 21 23 43 6  28 19 26 9  49 72 38 41 8  60 10 3  32 56 15 33 63 24 78 18 73 1  58 30 11 16 57 17 66 68 39 52 48 67 35 12 4  42 69 74 54 59 55 64 14 77 31 46 65 76 75 71 44 2  20 
18 49 6  62 48 59 2  46 73 15 51 60 66 50 72 9  41 30 0  54 70 55 35 44 24 80 27 26 77 32 17 63 29 39 79 22 52 42 65 33 53 16 37 78 23 74 7  68 4  1  13 10 36 40 19 21 67 69 71 5  11 76 3  31 75 38 12 56 47 57 20 58 14 8  45 64 61 28 43 34 25 
72 6  41 49 70 22 1  74 45 17 65 19 60 38 73 43 64 9  34 11 57 39 5  47 27 25 80 24 42 76 50 55 59 44 18 58 69 77 13 21 46 2  28 15 33 8  40 23 56 3  30 54 63 61 51 31 48 20 35 32 12 53 66 52 16 10 62 75 79 36 4  78 0  14 7  67 29 37 71 68 26 
37 45 9  67 19 60 32 16 59 2  61 55 44 17 38 23 7  13 50 4  79 34 58 15 25 24 26 80 40 41 72 54 6  47 21 42 43 0  14 70 28 29 35 36 12 1  63 33 68 66 18 76 69 57 31 11 77 53 22 8  5  10 74 46 73 71 49 3  48 52 39 65 30 64 62 78 51 56 75 20 27 
20 72 11 32 39 9  58 66 62 5  14 2  67 63 10 52 37 41 29 60 0  45 28 35 80 26 25 27 22 18 56 71 3  43 55 23 48 16 42 4  76 17 38 33 64 21 79 50 36 54 47 53 15 51 49 34 30 77 6  74 19 75 8  13 44 69 7  12 73 65 78 31 1  68 59 61 40 57 70 46 24 
33 11 58 39 56 24 74 65 21 68 66 1  18 62 63 26 49 48 12 55 75 8  78 40 5  53 15 70 28 80 31 30 50 0  51 52 67 79 47 3  23 57 61 45 60 43 54 38 17 16 32 34 35 25 46 19 4  41 2  77 44 42 13 14 71 7  10 36 9  72 27 64 69 76 6  20 73 59 22 37 29 
79 8  74 55 32 62 45 11 1  64 60 7  40 77 19 59 73 65 33 14 76 50 26 69 48 57 22 43 31 29 80 28 4  18 47 63 53 78 67 75 12 58 54 27 52 6  70 34 24 61 21 68 44 36 42 3  71 25 41 15 10 49 5  35 9  17 72 38 51 23 46 56 66 16 2  39 20 13 37 0  30 
61 7  68 72 76 10 19 1  70 77 5  34 42 56 52 20 25 58 49 6  15 74 44 45 71 16 67 63 29 28 30 80 41 51 11 62 46 75 54 55 73 32 12 59 22 23 36 65 78 18 64 33 14 60 38 39 13 66 17 43 53 0  35 27 50 47 57 26 2  79 8  24 3  40 21 37 4  9  48 69 31 
76 50 27 51 45 74 62 49 32 12 13 71 9  10 35 18 61 67 15 59 60 68 38 52 53 44 39 2  80 30 29 31 8  55 43 14 41 64 22 26 63 36 75 34 25 4  58 79 73 7  1  3  23 24 70 33 66 72 46 19 20 16 6  40 37 77 56 17 21 78 54 11 57 48 5  42 0  65 69 47 28 
62 58 64 21 24 11 13 57 78 55 39 5  72 6  53 41 42 26 74 65 30 3  61 71 4  51 17 45 60 48 20 69 32 80 35 34 79 47 77 10 56 15 16 70 50 27 66 37 29 63 44 25 76 14 59 9  40 7  1  54 28 22 0  49 2  19 46 73 75 31 43 23 12 67 18 68 52 38 8  36 33 
36 30 26 17 74 20 76 51 39 47 48 54 78 16 41 57 13 3  43 40 5  60 59 70 73 31 2  29 67 27 1  25 35 33 80 32 0  56 62 8  19 14 69 18 55 58 72 9  10 64 68 7  61 65 11 44 37 15 45 22 21 52 38 79 49 53 71 28 50 42 23 66 46 24 4  77 6  75 12 63 34 
12 22 57 24 21 23 68 78 13 37 54 52 0  8  30 70 36 45 56 26 28 4  1  5  3  48 19 42 20 72 14 46 33 32 34 80 16 9  55 53 50 73 27 58 69 17 31 66 25 74 40 75 11 39 10 38 18 2  43 64 76 65 79 71 59 61 47 77 6  44 15 63 29 41 49 51 60 67 7  62 35 
24 41 10 70 54 15 69 52 42 43 2  40 64 74 79 5  53 76 22 23 73 78 18 19 0  77 59 60 65 68 55 47 80 34 33 35 61 58 44 62 11 1  8  9  38 72 49 31 57 46 56 63 7  16 4  30 50 48 37 26 27 36 39 51 12 28 75 71 29 6  3  67 45 20 13 66 17 25 21 14 32 
67 79 19 31 72 63 29 27 74 18 68 64 30 52 25 75 60 70 9  2  47 35 57 55 50 14 77 7  33 6  12 3  58 28 76 21 36 80 39 38 49 51 46 56 59 53 42 20 66 40 24 41 13 45 71 23 43 22 32 44 16 78 65 5  11 62 48 0  10 73 17 54 4  69 8  15 34 26 61 1  37 
68 16 4  11 2  78 22 41 75 71 31 3  79 64 51 69 1  44 28 76 43 46 6  50 45 35 48 72 18 62 70 10 73 53 63 25 39 37 80 36 60 7  74 20 17 24 21 67 26 52 23 14 49 33 57 66 65 54 77 61 40 59 29 34 13 56 55 47 0  15 30 9  27 32 42 8  19 58 5  12 38 
30 17 29 63 10 35 21 14 76 73 4  65 75 46 7  44 26 1  69 64 53 6  66 77 60 40 16 34 41 2  0  56 71 45 27 5  37 36 38 80 25 28 55 68 15 33 13 57 52 78 59 79 48 20 61 42 31 47 62 50 24 54 58 3  19 11 22 74 43 18 72 32 70 9  67 12 8  23 49 51 39 
69 71 77 68 79 48 44 20 24 28 74 22 23 19 76 21 66 75 32 13 7  15 11 12 8  43 54 46 9  65 35 70 18 73 59 30 80 38 37 39 51 63 72 25 6  57 27 49 5  47 67 40 78 64 26 62 61 45 60 34 58 56 55 41 53 29 16 50 3  0  31 1  42 33 10 17 14 2  52 4  36 
4  61 50 12 0  73 60 79 67 58 30 45 3  25 54 28 62 47 64 71 48 70 37 26 31 13 23 65 15 55 10 24 68 66 57 72 44 22 46 52 40 80 43 42 36 11 38 17 20 59 2  78 39 63 14 29 75 34 9  49 6  1  16 53 18 27 33 8  32 76 21 19 35 5  77 56 69 74 51 7  41 
73 66 8  36 53 64 39 19 2  48 62 46 34 65 23 30 55 74 68 7  32 24 29 14 21 45 58 59 47 22 15 51 20 70 12 75 3  76 57 6  43 41 80 40 63 25 11 28 9  77 71 31 56 4  60 16 52 38 26 27 54 69 10 44 5  13 1  78 18 61 33 50 79 0  17 35 37 49 67 72 42 
23 18 65 47 57 16 31 63 26 67 69 32 46 29 44 64 5  79 1  50 78 73 52 0  74 61 8  55 53 13 36 6  11 48 38 59 30 45 34 58 41 40 42 80 14 37 12 3  33 56 19 71 22 28 77 27 49 4  39 35 72 25 75 7  15 2  68 9  66 10 76 51 60 21 24 62 70 54 20 17 43 
6  68 51 75 60 14 0  73 61 74 45 57 62 35 5  39 54 38 27 32 49 25 50 78 44 21 56 18 66 33 69 58 19 29 46 13 77 52 17 15 80 42 41 43 24 10 34 71 72 20 22 2  37 76 16 64 26 11 31 79 4  8  12 67 55 70 28 63 1  30 65 47 48 7  9  3  53 36 23 59 40 
64 29 13 19 22 38 63 53 52 79 72 21 65 2  66 35 75 57 62 3  27 11 4  43 78 55 71 20 32 1  76 33 28 31 67 15 49 54 5  41 59 39 68 23 44 80 47 46 70 36 60 73 8  7  37 25 74 17 61 40 50 58 18 6  0  12 14 34 42 77 48 26 10 51 56 16 30 69 24 9  45 
70 73 25 27 16 50 53 34 41 14 28 72 59 39 9  55 4  78 30 57 56 32 63 49 42 2  64 3  10 36 18 61 21 62 7  40 29 74 58 13 35 8  24 66 47 45 80 44 67 23 5  77 60 6  65 15 20 19 38 12 52 31 33 22 26 54 43 48 76 75 0  79 11 1  37 69 68 51 17 71 46 
65 19 56 48 27 72 54 75 16 59 70 69 36 40 21 62 8  23 26 1  33 14 77 17 64 38 18 4  74 60 42 43 76 20 58 71 12 51 25 79 13 61 30 31 45 44 46 80 3  67 63 37 66 73 6  78 2  68 34 9  29 41 15 50 24 0  52 49 57 11 10 35 5  53 28 7  32 22 55 39 47 
17 25 33 15 40 18 23 70 20 26 21 49 77 60 31 3  52 0  5  68 8  10 39 6  54 1  9  75 57 66 78 14 67 2  72 79 74 73 41 22 4  38 64 53 80 46 45 47 65 11 61 69 16 43 24 58 62 28 55 63 13 50 56 59 42 48 29 32 19 51 7  76 34 37 36 27 71 12 30 35 44 
26 39 44 77 29 71 52 36 72 60 42 74 35 70 17 45 20 14 25 73 16 38 46 76 32 18 0  66 63 4  47 59 24 69 56 12 7  68 21 1  62 54 10 61 2  15 22 30 48 80 51 50 6  79 41 67 34 64 75 31 9  43 40 28 57 78 27 55 37 33 13 5  8  19 11 58 23 3  65 53 49 
75 57 16 10 77 26 33 21 54 78 3  39 63 55 29 74 2  56 23 61 52 7  47 18 69 65 5  62 58 14 45 68 72 6  70 67 59 43 73 11 44 53 79 37 40 30 71 22 51 49 80 48 20 41 8  13 17 1  28 36 66 19 27 12 76 25 60 35 31 24 34 46 32 38 15 0  64 4  9  42 50 
29 9  34 23 33 65 35 43 55 1  41 37 31 36 67 66 30 77 63 78 42 79 73 3  52 64 46 61 44 0  16 12 60 4  2  6  13 11 70 76 57 10 20 7  28 54 26 75 49 48 50 80 24 58 45 8  69 40 53 72 32 27 71 18 25 5  15 14 74 56 38 62 59 22 68 47 39 17 19 21 51 
77 33 62 41 71 27 8  30 6  53 56 76 43 69 46 22 65 72 66 38 34 37 15 74 67 59 55 5  75 35 7  36 54 1  20 29 31 21 19 78 52 3  57 12 58 70 14 60 80 50 49 51 40 9  32 26 10 42 44 25 47 73 2  68 79 16 18 24 63 13 45 4  17 61 23 28 11 0  39 64 48 
58 44 18 61 25 56 38 28 29 22 19 14 47 24 11 68 77 33 2  10 37 48 9  72 13 4  62 73 7  8  34 57 46 17 30 65 50 20 6  51 78 64 67 49 1  79 32 12 21 43 36 39 52 80 55 54 5  31 0  75 71 3  26 70 41 35 76 42 15 74 63 60 23 27 69 59 66 16 40 45 53 
14 13 30 35 49 51 36 10 22 27 7  48 19 1  0  50 70 73 20 12 18 67 8  46 63 42 75 9  61 45 2  40 62 56 64 3  6  65 69 59 31 77 25 71 72 29 23 76 11 4  15 5  55 53 80 52 33 78 66 39 68 28 32 24 34 37 58 21 60 38 16 43 44 17 79 26 47 41 57 74 54 
38 10 66 58 73 45 28 69 27 41 1  78 33 42 18 71 67 37 14 47 35 56 34 79 68 32 70 8  6  77 61 39 25 12 22 20 75 17 0  31 64 9  13 63 57 5  74 19 60 62 65 59 53 52 54 80 21 44 3  51 48 30 49 43 40 50 2  16 24 7  26 15 76 4  46 36 72 29 11 23 55 
49 65 78 40 43 47 73 32 17 57 23 51 29 75 22 67 21 8  58 69 63 16 14 10 41 33 76 38 72 12 62 44 7  25 42 39 68 61 27 35 3  24 34 4  31 48 56 5  45 0  77 11 80 54 53 55 46 9  18 66 64 37 30 20 60 1  59 15 36 19 79 74 28 6  71 13 26 50 2  70 52 
8  4  55 44 1  41 50 62 0  45 67 28 39 27 20 60 71 42 48 74 14 76 31 61 51 34 36 13 11 73 63 22 75 65 25 69 26 53 66 12 68 5  17 77 3  9  78 70 18 79 6  24 64 37 72 2  56 80 59 58 15 23 7  30 52 33 38 10 40 35 47 16 54 29 19 32 21 43 46 49 57 
11 69 40 60 51 67 43 9  68 7  77 0  48 45 27 79 46 54 73 39 29 66 62 31 49 76 78 14 38 20 74 23 55 63 50 64 65 44 28 19 2  47 71 6  37 13 16 41 12 24 34 4  72 75 17 32 59 57 80 56 3  70 22 33 35 36 21 5  8  1  61 42 52 18 30 53 25 10 26 15 58 
10 36 49 69 14 55 12 54 65 21 0  13 6  11 4  53 28 71 47 52 68 9  41 75 30 37 29 67 16 26 24 34 79 38 31 77 1  25 33 72 70 22 60 46 73 62 43 18 76 2  66 61 19 15 7  5  57 56 58 80 42 51 45 78 74 8  50 27 20 3  40 17 39 44 64 23 48 35 63 32 59 
9  60 52 71 23 77 20 15 35 0  47 29 68 22 78 7  33 27 75 48 6  63 13 4  28 54 42 17 24 11 79 73 51 16 53 8  40 55 72 64 36 74 26 69 49 76 65 10 19 44 70 32 2  34 25 37 80 58 57 59 1  66 67 21 39 46 61 62 12 43 50 3  38 31 41 18 45 5  14 30 56 
56 78 53 73 64 66 37 25 15 54 46 38 74 51 59 8  76 31 57 35 67 77 40 27 65 7  49 23 50 70 68 17 44 75 36 19 34 6  11 42 22 48 39 55 32 71 10 69 41 26 28 13 79 2  9  43 0  18 72 14 60 80 63 62 4  24 5  20 30 47 29 45 58 3  12 33 16 21 1  52 61 
54 74 32 33 31 57 34 71 48 76 79 41 56 18 49 24 45 52 13 29 26 36 64 39 15 28 20 47 25 19 38 4  2  3  6  78 21 66 30 23 77 11 53 72 51 16 69 27 8  14 75 44 17 42 0  59 12 5  73 55 63 61 80 60 22 68 37 70 65 46 67 7  43 58 1  50 9  40 35 10 62 
53 15 12 79 67 37 75 47 49 66 71 44 2  76 32 1  48 25 21 46 40 18 65 59 34 17 69 54 73 78 39 42 14 58 24 55 57 5  45 30 20 50 31 51 11 38 19 7  16 8  41 43 74 0  27 35 70 36 33 23 61 60 62 80 68 22 9  4  64 26 56 10 77 28 52 6  13 72 29 3  63 
42 55 5  8  52 2  41 23 3  34 59 66 32 30 48 33 43 28 46 36 65 47 75 7  40 70 50 56 17 51 13 53 12 15 9  68 19 71 76 44 24 6  0  16 39 69 18 21 14 72 26 29 4  31 67 1  27 79 64 10 80 62 61 63 58 20 11 54 35 45 25 37 49 77 78 22 38 73 74 57 60 
27 26 22 42 55 52 49 24 71 69 37 17 57 31 40 47 50 11 54 79 44 28 2  29 7  30 1  0  21 23 25 13 61 76 39 48 70 10 51 34 14 56 3  60 20 73 75 15 35 6  16 38 5  59 18 4  41 12 78 53 43 32 72 74 64 80 67 66 77 9  36 8  62 45 63 46 33 68 58 19 65 
59 20 73 25 8  54 61 35 4  46 49 24 71 72 58 77 74 39 31 70 1  42 36 51 11 3  44 76 52 75 48 18 43 37 68 7  22 33 60 17 69 79 21 32 26 50 9  78 30 10 45 23 28 56 5  63 53 62 14 0  38 6  57 55 67 65 80 64 34 40 19 12 13 2  16 29 27 15 47 41 66 
39 75 23 4  3  49 18 48 51 25 43 73 70 78 68 58 69 62 6  33 24 30 56 2  20 9  60 36 45 34 21 38 52 19 29 41 27 59 31 0  71 35 44 10 42 28 76 72 7  5  53 8  32 50 79 61 22 74 15 37 26 55 17 77 65 64 66 80 14 16 12 40 47 11 57 1  46 63 13 54 67 
28 21 38 30 59 70 27 8  7  52 24 25 58 53 39 48 63 20 78 75 17 1  42 62 10 11 72 6  0  74 3  60 37 36 69 46 33 32 2  14 79 68 22 54 77 55 35 73 15 71 76 56 9  13 43 45 51 61 12 4  31 57 23 16 80 66 65 67 41 34 5  49 26 47 29 19 50 44 18 40 64 
48 38 60 9  50 79 65 31 46 3  55 58 76 20 42 73 57 43 67 24 13 49 25 36 19 22 37 52 39 63 53 7  56 74 61 51 23 26 1  28 75 78 14 17 66 59 8  54 0  21 4  35 27 30 47 10 32 16 11 45 2  34 77 29 72 6  44 18 68 80 71 70 64 15 33 40 12 62 41 5  69 
16 24 37 7  15 17 56 3  31 23 33 61 21 47 36 4  0  5  53 72 38 12 45 9  1  73 74 40 55 64 59 8  78 10 77 50 14 2  20 66 27 46 48 79 67 22 41 13 42 57 35 60 62 18 58 28 6  49 54 30 51 11 52 75 29 76 39 44 71 69 80 68 19 25 26 63 65 34 32 43 70 
51 76 48 16 63 61 79 56 37 40 29 36 20 44 33 49 3  64 42 43 12 58 27 41 66 52 31 22 78 10 75 26 65 14 74 53 11 8  59 54 9  23 18 19 13 77 60 62 2  15 72 0  25 35 39 73 7  67 21 38 46 5  47 4  17 32 24 57 69 68 70 80 50 55 34 30 1  45 28 6  71 
78 5  31 6  42 1  3  18 28 63 50 27 26 61 74 36 29 24 7  66 59 64 55 38 17 72 12 11 8  16 58 2  77 40 37 49 15 34 23 48 33 62 4  76 65 52 67 53 39 35 10 57 45 47 75 22 73 51 30 20 79 13 41 9  21 44 19 46 80 70 69 71 25 56 14 54 43 32 0  60 68 
71 37 24 26 9  33 14 44 43 4  53 35 49 79 6  51 27 22 36 28 46 54 17 57 2  78 3  16 19 47 67 52 63 5  66 11 18 1  50 60 45 65 58 8  7  40 20 29 61 12 38 15 31 10 21 69 76 23 42 70 39 48 68 32 77 41 34 30 62 55 59 0  72 80 75 74 56 64 25 13 73 
34 64 21 18 20 30 70 22 33 49 40 77 41 28 69 27 56 46 3  31 4  2  7  53 39 36 45 15 13 71 5  19 47 8  0  54 25 67 78 24 10 12 65 50 61 26 17 32 59 9  43 58 68 23 35 79 16 60 51 48 57 44 76 66 1  42 63 37 52 14 6  29 75 73 80 72 62 11 38 55 74 
5  77 67 56 68 0  46 12 47 13 18 79 7  9  55 34 23 59 10 44 36 57 71 16 37 60 52 41 54 38 66 76 39 50 15 43 20 24 29 32 61 27 45 35 19 42 6  8  53 70 33 65 26 48 28 14 3  21 63 17 25 40 69 58 78 51 30 2  4  62 49 22 73 72 74 80 31 1  64 11 75 
13 35 59 5  12 3  42 64 30 44 38 67 4  0  43 54 79 29 52 25 51 33 69 48 46 19 57 50 34 17 8  62 40 21 28 1  71 70 10 65 32 66 6  14 9  63 24 61 23 55 27 20 18 78 15 49 68 26 76 2  77 47 31 45 7  39 41 11 56 22 37 36 80 74 73 75 58 60 53 16 72 
74 42 17 38 44 31 64 37 63 24 35 26 45 73 50 61 34 2  70 41 25 72 30 58 9  20 11 69 62 57 22 5  66 49 16 10 60 7  3  67 65 19 1  47 4  12 52 43 75 33 14 55 46 71 56 51 54 29 23 68 36 15 28 8  6  40 32 39 59 27 18 53 21 13 0  48 76 80 79 78 77 
45 40 7  22 41 28 9  2  50 6  27 63 16 54 57 31 12 55 65 30 39 75 3  32 59 58 43 10 5  42 19 15 23 60 44 37 56 35 71 20 1  4  29 26 34 0  48 52 46 53 8  70 47 49 13 17 36 14 25 24 33 74 64 11 62 18 73 69 72 67 51 38 68 66 61 21 79 77 80 76 78 
25 14 46 66 13 29 10 17 69 38 6  12 11 4  1  16 15 7  41 20 19 61 70 24 23 0  53 28 27 5  65 32 31 54 45 36 35 62 9  40 39 18 50 44 43 34 2  48 47 73 42 52 51 26 33 56 55 75 74 60 59 21 37 64 63 30 3  68 67 8  22 72 71 49 58 57 77 76 78 80 79 
21 32 54 34 46 25 55 67 40 16 20 53 28 41 47 63 9  49 37 51 10 0  68 66 62 5  61 39 12 50 43 35 1  57 3  31 58 18 64 27 8  13 56 30 75 60 4  14 74 17 29 19 71 11 2  6  42 33 36 69 45 26 24 15 38 72 23 7  22 59 73 52 65 70 48 44 80 78 77 79 76 
3  2  1  0  6  7  4  5  10 11 8  9  14 15 12 13 18 19 16 17 22 23 20 21 26 27 24 25 30 31 28 29 34 35 32 33 38 39 36 37 42 43 40 41 46 47 44 45 50 51 48 49 54 55 52 53 58 59 56 57 62 63 60 61 66 67 64 65 70 71 68 69 74 75 72 73 78 79 76 77 80 
