23 22 21 24 0  2  28 1  14 13 25 15 29 18 19 17 34 33 30 32 27 11 9  8  10 16 3  12 20 31 5  26 4  7  6
20 21 24 23 3  1  0  28 12 15 14 25 19 29 16 18 32 34 33 31 8  9  27 10 11 17 2  13 22 30 26 4  6  5  7
24 20 22 21 28 3  1  2  25 12 15 13 18 17 29 16 33 30 31 34 9  10 11 27 8  19 0  14 23 32 7  5  26 6  4
22 24 23 20 2  28 3  0  13 25 12 14 16 19 17 29 31 32 34 30 10 27 8  11 9  18 1  15 21 33 4  6  7  26 5
19 17 18 29 14 13 25 15 4  7  26 5  28 1  0  2  24 21 22 23 34 30 33 32 31 3  12 6  16 20 9  27 8  11 10
16 18 29 19 12 15 14 25 6  5  4  26 0  28 3  1  23 24 21 20 32 33 34 31 30 2  13 7  17 22 27 8  10 9  11
17 29 19 16 13 25 12 14 7  26 6  4  3  0  2  28 20 23 24 22 31 34 32 30 33 1  15 5  18 21 8  10 11 27 9
29 16 17 18 25 12 15 13 26 6  5  7  1  2  28 3  21 22 20 24 33 31 30 34 32 0  14 4  19 23 11 9  27 10 8
8  11 9  27 23 22 24 21 19 17 29 18 34 33 32 30 26 5  7  4  25 13 15 14 12 31 20 16 10 6  1  28 0  2  3
10 9  27 8  20 21 23 24 16 18 19 29 32 34 31 33 4  26 5  6  14 15 25 12 13 30 22 17 11 7  28 0  3  1  2
11 27 8  10 22 24 20 23 17 29 16 19 31 32 30 34 6  4  26 7  12 25 14 13 15 33 21 18 9  5  0  3  2  28 1
27 10 11 9  24 20 21 22 29 16 18 17 33 30 34 31 5  7  6  26 15 12 13 25 14 32 23 19 8  4  2  1  28 3  0
7  26 4  6  30 34 31 32 22 24 20 23 10 8  11 27 12 14 25 13 3  28 0  2  1  9  33 21 5  15 19 16 17 29 18
26 6  7  5  34 31 33 30 24 20 21 22 9  11 27 10 15 13 12 25 1  3  2  28 0  8  32 23 4  14 17 18 29 16 19
4  7  5  26 32 30 34 33 23 22 24 21 27 9  8  11 25 15 13 14 28 2  1  0  3  10 31 20 6  12 18 29 19 17 16
6  5  26 4  31 33 32 34 20 21 23 24 8  27 10 9  14 25 15 12 0  1  28 3  2  11 30 22 7  13 29 19 16 18 17
13 25 14 12 11 27 10 8  30 34 31 32 6  4  7  26 3  0  28 2  16 29 19 17 18 5  9  33 15 1  23 20 22 24 21
25 12 13 15 27 10 9  11 34 31 33 30 5  7  26 6  1  2  3  28 18 16 17 29 19 4  8  32 14 0  22 21 24 20 23
12 15 25 14 10 9  8  27 31 33 32 34 4  26 6  5  0  28 1  3  19 18 29 16 17 7  11 30 13 2  24 23 20 21 22
14 13 15 25 8  11 27 9  32 30 34 33 26 5  4  7  28 1  2  0  29 17 18 19 16 6  10 31 12 3  21 24 23 22 20
30 34 32 31 17 29 16 19 2  28 3  0  20 23 22 24 10 8  27 11 6  26 4  7  5  21 18 1  33 9  14 12 13 25 15
31 33 34 32 16 18 19 29 3  1  0  28 23 24 20 21 8  27 9  10 4  5  26 6  7  22 17 2  30 11 25 14 12 15 13
34 31 30 33 29 16 18 17 28 3  1  2  21 22 24 20 9  11 10 27 5  6  7  26 4  23 19 0  32 8  13 15 25 12 14
32 30 33 34 19 17 29 18 0  2  28 1  24 21 23 22 27 9  11 8  26 7  5  4  6  20 16 3  31 10 15 25 14 13 12
33 32 31 30 18 19 17 16 1  0  2  3  22 20 21 23 11 10 8  9  7  4  6  5  26 24 29 28 34 27 12 13 15 14 25
5  4  6  7  33 32 30 31 21 23 22 20 11 10 9  8  13 12 14 15 2  0  3  1  28 27 34 24 26 25 16 17 18 19 29
18 19 16 17 15 14 13 12 5  4  7  6  2  3  1  0  22 20 23 21 30 32 31 33 34 28 25 26 29 24 10 11 9  8  27
9  8  10 11 21 23 22 20 18 19 17 16 30 31 33 32 7  6  4  5  13 14 12 15 25 34 24 29 27 26 3  2  1  0  28
21 23 20 22 1  0  2  3  15 14 13 12 17 16 18 19 30 31 32 33 11 8  10 9  27 29 28 25 24 34 6  7  5  4  26
15 14 12 13 9  8  11 10 33 32 30 31 7  6  5  4  2  3  0  1  17 19 16 18 29 26 27 34 25 28 20 22 21 23 24
28 3  2  1  26 6  5  7  27 10 9  11 15 13 25 12 18 17 16 29 21 20 22 24 23 14 4  8  0  19 30 33 34 31 32
2  28 0  3  7  26 6  4  11 27 10 8  12 14 13 25 16 19 29 17 20 24 23 22 21 15 5  9  1  18 32 31 30 34 33
0  2  1  28 4  7  26 5  8  11 27 9  25 15 14 13 29 18 17 19 24 22 21 23 20 12 6  10 3  16 33 34 32 30 31
3  1  28 0  6  5  4  26 10 9  8  27 14 25 12 15 19 29 18 16 23 21 24 20 22 13 7  11 2  17 34 32 31 33 30
1  0  3  2  5  4  7  6  9  8  11 10 13 12 15 14 17 16 19 18 22 23 20 21 24 25 26 27 28 29 31 30 33 32 34
