30 24 7  16 4  26 18 2  19 28 3  21 27 0  23 14 15 25 31 20 13 33 34 6  9  1  12 22 17 32 8  11 29 10 5
23 32 26 8  18 5  24 20 11 17 25 4  1  33 29 0  28 22 19 3  15 34 12 30 16 10 21 6  2  31 7  27 9  13 14
9  13 31 24 1  4  6  27 32 30 16 34 20 17 2  25 21 8  28 5  12 14 19 29 15 7  18 3  23 33 22 10 0  26 11
26 2  32 33 25 21 9  7  24 14 22 18 31 34 5  3  1  6  23 27 29 17 16 15 4  20 8  19 13 30 28 12 10 11 0
19 34 33 10 30 29 11 21 8  27 23 6  24 20 7  2  3  28 16 4  0  18 26 31 22 32 5  17 1  12 13 15 25 14 9
18 17 34 30 3  32 27 13 23 9  29 0  22 15 26 8  25 5  4  33 7  24 1  20 6  31 14 2  10 21 11 28 12 19 16
17 20 16 25 12 19 31 29 5  8  10 28 30 32 21 34 6  0  26 22 9  2  13 24 3  33 11 23 7  18 1  14 4  27 15
25 21 22 18 27 6  32 33 26 2  12 11 16 29 1  23 9  31 7  34 28 5  10 3  19 30 0  13 20 8  24 17 14 15 4
4  27 23 31 20 34 33 14 30 25 15 2  28 13 3  10 11 29 6  0  8  7  24 21 5  17 32 9  22 1  19 18 26 16 12
11 5  29 0  23 22 34 30 7  32 28 19 12 3  25 4  27 1  13 18 33 26 9  8  14 2  31 16 6  10 15 24 17 20 21
12 19 6  29 22 0  21 26 17 20 31 25 13 9  14 24 2  30 34 32 1  10 4  27 11 23 33 15 3  7  5  16 8  28 18
24 14 9  7  26 2  1  23 28 10 32 33 6  27 17 15 5  21 3  25 34 12 31 11 0  13 30 4  19 20 29 22 16 18 8
33 12 27 13 15 9  25 4  3  1  34 30 32 11 24 20 26 17 8  7  23 28 5  19 10 14 6  31 21 16 18 29 22 0  2
13 29 11 2  8  28 3  31 0  34 33 16 26 30 18 6  7  24 14 19 4  15 25 10 1  5  22 32 12 9  20 23 27 21 17
5  8  14 28 17 20 10 25 1  4  2  27 0  22 31 26 16 19 29 12 32 6  30 34 7  11 3  33 18 15 9  21 13 24 23
34 31 17 15 29 16 12 11 27 6  5  3  14 24 32 33 22 10 18 28 26 9  2  7  20 0  19 30 8  4  25 1  21 23 13
32 30 10 34 9  13 16 24 22 0  14 26 8  5  6  28 31 4  27 1  17 21 20 25 23 18 15 7  33 11 12 2  19 29 3
3  9  24 20 33 17 28 19 18 12 26 8  5  7  34 30 29 32 0  15 11 27 22 13 2  21 16 10 31 14 23 25 1  4  6
27 6  12 11 34 31 22 18 25 21 17 15 10 28 9  7  32 16 33 29 24 1  14 23 13 8  4  20 30 0  26 5  2  3  19
8  26 18 14 19 25 15 6  13 24 7  31 34 4  33 21 23 27 10 30 20 11 29 16 17 12 9  1  32 5  0  3  28 2  22
0  25 15 21 13 27 23 16 20 26 18 10 29 19 11 31 33 34 2  8  30 3  28 14 32 9  17 12 5  22 4  7  24 6  1
22 0  2  26 32 30 14 34 12 19 21 29 4  1  16 27 10 13 24 9  5  31 8  28 33 15 23 18 11 3  17 6  20 25 7
15 1  28 19 7  12 29 0  33 22 24 20 17 23 27 13 34 9  30 11 18 25 32 4  31 16 2  21 14 6  3  26 5  8  10
29 16 5  3  28 10 17 15 34 31 1  23 2  26 22 18 12 14 11 24 25 32 21 33 30 4  13 8  0  19 27 9  6  7  20
10 33 19 32 31 11 30 12 2  23 8  1  7  14 20 9  4  3  5  21 16 0  18 22 34 27 24 28 26 29 6  13 15 17 25
6  11 13 12 2  3  8  5  16 33 0  32 18 31 30 22 19 7  9  10 21 4  15 17 29 34 26 24 25 28 14 20 23 1  27
2  18 8  22 10 15 19 17 6  7  13 9  33 21 4  32 30 23 1  31 14 20 11 12 26 24 34 27 29 25 16 0  3  5  28
16 15 0  17 6  23 13 1  14 18 20 22 11 10 19 12 8  33 32 2  31 30 3  5  25 26 29 34 28 27 21 4  7  9  24
31 7  30 9  21 18 4  22 10 3  19 5  23 16 0  1  20 15 17 14 6  13 33 32 24 28 27 25 34 26 2  8  11 12 29
21 23 4  1  14 33 20 32 31 15 30 17 3  6  13 5  0  11 12 16 2  8  7  9  27 25 28 29 24 34 10 19 18 22 26
20 28 3  6  0  24 7  10 4  29 11 14 25 8  15 16 18 26 21 13 19 23 27 2  12 22 1  5  9  17 30 33 34 31 32
1  4  21 27 5  8  2  28 9  13 6  24 19 12 10 29 14 20 25 17 22 16 0  26 18 3  7  11 15 23 32 31 30 34 33
7  22 25 4  11 1  26 8  15 5  27 13 9  18 28 19 24 12 20 23 3  29 17 0  21 6  10 14 16 2  33 34 32 30 31
28 10 1  23 24 14 5  3  29 16 9  7  21 25 12 11 17 2  15 26 27 22 6  18 8  19 20 0  4  13 34 32 31 33 30
14 3  20 5  16 7  0  9  21 11 4  12 15 2  8  17 13 18 22 6  10 19 23 1  28 29 25 26 27 24 31 30 33 32 34
