30 11 25 23 4  22 34 33 24 31 18 13 27 15 0  5  26 7  20 1  14 28 9  3  2  16 8  6  12 32 10 17 29 19 21 
28 33 3  32 29 5  11 8  22 17 27 2  31 1  34 21 15 23 25 6  24 7  16 13 4  20 14 10 18 30 26 12 19 9  0  
5  18 32 28 13 30 6  34 16 10 1  26 2  0  33 29 21 20 17 24 9  12 25 4  19 11 3  22 7  31 23 27 8  14 15 
16 25 14 31 12 29 10 7  18 26 21 19 4  24 8  3  30 34 32 22 2  20 15 27 23 13 5  1  9  33 6  11 0  28 17 
18 7  24 13 30 15 26 1  34 3  10 33 29 31 20 17 28 19 4  9  0  27 5  11 16 32 21 12 8  6  14 23 25 22 2  
29 17 11 21 24 33 7  32 15 9  25 12 3  23 28 6  31 5  34 2  26 19 8  1  20 30 0  18 14 10 27 16 22 13 4  
13 10 16 26 9  20 32 24 8  30 17 34 21 14 5  27 6  4  33 25 23 2  29 0  11 31 15 7  3  22 1  28 12 18 19 
6  28 0  19 21 26 18 31 14 25 16 11 20 27 2  22 10 29 12 7  32 30 3  34 13 33 17 9  5  1  8  15 4  24 23 
1  4  6  25 17 14 21 27 32 0  13 29 12 30 23 34 2  18 9  28 33 8  26 10 7  3  31 19 11 15 5  24 16 20 22 
27 5  22 12 25 23 15 2  11 33 29 32 19 13 26 16 7  1  24 8  34 31 6  9  18 14 30 4  20 0  28 21 3  17 10 
4  15 28 9  20 11 29 17 27 19 30 5  34 7  14 33 25 31 0  23 10 24 13 22 12 8  32 2  16 21 18 1  26 3  6  
32 34 30 7  8  24 4  22 20 27 2  31 18 26 21 15 0  28 6  3  16 14 11 25 9  5  33 23 13 17 12 19 10 29 1  
33 14 12 27 5  10 8  26 2  18 23 28 32 4  17 25 16 30 1  34 13 6  24 20 15 19 7  31 22 11 9  29 21 0  3  
34 13 31 8  28 9  3  16 19 1  26 6  15 33 25 32 22 17 27 21 29 11 12 5  0  4  18 30 10 20 24 2  7  23 14 
14 3  29 17 10 19 24 13 25 15 0  23 28 22 30 9  34 11 18 33 4  26 1  31 21 2  12 32 6  16 20 5  27 7  8  
21 26 18 15 32 34 30 11 10 29 12 3  0  28 6  31 20 27 2  19 8  4  7  24 17 23 9  33 1  13 16 22 14 25 5  
17 0  8  29 33 18 16 28 12 14 9  27 6  20 1  24 32 10 23 26 5  21 34 30 3  15 22 11 31 19 13 25 2  4  7  
25 9  15 16 34 17 31 12 7  13 24 21 22 5  27 8  19 33 26 32 28 3  2  23 14 0  10 20 30 4  29 6  11 1  18 
10 31 27 5  18 7  25 23 29 22 14 17 26 19 4  1  24 3  30 13 20 34 33 15 8  21 6  16 32 2  0  9  28 11 12 
12 29 10 11 2  27 20 19 30 34 32 15 14 25 16 7  4  24 8  31 6  0  22 28 5  17 1  13 33 23 21 3  18 26 9  
0  19 34 33 14 31 28 9  26 11 20 1  25 3  18 23 27 22 10 5  30 29 17 7  32 6  2  8  21 12 4  13 24 15 16 
9  30 2  34 23 4  12 25 21 20 33 24 16 18 13 28 8  0  5  29 1  32 27 14 31 22 19 3  15 7  17 26 6  10 11 
8  24 4  3  16 25 14 15 0  28 6  22 30 34 32 19 18 26 21 11 12 10 31 29 33 1  23 5  17 9  2  7  20 27 13 
24 1  7  6  26 13 19 21 31 23 34 16 11 17 29 2  3  9  28 12 27 22 32 33 30 10 4  14 0  18 25 8  15 5  20 
22 12 17 14 7  8  13 20 23 16 19 10 9  6  31 30 33 32 11 0  3  1  18 21 34 27 24 28 26 29 15 4  5  2  25 
19 32 33 10 11 6  9  0  1  21 7  20 23 16 15 4  5  2  3  18 31 17 30 12 29 34 26 24 25 28 22 14 13 8  27 
31 16 23 30 22 32 33 14 13 8  15 4  5  2  11 0  1  21 19 10 7  9  20 6  26 24 34 27 29 25 3  18 17 12 28 
11 8  13 0  31 21 1  30 33 32 3  18 17 12 19 10 9  6  15 4  22 5  14 2  25 26 29 34 28 27 7  20 23 16 24 
3  6  9  18 15 12 17 4  5  2  31 30 33 32 7  20 23 16 22 14 19 13 10 8  24 28 27 25 34 26 11 0  1  21 29 
7  2  5  20 3  16 23 18 17 12 11 0  1  21 22 14 13 8  31 30 15 33 4  32 27 25 28 29 24 34 19 10 9  6  26 
20 22 26 1  0  3  27 5  28 7  4  9  24 11 10 13 29 15 14 17 18 25 23 19 6  12 16 21 2  8  30 33 34 31 32 
2  27 20 22 6  28 0  3  4  24 8  7  10 29 12 11 14 25 16 15 21 18 19 26 1  9  13 17 23 5  32 31 30 34 33 
23 20 21 24 1  0  2  29 6  4  5  25 8  10 9  26 12 14 13 27 17 16 28 18 22 7  11 15 19 3  33 34 32 30 31 
26 23 19 2  27 1  22 6  3  5  28 8  7  9  24 12 11 13 29 16 25 15 21 17 10 18 20 0  4  14 34 32 31 33 30 
15 21 1  4  19 2  5  10 9  6  22 14 13 8  3  18 17 12 7  20 11 23 0  16 28 29 25 26 27 24 31 30 33 32 34 
