3  4  0  1  5  30 18 19 21 20 17 15 14 16 32 33 31 34 10 11 12 13 6  7  9  8  25 24 23 22 2  29 28 27 26 
1  5  3  4  30 2  17 15 16 14 26 27 28 29 23 24 22 25 34 33 32 31 10 11 12 13 21 20 19 18 0  6  7  9  8  
5  2  4  30 0  3  8  9  6  7  13 12 11 10 15 14 17 16 21 20 19 18 25 24 23 22 29 28 27 26 1  34 33 32 31 
30 0  5  2  3  1  13 12 10 11 31 32 33 34 27 28 26 29 16 14 15 17 21 20 19 18 6  7  9  8  4  25 24 23 22 
2  3  30 0  1  4  31 32 34 33 22 23 24 25 9  7  8  6  29 28 27 26 16 14 15 17 10 11 12 13 5  21 20 19 18 
4  30 1  5  2  0  26 27 29 28 8  9  7  6  19 20 18 21 25 24 23 22 34 33 32 31 16 14 15 17 3  10 11 12 13 
32 19 12 23 15 27 29 26 28 4  6  8  5  7  18 3  21 20 24 0  22 25 33 2  31 34 14 1  17 16 9  11 30 13 10 
34 21 10 25 16 29 4  28 27 26 5  7  8  9  20 18 3  19 23 22 24 0  32 31 33 2  15 17 14 1  6  12 13 11 30 
33 20 11 24 14 28 27 4  26 29 9  5  6  8  3  21 19 18 22 25 0  23 31 34 2  32 17 16 1  15 7  13 10 30 12 
31 18 13 22 17 26 28 29 4  27 7  6  9  5  21 19 20 3  0  23 25 24 2  32 34 33 1  15 16 14 8  30 12 10 11 
27 12 15 9  32 23 25 22 24 0  21 18 3  20 13 30 10 11 7  5  8  6  28 4  26 29 33 2  31 34 19 14 1  17 16 
29 10 16 6  34 25 0  24 23 22 3  20 18 19 11 13 30 12 9  8  7  5  27 26 28 4  32 31 33 2  21 15 17 14 1  
26 13 17 8  31 22 24 25 0  23 20 21 19 3  10 12 11 30 5  9  6  7  4  27 29 28 2  32 34 33 18 1  15 16 14 
28 11 14 7  33 24 23 0  22 25 19 3  21 18 30 10 12 13 8  6  5  9  26 29 4  27 31 34 2  32 20 17 16 1  15 
10 25 6  34 21 16 1  14 15 17 4  28 26 27 24 22 0  23 32 31 33 2  12 13 11 30 19 18 20 3  29 9  8  7  5  
13 22 8  31 18 17 14 16 1  15 28 29 27 4  25 23 24 0  2  32 34 33 30 12 10 11 3  19 21 20 26 5  9  6  7  
12 23 9  32 19 15 16 17 14 1  29 26 4  28 22 0  25 24 33 2  31 34 11 30 13 10 20 3  18 21 27 7  5  8  6  
11 24 7  33 20 14 15 1  17 16 27 4  29 26 0  25 23 22 31 34 2  32 13 10 30 12 18 21 3  19 28 8  6  5  9  
20 28 24 14 7  11 12 30 13 10 32 2  34 31 4  29 27 26 17 16 1  15 18 21 3  19 8  6  5  9  33 22 25 0  23 
18 26 22 17 8  13 11 10 30 12 33 34 32 2  29 27 28 4  1  15 16 14 3  19 21 20 5  9  6  7  31 0  23 25 24 
21 29 25 16 6  10 30 11 12 13 2  33 31 32 28 26 4  27 15 17 14 1  19 18 20 3  9  8  7  5  34 23 22 24 0  
19 27 23 15 9  12 10 13 11 30 34 31 2  33 26 4  29 28 14 1  17 16 20 3  18 21 7  5  8  6  32 24 0  22 25 
7  33 28 11 24 20 19 3  18 21 15 1  16 17 2  34 32 31 13 10 30 12 8  6  5  9  22 25 0  23 14 26 29 4  27 
8  31 26 13 22 18 20 21 3  19 14 16 15 1  34 32 33 2  30 12 10 11 5  9  6  7  0  23 25 24 17 4  27 29 28 
6  34 29 10 25 21 3  20 19 18 1  14 17 15 33 31 2  32 12 13 11 30 9  8  7  5  23 22 24 0  16 27 26 28 4  
9  32 27 12 23 19 21 18 20 3  16 17 1  14 31 2  34 33 11 30 13 10 7  5  8  6  24 0  22 25 15 28 4  26 29 
14 7  20 28 11 33 32 2  31 34 23 0  25 22 5  6  9  8  26 29 4  27 17 16 1  15 13 10 30 12 24 18 21 3  19 
17 8  18 26 13 31 33 34 2  32 24 25 23 0  6  9  7  5  4  27 29 28 1  15 16 14 30 12 10 11 22 3  19 21 20 
16 6  21 29 10 34 2  33 32 31 0  24 22 23 7  8  5  9  27 26 28 4  15 17 14 1  12 13 11 30 25 19 18 20 3  
15 9  19 27 12 32 34 31 33 2  25 22 0  24 8  5  6  7  28 4  26 29 14 1  17 16 11 30 13 10 23 20 3  18 21 
0  1  2  3  4  5  22 23 25 24 18 19 20 21 12 11 13 10 6  7  9  8  29 28 27 26 34 33 32 31 30 16 14 15 17 
24 14 33 20 28 7  9  5  8  6  12 30 10 13 1  16 15 17 18 21 3  19 22 25 0  23 26 29 4  27 11 31 34 2  32 
22 17 31 18 26 8  7  6  5  9  11 10 12 30 16 15 14 1  3  19 21 20 0  23 25 24 4  27 29 28 13 2  32 34 33 
25 16 34 21 29 6  5  7  9  8  30 11 13 12 14 17 1  15 19 18 20 3  23 22 24 0  27 26 28 4  10 32 31 33 2  
23 15 32 19 27 9  6  8  7  5  10 13 30 11 17 1  16 14 20 3  18 21 24 0  22 25 28 4  26 29 12 33 2  31 34 
