6  26 28 4  15 24 3  20 25 27 29 19 21 22 0  34 32 23 7  12 16 30 2  10 13 17 5  8  33 11 31 9  1  18 14 
27 7  5  29 25 16 21 2  24 26 28 18 20 1  23 31 33 22 12 6  30 15 10 3  17 14 8  4  11 34 32 0  9  13 19 
21 2  16 25 31 33 29 5  32 20 24 22 28 7  27 19 13 26 10 3  11 34 8  4  9  0  30 15 17 14 18 6  12 1  23 
3  20 24 15 34 32 4  28 31 21 25 23 29 26 6  14 18 27 2  10 33 11 5  8  1  9  16 30 13 17 19 12 7  22 0  
14 18 26 6  3  20 0  22 21 19 27 25 23 32 34 4  28 31 13 17 2  10 1  9  16 30 7  12 5  8  29 11 33 24 15 
19 13 7  27 21 2  23 1  20 18 26 24 22 33 31 29 5  32 17 14 10 3  9  0  30 15 12 6  8  4  28 34 11 16 25 
34 32 22 0  6  26 14 18 27 31 23 29 19 24 15 3  20 25 33 11 7  12 13 17 5  8  1  9  2  10 21 30 16 28 4  
31 33 1  23 27 7  19 13 26 32 22 28 18 16 25 21 2  24 11 34 12 6  17 14 8  4  9  0  10 3  20 15 30 5  29 
5  4  34 33 13 14 16 15 17 8  11 12 30 3  2  1  0  10 21 20 31 32 29 28 23 22 25 24 19 18 9  26 27 6  7  
33 34 0  1  7  6  13 14 12 11 9  8  17 15 16 2  3  30 25 24 23 22 31 32 21 20 19 18 27 26 10 28 29 4  5  
13 14 6  7  2  3  1  0  10 17 12 30 9  34 33 5  4  11 31 32 27 26 19 18 29 28 23 22 21 20 8  24 25 15 16 
16 15 14 13 1  0  33 34 9  30 17 10 11 4  5  7  6  8  29 28 19 18 25 24 27 26 31 32 23 22 12 20 21 3  2  
2  3  15 16 33 34 5  4  11 10 30 9  8  6  7  13 14 12 27 26 25 24 21 20 19 18 29 28 31 32 17 22 23 0  1  
25 16 13 19 23 1  31 33 22 24 18 20 32 5  29 27 7  28 30 15 9  0  11 34 10 3  17 14 12 6  26 4  8  2  21 
15 24 18 14 0  22 34 32 23 25 19 21 31 28 4  6  26 29 16 30 1  9  33 11 2  10 13 17 7  12 27 8  5  20 3  
4  28 32 34 14 18 15 24 19 29 31 27 25 20 3  0  22 21 5  8  13 17 16 30 7  12 33 11 1  9  23 10 2  26 6  
29 5  33 31 19 13 25 16 18 28 32 26 24 2  21 23 1  20 8  4  17 14 30 15 12 6  11 34 9  0  22 3  10 7  27 
7  6  4  5  16 15 2  3  30 12 8  17 10 0  1  33 34 9  23 22 29 28 27 26 31 32 21 20 25 24 11 18 19 14 13 
8  19 27 11 17 21 30 23 14 4  34 6  15 31 10 9  29 3  28 13 18 2  24 1  26 16 32 7  22 5  0  33 20 25 12 
18 8  11 26 20 17 22 30 13 5  33 7  16 10 32 28 9  2  14 29 3  19 0  25 15 27 6  31 4  23 1  21 34 12 24 
12 25 19 8  30 23 10 31 15 6  4  14 3  29 9  11 27 0  26 16 24 1  20 33 18 2  28 13 32 7  34 5  22 21 17 
24 12 8  18 22 30 32 10 16 7  5  13 2  9  28 26 11 1  15 27 0  25 34 21 3  19 14 29 6  31 33 23 4  17 20 
9  29 31 10 8  19 12 25 4  0  3  34 6  21 17 30 23 14 22 5  28 13 26 16 32 7  20 33 24 1  15 2  18 27 11 
28 9  10 32 18 8  24 12 5  1  2  33 7  17 20 22 30 13 4  23 14 29 15 27 6  31 34 21 0  25 16 19 3  11 26 
10 31 23 30 11 27 8  19 34 3  15 0  4  25 12 17 21 6  20 33 32 7  28 13 22 5  24 1  18 2  14 16 26 29 9  
32 10 30 22 26 11 18 8  33 2  16 1  5  12 24 20 17 7  34 21 6  31 14 29 4  23 0  25 3  19 13 27 15 9  28 
30 23 21 17 9  29 11 27 0  15 14 3  34 19 8  12 25 4  24 1  22 5  32 7  20 33 18 2  26 16 6  13 28 31 10 
22 30 17 20 28 9  26 11 1  16 13 2  33 8  18 24 12 5  0  25 4  23 6  31 34 21 3  19 15 27 7  29 14 10 32 
11 27 29 9  12 25 17 21 6  34 0  4  14 23 30 10 31 15 32 7  26 16 18 2  28 13 22 5  20 33 3  1  24 19 8  
26 11 9  28 24 12 20 17 7  33 1  5  13 30 22 32 10 16 6  31 15 27 3  19 14 29 4  23 34 21 2  25 0  8  18 
1  0  3  2  5  4  7  6  8  9  10 11 12 14 13 16 15 17 19 18 21 20 23 22 25 24 27 26 29 28 30 32 31 34 33 
20 17 12 24 32 10 28 9  2  13 7  16 1  11 26 18 8  33 3  19 34 21 4  23 0  25 15 27 14 29 5  31 6  30 22 
17 21 25 12 10 31 9  29 3  14 6  15 0  27 11 8  19 34 18 2  20 33 22 5  24 1  26 16 28 13 4  7  32 23 30 
23 1  2  21 29 5  27 7  28 22 20 32 26 13 19 25 16 18 9  0  8  4  12 6  11 34 10 3  30 15 24 14 17 33 31 
0  22 20 3  4  28 6  26 29 23 21 31 27 18 14 15 24 19 1  9  5  8  7  12 33 11 2  10 16 30 25 17 13 32 34 
