3  4  0  1  5  30 28 25 24 31 27 26 20 21 18 19 33 23 12 17 32 16 15 13 10 11 9  7  8  6  2  34 22 14 29 
1  5  3  4  30 2  24 26 27 29 25 31 22 33 20 23 18 21 32 13 15 14 17 16 7  9  34 11 10 8  0  6  19 12 28 
5  2  4  30 0  3  25 29 26 24 31 28 23 20 19 33 22 18 17 14 13 32 16 12 9  6  8  34 11 7  1  10 21 15 27 
30 0  5  2  3  1  26 28 31 27 29 24 21 22 23 18 19 20 13 12 16 15 14 32 34 8  10 6  9  11 4  7  33 17 25 
2  3  30 0  1  4  31 24 29 25 28 27 33 19 21 20 23 22 16 32 14 17 12 15 6  10 7  8  34 9  5  11 18 13 26 
4  30 1  5  2  0  27 31 25 28 26 29 19 18 22 21 20 33 15 16 17 12 13 14 11 34 6  9  7  10 3  8  23 32 24 
13 14 17 16 12 32 11 6  9  10 34 8  1  2  3  5  0  30 25 29 26 24 31 28 23 33 18 21 19 22 15 20 4  27 7  
15 13 32 17 16 14 10 9  7  6  11 34 0  5  2  1  30 4  24 26 27 29 25 31 22 23 21 19 20 18 12 33 3  28 8  
32 17 12 15 13 16 8  11 10 34 7  9  2  4  30 3  5  1  28 25 24 31 27 26 20 19 23 22 18 33 14 21 0  29 6  
17 16 15 13 14 12 7  34 11 8  9  6  3  30 0  4  2  5  27 31 25 28 26 29 19 21 33 23 22 20 32 18 1  24 10 
16 12 13 14 32 15 9  8  34 7  6  10 4  0  1  30 3  2  26 28 31 27 29 24 21 18 20 33 23 19 17 22 5  25 11 
14 32 16 12 15 17 34 10 6  11 8  7  5  3  4  2  1  0  31 24 29 25 28 27 33 20 22 18 21 23 13 19 30 26 9  
31 28 26 29 24 27 19 33 23 20 21 18 17 12 15 16 32 14 11 6  9  10 34 8  4  30 2  5  1  3  25 0  13 7  22 
28 27 29 24 25 26 21 20 33 19 18 22 16 15 13 12 17 32 34 10 6  11 8  7  30 0  3  2  5  4  31 1  14 9  23 
24 25 28 27 26 31 33 22 18 23 20 19 14 17 16 32 13 15 6  7  8  9  10 11 2  3  1  0  30 5  29 4  12 34 21 
29 24 31 28 27 25 23 18 21 22 33 20 13 32 17 14 15 12 9  8  34 7  6  10 5  2  0  30 4  1  26 3  16 11 19 
26 29 25 31 28 24 22 21 19 18 23 33 15 14 32 13 12 16 7  34 11 8  9  6  1  5  30 4  3  0  27 2  17 10 20 
25 31 27 26 29 28 20 23 22 33 19 21 32 16 12 17 14 13 10 9  7  6  11 34 3  4  5  1  0  2  24 30 15 8  18 
6  10 34 8  7  11 4  2  5  3  30 0  27 29 24 26 28 31 23 18 21 22 33 20 15 13 16 17 32 12 9  14 25 19 1  
9  6  11 34 8  10 3  5  1  2  4  30 28 26 29 27 31 25 22 21 19 18 23 33 12 15 17 32 14 16 7  13 24 20 0  
11 34 7  9  6  8  0  4  3  30 1  5  29 25 31 24 26 27 20 23 22 33 19 21 14 32 15 12 16 13 10 17 28 18 2  
34 8  9  6  10 7  1  30 4  0  5  2  24 31 28 25 29 26 19 33 23 20 21 18 32 17 13 15 12 14 11 16 27 22 3  
8  7  6  10 11 9  5  0  30 1  2  3  25 28 27 31 24 29 21 20 33 19 18 22 17 16 14 13 15 32 34 12 26 23 4  
10 11 8  7  9  34 30 3  2  4  0  1  26 24 25 29 27 28 33 22 18 23 20 19 13 14 12 16 17 15 6  32 31 21 5  
18 22 33 20 19 23 32 13 15 14 17 16 7  6  10 9  8  34 5  0  30 1  2  3  29 24 27 28 31 26 21 25 11 4  12 
20 19 18 22 23 21 15 16 17 12 13 14 11 8  7  34 10 6  30 3  2  4  0  1  28 27 25 24 29 31 33 26 9  5  32 
21 18 23 33 20 22 14 15 12 13 32 17 8  9  6  7  34 11 1  30 4  0  5  2  26 29 28 31 25 27 19 24 10 3  16 
23 33 19 21 18 20 16 32 14 17 12 15 6  11 34 10 9  7  3  5  1  2  4  30 25 31 29 26 27 24 22 28 8  0  13 
19 21 22 23 33 18 13 12 16 15 14 32 34 7  9  8  11 10 0  4  3  30 1  5  27 26 31 25 24 28 20 29 6  2  17 
33 20 21 18 22 19 12 17 32 16 15 13 10 34 8  11 6  9  4  2  5  3  30 0  31 28 24 29 26 25 23 27 7  1  14 
0  1  2  3  4  5  29 27 28 26 24 25 18 23 33 22 21 19 14 15 12 13 32 17 8  7  11 10 6  34 30 9  20 16 31 
22 23 20 19 21 33 17 14 13 32 16 12 9  10 11 6  7  8  2  1  0  5  3  4  24 25 26 27 28 29 18 31 34 30 15 
27 26 24 25 31 29 18 19 20 21 22 23 12 13 14 15 16 17 8  11 10 34 7  9  0  1  4  3  2  30 28 5  32 6  33 
7  9  10 11 34 6  2  1  0  5  3  4  31 27 26 28 25 24 18 19 20 21 22 23 16 12 32 14 13 17 8  15 29 33 30 
12 15 14 32 17 13 6  7  8  9  10 11 30 1  5  0  4  3  29 27 28 26 24 25 18 22 19 20 33 21 16 23 2  31 34 
