30 4  2  5  0  1  12 11 10 13 29 27 28 26 32 34 31 33 20 21 18 19 6  8  7  9  17 15 16 14 3  22 23 25 24 
0  30 4  1  5  3  20 18 19 21 17 16 15 14 8  7  6  9  34 32 31 33 24 25 22 23 13 11 12 10 2  27 26 29 28 
5  0  30 3  1  2  34 31 33 32 13 12 11 10 25 22 24 23 7  8  6  9  28 29 27 26 21 18 20 19 4  16 14 17 15 
2  3  1  30 4  0  27 28 26 29 8  7  6  9  13 12 11 10 16 17 15 14 18 21 20 19 25 24 22 23 5  34 33 32 31 
4  2  3  0  30 5  16 15 14 17 25 22 24 23 21 20 18 19 12 13 11 10 31 32 34 33 29 28 27 26 1  7  9  8  6  
3  1  5  4  2  30 22 24 23 25 32 34 31 33 17 16 15 14 27 29 28 26 11 13 12 10 8  6  7  9  0  20 19 21 18 
25 8  32 17 29 13 31 33 3  34 12 11 10 5  22 24 23 4  6  7  9  2  26 27 28 30 20 19 18 1  21 15 0  16 14 
23 9  33 14 26 10 32 34 31 3  5  13 12 11 4  25 22 24 8  2  7  6  27 30 29 28 1  20 21 18 19 17 15 0  16 
22 7  34 16 27 12 33 3  32 31 11 10 5  13 24 23 4  25 9  6  2  8  30 28 26 29 18 1  19 21 20 14 17 15 0  
24 6  31 15 28 11 3  32 34 33 10 5  13 12 23 4  25 22 2  9  8  7  29 26 30 27 19 21 1  20 18 0  16 14 17 
15 28 24 18 11 31 4  25 22 23 33 3  32 34 14 0  17 16 30 26 29 27 13 10 5  12 9  8  2  7  6  1  20 19 21 
17 29 25 21 13 32 24 23 4  22 34 31 33 3  16 15 14 0  28 27 26 30 10 12 11 5  7  9  6  2  8  18 1  20 19 
14 26 23 19 10 33 25 22 24 4  3  32 34 31 0  17 16 15 29 30 27 28 12 5  13 11 2  7  8  6  9  21 18 1  20 
16 27 22 20 12 34 23 4  25 24 31 33 3  32 15 14 0  17 26 28 30 29 5  11 10 13 6  2  9  8  7  19 21 18 1  
31 18 11 24 6  28 5  13 12 10 26 30 29 27 33 3  32 34 1  19 21 20 8  9  2  7  14 17 0  16 15 4  22 23 25 
32 21 13 25 8  29 11 10 5  12 27 28 26 30 34 31 33 3  18 20 19 1  9  7  6  2  16 14 15 0  17 24 4  22 23 
33 19 10 23 9  26 13 12 11 5  30 29 27 28 3  32 34 31 21 1  20 18 7  2  8  6  0  16 17 15 14 25 24 4  22 
34 20 12 22 7  27 10 5  13 11 28 26 30 29 31 33 3  32 19 18 1  21 2  6  9  8  15 0  14 17 16 23 25 24 4  
8  32 21 29 25 17 18 19 1  20 16 15 14 0  7  6  9  2  31 34 33 3  23 22 24 4  12 10 11 5  13 28 30 27 26 
6  31 18 28 24 15 1  21 20 19 14 0  17 16 9  2  8  7  3  33 32 34 25 23 4  22 10 13 5  12 11 30 27 26 29 
9  33 19 26 23 14 21 20 18 1  0  17 16 15 2  8  7  6  32 3  34 31 22 4  25 24 5  12 13 11 10 29 28 30 27 
7  34 20 27 22 16 19 1  21 18 15 14 0  17 6  9  2  8  33 31 3  32 4  24 23 25 11 5  10 13 12 26 29 28 30 
19 10 14 9  33 23 17 16 15 0  4  25 22 24 1  21 20 18 13 5  12 11 34 3  32 31 30 27 29 28 26 8  6  2  7  
18 11 15 6  31 24 0  17 16 14 23 4  25 22 19 1  21 20 5  10 13 12 32 33 3  34 26 29 30 27 28 2  7  9  8  
21 13 17 8  32 25 15 14 0  16 22 24 23 4  20 18 19 1  11 12 10 5  33 34 31 3  27 26 28 30 29 6  2  7  9  
20 12 16 7  34 22 14 0  17 15 24 23 4  25 18 19 1  21 10 11 5  13 3  31 33 32 28 30 26 29 27 9  8  6  2  
28 24 6  11 15 18 2  8  7  9  19 1  21 20 26 30 29 27 4  23 25 22 17 14 0  16 33 32 3  34 31 5  12 10 13 
26 23 9  10 14 19 8  7  6  2  1  21 20 18 30 29 27 28 25 4  22 24 16 0  17 15 3  34 32 31 33 13 11 5  12 
29 25 8  13 17 21 6  9  2  7  20 18 19 1  27 28 26 30 24 22 23 4  14 16 15 0  34 33 31 3  32 11 5  12 10 
27 22 7  12 16 20 9  2  8  6  18 19 1  21 28 26 30 29 23 24 4  25 0  15 14 17 31 3  33 32 34 10 13 11 5  
1  5  0  2  3  4  7  6  9  8  21 20 18 19 29 27 28 26 22 25 24 23 15 17 16 14 32 31 34 33 30 12 10 13 11 
13 17 29 32 21 8  28 26 30 27 7  6  9  2  12 11 10 5  15 16 14 0  19 20 18 1  22 23 24 4  25 31 3  34 33 
12 16 27 34 20 7  26 30 29 28 6  9  2  8  11 10 5  13 14 15 0  17 1  18 19 21 24 4  23 25 22 33 32 31 3  
11 15 28 31 18 6  30 29 27 26 9  2  8  7  10 5  13 12 0  14 17 16 21 19 1  20 23 25 4  22 24 3  34 33 32 
10 14 26 33 19 9  29 27 28 30 2  8  7  6  5  13 12 11 17 0  16 15 20 1  21 18 4  22 25 24 23 32 31 3  34 
