32 4  2  5  0  1  31 16 13 15 14 12 8  9  10 11 6  7  34 27 24 26 25 29 30 23 20 22 21 19 28 33 3  17 18 
0  32 4  1  5  3  15 12 14 13 17 31 7  33 11 8  10 9  28 24 29 27 34 25 20 30 18 21 23 22 26 6  2  16 19 
5  0  32 3  1  2  13 31 17 14 16 15 9  6  8  7  11 33 26 29 25 24 28 34 18 20 19 23 30 21 27 10 4  12 22 
2  3  1  32 4  0  16 14 31 12 15 17 10 8  33 6  9  11 29 28 26 34 24 27 21 22 23 18 19 20 25 7  5  13 30 
4  2  3  0  32 5  12 17 15 31 13 16 11 7  6  10 33 8  25 26 27 28 29 24 23 21 30 19 22 18 34 9  1  14 20 
3  1  5  4  2  32 17 13 12 16 31 14 6  11 9  33 7  10 24 34 28 25 27 26 22 19 21 20 18 30 29 8  0  15 23 
24 27 26 25 29 34 33 7  10 6  11 9  22 23 18 19 20 21 14 12 31 16 13 15 32 4  0  3  2  1  17 30 28 8  5  
25 29 24 28 34 26 10 33 8  11 7  6  23 20 22 21 19 30 16 15 13 31 17 14 5  0  1  4  32 2  12 18 27 9  3  
26 28 34 24 27 29 7  11 33 9  6  8  18 22 30 20 23 19 15 17 16 14 31 12 2  3  4  5  1  0  13 21 25 10 32 
27 26 28 29 24 25 9  8  6  33 10 7  19 21 20 18 30 22 13 16 12 17 15 31 4  2  32 1  3  5  14 23 34 11 0  
28 34 25 27 26 24 8  10 9  7  33 11 20 19 23 30 21 18 31 14 17 13 12 16 3  1  2  0  5  32 15 22 29 6  4  
29 24 27 34 25 28 6  9  11 10 8  33 21 30 19 22 18 23 17 31 15 12 14 13 0  32 5  2  4  3  16 20 26 7  1  
20 30 23 19 18 22 25 24 28 34 26 29 31 13 16 12 17 15 3  32 0  4  1  5  10 6  11 9  33 7  2  14 21 27 8  
23 21 22 20 30 18 24 26 25 29 34 27 16 31 14 17 13 12 5  2  4  3  0  32 33 9  6  8  7  11 1  15 19 28 10 
19 18 20 21 22 23 28 25 27 26 24 34 13 17 31 15 12 14 4  5  1  0  2  3  8  11 7  6  10 33 32 16 30 29 9  
18 20 30 22 19 21 34 29 26 28 27 25 15 14 12 31 16 13 2  0  5  32 3  1  11 10 8  33 6  9  4  17 23 24 7  
22 19 18 23 21 30 26 34 24 27 29 28 14 16 15 13 31 17 32 1  3  5  4  2  7  8  9  10 11 6  0  12 20 25 33 
30 23 21 18 20 19 29 27 34 25 28 24 12 15 17 16 14 31 1  4  32 2  5  0  6  33 10 7  9  8  3  13 22 26 11 
11 10 6  7  8  9  1  0  2  3  4  5  25 28 24 29 27 34 30 19 22 18 23 21 16 17 12 13 14 15 20 26 33 32 31 
33 9  7  10 6  11 32 2  5  0  1  4  27 29 28 26 34 24 22 30 20 23 19 18 13 15 14 12 31 16 21 25 8  3  17 
9  7  8  6  33 10 4  3  0  32 5  2  26 24 34 28 25 27 19 23 30 21 18 20 15 31 13 16 12 17 22 29 11 1  14 
6  33 9  11 10 8  0  4  1  5  3  32 24 25 26 27 28 29 21 20 18 30 22 19 14 13 17 31 15 12 23 34 7  2  16 
8  11 10 9  7  33 3  5  4  2  32 1  34 26 29 25 24 28 20 22 21 19 30 23 12 16 31 14 17 13 18 27 6  0  15 
7  8  11 33 9  6  2  1  32 4  0  3  28 27 25 34 29 26 18 21 23 22 20 30 31 12 15 17 16 14 19 24 10 5  13 
12 16 17 15 31 13 21 19 30 23 20 22 1  2  0  5  32 3  6  8  7  11 33 9  34 25 28 24 29 27 10 4  14 18 26 
31 12 16 13 15 14 23 22 20 30 18 21 3  4  5  1  0  2  10 7  9  8  6  33 28 34 26 29 25 24 11 32 17 19 27 
16 17 14 31 12 15 22 18 23 21 30 19 5  3  32 0  4  1  33 11 8  10 9  7  25 29 34 27 24 26 6  2  13 20 28 
13 15 31 17 14 16 20 23 19 18 22 30 4  0  3  2  1  32 8  33 6  9  11 10 27 26 24 34 28 25 7  5  12 21 29 
15 31 12 14 13 17 30 21 18 20 19 23 2  32 1  3  5  4  11 9  33 7  10 6  26 28 27 25 34 29 8  0  16 22 24 
14 13 15 16 17 12 18 30 22 19 21 20 32 5  2  4  3  0  7  6  10 33 8  11 24 27 29 28 26 34 9  1  31 23 25 
10 6  33 8  11 7  5  32 3  1  2  0  29 34 27 24 26 25 23 18 19 20 21 22 17 14 16 15 13 31 30 28 9  4  12 
21 22 19 30 23 20 27 28 29 24 25 26 17 12 13 14 15 16 0  3  2  1  32 4  9  7  33 11 8  10 5  31 18 34 6  
1  5  0  2  3  4  14 15 16 17 12 13 33 10 7  9  8  6  27 25 34 29 26 28 19 18 22 30 20 23 24 11 32 31 21 
34 25 29 26 28 27 11 6  7  8  9  10 30 18 21 23 22 20 12 13 14 15 16 17 1  5  3  32 0  4  31 19 24 33 2  
17 14 13 12 16 31 19 20 21 22 23 18 0  1  4  32 2  5  9  10 11 6  7  8  29 24 25 26 27 28 33 3  15 30 34 
