34 4  2  5  0  1  32 33 9  8  15 14 6  7  17 16 13 12 31 30 21 20 27 26 19 18 29 28 25 24 23 22 11 10 3  
0  34 4  1  5  3  7  6  13 12 17 16 15 14 11 10 33 32 21 20 29 28 31 30 25 24 19 18 23 22 27 26 9  8  2  
5  0  34 3  1  2  14 15 33 32 11 10 17 16 9  8  6  7  29 28 19 18 21 20 23 22 25 24 27 26 31 30 13 12 4  
2  3  1  34 4  0  8  9  17 16 33 32 13 12 6  7  11 10 23 22 27 26 25 24 21 20 31 30 29 28 19 18 15 14 5  
4  2  3  0  34 5  12 13 11 10 6  7  33 32 15 14 9  8  27 26 31 30 23 22 29 28 21 20 19 18 25 24 17 16 1  
3  1  5  4  2  34 10 11 15 14 13 12 9  8  33 32 17 16 25 24 23 22 19 18 31 30 27 26 21 20 29 28 6  7  0  
25 19 29 27 23 31 33 30 22 9  28 15 20 6  18 17 26 13 7  5  14 1  32 0  10 2  16 3  8  4  12 34 24 11 21 
24 18 28 26 22 30 31 32 8  23 14 29 7  21 16 19 12 27 5  6  1  15 0  33 2  11 3  17 4  9  34 13 10 25 20 
26 22 24 20 30 28 29 14 32 31 10 25 16 19 8  23 7  21 3  17 2  11 1  15 34 13 4  9  0  33 5  6  12 27 18 
27 23 25 21 31 29 15 28 30 33 24 11 18 17 22 9  20 6  16 3  10 2  14 1  12 34 8  4  32 0  7  5  26 13 19 
28 20 30 24 18 22 23 8  16 19 32 31 12 27 7  21 10 25 34 13 0  33 4  9  1  15 5  6  3  17 2  11 14 29 26 
29 21 31 25 19 23 9  22 18 17 30 33 26 13 20 6  24 11 12 34 32 0  8  4  14 1  7  5  16 3  10 2  28 15 27 
18 28 20 22 24 26 27 12 10 25 7  21 32 31 14 29 8  23 0  33 5  6  34 13 3  17 1  15 2  11 4  9  16 19 30 
19 29 21 23 25 27 13 26 24 11 20 6  30 33 28 15 22 9  32 0  7  5  12 34 16 3  14 1  10 2  8  4  18 17 31 
20 30 26 18 28 24 25 10 14 29 12 27 8  23 32 31 16 19 4  9  34 13 2  11 5  6  0  33 1  15 3  17 7  21 22 
21 31 27 19 29 25 11 24 28 15 26 13 22 9  30 33 18 17 8  4  12 34 10 2  7  5  32 0  14 1  16 3  20 6  23 
22 24 18 30 26 20 21 7  12 27 16 19 14 29 10 25 32 31 1  15 3  17 5  6  4  9  2  11 34 13 0  33 8  23 28 
23 25 19 31 27 21 6  20 26 13 18 17 28 15 24 11 30 33 14 1  16 3  7  5  8  4  10 2  12 34 32 0  22 9  29 
11 17 15 13 9  33 0  19 21 4  23 1  25 5  27 3  29 34 30 10 20 8  26 16 18 32 28 12 24 7  22 14 31 2  6  
10 16 14 12 8  32 18 0  4  20 1  22 5  24 3  26 34 28 11 31 9  21 17 27 33 19 13 29 6  25 15 23 2  30 7  
17 15 6  9  11 13 34 29 31 2  25 5  19 0  23 1  21 4  26 16 30 10 22 14 28 12 20 8  18 32 24 7  27 3  33 
16 14 7  8  10 12 28 34 2  30 5  24 0  18 1  22 4  20 17 27 11 31 15 23 13 29 9  21 33 19 6  25 3  26 32 
9  11 17 33 13 6  5  25 29 34 27 3  23 1  31 2  19 0  20 8  28 12 30 10 24 7  18 32 22 14 26 16 21 4  15 
8  10 16 32 12 7  24 5  34 28 3  26 1  22 2  30 0  18 9  21 13 29 11 31 6  25 33 19 15 23 17 27 4  20 14 
6  33 13 17 15 11 2  31 23 1  29 34 21 4  19 0  27 3  24 7  22 14 18 32 30 10 26 16 20 8  28 12 25 5  9  
7  32 12 16 14 10 30 2  1  22 34 28 4  20 0  18 3  26 6  25 15 23 33 19 11 31 17 27 9  21 13 29 5  24 8  
15 6  33 11 17 9  4  21 27 3  19 0  29 34 25 5  31 2  22 14 26 16 24 7  20 8  30 10 28 12 18 32 23 1  13 
14 7  32 10 16 8  20 4  3  26 0  18 34 28 5  24 2  30 15 23 17 27 6  25 9  21 11 31 13 29 33 19 1  22 12 
33 13 9  15 6  17 3  27 25 5  21 4  31 2  29 34 23 1  18 32 24 7  28 12 26 16 22 14 30 10 20 8  19 0  11 
32 12 8  14 7  16 26 3  5  24 4  20 2  30 34 28 1  22 33 19 6  25 13 29 17 27 15 23 11 31 9  21 0  18 10 
13 9  11 6  33 15 1  23 19 0  31 2  27 3  21 4  25 5  28 12 18 32 20 8  22 14 24 7  26 16 30 10 29 34 17 
12 8  10 7  32 14 22 1  0  18 2  30 3  26 4  20 5  24 13 29 33 19 9  21 15 23 6  25 17 27 11 31 34 28 16 
30 26 22 28 20 18 19 16 7  21 8  23 10 25 12 27 14 29 2  11 4  9  3  17 0  33 34 13 5  6  1  15 32 31 24 
31 27 23 29 21 19 17 18 20 6  22 9  24 11 26 13 28 15 10 2  8  4  16 3  32 0  12 34 7  5  14 1  30 33 25 
1  5  0  2  3  4  16 17 6  7  9  8  11 10 13 12 15 14 19 18 25 24 29 28 27 26 23 22 31 30 21 20 33 32 34 
