20 31 34 32 0  10 9  29 15 19 18 28 3  24 1  16 33 27 14 12 8  23 26 21 30 11 22 2  13 17 25 5  6  4  7
30 21 33 34 11 1  29 8  17 12 28 16 18 0  24 2  13 15 32 27 22 9  20 26 31 10 23 3  14 19 4  25 5  7  6
31 34 22 33 10 29 8  2  19 28 16 13 24 17 0  3  14 30 27 15 23 26 11 20 32 9  21 1  12 18 7  4  25 6  5
34 30 32 23 29 11 3  9  28 17 14 18 2  1  19 24 27 12 13 31 26 22 21 10 33 8  20 0  15 16 5  6  7  25 4
16 23 26 21 15 31 32 34 4  3  1  24 14 27 12 0  20 25 6  5  33 19 28 18 22 30 17 13 7  2  29 9  10 8  11
22 18 20 26 30 12 34 33 2  5  24 0  1  15 27 13 7  4  21 25 17 32 16 28 23 31 19 14 6  3  8  29 9  11 10
26 22 21 19 34 30 14 32 24 2  6  1  13 12 3  27 25 5  7  23 28 17 18 31 20 33 16 15 4  0  9  10 11 29 8
23 26 17 20 31 34 33 13 3  24 0  7  27 2  15 14 6  22 25 4  19 28 30 16 21 32 18 12 5  1  11 8  29 10 9
8  6  25 5  20 14 12 27 16 31 32 34 23 26 21 33 4  28 19 18 15 10 29 9  7  13 11 22 17 30 24 1  3  0  2
7  9  4  25 13 21 27 15 30 18 34 33 32 20 26 22 17 16 5  28 11 12 8  29 6  14 10 23 19 31 0  24 1  2  3
25 7  5  10 27 13 23 12 34 30 19 32 22 21 31 26 28 18 17 6  29 11 9  14 4  15 8  20 16 33 1  3  2  24 0
6  25 11 4  14 27 15 22 31 34 33 17 26 30 20 23 19 7  28 16 10 29 13 8  5  12 9  21 18 32 2  0  24 3  1
13 5  15 27 2  32 24 0  11 21 29 8  9  33 34 30 22 20 12 26 7  1  4  25 14 3  6  31 23 10 16 28 18 17 19
14 27 7  15 3  24 0  30 10 29 8  22 34 11 33 31 23 13 26 20 6  25 2  4  12 1  5  32 21 9  17 16 28 19 18
27 13 12 6  24 2  31 1  29 11 23 9  30 32 10 34 26 21 22 14 25 7  5  3  15 0  4  33 20 8  18 19 17 28 16
4  14 27 12 33 3  1  24 20 10 9  29 31 34 32 8  15 26 23 21 0  6  25 5  13 2  7  30 22 11 28 18 19 16 17
15 3  24 1  8  19 18 28 33 6  5  25 10 29 9  4  0  34 31 32 16 14 27 12 2  17 13 11 30 7  26 21 23 20 22
3  24 13 0  19 28 16 11 6  25 4  30 29 7  8  10 31 2  34 33 14 27 17 15 1  18 12 9  32 5  22 20 26 23 21
2  12 0  24 17 9  28 16 7  32 25 4  5  8  29 11 30 33 1  34 13 18 15 27 3  19 14 10 31 6  20 26 21 22 23
24 2  1  14 28 17 10 18 25 7  31 5  11 9  6  29 34 32 30 3  27 13 12 19 0  16 15 8  33 4  21 23 22 26 20
33 10 29 9  16 6  5  25 0  23 21 26 19 28 18 20 8  24 3  1  4  31 34 32 11 7  30 17 2  22 27 12 14 15 13
11 32 8  29 7  18 25 4  22 1  26 20 21 16 28 17 2  0  9  24 30 5  33 34 10 6  31 19 3  23 15 27 12 13 14
10 29 30 8  6  25 4  17 23 26 20 2  28 22 16 19 3  11 24 0  31 34 7  33 9  5  32 18 1  21 13 15 27 14 12
29 11 9  31 25 7  19 5  26 22 3  21 17 18 23 28 24 1  2  10 34 30 32 6  8  4  33 16 0  20 12 14 13 27 15
32 33 31 30 9  8  11 10 18 16 17 19 0  3  2  1  12 14 15 13 21 20 23 22 26 24 29 28 34 27 6  7  4  5  25
21 20 23 22 32 33 30 31 1  0  2  3  15 14 13 12 5  6  4  7  18 16 19 17 28 27 34 24 26 25 10 11 8  9  29
9  8  10 11 5  4  7  6  21 20 22 23 16 19 17 18 1  3  0  2  32 33 31 30 34 28 25 26 29 24 14 13 15 12 27
12 15 14 13 1  0  2  3  9  8  11 10 33 31 30 32 21 23 20 22 5  4  6  7  25 34 24 29 27 26 19 17 16 18 28
1  0  3  2  18 16 17 19 5  4  7  6  8  10 11 9  32 31 33 30 12 15 14 13 27 29 28 25 24 34 23 22 20 21 26
5  4  6  7  12 15 13 14 32 33 30 31 20 23 22 21 18 19 16 17 9  8  10 11 29 26 27 34 25 28 3  2  0  1  24
19 28 2  16 23 26 20 7  14 27 15 11 25 13 4  6  10 17 29 8  3  24 22 0  18 21 1  5  9  12 30 33 34 31 32
28 17 18 3  26 22 6  21 27 13 10 12 7  5  14 25 29 9  11 19 24 2  1  23 16 20 0  4  8  15 32 31 30 34 33
17 1  16 28 22 5  26 20 13 9  27 15 12 4  25 7  11 8  18 29 2  21 0  24 19 23 3  6  10 14 33 34 32 30 31
0  19 28 18 4  23 21 26 8  14 12 27 6  25 5  15 16 29 10 9  20 3  24 1  17 22 2  7  11 13 34 32 31 33 30
18 16 19 17 21 20 22 23 12 15 13 14 4  6  7  5  9  10 8  11 1  0  3  2  24 25 26 27 28 29 31 30 33 32 34
