31 1  0  4  2  20 22 21 19 33 17 3  32 28 26 27 29 5  9  34 7  10 6  24 15 12 30 13 23 16 25 11 14 8  18 
3  31 4  1  0  33 19 22 18 17 21 11 28 26 27 24 25 7  6  10 34 8  5  29 30 15 14 23 12 13 32 2  16 9  20 
2  11 31 3  1  21 20 18 33 22 19 0  27 24 29 25 28 10 7  9  8  6  34 32 16 14 13 15 30 12 26 4  23 5  17 
11 3  1  31 4  17 18 19 20 21 22 2  26 27 24 29 32 34 5  8  10 9  7  25 14 30 16 12 15 23 28 0  13 6  33 
0  2  3  11 31 22 33 20 17 19 18 4  24 29 25 32 26 8  34 6  9  5  10 28 13 16 23 30 14 15 27 1  12 7  21 
23 13 14 16 30 34 6  9  5  10 8  12 31 3  11 2  4  26 32 24 27 29 28 0  22 21 19 33 17 20 1  15 18 25 7  
30 15 23 12 13 9  34 7  10 6  5  14 2  0  4  1  3  29 27 32 25 28 24 31 20 18 33 22 19 21 11 16 17 26 8  
14 30 12 15 23 6  10 34 8  5  7  16 0  4  1  31 11 25 24 28 32 26 29 3  33 20 17 19 18 22 2  13 21 27 9  
15 12 13 23 16 8  7  5  34 9  6  30 11 2  0  4  31 24 26 25 29 32 27 1  18 19 20 21 22 17 3  14 33 28 10 
13 16 30 14 15 7  9  8  6  34 10 23 1  31 3  11 0  28 25 27 26 24 32 2  21 17 22 20 33 18 4  12 19 29 5  
16 14 15 30 12 5  8  10 9  7  34 13 4  1  31 3  2  32 29 26 28 27 25 11 17 33 21 18 20 19 0  23 22 24 6  
1  4  2  0  11 18 21 17 22 20 33 31 25 32 28 26 24 6  8  7  5  34 9  27 12 23 15 16 13 14 29 3  30 10 19 
20 18 22 19 21 29 26 28 27 25 32 33 30 14 16 13 12 31 4  11 3  2  1  23 5  6  7  8  9  10 15 17 34 0  24 
18 19 21 22 17 24 28 32 26 29 25 20 15 30 14 16 23 1  0  3  31 11 4  13 6  9  5  10 8  34 12 33 7  2  27 
19 22 17 21 33 27 32 25 28 24 29 18 12 15 30 14 13 4  2  31 1  3  0  16 9  8  6  34 10 7  23 20 5  11 26 
22 21 33 17 20 26 25 29 32 27 24 19 23 12 15 30 16 0  11 1  4  31 2  14 8  10 9  7  34 5  13 18 6  3  28 
17 33 18 20 19 32 24 27 29 28 26 21 16 13 23 12 30 11 31 0  2  4  3  15 34 7  10 6  5  9  14 22 8  1  25 
26 28 25 32 29 13 30 15 14 23 12 27 6  5  7  34 8  33 18 21 17 22 20 10 0  2  4  3  11 31 9  24 1  19 16 
24 27 28 26 32 12 16 14 13 15 30 29 7  34 10 8  6  21 33 19 22 18 17 9  1  4  31 2  0  11 5  25 3  20 23 
32 25 24 29 27 14 12 23 15 16 13 28 8  9  6  5  34 18 22 33 20 17 19 7  11 3  2  1  31 4  10 26 0  21 30 
28 32 29 25 24 16 15 12 30 13 23 26 9  6  5  7  10 20 19 17 33 21 18 34 2  11 0  31 3  1  8  27 4  22 14 
25 29 27 24 26 30 23 13 12 14 16 32 10 8  9  6  7  19 21 20 18 33 22 5  3  31 11 4  1  0  34 28 2  17 15 
27 26 32 28 25 23 14 30 16 12 15 24 5  7  34 10 9  17 20 22 21 19 33 8  4  0  1  11 2  3  6  29 31 18 13 
21 17 20 33 18 28 29 24 25 26 27 22 13 23 12 15 14 2  3  4  0  1  11 30 10 34 8  5  7  6  16 19 9  31 32 
5  6  8  9  10 31 0  2  4  3  11 7  33 17 21 22 18 12 13 30 15 14 23 19 32 25 28 24 29 27 20 34 26 16 1  
7  5  9  6  8  3  4  0  1  11 2  34 17 21 22 19 20 15 23 14 30 16 12 18 28 32 26 29 25 24 33 10 27 13 31 
6  9  10 8  34 1  2  11 0  31 3  5  20 33 17 21 19 23 16 15 12 30 13 22 25 29 32 27 24 26 18 7  28 14 4  
10 34 5  7  6  2  31 1  3  0  4  8  22 19 18 20 17 14 15 13 16 23 30 33 27 26 24 32 28 25 21 9  29 12 11 
34 7  6  5  9  11 1  4  31 2  0  10 21 22 19 18 33 30 12 16 14 13 15 20 26 28 27 25 32 29 17 8  24 23 3  
8  10 7  34 5  0  3  31 11 4  1  9  19 18 20 33 21 16 30 23 13 12 14 17 24 27 29 28 26 32 22 6  25 15 2  
33 20 19 18 22 25 27 26 24 32 28 17 14 16 13 23 15 3  1  2  11 0  31 12 7  5  34 9  6  8  30 21 10 4  29 
4  0  11 2  3  19 17 33 21 18 20 1  29 25 32 28 27 9  10 5  6  7  8  26 23 13 12 14 16 30 24 31 15 34 22 
9  8  34 10 7  4  11 3  2  1  31 6  18 20 33 17 22 13 14 12 23 15 16 21 29 24 25 26 27 28 19 5  32 30 0  
29 24 26 27 28 15 13 16 23 30 14 25 34 10 8  9  5  22 17 18 19 20 21 6  31 1  3  0  4  2  7  32 11 33 12 
12 23 16 13 14 10 5  6  7  8  9  15 3  11 2  0  1  27 28 29 24 25 26 4  19 22 18 17 21 33 31 30 20 32 34 
