31 4  2  5  0  1  27 28 29 24 25 26 18 22 30 20 23 19 16 15 13 32 17 14 8  11 7  6  10 34 12 3  21 9  33 
0  31 4  1  5  3  29 27 33 25 28 24 21 30 19 22 18 23 15 17 16 14 32 12 9  7  34 11 8  10 13 2  20 6  26 
5  0  31 3  1  2  33 29 26 28 27 25 20 19 23 30 21 18 17 32 15 12 14 13 6  34 10 7  9  8  16 4  22 11 24 
2  3  1  31 4  0  25 24 28 33 26 29 19 21 20 18 30 22 12 13 14 15 16 17 34 9  6  8  7  11 32 5  23 10 27 
4  2  3  0  31 5  28 25 27 26 24 33 23 20 22 21 19 30 13 16 12 17 15 32 10 6  11 9  34 7  14 1  18 8  29 
3  1  5  4  2  31 24 26 25 29 33 27 30 18 21 23 22 20 14 12 32 16 13 15 7  8  9  10 11 6  17 0  19 34 28 
20 21 18 30 22 19 34 7  10 6  11 9  26 28 27 25 33 29 1  3  5  4  2  31 12 15 17 16 14 32 0  23 24 13 8  
22 20 21 19 30 23 10 34 8  11 7  6  24 27 29 28 26 33 3  2  1  31 4  0  13 17 32 15 12 14 5  18 25 16 9  
21 18 23 22 20 30 7  11 34 9  6  8  33 25 28 24 29 27 5  1  0  2  3  4  14 16 15 13 32 17 31 19 26 12 10 
19 30 22 18 23 21 9  8  6  34 10 7  28 33 26 29 25 24 4  31 2  5  0  1  15 14 12 32 16 13 3  20 27 17 11 
30 22 20 23 19 18 8  10 9  7  34 11 25 29 33 27 24 26 2  4  3  0  31 5  16 32 14 17 13 12 1  21 28 15 6  
23 19 30 21 18 20 6  9  11 10 8  34 27 26 24 33 28 25 31 0  4  1  5  3  17 12 13 14 15 16 2  22 29 32 7  
7  11 6  10 34 8  31 4  0  3  2  1  32 13 16 12 17 15 33 26 29 25 24 28 30 18 21 23 22 20 27 9  14 19 5  
9  8  10 11 6  7  3  1  2  0  5  31 16 32 14 17 13 12 28 27 25 33 29 26 21 30 19 22 18 23 24 34 15 20 4  
8  10 34 6  9  11 1  5  3  31 0  4  13 17 32 15 12 14 25 28 24 29 27 33 18 22 30 20 23 19 26 7  16 21 2  
6  9  8  7  11 34 2  3  4  5  1  0  15 14 12 32 16 13 27 29 28 26 33 24 20 19 23 30 21 18 25 10 17 22 31 
34 7  11 8  10 9  0  31 5  2  4  3  14 16 15 13 32 17 26 24 33 28 25 27 19 21 20 18 30 22 29 6  12 23 1  
10 34 7  9  8  6  5  0  1  4  31 2  12 15 17 16 14 32 24 25 26 27 28 29 23 20 22 21 19 30 33 11 13 18 3  
24 26 33 28 25 27 32 17 14 16 15 13 9  7  34 11 8  10 30 19 22 18 23 21 31 1  3  5  4  2  20 29 6  0  12 
26 33 29 25 24 28 17 15 32 13 16 12 8  11 7  6  10 34 22 30 20 23 19 18 4  5  1  0  2  3  21 27 9  31 14 
25 24 26 27 28 29 14 32 12 15 17 16 6  34 10 7  9  8  19 23 30 21 18 20 0  3  2  1  31 4  22 33 11 5  13 
29 27 28 26 33 24 16 13 15 14 12 32 34 9  6  8  7  11 21 20 18 30 22 19 3  31 0  4  1  5  23 25 10 2  17 
33 29 27 24 26 25 15 16 17 12 13 14 10 6  11 9  34 7  20 22 21 19 30 23 2  0  5  31 3  1  18 28 8  4  32 
27 28 25 33 29 26 13 12 16 32 14 17 7  8  9  10 11 6  18 21 23 22 20 30 1  4  31 2  5  0  19 24 34 3  15 
13 12 14 15 16 17 18 23 21 30 19 22 31 1  3  5  4  2  34 10 7  9  8  6  33 25 28 24 29 27 11 32 0  26 20 
32 17 15 12 14 13 30 22 19 21 20 18 3  31 0  4  1  5  6  11 9  34 7  10 28 33 26 29 25 24 8  16 2  27 23 
17 15 16 14 32 12 22 20 30 18 21 23 1  4  31 2  5  0  9  6  8  7  11 34 25 29 33 27 24 26 10 13 3  28 19 
14 32 17 13 12 16 19 30 23 20 22 21 2  0  5  31 3  1  11 7  6  10 34 8  27 26 24 33 28 25 9  15 4  29 18 
16 13 12 17 15 32 21 18 20 19 23 30 0  3  2  1  31 4  10 8  34 6  9  11 26 28 27 25 33 29 7  14 5  24 22 
15 16 13 32 17 14 20 21 22 23 18 19 5  2  4  3  0  31 8  9  10 11 6  7  24 27 29 28 26 33 34 12 1  25 30 
28 25 24 29 27 33 12 14 13 17 32 15 11 10 8  34 6  9  23 18 19 20 21 22 5  2  4  3  0  31 30 26 7  1  16 
1  5  0  2  3  4  26 33 24 27 29 28 22 23 18 19 20 21 32 14 17 13 12 16 11 10 8  34 6  9  15 31 30 7  25 
11 6  9  34 7  10 4  2  31 1  3  5  17 12 13 14 15 16 29 33 27 24 26 25 22 23 18 19 20 21 28 8  32 30 0  
12 14 32 16 13 15 23 19 18 22 30 20 4  5  1  0  2  3  7  34 11 8  10 9  29 24 25 26 27 28 6  17 31 33 21 
18 23 19 20 21 22 11 6  7  8  9  10 29 24 25 26 27 28 0  5  31 3  1  2  32 13 16 12 17 15 4  30 33 14 34 
