23 30 34 33 00 03 27 01 14 24 13 12 21 22 18 29 17 16 32 25 28 07 05 08 20 19 15 31 02 06 11 26 04 10 09 
31 21 32 34 02 01 00 27 15 14 24 13 29 17 20 23 25 33 19 18 04 11 28 06 22 16 12 30 03 07 26 08 09 05 10 
30 34 20 32 03 27 02 00 12 15 14 24 23 29 22 19 18 25 16 31 09 28 04 07 21 17 13 33 01 05 08 06 10 26 11 
34 31 33 22 27 02 01 03 24 13 12 15 16 20 29 21 30 19 25 17 05 06 10 28 23 18 14 32 00 04 07 11 26 09 08 
18 07 28 05 14 30 34 33 04 27 01 03 13 12 00 24 11 10 23 26 25 16 17 32 15 09 02 06 31 19 21 29 08 22 20 
06 17 04 28 31 13 32 34 02 00 27 05 24 01 15 14 26 21 09 08 18 33 25 19 12 10 03 07 30 16 29 23 20 11 22 
07 28 19 04 30 34 15 32 03 06 00 27 14 24 12 02 08 26 10 20 31 25 18 16 13 11 01 05 33 17 23 09 22 29 21 
28 06 05 16 34 31 33 12 27 01 07 02 03 15 24 13 22 09 26 11 17 19 30 25 14 08 00 04 32 18 10 21 29 20 23 
08 16 25 17 23 07 28 05 18 34 33 30 01 03 32 27 21 22 04 29 26 10 11 14 02 20 31 19 06 09 13 24 00 12 15 
16 25 09 18 07 28 20 04 30 19 32 34 00 27 03 31 23 29 22 06 15 26 08 10 01 21 33 17 05 11 14 02 12 24 13 
25 19 17 10 28 06 05 22 34 33 16 31 30 02 27 01 07 20 29 21 11 09 12 26 00 23 32 18 04 08 03 13 24 15 14 
19 11 18 25 06 21 04 28 31 32 34 17 27 33 02 00 29 05 20 23 08 13 26 09 03 22 30 16 07 10 24 14 15 01 12 
26 09 11 07 25 19 17 30 28 05 22 06 10 31 34 33 12 15 24 13 21 20 03 29 32 14 04 08 18 23 16 01 27 02 00 
09 05 08 26 19 33 18 25 06 04 28 21 34 11 31 32 24 13 15 14 23 01 29 20 30 12 07 10 16 22 27 00 02 17 03 
04 10 26 11 32 16 25 17 23 28 05 07 33 30 08 34 13 12 14 24 29 22 21 00 31 15 06 09 19 20 01 27 18 03 02 
10 26 06 08 16 25 31 18 07 20 04 28 32 34 30 09 14 24 12 15 02 29 23 22 33 13 05 11 17 21 00 19 03 27 01 
24 15 13 12 29 20 21 10 26 11 30 09 07 19 25 17 03 31 34 33 01 02 16 27 18 32 08 14 23 00 22 05 28 06 04 
15 13 14 24 20 11 23 29 09 08 26 33 25 05 19 18 34 01 31 32 00 17 27 02 16 30 10 12 22 03 28 04 06 21 07 
14 12 24 13 08 22 29 21 32 26 11 10 17 16 04 25 33 30 00 34 27 03 01 18 19 31 09 15 20 02 05 28 23 07 06 
12 24 15 14 22 29 09 23 10 31 08 26 18 25 16 06 32 34 30 02 19 27 00 03 17 33 11 13 21 01 04 20 07 28 05 
03 27 31 00 12 24 19 14 22 02 23 29 08 26 10 20 04 28 07 09 06 34 32 30 11 05 21 01 13 33 18 15 16 25 17 
02 33 00 27 15 17 14 24 20 23 29 01 26 21 09 08 28 11 06 04 32 05 34 31 10 07 22 03 12 30 25 18 19 13 16 
27 02 01 30 24 15 13 16 29 21 03 20 22 09 26 11 10 06 28 05 33 31 07 34 08 04 23 00 14 32 12 17 25 19 18 
32 03 27 01 18 12 24 13 00 29 21 22 11 10 23 26 05 07 08 28 34 30 33 04 09 06 20 02 15 31 17 25 14 16 19 
11 08 10 09 17 18 16 19 05 07 06 04 31 32 33 30 15 14 13 12 22 23 20 21 26 24 29 28 34 27 02 03 01 00 25 
13 14 12 15 21 23 22 20 11 10 09 08 19 18 17 16 31 32 33 30 03 00 02 01 28 27 34 24 26 25 06 07 05 04 29 
17 18 16 19 05 04 07 06 33 30 31 32 02 00 01 03 20 23 21 22 10 08 09 11 34 28 25 26 29 24 15 12 13 14 27 
33 32 30 31 01 00 03 02 13 12 15 14 20 23 21 22 19 18 17 16 07 04 06 05 25 34 24 29 27 26 09 10 11 08 28 
05 04 07 06 33 32 30 31 01 03 02 00 15 14 13 12 09 08 11 10 16 18 19 17 27 29 28 25 24 34 20 22 21 23 26 
01 00 03 02 13 14 12 15 21 22 20 23 09 08 11 10 06 04 05 07 30 32 31 33 29 26 27 34 25 28 19 16 17 18 24 
29 20 21 03 26 09 11 07 25 17 10 19 12 06 28 05 16 02 27 01 13 15 22 24 04 00 18 23 08 14 30 33 34 31 32 
22 29 02 23 10 26 06 08 16 09 18 25 04 28 07 15 00 27 03 19 20 24 14 12 05 01 17 21 11 13 32 31 30 34 33 
00 22 29 21 04 10 26 11 08 25 17 16 05 07 14 28 01 03 18 27 24 12 13 23 06 02 19 20 09 15 33 34 32 30 31 
20 01 23 29 09 05 08 26 19 18 25 11 28 13 06 04 27 17 02 00 14 21 24 15 07 03 16 22 10 12 34 32 31 33 30 
21 23 22 20 11 08 10 09 17 16 19 18 06 04 05 07 02 00 01 03 12 14 15 13 24 25 26 27 28 29 31 30 33 32 34 
