33 20 21 28 31 05 32 34 06 18 04 29 08 00 25 10 01 02 22 24 15 12 13 26 23 07 11 03 14 30 27 17 16 09 19 
23 32 28 22 04 30 34 33 17 07 29 05 25 11 09 01 24 21 03 00 26 15 14 13 20 06 10 02 12 31 18 27 08 19 16 
28 23 31 21 30 34 06 32 07 29 16 04 02 25 08 11 20 03 24 01 12 14 26 15 22 05 09 00 13 33 17 10 19 27 18 
20 28 22 30 34 31 33 07 29 06 05 19 09 10 03 25 00 24 02 23 13 26 12 14 21 04 08 01 15 32 11 18 27 16 17 
11 17 25 09 32 03 24 00 08 19 27 18 34 30 33 21 26 04 14 13 29 01 07 05 10 16 31 12 06 02 22 28 15 23 20 
18 10 08 25 02 33 01 24 16 09 17 27 32 22 34 31 15 12 05 26 04 06 00 29 11 19 30 14 07 03 28 21 20 13 23 
25 11 16 08 03 24 31 01 19 27 10 17 20 34 32 30 06 14 26 15 02 07 29 04 09 18 33 13 05 00 21 12 23 28 22 
10 25 09 19 24 02 00 30 27 16 18 11 33 31 23 34 13 26 12 07 05 29 06 03 08 17 32 15 04 01 14 22 28 20 21 
19 04 27 18 21 11 25 09 32 14 26 13 28 23 22 15 34 01 30 33 24 08 03 00 16 12 20 31 02 10 05 29 17 07 06 
05 16 17 27 10 22 08 25 12 33 15 26 21 13 28 20 32 31 00 34 01 02 09 24 19 14 23 30 03 11 29 04 06 18 07 
27 19 06 17 11 25 20 08 14 26 31 15 12 28 21 23 02 30 34 32 10 03 24 01 18 13 22 33 00 09 04 16 07 29 05 
16 27 18 07 25 10 09 23 26 12 13 30 22 20 14 28 33 34 31 03 00 24 02 11 17 15 21 32 01 08 19 05 29 06 04 
26 14 12 15 19 27 10 17 30 34 02 32 31 29 04 07 16 23 28 21 06 11 25 08 13 33 05 22 09 18 01 20 03 24 00 
13 12 15 26 16 09 17 27 31 00 32 34 04 33 29 06 21 20 18 28 08 10 05 25 14 30 07 23 11 19 24 01 02 22 03 
12 26 13 14 27 16 18 11 34 31 33 03 05 06 30 29 22 28 20 19 09 25 10 07 15 32 04 21 08 17 23 00 24 02 01 
14 15 26 13 08 19 27 18 01 30 34 33 29 07 05 32 28 17 23 22 25 04 11 09 12 31 06 20 10 16 00 24 21 03 02 
29 07 10 04 23 28 16 21 03 24 12 01 06 27 17 19 31 11 25 08 20 30 34 32 05 00 18 09 33 22 15 02 14 26 13 
07 08 29 05 17 23 28 22 15 03 24 00 27 19 18 04 25 32 11 09 34 21 30 33 06 02 16 10 31 20 13 26 01 14 12 
09 06 04 29 20 18 21 28 02 13 01 24 17 05 27 16 08 10 33 25 32 31 22 34 07 03 19 11 30 23 26 15 12 00 14 
06 29 05 11 28 20 22 19 24 02 00 14 18 16 07 27 09 25 10 30 33 34 31 23 04 01 17 08 32 21 03 13 26 12 15 
34 30 02 32 14 26 12 15 23 28 20 21 16 24 01 03 10 07 29 04 31 19 27 17 33 22 00 05 18 13 08 06 11 25 09 
30 01 34 33 15 14 26 13 21 23 28 22 24 03 00 17 29 08 07 05 27 32 19 18 31 20 02 06 16 12 09 25 04 11 10 
00 31 32 34 12 13 15 26 20 22 21 28 01 18 24 02 04 06 09 29 17 16 33 27 30 23 03 07 19 14 25 08 10 05 11 
31 34 33 03 26 12 13 14 28 20 22 23 00 02 19 24 05 29 06 11 18 27 16 30 32 21 01 04 17 15 07 09 25 10 08 
21 22 23 20 33 32 30 31 05 04 07 06 11 08 10 09 03 00 01 02 14 13 15 12 34 27 24 28 26 29 16 19 18 17 25 
17 18 19 16 09 08 11 10 13 15 14 12 23 21 20 22 30 33 32 31 03 00 01 02 29 34 26 24 25 28 06 07 05 04 27 
15 13 14 12 18 17 19 16 33 32 30 31 07 04 06 05 23 22 21 20 11 09 08 10 26 24 34 27 29 25 02 03 00 01 28 
04 05 07 06 22 21 23 20 00 01 03 02 19 17 16 18 11 09 08 10 30 33 32 31 25 26 29 34 28 27 12 14 13 15 24 
32 33 30 31 13 15 14 12 22 21 23 20 03 01 02 00 07 05 04 06 19 18 17 16 24 28 27 25 34 26 10 11 09 08 29 
08 09 11 10 00 01 03 02 18 17 19 16 30 32 31 33 14 13 15 12 07 05 04 06 27 25 28 29 24 34 20 23 22 21 26 
02 24 00 23 29 06 05 03 25 10 09 07 13 12 11 26 18 27 16 14 22 28 20 19 01 08 15 17 21 04 30 33 34 31 32 
24 03 20 01 07 29 02 04 11 25 06 08 10 26 15 14 12 19 27 17 16 23 28 21 00 09 13 18 22 05 32 31 30 34 33 
03 21 24 00 01 07 29 05 04 11 25 09 26 14 13 08 27 15 19 18 28 17 23 22 02 10 12 16 20 06 33 34 32 30 31 
22 02 01 24 06 00 04 29 10 05 08 25 15 09 26 12 17 16 13 27 21 20 18 28 03 11 14 19 23 07 34 32 31 33 30 
01 00 03 02 05 04 07 06 09 08 11 10 14 15 12 13 19 18 17 16 23 22 21 20 28 29 25 26 27 24 31 30 33 32 34 
