30 34 33 31 4  15 27 12 25 7  18 5  2  29 0  3  11 26 22 9  23 24 14 20 21 13 6  1  8  32 10 16 28 19 17
33 32 34 30 12 14 6  27 17 4  5  25 0  1  3  29 10 21 9  26 22 13 20 24 23 15 7  2  11 31 16 28 8  18 19
32 30 31 34 13 27 14 7  4  25 6  19 29 0  1  2  26 10 8  23 24 22 21 15 20 12 5  3  9  33 17 11 18 28 16
34 31 32 33 27 5  15 13 7  16 25 6  3  2  29 1  20 11 26 8  12 23 24 21 22 14 4  0  10 30 28 17 19 9  18
18 29 3  2  30 31 34 33 28 19 10 16 11 26 22 9  7  25 4  5  15 27 0  12 13 32 17 8  6  1  14 20 24 23 21
29 2  1  16 34 33 31 32 19 9  28 17 20 11 26 8  5  7  25 6  3  15 27 13 14 30 18 10 4  0  24 21 23 12 22
3  17 29 0  33 30 32 34 8  18 16 28 10 21 9  26 4  6  5  25 14 1  12 27 15 31 19 11 7  2  20 24 13 22 23
1  0  19 29 32 34 30 31 18 28 17 11 26 10 8  23 25 4  6  7  27 14 13 2  12 33 16 9  5  3  21 15 22 24 20
16 6  28 18 5  4  21 25 32 30 33 34 22 13 20 24 14 1  12 27 10 8  9  26 11 7  31 23 15 19 3  29 17 0  2
28 19 17 5  25 20 7  6  31 33 34 32 12 23 24 21 3  15 27 13 9  11 26 8  10 4  30 22 14 18 29 1  2  16 0
4  28 16 19 22 7  25 5  34 31 30 33 23 24 14 20 15 27 0  12 11 26 10 9  8  6  32 21 13 17 18 3  29 2  1
17 18 7  28 6  25 4  23 30 34 32 31 24 22 21 15 27 14 13 2  26 10 8  11 9  5  33 20 12 16 1  19 0  29 3
27 15 13 12 24 9  23 21 11 3  26 8  33 31 34 32 16 2  29 1  5  19 28 17 18 22 10 30 0  14 25 6  7  20 4
12 13 27 14 20 22 8  24 1  10 9  26 30 32 33 34 0  17 3  29 18 6  16 28 19 23 11 31 2  15 5  25 21 4  7
14 27 12 15 10 23 24 20 26 11 0  9  31 34 30 33 2  29 18 3  19 28 4  16 17 21 8  32 1  13 22 5  25 7  6
13 14 15 27 21 24 22 11 10 26 8  2  34 30 32 31 29 0  1  19 28 18 17 7  16 20 9  33 3  12 6  23 4  25 5
24 23 21 9  28 16 19 17 2  12 29 1  5  15 27 13 33 31 34 32 20 7  25 6  4  18 0  14 30 22 26 8  11 3  10
20 8  24 22 16 18 17 28 13 0  3  29 14 6  12 27 30 32 33 34 4  21 5  25 7  19 2  15 31 23 9  26 1  10 11
10 24 20 23 18 19 28 16 29 2  14 3  15 27 4  12 31 34 30 33 7  25 22 5  6  17 1  13 32 21 0  9  26 11 8
21 22 11 24 17 28 18 19 0  29 1  15 27 14 13 7  34 30 32 31 25 4  6  23 5  16 3  12 33 20 8  2  10 26 9
26 11 8  3  29 12 2  1  23 20 24 21 16 7  25 6  9  19 28 17 33 31 34 32 30 0  22 4  18 10 27 13 15 5  14
9  1  26 10 3  0  13 29 21 22 20 24 4  17 5  25 18 8  16 28 30 32 33 34 31 2  23 7  19 11 12 27 6  14 15
0  26 9  11 14 2  29 3  24 23 22 20 7  25 18 5  19 28 10 16 31 34 30 33 32 1  21 6  17 8  4  12 27 15 13
8  10 2  26 1  29 0  15 22 24 21 23 25 4  6  19 28 18 17 11 34 30 32 31 33 3  20 5  16 9  13 7  14 27 12
11 9  10 8  2  1  3  0  20 21 23 22 6  5  7  4  17 16 19 18 32 33 31 30 34 27 24 28 26 29 15 14 12 13 25
2  3  0  1  31 32 33 30 16 17 19 18 8  9  11 10 6  5  7  4  13 12 15 14 29 34 26 24 25 28 23 22 20 21 27
19 16 18 17 7  6  5  4  33 32 31 30 21 20 23 22 13 12 15 14 8  9  11 10 26 24 34 27 29 25 2  0  3  1  28
15 12 14 13 23 21 20 22 9  8  11 10 32 33 31 30 1  3  2  0  17 16 19 18 25 26 29 34 28 27 7  4  5  6  24
23 20 22 21 19 17 16 18 3  1  2  0  13 12 15 14 32 33 31 30 6  5  7  4  24 28 27 25 34 26 11 10 9  8  29
31 33 30 32 15 13 12 14 5  6  7  4  1  3  2  0  8  9  11 10 21 20 23 22 27 25 28 29 24 34 19 18 16 17 26
22 25 5  7  0  11 26 9  27 15 4  12 19 28 10 16 23 24 14 20 2  29 18 3  1  8  13 17 21 6  30 33 34 31 32
6  4  23 25 8  26 10 2  14 27 13 7  28 18 17 11 24 22 21 15 29 0  1  19 3  9  12 16 20 5  32 31 30 34 33
5  21 25 4  9  10 1  26 6  14 12 27 18 8  16 28 22 13 20 24 0  17 3  29 2  11 15 19 23 7  33 34 32 30 31
25 7  6  20 26 3  11 8  15 5  27 13 9  19 28 17 12 23 24 21 16 2  29 1  0  10 14 18 22 4  34 32 31 33 30
7  5  4  6  11 8  9  10 12 13 15 14 17 16 19 18 21 20 23 22 1  3  2  0  28 29 25 26 27 24 31 30 33 32 34
