22 17 29 18 0  12 15 25 14 3  1  28 23 24 19 21 26 5  6  33 34 32 8  31 30 20 13 2  16 7  27 9  10 4  11
16 23 19 29 13 1  25 14 2  15 28 0  24 22 20 18 4  26 32 7  33 34 30 9  31 21 12 3  17 6  8  27 5  11 10
17 29 20 19 12 25 14 2  3  28 0  13 22 16 21 24 30 4  26 6  11 33 31 34 32 23 15 1  18 5  7  8  27 10 9
29 16 18 21 25 13 3  15 28 2  12 1  17 23 24 20 5  31 7  26 32 10 34 30 33 22 14 0  19 4  9  6  11 27 8
19 6  26 5  14 21 23 24 4  17 18 29 32 34 0  31 25 15 12 22 27 9  33 10 11 30 20 16 7  13 28 1  3  8  2
7  18 4  26 20 15 24 22 16 5  29 19 34 33 30 1  14 25 23 13 8  27 11 32 10 31 21 17 6  12 0  28 9  2  3
26 7  5  17 24 20 12 23 29 16 6  18 3  32 34 30 15 21 13 25 9  31 27 11 8  33 22 19 4  14 1  10 2  28 0
6  26 16 4  21 24 22 13 17 29 19 7  33 2  31 34 20 14 25 12 30 8  10 27 9  32 23 18 5  15 11 0  28 3  1
8  21 24 23 22 10 9  27 19 12 15 25 1  28 33 3  34 32 31 4  29 18 14 17 16 2  11 13 20 30 26 5  6  0  7
20 9  22 24 11 23 27 8  13 18 25 14 28 0  2  32 33 34 5  30 19 29 16 15 17 3  10 12 21 31 4  26 1  7  6
24 20 23 10 27 11 21 9  25 13 17 15 31 1  28 2  32 6  30 34 18 12 29 16 19 0  8  14 22 33 5  3  7  26 4
21 24 11 22 10 27 8  20 12 25 14 16 0  30 3  28 7  33 34 31 13 19 17 29 18 1  9  15 23 32 2  4  26 6  5
27 11 9  6  29 16 31 18 34 30 21 32 10 5  26 7  1  12 2  28 15 3  25 13 14 4  19 33 8  0  23 17 20 24 22
10 27 7  8  17 29 19 30 31 34 33 20 4  11 6  26 13 0  28 3  2  14 12 25 15 5  18 32 9  1  16 22 24 21 23
4  10 27 9  33 17 18 29 22 31 32 34 5  26 8  6  28 1  3  14 25 15 0  12 13 7  16 30 11 2  24 23 21 19 20
11 5  8  27 16 32 29 19 30 23 34 33 26 4  7  9  0  28 15 2  14 25 13 1  12 6  17 31 10 3  22 24 18 20 21
31 34 13 33 3  28 0  11 21 24 22 30 19 7  17 29 2  8  27 10 16 4  6  26 5  18 1  23 32 9  20 14 25 12 15
34 30 32 12 28 2  10 1  24 20 31 23 6  18 29 16 9  3  11 27 5  17 26 7  4  19 0  22 33 8  15 21 13 25 14
30 15 33 34 2  9  28 0  20 32 24 22 29 19 16 5  8  27 1  11 4  26 7  18 6  17 3  21 31 10 14 25 23 13 12
14 31 34 32 8  3  1  28 33 21 23 24 18 29 4  17 27 9  10 0  26 5  19 6  7  16 2  20 30 11 25 15 12 22 13
12 25 30 14 31 34 33 16 6  26 4  2  8  20 10 27 11 22 24 21 7  0  3  28 1  9  32 5  15 23 13 19 29 17 18
25 13 15 31 34 30 17 32 26 7  3  5  21 9  27 11 23 10 20 24 1  6  28 2  0  8  33 4  14 22 18 12 16 29 19
33 12 25 15 19 31 32 34 0  6  5  26 9  27 22 10 24 23 21 8  28 1  4  3  2  11 30 7  13 20 29 18 17 14 16
13 32 14 25 30 18 34 33 7  1  26 4  27 8  11 23 22 24 9  20 0  28 2  5  3  10 31 6  12 21 19 29 15 16 17
15 14 12 13 32 33 30 31 5  4  7  6  11 10 9  8  21 20 22 23 3  2  1  0  26 24 29 28 34 27 17 16 19 18 25
9  8  10 11 18 19 16 17 32 33 30 31 7  6  5  4  3  2  0  1  12 13 15 14 28 27 34 24 26 25 21 20 22 23 29
5  4  6  7  23 22 20 21 18 19 16 17 30 31 32 33 12 13 14 15 10 11 9  8  34 28 25 26 29 24 3  2  0  1  27
23 22 21 20 9  8  11 10 15 14 13 12 2  3  1  0  31 30 33 32 17 16 18 19 25 34 24 29 27 26 6  7  4  5  28
18 19 17 16 15 14 13 12 1  0  2  3  20 21 23 22 6  7  4  5  31 30 32 33 27 29 28 25 24 34 10 11 8  9  26
32 33 31 30 1  0  2  3  23 22 20 21 16 17 18 19 10 11 8  9  6  7  5  4  29 26 27 34 25 28 12 13 14 15 24
3  28 2  0  6  26 4  7  10 27 8  11 14 13 12 25 16 19 29 17 20 22 21 24 23 15 5  9  1  18 30 33 34 31 32
28 2  1  3  26 7  6  5  27 11 10 9  12 15 25 13 18 17 16 29 23 21 24 20 22 14 4  8  0  19 32 31 30 34 33
2  1  0  28 7  5  26 4  11 9  27 8  25 14 13 15 19 29 18 16 22 24 20 23 21 12 6  10 3  17 33 34 32 30 31
0  3  28 1  4  6  5  26 8  10 9  27 15 25 14 12 29 18 17 19 24 23 22 21 20 13 7  11 2  16 34 32 31 33 30
1  0  3  2  5  4  7  6  9  8  11 10 13 12 15 14 17 16 19 18 21 20 23 22 24 25 26 27 28 29 31 30 33 32 34
