33 28 20 23 32 5  34 31 18 15 26 13 29 7  0  4  2  24 22 3  11 25 14 9  21 12 6  1  10 30 27 19 16 8  17
20 30 28 22 33 31 6  34 13 14 17 26 1  5  4  29 0  21 3  24 8  12 9  25 23 15 7  2  11 32 10 18 27 16 19
21 22 32 28 34 30 33 7  12 26 14 19 5  29 6  2  24 0  1  23 25 8  10 15 20 13 4  3  9  31 18 27 11 17 16
28 23 21 31 4  34 32 30 26 16 15 12 7  3  29 6  20 2  24 1  13 11 25 10 22 14 5  0  8  33 19 9  17 27 18
26 15 12 16 31 24 2  1  34 9  32 30 19 20 27 17 4  11 25 10 3  7  29 6  14 33 18 8  5  0  23 13 21 28 22
18 26 13 15 2  33 24 3  8  32 34 31 27 19 22 16 11 25 5  9  7  29 0  4  12 30 17 10 6  1  28 23 20 14 21
13 17 26 14 0  3  30 24 31 33 10 34 21 18 16 27 8  6  9  25 5  1  4  29 15 32 19 11 7  2  12 22 28 20 23
12 14 19 26 24 1  0  32 30 34 33 11 18 27 17 23 25 8  10 7  29 5  6  2  13 31 16 9  4  3  22 28 15 21 20
5  25 9  11 19 22 27 16 33 7  29 4  34 32 14 31 23 28 0  20 15 26 8  13 10 6  30 21 12 17 24 2  3  18 1
25 11 10 4  20 27 19 17 29 31 7  6  32 13 34 30 3  23 28 21 9  15 26 12 8  5  33 22 14 18 2  16 1  24 0
9  6  25 8  18 16 21 27 4  5  30 29 12 33 31 34 22 1  20 28 14 10 13 26 11 7  32 23 15 19 17 0  24 3  2
10 8  7  25 27 17 18 23 6  29 5  32 33 34 30 15 28 22 21 2  26 14 12 11 9  4  31 20 13 16 0  24 19 1  3
16 12 27 18 14 13 10 26 20 22 1  28 30 8  9  25 33 17 31 34 0  6  3  24 19 23 11 32 2  15 21 5  29 4  7
27 19 17 13 9  26 15 12 28 3  23 21 11 31 25 10 16 32 34 30 4  2  24 1  18 22 8  33 0  14 7  20 6  29 5
14 27 16 19 15 8  26 13 0  23 28 20 25 11 33 9  32 34 18 31 2  24 5  3  17 21 10 30 1  12 29 7  4  22 6
17 18 15 27 26 12 14 11 21 28 22 2  8  25 10 32 34 33 30 19 24 0  1  7  16 20 9  31 3  13 5  29 23 6  4
29 7  6  9  16 28 23 21 27 13 19 17 2  4  24 1  31 15 26 12 20 32 34 30 5  18 0  14 33 22 11 3  10 25 8
4  10 29 5  22 20 17 28 16 18 12 27 6  0  3  24 14 30 13 26 33 21 31 34 7  19 2  15 32 23 1  8  25 9  11
8  29 4  7  23 18 28 20 14 19 27 16 24 2  5  3  15 26 33 13 32 34 22 31 6  17 1  12 30 21 25 11 9  0  10
6  5  11 29 28 21 22 19 17 27 18 15 0  24 1  7  26 14 12 32 34 33 30 23 4  16 3  13 31 20 8  25 2  10 9
34 32 30 3  13 25 11 10 24 20 2  1  23 16 28 21 9  7  29 6  31 19 27 17 33 0  22 5  18 8  15 4  12 26 14
31 1  34 33 8  9  12 25 3  0  21 24 17 22 20 28 5  10 4  29 18 30 16 27 32 2  23 7  19 11 6  14 26 13 15
0  34 31 32 11 14 25 9  22 2  24 3  28 23 18 20 7  29 8  4  19 27 33 16 30 1  21 6  17 10 26 15 13 5  12
30 33 2  34 25 10 8  15 1  24 0  23 22 28 21 19 29 5  6  11 27 18 17 32 31 3  20 4  16 9  14 26 7  12 13
23 20 22 21 30 32 31 33 15 12 13 14 4  6  7  5  1  3  2  0  10 9  11 8  34 27 24 28 26 29 16 17 18 19 25
11 9  8  10 17 19 16 18 7  6  4  5  31 30 32 33 21 20 23 22 12 13 15 14 29 34 26 24 25 28 3  1  0  2  27
19 16 18 17 12 15 13 14 23 21 20 22 9  10 11 8  30 31 32 33 1  3  2  0  26 24 34 27 29 25 4  6  5  7  28
7  4  5  6  21 23 20 22 19 17 16 18 3  1  2  0  12 13 15 14 30 31 32 33 25 26 29 34 28 27 9  10 8  11 24
32 31 33 30 10 11 9  8  2  1  3  0  20 21 23 22 6  4  7  5  17 16 19 18 24 28 27 25 34 26 13 12 14 15 29
15 13 14 12 1  2  3  0  32 30 31 33 16 17 19 18 10 9  11 8  6  4  7  5  27 25 28 29 24 34 20 21 22 23 26
3  21 24 0  5  4  1  29 9  8  6  25 10 14 13 26 18 12 16 27 22 17 20 28 2  11 15 19 23 7  30 33 34 31 32
24 2  1  20 3  29 7  6  25 4  11 10 15 9  26 12 13 19 27 17 16 23 28 21 0  8  14 18 22 5  32 31 30 34 33
1  0  23 24 29 6  5  2  10 25 8  7  14 26 12 11 27 18 17 15 28 22 21 19 3  9  13 16 20 4  33 34 32 30 31
22 24 3  2  7  0  29 4  5  11 25 9  26 15 8  13 19 27 14 16 23 28 18 20 1  10 12 17 21 6  34 32 31 33 30
2  3  0  1  6  7  4  5  11 10 9  8  13 12 15 14 17 16 19 18 21 20 23 22 28 29 25 26 27 24 31 30 33 32 34
