30 34 33 21 4  24 19 6  16 26 7  2  14 28 17 0  20 11 27 31 15 3  25 10 1  18 5  13 9  32 8  23 29 12 22
19 32 28 16 14 5  34 30 7  18 26 8  24 1  20 33 23 25 22 4  11 29 13 0  12 6  17 2  21 31 3  27 9  15 10
32 0  31 34 5  15 6  28 18 20 17 25 2  16 27 1  22 21 8  26 13 12 30 29 7  23 11 19 14 33 9  10 4  24 3
28 21 1  33 26 12 22 7  34 31 13 19 32 6  3  29 27 5  17 23 24 18 2  14 0  16 4  15 8  30 25 9  10 11 20
16 26 7  12 30 34 33 2  8  29 23 10 11 27 6  20 4  19 24 21 0  14 28 31 13 32 22 9  18 5  15 3  25 17 1
14 18 25 4  23 32 24 20 19 9  34 30 27 22 15 11 33 29 5  0  3  26 1  8  2  31 10 21 6  17 7  28 13 16 12
18 30 17 25 32 4  31 34 9  16 10 24 21 0  26 22 5  6  20 28 1  2  15 27 19 33 3  14 23 11 13 12 8  29 7
29 6  22 19 24 2  5  33 27 17 1  11 18 31 23 34 25 32 10 7  28 9  21 3  15 30 20 8  16 4  26 13 12 14 0
4  24 19 31 20 27 11 17 30 34 33 6  3  25 12 15 0  14 28 10 8  23 29 2  22 9  32 1  13 18 16 7  26 21 5
7  5  27 15 19 22 26 8  3  32 29 0  34 13 30 23 14 28 1  16 33 25 9  4  10 21 31 12 2  6  11 24 18 20 17
5  16 6  28 22 30 21 26 32 8  31 34 12 20 29 13 1  2  4  27 9  10 0  24 3  14 33 7  19 23 18 17 15 25 11
24 2  13 7  25 10 1  23 29 6  9  33 5  21 14 28 34 22 31 3  26 32 12 11 20 8  30 0  15 16 27 18 17 19 4
13 4  12 29 9  20 10 24 1  30 2  27 31 15 34 32 18 17 0  25 5  6  8  28 23 3  19 33 11 7  22 21 16 26 14
33 13 26 8  11 9  28 16 23 1  27 15 25 32 4  7  3  34 18 30 19 24 5  20 6  10 2  31 17 12 14 29 22 0  21
27 17 32 14 29 6  18 11 26 12 5  3  13 10 33 25 24 9  2  19 34 1  31 7  16 20 15 30 4  0  28 22 21 23 8
15 25 3  6  8  29 23 31 0  28 14 21 33 34 10 30 16 7  26 17 4  19 24 12 18 22 13 32 5  1  20 11 27 2  9
8  29 23 17 16 26 7  10 15 25 3  31 19 24 2  4  30 33 34 12 20 11 27 21 9  5  1  18 32 22 0  14 28 6  13
9  15 10 24 18 8  17 25 13 0  12 29 6  30 28 5  32 31 16 34 22 21 4  26 14 11 7  23 33 3  1  2  20 27 19
23 9  29 0  33 18 27 15 14 13 24 20 28 5  16 3  11 26 32 8  7  34 22 30 21 17 12 6  31 10 19 25 1  4  2
34 31 5  11 28 21 32 19 25 10 22 14 9  17 7  27 26 18 12 33 29 13 6  23 8  4  0  16 30 20 24 1  2  3  15
0  28 14 2  15 25 3  21 20 27 11 12 7  26 31 16 8  23 29 6  30 33 34 17 32 1  9  5  22 13 4  19 24 10 18
1  8  2  27 13 16 12 29 22 15 21 26 17 4  25 18 9  10 30 24 32 31 20 34 33 7  14 11 3  19 5  6  0  28 23
11 1  34 30 3  13 25 4  33 22 28 16 29 18 0  19 7  24 9  20 14 27 32 15 31 12 21 17 10 2  23 26 5  8  6
25 10 18 3  34 31 9  14 24 2  32 23 1  12 19 26 28 13 21 11 27 22 17 33 30 0  8  4  20 15 29 5  6  7  16
21 7  16 22 12 19 8  9  31 3  30 18 0  23 13 6  17 15 14 5  2  20 33 32 34 27 24 28 26 29 10 4  11 1  25
2  23 20 13 10 33 4  32 6  14 0  5  16 3  18 21 31 30 11 1  12 8  7  22 29 34 26 24 25 28 17 15 19 9  27
17 11 15 1  6  3  0  18 12 33 8  32 4  19 9  10 2  20 7  22 31 30 14 5  26 24 34 27 29 25 21 16 23 13 28
31 19 30 9  21 14 16 5  10 7  4  22 15 33 32 17 12 8  23 13 6  0  11 1  25 26 29 34 28 27 2  20 3  18 24
10 14 4  5  31 23 30 13 2  19 20 9  8  11 1  12 21 16 33 32 17 15 3  18 24 28 27 25 34 26 6  0  7  22 29
6  33 0  32 2  11 20 1  17 23 15 13 30 7  22 31 10 4  3  18 21 16 19 9  27 25 28 29 24 34 12 8  14 5  26
20 27 11 10 0  28 14 12 4  24 19 17 23 29 21 8  15 3  25 2  16 7  26 6  5  13 18 22 1  9  30 33 34 31 32
22 20 21 26 1  0  2  27 5  4  6  28 10 8  24 9  13 12 15 29 18 17 16 25 11 19 23 3  7  14 32 31 30 34 33
3  22 24 20 7  1  29 0  11 5  25 4  26 9  8  14 19 27 13 15 23 28 18 16 17 2  6  10 12 21 33 34 32 30 31
26 12 9  23 27 17 13 3  28 21 18 7  22 2  11 24 29 1  6  14 25 5  10 19 4  15 16 20 0  8  34 32 31 33 30
12 3  8  18 17 7  15 22 21 11 16 1  20 14 5  2  6  0  19 9  10 4  23 13 28 29 25 26 27 24 31 30 33 32 34
