32 11 26 8  19 5  29 1  7  17 24 23 33 0  25 4  22 21 28 16 34 13 30 15 20 14 6  2  10 31 3  27 9  12 18
34 30 33 6  4  24 3  18 16 27 19 31 1  26 15 10 23 28 22 2  11 25 20 12 9  0  17 13 21 32 8  7  29 14 5
1  32 31 34 13 30 6  29 5  16 18 28 0  8  2  27 9  4  20 24 14 12 26 21 7  22 15 11 19 33 17 10 23 25 3
6  26 0  33 25 2  9  7  27 10 21 19 29 20 32 3  34 31 13 22 5  14 15 28 8  1  16 12 23 30 24 17 18 11 4
26 16 15 2  30 34 33 10 8  29 7  20 23 28 22 31 4  27 19 14 3  24 6  1  0  32 5  21 17 13 12 11 25 18 9
17 19 34 30 15 32 27 12 22 9  25 4  11 21 29 1  33 5  26 8  24 0  23 3  14 31 18 10 6  2  7  28 13 16 20
16 0  18 27 32 4  31 34 17 30 10 25 9  23 20 24 5  12 6  28 2  8  29 13 22 33 3  19 15 11 21 14 1  26 7
18 24 9  19 27 10 5  33 26 6  13 11 28 14 0  22 25 2  32 7  17 31 3  34 1  30 4  23 16 12 29 21 20 15 8
29 4  7  10 23 27 19 6  30 34 33 14 12 25 11 2  1  24 3  31 22 28 18 8  21 17 32 9  0  5  16 15 26 20 13
5  7  29 1  22 21 34 30 19 32 28 16 3  13 26 8  15 0  25 4  27 9  12 33 10 6  31 20 14 18 11 24 17 23 2
12 17 6  25 5  23 20 28 32 8  31 34 21 30 14 26 13 1  2  29 10 16 24 9  19 15 33 7  22 3  0  18 4  27 11
31 34 21 7  29 20 13 22 28 14 9  33 27 10 17 15 24 18 5  3  32 6  11 26 23 16 30 8  1  4  25 0  2  19 12
24 12 3  20 8  25 11 14 1  28 22 10 30 34 33 18 16 26 15 6  7  29 31 4  5  9  21 32 13 0  23 19 27 2  17
13 33 28 16 11 9  25 4  3  0  34 30 22 32 24 23 7  17 27 12 26 5  8  19 18 20 10 31 2  14 15 29 21 1  6
23 13 14 29 21 16 10 26 9  1  2  24 32 12 31 34 0  30 18 27 6  4  25 17 3  7  19 33 11 22 5  20 8  28 15
10 27 32 15 34 31 0  11 25 2  17 3  24 18 13 33 28 14 21 19 9  20 7  29 4  8  23 30 12 1  26 5  6  22 16
25 8  11 31 16 29 7  2  12 26 15 18 4  24 3  14 30 34 33 20 19 27 10 23 17 5  13 0  32 9  1  22 28 6  21
9  22 27 12 33 17 24 23 15 13 26 8  7  5  34 30 3  32 29 1  28 21 16 11 6  18 2  14 31 20 19 25 0  4  10
8  21 10 26 17 1  18 25 0  23 14 27 13 4  6  29 32 16 31 34 20 30 28 5  15 3  11 22 33 7  9  2  12 24 19
2  25 13 11 28 14 32 19 34 31 5  15 26 6  21 7  29 20 17 33 0  18 22 24 16 4  12 1  30 8  27 9  10 3  23
30 9  2  24 0  12 14 27 21 4  20 26 5  1  18 28 17 8  10 25 31 23 34 32 33 11 7  15 3  19 13 6  16 29 22
0  15 24 23 3  13 28 16 33 21 29 1  19 17 27 12 11 9  34 30 25 32 4  7  31 2  20 6  18 10 22 26 5  8  14
20 29 5  3  26 6  17 15 24 18 32 22 34 31 9  19 27 10 0  11 21 2  33 25 30 12 8  16 4  23 28 13 14 7  1
28 1  22 14 12 26 15 31 23 25 11 6  16 27 19 20 8  29 7  18 33 34 2  30 32 13 9  17 5  21 4  3  24 10 0
7  2  4  13 14 22 16 5  31 19 30 0  6  3  8  9  20 15 1  21 23 33 32 18 34 27 24 28 26 29 10 12 11 17 25
22 6  8  5  2  33 4  32 10 15 12 21 20 7  1  13 31 3  30 9  16 11 17 14 29 34 26 24 25 28 18 23 19 0  27
15 18 23 21 10 3  12 9  6  33 8  32 14 19 16 0  2  11 4  17 30 7  13 31 26 24 34 27 29 25 20 1  22 5  28
11 31 30 17 20 19 1  0  14 7  16 13 10 33 12 32 18 22 23 5  8  15 21 6  25 26 29 34 28 27 2  4  3  9  24
19 10 12 0  31 15 30 21 2  22 4  5  18 11 23 17 14 33 16 32 1  3  9  20 24 28 27 25 34 26 6  8  7  13 29
33 20 1  32 6  11 8  17 18 3  23 9  31 22 30 5  10 7  12 13 4  19 0  2  27 25 28 29 24 34 14 16 15 21 26
27 23 19 18 1  28 22 20 4  24 3  2  8  29 7  6  12 25 11 10 15 26 14 16 13 21 0  5  9  17 30 33 34 31 32
4  5  20 28 9  8  2  24 13 12 6  29 17 16 10 25 21 23 14 26 18 1  27 0  11 19 22 3  7  15 32 31 30 34 33
21 3  25 4  7  0  26 8  11 5  27 12 15 9  28 16 19 13 24 23 29 17 1  22 2  10 14 18 20 6  33 34 32 30 31
14 28 17 22 24 18 21 3  29 20 0  7  25 2  5  11 26 6  9  15 13 10 19 27 12 23 1  4  8  16 34 32 31 33 30
3  14 16 9  18 7  23 13 20 11 1  17 2  15 4  21 6  19 8  0  12 22 5  10 28 29 25 26 27 24 31 30 33 32 34
