00 03 20 01 09 16 10 15 18 04 06 13 17 11 19 07 05 12 08 14 02 
20 01 03 02 16 08 09 11 05 06 15 07 19 18 17 10 04 14 13 12 00 
01 00 02 20 13 14 15 16 17 12 18 19 09 04 05 06 07 08 10 11 03 
02 20 00 03 11 15 08 13 06 17 19 04 18 07 16 05 14 09 12 10 01 
19 15 17 12 04 20 07 06 13 14 16 18 03 08 09 01 10 02 11 00 05 
13 19 18 09 07 05 20 04 12 03 14 16 08 00 10 17 11 15 02 01 06 
12 18 11 16 05 04 06 20 14 13 17 02 00 09 08 19 03 10 01 15 07 
18 14 09 10 20 06 05 07 15 02 03 17 16 19 01 08 12 11 00 13 04 
07 12 04 14 02 19 16 00 08 20 11 10 01 17 03 18 06 13 15 05 09 
14 13 16 15 19 17 18 12 11 09 20 08 07 01 00 03 02 05 06 04 10 
17 04 05 13 01 02 12 19 09 08 10 20 06 03 18 16 15 00 14 07 11 
05 17 15 18 12 00 19 14 20 10 09 11 04 16 07 02 13 01 03 06 08 
10 05 07 11 18 01 17 02 19 16 00 03 12 20 15 14 09 06 04 08 13 
16 06 08 19 17 11 01 10 02 18 07 05 15 13 20 12 00 04 09 03 14 
04 11 10 06 00 18 03 17 16 19 02 01 13 12 14 20 08 07 05 09 15 
08 16 19 17 10 09 11 18 00 05 04 06 20 14 13 15 01 03 07 02 12 
11 10 12 08 15 13 14 09 03 07 01 00 02 05 06 04 16 20 19 18 17 
06 07 13 05 08 03 00 01 04 15 12 14 10 02 11 09 19 17 20 16 18 
15 09 14 04 03 10 13 08 07 01 05 12 11 06 02 00 17 16 18 20 19 
09 08 06 07 14 12 02 03 01 00 13 15 05 10 04 11 20 18 17 19 16 
03 02 01 00 06 07 04 05 10 11 08 09 14 15 12 13 18 19 16 17 20 
