02 01 03 47 68 45 17 26 38 55 27 52 50 43 39 30 04 00 66 58 32 49 31 59 35 64 07 10 61 57 15 22 20 48 65 24 63 60 08 14 67 51 56 13 54 46 16 05 33 21 12 41 11 62 44 09 42 29 19 23 37 28 53 36 25 34 18 40 06 
16 03 68 04 46 02 06 28 31 34 36 29 21 24 44 53 01 47 42 37 50 12 65 62 13 49 43 57 07 11 52 08 48 60 09 56 10 19 61 58 63 59 18 26 14 05 17 45 32 25 20 66 30 15 64 67 35 27 39 41 33 38 23 40 54 22 51 55 00 
06 46 05 03 45 17 47 19 63 22 35 58 39 54 37 36 68 01 48 07 60 33 09 30 44 59 62 34 50 51 23 40 65 21 27 10 15 14 56 12 31 53 52 61 24 02 00 16 18 64 28 29 42 41 13 66 38 67 11 25 20 43 26 08 49 32 55 57 04 
46 00 47 17 04 68 45 37 35 19 25 62 66 50 60 63 06 16 56 09 36 53 48 67 49 10 58 31 32 55 51 27 28 41 64 08 20 07 57 40 39 33 59 65 52 01 05 03 22 24 13 30 44 21 61 29 18 38 26 42 14 54 11 15 34 43 12 23 02 
47 45 02 46 16 00 01 67 48 21 62 53 55 22 28 24 05 68 52 60 34 09 13 41 15 38 51 66 14 32 61 56 29 59 20 57 40 63 25 65 36 23 49 54 58 17 04 06 08 42 64 26 18 11 43 12 31 35 44 33 19 30 10 37 50 39 27 07 03 
05 47 04 06 01 46 02 20 37 53 58 19 33 48 63 27 00 17 54 11 07 55 59 52 32 31 36 15 62 38 41 25 24 12 60 65 26 08 29 50 44 30 61 49 40 03 45 68 13 43 39 67 23 09 18 21 64 66 10 22 34 42 28 14 56 35 57 51 16 
00 05 45 68 02 06 04 27 39 59 48 54 62 58 38 33 46 03 67 57 51 34 56 35 61 37 31 07 55 66 60 26 41 15 21 23 65 25 14 08 49 32 53 50 63 16 47 17 10 40 43 20 64 42 11 28 22 19 13 09 30 24 12 44 52 36 29 18 01 
54 39 56 22 29 65 52 12 18 08 14 68 40 15 09 07 25 33 11 38 35 59 03 43 55 16 44 64 58 04 62 50 67 17 57 20 46 48 19 01 10 41 47 23 26 63 36 42 37 61 31 60 06 66 00 24 02 34 28 21 51 49 30 45 27 05 53 32 13 
21 62 29 59 34 57 24 15 13 09 12 14 08 07 18 11 36 54 40 65 48 00 55 31 06 32 45 58 52 02 46 23 25 56 04 42 16 66 49 61 41 68 35 67 64 26 30 53 20 38 60 63 28 47 17 22 33 05 27 03 50 39 01 51 44 19 37 43 10 
20 49 61 51 50 36 63 41 40 07 10 13 15 68 11 14 56 58 12 30 00 64 43 37 47 34 53 45 33 52 19 42 55 28 25 46 05 23 67 62 09 18 31 22 59 27 35 24 66 01 04 03 29 26 60 32 16 65 17 44 54 02 39 06 21 57 48 38 08 
60 64 28 44 49 38 31 68 08 11 41 10 07 14 40 12 32 22 15 63 67 43 17 47 34 52 48 37 02 58 66 06 16 53 24 50 54 27 05 56 18 13 62 21 03 51 57 23 26 04 35 45 25 33 36 65 39 46 29 61 00 59 42 19 01 55 30 20 09 
22 35 20 57 61 50 25 10 11 15 13 18 12 41 07 68 24 67 14 39 02 47 00 63 16 06 32 44 59 56 53 52 26 64 46 01 51 54 62 19 08 09 45 55 27 42 34 21 65 66 05 36 31 30 37 43 29 03 60 28 58 04 38 23 33 48 49 17 40 
34 32 64 20 25 52 56 13 07 12 18 09 14 10 15 41 26 35 68 59 03 48 62 33 63 04 16 51 53 44 54 46 01 23 00 17 66 45 55 49 40 08 67 58 29 37 31 61 21 39 65 27 05 28 30 38 06 60 43 19 57 47 22 24 02 50 36 42 11 
25 30 33 67 57 42 65 07 10 18 15 12 09 11 13 40 55 38 08 45 59 54 35 50 52 00 63 39 34 31 01 29 62 02 28 22 58 47 17 27 68 14 05 64 49 19 51 37 61 44 23 46 24 60 21 16 66 04 36 20 53 48 32 26 43 06 56 03 41 
23 51 62 49 43 21 53 14 09 40 68 41 11 12 08 15 58 48 07 34 57 05 46 00 60 45 37 47 54 36 65 64 56 50 19 67 29 26 42 59 13 10 38 04 66 25 22 27 17 03 33 01 61 06 28 63 32 20 16 39 24 52 02 55 31 30 44 35 18 
29 22 59 32 56 43 20 40 68 10 11 07 13 08 41 09 42 55 18 47 06 37 01 38 31 36 52 49 63 00 57 24 03 51 62 64 25 21 23 48 12 15 16 05 50 60 67 19 39 27 44 33 26 65 66 17 04 30 61 02 45 58 34 28 35 53 54 46 14 
45 04 01 00 03 05 16 66 28 37 59 33 57 39 67 50 47 06 38 43 49 41 51 56 64 53 60 55 08 40 63 65 61 11 54 58 52 09 18 13 29 21 44 19 42 68 02 46 62 20 15 22 36 25 34 27 23 12 35 10 26 32 48 30 24 31 07 14 17 
03 17 06 02 00 01 46 49 65 42 66 59 51 63 29 62 16 45 25 54 40 44 30 53 50 18 38 35 67 14 22 58 64 61 55 27 48 41 26 57 20 37 09 52 21 47 68 04 36 07 24 12 43 23 19 34 60 39 31 11 56 33 15 13 32 08 10 28 05 
19 60 23 43 63 32 21 09 12 68 08 40 41 18 14 13 51 57 10 00 46 06 38 02 54 39 35 50 49 64 48 47 05 42 67 26 62 52 22 25 07 11 33 03 53 59 20 31 30 28 27 16 37 44 24 61 65 17 66 45 01 55 36 04 29 56 58 34 15 
66 67 38 30 36 39 41 56 17 51 33 50 31 49 61 64 48 08 58 25 20 23 29 19 27 26 42 68 24 28 03 12 57 10 52 47 04 55 02 05 60 06 22 62 45 44 59 35 16 13 11 09 34 63 65 37 07 32 18 46 40 14 43 53 15 54 00 01 21 
55 38 58 66 08 35 33 65 04 32 56 60 36 47 64 51 63 52 44 24 26 21 25 42 20 68 27 28 23 22 49 57 09 06 48 05 12 59 01 67 43 45 29 40 18 41 53 13 34 30 61 15 17 46 62 00 10 31 02 37 11 50 54 16 14 07 03 39 19 
38 48 13 40 64 63 67 62 49 50 46 51 32 02 55 58 31 60 34 19 22 27 21 26 28 29 68 25 42 24 59 16 12 54 18 45 47 61 00 53 03 65 23 57 56 35 10 36 01 08 09 11 66 39 33 14 44 43 15 30 17 37 07 05 04 41 52 06 20 
52 53 43 37 35 34 12 48 64 61 30 31 06 57 33 65 18 66 16 22 42 25 28 23 19 27 21 20 29 26 10 11 58 14 05 04 67 03 51 54 45 49 68 02 55 40 50 63 07 41 46 38 00 01 39 44 62 13 32 60 59 09 56 47 08 15 17 36 24 
39 08 48 13 44 12 40 60 01 16 65 46 05 03 59 54 09 64 30 26 23 28 20 29 24 21 25 19 68 42 18 62 53 52 63 49 45 56 66 00 06 58 27 51 04 36 11 55 02 35 67 43 33 32 15 47 37 61 41 14 07 57 31 34 17 10 38 50 22 
53 52 67 14 31 18 39 46 61 48 45 64 43 30 03 56 33 37 05 29 27 24 22 21 42 20 19 26 25 68 13 04 54 16 51 62 55 17 59 06 65 50 28 12 57 10 07 66 09 60 41 34 01 00 32 36 15 44 63 38 49 08 35 58 11 40 47 02 23 
43 09 15 52 55 67 54 53 60 01 44 37 38 64 65 02 66 39 57 21 28 42 23 20 68 22 26 29 19 25 45 51 50 62 49 41 59 11 12 17 46 35 24 00 10 30 40 58 63 34 32 31 03 07 06 04 61 18 47 36 08 56 33 48 13 14 16 05 27 
44 41 14 64 39 09 10 54 33 05 06 49 60 17 02 46 57 13 61 28 19 29 68 24 21 42 23 27 22 20 47 48 66 08 58 55 53 62 63 04 50 01 26 59 00 56 15 30 31 11 40 65 67 36 07 35 45 16 34 43 12 18 37 38 03 51 32 52 25 
37 63 53 61 33 49 64 52 46 38 60 48 17 16 32 43 13 12 62 42 29 20 19 68 22 25 28 24 27 23 58 54 14 04 41 51 50 00 09 55 57 34 21 15 65 67 08 56 11 05 36 35 07 02 31 39 47 40 30 66 10 03 18 01 06 44 59 45 26 
51 58 35 15 54 40 30 39 36 65 50 17 37 56 43 03 52 11 31 23 68 19 24 27 26 28 20 22 21 29 06 18 63 57 66 02 08 12 48 07 05 61 25 14 62 53 64 49 38 47 10 00 16 45 04 60 13 33 01 67 55 41 44 32 46 09 34 59 42 
30 56 63 33 67 10 43 32 51 62 05 35 61 53 48 57 34 36 59 20 24 68 27 22 25 23 29 21 26 19 00 60 07 03 16 11 17 49 58 52 54 55 42 06 47 64 65 44 14 37 66 08 39 13 40 41 01 15 38 18 31 12 09 02 45 46 50 04 28 
57 24 18 09 11 56 55 21 27 03 17 04 42 52 25 29 20 10 02 51 16 07 66 48 01 14 50 08 60 15 31 32 36 68 39 34 37 35 30 33 47 64 12 38 44 65 58 40 23 63 26 19 13 61 67 06 05 00 46 62 28 53 59 49 41 45 22 54 43 
11 23 66 54 15 51 48 45 62 17 26 00 59 60 20 04 41 09 49 46 14 65 52 01 56 67 10 61 47 53 43 37 32 35 30 31 39 38 44 68 55 16 58 36 34 07 19 28 06 18 63 05 22 29 03 40 24 64 42 12 13 27 08 50 57 21 02 25 33 
09 21 52 63 07 54 19 04 50 00 61 66 48 46 47 28 59 23 24 06 55 01 45 17 18 60 49 56 15 67 34 36 38 33 37 44 32 68 39 43 58 57 65 35 30 22 13 14 12 26 08 62 02 64 05 20 27 41 40 16 25 10 51 03 53 42 11 29 31 
40 18 54 55 66 23 51 61 45 57 63 24 52 21 46 20 64 49 01 53 15 13 50 05 11 58 56 59 65 41 36 31 34 39 33 38 43 30 68 37 00 29 60 44 35 08 14 62 67 17 22 06 12 19 02 03 26 09 25 27 42 07 47 10 16 28 04 48 32 
50 25 41 26 48 59 18 42 20 49 51 23 65 66 52 17 40 15 06 61 08 67 60 11 45 01 03 53 56 54 38 34 44 37 43 35 31 39 33 32 16 02 07 30 68 24 63 57 04 09 00 10 14 27 29 62 28 47 64 05 22 19 55 46 58 12 13 21 36 
62 29 50 42 13 07 49 05 59 60 28 56 27 04 16 19 14 51 55 15 65 52 57 40 53 48 61 12 10 01 44 38 35 43 32 30 36 33 37 31 23 63 03 68 39 66 54 64 25 06 02 17 21 24 46 18 11 22 67 08 09 26 00 41 47 20 45 58 34 
42 54 25 12 60 53 13 24 52 26 64 21 03 06 17 59 28 14 27 40 66 11 41 61 07 02 09 18 16 48 68 30 39 36 34 33 44 32 31 38 19 22 00 37 43 57 55 51 29 67 62 47 08 05 01 46 63 45 65 15 04 23 50 56 10 58 20 49 35 
10 55 26 48 18 66 11 22 57 56 00 06 53 20 62 61 23 50 04 67 13 58 07 16 41 54 02 60 45 65 37 33 43 44 35 32 68 34 38 30 42 24 40 31 36 28 49 59 03 46 17 64 63 12 25 01 09 08 21 47 27 15 14 52 51 29 05 19 39 
49 50 07 11 12 58 42 02 21 45 29 03 04 26 53 66 22 63 51 56 61 08 16 54 65 55 13 67 46 10 32 43 31 30 68 36 33 44 35 39 59 60 06 34 38 09 28 52 64 00 01 18 47 14 23 25 19 62 05 40 41 20 57 17 48 24 15 27 37 
59 28 49 21 51 11 61 58 24 29 20 05 64 55 23 45 27 18 17 50 10 03 47 14 08 57 65 16 01 09 35 44 30 32 31 68 34 37 43 36 53 46 66 39 33 15 41 22 60 02 19 04 62 40 63 13 67 25 07 00 48 06 52 54 12 26 42 56 38 
48 27 55 53 19 62 35 08 14 41 40 11 10 09 68 18 54 43 13 04 52 39 32 49 38 61 30 01 44 34 26 66 22 67 29 06 60 64 24 21 15 07 51 17 28 58 56 50 00 23 47 42 20 03 16 02 46 63 45 65 36 25 05 57 37 59 31 33 12 
28 43 27 29 58 64 57 18 15 14 09 08 68 13 12 10 65 24 41 32 62 31 67 44 17 63 59 02 00 03 56 21 19 55 53 48 49 50 47 66 11 40 46 01 23 54 42 38 35 36 37 61 60 34 45 33 30 06 04 26 52 51 20 25 05 16 39 22 07 
63 33 32 08 10 48 14 57 03 58 04 55 54 61 06 44 50 31 60 68 21 22 26 25 23 19 24 42 28 27 67 17 02 01 47 59 56 51 53 41 64 39 20 45 15 43 66 34 05 62 16 37 65 38 12 11 36 07 09 35 18 13 49 00 40 52 46 30 29 
64 59 09 56 28 27 66 51 47 02 57 42 63 25 54 49 62 20 65 48 17 46 61 60 58 13 41 05 04 50 30 35 68 31 36 39 38 43 32 34 52 26 11 33 37 55 21 08 19 15 29 07 40 67 14 45 03 10 24 01 23 22 16 12 00 18 06 53 44 
07 66 57 25 41 28 09 00 22 06 52 65 47 19 51 16 15 56 46 13 53 60 08 58 67 03 54 48 05 61 39 68 33 34 38 37 35 31 36 44 62 04 50 43 32 49 18 12 27 45 42 14 10 20 26 64 17 02 23 63 21 29 40 59 55 11 01 24 30 
01 16 17 45 06 04 68 50 56 67 34 43 28 44 30 48 02 05 29 49 54 66 58 57 51 65 33 38 12 18 14 63 40 26 10 52 61 53 27 60 32 62 55 11 13 00 03 47 15 19 07 24 35 37 20 42 08 23 22 64 39 36 41 31 59 25 21 09 46 
17 68 46 01 05 16 00 55 58 54 43 63 19 62 50 52 03 04 53 12 44 57 33 34 36 56 67 30 48 37 27 59 51 22 23 60 24 29 64 42 61 66 39 10 20 45 06 02 28 65 14 32 15 18 09 07 25 21 08 31 35 40 13 11 38 49 41 26 47 
68 06 00 16 47 03 05 34 67 66 55 36 29 59 56 35 17 02 28 64 37 51 54 65 48 33 40 32 18 12 50 49 27 25 07 15 11 20 60 63 26 52 57 53 61 04 46 01 24 31 30 21 41 43 22 10 14 42 62 13 38 44 58 39 19 23 09 08 45 
67 12 30 07 20 61 26 03 34 47 31 44 01 42 36 60 43 29 23 62 04 32 37 18 66 41 06 65 64 17 02 10 21 40 08 63 14 22 46 45 33 25 13 16 11 39 38 09 54 49 52 58 48 59 55 56 51 53 57 68 15 05 19 35 28 27 24 00 50 
08 34 12 60 62 15 23 33 00 25 42 32 02 45 24 05 30 61 47 44 63 38 36 06 14 09 66 43 31 46 16 28 11 07 01 40 22 65 21 64 35 67 10 27 19 13 29 18 53 55 50 54 56 49 68 59 58 52 51 57 03 17 04 20 39 37 26 41 48 
65 61 10 23 21 19 29 63 25 64 02 39 34 67 22 42 44 41 36 05 38 04 14 03 37 08 47 62 35 06 40 45 60 46 12 28 18 24 20 11 30 17 15 66 16 31 33 26 48 51 59 50 55 57 58 68 52 56 53 54 32 01 27 07 09 00 43 13 49 
61 44 08 19 65 25 15 23 02 30 24 47 35 32 66 06 38 27 22 03 33 36 18 07 10 05 39 17 41 63 09 67 13 20 45 12 21 40 16 26 37 28 64 60 01 34 62 11 51 56 54 57 52 48 59 50 68 58 55 49 43 00 46 29 42 04 14 31 53 
31 13 65 10 37 33 27 64 16 39 03 22 23 01 19 67 08 40 63 14 43 45 11 12 30 44 46 06 36 62 24 00 42 05 61 66 28 04 41 09 17 38 32 20 25 21 26 60 55 52 57 49 58 53 50 54 59 68 56 48 47 34 29 18 07 02 35 15 51 
35 65 34 39 30 26 38 16 43 36 19 61 45 31 42 22 07 32 20 10 18 40 15 64 62 66 05 41 37 60 04 13 17 63 02 00 09 28 06 03 21 27 14 08 46 12 44 67 58 59 53 51 50 56 49 48 57 54 68 55 29 11 24 33 23 01 25 47 52 
26 10 21 27 14 24 37 44 19 35 01 25 67 33 04 38 29 65 32 08 41 02 63 66 05 11 00 03 43 16 42 61 18 13 40 09 64 06 15 47 34 20 30 28 07 62 60 39 50 57 56 52 49 68 51 55 53 48 54 58 46 31 45 22 36 17 23 12 59 
32 19 31 41 38 14 60 36 44 20 23 45 25 27 05 34 39 62 26 01 09 63 64 10 46 12 18 13 30 33 28 02 00 29 15 61 07 67 04 16 66 03 43 42 08 11 24 65 57 48 58 68 53 50 56 52 55 51 49 59 06 35 17 21 22 47 40 37 54 
36 11 19 65 24 41 62 38 26 23 67 01 22 34 27 31 37 21 43 02 39 17 12 09 04 40 08 14 66 35 64 15 47 45 13 29 00 16 07 20 25 05 63 18 60 33 61 32 68 50 51 55 54 52 48 53 49 57 59 56 44 46 06 42 30 03 28 10 58 
15 40 24 62 22 37 32 47 66 28 21 38 26 35 31 00 60 25 39 41 64 10 04 36 02 17 12 63 09 30 29 14 06 65 42 13 23 05 11 18 01 19 34 46 67 61 43 07 52 68 48 53 59 55 57 49 54 50 58 51 16 45 03 27 20 33 08 44 56 
18 07 60 34 23 29 36 01 30 31 38 20 24 65 35 37 67 42 00 66 11 61 40 04 12 62 64 46 39 05 08 09 45 47 03 14 06 15 10 28 22 44 17 63 41 32 27 33 49 53 68 59 51 54 52 58 56 55 48 50 02 21 25 43 26 13 19 16 57 
14 26 36 35 27 60 44 30 42 63 32 67 46 37 00 25 61 28 64 31 47 62 34 39 40 15 01 04 17 45 07 19 10 66 22 03 02 13 65 23 24 43 08 41 06 29 12 20 56 58 49 48 68 51 54 57 50 59 52 53 05 16 21 09 18 38 33 11 55 
27 42 11 24 40 22 28 43 32 46 37 02 16 29 49 39 12 44 33 36 58 56 05 51 03 50 57 00 06 13 55 53 08 18 59 54 19 10 52 15 04 47 01 07 17 48 09 41 45 14 25 23 38 31 35 30 21 26 20 34 63 68 62 67 65 61 64 66 60 
41 20 22 31 53 13 08 17 06 43 16 30 44 05 34 21 10 07 35 52 01 15 02 45 39 46 55 54 51 47 11 03 59 49 14 18 57 58 50 24 56 00 48 09 12 23 25 29 42 33 38 28 19 04 27 26 40 36 37 32 60 62 66 64 67 63 65 68 61 
24 31 37 38 42 44 22 59 23 52 49 57 56 51 26 55 19 34 50 16 45 30 06 08 00 47 14 36 40 39 21 01 46 58 17 53 27 02 03 29 28 54 04 48 05 20 32 25 43 10 18 13 09 35 41 15 12 11 33 07 68 67 64 63 61 66 60 65 62 
56 57 51 28 52 55 59 31 29 44 53 34 58 38 21 32 49 26 37 33 30 14 39 46 43 35 17 40 03 08 20 07 15 19 11 25 42 18 13 22 27 48 36 24 09 50 23 54 41 16 45 02 04 10 47 05 00 01 12 06 61 66 68 65 64 60 67 62 63 
13 36 39 58 09 30 07 06 55 04 54 16 49 00 57 47 11 53 45 35 31 50 44 32 33 43 34 52 38 59 05 20 23 24 26 19 01 42 28 02 51 56 37 25 22 18 48 15 46 12 21 40 27 17 10 08 41 14 03 29 67 63 60 68 66 65 62 61 64 
12 15 42 18 26 20 58 35 54 33 47 27 00 36 45 01 21 19 03 17 05 16 53 55 59 30 04 11 57 49 25 41 52 09 50 07 13 46 40 51 38 31 02 56 48 14 37 10 44 29 34 39 32 22 08 23 43 28 06 24 64 60 61 62 68 67 66 63 65 
58 14 40 36 59 08 50 25 05 24 22 26 20 28 01 23 53 30 19 18 12 35 10 15 09 07 11 33 13 43 17 55 49 27 56 21 03 57 54 46 02 42 41 29 51 52 39 48 47 32 06 44 45 16 38 31 34 37 00 04 62 64 65 60 63 68 61 67 66 
33 37 44 50 32 31 34 29 53 27 39 28 30 23 58 26 35 59 21 55 56 18 49 13 57 51 15 09 11 07 12 05 04 00 06 16 41 01 45 10 48 36 54 47 02 38 52 43 40 22 03 25 46 08 42 19 20 24 14 17 65 61 63 66 62 64 68 60 67 
04 02 16 05 17 47 03 11 41 13 07 15 18 40 10 08 45 46 09 27 25 26 42 28 29 24 22 23 20 21 33 39 37 38 44 43 30 36 34 35 14 12 19 32 31 06 01 00 59 54 55 56 57 58 53 51 48 49 50 52 66 65 67 61 60 62 63 64 68 
