31 29 53 30 4  6  5  55 17 18 16 58 46 47 44 50 1  0  3  54 26 27 25 52 64 62 60 61 51 34 33 35 48 38 36 39 14 57 12 13 22 56 20 21 42 49 40 43 15 23 41 37 63 32 28 7  24 45 2  19 10 8  9  59 11
53 30 29 28 55 7  6  5  58 19 18 16 45 50 46 44 2  54 1  3  24 52 26 25 60 63 62 64 33 32 34 51 36 37 38 48 15 12 14 57 23 20 22 56 41 40 42 49 13 21 43 39 61 35 31 4  27 47 0  17 11 59 10 9  8
30 31 28 53 6  55 4  7  18 58 17 19 50 46 47 45 54 1  0  2  52 26 27 24 63 64 61 62 32 51 35 34 37 48 39 38 57 15 13 14 56 23 21 22 49 41 43 42 12 20 40 36 60 33 29 5  25 44 3  16 59 10 8  11 9
28 53 31 29 7  5  55 4  19 16 58 17 44 45 50 47 3  2  54 0  25 24 52 27 61 60 64 63 35 33 51 32 39 36 48 37 12 13 57 15 20 21 56 23 40 43 49 41 14 22 42 38 62 34 30 6  26 46 1  18 9  11 59 8  10
21 20 56 22 35 34 33 51 8  10 9  59 30 31 29 53 38 39 36 48 6  4  5  55 49 42 40 43 64 62 60 61 52 26 25 27 46 50 44 47 18 58 16 17 14 57 12 13 45 19 15 24 41 63 23 32 7  28 37 11 1  0  3  54 2
23 56 21 20 32 33 51 35 11 9  59 8  29 28 53 31 36 37 48 39 5  7  55 4  43 40 49 41 61 60 64 63 27 25 52 24 44 47 50 45 16 17 58 19 12 13 57 15 46 18 14 26 42 62 22 34 6  30 38 10 3  2  54 0  1
56 22 20 23 51 32 34 33 59 11 10 9  28 53 30 29 37 48 38 36 7  55 6  5  40 41 42 49 60 63 62 64 25 24 26 52 45 44 46 50 19 16 18 58 15 12 14 57 47 17 13 27 43 61 21 35 4  31 39 8  2  54 1  3  0
22 21 23 56 34 51 35 32 10 59 8  11 53 30 31 28 48 38 39 37 55 6  4  7  41 49 43 42 63 64 61 62 24 52 27 26 50 45 47 46 58 19 17 18 57 15 13 14 44 16 12 25 40 60 20 33 5  29 36 9  54 1  0  2  3
0  3  54 1  13 14 12 57 27 26 25 52 10 8  9  59 34 35 33 51 42 43 40 49 53 30 29 31 50 46 44 47 64 62 60 61 18 58 16 17 38 48 36 39 22 56 20 21 19 37 23 63 28 45 2  15 41 11 32 24 6  4  5  55 7
2  54 0  3  15 12 57 13 24 25 52 27 9  11 59 8  33 32 51 35 40 41 49 43 31 29 53 28 47 44 50 45 61 60 64 63 16 17 58 19 36 39 48 37 20 21 56 23 18 38 22 62 30 46 1  14 42 10 34 26 5  7  55 4  6
54 1  3  2  57 15 14 12 52 24 26 25 11 59 10 9  32 51 34 33 41 49 42 40 29 28 30 53 44 45 46 50 60 63 62 64 19 16 18 58 37 36 38 48 23 20 22 56 17 39 21 61 31 47 0  13 43 8  35 27 7  55 6  5  4
1  0  2  54 14 57 13 15 26 52 27 24 59 10 8  11 51 34 35 32 49 42 43 41 28 53 31 30 45 50 47 46 63 64 61 62 58 19 17 18 48 37 39 38 56 23 21 22 16 36 20 60 29 44 3  12 40 9  33 25 55 6  4  7  5
15 57 13 12 37 36 48 39 28 29 53 31 40 41 49 43 16 19 58 17 3  2  54 0  4  5  55 7  27 25 52 24 8  9  59 11 60 61 64 63 44 47 50 45 33 35 51 32 62 46 34 10 6  26 14 38 1  42 18 30 20 23 56 21 22
13 12 57 14 39 38 36 48 31 30 29 53 42 43 40 49 18 17 16 58 1  0  3  54 55 6  5  4  52 26 25 27 59 10 9  8  62 64 60 61 46 50 44 47 34 51 33 35 63 45 32 11 7  24 15 37 2  41 19 28 22 21 20 56 23
57 14 12 15 48 37 38 36 53 28 30 29 41 49 42 40 19 58 18 16 2  54 1  3  5  7  6  55 25 24 26 52 9  11 10 59 63 60 62 64 45 44 46 50 32 33 34 51 61 47 35 8  4  27 13 39 0  43 17 31 23 56 22 20 21
14 13 15 57 38 48 39 37 30 53 31 28 49 42 43 41 58 18 17 19 54 1  0  2  7  55 4  6  24 52 27 26 11 59 8  10 64 63 61 62 50 45 47 46 51 32 35 34 60 44 33 9  5  25 12 36 3  40 16 29 56 22 21 23 20
32 51 35 33 19 16 58 17 41 40 49 43 5  7  55 4  44 45 50 47 20 23 56 21 0  3  54 2  8  9  59 11 31 29 53 28 25 27 52 24 60 61 64 63 36 39 48 37 26 62 38 30 1  10 34 18 22 6  46 42 12 15 57 13 14
35 33 51 34 17 18 16 58 43 42 40 49 6  4  5  55 46 47 44 50 22 21 20 56 54 1  3  0  59 10 9  8  53 30 29 31 26 52 25 27 62 64 60 61 38 48 36 39 24 63 37 28 2  11 32 19 23 7  45 41 14 13 12 57 15
51 34 33 32 58 19 18 16 49 41 42 40 7  55 6  5  45 50 46 44 23 56 22 20 3  2  1  54 9  11 10 59 29 28 30 53 24 25 26 52 63 60 62 64 37 36 38 48 27 61 39 31 0  8  35 17 21 4  47 43 15 57 14 12 13
34 35 32 51 18 58 17 19 42 49 43 41 55 6  4  7  50 46 47 45 56 22 21 23 2  54 0  1  11 59 8  10 28 53 31 30 52 24 27 26 64 63 61 62 48 37 39 38 25 60 36 29 3  9  33 16 20 5  44 40 57 14 13 15 12
45 50 47 44 24 25 52 27 23 20 56 21 12 15 57 13 9  11 59 8  36 37 48 39 35 33 51 32 4  5  55 7  0  3  54 2  40 43 49 41 29 31 53 28 60 61 64 63 42 30 62 1  34 6  46 26 38 14 10 22 16 19 58 17 18
47 44 50 46 27 26 25 52 21 22 20 56 14 13 12 57 10 8  9  59 38 39 36 48 51 34 33 35 55 6  5  4  54 1  3  0  42 49 40 43 30 53 29 31 62 64 60 61 41 28 63 2  32 7  45 24 37 15 11 23 18 17 16 58 19
50 46 44 45 52 24 26 25 56 23 22 20 15 57 14 12 11 59 10 9  37 48 38 36 33 32 34 51 5  7  6  55 3  2  1  54 41 40 42 49 28 29 30 53 63 60 62 64 43 31 61 0  35 4  47 27 39 13 8  21 19 58 18 16 17
46 47 45 50 26 52 27 24 22 56 21 23 57 14 13 15 59 10 8  11 48 38 39 37 32 51 35 34 7  55 4  6  2  54 0  1  49 41 43 42 53 28 31 30 64 63 61 62 40 29 60 3  33 5  44 25 36 12 9  20 58 18 17 19 16
38 39 37 48 46 50 47 45 6  55 4  7  54 1  0  2  64 62 61 63 57 14 13 15 23 56 21 22 28 53 31 30 41 49 43 42 59 11 8  10 52 24 27 26 58 19 17 18 9  25 16 40 20 29 36 44 12 3  60 5  51 34 35 32 33
37 48 39 36 45 44 50 47 7  5  55 4  3  2  54 0  60 63 64 61 12 15 57 13 21 20 56 23 31 29 53 28 43 40 49 41 9  8  59 11 25 27 52 24 16 17 58 19 10 26 18 42 22 30 38 46 14 1  62 6  33 32 51 35 34
48 38 36 37 50 45 46 44 55 7  6  5  2  54 1  3  63 64 62 60 15 57 14 12 20 23 22 56 29 28 30 53 40 41 42 49 11 9  10 59 24 25 26 52 19 16 18 58 8  27 17 43 21 31 39 47 13 0  61 4  32 51 34 33 35
39 36 48 38 47 46 44 50 4  6  5  55 1  0  3  54 62 61 60 64 14 13 12 57 56 22 20 21 53 30 29 31 49 42 40 43 10 59 9  8  26 52 25 27 18 58 16 17 11 24 19 41 23 28 37 45 15 2  63 7  34 35 33 51 32
10 8  11 59 42 49 43 41 38 48 39 37 58 18 17 19 55 6  4  7  64 62 61 63 45 50 47 46 15 57 13 14 32 51 35 34 56 23 21 22 54 2  0  1  53 28 31 30 20 3  29 33 44 12 9  40 60 16 5  36 52 26 27 24 25
11 59 8  9  41 40 49 43 37 36 48 39 16 19 58 17 5  7  55 4  60 63 64 61 47 44 50 45 13 12 57 15 35 33 51 32 20 21 56 23 3  0  54 2  29 31 53 28 22 1  30 34 46 14 10 42 62 18 6  38 25 24 52 27 26
59 10 9  11 49 41 42 40 48 37 38 36 19 58 18 16 7  55 6  5  63 64 62 60 44 45 46 50 12 15 14 57 33 32 34 51 23 20 22 56 2  3  1  54 28 29 30 53 21 0  31 35 47 13 8  43 61 17 4  39 24 52 26 25 27
8  9  59 10 43 42 40 49 39 38 36 48 18 17 16 58 6  4  5  55 62 61 60 64 50 46 44 47 57 14 12 13 51 34 33 35 22 56 20 21 1  54 3  0  30 53 29 31 23 2  28 32 45 15 11 41 63 19 7  37 26 27 25 52 24
42 43 41 49 1  54 0  2  46 50 47 45 64 62 61 63 56 22 21 23 59 10 8  11 24 52 27 26 37 48 39 38 19 58 17 18 51 32 35 34 57 15 13 14 55 7  4  6  33 12 5  16 25 36 40 3  9  60 20 44 53 30 31 28 29
41 49 43 40 2  3  54 0  45 44 50 47 60 63 64 61 20 23 56 21 9  11 59 8  27 25 52 24 39 36 48 37 17 16 58 19 33 35 51 32 12 13 57 15 5  4  55 7  34 14 6  18 26 38 42 1  10 62 22 46 29 28 53 31 30
49 42 40 41 54 2  1  3  50 45 46 44 63 64 62 60 23 56 22 20 11 59 10 9  25 24 26 52 36 37 38 48 16 19 18 58 32 33 34 51 15 12 14 57 7  5  6  55 35 13 4  17 27 39 43 0  8  61 21 47 28 53 30 29 31
43 40 49 42 0  1  3  54 47 46 44 50 62 61 60 64 22 21 20 56 10 8  9  59 52 26 25 27 48 38 36 39 58 18 16 17 34 51 33 35 14 57 12 13 6  55 5  4  32 15 7  19 24 37 41 2  11 63 23 45 30 31 29 53 28
63 64 61 60 11 9  59 8  15 12 57 13 33 32 51 35 29 28 53 31 16 19 58 17 39 36 48 37 0  3  54 2  21 20 56 23 5  4  55 7  40 43 49 41 25 27 52 24 6  42 26 22 38 1  62 10 18 34 30 14 44 45 50 47 46
62 61 63 64 10 59 8  11 14 57 13 15 51 34 35 32 53 30 31 28 58 18 17 19 37 48 39 38 2  54 0  1  23 56 21 22 55 7  4  6  49 41 43 42 52 24 27 26 5  40 25 20 36 3  60 9  16 33 29 12 50 46 47 45 44
64 62 60 63 59 11 10 9  57 15 14 12 32 51 34 33 28 53 30 29 19 58 18 16 36 37 38 48 3  2  1  54 20 23 22 56 7  5  6  55 41 40 42 49 24 25 26 52 4  43 27 21 39 0  61 8  17 35 31 13 45 50 46 44 47
61 60 64 62 8  10 9  59 13 14 12 57 34 35 33 51 30 31 29 53 18 17 16 58 48 38 36 39 54 1  3  0  56 22 20 21 6  55 5  4  42 49 40 43 26 52 25 27 7  41 24 23 37 2  63 11 19 32 28 15 46 47 44 50 45
19 58 17 16 63 60 64 61 2  3  54 0  20 23 56 21 25 24 52 27 33 32 51 35 13 12 57 15 43 40 49 41 4  5  55 7  29 31 53 28 9  8  59 11 44 47 50 45 30 10 46 6  14 42 18 62 34 22 26 1  36 37 48 39 38
18 17 19 58 62 64 61 63 1  54 0  2  56 22 21 23 52 26 27 24 51 34 35 32 15 57 13 14 41 49 43 42 7  55 4  6  53 28 31 30 59 11 8  10 50 45 47 46 29 9  44 5  12 40 16 60 33 20 25 3  48 38 39 37 36
58 18 16 19 64 63 62 60 54 2  1  3  23 56 22 20 24 52 26 25 32 51 34 33 12 15 14 57 40 41 42 49 5  7  6  55 28 29 30 53 11 9  10 59 45 44 46 50 31 8  47 4  13 43 17 61 35 21 27 0  37 48 38 36 39
17 16 58 18 61 62 60 64 0  1  3  54 22 21 20 56 26 27 25 52 34 35 33 51 57 14 12 13 49 42 40 43 55 6  5  4  30 53 29 31 10 59 9  8  46 50 44 47 28 11 45 7  15 41 19 63 32 23 24 2  38 39 36 48 37
7  55 4  5  23 20 56 21 63 60 64 61 25 24 52 27 12 15 57 13 29 28 53 31 8  9  59 11 17 16 58 19 47 44 50 45 36 39 48 37 33 35 51 32 3  0  54 2  38 34 1  46 10 18 6  22 30 26 14 62 40 41 49 43 42
6  4  7  55 22 56 21 23 62 64 61 63 52 26 27 24 57 14 13 15 53 30 31 28 11 59 8  10 19 58 17 18 45 50 47 46 48 37 39 38 51 32 35 34 54 2  0  1  36 33 3  44 9  16 5  20 29 25 12 60 49 42 43 41 40
55 6  5  7  56 23 22 20 64 63 62 60 24 52 26 25 15 57 14 12 28 53 30 29 9  11 10 59 16 19 18 58 44 45 46 50 37 36 38 48 32 33 34 51 2  3  1  54 39 35 0  47 8  17 4  21 31 27 13 61 41 49 42 40 43
4  5  55 6  21 22 20 56 61 62 60 64 26 27 25 52 14 13 12 57 30 31 29 53 59 10 9  8  58 18 16 17 50 46 44 47 38 48 36 39 34 51 33 35 1  54 3  0  37 32 2  45 11 19 7  23 28 24 15 63 42 43 40 49 41
60 63 62 61 9  8  11 10 12 13 15 14 35 33 32 34 31 29 28 30 17 16 19 18 38 39 37 36 1  0  2  3  22 21 23 20 4  6  7  5  43 42 41 40 27 26 24 25 55 49 52 56 48 54 64 59 58 51 53 57 47 44 45 46 50
16 19 18 17 60 61 63 62 3  0  2  1  21 20 23 22 27 25 24 26 35 33 32 34 14 13 15 12 42 43 41 40 6  4  7  5  31 30 28 29 8  10 11 9  47 46 45 44 53 59 50 55 57 49 58 64 51 56 52 54 39 36 37 38 48
5  7  6  4  20 21 23 22 60 61 63 62 27 25 24 26 13 12 15 14 31 29 28 30 10 8  11 9  18 17 19 16 46 47 45 44 39 38 37 36 35 34 32 33 0  1  2  3  48 51 54 50 59 58 55 56 53 52 57 64 43 40 41 42 49
40 41 42 43 3  0  2  1  44 47 45 46 61 60 63 62 21 20 23 22 8  9  11 10 26 27 24 25 38 39 37 36 18 17 19 16 35 34 32 33 13 14 15 12 4  6  7  5  51 57 55 58 52 48 49 54 59 64 56 50 31 29 28 30 53
36 37 38 39 44 47 45 46 5  4  7  6  0  3  2  1  61 60 63 62 13 12 15 14 22 21 23 20 30 31 28 29 42 43 41 40 8  10 11 9  27 26 24 25 17 18 19 16 59 52 58 49 56 53 48 50 57 54 64 55 35 33 32 34 51
9  11 10 8  40 43 41 42 36 39 37 38 17 16 19 18 4  5  7  6  61 60 63 62 46 47 45 44 14 13 15 12 34 35 32 33 21 22 23 20 0  1  2  3  31 30 28 29 56 54 53 51 50 57 59 49 64 58 55 48 27 25 24 26 52
29 28 30 31 5  4  7  6  16 17 19 18 47 44 45 46 0  3  2  1  27 25 24 26 62 61 63 60 34 35 32 33 38 39 37 36 13 14 15 12 21 22 23 20 43 42 41 40 57 56 49 48 64 51 53 55 52 50 54 58 8  9  11 10 59
20 23 22 21 33 35 32 34 9  8  11 10 31 29 28 30 39 36 37 38 4  5  7  6  42 43 41 40 62 61 63 60 26 27 24 25 47 46 45 44 17 18 19 16 13 14 15 12 50 58 57 52 49 64 56 51 55 53 48 59 0  3  2  1  54
44 45 46 47 25 27 24 26 20 21 23 22 13 12 15 14 8  9  11 10 39 36 37 38 34 35 32 33 6  4  7  5  1  0  2  3  43 42 41 40 31 30 28 29 61 62 63 60 49 53 64 54 51 55 50 52 48 57 59 56 17 16 19 18 58
12 15 14 13 36 39 37 38 29 31 28 30 43 40 41 42 17 16 19 18 0  3  2  1  6  4  7  5  26 27 24 25 10 8  11 9  61 62 63 60 47 46 45 44 35 34 32 33 64 50 51 59 55 52 57 48 54 49 58 53 21 20 23 22 56
33 32 34 35 16 17 19 18 40 43 41 42 4  5  7  6  47 44 45 46 21 20 23 22 1  0  2  3  10 8  11 9  30 31 28 29 27 26 24 25 61 62 63 60 39 38 37 36 52 64 48 53 54 59 51 58 56 55 50 49 13 12 15 14 57
3  2  1  0  12 13 15 14 25 27 24 26 8  9  11 10 35 33 32 34 43 40 41 42 30 31 28 29 46 47 45 44 62 61 63 60 17 18 19 16 39 38 37 36 21 22 23 20 58 48 56 64 53 50 54 57 49 59 51 52 4  5  7  6  55
24 52 27 25 28 29 53 31 32 33 51 35 36 37 48 39 40 41 49 43 44 45 50 47 17 16 58 19 21 20 56 23 13 12 57 15 3  0  54 2  5  4  55 7  9  8  59 11 1  6  10 14 18 22 26 30 46 38 42 34 60 63 64 61 62
27 25 52 26 31 30 29 53 35 34 33 51 38 39 36 48 42 43 40 49 46 47 44 50 58 18 16 17 56 22 20 21 57 14 12 13 1  54 3  0  6  55 5  4  10 59 9  8  2  7  11 15 19 23 24 28 45 37 41 32 62 61 60 64 63
52 26 25 24 53 28 30 29 51 32 34 33 37 48 38 36 41 49 42 40 45 50 46 44 16 19 18 58 20 23 22 56 12 15 14 57 2  3  1  54 7  5  6  55 11 9  10 59 0  4  8  13 17 21 27 31 47 39 43 35 63 64 62 60 61
26 27 24 52 30 53 31 28 34 51 35 32 48 38 39 37 49 42 43 41 50 46 47 45 19 58 17 18 23 56 21 22 15 57 13 14 54 2  0  1  55 7  4  6  59 11 8  10 3  5  9  12 16 20 25 29 44 36 40 33 64 62 61 63 60
25 24 26 27 29 31 28 30 33 35 32 34 39 36 37 38 43 40 41 42 47 44 45 46 18 17 19 16 22 21 23 20 14 13 15 12 0  1  2  3  4  6  7  5  8  10 11 9  54 55 59 57 58 56 52 53 50 48 49 51 61 60 63 62 64
