8  5  2  7  9  0  10 60 6  11 4  3  56 59 58 57 39 36 37 38 34 35 32 33 26 27 24 25 22 23 20 21 51 49 48 50 46 47 44 45 17 18 19 16 15 12 14 13 55 54 53 52 43 42 40 41 62 63 61 64 1  29 28 31 30 
0  7  4  11 1  6  60 8  9  3  5  10 24 26 25 27 51 49 48 50 43 40 41 42 55 53 52 54 30 31 28 29 12 14 13 15 17 18 19 16 38 39 36 37 21 22 23 20 62 63 61 64 59 58 57 56 47 46 44 45 2  33 32 35 34 
3  1  6  2  8  10 7  11 60 4  9  5  28 30 29 31 62 61 64 63 12 14 13 15 34 35 32 33 39 36 37 38 47 44 45 46 25 26 27 24 54 55 53 52 17 18 19 16 43 42 40 41 22 21 23 20 59 58 57 56 0  50 48 49 51 
9  3  7  10 4  1  0  6  2  60 11 8  64 62 63 61 22 23 20 21 26 27 24 25 47 44 45 46 43 40 41 42 30 31 28 29 50 51 49 48 15 12 14 13 33 34 35 32 18 17 19 16 55 54 53 52 39 38 36 37 5  58 56 57 59 
4  8  10 0  11 5  1  2  7  6  60 9  37 39 38 36 43 40 41 42 47 44 45 46 51 49 48 50 55 53 52 54 59 57 56 58 29 30 31 28 33 34 35 32 25 26 27 24 12 15 14 13 18 17 19 16 22 21 23 20 3  63 64 61 62 
6  11 5  3  2  9  8  0  1  10 7  60 52 55 54 53 12 14 13 15 59 57 56 58 62 61 64 63 34 35 32 33 22 23 20 21 38 39 36 37 50 51 49 48 29 30 31 28 47 46 44 45 26 25 27 24 18 17 19 16 4  42 41 40 43 
11 9  0  1  60 3  5  7  10 2  6  4  20 22 21 23 55 53 52 54 51 49 48 50 30 31 28 29 18 19 16 17 62 61 64 63 58 59 57 56 25 26 27 24 46 47 44 45 34 33 35 32 12 15 14 13 43 42 40 41 8  38 37 36 39 
10 2  9  4  0  60 11 3  8  5  1  7  32 34 33 35 47 44 45 46 22 23 20 21 43 40 41 42 51 49 48 50 18 19 16 17 54 55 53 52 63 62 61 64 38 39 36 37 59 58 57 56 30 29 31 28 26 25 27 24 6  15 13 14 12 
1  10 11 60 5  2  6  9  4  8  3  0  45 47 46 44 30 31 28 29 55 53 52 54 18 19 16 17 59 57 56 58 34 35 32 33 15 12 14 13 21 22 23 20 42 43 40 41 39 38 36 37 62 63 61 64 51 50 49 48 7  25 24 27 26 
2  60 3  8  7  4  9  1  5  0  10 6  16 18 17 19 34 35 32 33 62 61 64 63 39 36 37 38 26 27 24 25 43 40 41 42 21 22 23 20 29 30 31 28 58 59 57 56 51 50 49 48 47 46 44 45 12 15 14 13 11 54 52 53 55 
60 4  1  5  6  8  3  10 0  7  2  11 41 43 42 40 18 19 16 17 30 31 28 29 59 57 56 58 12 14 13 15 39 36 37 38 63 62 61 64 46 47 44 45 50 51 49 48 26 25 27 24 34 33 35 32 55 54 53 52 9  21 20 23 22 
5  0  60 6  3  7  2  4  11 9  8  1  48 51 50 49 59 57 56 58 18 19 16 17 12 14 13 15 62 61 64 63 26 27 24 25 33 34 35 32 42 43 40 41 54 55 53 52 22 21 23 20 39 38 36 37 30 29 31 28 10 46 45 44 47 
36 57 35 27 23 49 44 19 14 53 40 61 43 42 6  41 17 16 18 7  29 28 30 8  58 56 59 9  15 13 12 10 38 37 39 11 4  63 64 62 5  46 45 47 3  50 48 51 25 1  24 26 33 0  32 34 54 2  52 55 31 60 22 20 21 
38 58 33 25 21 50 46 17 15 54 42 63 40 41 43 6  16 7  19 18 28 8  31 30 56 9  57 59 13 10 14 12 37 11 36 39 62 64 4  61 47 45 5  44 51 48 3  49 24 26 1  27 32 34 0  35 52 55 2  53 29 22 23 60 20 
37 56 32 24 20 48 45 16 13 52 41 64 42 6  40 43 7  18 17 19 8  30 29 31 9  59 58 57 10 12 15 14 11 39 38 36 61 4  62 63 44 5  47 46 49 3  51 50 1  27 26 25 0  35 34 33 2  53 55 54 28 23 21 22 60 
39 59 34 26 22 51 47 18 12 55 43 62 6  40 41 42 19 17 7  16 31 29 8  28 57 58 9  56 14 15 10 13 36 38 11 37 64 61 63 4  45 44 46 5  48 49 50 3  27 24 25 1  35 32 33 0  53 52 54 2  30 20 60 21 23 
17 42 29 58 15 38 63 46 50 25 33 54 35 32 34 0  45 5  44 47 20 60 23 22 41 6  40 43 48 3  49 51 16 7  19 18 55 52 2  53 62 64 4  61 39 37 11 36 56 59 9  57 28 30 8  31 24 26 1  27 21 12 14 10 13 
18 43 30 59 12 39 62 47 51 26 34 55 0  35 32 33 44 46 5  45 23 21 60 20 40 42 6  41 49 50 3  48 19 17 7  16 52 53 54 2  64 61 63 4  37 36 38 11 57 56 58 9  31 28 29 8  27 24 25 1  22 13 10 15 14 
19 40 31 57 14 36 61 44 49 27 35 53 34 33 0  32 46 45 47 5  21 20 22 60 42 41 43 6  50 48 51 3  17 16 18 7  2  54 52 55 4  63 64 62 11 38 37 39 58 9  56 59 29 8  28 30 25 1  24 26 23 10 12 13 15 
16 41 28 56 13 37 64 45 48 24 32 52 33 0  35 34 5  47 46 44 60 22 21 23 6  43 42 40 3  51 50 49 7  18 17 19 53 2  55 54 61 4  62 63 36 11 39 38 9  57 59 58 8  31 30 29 1  27 26 25 20 14 15 12 10 
54 21 50 29 17 63 58 25 46 33 15 42 14 13 12 10 24 1  27 26 37 11 36 39 20 60 23 22 45 5  44 47 52 2  53 55 43 41 6  40 59 56 9  57 62 64 4  61 28 30 8  31 48 51 3  49 32 34 0  35 38 18 19 7  16 
55 22 51 30 18 62 59 26 47 34 12 43 10 14 13 15 27 25 1  24 36 38 11 37 23 21 60 20 44 46 5  45 53 54 2  52 41 40 42 6  56 57 58 9  64 61 63 4  31 28 29 8  49 48 50 3  35 32 33 0  39 16 7  17 19 
53 23 49 31 19 61 57 27 44 35 14 40 12 15 10 13 25 24 26 1  38 37 39 11 21 20 22 60 46 45 47 5  54 52 55 2  6  42 41 43 9  58 56 59 4  63 64 62 29 8  28 30 50 3  48 51 33 0  32 34 36 7  18 16 17 
52 20 48 28 16 64 56 24 45 32 13 41 15 10 14 12 1  26 25 27 11 39 38 36 60 22 21 23 5  47 46 44 2  55 54 53 40 6  43 42 57 9  59 58 61 4  62 63 8  31 30 29 3  49 51 50 0  35 34 33 37 19 17 18 7  
15 54 58 63 33 21 38 50 29 46 25 17 27 24 26 1  48 3  49 51 41 6  40 43 52 2  53 55 28 8  31 30 13 10 14 12 18 16 7  19 39 37 11 36 22 20 60 23 64 62 4  61 56 59 9  57 45 47 5  44 42 34 35 0  32 
12 55 59 62 34 22 39 51 30 47 26 18 1  27 24 25 49 50 3  48 40 42 6  41 53 54 2  52 31 29 8  28 14 15 10 13 16 19 17 7  37 36 38 11 20 23 21 60 61 64 63 4  57 56 58 9  44 45 46 5  43 32 0  33 35 
14 53 57 61 35 23 36 49 31 44 27 19 26 25 1  24 50 48 51 3  42 41 43 6  54 52 55 2  29 28 30 8  15 13 12 10 7  17 16 18 11 38 37 39 60 21 20 22 63 4  64 62 58 9  56 59 46 5  45 47 40 0  34 32 33 
13 52 56 64 32 20 37 48 28 45 24 16 25 1  27 26 3  51 50 49 6  43 42 40 2  55 54 53 8  30 29 31 10 12 15 14 19 7  18 17 36 11 39 38 23 60 22 21 4  61 62 63 9  57 59 58 5  44 47 46 41 35 33 34 0  
33 17 63 38 25 42 21 29 58 50 46 15 44 45 47 5  28 8  31 30 52 2  53 55 16 7  19 18 56 9  57 59 32 0  35 34 12 13 10 14 22 20 60 23 43 41 6  40 37 39 11 36 64 62 4  61 48 51 3  49 54 26 27 1  24 
34 18 62 39 26 43 22 30 59 51 47 12 5  44 45 46 31 29 8  28 53 54 2  52 19 17 7  16 57 58 9  56 35 33 0  32 13 14 15 10 20 23 21 60 41 40 42 6  36 37 38 11 61 64 63 4  49 48 50 3  55 24 1  25 27 
35 19 61 36 27 40 23 31 57 49 44 14 47 46 5  45 29 28 30 8  54 52 55 2  17 16 18 7  58 56 59 9  33 32 34 0  10 15 13 12 60 21 20 22 6  42 41 43 38 11 37 39 63 4  64 62 50 3  48 51 53 1  26 24 25 
32 16 64 37 24 41 20 28 56 48 45 13 46 5  44 47 8  30 29 31 2  55 54 53 7  18 17 19 9  59 58 57 0  34 33 35 14 10 12 15 23 60 22 21 40 6  43 42 11 36 39 38 4  61 62 63 3  49 51 50 52 27 25 26 1  
50 25 42 54 29 15 17 38 21 63 58 46 57 56 59 9  37 11 36 39 32 0  35 34 24 1  27 26 20 60 23 22 48 3  49 51 47 45 5  44 18 16 7  19 12 13 10 14 52 55 2  53 41 43 6  40 64 62 4  61 33 30 31 8  28 
51 26 43 55 30 12 18 39 22 62 59 47 9  57 56 58 36 38 11 37 35 33 0  32 27 25 1  24 23 21 60 20 49 50 3  48 45 44 46 5  16 19 17 7  13 14 15 10 53 52 54 2  40 41 42 6  61 64 63 4  34 28 8  29 31 
49 27 40 53 31 14 19 36 23 61 57 44 59 58 9  56 38 37 39 11 33 32 34 0  25 24 26 1  21 20 22 60 50 48 51 3  5  46 45 47 7  17 16 18 10 15 13 12 54 2  52 55 42 6  41 43 63 4  64 62 35 8  30 28 29 
48 24 41 52 28 13 16 37 20 64 56 45 58 9  57 59 11 39 38 36 0  34 33 35 1  26 25 27 60 22 21 23 3  51 50 49 44 5  47 46 19 7  18 17 14 10 12 15 2  53 55 54 6  40 43 42 4  61 62 63 32 31 29 30 8  
24 13 37 20 45 52 41 56 64 28 48 32 50 3  49 51 9  59 58 57 7  18 17 19 10 12 15 14 4  62 63 61 1  26 25 27 35 0  34 33 40 6  43 42 53 2  55 54 60 23 22 21 11 36 39 38 8  31 30 29 16 44 46 47 5  
25 15 38 21 46 54 42 58 63 29 50 33 49 48 51 3  56 9  57 59 16 7  19 18 13 10 14 12 64 4  61 62 24 1  27 26 34 32 0  35 43 41 6  40 55 52 2  53 20 22 60 23 37 39 11 36 28 30 8  31 17 47 44 5  45 
26 12 39 22 47 55 43 59 62 30 51 34 3  49 48 50 57 58 9  56 19 17 7  16 14 15 10 13 61 63 4  64 27 25 1  24 32 35 33 0  41 40 42 6  52 53 54 2  23 20 21 60 36 37 38 11 31 28 29 8  18 45 5  46 44 
27 14 36 23 44 53 40 57 61 31 49 35 51 50 3  48 58 56 59 9  17 16 18 7  15 13 12 10 63 64 62 4  25 24 26 1  0  33 32 34 6  42 41 43 2  54 52 55 21 60 20 22 38 11 37 39 29 8  28 30 19 5  47 45 46 
64 28 13 32 37 45 24 52 16 41 20 56 21 60 23 22 2  55 54 53 3  51 50 49 8  30 29 31 7  18 17 19 4  62 63 61 57 9  59 58 27 1  26 25 44 5  47 46 0  35 34 33 10 14 12 15 6  40 43 42 48 36 38 39 11 
63 29 15 33 38 46 25 54 17 42 21 58 23 20 22 60 52 2  53 55 48 3  49 51 28 8  31 30 16 7  19 18 64 4  61 62 59 56 9  57 26 24 1  27 47 45 5  44 32 34 0  35 13 12 10 14 41 43 6  40 50 39 36 11 37 
62 30 12 34 39 47 26 55 18 43 22 59 60 23 20 21 53 54 2  52 49 50 3  48 31 29 8  28 19 17 7  16 61 63 4  64 56 57 58 9  24 27 25 1  45 44 46 5  35 32 33 0  14 13 15 10 40 41 42 6  51 37 11 38 36 
61 31 14 35 36 44 27 53 19 40 23 57 22 21 60 20 54 52 55 2  50 48 51 3  29 28 30 8  17 16 18 7  63 64 62 4  9  58 56 59 1  25 24 26 5  46 45 47 33 0  32 34 15 10 13 12 42 6  41 43 49 11 39 37 38 
20 64 24 45 41 28 48 13 32 16 52 37 54 2  53 55 10 12 15 14 9  59 58 57 4  62 63 61 0  34 33 35 60 22 21 23 36 11 39 38 49 3  51 50 31 8  30 29 5  44 47 46 1  27 26 25 7  19 18 17 56 40 42 43 6  
21 63 25 46 42 29 50 15 33 17 54 38 53 52 55 2  13 10 14 12 56 9  57 59 64 4  61 62 32 0  35 34 20 60 23 22 39 37 11 36 51 48 3  49 30 28 8  31 45 47 5  44 24 26 1  27 16 18 7  19 58 43 40 6  41 
22 62 26 47 43 30 51 12 34 18 55 39 2  53 52 54 14 15 10 13 57 58 9  56 61 63 4  64 35 33 0  32 23 21 60 20 37 36 38 11 48 49 50 3  28 31 29 8  44 45 46 5  27 24 25 1  19 16 17 7  59 41 6  42 40 
23 61 27 44 40 31 49 14 35 19 53 36 55 54 2  52 15 13 12 10 58 56 59 9  63 64 62 4  33 32 34 0  21 20 22 60 11 38 37 39 3  50 48 51 8  29 28 30 46 5  45 47 25 1  24 26 17 7  16 18 57 6  43 41 42 
29 46 54 17 58 33 15 21 42 38 63 50 61 64 62 4  20 60 23 22 24 1  27 26 45 5  44 47 41 6  40 43 28 8  31 30 51 48 3  49 12 13 10 14 34 32 0  35 16 18 7  19 52 55 2  53 37 39 11 36 25 59 57 9  56 
28 45 52 16 56 32 13 20 41 37 64 48 63 4  61 62 60 22 21 23 1  26 25 27 5  47 46 44 6  43 42 40 8  30 29 31 49 3  51 50 14 10 12 15 35 0  34 33 7  19 18 17 2  53 55 54 11 36 39 38 24 57 58 59 9  
30 47 55 18 59 34 12 22 43 39 62 51 4  61 64 63 23 21 60 20 27 25 1  24 44 46 5  45 40 42 6  41 31 29 8  28 48 49 50 3  13 14 15 10 32 35 33 0  19 16 17 7  53 52 54 2  36 37 38 11 26 56 9  58 57 
31 44 53 19 57 35 14 23 40 36 61 49 62 63 4  64 21 20 22 60 25 24 26 1  46 45 47 5  42 41 43 6  29 28 30 8  3  50 48 51 10 15 13 12 0  33 32 34 17 7  16 18 54 2  52 55 38 11 37 39 27 9  59 56 58 
46 33 21 42 50 17 54 63 38 58 29 25 31 28 30 8  64 4  61 62 13 10 14 12 32 0  35 34 37 11 36 39 45 5  44 47 26 24 1  27 55 52 2  53 18 16 7  19 41 43 6  40 20 22 60 23 56 59 9  57 15 51 49 3  48 
45 32 20 41 48 16 52 64 37 56 28 24 29 8  31 30 4  62 63 61 10 12 15 14 0  34 33 35 11 39 38 36 5  47 46 44 27 1  26 25 53 2  55 54 19 7  18 17 6  40 43 42 60 23 22 21 9  57 59 58 13 49 50 51 3  
47 34 22 43 51 18 55 62 39 59 30 26 8  31 28 29 61 63 4  64 14 15 10 13 35 33 0  32 36 38 11 37 44 46 5  45 24 27 25 1  52 53 54 2  16 19 17 7  40 41 42 6  23 20 21 60 57 56 58 9  12 48 3  50 49 
44 35 23 40 49 19 53 61 36 57 31 27 30 29 8  28 63 64 62 4  15 13 12 10 33 32 34 0  38 37 39 11 46 45 47 5  1  25 24 26 2  54 52 55 7  17 16 18 42 6  41 43 21 60 20 22 58 9  56 59 14 3  51 48 50 
42 38 46 50 54 58 29 33 25 15 17 21 19 16 18 7  32 0  35 34 64 4  61 62 37 11 36 39 24 1  27 26 41 6  40 43 22 20 60 23 30 28 8  31 59 56 9  57 48 51 3  49 45 47 5  44 13 12 10 14 63 55 53 2  52 
41 37 45 48 52 56 28 32 24 13 16 20 17 7  19 18 0  34 33 35 4  62 63 61 11 39 38 36 1  26 25 27 6  43 42 40 23 60 22 21 31 8  30 29 57 9  59 58 3  49 51 50 5  44 47 46 10 14 12 15 64 53 54 55 2  
43 39 47 51 55 59 30 34 26 12 18 22 7  19 16 17 35 33 0  32 61 63 4  64 36 38 11 37 27 25 1  24 40 42 6  41 20 23 21 60 28 31 29 8  56 57 58 9  49 48 50 3  44 45 46 5  14 13 15 10 62 52 2  54 53 
40 36 44 49 53 57 31 35 27 14 19 23 18 17 7  16 33 32 34 0  63 64 62 4  38 37 39 11 25 24 26 1  42 41 43 6  60 21 20 22 8  29 28 30 9  58 56 59 50 3  48 51 46 5  45 47 15 10 13 12 61 2  55 52 54 
7  6  8  9  10 11 4  5  3  1  0  2  13 12 15 14 26 27 24 25 39 36 37 38 22 23 20 21 47 44 45 46 55 53 52 54 42 43 40 41 58 59 57 56 63 62 61 64 30 29 31 28 51 50 49 48 34 33 35 32 60 17 16 19 18 
56 48 16 13 64 24 32 41 52 20 37 28 38 11 36 39 6  43 42 40 5  47 46 44 3  51 50 49 2  55 54 53 9  59 58 57 31 8  30 29 35 0  34 33 27 1  26 25 10 14 12 15 7  19 18 17 60 23 22 21 45 61 63 62 4  
57 49 19 14 61 27 35 40 53 23 36 31 39 38 11 37 42 41 43 6  46 45 47 5  50 48 51 3  54 52 55 2  58 56 59 9  8  29 28 30 0  33 32 34 1  25 24 26 15 10 13 12 17 7  16 18 21 60 20 22 44 4  62 64 63 
59 51 18 12 62 26 34 43 55 22 39 30 11 36 37 38 40 42 6  41 44 46 5  45 49 50 3  48 53 54 2  52 57 58 9  56 28 31 29 8  32 35 33 0  24 27 25 1  14 13 15 10 19 16 17 7  23 20 21 60 47 64 4  63 61 
58 50 17 15 63 25 33 42 54 21 38 29 36 37 39 11 41 6  40 43 45 5  44 47 48 3  49 51 52 2  53 55 56 9  57 59 30 28 8  31 34 32 0  35 26 24 1  27 13 12 10 14 16 18 7  19 20 22 60 23 46 62 61 4  64 
