0  3  64 1  50 12 37 54 63 15 34 62 5  27 24 9  23 56 40 22 29 49 19 16 14 41 58 13 57 20 61 33 52 31 10 39 60 6  47 35 18 25 51 48 59 55 53 38 43 21 4  42 32 46 7  45 17 28 26 44 36 30 11 8  2  
64 1  3  2  10 42 60 52 24 35 4  53 16 29 51 38 12 40 27 33 58 25 63 48 8  21 49 18 47 13 57 41 55 19 46 9  62 59 15 54 17 31 5  45 61 43 34 28 23 26 56 14 7  11 39 32 50 30 20 37 6  44 36 22 0  
1  0  2  64 55 30 41 53 60 12 24 57 9  38 29 49 62 58 25 39 37 43 46 31 10 18 48 63 56 14 5  23 45 50 42 52 47 20 13 19 44 6  34 21 40 32 22 36 26 15 33 54 35 7  51 4  28 11 17 61 8  59 16 27 3  
2  64 0  3  60 57 59 62 29 28 63 16 25 20 22 26 11 50 44 37 13 48 14 47 30 12 15 31 9  8  24 27 38 36 45 58 33 19 32 55 51 53 56 61 18 34 52 23 21 54 17 40 46 41 49 39 42 5  35 6  4  43 7  10 1  
20 51 13 28 4  64 7  6  12 60 14 48 8  2  10 19 57 35 32 15 0  56 45 46 62 59 42 44 3  50 49 39 18 40 54 17 43 41 55 31 33 37 26 36 27 22 23 61 11 30 29 1  58 63 34 38 21 16 52 25 9  47 24 53 5  
11 59 60 27 7  5  64 4  30 34 53 0  62 19 48 25 44 20 28 13 17 41 40 55 32 15 54 3  18 38 8  57 24 43 9  45 46 42 29 49 22 21 37 33 16 35 36 50 14 39 47 56 61 10 26 23 51 31 63 1  2  52 12 58 6  
31 18 48 30 5  4  6  64 52 16 43 28 39 35 25 51 9  55 1  40 56 50 49 61 59 14 41 60 11 34 3  0  54 37 29 13 44 33 53 12 19 26 45 10 36 42 63 57 2  22 21 15 8  38 32 17 20 47 62 24 27 23 58 46 7  
44 28 17 8  64 6  5  7  3  24 22 33 23 45 57 35 39 2  34 49 27 51 10 12 9  42 37 20 1  62 55 61 50 11 18 15 41 26 48 16 46 36 25 63 0  13 40 52 38 19 32 21 47 58 59 30 60 14 53 54 56 31 29 43 4  
35 41 5  62 40 2  42 29 8  64 11 10 33 25 59 28 26 21 20 23 18 17 36 19 31 13 16 50 15 7  60 24 57 12 53 0  22 51 61 63 4  1  6  47 49 52 55 43 58 44 27 37 45 34 56 46 54 32 48 14 30 38 3  39 9  
61 36 43 4  3  20 38 49 11 9  64 8  21 56 33 30 53 34 63 24 5  12 59 52 19 57 31 54 60 48 15 26 47 14 17 62 1  44 6  58 55 46 50 2  37 51 41 32 29 7  42 45 23 16 27 40 13 25 39 22 28 0  35 18 10 
60 14 35 32 51 39 17 42 9  8  10 64 18 16 1  23 13 6  12 62 41 47 25 15 52 22 29 33 59 26 45 54 3  27 36 2  34 40 63 5  37 20 7  55 57 30 61 21 56 53 58 4  24 49 31 43 48 44 50 28 0  46 19 38 11 
12 56 20 61 31 62 22 45 64 10 9  11 0  33 27 63 43 47 59 29 2  36 6  38 55 52 35 14 49 19 51 4  60 13 40 26 21 57 23 48 34 54 44 16 42 7  58 17 39 28 53 30 25 50 41 24 1  37 46 18 32 3  5  15 8  
62 55 21 34 33 11 47 56 40 43 46 5  12 64 15 14 32 36 61 38 52 2  35 60 48 45 30 59 54 58 26 53 16 4  3  22 17 63 19 57 8  51 49 9  50 25 10 6  24 42 44 41 20 31 28 1  7  39 29 27 23 18 0  37 13 
52 63 55 40 38 46 50 11 49 31 28 7  15 13 64 12 59 61 37 36 51 35 29 30 39 44 56 32 10 22 23 9  27 45 58 21 19 18 4  24 3  47 48 53 25 33 5  41 42 8  6  20 0  43 62 2  26 60 34 16 57 17 54 1  14 
47 4  45 50 1  16 62 63 19 46 51 34 13 12 14 64 5  22 39 8  31 26 17 59 38 58 21 40 61 32 54 20 29 41 11 42 49 55 24 18 27 33 35 57 48 2  9  0  44 36 3  10 56 60 30 37 52 43 25 23 53 28 6  7  15 
30 45 62 39 56 47 44 46 58 61 27 41 64 14 13 15 49 37 22 21 53 19 18 33 57 50 55 10 48 60 0  59 42 23 52 40 51 17 43 3  35 11 32 38 6  1  7  5  28 16 25 36 34 20 63 26 4  24 8  31 29 9  2  54 12 
42 32 15 43 54 48 53 27 36 38 59 61 55 28 44 2  16 64 19 18 39 33 26 51 58 46 22 7  13 47 37 63 1  21 57 56 8  30 9  20 45 50 0  3  14 40 25 29 5  62 41 23 60 6  4  12 35 34 24 10 52 11 49 31 17 
41 23 53 14 27 9  43 58 32 5  55 30 28 39 3  60 19 17 64 16 34 57 50 1  61 56 59 4  12 37 11 46 8  49 20 44 54 29 42 13 48 0  38 6  35 62 31 51 40 33 22 47 63 2  36 10 25 21 7  26 15 24 45 52 18 
58 60 23 41 30 45 27 38 47 42 61 36 46 62 56 24 17 16 18 64 43 59 57 2  15 31 40 6  35 51 4  25 49 55 48 28 11 54 7  52 26 3  9  20 53 5  12 8  34 32 63 29 39 44 37 33 14 22 0  21 1  10 13 50 19 
48 57 42 35 21 36 32 9  59 7  20 25 44 46 23 56 64 18 17 19 10 4  43 14 49 11 51 45 63 52 33 47 6  30 39 3  5  58 50 34 54 62 2  22 12 27 13 31 0  24 38 26 29 61 40 60 15 1  37 8  55 53 41 28 16 
50 61 57 51 29 34 46 16 43 17 62 37 30 40 49 32 7  9  47 41 20 64 23 22 54 38 52 39 33 4  12 36 15 28 5  55 31 11 25 27 13 19 53 8  58 60 6  18 59 14 0  3  26 42 24 35 63 2  44 48 45 1  10 56 21 
55 54 9  46 15 29 13 61 57 2  37 18 43 6  53 4  24 32 11 56 23 21 64 20 16 39 60 62 42 5  63 51 17 58 44 50 59 10 41 25 47 38 28 12 34 49 3  40 52 45 35 31 48 14 1  0  19 8  33 36 26 7  27 30 22 
43 13 54 17 37 52 28 25 16 47 42 49 53 1  50 57 8  3  24 48 21 20 22 64 18 7  36 30 6  63 27 35 59 44 56 31 26 4  58 60 61 45 10 0  33 41 51 9  19 11 14 46 5  12 2  62 34 15 38 32 39 40 55 29 23 
51 40 25 49 62 63 29 60 14 44 33 26 56 43 8  27 42 48 31 59 64 22 21 23 46 2  11 15 41 6  53 18 39 10 61 38 45 52 35 32 1  28 16 13 9  36 24 54 17 3  57 0  37 30 47 58 12 50 55 19 7  34 4  5  20 
38 31 52 6  23 51 3  19 41 49 35 42 63 17 47 22 33 13 57 7  45 58 15 4  24 64 27 26 34 53 59 1  56 16 28 10 40 48 0  61 36 8  11 50 55 20 62 14 37 9  43 5  2  29 60 44 32 18 21 30 54 39 46 12 25 
17 39 31 45 53 50 58 10 44 55 7  29 34 49 62 47 30 0  23 52 33 54 42 18 27 25 64 24 38 11 16 2  61 20 12 51 48 46 28 1  57 56 22 60 8  3  37 15 36 13 5  35 19 4  21 9  41 40 6  63 43 32 14 59 26 
18 34 6  55 61 33 2  32 22 13 57 38 20 9  60 39 36 62 0  63 12 53 8  35 25 24 26 64 51 44 52 56 7  5  1  23 16 50 11 15 58 48 47 54 29 59 49 42 41 46 37 28 30 21 43 3  31 10 40 45 14 4  17 19 27 
32 6  47 57 35 31 1  39 46 29 23 40 51 52 34 33 20 44 60 61 16 28 58 10 64 26 25 27 21 9  38 5  0  15 14 4  63 43 30 7  11 59 62 37 17 53 8  2  54 56 55 12 13 45 48 50 49 3  22 41 18 19 42 36 24 
53 52 44 60 9  35 49 47 48 4  16 22 36 59 37 58 10 54 45 26 25 62 11 32 50 20 19 42 28 64 31 30 23 38 43 5  12 14 33 41 56 39 27 34 2  18 57 7  8  6  24 63 1  0  17 61 40 46 15 13 3  55 21 51 29 
4  22 32 7  0  41 61 3  62 54 44 52 42 63 45 17 56 15 33 25 50 38 1  34 40 19 57 48 31 29 64 28 2  18 23 47 53 60 21 46 24 5  12 59 10 14 39 35 27 58 20 55 11 36 9  51 16 26 49 43 37 6  8  13 30 
9  19 8  59 32 60 24 41 2  0  56 47 52 53 42 61 46 51 49 1  26 44 38 43 6  37 20 58 29 28 30 64 4  57 63 54 55 25 22 62 50 7  14 23 21 48 16 11 45 18 40 17 12 13 35 36 10 33 27 3  5  15 39 34 31 
37 8  18 5  48 3  33 21 1  56 50 39 22 26 36 34 45 38 2  55 49 7  12 25 41 23 13 57 64 30 29 31 44 6  15 53 14 0  17 11 63 24 46 62 32 16 42 60 4  20 10 61 59 35 58 19 9  27 54 52 47 51 43 40 28 
13 12 14 63 49 56 40 37 21 22 38 58 1  0  2  53 55 57 30 54 42 8  9  41 51 48 50 52 39 45 18 43 32 64 35 34 61 7  10 28 6  23 20 31 62 29 60 59 25 4  26 24 27 15 19 16 5  17 11 47 46 36 44 3  33 
6  30 61 42 8  54 0  13 4  41 15 45 40 7  46 10 58 52 51 57 38 24 39 27 21 28 43 23 25 55 1  37 35 33 64 32 56 31 20 22 12 9  3  26 60 11 14 53 62 63 59 18 17 47 5  29 36 19 16 50 44 2  48 49 34 
36 49 19 25 16 17 23 48 37 20 60 27 45 41 40 59 4  5  38 2  9  30 55 6  43 3  46 11 50 61 21 52 33 32 34 64 0  8  18 42 14 13 39 24 63 12 26 58 7  1  28 53 31 51 57 22 62 54 47 15 10 29 56 44 35 
63 62 24 37 44 18 21 40 39 36 52 23 31 50 30 46 29 27 5  58 48 6  53 11 2  60 38 17 45 16 14 12 64 34 33 35 9  3  26 8  7  61 54 51 4  28 15 56 20 57 13 43 10 22 42 59 47 49 19 55 25 41 1  0  32 
10 35 27 56 58 13 15 30 26 62 0  59 54 5  20 6  22 28 21 46 14 18 16 57 29 32 8  2  17 24 7  49 25 42 60 1  36 64 39 38 53 55 33 52 51 50 19 63 61 31 45 44 43 40 12 41 3  23 4  11 34 48 9  47 37 
33 5  11 58 45 1  31 50 53 23 47 2  24 54 61 29 25 60 62 35 57 40 41 9  12 16 32 49 55 15 46 6  26 0  51 19 39 37 64 36 21 22 59 56 52 4  30 10 63 27 7  34 44 8  13 28 43 20 3  42 17 14 18 48 38 
14 43 4  10 2  21 16 34 56 53 3  35 50 55 0  45 6  46 48 44 28 5  27 26 47 33 23 22 20 41 58 42 63 25 7  11 37 36 38 64 59 29 31 1  19 15 17 24 18 60 12 62 57 9  61 13 8  52 30 40 49 54 51 32 39 
8  21 34 26 11 53 57 20 0  51 49 4  47 61 52 55 27 24 56 42 7  1  44 28 17 54 3  16 23 59 40 48 41 60 2  63 64 38 37 39 30 32 19 46 22 58 43 12 31 10 62 9  14 5  25 15 18 6  45 29 33 13 50 35 36 
26 48 28 20 12 61 54 15 33 25 21 14 4  51 11 7  31 23 58 32 3  10 52 17 53 9  0  34 2  36 62 16 19 8  27 46 29 47 60 50 40 64 43 42 56 63 35 37 1  59 39 13 22 24 6  57 44 55 18 49 38 5  30 45 41 
56 24 26 44 22 38 48 55 31 14 19 63 27 58 9  54 60 25 53 10 62 29 4  39 1  17 2  12 32 21 36 8  28 46 47 49 30 45 5  23 43 41 64 40 3  37 33 34 6  35 52 59 50 18 15 7  0  61 13 51 16 57 20 11 42 
23 37 39 36 47 59 52 22 45 63 25 55 58 57 54 20 51 31 50 34 15 27 7  0  44 10 61 21 62 49 35 17 53 56 19 30 3  1  46 2  41 40 42 64 24 8  38 4  60 29 18 16 6  32 14 11 33 13 12 5  48 26 28 9  43 
19 15 12 11 52 26 55 14 18 21 17 3  2  30 7  1  61 10 8  0  47 9  48 53 28 35 5  56 24 39 13 44 62 54 50 25 58 49 45 29 64 42 41 43 31 38 59 20 22 37 34 60 4  23 33 6  27 63 36 46 51 16 32 57 40 
54 20 56 53 17 14 51 59 13 52 26 24 38 8  5  36 48 4  41 50 1  63 60 37 11 49 10 35 40 57 34 62 43 39 30 27 15 23 12 33 28 18 55 32 44 64 47 46 16 25 19 6  9  3  0  42 2  29 61 7  22 58 31 21 45 
21 38 29 12 41 28 8  33 6  39 48 13 3  11 32 43 63 26 35 53 54 0  37 50 60 34 17 61 5  2  56 40 14 7  25 18 57 22 1  9  31 4  52 15 47 45 64 44 10 55 23 58 42 19 20 49 30 36 51 62 24 27 59 16 46 
28 26 51 48 24 19 56 35 50 33 18 32 61 36 41 40 37 42 10 5  63 52 54 62 4  30 1  55 0  43 25 38 11 9  49 7  13 16 31 59 15 14 17 29 45 44 46 64 3  34 8  2  21 57 22 27 6  53 60 39 58 12 23 20 47 
24 7  63 54 26 25 39 1  20 59 40 51 57 34 38 50 35 30 43 60 8  37 32 49 0  5  4  36 52 56 17 55 22 62 13 16 27 21 14 6  10 58 61 18 64 46 45 47 53 23 15 11 28 48 3  31 29 12 41 9  19 42 33 2  44 
22 17 41 52 39 44 26 18 15 27 30 31 37 60 16 8  14 1  7  43 55 46 0  40 63 61 6  9  58 54 10 11 36 47 38 59 32 12 34 4  23 2  57 19 5  56 21 33 48 64 51 50 3  62 29 20 45 42 28 35 13 25 53 24 49 
45 46 16 47 18 10 11 24 25 19 5  6  29 44 31 62 2  63 4  9  36 55 28 54 7  8  34 43 22 12 32 14 30 52 26 61 20 56 40 53 38 57 58 27 13 0  1  3  51 49 64 48 33 39 23 21 37 41 42 60 59 35 15 17 50 
29 11 59 22 20 15 35 26 55 18 54 1  19 21 17 5  52 14 9  12 4  13 3  36 34 47 7  46 43 0  39 58 37 61 24 6  23 32 44 30 62 60 63 28 38 57 27 25 49 48 50 64 16 56 10 8  53 45 31 2  41 33 40 42 51 
16 10 22 13 14 32 36 31 34 58 1  17 59 3  4  44 0  11 55 28 40 61 2  42 56 43 63 41 19 33 47 7  5  29 8  60 6  53 52 45 20 27 23 25 15 39 54 30 64 50 49 51 38 37 46 18 24 62 9  12 35 21 57 26 48 
27 47 10 21 36 40 45 28 42 37 2  19 26 32 18 31 41 49 14 11 30 3  61 44 35 29 12 0  7  25 20 15 13 63 59 24 4  9  62 56 5  16 8  58 23 6  48 1  46 17 60 57 52 64 55 54 39 51 43 34 50 22 38 33 53 
57 50 58 18 59 49 9  17 51 6  39 56 35 23 26 42 38 7  3  27 32 60 31 13 36 63 14 19 46 40 43 22 20 48 37 12 24 34 16 10 29 44 15 30 41 61 28 62 33 5  1  8  55 53 64 52 11 0  2  4  21 45 47 25 54 
59 25 46 23 57 43 19 44 38 48 58 15 17 18 35 11 34 12 13 6  60 39 51 3  45 1  33 29 36 27 42 50 40 26 16 14 28 62 8  21 32 63 30 5  7  24 2  49 9  47 31 22 53 52 54 64 61 4  10 0  20 56 37 41 55 
49 16 38 15 13 58 10 36 27 57 6  44 32 4  28 3  1  43 29 47 59 45 56 63 42 40 39 8  14 18 41 60 12 51 62 48 7  61 2  26 25 30 24 17 11 21 50 19 35 0  46 33 64 54 53 55 22 9  5  20 31 37 34 23 52 
25 53 40 33 19 24 63 23 61 26 45 50 60 31 39 21 47 41 52 4  46 15 62 7  5  0  9  37 44 35 48 13 51 3  55 29 42 27 54 14 2  17 36 49 28 10 20 16 30 43 11 32 18 1  38 34 56 64 59 58 12 8  22 6  57 
46 33 37 31 34 27 12 43 17 40 29 20 6  48 63 18 54 8  15 30 11 32 24 45 22 55 44 5  53 10 19 3  21 1  4  41 50 2  51 47 9  35 60 7  26 23 0  39 13 61 36 38 62 28 16 25 59 57 64 56 42 49 52 14 58 
40 44 7  19 43 23 14 2  28 45 31 60 49 47 6  48 21 53 26 3  61 16 30 5  33 62 18 38 8  42 22 10 46 24 41 37 52 35 27 51 0  34 29 4  1  9  32 13 15 12 54 39 36 17 50 63 57 56 58 64 11 20 25 55 59 
7  42 33 24 63 37 30 0  23 32 13 21 41 10 19 52 28 45 36 14 35 11 47 8  3  53 62 51 16 46 6  34 9  2  31 20 18 5  49 43 60 12 1  39 54 17 29 22 55 38 61 27 15 25 44 48 64 58 57 59 40 50 26 4  56 
34 27 30 9  28 8  18 12 5  3  36 46 7  42 21 37 50 29 6  31 24 14 33 56 20 51 53 1  4  17 2  19 58 22 0  43 10 15 59 44 49 52 13 35 39 54 11 55 57 40 16 25 41 26 45 47 23 48 32 38 60 64 63 62 61 
15 58 50 16 42 22 34 51 54 30 12 43 10 24 55 0  3  39 46 45 44 31 5  29 13 36 47 53 37 23 9  21 48 59 6  57 25 28 56 17 52 49 4  11 20 19 18 26 32 41 2  7  40 27 8  14 38 35 1  33 63 61 64 60 62 
5  9  49 29 46 0  25 8  7  1  41 12 11 37 58 16 15 59 54 20 19 42 34 24 23 6  45 28 27 3  50 32 31 53 22 36 35 13 57 40 39 10 21 44 43 26 4  48 47 2  30 52 51 33 18 56 55 38 14 17 61 60 62 64 63 
39 29 36 38 25 55 20 57 35 50 32 54 48 22 43 41 40 33 42 51 6  34 13 58 37 4  28 47 26 1  44 45 10 17 21 8  2  24 3  0  16 15 18 14 30 31 56 27 12 52 9  19 49 59 11 5  46 7  23 53 64 62 61 63 60 
3  2  1  0  6  7  4  5  10 11 8  9  14 15 12 13 18 19 16 17 22 23 20 21 26 27 24 25 30 31 28 29 34 35 32 33 38 39 36 37 42 43 40 41 46 47 44 45 50 51 48 49 54 55 52 53 58 59 56 57 62 63 60 61 64 
