0  3  64 1  26 57 50 51 17 52 62 38 60 16 30 44 13 8  54 45 43 31 53 42 49 55 4  39 48 35 14 21 47 36 61 29 33 59 11 27 56 46 23 20 15 19 41 32 28 24 6  7  9  22 18 25 40 5  63 37 12 34 10 58 2  
64 1  3  2  21 62 32 57 52 60 63 34 56 33 39 22 53 58 31 46 40 4  15 48 35 54 47 43 38 45 44 18 6  13 11 24 42 55 28 14 20 51 36 27 30 29 19 26 23 61 59 41 8  16 25 37 12 7  17 50 9  49 5  10 0  
1  0  2  64 31 35 57 42 36 24 23 61 38 49 56 41 29 43 60 51 45 52 40 10 9  30 28 37 26 16 25 4  48 53 63 5  8  27 12 46 22 15 7  17 62 20 39 58 32 13 54 19 21 33 50 59 14 6  47 55 18 11 44 34 3  
2  64 0  3  35 22 44 28 13 51 47 42 16 8  38 34 12 40 50 39 56 48 5  31 32 46 52 61 7  41 55 23 24 57 15 4  62 53 14 19 17 29 11 45 6  43 25 10 21 63 18 9  26 37 59 30 20 33 60 54 58 27 36 49 1  
38 30 20 36 4  64 7  6  27 12 48 26 9  37 50 56 43 47 33 63 2  44 28 59 55 32 11 8  22 54 1  45 25 18 46 62 3  13 0  41 51 39 52 16 21 31 34 17 10 60 14 40 42 58 29 24 15 61 53 23 49 57 35 19 5  
23 29 61 59 7  5  64 4  19 13 51 35 26 9  34 60 52 28 53 8  49 58 54 0  37 56 12 38 17 1  41 39 36 44 14 11 32 24 27 31 48 30 57 55 33 62 63 50 40 20 47 10 16 18 22 43 25 42 21 3  15 2  45 46 6  
55 41 13 31 5  4  6  64 37 53 42 19 36 2  22 59 33 61 27 11 24 47 14 44 20 50 43 18 45 63 39 3  51 16 52 60 12 8  46 30 62 1  10 26 23 28 38 21 56 57 25 32 34 9  58 0  48 49 54 15 35 17 40 29 7  
39 25 12 58 64 6  5  7  47 18 36 21 2  26 20 35 23 59 9  24 14 11 56 16 19 1  13 51 60 32 34 33 29 31 30 15 10 45 42 0  53 49 38 63 52 37 55 8  62 41 61 27 44 40 57 46 22 54 3  17 28 50 48 43 4  
41 49 34 43 56 44 35 48 8  64 11 10 53 45 28 27 20 46 25 33 16 50 38 29 30 18 40 15 14 23 24 59 57 19 2  6  63 60 22 54 26 0  58 3  5  13 17 62 7  1  21 55 61 12 39 51 4  32 42 31 37 52 47 36 9  
58 50 16 34 57 27 26 14 11 9  64 8  61 38 7  51 2  30 20 47 18 40 45 36 29 48 6  5  41 24 17 37 46 39 3  54 23 31 13 33 21 28 44 53 42 22 32 19 25 55 1  15 63 43 35 49 62 4  0  60 59 12 56 52 10 
18 56 28 14 41 58 33 53 9  8  10 64 63 29 3  52 42 50 0  61 34 51 27 26 43 59 23 22 2  13 46 57 37 6  20 45 40 32 47 48 36 4  16 24 49 35 30 38 39 44 17 21 15 7  62 60 1  31 5  25 55 19 54 12 11 
4  48 5  37 0  2  54 59 64 10 9  11 32 44 16 49 14 21 43 58 60 17 46 34 41 47 38 57 39 40 33 62 12 30 23 61 50 3  26 28 29 24 53 18 13 51 22 25 1  15 36 45 56 42 6  63 52 27 19 7  20 35 31 55 8  
19 10 42 25 61 20 27 38 21 57 1  31 12 64 15 14 46 51 36 0  5  8  48 55 40 3  49 6  54 37 43 11 62 47 44 41 18 29 7  58 24 35 2  30 34 60 16 33 22 26 53 17 59 50 28 23 63 9  39 52 45 4  32 56 13 
21 17 57 45 28 38 49 34 43 27 60 41 15 13 64 12 31 1  48 40 25 0  37 32 44 20 30 9  4  55 26 16 23 58 7  50 52 22 5  56 19 11 63 8  24 3  59 51 18 6  35 47 36 62 61 29 39 2  33 46 10 54 53 42 14 
37 24 33 47 52 55 61 18 57 20 38 45 13 12 14 64 51 22 7  48 9  41 17 46 1  44 62 31 32 36 59 27 28 2  43 39 29 0  10 35 60 21 50 34 25 11 23 3  19 58 42 16 4  56 63 5  53 8  49 30 40 6  26 54 15 
48 18 54 9  8  32 20 63 4  3  30 25 64 14 13 15 37 57 1  21 6  19 31 38 59 11 61 56 44 33 10 22 5  29 51 43 60 16 23 53 45 50 55 35 28 40 52 49 0  47 41 34 46 39 2  42 27 17 62 24 36 26 58 7  12 
31 38 24 46 60 40 10 61 39 29 6  51 25 21 45 58 16 64 19 18 54 13 63 50 2  12 32 41 53 9  35 0  26 42 59 30 44 62 1  8  5  27 33 49 36 14 3  56 52 43 23 11 48 28 20 57 47 55 15 34 4  7  37 22 17 
46 33 44 49 24 56 14 11 41 36 34 7  37 58 6  53 19 17 64 16 50 59 61 30 4  28 54 45 25 51 23 35 42 1  10 31 9  12 52 57 63 8  32 62 2  27 0  55 60 3  20 29 38 15 26 47 5  39 13 21 48 22 43 40 18 
62 22 39 24 51 41 12 20 23 14 54 56 6  42 9  31 17 16 18 64 7  35 1  8  3  29 58 36 49 25 53 15 50 40 37 21 27 34 59 2  33 5  13 52 61 55 60 57 63 28 32 4  43 30 10 45 11 47 26 38 46 44 0  48 19 
60 43 25 52 23 33 58 22 44 28 32 54 45 35 29 42 64 18 17 19 38 55 7  4  56 2  39 46 9  14 51 53 10 5  49 13 48 61 20 26 50 47 15 1  8  12 27 41 36 34 40 30 3  31 11 21 24 62 6  63 0  37 57 59 16 
32 37 31 41 45 26 59 9  54 7  17 33 49 52 18 24 39 10 14 57 20 64 23 22 15 36 5  58 46 56 60 2  0  11 50 48 25 1  62 16 55 3  61 47 63 4  28 43 35 12 34 53 13 51 8  40 29 19 27 6  30 42 38 44 21 
16 44 37 57 30 10 29 17 53 32 5  59 50 31 62 55 0  7  28 42 23 21 64 20 34 39 41 52 18 6  4  13 9  48 24 49 56 2  60 25 46 26 19 61 1  54 40 63 33 35 12 58 27 8  45 15 36 3  51 11 38 43 14 47 22 
29 31 58 54 13 59 17 24 55 33 44 50 30 4  61 18 32 6  15 56 21 20 22 64 7  34 63 49 37 0  12 1  16 9  25 53 46 28 51 45 47 57 62 48 10 39 36 40 43 27 11 38 60 35 3  8  19 41 2  5  52 14 42 26 23 
57 11 26 6  63 42 3  50 25 17 28 1  35 56 49 45 61 9  29 59 64 22 21 23 51 8  2  60 10 18 36 44 39 43 48 12 30 54 40 32 38 55 5  33 31 15 58 53 34 14 7  24 62 47 37 41 13 0  46 19 27 16 52 4  20 
33 39 29 50 47 63 15 56 58 16 57 13 28 11 35 6  9  55 32 22 59 38 19 52 24 64 27 26 12 2  42 43 18 0  60 14 49 46 21 1  54 44 30 31 41 53 37 4  61 36 3  62 23 45 40 17 7  10 8  20 34 48 51 5  25 
6  57 51 16 58 17 0  54 29 31 45 49 46 36 40 47 3  5  23 30 52 61 42 18 27 25 64 24 56 8  19 9  53 38 62 59 13 48 33 43 14 63 22 39 60 10 12 15 37 11 55 2  20 32 7  50 28 1  4  35 44 21 34 41 26 
11 36 10 19 38 49 53 30 31 43 2  0  20 34 21 29 22 60 45 3  12 14 16 28 25 24 26 64 23 15 7  8  63 61 13 46 1  50 4  52 59 62 47 9  56 18 35 42 54 5  37 57 39 6  48 58 44 51 55 40 17 33 41 32 27 
7  19 21 30 15 13 36 0  56 38 49 40 18 5  54 4  59 42 12 1  48 2  44 47 64 26 25 27 33 57 3  63 45 28 41 58 6  52 9  51 11 34 17 46 22 32 43 23 20 10 62 39 37 60 14 61 8  29 35 16 53 55 50 31 24 
15 16 23 60 37 25 34 58 32 47 26 55 40 22 57 0  1  56 35 41 61 49 13 2  54 5  10 50 28 64 31 30 8  62 6  18 51 4  53 63 12 19 46 59 48 52 42 9  44 21 27 36 45 38 24 11 17 14 7  43 3  20 33 39 29 
53 62 9  20 34 45 47 44 18 2  55 27 17 60 48 61 24 12 8  36 3  63 35 25 16 23 33 11 31 29 64 28 52 26 4  22 19 51 58 59 57 56 49 50 7  5  54 6  14 42 43 37 32 0  46 10 41 40 38 39 13 15 1  21 30 
59 21 19 61 44 18 40 13 42 23 52 20 48 7  37 46 47 36 5  2  11 1  43 9  58 51 34 55 29 28 30 64 54 60 26 56 17 14 49 62 6  53 8  22 4  57 15 16 12 38 63 25 10 41 32 27 35 45 24 0  33 3  39 50 31 
13 15 45 44 20 47 23 46 40 48 24 32 62 0  63 1  21 52 22 34 4  16 18 6  10 37 59 54 64 30 29 31 11 55 19 38 61 25 35 50 8  58 56 57 3  2  7  5  9  53 39 60 17 49 27 33 42 43 41 26 51 36 12 14 28 
43 51 59 18 53 60 41 52 14 40 61 62 31 39 8  36 63 27 3  37 47 46 26 56 50 58 22 17 57 44 38 12 32 64 35 34 15 19 30 13 9  6  45 0  29 42 21 20 55 54 24 1  7  4  49 48 23 28 25 2  5  10 11 16 33 
49 58 56 21 40 8  42 55 5  45 16 60 59 17 53 26 10 13 51 44 30 3  39 54 36 63 15 62 50 61 20 46 35 33 64 32 24 43 41 22 4  38 6  37 19 9  31 52 57 0  28 18 47 14 23 7  2  48 1  12 11 29 27 25 34 
40 23 36 51 54 43 45 26 63 15 50 48 58 30 55 9  27 20 47 53 17 60 62 1  38 42 7  16 52 46 13 49 33 32 34 64 2  57 24 44 0  59 25 5  39 6  29 18 11 31 10 3  28 19 4  14 61 37 12 41 21 56 22 8  35 
22 14 11 62 36 61 37 43 60 44 25 2  55 40 1  63 56 38 49 50 27 28 0  41 39 10 57 20 21 53 47 52 64 34 33 35 4  6  17 24 13 23 54 7  9  59 51 30 58 18 19 46 31 29 42 12 16 26 48 45 8  5  3  15 32 
24 47 63 35 62 15 18 40 34 30 53 22 27 20 19 5  57 23 6  14 13 45 11 17 0  52 42 12 59 48 9  58 60 49 8  3  36 64 39 38 7  61 26 51 55 21 50 1  29 33 46 43 25 10 56 44 54 16 31 28 32 41 4  2  37 
30 40 52 42 22 46 60 41 35 25 19 53 51 28 59 62 58 29 57 10 55 27 4  33 63 9  44 21 13 17 0  48 61 23 47 8  39 37 64 36 1  7  3  54 26 49 5  34 31 45 56 12 2  11 43 20 50 18 16 14 6  32 15 24 38 
26 53 7  10 11 9  56 2  51 5  3  4  42 27 47 40 28 31 44 62 57 34 55 45 60 41 0  13 16 43 54 17 49 63 21 52 37 36 38 64 15 25 12 29 18 23 48 14 46 32 58 8  35 1  30 22 6  20 50 61 24 59 19 33 39 
51 35 60 26 10 50 62 27 20 22 4  63 34 23 24 17 54 15 46 52 8  43 9  13 14 61 3  7  55 49 40 47 56 45 12 1  64 38 37 39 30 48 59 21 58 33 18 31 41 29 5  0  19 57 16 28 32 53 44 42 2  25 6  11 36 
61 55 47 63 18 52 39 10 59 46 7  57 54 50 44 23 48 49 4  35 37 32 58 15 28 60 31 29 24 27 62 26 21 51 56 19 53 20 45 6  40 64 43 42 14 38 9  2  16 17 13 33 5  36 12 1  34 11 22 8  25 0  30 3  41 
17 32 50 56 48 53 51 45 46 19 39 44 23 24 26 54 34 0  30 9  29 62 52 12 13 33 14 59 47 20 18 36 1  25 16 55 31 49 63 10 43 41 64 40 11 7  8  28 4  37 2  6  22 5  15 35 3  60 61 27 57 58 21 38 42 
5  26 38 53 14 0  16 12 24 35 33 37 7  48 4  21 6  45 63 55 28 15 34 57 8  62 1  32 20 39 58 60 27 10 22 9  47 11 2  29 41 40 42 64 54 17 61 36 13 59 52 56 50 3  44 19 51 23 30 49 31 46 25 18 43 
47 46 62 13 49 14 9  15 45 6  31 52 22 3  5  7  60 44 56 27 32 25 12 37 57 21 53 19 36 58 48 10 20 54 55 63 28 23 50 61 64 42 41 43 17 8  1  0  30 4  38 59 11 26 33 34 18 24 29 51 16 39 2  35 40 
28 4  43 23 1  19 31 32 33 54 27 24 39 41 60 48 55 62 59 5  51 30 49 3  11 40 50 10 0  52 21 6  7  8  58 42 57 56 61 12 25 13 35 2  44 64 47 46 15 22 26 20 29 63 9  16 37 36 34 18 14 38 17 53 45 
12 5  4  8  2  1  52 49 3  39 59 16 0  43 51 38 11 32 58 60 31 56 33 40 48 35 55 42 34 62 50 20 17 22 28 25 54 41 15 9  23 37 27 13 47 45 64 44 24 7  30 14 6  61 36 26 21 63 18 10 19 53 29 57 46 
8  27 18 12 29 24 48 33 0  21 15 36 3  53 58 10 25 41 2  43 42 9  50 49 5  16 51 1  61 4  52 55 40 7  54 57 11 63 56 60 32 17 20 19 45 44 46 64 6  23 22 26 30 13 34 31 38 35 14 62 39 28 59 37 47 
20 42 22 38 55 39 63 62 48 41 14 15 52 61 10 11 35 24 37 28 0  29 2  60 17 49 36 53 19 21 56 50 43 59 57 16 26 18 3  5  58 9  1  32 64 46 45 47 8  25 31 54 12 27 51 4  30 34 40 33 23 13 7  6  44 
44 34 55 33 39 16 38 47 62 37 41 23 43 63 36 28 5  26 42 29 58 57 30 11 53 31 17 35 15 19 22 25 59 3  1  27 14 9  6  4  52 10 18 12 0  61 56 7  48 64 51 50 40 24 60 2  46 21 20 32 54 45 8  13 49 
36 52 6  40 16 12 2  37 61 56 22 47 5  57 46 25 4  63 21 31 26 18 10 58 33 15 20 44 35 59 32 19 30 24 53 28 0  7  54 42 3  45 39 60 27 41 14 11 51 49 64 48 1  34 38 62 9  13 23 29 43 8  55 17 50 
25 60 15 32 42 31 55 16 12 59 20 46 8  19 52 2  7  34 24 13 10 53 36 61 18 0  56 33 62 38 57 5  3  27 17 40 22 44 29 47 35 54 4  58 37 63 11 39 49 48 50 64 14 21 41 6  26 30 43 9  1  23 28 45 51 
27 6  30 15 33 21 1  39 22 34 58 14 29 54 11 3  45 37 40 25 63 5  8  62 52 19 35 0  43 12 2  42 41 4  9  26 59 17 55 7  18 32 31 28 53 16 57 61 64 50 49 51 24 44 13 38 60 46 10 36 56 47 23 20 48 
63 61 27 39 50 48 28 29 49 58 46 18 33 25 42 30 40 35 11 26 36 37 57 51 62 13 19 2  6  7  15 38 44 12 45 17 20 21 31 3  16 60 14 56 32 34 10 59 5  8  4  23 52 64 55 54 43 22 9  47 41 1  24 0  53 
35 28 14 11 25 30 43 36 50 26 40 3  21 59 2  57 38 39 41 49 44 12 29 27 61 4  9  23 1  22 5  34 58 56 31 0  7  42 16 17 10 18 37 6  20 48 62 60 45 19 8  63 55 53 64 52 33 15 32 13 47 24 46 51 54 
10 7  41 5  46 3  19 1  16 42 0  58 24 47 31 50 8  48 62 6  39 36 59 43 12 57 60 63 40 34 49 14 38 37 29 44 21 33 32 20 28 2  9  23 35 56 4  13 17 30 15 61 53 52 54 64 45 25 11 22 26 51 18 27 55 
50 20 32 27 17 34 25 31 38 62 13 39 41 10 43 19 36 4  26 15 1  42 51 35 47 6  18 3  63 60 61 7  2  46 5  23 16 40 8  11 37 12 21 14 57 58 33 24 59 56 0  22 64 54 53 55 49 44 45 48 29 30 9  28 52 
34 63 53 29 27 28 46 19 15 55 12 43 10 32 33 8  30 25 52 7  41 54 24 39 22 17 37 4  5  3  16 51 13 14 0  47 45 26 48 23 61 20 60 11 50 36 6  35 38 62 44 31 18 2  21 9  56 64 59 58 42 40 49 1  57 
42 54 49 48 12 23 13 25 28 61 43 29 4  6  32 39 44 53 34 38 62 33 60 5  31 7  46 40 8  11 63 24 14 21 18 51 55 47 19 15 27 52 0  10 16 50 26 37 3  2  45 35 41 17 1  36 59 57 64 56 22 9  20 30 58 
52 13 40 28 32 51 11 60 30 63 21 6  44 1  23 37 62 33 55 54 35 10 47 14 42 53 45 48 3  50 8  61 4  17 39 20 41 15 43 34 2  36 24 38 12 26 49 22 27 46 29 5  0  25 19 18 57 56 58 64 7  31 16 9  59 
14 9  48 22 19 54 24 21 26 1  35 17 47 62 0  20 41 11 61 4  15 7  3  63 6  45 8  34 51 42 37 40 55 52 27 10 43 30 44 49 31 16 29 36 38 25 53 12 2  39 60 28 33 46 5  32 64 58 57 59 50 18 13 23 56 
45 59 46 7  43 36 8  3  6  50 29 30 19 55 25 32 49 54 39 12 33 24 41 53 21 14 48 47 58 10 11 56 15 20 38 37 5  35 34 18 44 22 51 4  40 0  2  27 26 16 9  42 57 23 17 13 31 52 28 1  60 64 63 62 61 
56 8  35 55 9  11 22 23 1  4  37 5  57 51 17 33 50 14 38 32 46 39 6  7  45 43 29 30 42 26 27 41 19 15 40 2  58 10 18 21 34 31 28 25 59 24 20 54 53 52 16 13 49 48 47 3  0  12 36 44 63 61 64 60 62 
54 45 17 4  3  29 30 8  7  49 18 12 11 46 41 16 15 2  10 20 19 26 25 24 23 22 21 28 27 5  6  32 31 50 42 36 35 58 57 40 39 14 34 44 43 1  13 48 47 9  33 52 51 59 0  56 55 38 37 53 61 60 62 64 63 
9  12 8  17 59 37 21 35 2  0  56 28 1  18 27 43 26 3  13 23 53 6  32 19 46 38 16 14 11 47 45 54 22 41 36 7  34 5  25 55 49 33 48 15 51 30 24 29 42 40 57 44 58 20 31 39 10 50 52 4  64 62 61 63 60 
3  2  1  0  6  7  4  5  10 11 8  9  14 15 12 13 18 19 16 17 22 23 20 21 26 27 24 25 30 31 28 29 34 35 32 33 38 39 36 37 42 43 40 41 46 47 44 45 50 51 48 49 54 55 52 53 58 59 56 57 62 63 60 61 64 
