35 59 58 55 57 32 34 07 33 31 29 28 20 26 27 18 56 19 15 17 00 13 14 11 10 30 47 49 48 45 63 44 43 42 41 40 09 05 08 06 46 03 04 02 01 54 16 53 52 50 39 25 38 37 36 64 51 62 60 61 21 24 23 12 22 
58 36 59 57 56 30 06 33 34 32 22 25 26 29 28 16 15 55 19 18 11 12 01 14 13 48 46 31 49 47 43 61 44 40 42 05 41 09 07 08 04 45 03 00 02 17 53 54 51 52 27 38 39 35 37 50 62 64 63 60 24 10 20 21 23 
55 56 37 58 59 34 30 31 08 33 25 29 27 23 26 19 17 16 57 15 10 14 12 02 11 45 49 46 32 48 41 40 60 44 43 06 07 42 09 05 01 00 47 03 04 51 50 18 54 53 35 36 28 39 38 63 61 52 64 62 13 20 24 22 21 
57 58 56 39 55 31 33 32 30 09 26 27 28 25 24 17 18 15 16 59 13 10 11 12 03 47 45 48 46 34 42 43 40 41 64 08 05 07 06 44 02 04 00 01 49 53 52 51 50 19 38 37 35 36 29 62 60 63 61 54 20 21 22 23 14 
59 57 55 56 38 05 32 34 31 30 28 21 29 27 25 58 19 18 17 16 14 04 13 10 12 49 33 47 45 46 44 42 41 62 40 09 08 06 43 07 03 02 01 48 00 52 54 50 15 51 37 39 36 26 35 60 64 61 53 63 22 23 11 24 20 
39 37 36 35 26 43 08 09 06 07 23 11 24 22 20 38 59 57 55 56 03 48 02 01 00 34 05 32 31 30 64 60 61 53 63 44 42 41 62 40 49 47 45 33 46 18 19 17 58 16 28 29 27 21 25 52 54 50 15 51 10 13 04 14 12 
38 27 39 37 35 07 41 05 09 08 10 20 21 24 23 56 58 36 59 57 04 00 45 03 02 33 30 06 34 32 62 50 64 63 60 43 61 44 40 42 48 31 49 46 47 55 15 19 16 18 22 26 29 25 28 17 53 54 51 52 14 01 12 11 13 
25 39 38 36 37 08 09 40 05 06 24 23 12 21 22 57 35 59 58 55 46 02 03 04 01 07 32 34 33 31 51 64 62 60 61 63 44 43 42 41 30 49 48 47 45 19 56 15 18 17 29 20 26 28 27 54 16 53 52 50 11 14 13 00 10 
36 35 28 38 39 09 07 06 42 05 20 24 22 13 21 59 55 56 37 58 01 03 00 47 04 31 34 30 08 33 61 63 52 64 62 41 40 60 44 43 45 46 32 49 48 16 17 57 19 15 25 27 23 29 26 51 50 18 54 53 02 12 14 10 11 
37 38 35 29 36 06 05 08 07 44 21 22 23 20 14 55 57 58 56 39 02 01 04 00 49 32 31 33 30 09 60 62 63 61 54 42 43 40 41 64 47 48 46 45 34 15 18 16 17 59 26 28 25 27 24 53 52 51 50 19 12 11 10 13 03 
11 01 14 13 12 51 17 53 54 52 31 46 48 49 47 20 21 10 24 23 05 07 41 09 08 62 63 50 64 60 58 36 59 56 57 15 55 19 16 18 43 61 44 40 42 22 26 29 25 28 45 04 03 00 02 27 38 39 35 37 34 06 30 33 32 
14 13 10 12 04 15 52 54 50 51 47 33 49 45 46 11 24 23 22 20 09 43 08 06 07 64 53 60 61 63 59 57 55 38 56 19 18 17 58 16 44 42 41 62 40 28 29 27 21 25 02 03 01 48 00 37 39 36 26 35 31 32 05 34 30 
00 14 11 10 13 52 54 16 53 50 49 47 30 48 45 23 12 24 21 22 40 08 09 05 06 51 60 64 62 61 35 59 58 57 55 56 19 15 18 17 63 44 43 42 41 29 20 26 28 27 03 46 04 02 01 39 25 38 37 36 33 34 32 07 31 
10 12 02 11 14 54 51 50 18 53 46 49 45 32 48 24 22 20 13 21 06 09 07 42 05 61 64 63 52 62 55 56 37 59 58 17 16 57 19 15 41 40 60 44 43 25 27 23 29 26 00 01 47 03 04 35 36 28 39 38 08 30 34 31 33 
13 11 12 03 10 50 53 52 51 19 48 45 47 46 34 22 23 21 20 14 08 06 05 07 44 60 61 62 63 54 57 58 56 55 39 18 15 16 17 59 42 43 40 41 64 26 28 25 27 24 04 02 00 01 49 38 37 35 36 29 30 33 31 32 09 
54 52 50 51 15 48 02 03 01 00 57 38 59 55 56 53 64 60 61 63 29 21 28 27 25 14 04 13 10 12 34 32 31 05 30 49 47 45 33 46 24 23 22 11 20 42 44 41 62 40 18 19 17 58 16 08 09 06 43 07 36 37 26 39 35 
16 54 53 50 52 02 03 46 04 01 59 57 35 58 55 60 51 64 62 61 20 28 29 26 27 00 13 14 11 10 07 34 33 32 31 30 49 48 47 45 12 24 21 23 22 44 63 43 42 41 19 56 15 18 17 09 40 05 08 06 38 39 37 25 36 
53 17 54 52 51 00 45 04 03 02 36 56 58 59 57 63 62 50 64 60 26 25 22 29 28 11 12 01 14 13 33 06 34 30 32 48 31 49 46 47 21 10 24 20 23 61 43 44 40 42 55 15 19 16 18 41 05 09 07 08 39 27 35 38 37 
50 51 18 53 54 03 00 01 47 04 56 59 55 37 58 64 61 63 52 62 27 29 25 23 26 10 14 12 02 11 31 30 08 34 33 45 46 32 49 48 22 20 13 24 21 40 41 60 44 43 16 17 57 19 15 07 06 42 09 05 28 35 39 36 38 
52 53 51 19 50 01 04 02 00 49 58 55 57 56 39 61 60 62 63 54 28 27 26 25 24 13 10 11 12 03 32 33 30 31 09 47 48 46 45 34 23 21 20 22 14 43 42 40 41 64 15 18 16 17 59 05 08 07 06 44 35 38 36 37 29 
40 09 05 06 08 28 29 20 26 27 64 60 51 62 61 32 07 34 33 31 56 18 19 15 17 25 37 39 38 36 00 14 11 13 10 12 24 21 23 22 35 59 58 57 55 49 30 48 47 45 44 63 43 42 41 03 46 04 02 01 53 54 52 16 50 
09 08 06 07 43 21 28 29 27 25 60 53 64 61 63 05 34 32 31 30 19 58 18 17 16 39 26 37 36 35 14 13 10 04 12 24 23 22 11 20 59 57 55 38 56 47 49 45 33 46 42 44 41 62 40 02 03 01 48 00 50 52 15 54 51 
05 41 09 08 07 25 22 26 29 28 50 63 62 64 60 30 33 06 34 32 15 16 55 19 18 38 35 27 39 37 11 01 14 12 13 21 10 24 20 23 58 36 59 56 57 31 48 49 46 47 61 43 44 40 42 45 04 03 00 02 54 17 51 53 52 
06 07 42 05 09 29 25 27 23 26 63 64 61 52 62 34 31 30 08 33 17 19 16 57 15 36 39 35 28 38 10 12 02 14 11 22 20 13 24 21 55 56 37 59 58 46 45 32 49 48 40 41 60 44 43 00 01 47 03 04 18 51 54 50 53 
08 05 07 44 06 27 26 28 25 24 62 61 60 63 54 31 32 33 30 09 18 17 15 16 59 37 36 38 35 29 13 11 12 10 03 23 21 20 22 14 57 58 56 55 39 48 47 46 45 34 43 42 40 41 64 04 02 00 01 49 51 53 50 52 19 
56 19 15 17 18 47 49 30 48 45 39 37 25 38 36 52 16 54 53 50 12 23 24 21 22 46 02 03 04 01 40 09 05 08 06 07 34 33 32 31 00 14 11 13 10 64 51 62 60 61 59 35 58 57 55 44 63 43 42 41 26 29 28 20 27 
19 18 17 16 58 33 47 49 45 46 37 26 39 36 35 15 54 52 50 51 24 11 23 22 20 03 48 02 01 00 09 08 06 43 07 34 32 31 05 30 14 13 10 04 12 60 64 61 53 63 57 59 55 38 56 42 44 41 62 40 27 28 21 29 25 
15 55 19 18 16 46 31 48 49 47 27 35 38 39 37 51 53 17 54 52 21 20 10 24 23 04 00 45 03 02 05 41 09 07 08 33 06 34 30 32 11 01 14 12 13 50 62 64 63 60 36 58 59 56 57 61 43 44 40 42 29 22 25 26 28 
17 16 57 15 19 49 46 45 32 48 35 39 36 28 38 54 50 51 18 53 22 24 20 13 21 01 03 00 47 04 06 07 42 09 05 31 30 08 34 33 10 12 02 14 11 63 61 52 64 62 56 55 37 59 58 40 41 60 44 43 23 25 29 27 26 
18 15 16 59 17 45 48 47 46 34 38 36 37 35 29 50 52 53 51 19 23 22 21 20 14 02 01 04 00 49 08 05 07 06 44 32 33 30 31 09 13 11 12 10 03 62 60 63 61 54 58 57 56 55 39 43 42 40 41 64 25 26 27 28 24 
46 03 04 01 02 18 19 56 15 17 34 32 07 33 31 13 00 14 11 10 63 42 44 43 41 16 52 54 53 50 25 39 38 37 36 35 59 58 57 55 51 64 62 60 61 24 12 21 23 22 49 30 48 47 45 29 20 26 28 27 05 09 08 40 06 
04 45 03 02 00 16 55 15 19 18 06 30 33 34 32 12 11 01 14 13 43 40 61 44 42 53 51 17 54 52 38 27 39 35 37 58 36 59 56 57 62 50 64 63 60 10 21 24 20 23 31 48 49 46 47 22 26 29 25 28 09 41 07 05 08 
01 00 47 04 03 19 16 17 57 15 30 34 31 08 33 14 10 12 02 11 41 44 40 60 43 50 54 51 18 53 36 35 28 39 38 55 56 37 59 58 61 63 52 64 62 20 22 13 24 21 46 45 32 49 48 25 27 23 29 26 42 07 09 06 05 
03 02 01 00 48 58 18 19 17 16 32 05 34 31 30 04 14 13 10 12 44 62 42 41 40 54 15 52 50 51 39 37 36 26 35 59 57 55 38 56 64 60 61 53 63 23 24 22 11 20 47 49 45 33 46 28 29 27 21 25 06 08 43 09 07 
02 04 00 49 01 17 15 18 16 59 33 31 32 30 09 10 13 11 12 03 42 41 43 40 64 52 50 53 51 19 37 38 35 36 29 57 58 56 55 39 60 62 63 61 54 21 23 20 22 14 48 47 46 45 34 26 28 25 27 24 07 05 06 08 44 
12 24 21 22 23 60 64 51 62 61 03 02 46 04 01 28 20 29 26 27 07 32 34 33 31 63 42 44 43 41 56 19 15 18 17 16 54 53 52 50 40 09 05 08 06 39 25 38 37 36 14 00 11 13 10 59 35 58 57 55 48 49 47 30 45 
21 10 24 23 20 63 50 62 64 60 45 00 04 03 02 25 26 22 29 28 33 30 06 34 32 43 40 61 44 42 15 55 19 16 18 53 17 54 51 52 05 41 09 07 08 27 38 39 35 37 01 11 14 12 13 36 58 59 56 57 49 31 46 48 47 
22 20 13 21 24 64 63 61 52 62 00 03 01 47 04 29 27 25 23 26 31 34 30 08 33 41 44 40 60 43 17 16 57 19 15 50 51 18 54 53 06 07 42 09 05 35 36 28 39 38 12 10 02 14 11 56 55 37 59 58 32 46 49 45 48 
24 23 22 20 11 53 60 64 61 63 02 48 03 01 00 21 29 28 27 25 34 05 32 31 30 44 62 42 41 40 19 18 17 58 16 54 52 50 15 51 09 08 06 43 07 37 39 36 26 35 13 14 10 04 12 57 59 55 38 56 45 47 33 49 46 
23 21 20 14 22 61 62 60 63 54 04 01 02 00 49 27 28 26 25 24 32 31 33 30 09 42 41 43 40 64 18 15 16 17 59 52 53 51 50 19 08 05 07 06 44 38 37 35 36 29 11 13 12 10 03 58 57 56 55 39 46 48 45 47 34 
51 64 62 61 60 13 14 00 11 10 19 18 56 15 17 42 63 44 43 41 25 37 39 38 36 12 23 24 21 22 30 49 48 47 45 46 03 04 02 01 20 29 26 28 27 09 40 05 08 06 54 16 53 52 50 34 07 33 32 31 58 59 57 35 55 
62 50 64 60 63 12 01 11 14 13 55 16 15 19 18 40 43 61 44 42 38 35 27 39 37 21 20 10 24 23 48 31 49 46 47 04 45 03 00 02 26 22 29 25 28 41 05 09 07 08 17 53 54 51 52 06 33 34 30 32 59 36 56 58 57 
61 63 52 62 64 14 12 10 02 11 16 19 17 57 15 44 41 40 60 43 36 39 35 28 38 22 24 20 13 21 45 46 32 49 48 01 00 47 03 04 27 25 23 29 26 07 06 42 09 05 51 50 18 54 53 30 31 08 34 33 37 56 59 55 58 
64 60 61 63 53 04 13 14 10 12 18 58 19 17 16 62 44 42 41 40 39 26 37 36 35 24 11 23 22 20 49 47 45 33 46 03 02 01 48 00 29 28 27 21 25 08 09 06 43 07 52 54 50 15 51 32 34 31 05 30 55 57 38 59 56 
60 62 63 54 61 10 11 13 12 03 15 17 18 16 59 41 42 43 40 64 37 36 38 35 29 23 22 21 20 14 47 48 46 45 34 02 04 00 01 49 28 26 25 27 24 05 08 07 06 44 53 52 51 50 19 33 32 30 31 09 56 58 55 57 39 
43 61 44 42 40 20 10 21 24 23 17 51 53 54 52 07 05 41 09 08 58 56 36 59 57 26 25 22 29 28 04 45 03 00 02 11 01 14 12 13 38 27 39 35 37 06 33 34 30 32 50 62 64 63 60 31 48 49 46 47 19 55 16 15 18 
63 44 43 41 42 23 24 12 21 22 54 52 16 53 50 08 40 09 05 06 35 57 59 58 55 20 28 29 26 27 46 03 04 02 01 00 14 11 13 10 25 39 38 37 36 34 07 33 32 31 64 51 62 60 61 49 30 48 47 45 15 19 18 56 17 
41 40 60 43 44 24 20 22 13 21 51 54 50 18 53 09 06 07 42 05 55 59 56 37 58 27 29 25 23 26 01 00 47 03 04 10 12 02 14 11 36 35 28 39 38 30 31 08 34 33 63 61 52 64 62 46 45 32 49 48 57 16 19 17 15 
44 42 41 40 62 11 23 24 22 20 52 15 54 50 51 43 09 08 06 07 59 38 57 55 56 29 21 28 27 25 03 02 01 48 00 14 13 10 04 12 39 37 36 26 35 32 34 31 05 30 60 64 61 53 63 47 49 45 33 46 17 18 58 19 16 
42 43 40 64 41 22 21 23 20 14 53 50 52 51 19 06 08 05 07 44 57 55 58 56 39 28 27 26 25 24 02 04 00 01 49 13 11 12 10 03 37 38 35 36 29 33 32 30 31 09 62 60 63 61 54 48 47 46 45 34 16 15 17 18 59 
26 22 29 28 25 40 61 43 44 42 01 12 11 14 13 35 38 27 39 37 48 46 31 49 47 05 07 41 09 08 53 17 54 51 52 62 50 64 63 60 33 06 34 30 32 36 58 59 56 57 10 21 24 20 23 55 15 19 16 18 03 45 00 04 02 
20 29 26 27 28 42 44 63 43 41 14 13 00 11 10 37 25 39 38 36 30 47 49 48 45 40 08 09 05 06 16 54 53 52 50 51 64 62 60 61 07 34 33 32 31 59 35 58 57 55 24 12 21 23 22 19 56 15 18 17 04 03 02 46 01 
27 25 23 26 29 44 40 41 60 43 12 14 10 02 11 39 36 35 28 38 45 49 46 32 48 06 09 07 42 05 50 51 18 54 53 61 63 52 64 62 31 30 08 34 33 56 55 37 59 58 20 22 13 24 21 16 17 57 19 15 47 00 03 01 04 
29 28 27 25 21 62 42 44 41 40 13 04 14 10 12 26 39 37 36 35 49 33 47 45 46 09 43 08 06 07 54 52 50 15 51 64 60 61 53 63 34 32 31 05 30 57 59 55 38 56 23 24 22 11 20 18 19 17 58 16 01 02 48 03 00 
28 26 25 24 27 41 43 42 40 64 11 10 13 12 03 36 37 38 35 29 47 45 48 46 34 08 06 05 07 44 52 53 51 50 19 60 62 63 61 54 32 33 30 31 09 58 57 56 55 39 21 23 20 22 14 15 18 16 17 59 00 04 01 02 49 
33 06 34 32 30 35 27 38 39 37 61 40 43 44 42 46 48 31 49 47 53 51 17 54 52 58 56 36 59 57 21 10 24 20 23 26 22 29 25 28 15 55 19 16 18 45 04 03 00 02 41 05 09 07 08 01 11 14 12 13 64 50 63 62 60 
07 34 33 31 32 37 39 25 38 36 44 42 63 43 41 47 30 49 48 45 16 52 54 53 50 35 57 59 58 55 12 24 21 23 22 20 29 26 28 27 56 19 15 18 17 03 46 04 02 01 09 40 05 08 06 14 00 11 13 10 62 64 60 51 61 
31 30 08 33 34 39 35 36 28 38 40 44 41 60 43 49 45 46 32 48 50 54 51 18 53 55 59 56 37 58 22 20 13 24 21 27 25 23 29 26 17 16 57 19 15 00 01 47 03 04 07 06 42 09 05 12 10 02 14 11 52 63 64 61 62 
34 32 31 30 05 26 37 39 36 35 42 62 44 41 40 33 49 47 45 46 54 15 52 50 51 59 38 57 55 56 24 23 22 11 20 29 28 27 21 25 19 18 17 58 16 02 03 01 48 00 08 09 06 43 07 13 14 10 04 12 61 60 53 64 63 
32 33 30 09 31 36 38 37 35 29 43 41 42 40 64 45 47 48 46 34 52 50 53 51 19 57 55 58 56 39 23 21 20 22 14 28 26 25 27 24 18 15 16 17 59 04 02 00 01 49 05 08 07 06 44 11 13 12 10 03 63 62 61 60 54 
45 46 32 48 49 59 56 55 37 58 07 09 06 42 05 03 01 00 47 04 61 64 63 52 62 17 19 16 57 15 27 25 23 29 26 36 35 28 39 38 50 51 18 54 53 12 10 02 14 11 30 31 08 34 33 20 22 13 24 21 60 40 44 41 43 
48 31 49 47 46 56 36 58 59 57 41 07 05 09 08 00 04 45 03 02 62 63 50 64 60 15 16 55 19 18 26 22 29 25 28 38 27 39 35 37 53 17 54 51 52 01 11 14 12 13 06 33 34 30 32 10 21 24 20 23 44 61 40 43 42 
49 47 45 46 33 38 57 59 55 56 08 43 09 06 07 48 03 02 01 00 64 53 60 61 63 19 58 18 17 16 29 28 27 21 25 39 37 36 26 35 54 52 50 15 51 13 14 10 04 12 32 34 31 05 30 23 24 22 11 20 41 42 62 44 40 
30 49 48 45 47 57 59 35 58 55 09 08 40 05 06 02 46 03 04 01 51 60 64 62 61 56 18 19 15 17 20 29 26 28 27 25 39 38 37 36 16 54 53 52 50 14 00 11 13 10 34 07 33 32 31 24 12 21 23 22 43 44 42 63 41 
47 48 46 34 45 55 58 57 56 39 05 06 08 07 44 01 02 04 00 49 60 61 62 63 54 18 17 15 16 59 28 26 25 27 24 37 38 35 36 29 52 53 51 50 19 11 13 12 10 03 33 32 30 31 09 21 23 20 22 14 40 43 41 42 64 
