8  5  2  7  9  0  10 62 6  11 4  3  27 24 61 35 25 33 28 26 30 31 34 29 12 22 16 21 19 15 20 63 23 18 14 13 54 59 48 49 52 55 58 51 53 56 57 64 40 44 43 38 39 60 42 37 46 36 41 45 50 17 1  32 47 
0  7  4  11 1  6  62 8  9  3  5  10 26 61 29 24 35 34 25 32 27 33 28 30 23 21 22 19 20 18 14 12 13 17 15 16 48 58 52 57 55 51 56 64 59 54 50 49 36 46 40 45 43 39 44 60 47 42 38 37 53 63 2  31 41 
3  1  6  2  8  10 7  11 62 4  9  5  61 28 25 34 33 26 31 29 24 27 32 35 18 23 12 13 16 19 22 15 17 20 21 63 59 57 58 55 56 54 50 48 49 53 51 52 60 40 37 46 45 38 43 41 36 39 44 47 64 14 0  30 42 
9  3  7  10 4  1  0  6  2  62 11 8  31 30 27 29 61 25 24 33 32 28 35 26 16 20 19 14 15 63 18 13 22 12 17 21 55 54 51 53 64 49 48 57 56 52 59 50 44 41 42 60 36 40 47 43 38 46 37 39 58 23 5  34 45 
4  8  10 0  11 5  1  2  7  6  62 9  28 32 31 26 27 61 30 25 34 24 29 33 19 18 15 17 63 13 12 21 20 16 23 14 49 55 57 56 50 53 51 59 52 64 54 58 41 37 47 40 46 44 45 42 60 38 43 36 48 22 3  35 39 
6  11 5  3  2  9  8  0  1  10 7  62 32 29 30 61 24 28 35 31 26 34 25 27 13 19 21 20 14 17 15 23 16 63 18 22 52 56 55 50 51 64 54 49 58 48 53 57 42 47 36 37 40 43 46 39 41 44 45 60 59 12 4  33 38 
11 9  0  1  62 3  5  7  10 2  6  4  24 34 28 33 31 27 32 61 35 30 26 25 15 12 63 23 13 21 16 14 18 19 22 17 53 49 59 52 58 56 57 54 64 50 55 48 37 43 45 44 38 41 39 47 40 60 42 46 51 20 8  29 36 
10 2  9  4  0  62 11 3  8  5  1  7  29 25 35 28 34 32 33 30 61 26 31 24 17 13 23 16 22 20 21 18 63 14 19 12 58 50 56 51 54 48 53 52 57 59 64 55 39 36 60 47 37 45 40 38 42 43 46 41 49 15 6  27 44 
1  10 11 62 5  2  6  9  4  8  3  0  33 27 26 30 29 35 61 34 31 25 24 32 22 14 20 15 18 12 17 16 21 23 63 19 51 48 64 59 49 57 52 50 54 55 58 53 46 38 44 39 42 36 41 40 45 47 60 43 56 13 7  28 37 
2  62 3  8  7  4  9  1  5  0  10 6  34 26 32 27 30 24 29 28 33 35 61 31 21 15 14 18 17 23 63 22 19 13 12 20 64 52 49 58 57 50 55 53 48 51 56 59 47 45 46 43 44 42 38 36 37 41 39 40 54 16 11 25 60 
62 4  1  5  6  8  3  10 0  7  2  11 30 35 24 25 28 31 34 27 29 32 33 61 63 16 13 22 21 14 19 17 12 15 20 23 56 53 54 64 48 52 59 55 50 58 49 51 43 42 39 41 60 37 36 45 44 40 47 38 57 18 9  26 46 
5  0  62 6  3  7  2  4  11 9  8  1  25 31 33 32 26 29 27 35 28 61 30 34 20 17 18 63 12 16 23 19 14 22 13 15 57 51 50 54 53 59 64 58 55 49 48 56 38 60 41 36 47 46 37 44 39 45 40 42 52 21 10 24 43 
50 52 54 55 58 53 49 57 59 51 48 64 19 13 16 23 12 18 63 20 21 15 17 22 42 41 47 38 45 39 37 36 44 43 60 46 29 35 30 33 27 26 24 32 25 61 34 31 4  11 2  8  1  9  7  6  3  5  62 0  28 40 56 14 10 
54 57 64 50 55 48 58 56 52 53 49 59 17 20 14 19 21 13 22 63 18 23 16 15 38 39 60 43 40 44 36 41 45 46 42 37 31 27 33 24 34 28 26 25 30 32 61 35 10 0  3  2  11 7  8  5  6  62 1  4  29 47 51 12 9  
52 53 57 59 64 55 54 48 51 58 50 56 12 15 18 14 20 22 19 23 63 16 21 17 37 40 43 36 42 47 44 45 60 41 46 39 34 32 28 29 25 35 31 24 26 33 30 61 8  9  62 5  10 3  6  11 1  0  4  7  27 38 49 13 2  
58 64 55 49 48 56 53 59 54 57 51 50 15 21 19 22 16 12 13 18 14 63 23 20 47 37 45 60 39 36 43 46 41 42 40 38 26 29 32 25 31 33 30 34 61 27 35 28 11 62 7  9  5  4  10 2  8  3  6  1  24 44 52 17 0  
53 55 48 51 56 59 57 50 58 64 52 49 20 16 22 13 23 17 12 14 19 18 63 21 44 38 41 45 37 43 60 42 46 40 39 47 30 24 27 34 26 32 61 31 35 29 28 33 5  3  4  0  2  1  11 9  10 7  8  6  25 36 54 15 62 
55 59 50 58 49 51 48 52 64 56 53 54 23 18 17 15 14 21 20 13 12 22 19 63 60 36 40 42 44 41 46 37 39 38 47 43 28 31 25 30 35 24 33 61 32 34 27 29 0  1  8  7  62 10 9  3  2  6  5  11 26 45 57 16 4  
57 48 56 52 59 50 64 49 53 55 54 51 21 23 13 12 63 15 17 19 22 14 18 16 36 47 46 41 38 60 45 40 42 39 37 44 61 25 29 31 30 27 35 26 28 24 33 32 2  7  1  62 9  6  5  0  11 4  10 8  34 43 58 20 3  
59 51 52 64 54 58 50 53 56 49 55 57 14 22 21 16 13 63 23 15 20 17 12 19 46 45 38 37 60 40 39 44 47 36 43 41 27 61 26 28 32 31 29 33 24 30 25 34 7  10 5  6  4  2  3  1  62 11 0  9  35 42 48 18 8  
49 54 58 48 53 57 51 64 50 52 56 55 22 12 23 63 17 14 18 21 16 20 15 13 40 46 44 47 41 37 38 43 36 60 45 42 24 28 61 32 29 30 25 27 34 35 31 26 1  5  9  10 6  0  4  8  7  2  3  62 33 39 59 19 11 
48 50 49 53 51 52 56 54 55 59 57 58 63 14 15 20 19 16 21 12 17 13 22 18 45 43 39 40 36 46 42 38 37 47 44 60 33 26 34 61 28 25 32 35 27 31 29 24 62 6  10 4  3  11 0  7  9  8  2  5  30 41 64 23 1  
64 56 59 54 50 49 55 51 57 48 58 52 16 63 12 17 18 20 15 22 13 19 14 23 43 44 42 46 47 45 41 39 40 37 38 36 35 34 24 26 61 29 28 30 33 25 32 27 9  4  6  3  0  8  2  62 5  1  11 10 31 60 53 21 7  
51 58 53 56 57 64 52 55 49 54 59 48 13 17 63 18 15 19 14 16 23 21 20 12 39 42 36 44 46 38 47 60 43 45 41 40 25 33 35 27 24 61 34 29 31 28 26 30 6  2  0  11 8  62 1  10 4  9  7  3  32 37 50 22 5  
47 43 60 40 45 41 44 46 38 36 39 42 57 55 51 52 48 58 54 50 49 59 56 64 31 25 28 35 24 30 61 32 33 27 29 34 9  8  1  11 2  4  0  5  62 6  3  7  16 19 13 18 23 12 21 63 20 22 15 17 10 26 37 53 14 
40 38 47 45 44 36 39 43 42 37 41 60 52 58 56 59 53 49 50 55 48 64 57 54 29 32 26 31 33 25 34 61 30 35 28 27 10 7  62 1  8  0  11 6  5  3  2  9  17 23 18 21 15 14 12 20 13 63 22 19 4  24 46 51 16 
39 47 44 41 36 43 37 60 40 38 46 45 54 53 59 50 57 51 49 48 56 55 64 58 24 27 30 26 32 34 31 35 61 28 33 29 11 4  3  6  10 62 5  8  2  7  9  0  15 63 14 16 20 19 17 21 12 18 13 22 1  25 42 52 23 
42 37 38 60 47 44 40 36 46 39 45 43 51 54 48 56 58 50 59 64 55 57 53 52 27 33 31 34 28 24 25 30 26 61 35 32 8  3  0  4  6  9  10 1  11 62 5  2  12 16 63 20 17 18 13 15 22 23 19 14 7  29 41 49 21 
46 39 37 43 38 47 42 44 41 40 60 36 49 52 55 48 54 59 56 57 64 53 58 51 32 28 34 25 35 29 24 26 31 30 61 33 6  62 9  7  1  2  8  4  10 0  11 5  13 21 23 15 12 63 22 17 19 16 14 18 3  27 45 50 20 
60 46 42 47 40 39 45 37 43 41 44 38 56 50 53 57 49 55 64 54 58 52 51 59 35 30 29 27 26 33 32 25 24 34 31 61 7  2  11 0  3  10 4  62 1  5  6  8  14 17 20 13 19 21 18 22 63 15 23 16 9  28 36 48 12 
41 40 39 36 37 38 46 47 45 42 43 44 50 51 64 55 52 56 48 53 57 58 54 49 33 35 25 24 61 27 29 31 34 26 30 28 1  0  2  3  4  5  6  7  8  9  10 11 22 20 16 17 13 23 19 12 14 21 18 63 62 32 60 59 15 
44 60 45 39 41 46 36 42 47 43 37 40 64 48 52 54 56 53 58 49 51 50 59 55 26 34 33 28 25 61 35 27 32 29 24 31 0  10 6  5  9  1  62 2  3  8  7  4  23 22 12 14 63 17 16 18 21 13 20 15 11 30 38 57 19 
38 36 43 42 60 45 47 41 37 44 40 46 53 64 49 51 55 54 52 59 50 56 48 57 34 24 35 61 29 26 30 33 28 32 27 25 2  6  4  10 5  7  9  11 0  1  62 3  21 14 22 63 16 13 20 23 15 19 17 12 8  31 39 58 18 
43 41 46 38 42 40 60 39 36 45 47 37 48 59 58 53 50 64 57 52 54 51 49 56 61 26 27 32 31 28 33 24 29 25 34 30 3  5  10 9  62 8  7  0  4  11 1  6  18 12 15 22 14 20 63 19 23 17 16 21 2  35 44 55 13 
45 42 40 44 39 37 41 38 60 46 36 47 59 49 57 64 51 48 55 58 53 54 52 50 28 61 24 29 30 32 27 34 25 31 26 35 4  9  5  62 7  11 1  3  6  2  8  10 19 15 21 12 22 16 14 13 18 20 63 23 0  33 43 56 17 
37 44 36 46 43 60 38 45 39 47 42 41 58 57 50 49 64 52 51 56 59 48 55 53 25 29 61 30 27 31 26 28 35 33 32 24 5  1  7  8  11 3  2  10 9  4  0  62 20 18 19 23 21 22 15 16 17 14 12 13 6  34 40 54 63 
17 21 16 19 23 63 15 18 12 20 22 14 8  11 3  7  5  1  4  0  62 9  2  10 55 57 49 50 53 56 59 52 51 54 58 64 43 37 40 47 36 42 60 44 45 39 41 46 30 32 29 28 61 24 26 35 31 27 34 25 38 48 13 6  33 
21 63 18 12 14 19 16 22 20 23 17 13 5  9  1  6  0  10 8  7  4  3  62 2  59 48 54 52 55 49 51 53 58 57 64 56 41 44 38 43 45 37 46 60 42 47 40 39 28 24 34 27 33 31 35 32 61 25 30 26 36 50 15 11 29 
12 20 21 14 16 23 17 63 13 15 19 18 6  10 62 3  11 4  7  9  0  2  5  8  64 53 50 59 58 48 56 51 49 52 54 57 36 39 42 38 44 46 43 47 60 40 45 41 26 33 27 35 30 29 31 61 34 32 25 24 37 55 22 1  28 
18 22 13 21 12 17 14 15 63 19 16 20 62 7  11 5  4  9  2  8  10 6  1  3  52 49 64 57 50 58 53 48 55 56 59 51 39 45 43 46 40 36 37 42 38 60 47 44 29 26 61 34 24 35 27 25 32 30 33 28 41 54 23 0  31 
13 15 20 18 21 16 12 23 22 17 14 63 1  8  0  62 10 7  3  2  9  5  11 6  57 58 59 56 54 55 48 49 50 51 52 53 44 40 46 37 47 41 36 38 43 42 60 45 31 28 32 61 26 27 34 30 25 33 24 29 39 64 19 4  35 
22 17 15 63 20 21 13 16 19 12 18 23 4  6  9  0  8  3  62 5  2  11 10 1  53 54 56 48 52 64 55 50 59 49 51 58 47 42 41 39 38 45 44 37 36 46 43 60 34 35 33 30 31 32 25 26 24 28 29 27 40 57 14 7  61 
20 23 63 13 18 14 21 19 15 16 12 22 11 2  4  1  9  8  6  3  7  62 0  5  56 55 52 51 64 50 49 58 54 53 57 48 45 47 37 36 60 39 41 43 46 38 42 40 35 29 25 32 28 34 61 33 30 24 26 31 44 59 17 10 27 
19 12 17 23 15 20 22 21 14 13 63 16 7  1  2  9  6  62 0  11 5  10 8  4  58 52 48 55 51 57 64 59 56 50 49 54 38 46 45 40 37 60 47 39 44 41 36 43 25 61 28 26 34 33 24 31 29 35 27 32 42 53 18 3  30 
16 18 14 17 19 22 23 13 21 63 15 12 2  0  6  8  62 11 10 4  1  7  3  9  50 56 58 54 48 51 52 57 53 64 55 59 46 36 47 60 41 38 42 45 40 44 39 37 33 25 31 29 32 26 28 27 35 34 61 30 43 49 20 5  24 
15 16 23 22 63 18 20 14 17 21 13 19 10 5  7  4  2  6  1  62 3  0  9  11 48 64 51 49 57 59 50 54 52 58 53 55 60 38 39 44 43 40 45 36 41 37 46 42 61 27 24 33 35 25 30 28 26 29 31 34 47 56 12 8  32 
63 19 22 20 13 12 18 17 23 14 21 15 0  3  10 11 7  2  5  6  8  1  4  62 51 50 57 53 59 54 58 55 64 48 56 49 40 60 36 41 42 44 39 46 37 43 38 47 27 31 30 25 29 61 32 24 33 26 28 35 45 52 16 9  34 
14 13 12 16 17 15 19 20 18 22 23 21 3  4  5  2  1  0  9  10 11 8  6  7  54 51 55 64 49 53 57 56 48 59 50 52 37 41 60 42 39 43 38 40 47 45 44 36 24 30 35 31 25 28 29 34 27 61 32 33 46 58 63 62 26 
31 61 35 29 28 33 26 32 34 30 24 27 39 38 45 41 47 42 46 43 60 36 44 37 2  11 7  3  10 0  62 1  4  6  8  5  20 22 14 12 15 18 21 17 16 19 23 63 55 49 52 59 48 54 64 56 57 51 53 58 13 9  25 40 50 
24 31 26 33 30 61 25 35 29 34 32 28 46 40 36 43 39 45 60 47 44 38 37 42 10 6  0  9  1  5  2  3  62 7  4  8  12 18 23 19 13 16 17 22 15 63 20 21 53 56 50 55 57 49 58 64 54 59 52 51 14 11 27 41 48 
26 35 28 24 33 32 30 27 31 61 25 29 37 47 41 46 44 40 42 60 45 43 36 38 9  5  4  7  11 62 3  6  1  8  10 2  21 13 19 17 20 14 16 15 23 22 63 18 48 51 54 50 56 58 55 59 64 52 57 53 12 0  34 39 49 
33 29 24 30 25 34 32 31 28 27 61 26 43 45 37 38 41 44 47 40 39 42 46 60 4  3  11 10 62 6  8  2  5  9  0  7  14 21 15 23 18 17 19 63 22 20 13 12 51 57 55 58 52 48 49 54 50 64 59 56 16 1  35 36 53 
30 28 33 25 32 27 61 29 26 35 34 24 38 44 46 42 36 39 40 45 41 60 43 47 0  2  1  4  5  3  7  8  6  10 11 9  16 12 22 15 21 19 23 20 63 13 18 14 56 52 58 49 59 53 48 50 55 54 64 57 17 62 31 37 51 
61 33 32 34 27 29 35 24 30 28 31 25 47 36 42 40 43 37 39 41 46 45 60 44 62 9  6  1  2  7  4  10 8  11 5  0  23 17 13 20 16 22 63 21 18 12 14 19 59 54 53 51 50 57 56 49 48 58 55 64 15 3  26 38 52 
25 26 30 32 61 35 34 28 24 31 27 33 42 39 43 60 37 41 45 44 36 47 38 40 11 8  62 0  6  2  9  7  3  4  1  10 17 14 63 22 12 23 15 13 20 18 21 16 57 59 49 48 64 51 53 55 58 50 54 52 19 5  29 46 56 
35 32 27 31 29 24 28 25 61 33 26 34 44 43 40 39 60 38 37 46 42 41 45 36 3  0  8  6  9  4  1  11 10 5  2  62 63 15 12 21 23 13 18 16 14 17 19 22 50 58 57 52 49 64 59 51 56 53 48 55 20 7  30 47 54 
29 34 31 28 26 30 24 61 27 25 33 35 41 42 44 36 40 60 43 38 47 37 39 46 8  1  9  2  4  11 5  62 0  3  7  6  13 63 16 14 22 21 12 19 17 23 15 20 58 48 59 64 53 50 54 57 52 56 51 49 18 10 32 45 55 
34 30 61 27 35 28 31 33 25 26 29 32 40 37 60 45 38 46 41 36 43 44 47 39 5  10 3  62 8  9  0  4  7  1  6  11 15 19 18 13 17 63 20 12 21 14 16 23 64 50 51 56 55 52 57 48 53 49 58 54 22 2  24 42 59 
32 24 25 61 34 31 27 26 33 29 35 30 60 41 38 47 46 36 44 39 37 40 42 45 1  7  5  11 3  8  10 9  2  0  62 4  19 16 20 63 14 15 22 18 13 21 12 17 52 64 48 53 54 56 51 58 49 55 50 59 23 6  28 43 57 
28 27 29 26 24 25 33 34 35 32 30 31 36 60 39 37 45 47 38 42 40 46 41 43 7  62 10 8  0  1  6  5  11 2  9  3  18 20 17 16 63 12 14 23 19 15 22 13 49 53 64 54 51 55 50 52 59 57 56 48 21 4  61 44 58 
23 14 19 15 22 13 63 12 16 18 20 17 9  62 8  10 3  5  11 1  6  4  7  0  49 59 53 58 56 52 54 64 57 55 48 50 42 43 44 45 46 47 40 41 39 36 37 38 32 34 26 24 27 30 33 29 28 31 35 61 60 51 21 2  25 
36 45 41 37 46 42 43 40 44 60 38 39 55 56 54 58 59 57 53 51 52 49 50 48 30 31 32 33 34 35 28 29 27 24 25 26 62 11 8  2  0  6  3  9  7  10 4  1  63 13 17 19 18 15 23 14 16 12 21 20 5  61 47 64 22 
7  6  8  9  10 11 4  5  3  1  0  2  35 33 34 31 32 30 26 24 25 29 27 28 14 63 17 12 23 22 13 20 15 21 16 18 50 64 53 48 59 58 49 56 51 57 52 54 45 39 38 42 41 47 60 46 43 37 36 44 55 19 62 61 40 
56 49 51 57 52 54 59 58 48 50 64 53 18 19 20 21 22 23 16 17 15 12 13 14 41 60 37 39 43 42 40 47 38 44 36 45 32 30 31 35 33 34 27 28 29 26 24 25 3  8  11 1  7  5  62 4  0  10 9  2  61 46 55 63 6  
27 25 34 35 31 26 29 30 32 24 28 61 45 46 47 44 42 43 36 37 38 39 40 41 6  4  2  5  7  10 11 0  9  62 3  1  22 23 21 18 19 20 13 14 12 16 17 15 54 55 56 57 58 59 52 53 51 48 49 50 63 8  33 60 64 
