8  5  2  7  9  0  10 64 6  11 4  3  22 23 29 28 17 16 27 26 31 30 15 14 33 32 63 62 25 24 35 34 21 20 19 18 37 36 43 42 49 48 41 40 53 52 57 56 51 50 59 58 61 60 45 44 55 54 47 46 39 38 12 13 1  
0  7  4  11 1  6  64 8  9  3  5  10 26 27 15 14 21 20 35 34 12 13 25 24 63 62 29 28 31 30 19 18 23 22 33 32 55 54 59 58 39 38 37 36 61 60 43 42 47 46 51 50 57 56 41 40 49 48 45 44 53 52 17 16 2  
3  1  6  2  8  10 7  11 64 4  9  5  13 12 19 18 25 24 17 16 29 28 33 32 27 26 35 34 63 62 21 20 31 30 23 22 47 46 53 52 41 40 51 50 55 54 39 38 57 56 61 60 49 48 59 58 45 44 43 42 37 36 15 14 0  
9  3  7  10 4  1  0  6  2  64 11 8  18 19 31 30 27 26 33 32 21 20 12 13 15 14 25 24 17 16 63 62 35 34 29 28 39 38 47 46 61 60 49 48 43 42 51 50 41 40 45 44 59 58 55 54 53 52 37 36 57 56 23 22 5  
4  8  10 0  11 5  1  2  7  6  64 9  28 29 21 20 33 32 15 14 35 34 23 22 12 13 17 16 27 26 25 24 63 62 31 30 57 56 37 36 59 58 61 60 47 46 41 40 49 48 55 54 45 44 53 52 43 42 39 38 51 50 19 18 3  
6  11 5  3  2  9  8  0  1  10 7  64 34 35 25 24 23 22 19 18 17 16 31 30 29 28 15 14 12 13 33 32 27 26 63 62 49 48 51 50 53 52 55 54 57 56 59 58 45 44 47 46 43 42 37 36 39 38 41 40 61 60 21 20 4  
11 9  0  1  64 3  5  7  10 2  6  4  30 31 35 34 15 14 12 13 63 62 19 18 23 22 27 26 33 32 17 16 25 24 21 20 51 50 39 38 45 44 59 58 37 36 49 48 61 60 53 52 55 54 43 42 47 46 57 56 41 40 29 28 8  
10 2  9  4  0  64 11 3  8  5  1  7  16 17 33 32 31 30 21 20 15 14 63 62 35 34 19 18 29 28 23 22 12 13 27 26 45 44 61 60 37 36 47 46 49 48 53 52 43 42 57 56 39 38 51 50 41 40 59 58 55 54 25 24 6  
1  10 11 64 5  2  6  9  4  8  3  0  32 33 12 13 35 34 63 62 23 22 17 16 25 24 31 30 21 20 29 28 19 18 15 14 53 52 45 44 57 56 39 38 59 58 47 46 37 36 41 40 51 50 49 48 61 60 55 54 43 42 27 26 7  
2  64 3  8  7  4  9  1  5  0  10 6  62 63 17 16 19 18 29 28 27 26 21 20 31 30 12 13 23 22 15 14 33 32 25 24 61 60 41 40 43 42 53 52 51 50 45 44 55 54 37 36 47 46 39 38 57 56 49 48 59 58 35 34 11 
64 4  1  5  6  8  3  10 0  7  2  11 20 21 63 62 12 13 23 22 25 24 29 28 19 18 33 32 15 14 27 26 17 16 35 34 41 40 57 56 55 54 45 44 39 38 61 60 59 58 43 42 53 52 47 46 37 36 51 50 49 48 31 30 9  
5  0  64 6  3  7  2  4  11 9  8  1  14 15 23 22 63 62 25 24 19 18 27 26 17 16 21 20 35 34 31 30 29 28 12 13 43 42 55 54 51 50 57 56 45 44 37 36 39 38 49 48 41 40 61 60 59 58 53 52 47 46 33 32 10 
59 49 37 39 45 51 57 43 47 53 55 61 27 54 42 15 40 21 48 35 46 12 58 25 60 63 56 29 50 31 38 19 36 23 52 33 13 10 32 2  20 8  30 3  26 6  18 1  28 5  62 4  34 9  24 11 16 64 14 7  22 0  44 17 41 
58 48 36 38 44 50 56 42 46 52 54 60 55 26 14 43 20 41 34 49 13 47 24 59 62 61 28 57 30 51 18 39 22 37 32 53 10 12 2  33 8  21 3  31 6  27 1  19 5  29 4  63 9  35 11 25 64 17 7  15 0  23 16 45 40 
42 54 40 48 46 58 60 56 50 38 36 52 37 22 28 57 16 45 26 55 30 51 14 43 32 53 62 61 24 59 34 49 20 41 18 39 3  31 1  19 64 17 11 25 0  23 9  35 4  63 2  33 6  27 7  15 10 12 5  29 8  21 13 47 44 
43 55 41 49 47 59 61 57 51 39 37 53 23 36 56 29 44 17 54 27 50 31 42 15 52 33 60 63 58 25 48 35 40 21 38 19 30 3  18 1  16 64 24 11 22 0  34 9  62 4  32 2  26 6  14 7  13 10 28 5  20 8  46 12 45 
52 44 50 40 42 60 48 38 56 36 46 54 47 13 18 39 24 59 16 45 28 57 32 53 26 55 34 49 62 61 20 41 30 51 22 37 5  29 0  23 11 25 4  63 10 12 8  21 9  35 6  27 64 17 2  33 7  15 1  19 3  31 14 43 58 
53 45 51 41 43 61 49 39 57 37 47 55 12 46 38 19 58 25 44 17 56 29 52 33 54 27 48 35 60 63 40 21 50 31 36 23 28 5  22 0  24 11 62 4  13 10 20 8  34 9  26 6  16 64 32 2  14 7  18 1  30 3  42 15 59 
46 52 48 60 36 44 58 50 40 56 38 42 39 18 30 51 26 55 32 53 20 41 13 47 14 43 24 59 16 45 62 61 34 49 28 57 8  21 5  29 6  27 64 17 1  19 4  63 11 25 7  15 2  33 10 12 0  23 3  31 9  35 22 37 54 
47 53 49 61 37 45 59 51 41 57 39 43 19 38 50 31 54 27 52 33 40 21 46 12 42 15 58 25 44 17 60 63 48 35 56 29 20 8  28 5  26 6  16 64 18 1  62 4  24 11 14 7  32 2  13 10 22 0  30 3  34 9  36 23 55 
36 42 60 58 38 54 44 40 48 50 56 46 57 28 20 41 32 53 14 43 34 49 22 37 13 47 16 45 26 55 24 59 62 61 30 51 9  35 3  31 2  33 6  27 5  29 11 25 64 17 10 12 7  15 0  23 1  19 8  21 4  63 18 39 52 
37 43 61 59 39 55 45 41 49 51 57 47 29 56 40 21 52 33 42 15 48 35 36 23 46 12 44 17 54 27 58 25 60 63 50 31 34 9  30 3  32 2  26 6  28 5  24 11 16 64 13 10 14 7  22 0  18 1  20 8  62 4  38 19 53 
50 38 54 52 40 46 42 58 44 60 48 56 49 34 24 59 22 37 18 39 16 45 30 51 28 57 14 43 13 47 32 53 26 55 62 61 64 17 4  63 0  23 10 12 9  35 2  33 7  15 5  29 1  19 3  31 8  21 11 25 6  27 20 41 36 
51 39 55 53 41 47 43 59 45 61 49 57 35 48 58 25 36 23 38 19 44 17 50 31 56 29 42 15 46 12 52 33 54 27 60 63 16 64 62 4  22 0  13 10 34 9  32 2  14 7  28 5  18 1  30 3  20 8  24 11 26 6  40 21 37 
38 46 58 44 56 52 54 48 60 40 50 36 51 30 34 49 14 43 13 47 62 61 18 39 22 37 26 55 32 53 16 45 24 59 20 41 4  63 8  21 7  15 2  33 3  31 64 17 6  27 0  23 10 12 1  19 5  29 9  35 11 25 28 57 42 
39 47 59 45 57 53 55 49 61 41 51 37 31 50 48 35 42 15 46 12 60 63 38 19 36 23 54 27 52 33 44 17 58 25 40 21 62 4  20 8  14 7  32 2  30 3  16 64 26 6  22 0  13 10 18 1  28 5  34 9  24 11 56 29 43 
60 40 46 36 58 56 38 52 42 54 44 48 45 16 32 53 30 51 20 41 14 43 62 61 34 49 18 39 28 57 22 37 13 47 26 55 7  15 6  27 3  31 5  29 64 17 0  23 1  19 9  35 8  21 4  63 11 25 2  33 10 12 24 59 50 
61 41 47 37 59 57 39 53 43 55 45 49 17 44 52 33 50 31 40 21 42 15 60 63 48 35 38 19 56 29 36 23 46 12 54 27 14 7  26 6  30 3  28 5  16 64 22 0  18 1  34 9  20 8  62 4  24 11 32 2  13 10 58 25 51 
44 60 38 56 54 40 50 46 36 42 52 58 53 32 13 47 34 49 62 61 22 37 16 45 24 59 30 51 20 41 28 57 18 39 14 43 0  23 7  15 9  35 8  21 2  33 5  29 3  31 11 25 4  63 64 17 6  27 10 12 1  19 26 55 48 
45 61 39 57 55 41 51 47 37 43 53 59 33 52 46 12 48 35 60 63 36 23 44 17 58 25 50 31 40 21 56 29 38 19 42 15 22 0  14 7  34 9  20 8  32 2  28 5  30 3  24 11 62 4  16 64 26 6  13 10 18 1  54 27 49 
40 56 52 42 48 36 46 44 54 58 60 50 61 62 16 45 18 39 28 57 26 55 20 41 30 51 13 47 22 37 14 43 32 53 24 59 6  27 11 25 1  19 0  23 4  63 7  15 10 12 3  31 5  29 8  21 9  35 64 17 2  33 34 49 38 
41 57 53 43 49 37 47 45 55 59 61 51 63 60 44 17 38 19 56 29 54 27 40 21 50 31 46 12 36 23 42 15 52 33 58 25 26 6  24 11 18 1  22 0  62 4  14 7  13 10 30 3  28 5  20 8  34 9  16 64 32 2  48 35 39 
56 36 44 54 50 42 52 60 58 48 40 38 41 20 62 61 13 47 22 37 24 59 28 57 18 39 32 53 14 43 26 55 16 45 34 49 11 25 9  35 10 12 7  15 8  21 6  27 2  33 1  19 0  23 5  29 3  31 4  63 64 17 30 51 46 
57 37 45 55 51 43 53 61 59 49 41 39 21 40 60 63 46 12 36 23 58 25 56 29 38 19 52 33 42 15 54 27 44 17 48 35 24 11 34 9  13 10 14 7  20 8  26 6  32 2  18 1  22 0  28 5  30 3  62 4  16 64 50 31 47 
54 58 56 50 52 48 40 36 38 46 42 44 43 14 22 37 62 61 24 59 18 39 26 55 16 45 20 41 34 49 30 51 28 57 13 47 1  19 10 12 4  63 9  35 7  15 3  31 8  21 64 17 11 25 6  27 2  33 0  23 5  29 32 53 60 
55 59 57 51 53 49 41 37 39 47 43 45 15 42 36 23 60 63 58 25 38 19 54 27 44 17 40 21 48 35 50 31 56 29 46 12 18 1  13 10 62 4  34 9  14 7  30 3  20 8  16 64 24 11 26 6  32 2  22 0  28 5  52 33 61 
35 31 15 12 63 19 23 27 33 17 25 21 11 47 39 6  59 5  45 3  57 2  53 9  55 8  49 0  61 1  41 10 51 7  37 64 50 28 38 22 44 24 58 62 36 13 48 20 60 34 52 26 54 16 42 32 46 14 56 18 40 30 43 4  29 
34 30 14 13 62 18 22 26 32 16 24 20 46 11 6  38 5  58 3  44 2  56 9  52 8  54 0  48 1  60 10 40 7  50 64 36 29 51 23 39 25 45 63 59 12 37 21 49 35 61 27 53 17 55 33 43 15 47 19 57 31 41 4  42 28 
19 12 25 17 29 33 27 35 63 21 31 23 3  45 53 9  51 7  41 10 43 4  61 1  49 0  39 6  57 2  37 64 47 11 55 8  46 14 52 26 40 30 50 28 54 16 38 22 56 18 60 34 48 20 58 62 44 24 42 32 36 13 59 5  15 
18 13 24 16 28 32 26 34 62 20 30 22 44 3  9  52 7  50 10 40 4  42 1  60 0  48 6  38 2  56 64 36 11 46 8  54 15 47 27 53 31 41 29 51 17 55 23 39 19 57 35 61 21 49 63 59 25 45 33 43 12 37 5  58 14 
29 23 17 27 31 15 33 63 25 35 21 19 8  55 43 4  41 10 49 0  47 11 59 5  61 1  57 2  51 7  39 6  37 64 53 9  36 13 42 32 48 20 40 30 52 26 56 18 50 28 58 62 60 34 44 24 54 16 46 14 38 22 45 3  12 
28 22 16 26 30 14 32 62 24 34 20 18 54 8  4  42 10 40 0  48 11 46 5  58 1  60 2  56 7  50 6  38 64 36 9  52 12 37 33 43 21 49 31 41 27 53 19 57 29 51 63 59 35 61 25 45 17 55 15 47 23 39 3  44 13 
23 15 63 25 19 27 17 21 35 31 29 12 5  59 55 8  57 2  51 7  53 9  49 0  41 10 37 64 39 6  47 11 43 4  45 3  42 32 54 16 50 28 56 18 44 24 36 13 38 22 48 20 40 30 60 34 58 62 52 26 46 14 61 1  33 
22 14 62 24 18 26 16 20 34 30 28 13 58 5  8  54 2  56 7  50 9  52 0  48 10 40 64 36 6  38 11 46 4  42 3  44 33 43 17 55 29 51 19 57 25 45 12 37 23 39 21 49 31 41 35 61 63 59 27 53 15 47 1  60 32 
12 33 35 63 23 17 25 31 21 29 19 15 1  61 45 3  39 6  57 2  55 8  41 10 51 7  47 11 37 64 43 4  53 9  59 5  52 26 44 24 56 18 38 22 58 62 46 14 36 13 40 30 50 28 48 20 60 34 54 16 42 32 49 0  27 
13 32 34 62 22 16 24 30 20 28 18 14 60 1  3  44 6  38 2  56 8  54 10 40 7  50 11 46 64 36 4  42 9  52 5  58 27 53 25 45 19 57 23 39 63 59 15 47 12 37 31 41 29 51 21 49 35 61 17 55 33 43 0  48 26 
27 25 29 31 33 35 21 23 19 12 15 17 7  51 49 0  43 4  47 11 61 1  39 6  37 64 55 8  53 9  45 3  59 5  41 10 58 62 48 20 46 14 42 32 40 30 54 16 52 26 38 22 36 13 56 18 50 28 60 34 44 24 57 2  63 
26 24 28 30 32 34 20 22 18 13 14 16 50 7  0  48 4  42 11 46 1  60 6  38 64 36 8  54 9  52 3  44 5  58 10 40 63 59 21 49 15 47 33 43 31 41 17 55 27 53 23 39 12 37 19 57 29 51 35 61 25 45 2  56 62 
15 27 21 35 12 25 63 29 31 19 23 33 0  49 59 5  37 64 39 6  45 3  51 7  57 2  43 4  47 11 53 9  55 8  61 1  54 16 58 62 38 22 36 13 60 34 42 32 46 14 50 28 56 18 40 30 48 20 44 24 52 26 41 10 17 
14 26 20 34 13 24 62 28 30 18 22 32 48 0  5  58 64 36 6  38 3  44 7  50 2  56 4  42 11 46 9  52 8  54 1  60 17 55 63 59 23 39 12 37 35 61 33 43 15 47 29 51 19 57 31 41 21 49 25 45 27 53 10 40 16 
63 21 12 23 25 29 19 33 15 27 17 35 64 37 57 2  45 3  55 8  51 7  43 4  53 9  61 1  59 5  49 0  41 10 39 6  40 30 56 18 54 16 44 24 38 22 60 34 58 62 42 32 52 26 46 14 36 13 50 28 48 20 47 11 31 
62 20 13 22 24 28 18 32 14 26 16 34 36 64 2  56 3  44 8  54 7  50 4  42 9  52 1  60 5  58 0  48 10 40 6  38 31 41 19 57 17 55 25 45 23 39 35 61 63 59 33 43 27 53 15 47 12 37 29 51 21 49 11 46 30 
21 29 33 15 35 23 12 17 27 25 63 31 4  43 37 64 61 1  59 5  39 6  55 8  45 3  41 10 49 0  51 7  57 2  47 11 56 18 36 13 58 62 60 34 46 14 40 30 48 20 54 16 44 24 52 26 42 32 38 22 50 28 53 9  19 
20 28 32 14 34 22 13 16 26 24 62 30 42 4  64 36 1  60 5  58 6  38 8  54 3  44 10 40 0  48 7  50 2  56 11 46 19 57 12 37 63 59 35 61 15 47 31 41 21 49 17 55 25 45 27 53 33 43 23 39 29 51 9  52 18 
17 63 19 29 27 21 31 12 23 15 33 25 2  57 41 10 53 9  43 4  49 0  37 64 47 11 45 3  55 8  59 5  61 1  51 7  60 34 40 30 42 32 52 26 50 28 44 24 54 16 36 13 46 14 38 22 56 18 48 20 58 62 39 6  35 
16 62 18 28 26 20 30 13 22 14 32 24 56 2  10 40 9  52 4  42 0  48 64 36 11 46 3  44 8  54 5  58 1  60 7  50 35 61 31 41 33 43 27 53 29 51 25 45 17 55 12 37 15 47 23 39 19 57 21 49 63 59 6  38 34 
33 17 31 21 15 63 35 19 29 23 12 27 10 41 61 1  47 11 37 64 59 5  57 2  39 6  53 9  43 4  55 8  45 3  49 0  44 24 60 34 36 13 46 14 48 20 52 26 42 32 56 18 38 22 50 28 40 30 58 62 54 16 51 7  25 
32 16 30 20 14 62 34 18 28 22 13 26 40 10 1  60 11 46 64 36 5  58 2  56 6  38 9  52 4  42 8  54 3  44 0  48 25 45 35 61 12 37 15 47 21 49 27 53 33 43 19 57 23 39 29 51 31 41 63 59 17 55 7  50 24 
31 19 27 33 21 12 15 25 17 63 35 29 9  53 47 11 49 0  61 1  37 64 45 3  59 5  51 7  41 10 57 2  39 6  43 4  38 22 46 14 60 34 48 20 42 32 50 28 40 30 44 24 58 62 54 16 52 26 36 13 56 18 55 8  23 
30 18 26 32 20 13 14 24 16 62 34 28 52 9  11 46 0  48 1  60 64 36 3  44 5  58 7  50 10 40 2  56 6  38 4  42 23 39 15 47 35 61 21 49 33 43 29 51 31 41 25 45 63 59 17 55 27 53 12 37 19 57 8  54 22 
25 35 23 19 17 31 29 15 12 33 27 63 6  39 51 7  55 8  53 9  41 10 47 11 43 4  59 5  45 3  61 1  49 0  57 2  48 20 50 28 52 26 54 16 56 18 58 62 44 24 46 14 42 32 36 13 38 22 40 30 60 34 37 64 21 
24 34 22 18 16 30 28 14 13 32 26 62 38 6  7  50 8  54 9  52 10 40 11 46 4  42 5  58 3  44 1  60 0  48 2  56 21 49 29 51 27 53 17 55 19 57 63 59 25 45 15 47 33 43 12 37 23 39 31 41 35 61 64 36 20 
48 50 42 46 60 38 36 54 52 44 58 40 59 24 26 55 28 57 30 51 32 53 34 49 20 41 22 37 18 39 13 47 14 43 16 45 2  33 64 17 5  29 1  19 11 25 10 12 0  23 8  21 3  31 9  35 4  63 6  27 7  15 62 61 56 
49 51 43 47 61 39 37 55 53 45 59 41 25 58 54 27 56 29 50 31 52 33 48 35 40 21 36 23 38 19 46 12 42 15 44 17 32 2  16 64 28 5  18 1  24 11 13 10 22 0  20 8  30 3  34 9  62 4  26 6  14 7  60 63 57 
7  6  8  9  10 11 4  5  3  1  0  2  24 25 27 26 29 28 31 30 33 32 35 34 21 20 23 22 19 18 12 13 15 14 17 16 59 58 49 48 47 46 43 42 41 40 55 54 53 52 39 38 37 36 57 56 51 50 61 60 45 44 63 62 64 
