8  5  2  7  9  0  10 61 6  11 4  3  30 35 24 25 28 31 34 27 29 32 33 64 13 19 21 20 14 17 15 23 16 63 18 22 60 49 53 55 54 51 59 50 52 48 57 56 47 37 45 62 39 36 43 46 41 42 40 38 44 1  58 26 12 
0  7  4  11 1  6  61 8  9  3  5  10 25 31 33 32 26 29 27 35 28 64 30 34 18 23 12 13 16 19 22 15 17 20 21 63 55 51 57 48 58 52 50 49 54 56 60 59 39 42 36 44 46 38 47 62 43 45 41 40 37 2  53 24 14 
3  1  6  2  8  10 7  11 61 4  9  5  26 64 29 24 35 34 25 32 27 33 28 30 22 14 20 15 18 12 17 16 21 23 63 19 58 56 52 53 49 59 55 48 50 57 54 60 40 46 44 47 41 37 38 43 36 62 45 42 39 0  51 31 13 
9  3  7  10 4  1  0  6  2  61 11 8  64 28 25 34 33 26 31 29 24 27 32 35 12 22 16 21 19 15 20 63 23 18 14 13 56 54 55 59 57 58 51 52 53 50 48 49 62 36 40 42 44 41 46 37 39 38 47 43 45 5  60 30 17 
4  8  10 0  11 5  1  2  7  6  61 9  35 33 34 31 32 30 26 24 25 29 27 28 17 13 23 16 22 20 21 18 63 14 19 12 49 57 59 51 48 60 58 53 55 52 50 54 42 41 47 38 45 39 37 36 44 43 62 46 40 3  56 64 15 
6  11 5  3  2  9  8  0  1  10 7  61 32 29 30 64 24 28 35 31 26 34 25 27 21 15 14 18 17 23 63 22 19 13 12 20 48 52 60 56 53 54 49 51 58 59 55 50 46 45 38 37 62 40 39 44 47 36 43 41 42 4  57 33 16 
11 9  0  1  61 3  5  7  10 2  6  4  28 32 31 26 27 64 30 25 34 24 29 33 15 12 63 23 13 21 16 14 18 19 22 17 54 48 51 58 50 56 60 55 59 53 52 57 38 39 62 43 40 44 36 41 45 46 42 37 47 8  49 35 20 
10 2  9  4  0  61 11 3  8  5  1  7  24 34 28 33 31 27 32 64 35 30 26 25 63 16 13 22 21 14 19 17 12 15 20 23 53 59 54 57 51 50 48 56 49 60 58 55 41 62 37 39 43 42 40 47 38 44 36 45 46 6  52 29 18 
1  10 11 61 5  2  6  9  4  8  3  0  34 26 32 27 30 24 29 28 33 35 64 31 14 63 17 12 23 22 13 20 15 21 16 18 59 58 48 50 60 53 52 54 57 49 56 51 44 38 41 45 37 43 62 42 46 40 39 47 36 7  55 25 19 
2  61 3  8  7  4  9  1  5  0  10 6  27 24 64 35 25 33 28 26 30 31 34 29 16 20 19 14 15 63 18 13 22 12 17 21 50 53 56 49 55 57 54 58 60 51 59 52 37 40 43 36 42 47 44 45 62 41 46 39 38 11 48 32 23 
61 4  1  5  6  8  3  10 0  7  2  11 33 27 26 30 29 35 64 34 31 25 24 32 20 17 18 63 12 16 23 19 14 22 13 15 57 50 58 60 52 49 56 59 51 55 53 48 43 44 42 46 47 45 41 39 40 37 38 36 62 9  54 28 21 
5  0  61 6  3  7  2  4  11 9  8  1  31 30 27 29 64 25 24 33 32 28 35 26 19 18 15 17 63 13 12 21 20 16 23 14 51 60 50 52 56 55 53 57 48 54 49 58 45 43 39 40 36 46 42 38 37 47 44 62 41 10 59 34 22 
56 58 52 53 49 59 55 48 50 57 54 60 19 13 16 23 12 18 63 20 21 15 17 22 42 47 36 37 40 43 46 39 41 44 45 62 30 35 24 25 28 31 34 27 29 32 33 64 6  5  11 2  9  3  0  1  8  7  61 10 4  51 26 14 38 
48 54 51 58 50 56 60 55 59 53 52 57 17 20 14 19 21 13 22 63 18 23 16 15 37 43 45 44 38 41 39 47 40 62 42 46 33 27 26 30 29 35 64 34 31 25 24 32 0  4  7  1  6  11 8  9  61 5  10 3  2  49 28 12 36 
57 49 59 51 48 60 58 53 55 52 50 54 12 15 18 14 20 22 19 23 63 16 21 17 46 38 44 39 42 36 41 40 45 47 62 43 28 32 31 26 27 64 30 25 34 24 29 33 10 9  2  0  61 4  3  8  11 1  7  5  6  56 35 13 37 
50 57 58 60 52 49 56 59 51 55 53 48 15 21 19 22 16 12 13 18 14 63 23 20 36 46 40 45 43 39 44 62 47 42 38 37 32 29 30 64 24 28 35 31 26 34 25 27 1  11 10 5  2  61 9  4  6  3  0  8  7  54 33 17 41 
52 48 60 56 53 54 49 51 58 59 55 50 20 16 22 13 23 17 12 14 19 18 63 21 41 37 47 40 46 44 45 42 62 38 43 36 27 24 64 35 25 33 28 26 30 31 34 29 5  61 0  3  7  6  4  11 2  8  1  9  10 57 32 15 39 
59 53 54 57 51 50 48 56 49 60 58 55 23 18 17 15 14 21 20 13 12 22 19 63 45 39 38 42 41 47 62 46 43 37 36 44 25 31 33 32 26 29 27 35 28 64 30 34 9  7  3  4  1  10 6  2  0  11 8  61 5  52 24 16 40 
53 50 56 49 55 57 54 58 60 51 59 52 21 23 13 12 63 15 17 19 22 14 18 16 39 36 62 47 37 45 40 38 42 43 46 41 29 25 35 28 34 32 33 30 64 26 31 24 3  6  1  8  10 2  11 61 7  9  5  4  0  48 27 20 44 
60 51 50 52 56 55 53 57 48 54 49 58 14 22 21 16 13 63 23 15 20 17 12 19 62 40 37 46 45 38 43 41 36 39 44 47 26 64 29 24 35 34 25 32 27 33 28 30 61 1  4  6  8  5  10 0  3  2  11 7  9  59 31 18 42 
49 60 53 55 54 51 59 50 52 48 57 56 22 12 23 63 17 14 18 21 16 20 15 13 38 62 41 36 47 46 37 44 39 45 40 42 64 28 25 34 33 26 31 29 24 27 32 35 2  3  61 7  4  8  1  5  9  10 6  0  11 58 30 19 43 
51 55 57 48 58 52 50 49 54 56 60 59 63 14 15 20 19 16 21 12 17 13 22 18 40 44 43 38 39 62 42 37 46 36 41 45 34 26 32 27 30 24 29 28 33 35 64 31 4  10 8  11 5  0  2  7  1  61 9  6  3  53 25 23 47 
55 52 49 54 59 48 57 60 56 58 51 53 16 63 12 17 18 20 15 22 13 19 14 23 44 41 42 62 36 40 47 43 38 46 37 39 24 34 28 33 31 27 32 64 35 30 26 25 8  2  5  9  0  7  61 6  10 4  3  11 1  50 29 21 45 
54 56 55 59 57 58 51 52 53 50 48 49 13 17 63 18 15 19 14 16 23 21 20 12 43 42 39 41 62 37 36 45 44 40 47 38 35 33 34 31 32 30 26 24 25 29 27 28 7  8  6  10 11 9  5  3  4  0  2  1  61 60 64 22 46 
36 46 47 62 41 38 42 45 40 44 39 37 58 56 52 53 49 59 55 48 50 57 54 60 31 25 28 35 24 30 64 32 33 27 29 34 5  8  2  7  9  0  10 61 6  11 4  3  14 15 63 19 16 20 12 17 21 22 18 13 23 43 1  51 26 
38 62 39 44 43 40 45 36 41 37 46 42 53 59 54 57 51 50 48 56 49 60 58 55 29 32 26 31 33 25 34 64 30 35 28 27 7  0  4  11 1  6  61 8  9  3  5  10 16 22 20 23 17 13 14 19 12 63 21 18 15 47 2  52 24 
43 42 44 45 46 47 40 41 39 36 37 38 55 51 57 48 58 52 50 49 54 56 60 59 24 27 30 26 32 34 31 35 64 28 33 29 10 1  11 61 5  2  6  9  4  8  3  0  23 13 21 63 15 12 19 22 17 18 16 14 20 62 7  53 25 
42 47 41 39 38 45 44 37 36 46 43 62 52 55 49 54 59 48 57 60 56 58 51 53 27 33 31 34 28 24 25 30 26 64 35 32 2  10 9  4  0  61 11 3  8  5  1  7  21 19 15 16 12 22 18 14 13 23 20 63 17 40 6  50 29 
62 40 36 41 42 44 39 46 37 43 38 47 50 53 56 49 55 57 54 58 60 51 59 52 32 28 34 25 35 29 24 26 31 30 64 33 6  7  8  9  10 11 4  5  3  1  0  2  20 14 17 21 13 19 63 18 22 16 15 23 12 45 61 48 27 
45 39 43 46 40 36 37 42 38 62 47 44 54 48 51 58 50 56 60 55 59 53 52 57 35 30 29 27 26 33 32 25 24 34 31 64 4  61 1  5  6  8  3  10 0  7  2  11 12 23 22 17 14 63 21 16 18 15 13 20 19 41 9  49 28 
47 45 37 36 62 39 41 43 46 38 42 40 48 52 60 56 53 54 49 51 58 59 55 50 33 35 25 24 64 27 29 31 34 26 30 28 61 2  3  8  7  4  9  1  5  0  10 6  15 18 12 20 22 14 23 63 19 21 17 16 13 44 11 57 32 
41 37 62 42 39 43 38 40 47 45 44 36 60 49 53 55 54 51 59 50 52 48 57 56 26 34 33 28 25 64 35 27 32 29 24 31 3  9  7  10 4  1  0  6  2  61 11 8  19 20 18 22 23 21 17 15 16 13 14 12 63 46 5  58 30 
37 43 40 47 36 42 62 44 45 39 41 46 51 60 50 52 56 55 53 57 48 54 49 58 34 24 35 64 29 26 30 33 28 32 27 25 1  3  6  2  8  10 7  11 61 4  9  5  18 17 23 14 21 15 13 12 20 19 63 22 16 38 0  59 31 
44 41 38 43 45 37 46 62 42 47 40 39 49 57 59 51 48 60 58 53 55 52 50 54 64 26 27 32 31 28 33 24 29 25 34 30 9  11 0  1  61 3  5  7  10 2  6  4  13 16 19 12 18 23 20 21 63 17 22 15 14 36 8  56 35 
40 44 46 37 47 41 36 38 43 42 62 45 57 50 58 60 52 49 56 59 51 55 53 48 28 64 24 29 30 32 27 34 25 31 26 35 11 6  5  3  2  9  8  0  1  10 7  61 17 63 13 15 19 18 16 23 14 20 12 21 22 39 4  54 33 
46 38 45 40 37 62 47 39 44 41 36 43 59 58 48 50 60 53 52 54 57 49 56 51 25 29 64 30 27 31 26 28 35 33 32 24 0  5  61 6  3  7  2  4  11 9  8  1  63 12 16 18 20 17 22 13 15 14 23 19 21 42 10 55 34 
19 18 20 21 22 23 16 17 15 12 13 14 61 2  3  8  7  4  9  1  5  0  10 6  56 58 50 48 51 54 57 53 52 55 59 60 43 37 40 47 36 42 62 44 45 39 41 46 26 32 34 30 24 27 28 33 29 64 31 35 25 63 38 11 49 
17 13 63 18 15 19 14 16 23 21 20 12 10 1  11 61 5  2  6  9  4  8  3  0  48 54 59 55 49 52 53 58 51 60 56 57 41 44 38 43 45 37 46 62 42 47 40 39 28 25 64 33 26 34 29 24 31 32 35 27 30 22 36 7  50 
12 22 23 63 17 14 18 21 16 20 15 13 7  0  4  11 1  6  61 8  9  3  5  10 57 49 55 53 56 50 52 51 59 58 60 54 36 39 42 38 44 46 43 47 62 40 45 41 35 24 30 28 31 25 27 29 34 33 64 32 26 19 37 2  48 
15 12 18 14 20 22 19 23 63 16 21 17 0  5  61 6  3  7  2  4  11 9  8  1  50 57 51 59 54 53 55 60 58 56 49 48 39 45 43 46 40 36 37 42 38 62 47 44 33 34 35 32 30 31 24 25 26 27 28 29 64 13 41 10 52 
20 17 14 19 21 13 22 63 18 23 16 15 1  3  6  2  8  10 7  11 61 4  9  5  52 48 58 51 57 55 59 56 60 49 54 50 44 40 46 37 47 41 36 38 43 42 62 45 32 31 28 27 64 26 25 34 30 29 33 24 35 12 39 0  53 
23 21 13 12 63 15 17 19 22 14 18 16 8  4  10 0  11 5  1  2  7  6  61 9  59 53 49 56 52 58 60 57 54 48 50 55 47 42 41 39 38 45 44 37 36 46 43 62 24 64 27 25 33 35 26 30 28 34 29 31 32 20 40 3  51 
21 15 19 22 16 12 13 18 14 63 23 20 5  8  2  7  9  0  10 61 6  11 4  3  53 50 60 58 48 59 51 49 56 54 57 52 45 47 37 36 62 39 41 43 46 38 42 40 27 26 33 29 35 30 34 31 64 24 32 25 28 17 44 1  55 
14 63 15 20 19 16 21 12 17 13 22 18 11 6  5  3  2  9  8  0  1  10 7  61 60 51 48 57 59 49 54 52 50 53 55 58 38 46 45 40 37 62 47 39 44 41 36 43 31 33 25 26 29 32 35 28 27 30 34 64 24 23 42 4  56 
22 14 21 16 13 63 23 15 20 17 12 19 6  7  8  9  10 11 4  5  3  1  0  2  49 60 52 50 58 57 48 55 53 59 51 56 46 36 47 62 41 38 42 45 40 44 39 37 30 27 31 64 25 29 33 32 24 35 26 28 34 18 43 61 54 
63 16 12 17 18 20 15 22 13 19 14 23 9  11 0  1  61 3  5  7  10 2  6  4  51 55 54 49 53 60 56 48 57 50 52 59 62 38 39 44 43 40 45 36 41 37 46 42 25 35 29 34 32 28 30 64 33 31 24 26 27 21 47 8  58 
16 20 22 13 23 17 12 14 19 18 63 21 3  9  7  10 4  1  0  6  2  61 11 8  55 52 56 60 50 51 58 54 49 57 48 53 40 62 36 41 42 44 39 46 37 43 38 47 29 30 32 24 28 64 31 26 35 25 27 34 33 15 45 5  59 
13 19 16 23 12 18 63 20 21 15 17 22 2  10 9  4  0  61 11 3  8  5  1  7  54 56 53 52 60 48 50 59 55 51 58 49 37 41 62 42 39 43 38 40 47 45 44 36 64 29 26 35 34 24 32 27 25 28 30 33 31 14 46 6  57 
33 35 34 31 32 30 26 24 25 29 27 28 39 45 43 46 40 36 37 42 38 62 47 44 1  10 4  9  7  3  8  61 11 6  2  0  23 18 17 15 14 21 20 13 12 22 19 63 55 49 52 59 48 54 60 56 57 51 53 58 50 64 16 41 5  
28 64 25 34 33 26 31 29 24 27 32 35 41 44 38 43 45 37 46 62 42 47 40 39 0  7  9  8  2  5  3  11 4  61 6  10 16 63 12 17 18 20 15 22 13 19 14 23 53 56 50 55 57 49 58 60 54 59 52 51 48 30 21 36 1  
30 31 27 29 64 25 24 33 32 28 35 26 46 36 47 62 41 38 42 45 40 44 39 37 2  61 5  1  11 10 0  8  3  9  4  6  15 21 19 22 16 12 13 18 14 63 23 20 48 51 54 50 56 58 55 59 60 52 57 53 49 34 17 43 7  
27 33 26 30 29 35 64 34 31 25 24 32 45 47 37 36 62 39 41 43 46 38 42 40 3  1  61 11 0  9  4  2  6  7  10 5  18 19 20 21 22 23 16 17 15 12 13 14 51 57 55 58 52 48 49 54 50 60 59 56 53 28 63 44 8  
25 29 35 28 34 32 33 30 64 26 31 24 62 38 39 44 43 40 45 36 41 37 46 42 4  8  7  2  3  61 6  0  10 1  5  9  22 12 23 63 17 14 18 21 16 20 15 13 56 52 58 49 59 53 48 50 55 54 60 57 51 27 19 47 11 
32 28 31 26 27 64 30 25 34 24 29 33 44 40 46 37 47 41 36 38 43 42 62 45 5  0  11 4  10 8  9  6  61 2  7  1  63 14 15 20 19 16 21 12 17 13 22 18 59 54 53 51 50 57 56 49 48 58 55 60 52 35 23 39 3  
26 34 32 27 30 24 29 28 33 35 64 31 43 37 40 47 36 42 62 44 45 39 41 46 6  11 1  0  4  7  10 3  5  8  9  61 17 20 14 19 21 13 22 63 18 23 16 15 57 59 49 48 60 51 53 55 58 50 54 52 56 25 12 38 2  
64 26 29 24 35 34 25 32 27 33 28 30 37 41 62 42 39 43 38 40 47 45 44 36 7  6  3  5  61 0  1  9  8  4  11 2  20 16 22 13 23 17 12 14 19 18 63 21 50 58 57 52 49 60 59 51 56 53 48 55 54 31 15 46 10 
29 32 30 64 24 28 35 31 26 34 25 27 40 62 36 41 42 44 39 46 37 43 38 47 8  5  6  61 1  4  11 7  2  10 0  3  14 22 21 16 13 63 23 15 20 17 12 19 58 48 59 60 53 50 54 57 52 56 51 49 55 33 18 45 9  
24 27 64 35 25 33 28 26 30 31 34 29 47 42 41 39 38 45 44 37 36 46 43 62 9  3  2  6  5  11 61 10 7  0  1  8  19 13 16 23 12 18 63 20 21 15 17 22 60 50 51 56 55 52 57 48 53 49 58 54 59 32 14 40 4  
35 30 24 25 28 31 34 27 29 32 33 64 36 39 42 38 44 46 43 47 62 40 45 41 10 2  8  3  6  1  5  4  9  11 61 7  21 23 13 12 63 15 17 19 22 14 18 16 52 60 48 53 54 56 51 58 49 55 50 59 57 26 20 37 0  
34 24 28 33 31 27 32 64 35 30 26 25 42 43 44 45 46 47 40 41 39 36 37 38 11 9  10 7  8  6  2  1  0  5  3  4  13 17 63 18 15 19 14 16 23 21 20 12 49 53 60 54 51 55 50 52 59 57 56 48 58 29 22 62 61 
31 25 33 32 26 29 27 35 28 64 30 34 38 46 45 40 37 62 47 39 44 41 36 43 61 4  0  10 9  2  7  5  1  3  8  11 12 15 18 14 20 22 19 23 63 16 21 17 54 55 56 57 58 59 52 53 51 48 49 50 60 24 13 42 6  
7  6  8  9  10 11 4  5  3  1  0  2  29 25 35 28 34 32 33 30 64 26 31 24 23 21 22 19 20 18 14 12 13 17 15 16 52 55 49 54 59 48 57 60 56 58 51 53 36 47 46 41 38 62 45 40 42 39 37 44 43 61 50 27 63 
18 23 17 15 14 21 20 13 12 22 19 63 4  61 1  5  6  8  3  10 0  7  2  11 58 59 57 54 55 56 49 50 48 52 53 51 42 43 44 45 46 47 40 41 39 36 37 38 34 28 24 31 27 33 64 35 32 26 25 30 29 16 62 9  60 
58 59 48 50 60 53 52 54 57 49 56 51 18 19 20 21 22 23 16 17 15 12 13 14 47 45 46 43 44 42 38 36 37 41 39 40 31 30 27 29 64 25 24 33 32 28 35 26 11 0  9  61 3  1  7  10 5  6  4  2  8  55 34 63 62 
39 36 42 38 44 46 43 47 62 40 45 41 56 54 55 59 57 58 51 52 53 50 48 49 30 31 32 33 34 35 28 29 27 24 25 26 8  4  10 0  11 5  1  2  7  6  61 9  22 21 14 13 63 16 15 20 23 12 19 17 18 37 3  60 64 
