41 23 2  26 35 14 29 59 11 17 38 8  20 32 5  40 51 10 31 45 13 37 54 0  43 48 4  34 57 7  52 62 36 55 61 33 58 63 30 46 60 42 49 64 24 47 22 15 44 28 21 56 19 27 53 25 18 50 16 39 3  1  6  9  12 
0  34 22 43 13 25 37 10 28 31 7  16 40 4  19 47 12 30 56 1  36 50 3  42 44 6  33 53 9  39 61 38 48 63 35 51 60 32 54 64 59 57 62 41 52 27 20 49 18 26 46 24 17 58 15 23 55 21 29 45 11 8  14 2  5  
27 6  33 3  15 42 1  18 36 12 21 30 9  24 39 5  41 55 8  32 49 11 38 58 14 59 52 2  35 46 37 44 64 34 47 62 31 50 61 43 53 63 40 56 26 19 57 17 25 54 23 16 51 29 22 48 20 28 45 60 10 7  13 0  4  
7  31 16 40 4  19 34 0  22 43 13 25 37 10 28 50 3  42 44 6  33 53 9  39 47 12 30 56 1  36 63 35 51 60 32 54 64 59 57 62 41 45 61 38 55 21 29 52 27 20 49 18 26 46 24 17 58 15 23 48 2  14 5  8  11 
38 17 8  20 32 5  23 41 2  26 35 14 29 59 11 37 54 0  43 48 4  34 57 7  40 51 10 31 45 13 55 61 33 58 63 30 46 60 42 49 64 39 52 62 18 50 16 24 47 22 15 44 28 21 56 19 27 53 25 36 9  6  12 1  3  
21 12 30 9  24 39 6  27 33 3  15 42 1  18 36 11 38 58 14 59 52 2  35 46 5  41 55 8  32 49 34 47 62 31 50 61 43 53 63 40 56 60 37 44 20 28 45 26 19 57 17 25 54 23 16 51 29 22 48 64 0  13 4  7  10 
13 43 25 37 10 28 31 7  16 40 4  19 34 0  22 53 9  39 47 12 30 56 1  36 50 3  42 44 6  33 60 32 54 64 59 57 62 41 45 61 38 48 63 35 58 15 23 55 21 29 52 27 20 49 18 26 46 24 17 51 8  5  11 14 2  
35 26 14 29 59 11 17 38 8  20 32 5  23 41 2  34 57 7  40 51 10 31 45 13 37 54 0  43 48 4  58 63 30 46 60 42 49 64 39 52 62 36 55 61 27 53 25 18 50 16 24 47 22 15 44 28 21 56 19 33 1  12 3  6  9  
15 3  42 1  18 36 12 21 30 9  24 39 6  27 33 2  35 46 5  41 55 8  32 49 11 38 58 14 59 52 31 50 61 43 53 63 40 56 60 37 44 64 34 47 29 22 48 20 28 45 26 19 57 17 25 54 23 16 51 62 7  4  10 13 0  
4  40 19 34 0  22 43 13 25 37 10 28 31 7  16 56 1  36 50 3  42 44 6  33 53 9  39 47 12 30 64 59 57 62 41 45 61 38 48 63 35 51 60 32 46 24 17 58 15 23 55 21 29 52 27 20 49 18 26 54 14 11 2  5  8  
32 20 5  23 41 2  26 35 14 29 59 11 17 38 8  31 45 13 37 54 0  43 48 4  34 57 7  40 51 10 46 60 42 49 64 39 52 62 36 55 61 33 58 63 21 56 19 27 53 25 18 50 16 24 47 22 15 44 28 30 6  3  9  12 1  
24 9  39 6  27 33 3  15 42 1  18 36 12 21 30 8  32 49 11 38 58 14 59 52 2  35 46 5  41 55 43 53 63 40 56 60 37 44 64 34 47 62 31 50 23 16 51 29 22 48 20 28 45 26 19 57 17 25 54 61 13 10 0  4  7  
10 37 28 31 7  16 40 4  19 34 0  22 43 13 25 44 6  33 53 9  39 47 12 30 56 1  36 50 3  42 62 41 45 61 38 48 63 35 51 60 32 54 64 59 49 18 26 46 24 17 58 15 23 55 21 29 52 27 20 57 5  2  8  11 14 
59 29 11 17 38 8  20 32 5  23 41 2  26 35 14 43 48 4  34 57 7  40 51 10 31 45 13 37 54 0  49 64 39 52 62 36 55 61 33 58 63 30 46 60 15 44 28 21 56 19 27 53 25 18 50 16 24 47 22 42 12 9  1  3  6  
18 1  36 12 21 30 9  24 39 6  27 33 3  15 42 14 59 52 2  35 46 5  41 55 8  32 49 11 38 58 40 56 60 37 44 64 34 47 62 31 50 61 43 53 17 25 54 23 16 51 29 22 48 20 28 45 26 19 57 63 4  0  7  10 13 
51 21 40 24 57 34 27 48 43 15 54 37 18 45 31 52 16 12 46 28 1  55 25 3  49 22 6  58 19 9  4  39 2  10 36 8  0  33 14 7  30 5  13 42 59 63 44 32 61 56 35 62 53 38 64 50 41 60 47 11 20 23 17 29 26 
19 35 52 59 22 58 38 25 49 32 28 55 41 16 46 13 44 17 0  53 29 4  47 26 7  56 23 10 50 20 6  14 34 12 5  31 3  11 43 9  2  40 1  8  45 36 60 57 39 63 54 42 61 51 30 62 48 33 64 37 27 15 24 21 18 
39 47 17 53 33 20 44 42 23 50 36 26 56 30 29 21 2  51 18 5  45 15 8  54 27 11 48 24 14 57 32 0  9  59 7  1  41 13 6  38 4  12 35 10 62 58 43 64 55 31 60 52 34 63 49 37 61 46 40 3  19 22 16 28 25 
48 27 43 15 54 37 18 45 31 21 51 40 24 57 34 49 22 6  58 19 9  52 16 12 46 28 1  55 25 3  13 42 11 4  39 2  10 36 8  0  33 14 7  30 32 61 56 35 62 53 38 64 50 41 60 47 59 63 44 5  26 29 23 20 17 
25 38 49 32 28 55 41 16 46 35 19 52 59 22 58 7  56 23 10 50 20 13 44 17 0  53 29 4  47 26 1  8  37 6  14 34 12 5  31 3  11 43 9  2  57 39 63 54 42 61 51 30 62 48 33 64 45 36 60 40 18 21 15 27 24 
42 44 23 50 36 26 56 30 29 47 39 17 53 33 20 27 11 48 24 14 57 21 2  51 18 5  45 15 8  54 35 10 3  32 0  9  59 7  1  41 13 6  38 4  64 55 31 60 52 34 63 49 37 61 46 40 62 58 43 12 25 28 22 19 16 
45 18 31 21 51 40 24 57 34 27 48 43 15 54 37 46 28 1  55 25 3  49 22 6  58 19 9  52 16 12 7  30 5  13 42 11 4  39 2  10 36 8  0  33 35 62 53 38 64 50 41 60 47 59 63 44 32 61 56 14 17 20 29 26 23 
16 41 46 35 19 52 59 22 58 38 25 49 32 28 55 0  53 29 4  47 26 7  56 23 10 50 20 13 44 17 9  2  40 1  8  37 6  14 34 12 5  31 3  11 54 42 61 51 30 62 48 33 64 45 36 60 57 39 63 43 24 27 21 18 15 
30 56 29 47 39 17 53 33 20 44 42 23 50 36 26 18 5  45 15 8  54 27 11 48 24 14 57 21 2  51 38 4  12 35 10 3  32 0  9  59 7  1  41 13 60 52 34 63 49 37 61 46 40 62 58 43 64 55 31 6  16 19 28 25 22 
57 24 34 27 48 43 15 54 37 18 45 31 21 51 40 58 19 9  52 16 12 46 28 1  55 25 3  49 22 6  0  33 14 7  30 5  13 42 11 4  39 2  10 36 38 64 50 41 60 47 59 63 44 32 61 56 35 62 53 8  23 26 20 17 29 
22 59 58 38 25 49 32 28 55 41 16 46 35 19 52 10 50 20 13 44 17 0  53 29 4  47 26 7  56 23 3  11 43 9  2  40 1  8  37 6  14 34 12 5  51 30 62 48 33 64 45 36 60 57 39 63 54 42 61 31 15 18 27 24 21 
33 53 20 44 42 23 50 36 26 56 30 29 47 39 17 24 14 57 21 2  51 18 5  45 15 8  54 27 11 48 41 13 6  38 4  12 35 10 3  32 0  9  59 7  63 49 37 61 46 40 62 58 43 64 55 31 60 52 34 1  22 25 19 16 28 
54 15 37 18 45 31 21 51 40 24 57 34 27 48 43 55 25 3  49 22 6  58 19 9  52 16 12 46 28 1  10 36 8  0  33 14 7  30 5  13 42 11 4  39 41 60 47 59 63 44 32 61 56 35 62 53 38 64 50 2  29 17 26 23 20 
28 32 55 41 16 46 35 19 52 59 22 58 38 25 49 4  47 26 7  56 23 10 50 20 13 44 17 0  53 29 12 5  31 3  11 43 9  2  40 1  8  37 6  14 48 33 64 45 36 60 57 39 63 54 42 61 51 30 62 34 21 24 18 15 27 
36 50 26 56 30 29 47 39 17 53 33 20 44 42 23 15 8  54 27 11 48 24 14 57 21 2  51 18 5  45 59 7  1  41 13 6  38 4  12 35 10 3  32 0  61 46 40 62 58 43 64 55 31 60 52 34 63 49 37 9  28 16 25 22 19 
44 51 13 57 50 10 48 56 7  54 47 4  45 53 0  3  63 27 6  62 24 9  60 21 12 61 18 1  64 15 29 31 55 23 43 58 17 40 46 26 37 49 20 34 28 5  39 19 14 42 25 8  30 16 2  33 22 11 36 52 59 38 35 41 32 
46 11 54 8  52 45 5  58 51 2  49 57 14 55 48 28 10 64 25 13 63 22 0  62 19 4  60 16 7  61 56 21 32 44 15 59 47 24 41 50 18 38 53 27 34 29 9  37 20 3  40 26 12 43 17 6  31 23 1  35 36 30 42 33 39 
6  58 56 49 3  47 55 1  53 46 12 44 52 9  50 60 26 2  61 23 5  64 20 8  63 17 11 62 29 14 36 45 28 33 48 22 30 51 16 42 54 25 39 57 4  32 15 13 35 21 7  38 27 0  41 18 10 59 24 19 43 37 34 40 31 
53 45 0  51 44 13 57 50 10 48 56 7  54 47 4  6  62 24 9  60 21 12 61 18 1  64 15 3  63 27 26 37 49 20 34 52 29 31 55 23 43 58 17 40 25 8  30 16 2  33 22 11 36 28 5  39 19 14 42 46 35 59 41 32 38 
55 14 48 11 46 54 8  52 45 5  58 51 2  49 57 25 13 63 22 0  62 19 4  60 16 7  61 28 10 64 50 18 38 53 27 35 56 21 32 44 15 59 47 24 40 26 12 43 17 6  31 23 1  34 29 9  37 20 3  41 42 36 33 39 30 
9  52 50 58 6  56 49 3  47 55 1  53 46 12 44 61 23 5  64 20 8  63 17 11 62 29 14 60 26 2  42 54 25 39 57 19 36 45 28 33 48 22 30 51 7  38 27 0  41 18 10 59 24 4  32 15 13 35 21 16 34 43 40 31 37 
47 54 4  45 53 0  51 44 13 57 50 10 48 56 7  9  60 21 12 61 18 1  64 15 3  63 27 6  62 24 23 43 58 17 40 46 26 37 49 20 34 52 29 31 22 11 36 28 5  39 19 14 42 25 8  30 16 2  33 55 41 35 32 38 59 
49 2  57 14 55 48 11 46 54 8  52 45 5  58 51 22 0  62 19 4  60 16 7  61 28 10 64 25 13 63 44 15 59 47 24 41 50 18 38 53 27 35 56 21 31 23 1  34 29 9  37 20 3  40 26 12 43 17 6  32 33 42 39 30 36 
12 46 44 52 9  50 58 6  56 49 3  47 55 1  53 64 20 8  63 17 11 62 29 14 60 26 2  61 23 5  33 48 22 30 51 16 42 54 25 39 57 19 36 45 10 59 24 4  32 15 13 35 21 7  38 27 0  41 18 28 40 34 31 37 43 
56 48 7  54 47 4  45 53 0  51 44 13 57 50 10 12 61 18 1  64 15 3  63 27 6  62 24 9  60 21 20 34 52 29 31 55 23 43 58 17 40 46 26 37 19 14 42 25 8  30 16 2  33 22 11 36 28 5  39 49 32 41 38 59 35 
58 5  51 2  49 57 14 55 48 11 46 54 8  52 45 19 4  60 16 7  61 28 10 64 25 13 63 22 0  62 53 27 35 56 21 32 44 15 59 47 24 41 50 18 37 20 3  40 26 12 43 17 6  31 23 1  34 29 9  38 39 33 30 36 42 
1  55 53 46 12 44 52 9  50 58 6  56 49 3  47 63 17 11 62 29 14 60 26 2  61 23 5  64 20 8  39 57 19 36 45 28 33 48 22 30 51 16 42 54 13 35 21 7  38 27 0  41 18 10 59 24 4  32 15 25 31 40 37 43 34 
50 57 10 48 56 7  54 47 4  45 53 0  51 44 13 1  64 15 3  63 27 6  62 24 9  60 21 12 61 18 17 40 46 26 37 49 20 34 52 29 31 55 23 43 16 2  33 22 11 36 28 5  39 19 14 42 25 8  30 58 38 32 59 35 41 
52 8  45 5  58 51 2  49 57 14 55 48 11 46 54 16 7  61 28 10 64 25 13 63 22 0  62 19 4  60 47 24 41 50 18 38 53 27 35 56 21 32 44 15 43 17 6  31 23 1  34 29 9  37 20 3  40 26 12 59 30 39 36 42 33 
20 13 60 10 23 62 7  26 63 4  29 64 0  17 61 42 15 40 33 27 31 39 24 37 30 21 43 36 18 34 5  28 53 11 22 56 2  16 44 8  25 47 14 19 6  45 41 1  57 59 9  54 32 3  51 35 12 48 38 50 52 58 46 55 49 
11 64 27 61 8  15 60 5  18 62 2  21 63 14 24 59 37 25 35 43 22 41 34 19 32 40 16 38 31 28 48 6  17 51 12 26 54 3  20 57 9  29 45 1  42 13 46 30 7  58 33 0  55 36 10 52 39 4  49 23 44 50 53 47 56 
63 16 9  19 64 6  22 61 3  25 60 1  28 62 12 23 39 32 20 30 38 17 36 59 29 42 35 26 33 41 27 46 7  21 49 13 15 52 4  24 55 10 18 58 50 31 5  47 34 14 44 37 8  56 40 2  53 43 11 0  51 57 45 54 48 
23 10 62 7  26 63 4  29 64 0  17 61 13 20 60 36 18 34 42 15 40 33 27 31 39 24 37 30 21 43 2  16 44 8  25 47 14 19 50 5  28 53 11 22 3  51 35 12 48 38 6  45 41 1  57 59 9  54 32 56 58 49 52 46 55 
8  61 15 60 5  18 62 2  21 63 14 24 64 11 27 38 31 28 59 37 25 35 43 22 41 34 19 32 40 16 54 3  20 57 9  29 45 1  23 48 6  17 51 12 36 10 52 39 4  49 42 13 46 30 7  58 33 0  55 26 50 56 44 53 47 
64 19 6  22 61 3  25 60 1  28 62 12 16 63 9  26 33 41 23 39 32 20 30 38 17 36 59 29 42 35 15 52 4  24 55 10 18 58 0  27 46 7  21 49 56 40 2  53 43 11 50 31 5  47 34 14 44 37 8  13 57 48 51 45 54 
26 7  63 4  29 64 0  17 61 13 20 60 10 23 62 30 21 43 36 18 34 42 15 40 33 27 31 39 24 37 14 19 50 5  28 53 11 22 56 2  16 44 8  25 1  57 59 9  54 32 3  51 35 12 48 38 6  45 41 47 49 55 58 52 46 
5  60 18 62 2  21 63 14 24 64 11 27 61 8  15 32 40 16 38 31 28 59 37 25 35 43 22 41 34 19 45 1  23 48 6  17 51 12 26 54 3  20 57 9  30 7  58 33 0  55 36 10 52 39 4  49 42 13 46 29 56 47 50 44 53 
61 22 3  25 60 1  28 62 12 16 63 9  19 64 6  29 42 35 26 33 41 23 39 32 20 30 38 17 36 59 18 58 0  27 46 7  21 49 13 15 52 4  24 55 47 34 14 44 37 8  56 40 2  53 43 11 50 31 5  10 48 54 57 51 45 
29 4  64 0  17 61 13 20 60 10 23 62 7  26 63 39 24 37 30 21 43 36 18 34 42 15 40 33 27 31 11 22 56 2  16 44 8  25 47 14 19 50 5  28 12 48 38 6  45 41 1  57 59 9  54 32 3  51 35 53 55 46 49 58 52 
2  62 21 63 14 24 64 11 27 61 8  15 60 5  18 41 34 19 32 40 16 38 31 28 59 37 25 35 43 22 51 12 26 54 3  20 57 9  29 45 1  23 48 6  39 4  49 42 13 46 30 7  58 33 0  55 36 10 52 17 47 53 56 50 44 
60 25 1  28 62 12 16 63 9  19 64 6  22 61 3  17 36 59 29 42 35 26 33 41 23 39 32 20 30 38 21 49 13 15 52 4  24 55 10 18 58 0  27 46 53 43 11 50 31 5  47 34 14 44 37 8  56 40 2  7  54 45 48 57 51 
17 0  61 13 20 60 10 23 62 7  26 63 4  29 64 33 27 31 39 24 37 30 21 43 36 18 34 42 15 40 8  25 47 14 19 50 5  28 53 11 22 56 2  16 9  54 32 3  51 35 12 48 38 6  45 41 1  57 59 44 46 52 55 49 58 
14 63 24 64 11 27 61 8  15 60 5  18 62 2  21 35 43 22 41 34 19 32 40 16 38 31 28 59 37 25 57 9  29 45 1  23 48 6  17 51 12 26 54 3  33 0  55 36 10 52 39 4  49 42 13 46 30 7  58 20 53 44 47 56 50 
62 28 12 16 63 9  19 64 6  22 61 3  25 60 1  20 30 38 17 36 59 29 42 35 26 33 41 23 39 32 24 55 10 18 58 0  27 46 7  21 49 13 15 52 44 37 8  56 40 2  53 43 11 50 31 5  47 34 14 4  45 51 54 48 57 
3  49 47 55 1  53 46 12 44 52 9  50 58 6  56 62 29 14 60 26 2  61 23 5  64 20 8  63 17 11 30 51 16 42 54 25 39 57 19 36 45 28 33 48 0  41 18 10 59 24 4  32 15 13 35 21 7  38 27 22 37 31 43 34 40 
37 39 35 33 31 59 42 40 38 36 34 32 30 43 41 51 49 47 45 58 56 54 52 50 48 46 44 57 55 53 22 20 18 16 29 27 25 23 21 19 17 15 28 26 8  6  4  2  1  13 11 9  7  5  3  0  14 12 10 24 60 62 61 64 63 
34 36 32 30 43 41 39 37 35 33 31 59 42 40 38 54 52 50 48 46 44 57 55 53 51 49 47 45 58 56 16 29 27 25 23 21 19 17 15 28 26 24 22 20 14 12 10 8  6  4  2  1  13 11 9  7  5  3  0  18 64 61 63 62 60 
40 42 38 36 34 32 30 43 41 39 37 35 33 31 59 48 46 44 57 55 53 51 49 47 45 58 56 54 52 50 28 26 24 22 20 18 16 29 27 25 23 21 19 17 2  1  13 11 9  7  5  3  0  14 12 10 8  6  4  15 63 64 62 60 61 
43 30 41 39 37 35 33 31 59 42 40 38 36 34 32 45 58 56 54 52 50 48 46 44 57 55 53 51 49 47 19 17 15 28 26 24 22 20 18 16 29 27 25 23 11 9  7  5  3  0  14 12 10 8  6  4  2  1  13 21 61 60 64 63 62 
31 33 59 42 40 38 36 34 32 30 43 41 39 37 35 57 55 53 51 49 47 45 58 56 54 52 50 48 46 44 25 23 21 19 17 15 28 26 24 22 20 18 16 29 5  3  0  14 12 10 8  6  4  2  1  13 11 9  7  27 62 63 60 61 64 
