0  3  64 1  10 30 50 58 25 44 4  24 37 61 34 19 27 23 39 15 54 43 60 17 11 8  40 16 52 48 5  49 38 36 14 63 33 12 32 18 26 51 46 21 9  56 42 62 29 31 6  41 28 57 20 59 45 53 7  55 22 13 47 35 2  
64 1  3  2  61 25 20 14 43 31 46 38 51 58 7  44 42 50 22 63 6  37 18 48 29 5  30 53 62 24 26 9  40 45 60 39 55 21 11 35 32 59 16 8  15 33 10 57 23 54 17 12 56 27 49 36 52 47 13 41 34 4  28 19 0  
1  0  2  64 44 13 57 26 14 50 27 51 56 5  8  29 52 62 20 60 18 48 25 47 61 22 7  10 39 15 55 40 42 38 36 37 34 35 33 28 31 49 32 45 4  43 53 23 21 41 9  11 16 46 59 30 12 6  63 54 19 24 17 58 3  
2  64 0  3  35 21 10 55 20 19 6  27 23 34 43 30 61 47 31 9  8  5  52 12 32 48 38 11 49 51 15 18 24 37 13 4  62 33 26 44 45 54 56 14 39 40 50 17 25 28 46 29 22 58 41 7  42 60 53 63 57 16 36 59 1  
26 56 54 36 4  64 7  6  15 55 40 41 47 51 17 8  32 14 27 31 63 39 28 45 53 38 0  18 22 57 49 19 16 43 46 62 3  60 25 21 10 11 50 33 59 23 34 12 58 30 42 13 61 24 2  9  1  29 48 44 37 52 35 20 5  
38 44 62 57 7  5  64 4  39 61 24 35 45 17 42 25 29 13 63 43 50 60 33 46 10 15 55 41 51 16 32 58 30 22 48 11 49 52 0  8  53 27 14 19 1  12 23 59 34 36 20 28 37 40 56 26 54 3  31 47 21 9  2  18 6  
37 30 43 48 5  4  6  64 22 46 25 19 50 53 31 52 56 38 42 11 26 47 8  35 34 10 20 59 36 63 1  14 51 55 24 23 28 0  17 58 62 44 18 2  41 57 9  21 3  61 12 32 15 13 60 33 16 45 39 27 54 49 40 29 7  
43 63 32 28 64 6  5  7  18 20 47 44 29 22 19 27 59 51 8  14 9  58 13 33 57 41 42 15 3  12 50 52 2  23 45 38 56 48 35 46 60 25 26 0  11 34 39 10 37 55 30 17 31 61 62 49 36 24 21 16 40 53 54 1  4  
23 55 48 13 50 29 32 54 8  64 11 10 24 3  21 42 39 25 62 30 34 14 51 0  12 17 53 61 40 5  19 35 6  60 20 31 43 44 49 16 28 63 15 36 37 59 57 56 2  38 4  22 58 26 7  1  47 46 52 45 33 27 18 41 9  
60 48 52 33 47 51 29 15 11 9  64 8  55 54 32 7  50 39 35 37 27 59 44 31 36 40 56 20 61 6  45 23 14 3  62 18 24 19 43 17 25 57 58 38 22 30 63 4  1  53 16 5  2  49 13 12 26 41 42 21 0  28 34 46 10 
40 51 55 25 26 63 48 38 9  8  10 64 46 41 61 62 22 20 24 54 17 56 16 52 18 3  4  30 59 33 27 53 58 29 42 47 57 45 7  50 0  13 34 60 49 37 12 35 6  44 39 1  23 31 19 2  21 36 32 28 43 14 15 5  11 
56 34 63 14 39 55 36 23 64 10 9  11 32 16 3  46 13 61 37 28 29 41 53 7  45 50 35 43 19 20 40 62 12 44 1  26 6  18 60 4  30 21 48 27 33 24 15 54 42 57 25 58 59 22 47 5  0  49 51 52 38 17 31 2  8  
6  10 20 59 9  49 0  60 19 4  1  31 12 64 15 14 53 35 56 8  2  42 57 63 30 43 44 33 48 40 24 11 62 27 58 17 45 50 41 52 29 38 21 25 26 36 51 55 28 5  37 46 39 16 61 47 18 22 34 3  7  54 32 23 13 
59 24 17 20 19 62 23 46 34 43 37 30 15 13 64 12 40 2  47 4  3  28 39 6  1  56 57 42 21 58 11 51 52 48 8  53 60 10 54 22 16 45 27 9  50 41 7  18 33 63 44 31 32 35 38 61 25 26 29 0  36 55 5  49 14 
18 19 21 27 28 52 60 63 48 49 33 43 13 12 14 64 46 22 0  1  47 2  17 40 41 51 62 3  4  61 57 54 53 10 39 44 58 42 56 34 23 24 37 11 35 55 16 20 8  9  59 25 5  32 31 45 38 30 36 50 6  29 26 7  15 
53 5  37 54 42 1  24 20 50 27 16 17 64 14 13 15 10 11 21 57 7  18 62 55 6  44 47 9  56 35 41 36 43 59 52 29 31 2  51 45 49 30 4  32 25 39 61 26 63 40 8  38 34 0  3  23 28 19 60 33 58 46 22 48 12 
49 47 9  26 45 8  44 37 5  2  62 40 25 30 58 22 16 64 19 18 60 34 15 32 54 12 3  31 33 39 13 27 23 28 21 51 46 7  61 29 11 56 57 53 6  4  36 1  59 0  52 35 50 43 24 63 41 42 14 48 20 38 10 55 17 
8  33 5  53 22 2  59 57 0  26 44 46 42 62 28 61 19 17 64 16 49 35 4  25 51 23 9  38 14 41 52 34 55 1  31 21 40 43 27 56 36 29 12 37 10 50 11 58 60 20 45 24 30 3  63 32 39 7  47 6  48 15 13 54 18 
34 59 12 50 48 10 55 62 54 40 5  49 2  32 39 38 17 16 18 64 56 51 41 30 63 35 60 58 45 44 23 46 13 42 0  25 53 57 15 14 9  22 33 61 29 28 31 52 4  11 3  21 47 36 8  6  20 37 27 1  26 43 7  24 19 
57 7  41 37 51 59 28 1  24 33 32 36 30 31 63 53 64 18 17 19 38 26 35 34 8  39 21 56 6  50 12 13 10 9  23 22 11 3  20 25 55 2  61 47 48 62 52 43 44 60 29 4  46 15 58 40 27 0  54 5  49 42 45 14 16 
46 26 56 34 33 40 30 27 13 15 49 52 18 8  24 9  35 44 12 45 20 64 23 22 14 58 1  7  37 59 6  39 61 4  3  16 48 28 62 31 5  47 54 63 17 19 0  41 36 10 53 60 11 50 42 57 2  55 25 29 51 32 38 43 21 
7  40 8  60 11 57 49 0  2  36 53 4  17 44 48 51 63 12 38 52 23 21 64 20 59 62 46 29 50 27 33 56 37 30 55 42 9  32 18 41 1  39 35 58 13 54 26 61 14 6  28 15 19 10 45 34 31 5  43 24 3  47 25 16 22 
9  41 36 40 14 31 51 39 32 0  15 42 61 46 4  10 62 28 59 27 21 20 22 64 38 34 29 19 17 26 37 5  8  58 25 56 2  30 24 7  3  1  11 49 60 52 13 63 53 43 55 6  45 48 57 50 35 54 33 18 44 12 16 47 23 
25 9  39 63 16 41 53 44 17 1  57 33 59 35 56 58 4  8  61 29 64 22 21 23 49 0  37 46 47 19 43 48 45 11 50 13 52 26 40 2  38 5  62 30 7  32 27 28 31 24 34 54 36 6  51 60 14 10 15 12 55 18 42 3  20 
45 58 31 39 60 18 52 17 30 21 63 56 19 29 47 34 33 7  5  12 41 9  55 42 24 64 27 26 54 13 8  2  44 16 15 43 59 53 50 3  61 20 23 35 32 0  48 14 46 62 38 57 6  37 28 22 11 51 1  36 4  40 49 10 25 
17 15 34 6  29 44 3  52 23 18 48 54 53 63 55 1  43 0  9  42 37 30 36 8  27 25 64 24 58 4  21 41 46 62 2  40 22 20 57 61 35 31 19 16 5  51 32 50 10 56 47 45 7  12 11 14 49 38 28 60 59 39 33 13 26 
10 6  42 61 40 11 1  32 41 39 0  5  58 48 59 31 38 56 45 46 30 52 49 54 25 24 26 64 60 43 20 15 7  57 44 55 47 51 16 9  4  8  2  29 34 18 19 36 13 22 62 37 21 63 23 35 17 33 12 14 28 3  50 53 27 
31 62 30 43 58 23 17 9  44 7  55 14 39 36 11 20 49 6  48 35 15 54 56 5  64 26 25 27 53 45 2  0  57 52 51 19 13 61 59 12 47 46 60 3  8  29 41 40 18 16 63 34 33 28 21 10 22 32 4  38 42 37 1  50 24 
63 27 23 55 17 9  11 49 46 5  42 6  41 50 22 32 24 4  26 36 25 44 14 2  16 20 18 1  28 64 31 30 15 54 59 52 19 58 48 47 57 12 10 56 21 60 8  39 38 7  13 61 35 62 33 3  43 40 37 34 45 51 53 0  29 
47 13 35 56 38 39 46 40 16 63 14 59 60 1  10 37 8  55 36 34 52 45 43 50 58 57 49 54 31 29 64 28 41 61 19 2  18 15 4  5  7  32 51 22 53 21 6  0  62 26 23 42 20 44 27 17 3  25 24 11 12 33 48 9  30 
32 20 10 41 46 38 26 56 12 58 2  16 8  40 35 54 11 48 43 24 1  62 63 61 19 33 6  55 29 28 30 64 0  25 49 14 50 47 5  53 13 3  45 18 57 42 4  37 17 34 36 59 60 39 15 27 7  44 9  51 52 23 21 22 31 
16 23 61 46 13 33 54 25 45 48 21 32 62 4  60 47 0  43 50 51 55 10 58 1  40 7  36 49 64 30 29 31 11 5  37 59 26 34 42 57 24 52 38 17 63 8  3  15 9  27 18 19 41 56 6  20 53 39 22 35 14 2  12 44 28 
5  21 26 44 23 0  22 42 51 53 54 62 31 47 49 56 45 29 52 58 48 1  6  4  39 60 2  50 43 17 38 12 32 64 35 34 61 40 30 24 37 55 7  28 3  16 59 13 20 14 27 8  18 9  10 41 15 63 19 46 25 36 11 57 33 
51 50 46 19 63 58 18 11 47 37 61 7  52 26 29 49 54 45 6  3  43 25 31 44 28 21 13 39 24 14 62 22 35 33 64 32 41 9  53 27 59 36 55 20 23 17 2  8  57 15 1  0  12 38 16 42 60 48 5  40 56 10 30 4  34 
39 38 22 8  30 56 15 61 3  41 28 60 26 20 18 6  55 37 14 50 13 63 2  29 52 36 12 47 10 23 4  43 33 32 34 64 25 17 1  0  51 9  59 31 58 53 49 27 54 46 19 40 24 45 48 16 5  62 44 42 11 7  57 21 35 
28 54 15 62 36 26 13 10 59 25 7  55 21 6  57 2  60 42 40 56 51 12 27 53 46 9  5  22 0  37 44 45 64 34 33 35 4  29 47 49 18 58 17 48 30 31 24 38 43 39 61 20 63 23 1  11 19 14 41 8  16 50 3  52 32 
41 8  25 35 62 12 19 30 1  59 23 28 5  42 16 26 14 63 44 6  32 24 34 10 21 2  15 60 11 53 7  47 20 51 22 3  36 64 39 38 54 0  13 55 18 49 58 31 61 45 56 33 57 29 40 43 50 52 46 9  27 48 4  17 37 
50 32 29 9  24 14 12 59 27 3  41 57 6  45 5  35 48 31 49 33 58 40 47 51 4  28 54 8  25 2  63 17 1  19 43 15 39 37 64 36 21 10 52 34 61 13 56 22 16 18 0  23 42 60 26 62 46 11 20 7  53 44 55 30 38 
30 60 53 16 57 32 27 47 58 13 35 34 28 9  23 21 3  59 51 62 45 15 50 14 55 29 61 6  12 25 0  44 5  46 11 10 37 36 38 64 56 48 63 54 31 20 33 7  41 52 22 18 49 2  43 24 40 4  8  17 1  26 19 42 39 
14 49 47 32 41 16 62 13 29 56 60 21 33 7  0  48 5  26 34 61 57 11 46 28 44 42 17 52 23 8  51 55 3  12 18 54 64 38 37 39 58 4  25 50 24 63 22 2  15 1  43 30 27 59 35 31 9  20 40 53 10 19 6  45 36 
4  37 24 52 0  50 39 12 57 35 26 13 7  11 38 33 30 54 25 48 53 32 45 56 2  18 10 34 46 60 16 61 21 15 27 9  63 1  14 6  40 64 43 42 55 22 28 51 19 59 5  47 3  20 17 44 23 8  62 49 29 31 58 36 41 
33 18 60 15 21 46 16 31 53 62 45 39 48 37 20 3  6  32 1  49 14 4  59 27 47 52 63 23 38 55 54 7  17 0  57 61 51 13 28 11 43 41 64 40 56 10 5  24 12 19 58 36 25 8  30 29 44 34 50 22 2  35 9  26 42 
20 57 7  29 8  37 33 2  4  30 59 53 35 60 52 50 47 21 55 39 0  17 48 49 62 61 32 36 34 3  9  63 26 6  28 12 27 5  44 19 41 40 42 64 38 58 54 16 22 23 15 56 14 11 46 18 51 1  45 10 13 25 24 31 43 
58 36 57 11 20 47 45 21 55 54 39 3  16 38 27 28 12 34 23 59 4  7  26 18 48 53 22 14 15 49 61 37 56 63 17 46 1  31 13 10 64 42 41 43 52 6  35 5  24 29 60 62 44 25 9  8  32 2  0  19 50 30 51 33 40 
22 25 59 24 54 15 56 33 61 60 20 23 34 28 30 5  41 49 53 40 10 50 0  11 3  1  58 37 13 36 14 42 39 7  12 57 29 27 63 32 19 16 31 51 44 64 47 46 55 17 21 43 62 18 4  48 6  35 26 2  9  8  52 38 45 
11 17 6  22 32 36 2  53 35 42 13 0  49 10 25 63 23 1  60 38 62 27 3  16 56 14 28 21 26 54 58 59 4  50 61 8  5  41 19 48 52 37 9  57 47 45 64 44 39 12 33 55 40 7  29 51 24 43 30 31 18 34 20 15 46 
54 12 38 18 49 27 63 22 40 29 51 61 1  39 36 17 58 15 3  21 42 19 7  41 43 59 52 5  57 9  34 50 60 53 30 48 14 55 2  13 8  23 20 24 45 44 46 64 35 4  31 10 26 33 0  37 62 28 16 25 32 11 56 6  47 
48 42 28 58 55 19 61 35 60 12 38 25 9  52 41 36 57 53 32 5  24 49 30 39 20 11 31 51 2  62 22 26 18 56 40 7  15 63 10 23 34 14 1  59 64 46 45 47 0  21 54 27 13 17 50 4  33 16 3  43 8  6  29 37 44 
62 31 14 10 27 54 25 16 21 23 3  22 38 57 2  45 7  52 58 55 61 8  11 9  35 6  33 4  41 47 60 1  36 26 56 24 32 59 12 63 44 28 53 46 40 15 43 29 48 64 51 50 17 42 5  19 34 13 18 37 30 20 0  39 49 
27 35 19 7  34 45 47 3  52 32 17 37 36 25 53 59 31 10 57 2  44 61 29 62 42 13 43 0  55 22 46 16 9  40 4  1  12 11 58 54 33 60 24 26 20 5  30 6  51 49 64 48 8  14 39 28 63 18 38 15 41 21 23 56 50 
12 45 16 31 15 53 37 36 42 52 43 47 0  21 26 4  2  33 46 23 40 13 24 19 22 54 14 57 44 34 56 3  63 17 29 41 7  6  55 60 20 35 8  10 28 1  18 11 49 48 50 64 9  5  25 38 30 27 61 62 39 58 59 32 51 
36 46 58 42 31 61 8  24 6  28 12 63 10 19 45 18 20 57 15 13 16 38 32 26 7  55 23 40 9  56 53 4  22 41 47 60 0  54 21 59 27 33 3  52 62 14 1  34 64 50 49 51 43 30 37 25 29 17 2  39 35 5  44 11 48 
35 4  50 45 1  42 34 41 38 16 36 29 27 18 37 24 9  60 13 26 59 46 40 57 15 31 19 12 63 11 48 25 47 39 6  0  10 14 8  33 22 7  5  62 51 3  21 32 30 58 2  44 52 64 55 54 61 23 49 20 17 56 43 28 53 
19 28 33 47 37 20 35 34 63 14 56 48 43 23 9  57 25 58 29 0  5  31 42 13 60 16 41 62 1  18 59 21 49 2  7  6  44 4  46 51 50 26 22 12 36 61 38 3  11 32 40 39 55 53 64 52 10 15 17 30 24 45 27 8  54 
42 39 44 30 59 34 14 18 62 38 58 50 22 43 6  41 28 36 7  32 46 29 12 37 33 47 51 45 16 21 3  60 19 24 5  49 17 23 9  1  63 15 0  13 2  27 20 25 56 35 11 26 53 52 54 64 48 61 10 4  31 57 8  40 55 
13 43 27 49 12 35 42 28 36 47 30 26 4  0  51 60 21 41 33 44 39 16 38 58 50 45 11 2  7  32 10 57 29 18 63 5  8  56 22 20 48 17 6  1  19 25 62 9  40 3  24 14 64 54 53 55 37 31 23 61 15 59 46 34 52 
24 61 18 51 52 48 41 50 33 17 31 45 20 49 40 43 44 9  2  22 12 53 19 38 0  63 39 35 32 42 36 10 28 8  54 27 30 62 23 26 14 6  29 15 16 11 55 60 5  13 7  3  4  21 34 46 56 64 59 58 47 1  37 25 57 
15 16 45 21 25 60 43 51 28 34 52 18 54 33 44 0  1  24 11 53 31 3  61 36 17 4  48 63 8  38 35 20 50 13 9  30 23 49 29 55 46 62 47 6  14 2  40 42 26 37 32 7  10 19 12 39 59 57 64 56 5  22 41 27 58 
21 29 11 17 18 22 40 43 49 45 19 2  44 24 46 55 36 3  4  10 28 0  5  60 13 37 34 48 20 1  42 33 54 31 26 50 16 25 52 62 6  61 30 7  12 9  14 53 27 8  35 63 38 47 32 15 57 56 58 64 23 41 39 51 59 
61 22 4  23 2  43 38 48 31 24 34 20 63 55 62 40 37 27 41 47 11 36 1  3  9  32 50 17 42 52 39 8  25 49 10 45 21 16 6  30 15 18 28 5  54 35 60 19 7  33 26 53 29 51 44 13 64 58 57 59 46 0  14 12 56 
44 11 49 5  53 3  31 29 56 22 50 1  40 27 54 23 51 30 28 41 35 57 9  15 37 46 45 13 18 7  17 6  59 47 38 20 42 24 34 43 12 19 36 39 0  26 25 33 52 2  10 16 48 4  14 58 8  21 55 32 60 64 63 62 61 
55 52 40 38 56 28 21 45 37 51 29 15 57 59 33 11 26 46 30 25 36 6  54 43 31 19 16 44 5  10 18 24 48 14 53 58 20 8  3  42 2  50 39 23 27 7  17 49 32 47 41 9  1  34 22 0  4  12 35 13 63 61 64 60 62 
29 53 13 4  3  17 58 8  7  57 22 12 11 2  50 16 15 5  54 20 19 33 10 24 23 30 59 28 27 0  25 32 31 21 41 36 35 46 45 40 39 34 49 44 43 38 37 48 47 42 14 52 51 1  18 56 55 9  6  26 61 60 62 64 63 
52 14 51 12 43 24 9  19 26 6  18 58 3  56 1  39 34 40 10 7  33 55 37 59 5  49 8  32 35 46 47 38 27 20 16 28 54 22 31 15 17 53 44 4  42 48 29 30 45 25 57 2  0  41 36 21 13 50 11 23 64 62 61 63 60 
3  2  1  0  6  7  4  5  10 11 8  9  14 15 12 13 18 19 16 17 22 23 20 21 26 27 24 25 30 31 28 29 34 35 32 33 38 39 36 37 42 43 40 41 46 47 44 45 50 51 48 49 54 55 52 53 58 59 56 57 62 63 60 61 64 
