0  3  64 1  16 45 9  58 41 6  31 50 28 19 46 27 4  57 62 13 38 24 29 25 21 23 63 15 12 22 60 10 44 36 47 51 33 43 20 56 52 8  53 37 32 5  14 34 55 59 11 35 40 42 61 48 39 17 7  49 30 54 18 26 2  
64 1  3  2  17 54 32 57 46 53 51 63 16 42 40 28 12 4  26 49 55 47 50 35 58 39 18 56 15 61 59 36 6  44 45 23 31 62 41 25 14 38 13 52 33 34 8  21 60 19 22 10 43 9  5  20 27 7  24 30 48 29 37 11 0  
1  0  2  64 59 43 14 52 42 19 18 34 36 44 6  24 20 63 10 9  16 51 48 54 15 29 56 37 50 25 57 41 46 45 11 47 12 27 40 60 38 31 8  5  13 33 32 35 22 62 28 21 7  58 23 61 26 30 53 4  39 55 49 17 3  
2  64 0  3  63 40 28 38 29 24 48 43 26 41 53 17 37 15 60 56 25 54 62 31 9  20 12 32 6  8  55 23 27 46 44 45 50 16 7  42 5  13 39 11 34 35 33 52 10 57 36 58 47 14 21 30 19 49 51 61 18 59 22 4  1  
52 41 15 27 4  64 7  6  47 33 53 49 30 34 48 2  40 38 37 29 58 60 51 26 59 62 23 3  36 19 12 50 63 9  13 44 28 18 17 57 16 1  55 45 35 43 54 8  14 11 31 22 0  10 46 42 61 39 20 24 21 56 25 32 5  
17 62 51 30 7  5  64 4  50 13 36 56 31 9  23 60 63 0  27 35 61 43 58 14 39 41 42 18 47 33 3  12 59 29 53 19 10 54 46 24 55 25 26 21 48 57 38 28 44 52 8  2  49 34 37 40 11 45 22 32 15 20 1  16 6  
29 21 49 42 5  4  6  64 57 22 25 46 48 35 62 37 53 56 38 54 34 1  9  41 33 10 52 61 39 0  43 45 47 24 20 13 59 15 18 28 44 23 3  30 40 31 11 32 12 2  60 63 26 16 19 58 17 8  55 36 50 27 14 51 7  
50 18 39 45 64 6  5  7  32 17 33 58 51 49 47 43 41 9  1  23 29 55 42 19 30 46 57 40 56 20 24 62 8  10 36 38 34 61 35 2  27 16 22 15 59 3  25 14 54 13 0  12 60 63 48 21 28 26 11 44 52 37 31 53 4  
21 60 36 17 37 53 27 31 8  64 11 10 42 56 33 29 54 3  47 28 52 0  43 40 41 51 58 6  19 15 63 7  62 14 50 39 2  4  44 35 23 24 12 22 38 59 48 18 46 55 34 25 20 5  16 49 13 61 26 45 1  57 32 30 9  
22 39 38 34 23 32 29 12 11 9  64 8  7  59 63 62 50 51 61 40 49 30 0  4  44 53 33 43 57 6  21 60 5  26 3  58 41 46 2  1  19 36 45 27 24 42 37 55 52 20 16 17 48 25 56 47 54 28 35 13 31 18 15 14 10 
19 20 46 61 60 22 44 16 9  8  10 64 24 31 30 23 7  28 32 0  1  53 5  15 12 40 39 62 17 37 14 13 18 41 52 43 58 29 47 26 25 33 57 35 6  50 2  38 59 56 45 55 34 21 63 51 49 42 36 48 4  3  27 54 11 
7  13 30 60 36 33 23 0  64 10 9  11 39 1  31 47 38 61 43 48 37 25 55 6  54 21 51 59 49 56 2  14 45 5  57 53 4  20 16 12 62 46 63 18 52 32 41 15 19 28 58 26 44 35 24 22 29 34 50 27 3  17 40 42 8  
37 35 8  54 56 46 20 17 2  51 45 40 12 64 15 14 23 7  25 22 6  26 19 16 50 18 21 29 43 27 61 38 52 47 48 1  42 0  31 62 11 44 36 28 41 10 5  33 34 58 24 9  32 57 3  63 4  53 49 60 59 30 39 55 13 
10 63 37 58 25 59 52 30 43 32 0  42 15 13 64 12 46 54 50 31 47 29 56 38 49 4  35 44 45 21 7  19 9  39 62 26 61 2  23 33 57 51 11 8  27 28 16 20 53 24 18 41 6  48 17 60 22 40 3  5  55 36 34 1  14 
51 29 62 56 45 27 49 22 20 36 39 54 13 12 14 64 58 25 23 53 8  34 7  18 31 17 30 5  38 1  26 24 55 52 21 46 9  59 28 10 61 63 47 48 60 4  35 42 43 6  57 0  33 19 11 32 3  50 16 37 44 40 2  41 15 
38 44 59 8  24 35 55 34 3  16 57 51 64 14 13 15 9  29 31 60 27 63 25 42 4  22 47 20 33 17 41 18 54 28 7  5  43 58 0  48 49 30 23 36 1  61 53 26 39 40 62 11 56 46 32 6  52 10 37 2  19 45 50 21 12 
40 23 26 49 52 28 43 33 51 62 41 22 35 36 60 50 16 64 19 18 56 39 11 1  32 54 2  45 5  48 53 34 24 7  31 12 13 57 55 21 0  10 59 6  58 27 61 63 29 3  15 8  4  30 25 38 20 37 44 42 14 46 9  47 17 
45 38 48 29 41 57 50 51 15 12 27 44 9  39 59 8  19 17 64 16 35 31 63 43 53 37 34 10 62 3  42 21 49 54 26 20 47 25 1  13 58 4  30 23 11 0  55 36 2  32 6  7  61 24 33 46 60 5  40 14 56 52 28 22 18 
42 57 32 11 8  14 24 26 4  35 46 3  55 21 5  39 17 16 18 64 41 13 44 27 6  63 7  23 59 50 36 48 2  38 40 9  30 47 33 15 34 20 0  60 22 52 10 37 31 54 29 56 45 62 49 12 51 1  61 28 43 58 53 25 19 
31 34 40 14 55 15 59 37 26 38 13 25 52 10 3  5  64 18 17 19 44 48 32 61 57 11 8  51 58 42 33 0  22 30 1  60 54 7  9  50 2  47 29 62 20 49 63 41 21 45 39 27 12 56 36 4  53 24 28 6  35 23 43 46 16 
15 51 56 50 54 24 48 53 33 60 55 32 34 57 52 0  26 30 59 43 20 64 23 22 5  36 16 38 41 63 17 49 11 8  12 42 25 45 27 61 47 28 35 19 62 37 58 40 6  31 3  1  14 7  4  10 2  13 46 18 9  39 44 29 21 
41 32 5  12 10 2  47 59 24 46 4  19 3  50 28 52 45 40 29 11 23 21 64 20 8  48 54 39 14 18 37 58 1  49 38 57 62 30 34 27 17 0  61 51 55 16 9  6  25 33 13 43 15 60 26 44 63 35 31 7  53 42 36 56 22 
6  30 17 46 57 36 0  47 13 29 58 38 32 8  42 45 55 2  49 52 21 20 22 64 40 61 53 60 35 9  1  37 12 62 41 28 5  31 11 51 24 34 14 56 54 15 3  7  63 18 59 39 19 26 44 16 43 4  10 50 27 25 33 48 23 
30 12 50 52 33 18 46 61 59 26 42 41 1  48 27 57 35 32 5  37 64 22 21 23 55 60 9  14 54 51 0  47 17 4  39 16 44 19 53 34 45 11 10 49 36 40 6  31 13 43 2  29 3  38 28 24 62 15 63 8  25 7  56 58 20 
8  43 4  44 2  61 38 13 0  34 50 14 45 7  11 59 29 36 33 46 39 41 35 56 24 64 27 26 40 16 49 54 48 18 9  22 17 51 6  20 28 21 60 1  3  12 19 53 32 30 10 37 58 47 31 62 23 63 52 15 42 5  55 57 25 
60 9  47 36 34 52 40 28 16 1  44 48 63 62 37 61 8  59 55 21 50 19 45 30 27 25 64 24 7  35 23 57 38 43 4  29 3  14 32 53 6  49 58 33 10 22 56 2  11 41 20 54 5  39 51 18 46 31 42 17 0  15 13 12 26 
49 7  20 21 9  48 13 1  28 4  14 15 54 6  10 11 56 46 57 58 2  3  31 33 25 24 26 64 8  45 39 22 40 23 55 52 60 53 43 30 32 62 44 38 42 29 17 51 5  0  61 47 35 37 12 34 16 18 19 63 36 50 41 59 27 
20 36 13 63 32 23 57 48 61 47 28 53 58 2  18 38 21 62 14 33 0  16 41 5  64 26 25 27 10 49 51 56 4  19 60 59 1  44 15 45 54 22 46 55 37 39 42 9  7  29 52 30 50 11 40 43 31 6  12 35 34 8  17 3  24 
43 33 23 39 11 63 42 46 58 52 62 4  37 55 34 44 47 27 20 26 18 38 24 2  22 56 19 17 28 64 31 30 61 1  14 40 49 12 21 3  35 59 6  0  15 60 7  16 57 36 54 53 9  51 50 13 25 48 8  41 45 32 10 5  29 
9  40 35 15 42 11 22 63 17 0  52 5  49 18 61 3  32 8  13 55 53 50 6  36 48 47 62 58 31 29 64 28 16 56 37 2  23 34 57 43 1  45 4  39 51 41 59 25 24 12 21 44 10 20 60 19 33 38 27 46 54 14 26 7  30 
25 50 34 40 61 55 16 49 38 37 26 57 56 24 39 54 6  35 52 27 42 46 59 60 13 0  10 19 29 28 30 64 41 51 2  17 45 9  8  14 3  32 20 53 63 36 21 58 62 7  1  33 18 43 15 5  12 11 47 22 23 4  48 44 31 
13 27 55 47 44 38 51 32 62 20 19 24 46 0  54 48 42 58 39 10 9  40 53 52 11 33 37 1  64 30 29 31 7  25 59 50 56 26 5  18 21 61 16 57 4  63 12 3  15 60 35 6  23 22 14 2  36 43 17 34 49 41 8  45 28 
56 47 10 4  3  13 21 62 31 59 2  37 19 5  50 30 48 43 46 12 45 6  52 49 29 42 36 63 53 24 15 8  32 64 35 34 26 11 58 44 60 54 25 17 39 20 18 1  16 23 14 61 22 28 41 57 0  55 38 9  40 51 7  27 33 
48 15 53 22 26 56 18 41 52 23 16 29 60 17 20 1  10 13 6  51 14 61 3  9  38 57 4  30 44 11 27 43 35 33 64 32 55 40 24 54 37 7  49 31 28 58 62 59 0  42 63 19 8  2  39 36 5  25 45 47 12 21 46 50 34 
54 49 57 24 62 8  12 43 5  44 29 30 6  25 38 36 59 55 51 45 48 28 27 63 3  13 46 22 21 10 11 42 33 32 34 64 15 52 14 58 56 60 31 7  9  19 26 61 20 1  53 18 37 50 0  17 40 2  39 16 41 47 4  23 35 
14 16 25 7  31 60 26 3  49 61 63 27 23 52 0  19 1  42 58 15 30 62 40 12 28 2  6  11 24 47 20 4  64 34 33 35 57 41 45 55 22 37 17 54 50 38 51 29 56 8  44 46 13 59 43 39 48 36 18 53 5  9  21 10 32 
55 56 42 20 49 58 19 15 12 63 22 28 8  46 41 7  61 53 45 6  3  35 10 51 47 50 40 31 11 44 52 27 60 48 43 21 36 64 39 38 26 14 2  34 29 18 13 24 33 4  25 23 30 17 59 0  1  62 5  54 32 16 57 9  37 
28 5  44 57 47 1  58 23 18 21 34 45 43 27 17 55 49 14 8  61 32 9  26 7  42 59 22 13 0  52 46 53 20 50 10 56 39 37 64 36 63 48 24 12 2  11 30 4  41 16 33 60 29 31 62 15 35 3  6  25 51 19 54 40 38 
27 4  19 35 1  12 33 45 63 40 49 55 5  53 21 20 22 41 24 2  15 14 16 48 18 58 61 0  34 54 44 46 42 6  28 3  37 36 38 64 9  17 32 50 30 7  31 56 23 10 43 59 62 13 29 11 47 60 25 51 57 26 52 8  39 
32 53 52 6  22 20 3  60 55 25 30 62 40 54 26 31 27 33 48 41 5  45 4  58 61 9  14 16 42 59 10 15 0  17 63 49 64 38 37 39 12 19 28 46 56 21 43 50 18 35 47 57 2  1  13 8  44 51 23 29 7  24 11 34 36 
4  61 9  55 0  30 10 54 45 2  6  39 62 20 29 53 52 31 56 38 13 58 28 59 35 44 60 48 22 14 5  17 36 63 51 24 32 50 19 11 40 64 43 42 25 8  49 57 27 46 37 34 16 15 7  3  18 47 21 23 26 1  12 33 41 
24 17 61 51 38 49 11 10 21 14 7  6  53 58 9  32 33 1  28 50 59 8  60 46 0  52 29 34 18 26 54 55 15 16 27 48 63 56 4  47 43 41 64 40 57 62 23 39 35 5  19 3  25 12 30 31 37 44 13 20 22 2  45 36 42 
62 11 12 28 19 44 39 14 36 54 15 1  2  63 7  10 34 20 53 4  17 33 47 57 51 38 48 52 3  55 35 59 58 21 16 30 8  60 25 6  41 40 42 64 5  56 50 22 26 61 46 24 27 18 9  29 45 23 32 31 37 49 0  13 43 
12 58 21 18 14 51 53 36 56 55 54 60 0  22 4  34 30 49 3  44 62 2  13 32 52 31 50 47 37 46 16 25 23 57 15 63 7  28 61 59 64 42 41 43 19 48 29 27 45 17 26 5  24 6  10 9  8  33 1  39 11 38 20 35 40 
39 28 27 9  50 26 25 21 30 3  40 61 57 37 16 33 14 52 54 62 43 7  49 29 34 6  5  2  1  23 8  35 56 15 24 31 51 13 63 0  10 53 48 20 44 64 47 46 42 22 4  36 17 41 18 59 32 12 60 55 58 11 19 38 45 
57 19 58 38 48 17 63 35 23 56 24 20 50 60 43 25 39 5  30 1  11 27 61 8  10 15 41 21 55 62 18 51 37 53 49 7  52 32 3  16 59 26 54 14 47 45 64 44 4  34 12 31 36 33 42 28 9  0  2  40 13 22 29 6  46 
35 48 18 62 20 31 41 56 60 30 32 23 38 61 51 40 36 34 2  57 4  37 33 11 63 28 55 50 25 39 9  5  10 22 17 0  16 21 12 29 15 6  52 59 45 44 46 64 1  53 27 14 42 49 58 26 7  19 54 43 8  13 3  24 47 
61 6  29 23 18 16 1  42 37 43 56 26 59 40 22 51 5  24 4  39 57 32 14 3  17 35 11 55 63 2  62 52 21 60 54 25 53 8  49 19 13 50 7  9  64 46 45 47 58 38 41 15 31 36 34 27 10 20 48 12 33 0  30 28 44 
36 8  63 59 43 42 34 40 1  28 61 21 20 38 45 18 24 22 15 25 12 11 17 53 16 19 44 54 9  32 47 39 29 55 6  37 0  35 13 31 7  56 5  4  26 14 60 30 48 64 51 50 57 23 27 33 41 52 62 3  46 10 58 2  49 
63 45 14 37 28 25 62 24 39 31 47 36 27 30 2  46 57 23 44 34 60 42 54 17 7  5  59 12 4  58 13 9  43 61 19 55 11 3  56 8  53 52 21 32 18 1  15 10 51 49 64 48 41 40 22 35 38 16 29 26 20 33 6  0  50 
58 59 54 25 35 34 56 11 53 15 12 7  10 29 55 9  62 60 21 47 36 18 30 28 45 3  38 42 23 13 22 44 57 40 5  4  20 63 26 41 33 39 27 61 31 24 52 19 49 48 50 64 46 8  2  14 6  32 0  1  17 43 16 37 51 
46 55 43 13 39 21 45 9  54 7  20 47 17 3  35 26 25 12 40 30 10 5  57 44 60 16 15 33 32 36 19 63 28 27 56 14 29 42 62 4  18 58 37 2  23 6  0  11 64 50 49 51 59 61 8  1  34 22 41 52 24 53 38 31 48 
16 24 60 31 40 41 35 39 14 57 37 17 22 26 8  63 0  11 36 32 33 56 12 47 1  49 13 46 48 34 45 3  19 20 29 6  18 10 51 7  4  5  50 58 61 30 27 23 28 25 42 38 52 64 55 54 21 9  43 62 2  44 59 15 53 
18 25 45 19 21 50 30 29 34 39 60 59 44 23 56 49 43 47 0  3  63 4  37 13 36 1  31 35 61 7  6  26 51 58 8  27 24 22 48 9  46 57 62 16 12 2  40 17 38 15 5  32 55 53 64 52 14 41 33 11 10 28 42 20 54 
47 37 28 26 58 62 36 27 25 45 35 31 21 33 24 41 51 39 22 59 46 12 18 50 14 8  3  7  2  57 32 11 30 13 61 10 6  1  60 17 48 15 56 63 49 9  20 0  40 44 23 16 53 52 54 64 42 29 4  19 38 34 5  43 55 
33 10 41 5  29 3  37 44 35 27 1  16 25 45 57 58 11 26 63 42 51 59 38 62 56 12 17 9  60 4  40 61 50 0  46 8  48 6  22 49 30 2  19 47 7  13 34 43 36 39 32 20 64 54 53 55 24 14 15 21 28 31 23 18 52 
44 31 16 53 30 29 60 25 22 42 38 33 61 43 19 21 2  50 34 14 26 15 8  55 62 7  20 36 46 5  4  1  39 11 18 41 27 48 10 32 51 35 9  13 0  54 28 49 37 47 17 40 63 3  45 23 56 64 59 58 6  12 24 52 57 
5  26 11 16 51 0  61 18 27 48 23 2  41 47 32 42 3  45 7  63 40 36 39 10 46 43 1  8  52 60 34 33 14 31 30 62 21 49 54 22 20 12 15 25 53 17 24 13 9  37 55 4  28 44 38 50 59 57 64 56 29 6  35 19 58 
11 52 33 41 46 10 15 50 19 18 5  0  29 51 44 6  60 21 9  8  54 17 36 34 43 32 28 49 26 12 48 40 25 2  23 61 22 55 42 63 31 3  38 24 14 53 4  62 30 27 7  13 1  45 20 37 57 56 58 64 16 35 47 39 59 
26 22 24 10 15 9  54 55 40 5  3  35 33 32 25 4  31 37 41 36 28 44 1  45 2  14 0  53 20 43 50 16 13 12 42 11 19 17 52 46 8  18 34 29 21 23 39 60 61 63 30 62 38 27 6  7  64 58 57 59 47 48 51 49 56 
23 46 7  43 53 19 17 2  48 49 21 18 47 28 58 35 44 6  11 5  31 10 34 0  37 30 32 41 13 38 25 20 26 59 22 15 40 24 29 52 36 27 51 3  16 55 1  12 8  9  56 42 39 4  57 45 50 54 14 33 60 64 63 62 61 
34 14 31 48 12 39 8  19 6  58 59 52 4  16 1  22 13 44 35 7  24 49 15 37 20 45 43 57 51 40 56 2  53 42 0  18 46 23 50 5  29 55 33 26 17 25 36 54 3  21 38 28 11 32 47 41 30 27 9  10 63 61 64 60 62 
53 54 6  33 13 37 2  8  7  50 17 12 11 4  49 16 15 10 42 20 19 57 46 24 23 34 45 28 27 41 58 32 31 3  25 36 35 5  59 40 39 29 18 44 43 26 22 48 47 14 9  52 51 0  1  56 55 21 30 38 61 60 62 64 63 
59 42 22 32 27 47 31 20 44 41 43 13 18 11 36 56 28 48 12 24 7  52 2  39 19 55 49 4  16 53 38 6  3  37 58 54 14 33 30 23 50 9  1  10 8  51 57 5  17 26 40 45 21 29 35 25 15 46 34 0  64 62 61 63 60 
3  2  1  0  6  7  4  5  10 11 8  9  14 15 12 13 18 19 16 17 22 23 20 21 26 27 24 25 30 31 28 29 34 35 32 33 38 39 36 37 42 43 40 41 46 47 44 45 50 51 48 49 54 55 52 53 58 59 56 57 62 63 60 61 64 
