00 82 63 51 58 80 75 12 31 22 47 79 02 67 77 06 50 65 33 16 62 66 55 37 72 70 35 08 49 59 81 73 36 39 71 11 48 24 30 01 23 42 53 07 64 26 05 60 41 20 74 78 43 40 68 21 61 17 45 15 19 38 52 27 29 10 34 18 44 04 28 32 57 09 03 56 54 69 14 76 13 46 25 
24 01 82 60 48 55 77 72 13 32 23 44 76 03 64 74 07 47 62 34 17 59 63 52 38 69 67 36 09 46 56 78 70 37 40 68 12 45 25 31 02 61 27 06 57 79 21 71 75 81 00 65 22 58 18 42 16 20 39 49 28 30 11 35 19 41 05 29 33 54 10 04 53 51 66 15 73 14 43 80 50 08 26 
03 25 02 82 57 45 52 74 69 14 33 24 41 73 04 61 71 08 44 59 35 18 56 60 49 39 66 64 37 10 43 53 75 67 38 00 65 13 42 26 32 54 76 22 68 72 78 01 62 23 55 19 80 17 21 40 46 29 31 12 36 20 79 06 30 34 51 11 05 50 48 63 16 70 15 81 77 47 09 58 28 07 27 
33 04 26 03 82 54 42 49 71 66 15 34 25 79 70 05 58 68 09 41 56 36 19 53 57 46 40 63 61 38 11 81 50 72 64 39 01 62 14 80 27 65 69 75 02 59 24 52 20 77 18 22 00 43 30 32 13 37 21 76 07 31 35 48 12 06 47 45 60 17 67 16 78 74 44 10 55 29 08 51 73 23 28 
28 34 05 27 04 82 51 80 46 68 63 16 35 26 76 67 06 55 65 10 79 53 37 20 50 54 43 00 60 58 39 12 78 47 69 61 40 02 59 15 77 03 56 25 49 21 74 19 23 01 81 31 33 14 38 22 73 08 32 36 45 13 07 44 42 57 18 64 17 75 71 41 11 52 30 09 48 70 24 62 66 72 29 
74 29 35 06 28 05 82 48 77 43 65 60 17 36 27 73 64 07 52 62 11 76 50 38 21 47 51 81 01 57 55 40 13 75 44 66 58 00 03 56 16 46 22 71 20 24 02 78 32 34 15 39 23 70 09 33 37 42 14 08 41 80 54 19 61 18 72 68 79 12 49 31 10 45 67 25 59 63 69 04 53 26 30 
17 71 30 36 07 29 06 82 45 74 81 62 57 18 37 28 70 61 08 49 59 12 73 47 39 22 44 48 78 02 54 52 00 14 72 41 63 55 01 04 53 21 25 03 75 33 35 16 40 24 67 10 34 38 80 15 09 79 77 51 20 58 19 69 65 76 13 46 32 11 42 64 26 56 60 66 05 50 27 43 23 68 31 
50 18 68 31 37 08 30 07 82 42 71 78 59 54 19 38 29 67 58 09 46 56 13 70 44 40 23 41 45 75 03 51 49 01 15 69 79 60 52 02 05 72 34 36 17 00 25 64 11 35 39 77 16 10 76 74 48 21 55 20 66 62 73 14 43 33 12 80 61 27 53 57 63 06 47 28 81 24 65 22 26 04 32 
06 47 19 65 32 38 09 31 08 82 80 68 75 56 51 20 39 30 64 55 10 43 53 14 67 41 00 24 79 42 72 04 48 46 02 16 66 76 57 49 03 18 01 26 61 12 36 40 74 17 11 73 71 45 22 52 21 63 59 70 15 81 34 13 77 58 28 50 54 60 07 44 29 78 25 62 23 27 05 69 35 37 33 
04 07 44 20 62 33 39 10 32 09 82 77 65 72 53 48 21 40 31 61 52 11 81 50 15 64 79 01 25 76 80 69 05 45 43 03 17 63 73 54 46 58 13 37 00 71 18 12 70 68 42 23 49 22 60 56 67 16 78 35 14 74 55 29 47 51 57 08 41 30 75 26 59 24 28 06 66 36 38 19 02 27 34 
43 05 08 41 21 59 34 40 11 33 10 82 74 62 69 50 45 22 00 32 58 49 12 78 47 16 61 76 02 26 73 77 66 06 42 81 04 18 60 70 51 01 68 19 13 67 65 80 24 46 23 57 53 64 17 75 36 15 71 52 30 44 48 54 09 79 31 72 27 56 25 29 07 63 37 39 20 03 28 55 14 38 35 
48 81 06 09 79 22 56 35 00 12 34 11 82 71 59 66 47 42 23 01 33 55 46 13 75 44 17 58 73 03 27 70 74 63 07 80 78 05 19 57 67 14 64 62 77 25 43 24 54 50 61 18 72 37 16 68 49 31 41 45 51 10 76 32 69 28 53 26 30 08 60 38 40 21 04 29 52 15 39 02 65 20 36 
64 45 78 07 10 76 23 53 36 01 13 35 12 82 68 56 63 44 80 24 02 34 52 43 14 72 41 18 55 70 04 28 67 71 60 08 77 75 06 20 54 74 26 81 25 51 47 58 19 69 38 17 65 46 32 79 42 48 11 73 33 66 29 50 27 31 09 57 39 00 22 05 30 49 16 40 03 62 21 15 61 59 37 
51 61 42 75 08 11 73 24 50 37 02 14 36 13 82 65 53 60 41 77 25 03 35 49 81 15 69 79 19 52 67 05 29 64 68 57 09 74 72 07 21 26 48 44 55 20 66 39 18 62 43 33 76 80 45 12 70 34 63 30 47 28 32 10 54 40 01 23 06 31 46 17 00 04 59 22 16 58 56 71 27 78 38 
22 48 58 80 72 09 12 70 25 47 38 03 15 37 14 82 62 50 57 79 74 26 04 36 46 78 16 66 76 20 49 64 06 30 61 65 54 10 71 69 08 52 21 63 40 19 59 81 34 73 77 42 13 67 35 60 31 44 29 33 11 51 00 02 24 07 32 43 18 01 05 56 23 17 55 53 68 28 75 27 45 41 39 
09 23 45 55 77 69 10 13 67 26 44 39 04 16 38 15 82 59 47 54 76 71 27 05 37 43 75 17 63 73 21 46 61 07 31 58 62 51 11 68 66 00 20 56 78 35 70 74 80 14 64 36 57 32 41 30 34 12 48 01 03 25 08 33 81 19 02 06 53 24 18 52 50 65 29 72 28 42 79 49 22 60 40 
63 10 24 42 52 74 66 11 14 64 27 41 40 05 17 39 16 82 56 44 51 73 68 28 06 38 81 72 18 60 70 22 43 58 08 32 55 59 48 12 65 75 36 67 71 77 15 61 37 54 33 79 31 35 13 45 02 04 26 09 34 78 20 03 07 50 25 19 49 47 62 30 69 29 80 76 46 23 57 01 21 53 00 
62 60 11 25 80 49 71 63 12 15 61 28 79 00 06 18 40 17 82 53 41 48 70 65 29 07 39 78 69 19 57 67 23 81 55 09 33 52 56 45 13 68 74 16 58 38 51 34 76 32 36 14 42 03 05 27 10 35 75 21 04 08 47 26 20 46 44 59 31 66 30 77 73 43 24 54 02 22 50 72 37 64 01 
14 59 57 12 26 77 46 68 60 13 16 58 29 76 01 07 19 00 18 82 50 79 45 67 62 30 08 40 75 66 20 54 64 24 78 52 10 34 49 53 42 55 39 48 35 73 33 37 15 80 04 06 28 11 36 72 22 05 09 44 27 21 43 41 56 32 63 31 74 70 81 25 51 03 23 47 69 38 61 65 71 17 02 
80 15 56 54 13 27 74 43 65 57 14 17 55 30 73 02 08 20 01 19 82 47 76 42 64 59 31 09 00 72 63 21 51 61 25 75 49 11 35 46 50 36 70 34 38 16 77 05 07 29 12 37 69 23 06 10 41 28 22 81 79 53 33 60 32 71 67 78 26 48 04 24 44 66 39 58 62 68 18 52 40 45 03 
47 77 16 53 51 14 28 71 81 62 54 15 18 52 31 70 03 09 21 02 20 82 44 73 80 61 56 32 10 01 69 60 22 48 58 26 72 46 12 36 43 39 17 74 06 08 30 13 38 66 24 07 11 79 29 23 78 76 50 34 57 33 68 64 75 27 45 05 25 41 63 40 55 59 65 19 49 00 42 37 67 35 04 
81 44 74 17 50 48 15 29 68 78 59 51 16 19 49 32 67 04 10 22 03 21 82 41 70 77 58 53 33 11 02 66 57 23 45 55 27 69 43 13 37 07 09 31 14 39 63 25 08 12 76 30 24 75 73 47 35 54 34 65 61 72 28 42 06 26 79 60 00 52 56 62 20 46 01 80 38 64 36 40 18 71 05 
38 78 41 71 18 47 45 16 30 65 75 56 48 17 20 46 33 64 05 11 23 04 22 82 79 67 74 55 50 34 12 03 63 54 24 42 52 28 66 81 14 15 40 60 26 09 13 73 31 25 72 70 44 36 51 35 62 58 69 29 80 07 27 76 57 01 49 53 59 21 43 02 77 39 61 37 00 19 68 08 10 32 06 
15 39 75 79 68 19 44 42 17 31 62 72 53 45 18 21 43 34 61 06 12 24 05 23 82 76 64 71 52 47 35 13 04 60 51 25 80 49 29 63 78 27 10 14 70 32 26 69 67 41 37 48 36 59 55 66 30 77 08 28 73 54 02 46 50 56 22 81 03 74 40 58 38 01 20 65 09 11 33 16 00 57 07 
75 16 40 72 76 65 20 41 80 18 32 59 69 50 42 19 22 81 35 58 07 13 25 06 24 82 73 61 68 49 44 36 14 05 57 48 26 77 46 30 60 67 33 27 66 64 79 38 45 37 56 52 63 31 74 09 29 70 51 03 43 47 53 23 78 04 71 00 55 39 02 21 62 10 12 34 17 01 54 28 11 15 08 
57 72 17 00 69 73 62 21 79 77 19 33 56 66 47 80 20 23 78 36 55 08 14 26 07 25 82 70 58 65 46 41 37 15 06 54 45 27 74 43 31 63 61 76 39 42 38 53 49 60 32 71 10 30 67 48 04 81 44 50 24 75 05 68 01 52 40 03 22 59 11 13 35 18 02 51 29 12 16 64 34 28 09 
32 54 69 18 01 66 70 59 22 76 74 20 34 53 63 44 77 21 24 75 37 52 09 15 27 08 26 82 67 55 62 43 79 38 16 07 51 42 28 71 81 40 80 39 50 46 57 33 68 11 31 64 45 05 78 41 47 25 72 06 65 02 49 00 04 23 56 12 14 36 19 03 48 30 13 17 61 35 29 60 58 73 10 
78 33 51 66 19 02 63 67 56 23 73 71 21 35 50 60 41 74 22 25 72 38 49 10 16 28 09 27 82 64 52 59 81 76 39 17 08 48 80 29 68 47 43 54 34 65 12 32 61 42 06 75 79 44 26 69 07 62 03 46 01 05 24 53 13 15 37 20 04 45 31 14 18 58 36 30 57 55 70 00 77 40 11 
65 75 34 48 63 20 03 60 64 53 24 70 68 22 36 47 57 79 71 23 26 69 39 46 11 17 29 10 28 82 61 49 56 78 73 40 18 09 45 77 30 35 62 13 33 58 80 07 72 76 41 27 66 08 59 04 43 02 06 25 50 14 16 38 21 05 42 32 15 19 55 37 31 54 52 67 01 74 00 44 81 51 12 
31 62 72 35 45 60 21 04 57 61 50 25 67 65 23 37 44 54 76 68 24 27 66 40 43 12 18 30 11 29 82 58 46 53 75 70 00 19 10 42 74 34 55 77 08 69 73 79 28 63 09 56 05 81 03 07 26 47 15 17 39 22 06 80 33 16 20 52 38 32 51 49 64 02 71 01 41 78 48 36 59 14 13 
71 32 59 69 36 42 57 22 05 54 58 47 26 64 62 24 38 41 51 73 65 25 28 63 00 81 13 19 31 12 30 82 55 43 50 72 67 01 20 11 80 09 66 70 76 29 60 10 53 06 78 04 08 27 44 16 18 40 23 07 77 34 17 21 49 39 33 48 46 61 03 68 02 79 75 45 37 56 15 35 52 74 14 
77 68 33 56 66 37 80 54 23 06 51 55 44 27 61 59 25 39 79 48 70 62 26 29 60 01 78 14 20 32 13 31 82 52 81 47 69 64 02 21 12 73 30 57 11 50 07 75 05 09 28 41 17 19 00 24 08 74 35 18 22 46 40 34 45 43 58 04 65 03 76 72 42 38 53 16 36 49 71 10 63 67 15 
13 74 65 34 53 63 38 77 51 24 07 48 52 41 28 58 56 26 40 76 45 67 59 27 30 57 02 75 15 21 33 14 32 82 49 78 44 66 61 03 22 12 47 08 72 06 10 29 79 18 20 01 25 09 71 36 19 23 43 00 35 42 81 55 05 62 04 73 69 80 39 50 17 37 46 68 11 60 64 70 31 54 16 
23 14 71 62 35 50 60 39 74 48 25 08 45 49 79 29 55 53 27 00 73 42 64 56 28 31 54 03 72 16 22 34 15 33 82 46 75 41 63 58 04 69 07 11 30 76 19 21 02 26 10 68 37 20 24 81 01 36 80 78 52 06 59 05 70 66 77 40 47 18 38 43 65 12 57 61 67 32 51 13 44 09 17 
05 24 15 68 59 36 47 57 40 71 45 26 09 42 46 76 30 52 50 28 01 70 80 61 53 29 32 51 04 69 17 23 35 16 34 82 43 72 79 60 55 31 73 20 22 03 27 11 65 38 21 25 78 02 37 77 75 49 07 56 06 67 63 74 00 44 19 39 81 62 13 54 58 64 33 48 14 41 10 66 08 12 18 
52 06 25 16 65 56 37 44 54 00 68 42 27 10 80 43 73 31 49 47 29 02 67 77 58 50 30 33 48 05 66 18 24 36 17 35 82 81 69 76 57 23 04 28 12 62 39 22 26 75 03 38 74 72 46 08 53 07 64 60 71 01 41 20 40 78 59 14 51 55 61 34 45 15 79 11 63 09 13 32 70 21 19 
54 49 07 26 17 62 53 38 41 51 01 65 80 28 11 77 81 70 32 46 44 30 03 64 74 55 47 31 34 45 06 63 19 25 37 18 36 82 78 66 73 13 59 40 23 27 72 04 39 71 69 43 09 50 08 61 57 68 02 79 21 00 75 56 15 48 52 58 35 42 16 76 12 60 10 14 33 67 22 24 05 29 20 
70 51 46 08 27 18 59 50 39 79 48 02 62 77 29 12 74 78 67 33 43 41 31 04 61 71 52 44 32 35 42 07 60 20 26 38 19 37 82 75 63 24 28 69 05 40 68 66 81 10 47 09 58 54 65 03 76 22 01 72 53 16 45 49 55 36 80 17 73 13 57 11 15 34 64 23 25 06 30 14 56 00 21 
60 67 48 43 09 28 19 56 47 40 76 45 03 59 74 30 13 71 75 64 34 81 79 32 05 58 68 49 41 33 36 80 08 57 21 27 39 20 38 82 72 06 00 65 63 78 11 44 10 55 51 62 04 73 23 02 69 50 17 42 46 52 37 77 18 70 14 54 12 16 35 61 24 26 07 31 15 53 01 25 29 66 22 
69 57 64 45 81 10 29 20 53 44 00 73 42 04 56 71 31 14 68 72 61 35 78 76 33 06 55 65 46 79 34 37 77 09 54 22 28 40 21 39 82 60 75 12 41 11 52 48 59 05 70 24 03 66 47 18 80 43 49 38 74 19 67 15 51 13 17 36 58 25 27 08 32 16 50 02 26 30 63 07 01 62 23 
82 66 54 61 42 78 11 30 21 50 41 01 70 80 05 53 68 32 15 65 69 58 36 75 73 34 07 52 62 43 76 35 38 74 10 51 23 29 00 22 40 79 12 49 45 56 06 67 25 04 63 44 19 77 81 46 39 71 20 64 16 48 14 18 37 55 26 28 09 33 17 47 03 27 31 60 08 02 59 57 72 13 24 
44 28 81 58 33 15 54 55 38 08 49 19 37 43 12 35 34 63 20 45 32 78 16 03 59 62 27 02 66 24 00 09 72 26 46 31 68 22 65 48 06 41 82 61 73 10 56 42 50 74 80 60 29 18 57 14 23 51 40 75 25 69 36 67 79 64 30 13 01 76 52 07 70 53 05 04 47 21 11 39 17 77 71 
39 21 20 64 06 46 18 79 02 30 60 63 13 29 67 10 27 36 73 12 47 17 69 08 66 49 33 45 14 41 59 19 01 55 56 24 35 50 05 23 44 78 42 82 62 74 37 57 43 51 75 81 61 15 04 58 00 09 52 26 76 11 70 22 68 80 65 16 40 28 77 53 34 71 54 32 31 48 07 38 25 03 72 
68 37 13 22 74 39 48 03 70 35 67 50 19 46 00 42 60 05 28 56 57 10 21 51 32 09 45 25 07 06 65 33 47 04 80 29 16 61 64 40 15 30 79 43 82 63 75 23 58 44 52 76 41 62 01 31 59 27 36 53 12 77 38 71 08 69 81 66 02 26 14 78 54 20 72 55 18 17 49 34 24 11 73 
27 43 61 32 14 57 58 37 07 52 18 36 46 11 34 33 66 19 48 31 81 15 02 62 65 26 01 69 23 40 08 75 25 49 30 71 21 68 51 05 47 38 16 80 44 82 64 76 09 59 45 53 77 42 63 28 17 60 13 22 54 39 78 24 72 35 70 41 67 29 12 00 79 55 06 73 56 04 03 50 20 10 74 
20 19 67 05 49 17 41 01 29 63 66 12 28 70 09 26 35 76 11 50 16 72 07 69 52 32 48 13 44 62 18 00 58 59 23 34 53 04 22 47 38 37 24 02 81 45 82 65 77 36 60 46 54 78 43 64 14 03 61 40 08 55 25 79 10 73 21 71 42 68 15 39 27 80 56 33 74 57 31 30 51 06 75 
36 12 21 77 38 51 02 73 34 70 53 18 49 40 45 63 04 27 59 60 09 20 54 31 08 48 24 06 05 68 32 50 03 42 28 15 64 67 39 14 71 33 23 10 29 41 46 82 66 78 22 61 47 55 79 44 65 00 30 62 26 35 56 11 80 37 74 07 72 43 69 01 25 13 81 57 19 75 58 17 16 52 76 
46 64 31 13 60 61 36 06 55 17 35 49 10 33 32 69 18 51 30 43 14 01 65 68 25 00 72 22 39 07 78 24 52 29 74 20 71 54 04 50 26 53 19 09 37 15 42 47 82 67 79 08 62 48 56 80 45 66 27 16 63 12 21 57 38 81 23 75 34 73 44 70 28 11 40 41 58 05 76 59 03 02 77 
18 70 04 52 16 44 00 28 66 69 11 27 73 08 25 34 79 10 53 15 75 06 72 55 31 51 12 47 65 17 40 61 62 22 33 56 03 21 50 37 19 29 54 05 36 23 01 43 48 82 68 80 35 63 49 57 81 46 67 13 02 64 39 07 58 24 41 09 76 20 74 45 71 14 38 26 42 59 32 77 60 30 78 
11 20 80 37 54 01 76 33 73 56 17 52 39 48 66 03 26 62 63 08 19 57 30 07 51 23 05 04 71 31 53 02 45 27 14 67 70 38 13 74 35 16 15 55 32 22 09 28 44 49 82 69 81 21 64 50 58 41 47 68 40 29 65 25 34 59 10 42 36 77 06 75 46 72 00 24 12 43 60 18 78 61 79 
67 30 12 63 64 35 05 58 16 34 52 09 32 31 72 17 54 29 46 13 00 68 71 24 40 75 21 38 06 81 23 55 28 77 19 74 57 03 53 25 49 62 02 01 56 18 08 36 14 45 50 82 70 41 07 65 51 59 42 48 69 26 15 66 11 20 60 37 43 22 78 33 76 47 73 27 10 39 44 61 04 79 80 
73 03 55 15 47 40 27 69 72 10 26 76 07 24 33 41 09 56 14 78 05 75 58 30 54 11 50 68 16 39 64 65 21 32 59 02 20 53 36 18 17 80 63 29 28 57 04 35 22 00 46 51 82 71 42 34 66 52 60 43 49 70 12 01 67 38 06 61 23 44 08 79 19 77 48 74 13 37 25 45 62 31 81 
19 42 36 57 00 79 32 76 59 16 55 38 51 69 02 25 65 66 07 18 60 29 06 54 22 04 03 74 30 56 01 48 26 13 70 73 37 12 77 34 10 17 81 64 15 14 58 31 21 08 27 47 52 82 72 43 20 67 53 61 44 50 71 39 28 68 24 33 62 09 45 35 80 05 78 49 75 40 23 11 46 63 41 
29 11 66 67 34 04 61 15 33 55 08 31 30 75 16 57 28 49 12 40 71 74 23 39 78 20 37 05 43 22 58 27 80 18 77 60 02 56 24 52 70 64 03 41 65 01 00 59 17 07 35 13 48 53 82 73 44 06 68 54 62 45 51 72 25 14 69 10 19 63 36 46 21 81 32 79 50 76 26 09 38 47 42 
02 58 14 50 39 26 72 75 09 25 79 06 23 32 44 08 59 13 81 04 78 61 29 57 10 53 71 15 38 67 68 20 31 62 01 19 56 35 17 16 76 48 65 30 42 66 28 27 60 03 34 21 40 49 54 82 74 45 33 69 55 63 46 52 73 11 00 70 37 05 64 22 47 07 41 18 80 51 77 12 36 24 43 
45 35 60 40 41 31 79 62 15 58 37 54 72 01 24 68 69 06 17 63 28 05 57 21 03 02 77 29 59 00 51 25 12 73 76 36 11 80 33 09 18 10 49 66 16 43 67 14 13 61 30 20 07 26 50 55 82 75 46 19 70 56 64 47 53 74 38 27 71 23 32 65 08 48 34 42 04 81 52 78 39 22 44 
10 69 70 33 03 64 14 32 58 07 30 29 78 15 60 27 52 11 39 74 77 22 38 81 19 36 04 46 21 61 26 42 17 80 63 01 59 23 55 73 28 08 37 50 67 02 44 68 00 40 62 16 06 34 12 51 56 82 76 47 05 71 57 65 48 54 75 24 13 72 09 18 66 35 49 20 43 31 41 53 79 25 45 
61 13 53 38 25 75 78 08 24 41 05 22 31 47 07 62 12 43 03 81 64 28 60 09 56 74 14 37 70 71 19 30 65 00 18 59 34 16 15 79 01 11 35 23 51 68 29 45 69 27 26 63 02 33 20 39 52 57 82 77 48 32 72 58 66 49 55 76 10 40 73 36 04 67 21 50 06 44 17 42 54 80 46 
34 63 39 44 30 41 65 14 61 36 57 75 00 23 71 72 05 16 66 27 04 60 20 02 01 80 28 62 40 54 24 11 76 79 35 10 42 32 08 17 48 81 38 21 09 52 69 15 46 70 13 12 64 29 19 06 25 53 58 82 78 49 18 73 59 67 50 56 77 37 26 74 22 31 68 07 51 33 45 03 43 55 47 
72 73 32 02 67 13 31 61 06 29 28 81 14 63 26 55 10 38 77 80 21 37 43 18 35 03 49 20 64 25 45 16 42 66 00 62 22 58 76 27 09 56 41 24 07 36 53 70 01 47 71 40 39 65 15 05 33 11 54 59 82 79 50 04 74 60 68 51 57 78 23 12 75 08 17 69 34 52 19 46 30 44 48 
12 56 37 24 78 81 07 23 44 04 21 30 50 06 65 11 46 02 43 67 27 63 08 59 77 13 36 73 74 18 29 68 40 17 62 33 15 14 41 00 64 45 57 42 10 34 22 54 71 28 48 72 26 25 66 01 32 19 38 55 60 82 80 51 31 75 61 69 52 58 79 09 39 76 35 03 70 20 53 05 47 16 49 
66 38 47 29 44 68 13 64 35 60 78 40 22 74 75 04 15 69 26 03 63 19 01 00 42 27 65 39 57 23 10 79 41 34 09 45 31 07 16 51 33 02 46 58 43 37 20 08 55 72 14 49 73 12 11 67 28 18 05 24 56 61 82 81 52 17 76 62 70 53 59 80 36 25 77 21 30 71 06 54 32 48 50 
76 31 01 70 12 30 64 05 28 27 43 13 66 25 58 09 37 80 42 20 36 46 17 34 02 52 19 67 24 48 15 45 69 40 65 21 61 79 26 08 75 49 29 47 59 44 23 06 35 56 73 00 50 74 39 38 68 14 04 32 10 57 62 82 41 53 03 77 63 71 54 60 81 22 11 78 07 16 72 33 55 18 51 
59 36 23 81 43 06 22 47 03 20 29 53 05 68 10 49 01 46 70 26 66 07 62 80 12 35 76 77 17 28 71 39 16 65 32 14 13 44 40 67 11 04 50 15 48 60 45 09 33 21 57 74 27 51 75 25 24 69 00 31 18 37 58 63 82 42 54 30 78 64 72 55 61 41 08 38 79 34 02 73 19 56 52 
37 50 28 47 71 12 67 34 63 81 39 21 77 78 03 14 72 25 02 66 18 00 40 45 26 68 38 60 22 09 41 44 33 08 48 30 06 15 54 32 69 57 31 51 01 49 61 46 36 19 07 58 75 13 52 76 11 10 70 27 17 04 23 59 64 82 43 55 16 79 65 73 56 62 42 35 24 80 20 29 74 05 53 
30 00 73 11 29 67 04 27 26 46 12 69 24 61 08 36 42 45 19 35 49 16 33 01 55 18 70 23 51 14 48 72 39 68 20 64 41 25 07 78 79 32 58 17 52 28 50 62 47 22 05 34 59 76 40 53 77 38 37 71 13 03 31 09 60 65 82 44 56 02 80 66 74 57 63 43 21 10 81 06 15 75 54 
35 22 43 46 05 21 50 02 19 28 56 04 71 09 52 00 49 73 25 69 06 65 42 11 34 79 80 16 27 74 38 15 68 31 13 12 47 39 70 10 62 76 18 59 03 53 14 51 63 48 08 32 20 60 77 26 54 78 24 23 72 40 30 17 36 61 66 82 45 57 29 81 67 75 58 64 44 07 37 41 33 01 55 
53 27 50 74 11 70 33 66 43 38 20 80 81 02 13 75 24 01 69 17 40 39 48 25 71 37 63 21 08 44 47 32 07 51 29 05 14 57 31 72 36 28 77 04 60 30 54 00 52 64 49 35 18 06 61 78 12 55 79 10 09 73 26 16 03 22 62 67 82 46 58 15 41 68 76 59 65 45 34 23 42 19 56 
40 76 10 28 70 03 26 25 49 11 72 23 64 07 35 45 48 18 34 52 15 32 00 58 17 73 22 54 13 51 75 38 71 19 67 44 24 06 81 41 29 05 14 78 31 61 16 55 27 53 65 50 21 04 33 62 79 39 56 80 37 36 74 12 02 30 08 63 68 82 47 59 01 42 69 77 60 66 46 20 09 43 57 
21 46 49 04 20 53 01 18 27 59 03 74 08 55 40 52 76 24 72 05 68 45 10 33 41 42 15 26 77 37 14 71 30 12 11 50 38 73 09 65 34 44 32 00 79 17 62 02 56 13 54 66 51 07 31 19 63 80 25 57 81 23 22 75 39 29 16 35 64 69 82 48 60 28 43 70 78 61 67 47 06 36 58 
26 53 77 10 73 32 69 46 37 19 42 43 01 12 78 23 00 72 16 39 38 51 24 74 36 66 20 07 47 50 31 06 54 28 04 13 60 30 75 35 56 22 45 18 27 80 03 63 29 57 40 55 67 52 34 17 05 64 81 11 58 41 09 08 76 25 15 02 21 65 70 82 49 61 14 44 71 79 62 68 48 33 59 
79 09 27 73 02 25 24 52 10 75 22 67 06 34 48 51 17 33 55 14 31 40 61 16 76 21 57 12 54 78 37 74 18 70 47 23 05 43 44 28 39 19 08 46 04 13 81 30 64 15 58 26 56 68 53 20 03 32 65 41 38 59 42 36 35 77 11 01 29 07 66 71 82 50 62 00 45 72 80 63 69 49 60 
49 52 03 19 56 00 17 26 62 02 77 07 58 39 55 79 23 75 04 71 48 09 32 44 45 14 25 80 36 13 74 29 11 10 53 37 76 08 68 33 20 50 05 35 47 31 40 41 16 65 01 59 12 57 69 54 06 30 18 66 42 24 60 43 22 21 78 38 28 15 34 67 72 82 51 63 27 46 73 81 64 70 61 
56 80 09 76 31 72 49 36 18 45 46 00 11 81 22 40 75 15 38 37 54 23 77 35 69 19 06 50 53 30 05 57 27 03 12 63 29 78 34 59 25 71 51 32 21 48 17 26 42 02 66 28 60 39 58 70 55 33 16 04 67 43 10 61 44 08 07 79 24 14 01 20 68 73 82 52 64 13 47 74 41 65 62 
08 26 76 01 24 23 55 09 78 21 70 05 33 51 54 16 32 58 13 30 39 64 15 79 20 60 11 57 81 36 77 17 73 50 22 04 46 47 27 38 41 66 72 52 18 07 49 03 12 43 29 67 14 61 25 59 71 56 19 02 31 68 44 37 62 45 35 34 80 10 00 28 06 69 74 82 53 65 40 48 75 42 63 
55 02 18 59 40 16 25 65 01 80 06 61 38 58 41 22 78 03 74 51 08 31 47 48 13 24 42 35 12 77 28 10 09 56 36 79 07 71 32 19 52 43 67 73 53 04 34 50 30 39 44 15 68 00 62 11 60 72 57 05 29 17 69 45 23 63 46 21 20 81 37 27 14 33 70 75 82 54 66 26 49 76 64 
42 08 79 30 75 52 35 17 48 49 40 10 43 21 39 78 14 37 36 57 22 80 34 72 18 05 53 56 29 04 60 26 02 11 66 28 81 33 62 24 59 77 44 68 74 54 31 20 51 16 25 45 01 69 27 63 38 61 73 58 32 15 03 70 46 09 64 47 07 06 41 23 13 00 19 71 76 82 55 67 12 50 65 
25 79 00 23 22 58 08 81 20 73 04 32 54 57 15 31 61 12 29 38 67 14 41 19 63 10 60 43 35 80 16 76 53 21 03 49 50 26 37 44 07 51 78 45 69 75 55 17 06 52 02 11 46 28 70 13 64 24 62 74 59 18 01 30 71 47 36 65 48 34 33 42 09 40 27 05 72 77 82 56 68 39 66 
01 17 62 39 15 24 68 00 42 05 64 37 61 44 21 81 02 77 54 07 30 50 51 12 23 45 34 11 80 27 09 08 59 35 41 06 74 31 18 55 58 25 52 79 46 70 76 56 03 33 53 29 38 47 14 71 40 65 10 63 75 60 04 28 16 72 48 22 66 49 20 19 43 36 26 13 32 73 78 82 57 69 67 
07 41 29 78 55 34 16 51 52 39 09 46 20 38 81 13 36 35 60 21 42 33 75 17 04 56 59 28 03 63 25 01 10 69 27 43 32 65 23 62 45 70 11 53 80 47 71 77 57 30 19 54 15 24 48 00 72 26 66 37 64 76 61 31 14 02 73 49 08 67 50 06 05 44 22 12 40 18 74 79 82 58 68 
41 40 22 21 61 07 43 19 76 03 31 57 60 14 30 64 11 28 37 70 13 44 18 66 09 63 46 34 42 15 79 56 20 02 52 53 25 36 47 06 24 59 71 38 54 81 48 72 78 58 16 05 55 01 10 49 27 73 12 67 23 65 77 62 17 00 29 74 50 35 68 51 33 32 45 08 39 26 04 75 80 82 69 
16 65 38 14 23 71 40 45 04 67 36 64 47 20 43 01 80 57 06 29 53 54 11 22 48 33 10 42 26 08 07 62 34 44 05 77 30 17 58 61 00 82 60 72 24 55 41 49 73 79 59 02 32 56 28 37 50 13 74 39 68 09 66 78 63 03 27 15 75 51 21 69 52 19 18 46 35 25 12 31 76 81 70 
58 55 52 49 46 43 81 78 75 72 69 66 63 60 57 54 51 48 45 42 80 77 74 71 68 65 62 59 56 53 50 47 44 41 79 76 73 70 67 64 61 20 06 33 19 05 32 18 04 31 17 03 30 16 02 29 15 01 28 14 00 27 13 40 26 12 39 25 11 38 24 10 37 23 09 36 22 08 35 21 07 34 82 
