21 87 28 25 20 26 29 23 27 24 10 82 18 15 11 16 19 13 17 14 86 61 69 66 62 67 60 64 68 65 84 41 48 45 40 46 49 43 47 44 80 70 79 76 72 77 71 74 78 75 34 31 83 38 35 30 36 39 33 37 55 51 85 59 56 52 57 50 54 58 92 97 98 96 94 91 90 93 88 89 95 22 12 42 73 32 53 63 5  3  9  81 0  4  6  8  7  1  2
22 20 87 29 26 21 27 25 24 28 12 11 82 19 16 10 17 15 14 18 62 63 86 60 67 61 68 66 65 69 40 42 84 49 46 41 47 45 44 48 72 73 80 71 77 70 78 76 75 79 38 32 30 83 39 36 31 37 35 34 59 53 52 85 50 57 51 58 56 55 95 96 91 98 93 90 92 89 94 97 88 23 13 43 74 33 54 64 9  5  7  1  2  8  0  81 4  6  3
27 23 22 87 25 29 20 28 26 21 17 13 12 82 15 19 11 18 16 10 64 68 63 86 66 60 62 69 67 61 43 47 42 84 45 49 40 48 46 41 74 78 73 80 76 71 72 79 77 70 31 37 33 32 83 35 39 30 38 36 51 58 54 53 85 56 50 52 59 57 89 92 88 95 98 94 93 91 96 90 97 24 14 44 75 34 55 65 81 8  1  3  7  0  9  2  6  5  4
26 28 24 23 87 20 25 22 29 27 16 18 14 13 82 11 15 12 19 17 69 67 65 64 86 62 66 63 60 68 48 46 44 43 84 40 45 42 49 47 79 77 75 74 80 72 76 73 71 78 37 36 38 34 33 83 30 35 32 39 58 57 59 55 54 85 52 56 53 50 90 89 96 97 88 98 91 94 95 93 92 21 10 41 70 31 51 61 3  2  5  8  6  7  1  4  9  81 0
87 27 29 21 24 28 22 26 23 25 82 17 19 10 14 18 12 16 13 15 68 86 60 61 65 69 63 67 64 66 47 84 49 41 44 48 42 46 43 45 78 80 71 70 75 79 73 77 74 76 35 83 37 39 31 34 38 32 36 33 56 85 58 50 51 55 59 53 57 54 98 94 89 93 92 97 96 95 90 88 91 20 11 40 72 30 52 62 0  6  2  7  81 5  8  9  3  4  1
29 22 21 28 23 25 87 24 20 26 19 12 10 18 13 15 82 14 11 16 63 60 61 69 64 66 86 65 62 67 42 49 41 48 43 45 84 44 40 46 73 71 70 79 74 76 80 75 72 77 36 39 32 31 38 33 35 83 34 30 57 50 53 51 59 54 56 85 55 52 93 90 95 92 96 88 94 98 97 91 89 27 17 47 78 37 58 68 8  4  81 2  9  6  5  0  1  3  7
24 25 23 20 29 27 26 87 21 22 14 15 13 11 19 17 16 82 10 12 66 65 64 62 60 68 67 86 61 63 45 44 43 40 49 47 46 84 41 42 76 75 74 72 71 78 77 80 70 73 32 34 35 33 30 39 37 36 83 31 53 55 56 54 52 50 58 57 85 51 97 95 94 88 91 93 89 90 98 92 96 28 18 48 79 38 59 69 1  81 6  5  4  2  7  3  0  9  8
25 21 26 24 22 23 28 27 87 20 15 10 16 14 12 13 18 17 82 11 61 66 67 65 63 64 69 68 86 62 41 45 46 44 42 43 48 47 84 40 70 76 77 75 73 74 79 78 80 72 30 35 31 36 34 32 33 38 37 83 52 56 51 57 55 53 54 59 58 85 94 91 92 90 97 95 88 96 89 98 93 29 19 49 71 39 50 60 4  7  8  0  5  1  3  6  81 2  9
23 26 20 27 21 22 24 29 28 87 13 16 11 17 10 12 14 19 18 82 67 64 62 68 61 63 65 60 69 86 46 43 40 47 41 42 44 49 48 84 77 74 72 78 70 73 75 71 79 80 83 33 36 30 37 31 32 34 39 38 85 54 57 52 58 51 53 55 50 59 88 98 90 91 89 92 95 97 93 96 94 25 15 45 76 35 56 66 7  9  4  6  3  81 2  1  8  0  5
20 24 27 22 28 87 23 21 25 29 11 14 17 12 18 82 13 10 15 19 65 62 68 63 69 86 64 61 66 60 44 40 47 42 48 84 43 41 45 49 75 72 78 73 79 80 74 70 76 71 39 30 34 37 32 38 83 33 31 35 50 52 55 58 53 59 85 54 51 56 91 93 97 89 95 96 98 88 92 94 90 26 16 46 77 36 57 67 2  0  3  4  1  9  81 7  5  8  6
92 98 96 94 91 90 93 88 89 97 31 83 38 35 30 36 39 33 37 34 87 21 28 25 20 26 29 23 27 24 80 70 79 76 72 77 71 74 78 75 85 51 59 56 52 57 50 54 58 55 4  0  81 8  5  1  6  9  3  7  44 41 84 48 45 40 46 49 43 47 61 65 86 69 66 62 67 60 64 68 63 95 32 73 53 2  42 22 15 13 19 82 10 14 16 18 17 11 12
95 91 98 93 90 92 89 94 97 96 32 30 83 39 36 31 37 35 34 38 20 22 87 29 26 21 27 25 24 28 72 73 80 71 77 70 78 76 75 79 52 53 85 50 57 51 58 56 55 59 8  2  1  81 9  6  0  7  5  4  48 42 40 84 49 46 41 47 45 44 63 69 62 86 60 67 61 68 66 65 64 88 33 74 54 3  43 23 19 15 17 11 12 18 10 82 14 16 13
89 88 95 98 94 93 91 96 90 92 37 33 32 83 35 39 30 38 36 31 23 27 22 87 25 29 20 28 26 21 74 78 73 80 76 71 72 79 77 70 54 58 53 85 56 50 52 59 57 51 0  7  3  2  81 5  9  1  8  6  41 47 43 42 84 45 49 40 48 46 68 61 64 63 86 66 60 62 69 67 65 97 34 75 55 4  44 24 82 18 11 13 17 10 19 12 16 15 14
90 96 97 88 98 91 94 95 93 89 36 38 34 33 83 30 35 32 39 37 28 26 24 23 87 20 25 22 29 27 79 77 75 74 80 72 76 73 71 78 59 57 55 54 85 52 56 53 50 58 7  6  8  4  3  81 1  5  2  9  47 46 48 44 43 84 40 45 42 49 67 68 69 65 64 86 62 66 63 60 61 92 31 70 51 0  41 21 13 12 15 18 16 17 11 14 19 82 10
98 89 93 92 97 96 95 90 88 94 83 37 39 31 34 38 32 36 33 35 27 87 29 21 24 28 22 26 23 25 78 80 71 70 75 79 73 77 74 76 58 85 50 51 55 59 53 57 54 56 5  81 7  9  0  4  8  2  6  3  45 84 47 49 41 44 48 42 46 43 86 66 68 60 61 65 69 63 67 64 62 91 30 72 52 1  40 20 10 16 12 17 82 15 18 19 13 14 11
93 95 92 96 88 94 98 97 91 90 39 32 31 38 33 35 83 34 30 36 22 29 21 28 23 25 87 24 20 26 73 71 70 79 74 76 80 75 72 77 53 50 51 59 54 56 85 55 52 57 6  9  2  0  8  3  5  81 4  1  46 49 42 41 48 43 45 84 44 40 60 67 63 61 69 64 66 86 65 62 68 89 37 78 58 7  47 27 18 14 82 12 19 16 15 10 11 13 17
97 94 88 91 93 89 90 98 92 95 34 35 33 30 39 37 36 83 31 32 25 24 23 20 29 27 26 87 21 22 76 75 74 72 71 78 77 80 70 73 56 55 54 52 50 58 57 85 51 53 2  4  5  3  1  9  7  6  81 0  42 44 45 43 40 49 47 46 84 41 65 63 66 64 62 60 68 67 86 61 69 96 38 79 59 8  48 28 11 82 16 15 14 12 17 13 10 19 18
94 92 90 97 95 88 96 89 98 91 35 31 36 34 32 33 38 37 83 30 21 25 26 24 22 23 28 27 87 20 70 76 77 75 73 74 79 78 80 72 51 56 57 55 53 54 59 58 85 52 1  5  0  6  4  2  3  8  7  81 40 45 41 46 44 42 43 48 47 84 66 62 61 67 65 63 64 69 68 86 60 93 39 71 50 9  49 29 14 17 18 10 15 11 13 16 82 12 19
88 90 91 89 92 95 97 93 96 98 33 36 30 37 31 32 34 39 38 83 26 23 20 27 21 22 24 29 28 87 77 74 72 78 70 73 75 71 79 80 57 54 52 58 51 53 55 50 59 85 81 3  6  1  7  0  2  4  9  8  84 43 46 40 47 41 42 44 49 48 64 86 67 62 68 61 63 65 60 69 66 94 35 76 56 5  45 25 17 19 14 16 13 82 12 11 18 10 15
91 97 89 95 96 98 88 92 94 93 30 34 37 32 38 83 33 31 35 39 24 20 27 22 28 87 23 21 25 29 75 72 78 73 79 80 74 70 76 71 55 52 58 53 59 85 54 51 56 50 9  1  4  7  2  8  81 3  0  5  49 40 44 47 42 48 84 43 41 45 62 60 65 68 63 69 86 64 61 66 67 90 36 77 57 6  46 26 12 10 13 14 11 19 82 17 15 18 16
73 72 80 71 77 70 78 76 75 79 95 91 98 93 90 92 89 94 97 96 40 42 84 49 46 41 47 45 44 48 30 32 83 39 36 31 37 35 34 38 1  2  81 9  6  0  7  5  4  8  69 63 62 86 60 67 61 68 66 65 18 12 11 82 19 16 10 17 15 14 53 59 52 85 50 57 51 58 56 55 54 74 88 33 3  64 13 43 29 25 27 20 22 28 21 87 24 26 23
70 80 79 76 72 77 71 74 78 75 92 98 96 94 91 90 93 88 89 97 84 41 48 45 40 46 49 43 47 44 83 31 38 35 30 36 39 33 37 34 81 0  8  5  1  6  9  3  7  4  65 61 86 69 66 62 67 60 64 68 14 10 82 18 15 11 16 19 13 17 51 55 85 59 56 52 57 50 54 58 53 73 95 32 2  63 12 42 25 23 29 87 21 24 26 28 27 20 22
78 74 73 80 76 71 72 79 77 70 89 88 95 98 94 93 91 96 90 92 43 47 42 84 45 49 40 48 46 41 33 37 32 83 35 39 30 38 36 31 3  7  2  81 5  9  1  8  6  0  61 68 64 63 86 66 60 62 69 67 10 17 13 12 82 15 19 11 18 16 58 51 54 53 85 56 50 52 59 57 55 75 97 34 4  65 14 44 87 28 20 23 27 21 29 22 26 25 24
77 79 75 74 80 72 76 73 71 78 90 96 97 88 98 91 94 95 93 89 48 46 44 43 84 40 45 42 49 47 38 36 34 33 83 30 35 32 39 37 8  6  4  3  81 1  5  2  9  7  68 67 69 65 64 86 62 66 63 60 17 16 18 14 13 82 11 15 12 19 57 58 59 55 54 85 52 56 53 50 51 70 92 31 0  61 10 41 23 22 25 28 26 27 20 24 29 87 21
80 78 71 70 75 79 73 77 74 76 98 89 93 92 97 96 95 90 88 94 47 84 49 41 44 48 42 46 43 45 37 83 39 31 34 38 32 36 33 35 7  81 9  0  4  8  2  6  3  5  66 86 68 60 61 65 69 63 67 64 15 82 17 19 10 14 18 12 16 13 85 56 58 50 51 55 59 53 57 54 52 72 91 30 1  62 11 40 21 26 22 27 87 25 28 29 23 24 20
71 73 70 79 74 76 80 75 72 77 93 95 92 96 88 94 98 97 91 90 42 49 41 48 43 45 84 44 40 46 32 39 31 38 33 35 83 34 30 36 2  9  0  8  3  5  81 4  1  6  67 60 63 61 69 64 66 86 65 62 16 19 12 10 18 13 15 82 14 11 50 57 53 51 59 54 56 85 55 52 58 78 89 37 7  68 17 47 28 24 87 22 29 26 25 21 20 23 27
75 76 74 72 71 78 77 80 70 73 97 94 88 91 93 89 90 98 92 95 45 44 43 40 49 47 46 84 41 42 35 34 33 30 39 37 36 83 31 32 5  4  3  1  9  7  6  81 0  2  63 65 66 64 62 60 68 67 86 61 12 14 15 13 11 19 17 16 82 10 55 53 56 54 52 50 58 57 85 51 59 79 96 38 8  69 18 48 20 87 26 25 24 22 27 23 21 29 28
76 70 77 75 73 74 79 78 80 72 94 92 90 97 95 88 96 89 98 91 41 45 46 44 42 43 48 47 84 40 31 35 36 34 32 33 38 37 83 30 0  5  6  4  2  3  8  7  81 1  62 66 61 67 65 63 64 69 68 86 11 15 10 16 14 12 13 18 17 82 56 52 51 57 55 53 54 59 58 85 50 71 93 39 9  60 19 49 24 27 28 21 25 20 23 26 87 22 29
74 77 72 78 70 73 75 71 79 80 88 90 91 89 92 95 97 93 96 98 46 43 40 47 41 42 44 49 48 84 36 33 30 37 31 32 34 39 38 83 6  3  1  7  0  2  4  9  8  81 86 64 67 62 68 61 63 65 60 69 82 13 16 11 17 10 12 14 19 18 54 85 57 52 58 51 53 55 50 59 56 76 94 35 5  66 15 45 27 29 24 26 23 87 22 20 28 21 25
72 75 78 73 79 80 74 70 76 71 91 97 89 95 96 98 88 92 94 93 44 40 47 42 48 84 43 41 45 49 34 30 37 32 38 83 33 31 35 39 4  1  7  2  8  81 3  0  5  9  60 62 65 68 63 69 86 64 61 66 19 11 14 17 12 18 82 13 10 15 52 50 55 58 53 59 85 54 51 56 57 77 90 36 6  67 16 46 22 21 23 24 20 29 87 27 25 28 26
63 62 86 60 67 61 68 66 65 69 2  1  81 9  6  0  7  5  4  8  91 95 98 93 90 92 89 94 97 96 52 53 85 50 57 51 58 56 55 59 40 42 84 49 46 41 47 45 44 48 18 12 11 82 19 16 10 17 15 14 79 73 72 80 71 77 70 78 76 75 22 28 20 87 29 26 21 27 25 24 23 64 3  54 43 13 74 88 39 35 37 30 32 38 31 83 34 36 33
61 86 69 66 62 67 60 64 68 65 0  81 8  5  1  6  9  3  7  4  98 92 96 94 91 90 93 88 89 97 85 51 59 56 52 57 50 54 58 55 84 41 48 45 40 46 49 43 47 44 14 10 82 18 15 11 16 19 13 17 75 70 80 79 76 72 77 71 74 78 21 24 87 28 25 20 26 29 23 27 22 63 2  53 42 12 73 95 35 33 39 83 31 34 36 38 37 30 32
68 64 63 86 66 60 62 69 67 61 7  3  2  81 5  9  1  8  6  0  88 89 95 98 94 93 91 96 90 92 54 58 53 85 56 50 52 59 57 51 43 47 42 84 45 49 40 48 46 41 10 17 13 12 82 15 19 11 18 16 70 78 74 73 80 76 71 72 79 77 27 21 23 22 87 25 29 20 28 26 24 65 4  55 44 14 75 97 83 38 30 33 37 31 39 32 36 35 34
67 69 65 64 86 62 66 63 60 68 6  8  4  3  81 1  5  2  9  7  96 90 97 88 98 91 94 95 93 89 59 57 55 54 85 52 56 53 50 58 48 46 44 43 84 40 45 42 49 47 17 16 18 14 13 82 11 15 12 19 78 77 79 75 74 80 72 76 73 71 26 27 28 24 23 87 20 25 22 29 21 61 0  51 41 10 70 92 33 32 35 38 36 37 30 34 39 83 31
86 68 60 61 65 69 63 67 64 66 81 7  9  0  4  8  2  6  3  5  89 98 93 92 97 96 95 90 88 94 58 85 50 51 55 59 53 57 54 56 47 84 49 41 44 48 42 46 43 45 15 82 17 19 10 14 18 12 16 13 76 80 78 71 70 75 79 73 77 74 87 25 27 29 21 24 28 22 26 23 20 62 1  52 40 11 72 91 31 36 32 37 83 35 38 39 33 34 30
60 63 61 69 64 66 86 65 62 67 9  2  0  8  3  5  81 4  1  6  95 93 92 96 88 94 98 97 91 90 53 50 51 59 54 56 85 55 52 57 42 49 41 48 43 45 84 44 40 46 16 19 12 10 18 13 15 82 14 11 77 71 73 70 79 74 76 80 75 72 29 26 22 21 28 23 25 87 24 20 27 68 7  58 47 17 78 89 38 34 83 32 39 36 35 31 30 33 37
65 66 64 62 60 68 67 86 61 63 4  5  3  1  9  7  6  81 0  2  94 97 88 91 93 89 90 98 92 95 56 55 54 52 50 58 57 85 51 53 45 44 43 40 49 47 46 84 41 42 12 14 15 13 11 19 17 16 82 10 73 75 76 74 72 71 78 77 80 70 24 22 25 23 20 29 27 26 87 21 28 69 8  59 48 18 79 96 30 83 36 35 34 32 37 33 31 39 38
66 61 67 65 63 64 69 68 86 62 5  0  6  4  2  3  8  7  81 1  92 94 90 97 95 88 96 89 98 91 51 56 57 55 53 54 59 58 85 52 41 45 46 44 42 43 48 47 84 40 11 15 10 16 14 12 13 18 17 82 72 76 70 77 75 73 74 79 78 80 25 20 21 26 24 22 23 28 27 87 29 60 9  50 49 19 71 93 34 37 38 31 35 30 33 36 83 32 39
64 67 62 68 61 63 65 60 69 86 3  6  1  7  0  2  4  9  8  81 90 88 91 89 92 95 97 93 96 98 57 54 52 58 51 53 55 50 59 85 46 43 40 47 41 42 44 49 48 84 82 13 16 11 17 10 12 14 19 18 80 74 77 72 78 70 73 75 71 79 23 87 26 20 27 21 22 24 29 28 25 66 5  56 45 15 76 94 37 39 34 36 33 83 32 30 38 31 35
62 65 68 63 69 86 64 61 66 60 1  4  7  2  8  81 3  0  5  9  97 91 89 95 96 98 88 92 94 93 55 52 58 53 59 85 54 51 56 50 44 40 47 42 48 84 43 41 45 49 19 11 14 17 12 18 82 13 10 15 71 72 75 78 73 79 80 74 70 76 20 29 24 27 22 28 87 23 21 25 26 67 6  57 46 16 77 90 32 31 33 34 30 39 83 37 35 38 36
32 30 83 39 36 31 37 35 34 38 73 72 80 71 77 70 78 76 75 79 11 12 82 19 16 10 17 15 14 18 91 95 98 93 90 92 89 94 97 96 62 63 86 60 67 61 68 66 65 69 59 53 52 85 50 57 51 58 56 55 28 22 20 87 29 26 21 27 25 24 2  8  1  81 9  6  0  7  5  4  3  33 74 88 64 54 23 13 49 45 47 40 42 48 41 84 44 46 43
31 83 38 35 30 36 39 33 37 34 70 80 79 76 72 77 71 74 78 75 82 10 18 15 11 16 19 13 17 14 98 92 96 94 91 90 93 88 89 97 86 61 69 66 62 67 60 64 68 65 55 51 85 59 56 52 57 50 54 58 24 21 87 28 25 20 26 29 23 27 0  4  81 8  5  1  6  9  3  7  2  32 73 95 63 53 22 12 45 43 49 84 41 44 46 48 47 40 42
37 33 32 83 35 39 30 38 36 31 78 74 73 80 76 71 72 79 77 70 13 17 12 82 15 19 11 18 16 10 88 89 95 98 94 93 91 96 90 92 64 68 63 86 66 60 62 69 67 61 51 58 54 53 85 56 50 52 59 57 21 27 23 22 87 25 29 20 28 26 7  0  3  2  81 5  9  1  8  6  4  34 75 97 65 55 24 14 84 48 40 43 47 41 49 42 46 45 44
36 38 34 33 83 30 35 32 39 37 77 79 75 74 80 72 76 73 71 78 18 16 14 13 82 11 15 12 19 17 96 90 97 88 98 91 94 95 93 89 69 67 65 64 86 62 66 63 60 68 58 57 59 55 54 85 52 56 53 50 27 26 28 24 23 87 20 25 22 29 6  7  8  4  3  81 1  5  2  9  0  31 70 92 61 51 21 10 43 42 45 48 46 47 40 44 49 84 41
83 37 39 31 34 38 32 36 33 35 80 78 71 70 75 79 73 77 74 76 17 82 19 10 14 18 12 16 13 15 89 98 93 92 97 96 95 90 88 94 68 86 60 61 65 69 63 67 64 66 56 85 58 50 51 55 59 53 57 54 25 87 27 29 21 24 28 22 26 23 81 5  7  9  0  4  8  2  6  3  1  30 72 91 62 52 20 11 41 46 42 47 84 45 48 49 43 44 40
39 32 31 38 33 35 83 34 30 36 71 73 70 79 74 76 80 75 72 77 12 19 10 18 13 15 82 14 11 16 95 93 92 96 88 94 98 97 91 90 63 60 61 69 64 66 86 65 62 67 57 50 53 51 59 54 56 85 55 52 26 29 22 21 28 23 25 87 24 20 9  6  2  0  8  3  5  81 4  1  7  37 78 89 68 58 27 17 48 44 84 42 49 46 45 41 40 43 47
34 35 33 30 39 37 36 83 31 32 75 76 74 72 71 78 77 80 70 73 15 14 13 11 19 17 16 82 10 12 94 97 88 91 93 89 90 98 92 95 66 65 64 62 60 68 67 86 61 63 53 55 56 54 52 50 58 57 85 51 22 24 25 23 20 29 27 26 87 21 4  2  5  3  1  9  7  6  81 0  8  38 79 96 69 59 28 18 40 84 46 45 44 42 47 43 41 49 48
35 31 36 34 32 33 38 37 83 30 76 70 77 75 73 74 79 78 80 72 10 15 16 14 12 13 18 17 82 11 92 94 90 97 95 88 96 89 98 91 61 66 67 65 63 64 69 68 86 62 52 56 51 57 55 53 54 59 58 85 20 25 21 26 24 22 23 28 27 87 5  1  0  6  4  2  3  8  7  81 9  39 71 93 60 50 29 19 44 47 48 41 45 40 43 46 84 42 49
33 36 30 37 31 32 34 39 38 83 74 77 72 78 70 73 75 71 79 80 16 13 11 17 10 12 14 19 18 82 90 88 91 89 92 95 97 93 96 98 67 64 62 68 61 63 65 60 69 86 85 54 57 52 58 51 53 55 50 59 87 23 26 20 27 21 22 24 29 28 3  81 6  1  7  0  2  4  9  8  5  35 76 94 66 56 25 15 47 49 44 46 43 84 42 40 48 41 45
30 34 37 32 38 83 33 31 35 39 72 75 78 73 79 80 74 70 76 71 14 11 17 12 18 82 13 10 15 19 97 91 89 95 96 98 88 92 94 93 65 62 68 63 69 86 64 61 66 60 50 52 55 58 53 59 85 54 51 56 29 20 24 27 22 28 87 23 21 25 1  9  4  7  2  8  81 3  0  5  6  36 77 90 67 57 26 16 42 41 43 44 40 49 84 47 45 48 46
11 14 17 12 18 82 13 10 15 19 40 44 47 42 48 84 43 41 45 49 4  1  7  2  8  81 3  0  5  9  24 20 27 22 28 87 23 21 25 29 97 91 89 95 96 98 88 92 94 93 71 72 75 78 73 79 80 74 70 76 60 62 65 68 63 69 86 64 61 66 30 39 34 37 32 38 83 33 31 35 36 16 46 26 90 77 67 6  53 51 54 55 52 50 85 58 56 59 57
10 82 18 15 11 16 19 13 17 14 41 84 48 45 40 46 49 43 47 44 81 0  8  5  1  6  9  3  7  4  87 21 28 25 20 26 29 23 27 24 98 92 96 94 91 90 93 88 89 97 75 70 80 79 76 72 77 71 74 78 65 61 86 69 66 62 67 60 64 68 31 34 83 38 35 30 36 39 33 37 32 12 42 22 95 73 63 2  56 54 50 85 51 55 57 59 58 52 53
12 11 82 19 16 10 17 15 14 18 42 40 84 49 46 41 47 45 44 48 1  2  81 9  6  0  7  5  4  8  20 22 87 29 26 21 27 25 24 28 91 95 98 93 90 92 89 94 97 96 79 73 72 80 71 77 70 78 76 75 69 63 62 86 60 67 61 68 66 65 32 38 30 83 39 36 31 37 35 34 33 13 43 23 88 74 64 3  50 56 58 52 53 59 51 85 55 57 54
17 13 12 82 15 19 11 18 16 10 47 43 42 84 45 49 40 48 46 41 3  7  2  81 5  9  1  8  6  0  23 27 22 87 25 29 20 28 26 21 88 89 95 98 94 93 91 96 90 92 70 78 74 73 80 76 71 72 79 77 61 68 64 63 86 66 60 62 69 67 37 31 33 32 83 35 39 30 38 36 34 14 44 24 97 75 65 4  85 59 52 54 58 51 50 53 57 56 55
16 18 14 13 82 11 15 12 19 17 46 48 44 43 84 40 45 42 49 47 8  6  4  3  81 1  5  2  9  7  28 26 24 23 87 20 25 22 29 27 96 90 97 88 98 91 94 95 93 89 78 77 79 75 74 80 72 76 73 71 68 67 69 65 64 86 62 66 63 60 36 37 38 34 33 83 30 35 32 39 31 10 41 21 92 70 61 0  54 53 56 59 57 58 52 55 50 85 51
82 17 19 10 14 18 12 16 13 15 84 47 49 41 44 48 42 46 43 45 7  81 9  0  4  8  2  6  3  5  27 87 29 21 24 28 22 26 23 25 89 98 93 92 97 96 95 90 88 94 76 80 78 71 70 75 79 73 77 74 66 86 68 60 61 65 69 63 67 64 83 35 37 39 31 34 38 32 36 33 30 11 40 20 91 72 62 1  51 57 53 58 85 56 59 50 54 55 52
19 12 10 18 13 15 82 14 11 16 49 42 41 48 43 45 84 44 40 46 2  9  0  8  3  5  81 4  1  6  22 29 21 28 23 25 87 24 20 26 95 93 92 96 88 94 98 97 91 90 77 71 73 70 79 74 76 80 75 72 67 60 63 61 69 64 66 86 65 62 39 36 32 31 38 33 35 83 34 30 37 17 47 27 89 78 68 7  59 55 85 53 50 57 56 51 52 54 58
14 15 13 11 19 17 16 82 10 12 44 45 43 40 49 47 46 84 41 42 5  4  3  1  9  7  6  81 0  2  25 24 23 20 29 27 26 87 21 22 94 97 88 91 93 89 90 98 92 95 73 75 76 74 72 71 78 77 80 70 63 65 66 64 62 60 68 67 86 61 34 32 35 33 30 39 37 36 83 31 38 18 48 28 96 79 69 8  52 85 57 56 55 53 58 54 51 50 59
15 10 16 14 12 13 18 17 82 11 45 41 46 44 42 43 48 47 84 40 0  5  6  4  2  3  8  7  81 1  21 25 26 24 22 23 28 27 87 20 92 94 90 97 95 88 96 89 98 91 72 76 70 77 75 73 74 79 78 80 62 66 61 67 65 63 64 69 68 86 35 30 31 36 34 32 33 38 37 83 39 19 49 29 93 71 60 9  55 58 59 51 56 52 54 57 85 53 50
13 16 11 17 10 12 14 19 18 82 43 46 40 47 41 42 44 49 48 84 6  3  1  7  0  2  4  9  8  81 26 23 20 27 21 22 24 29 28 87 90 88 91 89 92 95 97 93 96 98 80 74 77 72 78 70 73 75 71 79 86 64 67 62 68 61 63 65 60 69 33 83 36 30 37 31 32 34 39 38 35 15 45 25 94 76 66 5  58 50 55 57 54 85 53 52 59 51 56
40 44 47 42 48 84 43 41 45 49 20 24 27 22 28 87 23 21 25 29 55 52 58 53 59 85 54 51 56 50 14 11 17 12 18 82 13 10 15 19 34 30 37 32 38 83 33 31 35 39 93 91 97 89 95 96 98 88 92 94 9  1  4  7  2  8  81 3  0  5  72 71 75 78 73 79 80 74 70 76 77 46 26 16 36 90 6  57 63 61 64 65 62 60 86 68 66 69 67
41 84 48 45 40 46 49 43 47 44 21 87 28 25 20 26 29 23 27 24 85 51 59 56 52 57 50 54 58 55 82 10 18 15 11 16 19 13 17 14 83 31 38 35 30 36 39 33 37 34 97 92 98 96 94 91 90 93 88 89 4  0  81 8  5  1  6  9  3  7  70 75 80 79 76 72 77 71 74 78 73 42 22 12 32 95 2  53 66 64 60 86 61 65 67 69 68 62 63
42 40 84 49 46 41 47 45 44 48 22 20 87 29 26 21 27 25 24 28 52 53 85 50 57 51 58 56 55 59 11 12 82 19 16 10 17 15 14 18 30 32 83 39 36 31 37 35 34 38 96 95 91 98 93 90 92 89 94 97 8  2  1  81 9  6  0  7  5  4  73 79 72 80 71 77 70 78 76 75 74 43 23 13 33 88 3  54 60 66 68 62 63 69 61 86 65 67 64
47 43 42 84 45 49 40 48 46 41 27 23 22 87 25 29 20 28 26 21 54 58 53 85 56 50 52 59 57 51 13 17 12 82 15 19 11 18 16 10 33 37 32 83 35 39 30 38 36 31 92 89 88 95 98 94 93 91 96 90 0  7  3  2  81 5  9  1  8  6  78 70 74 73 80 76 71 72 79 77 75 44 24 14 34 97 4  55 86 69 62 64 68 61 60 63 67 66 65
46 48 44 43 84 40 45 42 49 47 26 28 24 23 87 20 25 22 29 27 59 57 55 54 85 52 56 53 50 58 18 16 14 13 82 11 15 12 19 17 38 36 34 33 83 30 35 32 39 37 89 90 96 97 88 98 91 94 95 93 7  6  8  4  3  81 1  5  2  9  77 78 79 75 74 80 72 76 73 71 70 41 21 10 31 92 0  51 64 63 66 69 67 68 62 65 60 86 61
84 47 49 41 44 48 42 46 43 45 87 27 29 21 24 28 22 26 23 25 58 85 50 51 55 59 53 57 54 56 17 82 19 10 14 18 12 16 13 15 37 83 39 31 34 38 32 36 33 35 94 98 89 93 92 97 96 95 90 88 5  81 7  9  0  4  8  2  6  3  80 76 78 71 70 75 79 73 77 74 72 40 20 11 30 91 1  52 61 67 63 68 86 66 69 60 64 65 62
49 42 41 48 43 45 84 44 40 46 29 22 21 28 23 25 87 24 20 26 53 50 51 59 54 56 85 55 52 57 12 19 10 18 13 15 82 14 11 16 32 39 31 38 33 35 83 34 30 36 90 93 95 92 96 88 94 98 97 91 6  9  2  0  8  3  5  81 4  1  71 77 73 70 79 74 76 80 75 72 78 47 27 17 37 89 7  58 69 65 86 63 60 67 66 61 62 64 68
44 45 43 40 49 47 46 84 41 42 24 25 23 20 29 27 26 87 21 22 56 55 54 52 50 58 57 85 51 53 15 14 13 11 19 17 16 82 10 12 35 34 33 30 39 37 36 83 31 32 95 97 94 88 91 93 89 90 98 92 2  4  5  3  1  9  7  6  81 0  75 73 76 74 72 71 78 77 80 70 79 48 28 18 38 96 8  59 62 86 67 66 65 63 68 64 61 60 69
45 41 46 44 42 43 48 47 84 40 25 21 26 24 22 23 28 27 87 20 51 56 57 55 53 54 59 58 85 52 10 15 16 14 12 13 18 17 82 11 31 35 36 34 32 33 38 37 83 30 91 94 92 90 97 95 88 96 89 98 1  5  0  6  4  2  3  8  7  81 76 72 70 77 75 73 74 79 78 80 71 49 29 19 39 93 9  50 65 68 69 61 66 62 64 67 86 63 60
43 46 40 47 41 42 44 49 48 84 23 26 20 27 21 22 24 29 28 87 57 54 52 58 51 53 55 50 59 85 16 13 11 17 10 12 14 19 18 82 36 33 30 37 31 32 34 39 38 83 98 88 90 91 89 92 95 97 93 96 81 3  6  1  7  0  2  4  9  8  74 80 77 72 78 70 73 75 71 79 76 45 25 15 35 94 5  56 68 60 65 67 64 86 63 62 69 61 66
0  81 8  5  1  6  9  3  7  4  51 85 59 56 52 57 50 54 58 55 83 31 38 35 30 36 39 33 37 34 86 61 69 66 62 67 60 64 68 65 87 21 28 25 20 26 29 23 27 24 44 41 84 48 45 40 46 49 43 47 97 92 98 96 94 91 90 93 88 89 10 14 82 18 15 11 16 19 13 17 12 2  53 63 22 42 95 32 76 74 71 80 70 75 77 79 78 72 73
1  4  7  2  8  81 3  0  5  9  52 55 58 53 59 85 54 51 56 50 34 30 37 32 38 83 33 31 35 39 65 62 68 63 69 86 64 61 66 60 24 20 27 22 28 87 23 21 25 29 49 40 44 47 42 48 84 43 41 45 93 91 97 89 95 96 98 88 92 94 11 19 14 17 12 18 82 13 10 15 16 6  57 67 26 46 90 36 73 70 74 75 72 71 80 78 76 79 77
2  1  81 9  6  0  7  5  4  8  53 52 85 50 57 51 58 56 55 59 30 32 83 39 36 31 37 35 34 38 62 63 86 60 67 61 68 66 65 69 20 22 87 29 26 21 27 25 24 28 48 42 40 84 49 46 41 47 45 44 96 95 91 98 93 90 92 89 94 97 12 18 11 82 19 16 10 17 15 14 13 3  54 64 23 43 88 33 71 76 78 72 73 79 70 80 75 77 74
7  3  2  81 5  9  1  8  6  0  58 54 53 85 56 50 52 59 57 51 33 37 32 83 35 39 30 38 36 31 64 68 63 86 66 60 62 69 67 61 23 27 22 87 25 29 20 28 26 21 41 47 43 42 84 45 49 40 48 46 92 89 88 95 98 94 93 91 96 90 17 10 13 12 82 15 19 11 18 16 14 4  55 65 24 44 97 34 80 79 72 74 78 70 71 73 77 76 75
6  8  4  3  81 1  5  2  9  7  57 59 55 54 85 52 56 53 50 58 38 36 34 33 83 30 35 32 39 37 69 67 65 64 86 62 66 63 60 68 28 26 24 23 87 20 25 22 29 27 47 46 48 44 43 84 40 45 42 49 89 90 96 97 88 98 91 94 95 93 16 17 18 14 13 82 11 15 12 19 10 0  51 61 21 41 92 31 74 73 76 79 77 78 72 75 71 80 70
81 7  9  0  4  8  2  6  3  5  85 58 50 51 55 59 53 57 54 56 37 83 39 31 34 38 32 36 33 35 68 86 60 61 65 69 63 67 64 66 27 87 29 21 24 28 22 26 23 25 45 84 47 49 41 44 48 42 46 43 94 98 89 93 92 97 96 95 90 88 82 15 17 19 10 14 18 12 16 13 11 1  52 62 20 40 91 30 70 77 73 78 80 76 79 71 74 75 72
9  2  0  8  3  5  81 4  1  6  50 53 51 59 54 56 85 55 52 57 32 39 31 38 33 35 83 34 30 36 63 60 61 69 64 66 86 65 62 67 22 29 21 28 23 25 87 24 20 26 46 49 42 41 48 43 45 84 44 40 90 93 95 92 96 88 94 98 97 91 19 16 12 10 18 13 15 82 14 11 17 7  58 68 27 47 89 37 79 75 80 73 71 77 76 70 72 74 78
4  5  3  1  9  7  6  81 0  2  55 56 54 52 50 58 57 85 51 53 35 34 33 30 39 37 36 83 31 32 66 65 64 62 60 68 67 86 61 63 25 24 23 20 29 27 26 87 21 22 42 44 45 43 40 49 47 46 84 41 95 97 94 88 91 93 89 90 98 92 14 12 15 13 11 19 17 16 82 10 18 8  59 69 28 48 96 38 72 80 77 76 75 73 78 74 70 71 79
5  0  6  4  2  3  8  7  81 1  56 51 57 55 53 54 59 58 85 52 31 35 36 34 32 33 38 37 83 30 61 66 67 65 63 64 69 68 86 62 21 25 26 24 22 23 28 27 87 20 40 45 41 46 44 42 43 48 47 84 91 94 92 90 97 95 88 96 89 98 15 11 10 16 14 12 13 18 17 82 19 9  50 60 29 49 93 39 75 78 79 70 76 72 74 77 80 73 71
3  6  1  7  0  2  4  9  8  81 54 57 52 58 51 53 55 50 59 85 36 33 30 37 31 32 34 39 38 83 67 64 62 68 61 63 65 60 69 86 26 23 20 27 21 22 24 29 28 87 84 43 46 40 47 41 42 44 49 48 98 88 90 91 89 92 95 97 93 96 13 82 16 11 17 10 12 14 19 18 15 5  56 66 25 45 94 35 78 71 75 77 74 80 73 72 79 70 76
8  9  5  6  7  4  0  1  2  3  59 50 56 57 58 55 51 52 53 54 39 38 35 36 37 34 31 30 32 33 60 69 66 67 68 65 61 62 63 64 29 28 25 26 27 24 21 20 22 23 43 48 49 45 46 47 44 41 40 42 88 96 93 94 90 89 97 92 91 95 18 13 19 15 16 17 14 10 11 12 82 81 85 86 87 84 98 83 77 72 70 71 79 74 75 76 73 78 80
28 29 25 26 27 24 21 20 22 23 18 19 15 16 17 14 10 11 12 13 60 69 66 67 68 65 61 62 63 64 49 48 45 46 47 44 41 40 42 43 71 79 76 77 78 75 70 72 73 74 33 38 39 35 36 37 34 31 30 32 54 59 50 56 57 58 55 51 52 53 96 88 93 94 90 89 97 92 91 95 98 87 82 84 80 83 85 86 6  1  0  9  8  3  4  5  2  7  81
96 93 94 90 89 97 92 91 95 88 38 39 35 36 37 34 31 30 32 33 29 28 25 26 27 24 21 20 22 23 71 79 76 77 78 75 70 72 73 74 50 59 56 57 58 55 51 52 53 54 3  8  9  5  6  7  4  0  1  2  43 48 49 45 46 47 44 41 40 42 69 64 60 66 67 68 65 61 62 63 86 98 83 80 85 81 84 87 16 11 10 19 18 13 14 15 12 17 82
69 60 66 67 68 65 61 62 63 64 8  9  5  6  7  4  0  1  2  3  93 96 94 90 89 97 92 91 95 88 50 59 56 57 58 55 51 52 53 54 49 48 45 46 47 44 41 40 42 43 13 18 19 15 16 17 14 10 11 12 74 79 71 76 77 78 75 70 72 73 28 23 29 25 26 27 24 21 20 22 87 86 81 85 84 82 80 98 36 30 31 39 38 33 34 35 32 37 83
38 39 35 36 37 34 31 30 32 33 79 71 76 77 78 75 70 72 73 74 19 18 15 16 17 14 10 11 12 13 93 96 94 90 89 97 92 91 95 88 60 69 66 67 68 65 61 62 63 64 54 59 50 56 57 58 55 51 52 53 23 28 29 25 26 27 24 21 20 22 8  3  9  5  6  7  4  0  1  2  81 83 80 98 86 85 87 82 46 40 41 49 48 43 44 45 42 47 84
18 19 15 16 17 14 10 11 12 13 48 49 45 46 47 44 41 40 42 43 9  8  5  6  7  4  0  1  2  3  29 28 25 26 27 24 21 20 22 23 93 96 94 90 89 97 92 91 95 88 74 79 71 76 77 78 75 70 72 73 64 69 60 66 67 68 65 61 62 63 38 33 39 35 36 37 34 31 30 32 83 82 84 87 98 80 86 81 57 52 51 50 59 54 55 56 53 58 85
48 49 45 46 47 44 41 40 42 43 28 29 25 26 27 24 21 20 22 23 50 59 56 57 58 55 51 52 53 54 19 18 15 16 17 14 10 11 12 13 39 38 35 36 37 34 31 30 32 33 88 96 93 94 90 89 97 92 91 95 3  8  9  5  6  7  4  0  1  2  79 74 71 76 77 78 75 70 72 73 80 84 87 82 83 98 81 85 67 62 61 60 69 64 65 66 63 68 86
79 71 76 77 78 75 70 72 73 74 96 93 94 90 89 97 92 91 95 88 49 48 45 46 47 44 41 40 42 43 39 38 35 36 37 34 31 30 32 33 9  8  5  6  7  4  0  1  2  3  64 69 60 66 67 68 65 61 62 63 13 18 19 15 16 17 14 10 11 12 59 54 50 56 57 58 55 51 52 53 85 80 98 83 81 86 82 84 26 20 21 29 28 23 24 25 22 27 87
57 59 55 54 85 52 56 53 50 58 67 69 65 64 86 62 66 63 60 68 79 77 75 74 80 72 76 73 71 78 8  6  4  3  81 1  5  2  9  7  18 16 14 13 82 11 15 12 19 17 27 26 28 24 23 87 20 25 22 29 37 36 38 34 33 83 30 35 32 39 46 47 48 44 43 84 40 45 42 49 41 51 61 0  10 21 31 70 88 95 94 96 90 89 91 97 93 98 92
56 51 57 55 53 54 59 58 85 52 66 61 67 65 63 64 69 68 86 62 70 76 77 75 73 74 79 78 80 72 0  5  6  4  2  3  8  7  81 1  10 15 16 14 12 13 18 17 82 11 20 25 21 26 24 22 23 28 27 87 30 35 31 36 34 32 33 38 37 83 45 40 41 46 44 42 43 48 47 84 49 50 60 9  19 29 39 71 97 89 96 92 94 91 88 90 98 95 93
55 56 54 52 50 58 57 85 51 53 65 66 64 62 60 68 67 86 61 63 76 75 74 72 71 78 77 80 70 73 5  4  3  1  9  7  6  81 0  2  15 14 13 11 19 17 16 82 10 12 22 24 25 23 20 29 27 26 87 21 32 34 35 33 30 39 37 36 83 31 44 42 45 43 40 49 47 46 84 41 48 59 69 8  18 28 38 79 91 98 90 94 97 95 89 88 92 93 96
53 52 85 50 57 51 58 56 55 59 63 62 86 60 67 61 68 66 65 69 72 73 80 71 77 70 78 76 75 79 1  2  81 9  6  0  7  5  4  8  11 12 82 19 16 10 17 15 14 18 28 22 20 87 29 26 21 27 25 24 38 32 30 83 39 36 31 37 35 34 42 48 40 84 49 46 41 47 45 44 43 54 64 3  13 23 33 74 93 94 89 91 95 96 92 98 97 90 88
51 85 59 56 52 57 50 54 58 55 61 86 69 66 62 67 60 64 68 65 80 70 79 76 72 77 71 74 78 75 81 0  8  5  1  6  9  3  7  4  82 10 18 15 11 16 19 13 17 14 24 21 87 28 25 20 26 29 23 27 34 31 83 38 35 30 36 39 33 37 41 44 84 48 45 40 46 49 43 47 42 53 63 2  12 22 32 73 94 88 93 98 92 97 90 96 89 91 95
52 55 58 53 59 85 54 51 56 50 62 65 68 63 69 86 64 61 66 60 75 72 78 73 79 80 74 70 76 71 4  1  7  2  8  81 3  0  5  9  14 11 17 12 18 82 13 10 15 19 29 20 24 27 22 28 87 23 21 25 39 30 34 37 32 38 83 33 31 35 40 49 44 47 42 48 84 43 41 45 46 57 67 6  16 26 36 77 95 92 88 97 91 93 98 89 94 96 90
50 53 51 59 54 56 85 55 52 57 60 63 61 69 64 66 86 65 62 67 73 71 70 79 74 76 80 75 72 77 2  9  0  8  3  5  81 4  1  6  12 19 10 18 13 15 82 14 11 16 26 29 22 21 28 23 25 87 24 20 36 39 32 31 38 33 35 83 34 30 49 46 42 41 48 43 45 84 44 40 47 58 68 7  17 27 37 78 96 97 98 95 93 90 94 92 91 88 89
58 54 53 85 56 50 52 59 57 51 68 64 63 86 66 60 62 69 67 61 74 78 73 80 76 71 72 79 77 70 3  7  2  81 5  9  1  8  6  0  13 17 12 82 15 19 11 18 16 10 21 27 23 22 87 25 29 20 28 26 31 37 33 32 83 35 39 30 38 36 47 41 43 42 84 45 49 40 48 46 44 55 65 4  14 24 34 75 98 96 91 88 89 92 93 95 90 94 97
54 57 52 58 51 53 55 50 59 85 64 67 62 68 61 63 65 60 69 86 77 74 72 78 70 73 75 71 79 80 6  3  1  7  0  2  4  9  8  81 16 13 11 17 10 12 14 19 18 82 87 23 26 20 27 21 22 24 29 28 83 33 36 30 37 31 32 34 39 38 43 84 46 40 47 41 42 44 49 48 45 56 66 5  15 25 35 76 89 93 97 90 88 98 95 91 96 92 94
85 58 50 51 55 59 53 57 54 56 86 68 60 61 65 69 63 67 64 66 78 80 71 70 75 79 73 77 74 76 7  81 9  0  4  8  2  6  3  5  17 82 19 10 14 18 12 16 13 15 25 87 27 29 21 24 28 22 26 23 35 83 37 39 31 34 38 32 36 33 84 45 47 49 41 44 48 42 46 43 40 52 62 1  11 20 30 72 92 90 95 89 98 94 96 93 88 97 91
59 50 56 57 58 55 51 52 53 54 69 60 66 67 68 65 61 62 63 64 71 79 76 77 78 75 70 72 73 74 9  8  5  6  7  4  0  1  2  3  19 18 15 16 17 14 10 11 12 13 23 28 29 25 26 27 24 21 20 22 33 38 39 35 36 37 34 31 30 32 48 43 49 45 46 47 44 41 40 42 84 85 86 81 82 87 83 80 90 91 92 93 96 88 97 94 95 89 98
