3  95 2  7  5  1  4  6  22 19 17 20 16 18 89 23 44 46 96 43 42 47 45 40 15 9  98 14 13 10 8  11 83 86 87 93 85 81 82 80 60 92 57 56 61 59 62 58 30 28 31 27 29 88 26 25 77 90 74 73 78 76 79 75 97 32 39 36 34 37 33 35 64 68 70 91 67 66 71 69 51 50 48 55 52 53 49 94 12 41 65 38 72 54 24 0  63 84 21 
0  2  6  4  7  3  5  95 23 18 22 16 89 21 20 17 45 96 42 41 46 44 47 43 13 11 14 10 12 98 9  8  93 83 82 86 81 80 84 85 57 63 58 62 56 92 61 60 28 27 24 30 25 29 31 88 73 77 79 90 76 75 72 78 39 38 35 33 36 32 34 97 67 69 91 66 65 70 68 71 55 49 53 94 50 54 52 51 15 40 64 37 74 48 26 1  59 87 19 
95 7  4  3  1  6  0  5  19 20 21 22 23 16 17 18 41 45 47 96 44 43 40 46 98 12 11 8  14 9  13 15 82 87 85 84 86 83 81 93 56 60 62 92 59 58 63 61 88 29 28 25 31 26 30 24 79 74 78 72 90 77 76 73 36 97 33 32 37 35 38 34 70 65 69 71 91 68 67 64 53 51 52 54 94 50 55 48 10 42 66 39 75 49 27 2  57 80 89 
1  6  95 5  4  0  7  2  17 21 23 89 20 19 16 22 47 42 46 40 96 45 44 41 12 8  10 98 15 14 11 9  86 93 84 83 80 85 87 81 58 59 60 61 62 63 56 57 27 30 26 28 88 25 24 29 90 73 72 77 75 78 74 76 35 37 97 34 33 38 36 39 65 71 66 70 64 91 69 68 94 52 54 51 49 48 50 55 13 43 67 32 79 53 31 3  92 82 18 
7  3  0  95 6  5  2  1  20 22 89 19 18 23 21 16 42 40 43 47 41 96 46 45 11 10 15 13 8  12 14 98 81 85 86 80 87 82 83 84 92 56 63 60 58 61 57 59 26 31 29 24 28 30 88 27 76 78 90 75 74 79 77 72 32 36 38 97 35 34 39 37 69 66 64 67 71 65 91 70 50 53 94 49 48 51 54 52 9  44 68 33 73 55 25 4  62 93 17 
4  0  1  2  95 7  6  3  16 23 20 18 21 17 19 89 46 43 41 44 40 42 96 47 8  98 13 12 9  15 10 14 80 81 83 85 82 84 93 87 63 62 59 57 60 56 58 92 31 24 25 26 27 28 29 30 75 76 77 78 79 72 73 74 38 33 37 39 97 36 35 32 71 70 67 65 68 64 66 91 49 54 51 52 53 55 48 50 11 45 69 34 90 94 88 5  61 86 22 
2  4  5  0  3  95 1  7  18 16 19 23 17 89 22 21 40 47 44 42 45 41 43 96 14 15 8  9  10 11 12 13 84 82 81 87 83 93 80 86 62 57 61 63 92 60 59 56 29 25 27 88 24 31 28 26 72 79 76 74 77 73 75 90 33 39 34 38 32 97 37 36 91 64 71 68 66 69 65 67 54 55 50 48 51 49 94 53 98 46 70 35 78 52 30 6  58 85 20 
5  1  3  6  2  4  95 0  89 17 16 21 19 22 18 20 96 41 40 45 43 46 42 44 9  14 12 15 11 13 98 10 85 80 93 81 84 87 86 82 59 61 92 58 57 62 60 63 24 26 88 31 30 27 25 28 78 75 73 76 72 74 90 79 37 34 32 35 39 33 97 38 68 91 65 64 69 67 70 66 52 48 55 50 54 94 53 49 8  47 71 36 77 51 29 7  56 83 23 
90 74 79 78 75 73 76 72 10 9  14 12 15 11 13 98 85 82 84 93 87 80 81 83 54 51 49 52 48 50 94 55 92 59 58 63 61 56 60 62 68 66 69 65 67 91 64 71 1  3  7  0  95 6  5  2  23 22 19 17 20 16 18 89 30 26 28 88 25 24 29 27 34 39 37 32 36 38 97 35 42 41 47 46 43 44 40 96 53 86 33 31 21 45 4  77 70 57 8  
77 79 72 76 78 90 75 74 98 11 10 15 13 8  12 14 81 84 87 86 82 85 80 93 48 55 52 50 53 49 51 94 63 92 60 59 56 62 57 61 69 70 71 64 65 66 67 68 3  0  4  1  2  95 7  6  17 23 18 22 16 89 21 20 28 31 27 29 88 26 25 30 36 35 32 38 33 37 39 97 46 40 44 96 41 45 43 42 54 83 34 24 19 47 5  73 91 58 9  
76 77 73 79 74 78 72 90 15 98 12 11 8  14 9  13 82 93 86 85 83 87 84 80 94 49 48 53 51 54 50 52 62 56 92 61 60 57 63 58 70 64 91 69 68 65 71 66 7  4  2  5  0  3  95 1  89 16 23 20 18 21 17 19 31 29 24 28 30 88 27 26 97 37 36 33 39 34 38 32 40 45 42 43 44 46 47 41 55 81 35 25 22 96 6  75 67 59 10 
73 72 74 75 76 77 78 79 14 8  98 13 12 9  15 10 80 87 82 83 84 81 85 86 53 94 50 49 54 52 55 51 59 63 57 92 62 61 58 56 71 91 68 67 64 70 65 69 0  1  5  3  6  2  4  95 22 17 21 23 89 20 19 16 27 24 30 25 29 31 88 28 33 97 38 37 34 32 35 39 96 43 45 42 40 47 41 46 48 93 36 26 18 44 7  90 66 60 11 
79 76 75 77 90 74 73 78 11 15 9  98 14 13 10 8  83 80 85 87 81 86 93 84 52 54 94 51 50 55 53 48 57 60 56 58 92 63 62 59 64 69 67 70 66 68 91 65 95 2  0  6  4  7  3  5  21 18 16 19 23 17 89 22 29 28 25 31 26 30 24 88 32 34 97 39 38 35 33 36 45 46 41 47 42 40 96 44 49 82 37 27 20 43 1  72 71 61 12 
74 78 76 90 73 72 77 75 9  12 8  10 98 15 14 11 86 81 80 84 85 93 83 82 49 53 55 94 52 51 48 54 60 58 61 57 59 92 56 63 65 68 64 66 91 71 70 67 6  95 3  2  7  5  1  4  18 19 20 21 22 23 16 17 88 30 29 26 24 27 31 25 37 33 35 97 32 39 36 34 44 42 43 45 96 41 46 47 50 87 38 28 89 40 0  79 69 62 13 
78 90 77 74 72 75 79 73 12 10 13 9  11 98 8  15 87 83 93 80 86 84 82 81 55 50 54 48 94 53 52 49 56 61 59 62 58 60 92 57 66 65 70 68 71 67 69 91 5  7  95 4  3  1  6  0  16 20 22 89 19 18 23 21 26 88 31 30 27 25 28 24 35 38 34 36 97 33 32 37 41 44 96 40 47 42 45 43 51 85 39 29 17 46 2  76 64 63 14 
72 75 78 73 77 79 90 76 8  13 11 14 10 12 98 9  93 85 81 82 80 83 86 87 50 48 51 55 49 94 54 53 58 57 62 60 63 59 61 92 67 71 65 91 70 69 66 64 2  6  1  95 5  4  0  7  19 21 89 18 17 22 20 23 25 27 88 24 31 28 26 29 38 36 39 35 37 97 34 33 47 96 40 44 46 43 42 45 52 84 32 30 16 41 3  74 68 56 15 
71 67 65 91 70 69 66 64 30 88 27 26 31 29 24 28 18 17 22 20 23 19 21 89 4  95 0  1  5  3  6  2  8  11 15 9  98 14 13 10 48 94 53 52 49 55 50 54 56 62 57 61 63 92 60 59 39 97 36 35 32 38 33 37 81 82 80 83 86 87 93 85 41 47 42 46 40 96 45 44 75 72 77 78 79 73 74 76 7  16 43 84 34 90 58 68 51 12 25 
65 66 70 68 71 67 69 91 29 31 88 28 27 24 30 25 89 19 18 23 21 16 20 22 1  4  6  95 3  2  7  5  12 13 14 15 8  9  10 11 50 53 49 51 94 48 55 52 63 59 61 92 58 57 62 60 34 33 38 36 39 35 37 97 93 80 86 84 82 81 87 83 46 41 45 47 96 44 43 40 90 78 72 77 75 74 76 73 0  17 42 85 32 79 56 64 54 98 26 
91 71 68 67 64 70 65 69 26 30 24 88 29 28 25 31 23 89 20 19 16 22 17 21 2  3  4  5  6  7  1  0  14 98 11 10 15 13 8  12 94 52 51 48 54 49 53 55 60 57 63 58 62 56 92 61 38 32 97 37 36 33 39 34 82 83 84 81 85 86 80 87 44 96 41 40 45 43 46 42 72 73 76 74 77 75 90 79 95 18 47 93 35 78 59 66 50 9  27 
70 69 71 64 65 66 67 68 24 27 31 25 88 30 29 26 22 16 89 21 20 17 23 18 95 1  7  4  2  5  0  3  98 10 9  14 12 15 11 13 55 49 94 54 53 50 48 51 58 60 92 57 56 61 59 62 32 37 35 38 34 36 97 33 87 86 82 85 80 93 81 84 47 46 43 41 44 40 42 96 79 77 78 72 90 76 73 74 6  19 45 83 39 75 63 91 52 8  28 
69 64 67 70 66 68 91 65 27 25 28 24 26 88 31 30 19 23 17 89 22 21 18 16 7  6  3  0  4  1  2  95 11 9  12 8  10 98 15 14 54 55 48 49 50 51 52 53 61 56 60 62 92 59 58 63 97 35 34 39 37 32 36 38 85 87 81 86 93 84 83 80 43 45 96 42 41 46 44 47 76 79 90 75 74 77 72 78 5  20 40 82 33 73 57 71 94 13 29 
66 68 69 65 67 91 64 71 31 28 26 29 25 27 88 24 17 20 16 18 89 23 22 19 6  0  5  7  95 4  3  1  10 14 8  98 13 12 9  15 51 50 55 53 48 52 54 94 57 58 59 60 61 62 63 56 37 38 39 32 33 34 35 36 84 93 87 80 81 83 85 82 45 42 40 43 47 41 96 46 74 90 75 79 73 78 77 72 2  21 44 86 97 76 92 70 49 11 30 
64 70 91 69 68 65 71 66 25 24 29 27 30 26 28 88 20 18 21 17 19 89 16 23 3  5  95 2  0  6  4  7  15 12 10 13 9  11 98 8  49 54 52 55 51 53 94 50 59 92 56 63 60 58 61 57 36 34 37 33 35 97 32 39 86 85 83 87 84 80 82 93 96 40 47 44 42 45 41 43 77 76 74 73 78 79 75 90 1  22 46 81 38 72 62 67 48 14 31 
67 91 66 71 69 64 68 70 88 26 25 30 28 31 27 29 16 21 19 22 18 20 89 17 0  7  2  6  1  95 5  4  13 15 98 12 11 8  14 9  52 48 50 94 55 54 51 49 92 63 62 59 57 60 56 58 33 36 32 34 97 39 38 35 83 81 93 82 87 85 84 86 42 43 44 45 46 47 40 41 73 75 79 90 76 72 78 77 3  23 96 80 37 74 61 65 53 10 24 
62 63 59 57 60 56 58 92 34 37 33 35 97 32 39 36 79 73 90 78 77 74 72 75 26 25 30 28 31 27 29 88 89 16 23 20 18 21 17 19 98 15 14 11 9  12 8  10 86 83 81 93 82 87 85 84 67 64 70 65 69 71 91 68 41 44 40 42 96 47 46 43 94 49 48 53 51 54 50 52 5  6  0  7  2  1  95 4  24 76 55 45 66 3  80 61 13 22 38 
57 62 61 63 92 60 59 56 35 34 39 37 32 36 38 97 77 75 78 74 76 90 73 72 88 27 26 31 29 24 28 30 21 18 16 19 23 17 89 22 15 11 13 98 10 9  14 12 85 81 82 80 83 86 87 93 71 69 64 68 70 91 67 66 44 42 45 41 43 96 40 47 52 54 94 51 50 55 53 48 6  1  4  95 0  5  3  2  25 79 49 46 65 7  84 58 8  20 33 
61 59 92 58 57 62 60 63 36 32 34 97 39 38 35 33 72 90 77 76 73 79 74 78 31 88 28 27 24 30 25 29 20 89 17 16 21 19 22 18 14 13 10 8  11 15 9  98 83 93 80 86 84 82 81 87 65 67 91 64 71 68 66 69 40 45 43 46 42 44 96 41 51 52 53 54 55 48 49 50 7  95 1  4  6  3  2  5  26 75 94 47 70 0  85 56 12 23 37 
63 57 58 62 56 92 61 60 37 35 38 34 36 97 33 32 76 72 74 90 79 78 75 73 30 24 88 29 28 25 31 26 17 23 18 22 16 89 21 20 11 98 8  15 12 10 13 9  87 82 83 84 81 85 86 80 91 70 69 66 64 67 71 65 42 41 46 44 47 43 45 96 48 55 52 50 53 49 51 94 1  5  2  3  4  6  7  0  27 77 54 40 68 95 93 59 14 19 39 
92 60 57 56 61 59 62 58 38 39 32 33 34 35 36 37 78 79 72 73 74 75 76 77 27 31 25 88 30 29 26 24 23 22 19 17 20 16 18 89 9  10 11 12 13 14 15 8  84 87 86 82 85 80 93 81 70 66 68 91 65 64 69 67 96 43 42 47 45 40 44 46 54 51 49 52 48 50 94 55 0  4  95 1  7  2  5  3  28 90 53 41 71 6  83 63 98 21 97 
60 56 62 92 59 58 63 61 39 33 97 38 37 34 32 35 90 76 75 72 78 73 77 79 25 28 24 26 88 31 30 27 18 19 20 21 22 23 16 17 12 9  15 10 14 8  98 13 80 85 87 81 86 93 84 83 69 68 65 71 66 70 64 91 47 96 44 43 40 46 41 45 49 53 55 94 52 51 48 54 2  0  7  6  3  4  1  95 29 74 50 42 67 5  82 57 11 89 36 
59 58 60 61 62 63 56 57 32 97 37 36 33 39 34 38 75 74 79 77 72 76 78 90 28 26 29 25 27 88 24 31 22 17 21 23 89 20 19 16 8  14 9  13 15 98 12 11 82 84 93 87 80 81 83 85 66 91 71 70 67 65 68 64 46 40 96 45 44 41 47 42 53 94 50 49 54 52 55 51 3  7  6  0  5  95 4  1  30 73 48 43 69 2  86 92 10 18 35 
56 92 63 60 58 61 57 59 33 38 36 39 35 37 97 34 74 77 73 75 90 72 79 76 24 29 27 30 26 28 88 25 16 20 22 89 19 18 23 21 10 12 98 9  8  13 11 14 93 86 85 83 87 84 80 82 64 65 66 67 68 69 70 71 43 47 41 96 46 45 42 40 55 50 54 48 94 53 52 49 4  2  3  5  95 0  6  7  31 78 51 44 91 1  81 62 15 17 32 
12 10 98 9  8  13 11 14 44 41 47 42 46 40 96 45 68 70 91 67 66 71 69 64 84 83 80 85 87 81 86 93 34 33 38 36 39 35 37 97 24 25 26 27 28 29 30 31 17 22 20 23 19 21 89 18 54 53 50 48 51 55 49 94 73 75 90 72 79 76 74 77 1  4  6  95 3  2  7  5  92 56 58 63 61 60 62 59 82 65 0  78 52 57 16 15 88 32 43 
11 15 13 98 10 9  14 12 46 45 42 40 43 47 41 96 70 67 65 68 64 66 91 71 86 80 87 82 83 84 81 85 97 35 34 39 37 32 36 38 88 30 29 26 24 27 31 25 20 16 18 89 23 22 19 17 94 55 54 51 49 52 48 50 78 74 76 90 73 72 77 75 7  6  3  0  4  1  2  95 62 57 92 61 60 63 58 56 93 69 5  79 53 59 21 8  28 33 44 
8  13 12 14 98 11 10 15 96 47 46 43 41 44 40 42 91 65 64 69 67 70 66 68 83 85 82 84 93 87 80 81 39 97 36 35 32 38 33 37 29 28 25 31 26 30 24 88 16 89 21 20 17 23 18 22 51 94 48 55 52 50 53 49 76 79 75 77 90 74 73 78 4  95 0  1  5  3  6  2  61 58 63 56 57 59 60 62 86 71 7  72 54 92 19 9  27 34 45 
14 8  9  13 15 98 12 11 43 96 40 47 44 42 45 41 67 68 69 70 71 64 65 66 81 87 83 93 80 86 84 82 38 32 97 37 36 33 39 34 28 31 27 29 88 26 25 30 18 21 17 19 89 16 23 20 50 52 94 49 48 53 51 54 79 77 72 76 78 90 75 74 2  3  4  5  6  7  1  0  58 59 62 60 63 61 92 57 85 91 95 73 55 56 22 10 24 35 46 
9  12 15 10 14 8  98 13 42 44 96 41 40 45 43 46 66 64 67 71 65 91 70 69 93 81 84 87 86 82 85 80 35 39 33 97 38 37 34 32 25 27 88 24 31 28 26 29 89 20 19 16 22 17 21 23 55 51 53 94 50 49 54 52 75 72 78 73 77 79 90 76 5  2  1  3  7  0  95 6  56 60 59 62 58 92 57 61 83 68 4  74 48 63 18 11 30 36 47 
13 14 10 8  11 15 9  98 47 43 45 96 42 41 46 44 71 66 70 64 91 69 68 65 82 86 81 80 84 85 93 83 33 36 32 34 97 39 38 35 31 29 24 28 30 88 27 26 23 17 89 22 21 18 16 19 53 48 52 54 94 51 50 55 77 76 73 79 74 78 72 90 0  7  2  6  1  95 5  4  59 61 57 92 62 58 56 63 87 67 3  75 49 60 20 12 25 37 40 
15 98 14 11 9  12 8  10 45 40 44 46 96 43 42 47 69 91 66 65 70 68 71 67 87 93 85 81 82 80 83 86 36 34 37 33 35 97 32 39 26 88 31 30 27 25 28 24 22 23 16 17 18 19 20 21 48 54 49 53 55 94 52 51 90 78 77 74 72 75 79 73 3  5  95 2  0  6  4  7  63 62 60 59 56 57 61 92 84 64 1  76 50 58 89 13 29 38 41 
98 11 8  15 12 10 13 9  40 46 41 45 47 96 44 43 64 71 68 66 69 65 67 91 85 84 86 83 81 93 82 87 32 37 35 38 34 36 97 33 30 26 28 88 25 24 29 27 19 18 23 21 16 20 22 89 52 49 55 50 54 48 94 53 74 90 79 78 75 73 76 72 95 1  7  4  2  5  0  3  57 63 56 58 92 62 59 60 80 70 6  77 51 61 17 14 31 39 42 
33 38 37 39 97 36 35 32 95 7  6  3  0  4  1  2  8  10 98 15 14 11 9  12 79 90 76 75 72 78 73 77 53 48 52 54 94 51 50 55 42 41 46 44 47 43 45 96 70 91 67 66 71 69 64 68 25 29 31 88 28 27 24 30 63 62 59 57 60 56 58 92 82 86 81 80 84 85 93 83 22 20 21 23 89 19 16 17 74 13 87 61 26 18 65 34 40 49 5  
36 32 38 97 35 34 39 37 6  5  2  1  3  7  0  95 11 14 10 12 98 9  8  13 74 73 78 76 79 75 77 90 48 54 49 53 55 94 52 51 96 43 42 47 45 40 44 46 66 70 64 91 69 68 65 71 29 88 26 25 30 28 31 27 92 56 63 60 58 61 57 59 87 93 85 81 82 80 83 86 17 89 18 22 16 21 20 23 72 15 84 62 24 19 67 33 41 50 4  
32 97 39 36 34 37 33 35 5  1  4  6  95 3  2  7  15 8  9  10 11 12 13 14 78 72 90 77 76 73 79 74 52 49 55 50 54 48 94 53 47 96 44 43 40 46 41 45 68 69 70 71 64 65 66 67 31 26 30 24 88 29 28 25 60 92 57 56 61 59 62 58 85 84 86 83 81 93 82 87 21 17 16 19 23 89 22 18 75 98 80 63 27 20 91 38 42 51 0  
34 37 32 35 39 33 97 38 2  4  95 0  1  5  3  6  9  98 14 13 10 8  11 15 72 77 75 78 74 76 90 73 54 53 50 48 51 55 49 94 46 40 96 45 44 41 47 42 91 66 65 70 68 71 67 69 88 25 24 29 27 30 26 28 59 61 92 58 57 62 60 63 84 83 80 85 87 81 86 93 23 16 19 17 20 18 89 22 79 12 82 56 31 21 64 36 43 52 7  
97 36 33 32 37 35 38 34 1  6  0  5  7  95 4  3  98 13 12 9  15 10 14 8  90 75 74 79 77 72 76 78 94 55 54 51 49 52 48 50 43 47 41 96 46 45 42 40 65 64 69 67 70 66 68 91 28 30 88 27 26 31 29 24 56 60 62 92 59 58 63 61 86 80 87 82 83 84 81 85 89 21 23 20 18 17 19 16 73 11 93 57 25 22 71 39 44 53 2  
39 33 34 38 32 97 37 36 3  95 1  7  4  2  5  0  14 12 15 11 13 98 10 9  77 78 79 72 73 74 75 76 51 94 48 55 52 50 53 49 41 44 40 42 96 47 46 43 64 67 71 65 91 70 69 66 27 28 29 30 31 24 25 26 62 57 61 63 92 60 59 56 83 85 82 84 93 87 80 81 20 19 17 16 21 22 18 89 90 8  86 58 88 23 68 35 45 54 6  
38 39 35 33 36 32 34 97 7  3  5  95 2  0  6  4  13 9  11 98 8  15 12 10 76 74 77 73 75 90 72 79 50 52 94 49 48 53 51 54 44 42 45 41 43 96 40 47 69 71 91 68 67 64 70 65 24 31 28 26 29 25 27 88 57 63 58 62 56 92 61 60 81 87 83 93 80 86 84 82 19 22 89 18 17 20 23 21 78 14 85 59 30 16 66 37 46 55 1  
35 34 36 37 38 39 32 33 0  2  3  4  5  6  7  1  10 15 13 8  12 14 98 11 73 76 72 74 90 79 78 75 55 51 53 94 50 49 54 52 40 45 43 46 42 44 96 41 67 65 68 64 66 91 71 70 30 27 25 28 24 26 88 31 61 58 56 59 63 57 92 62 93 81 84 87 86 82 85 80 16 18 22 89 19 23 21 20 77 9  83 60 29 17 69 97 47 48 95 
96 47 44 43 40 46 41 45 57 62 60 63 59 61 92 58 26 29 25 27 88 24 31 28 66 67 68 69 70 71 64 65 3  1  6  0  5  7  95 4  75 72 78 73 77 79 90 76 50 49 54 52 55 51 53 94 87 84 80 82 93 86 85 83 12 9  15 10 14 8  98 13 22 89 19 18 23 21 16 20 36 97 37 33 35 32 39 34 91 30 17 11 81 38 48 42 74 2  56 
45 40 43 46 42 44 96 41 56 92 61 60 57 63 58 62 27 26 31 29 24 28 30 88 71 70 67 65 68 64 66 91 6  2  4  95 0  1  5  3  77 76 73 79 74 78 72 90 94 51 50 55 53 48 52 54 80 81 83 85 82 84 93 87 14 13 10 8  11 15 9  98 21 23 89 20 19 16 22 17 37 34 39 32 33 35 36 38 69 25 18 12 86 97 49 47 75 7  59 
44 41 40 42 96 47 46 43 61 59 62 58 60 92 57 56 28 24 26 88 31 30 27 25 69 66 64 67 71 65 91 70 2  95 7  6  3  0  4  1  90 78 77 74 72 75 79 73 55 94 52 51 48 54 49 53 81 85 86 80 87 82 83 84 98 15 14 11 9  12 8  10 18 22 16 89 21 20 17 23 38 33 97 37 36 39 34 32 68 29 19 13 93 35 50 45 76 5  63 
41 42 46 44 47 43 45 96 59 58 63 61 56 60 62 92 29 27 30 26 28 88 25 24 64 68 70 91 67 66 71 69 4  7  3  5  95 2  0  6  74 90 79 78 75 73 76 72 54 48 94 53 52 49 55 50 83 86 87 93 85 81 82 80 11 98 8  15 12 10 13 9  16 19 23 17 89 22 21 18 39 38 36 35 32 33 37 97 65 31 20 14 84 34 51 40 77 1  57 
47 43 41 96 46 45 42 40 62 63 56 57 58 59 60 61 30 31 24 25 26 27 28 29 68 91 65 64 69 67 70 66 95 6  5  2  1  3  7  0  73 75 90 72 79 76 74 77 51 55 49 94 54 53 50 48 85 80 93 81 84 87 86 82 10 12 98 9  8  13 11 14 19 17 20 16 18 89 23 22 32 36 35 38 34 97 33 37 71 88 21 15 83 39 52 44 78 4  92 
42 44 45 41 43 96 40 47 58 61 57 59 92 56 63 60 31 25 88 30 29 26 24 27 70 65 69 71 91 68 67 64 0  3  95 1  7  4  2  5  78 74 76 90 73 72 77 75 49 52 48 50 94 55 54 51 82 87 85 84 86 83 81 93 15 11 13 98 10 9  14 12 23 20 18 21 17 19 89 16 33 39 32 34 97 38 35 36 66 28 22 8  80 37 53 46 79 6  62 
46 45 47 40 41 42 43 44 60 56 58 92 63 62 59 57 24 88 29 28 25 31 26 30 91 64 71 68 66 69 65 67 1  0  2  3  4  5  6  7  76 79 75 77 90 74 73 78 52 50 53 49 51 94 48 55 84 82 81 87 83 93 80 86 13 8  12 14 98 11 10 15 17 16 21 19 22 18 20 89 34 35 38 36 39 37 97 33 70 27 23 9  85 32 54 96 72 95 61 
40 46 96 45 44 41 47 42 92 60 59 56 62 57 61 63 25 30 28 31 27 29 88 26 67 69 91 66 65 70 68 71 5  4  0  7  2  6  1  95 79 77 72 76 78 90 75 74 48 53 51 54 50 52 94 49 93 83 82 86 81 80 84 85 8  14 9  13 15 98 12 11 89 18 17 22 20 23 19 21 35 37 33 97 38 34 32 39 64 24 16 10 87 36 55 43 73 3  58 
82 81 80 83 86 87 93 85 68 65 71 66 70 64 91 69 4  6  95 3  2  7  5  1  32 34 97 39 38 35 33 36 79 74 78 72 90 77 76 73 16 18 89 23 22 19 17 20 47 44 42 45 41 43 96 40 58 57 62 60 63 59 61 92 48 94 53 52 49 55 50 54 98 12 11 8  14 9  13 15 25 27 31 88 28 24 30 29 37 0  10 51 56 26 46 84 21 75 67 
93 84 87 80 81 83 85 82 70 69 66 64 67 71 65 91 6  3  0  4  1  2  95 7  33 97 38 37 34 32 35 39 73 77 79 90 76 75 72 78 21 17 19 89 16 23 20 18 42 46 40 96 45 44 41 47 92 59 58 63 61 56 60 62 51 50 55 53 48 52 54 94 13 11 14 10 12 98 9  8  30 26 25 28 24 88 31 27 36 5  15 49 57 29 43 86 22 74 68 
86 87 82 85 80 93 81 84 91 71 70 67 65 68 64 66 95 0  1  5  3  6  2  4  34 39 37 32 36 38 97 35 90 73 72 77 75 78 74 76 19 22 18 20 89 17 16 21 46 96 43 42 47 45 40 44 63 92 60 59 56 62 57 61 55 49 94 54 53 50 48 51 12 8  10 98 15 14 11 9  28 31 88 27 26 29 24 30 33 7  13 52 58 25 41 83 23 79 69 
85 86 83 87 84 80 82 93 67 91 64 71 68 66 69 65 3  4  5  6  7  1  0  2  35 38 34 36 97 33 32 37 78 75 73 76 72 74 90 79 22 20 23 19 21 89 18 17 40 43 47 41 96 46 45 42 62 56 92 61 60 57 63 58 49 54 52 55 51 53 94 50 9  14 12 15 11 13 98 10 31 29 30 24 88 28 25 26 39 95 8  48 59 27 44 81 16 77 70 
83 82 84 81 85 86 80 87 66 68 91 65 64 69 67 70 2  1  3  7  0  95 6  5  36 35 32 38 33 37 39 97 77 90 74 73 78 76 79 75 18 23 21 16 20 22 89 19 96 42 41 46 44 47 43 45 59 63 57 92 62 61 58 56 94 52 51 48 54 49 53 55 15 9  98 14 13 10 8  11 27 24 29 30 31 25 26 28 34 4  12 50 60 88 40 93 17 72 71 
87 85 81 86 93 84 83 80 71 67 69 91 66 65 70 68 7  2  6  1  95 5  4  0  37 33 35 97 32 39 36 34 74 72 75 79 73 90 78 77 20 19 16 22 17 21 23 89 45 47 96 44 43 40 46 41 57 60 56 58 92 63 62 59 54 55 48 49 50 51 52 53 10 13 9  11 98 8  15 12 29 28 26 25 30 31 27 88 38 3  14 94 61 24 42 82 18 76 64 
84 80 85 93 83 82 86 81 69 64 68 70 91 67 66 71 5  95 2  0  6  4  7  3  38 36 39 35 37 97 34 33 72 79 76 74 77 73 75 90 89 21 20 17 23 18 22 16 44 45 46 47 40 41 42 43 60 58 61 57 59 92 56 63 53 51 54 50 52 94 49 48 14 15 8  9  10 11 12 13 88 30 24 29 27 26 28 25 32 1  98 55 62 31 96 87 19 78 65 
80 93 86 84 82 81 87 83 64 70 65 69 71 91 68 67 1  7  4  2  5  0  3  95 39 32 33 34 35 36 37 38 75 76 77 78 79 72 73 74 17 89 22 21 18 16 19 23 41 40 45 43 46 42 44 96 56 61 59 62 58 60 92 57 50 53 49 51 94 48 55 52 8  98 13 12 9  15 10 14 26 88 27 31 25 30 29 24 97 6  11 54 63 28 47 85 20 90 66 
27 25 88 24 31 28 26 29 74 78 72 90 77 76 73 79 50 54 48 94 53 52 49 55 17 16 21 19 22 18 20 89 46 42 44 96 41 40 45 43 81 82 80 83 86 87 93 85 36 33 39 34 38 32 97 37 1  0  2  3  4  5  6  7  66 65 70 68 71 67 69 91 63 56 57 58 59 60 61 62 12 9  14 15 8  10 11 13 23 51 92 64 95 98 35 30 84 47 75 
28 29 25 31 26 30 24 88 72 75 79 73 90 78 77 74 52 53 54 55 48 49 50 51 23 20 18 21 17 19 89 16 42 96 47 46 43 41 44 40 85 87 81 86 93 84 83 80 34 36 97 33 32 37 35 38 0  3  95 1  7  4  2  5  91 67 66 71 69 64 68 70 92 61 60 57 63 58 62 56 13 8  98 12 11 14 9  15 22 94 59 65 6  10 39 27 82 45 76 
29 31 24 28 30 88 27 26 75 73 76 72 74 90 79 78 94 50 49 54 52 55 51 53 18 22 16 89 21 20 17 23 44 47 43 45 96 42 41 46 86 85 83 87 84 80 82 93 37 32 36 38 97 35 34 39 2  95 7  6  3  0  4  1  71 91 68 67 64 70 65 69 60 59 56 62 57 61 63 92 14 13 11 10 15 8  12 98 19 48 58 66 5  9  33 25 81 40 77 
30 88 29 26 24 27 31 25 79 76 74 77 73 75 90 72 49 48 53 51 54 50 52 94 22 89 19 18 23 21 16 20 96 46 45 42 40 43 47 41 80 84 85 93 83 82 86 81 33 34 35 36 37 38 39 32 3  1  6  0  5  7  95 4  70 64 91 69 68 65 71 66 59 62 58 60 92 57 56 61 15 11 10 13 9  98 8  12 17 55 63 67 2  14 97 28 87 44 78 
31 28 27 29 88 26 25 30 73 72 77 75 78 74 76 90 48 51 55 49 94 54 53 50 16 19 23 17 89 22 21 18 41 43 96 40 47 44 42 45 87 86 82 85 80 93 81 84 35 97 32 39 36 34 37 33 4  7  3  5  95 2  0  6  67 71 65 91 70 69 66 64 56 58 92 63 62 59 57 60 8  14 15 9  98 13 10 11 20 52 61 68 1  12 38 24 83 46 79 
24 27 30 25 29 31 88 28 90 74 73 78 76 79 75 77 53 55 94 52 51 48 54 49 89 18 17 22 20 23 19 21 40 41 42 43 44 45 46 47 82 83 84 81 85 86 80 87 97 39 38 35 33 36 32 34 5  4  0  7  2  6  1  95 65 68 64 66 91 71 70 67 62 60 63 59 61 92 58 57 9  10 13 11 14 12 98 8  16 50 56 69 3  15 37 26 93 96 72 
25 24 26 27 28 29 30 31 78 90 75 74 79 77 72 76 51 49 52 48 50 94 55 54 21 23 89 20 19 16 22 17 45 44 41 47 42 46 40 96 83 81 93 82 87 85 84 86 32 38 33 37 39 97 36 35 6  2  4  95 0  1  5  3  68 66 69 65 67 91 64 71 57 92 62 61 58 56 59 63 10 12 8  98 13 9  15 14 18 53 60 70 7  11 34 88 80 43 73 
26 30 28 88 25 24 29 27 77 79 90 76 75 72 78 73 54 94 51 50 55 53 48 52 20 21 22 23 16 17 18 19 43 40 46 41 45 47 96 44 84 93 87 80 81 83 85 82 39 35 37 97 34 33 38 36 7  5  1  4  6  95 3  2  64 69 67 70 66 68 91 65 61 57 59 92 56 63 60 58 11 98 12 8  10 15 14 9  89 49 62 71 0  13 32 31 86 42 74 
49 55 94 54 53 50 48 51 83 82 86 81 80 84 85 93 34 97 39 38 35 33 36 32 61 57 59 92 56 63 60 58 26 24 27 31 25 88 30 29 1  5  3  6  2  4  95 0  8  9  10 11 12 13 14 15 43 40 46 41 45 47 96 44 19 22 18 20 89 17 16 21 74 73 78 76 79 75 77 90 69 70 65 71 66 64 91 68 62 37 72 23 42 67 98 52 7  28 87 
54 49 52 55 51 53 94 50 81 83 85 82 84 93 87 80 35 32 38 33 37 39 97 36 58 63 61 56 60 62 92 59 88 25 24 29 27 30 26 28 5  6  7  1  0  2  3  4  14 10 12 98 9  8  13 11 47 45 40 44 46 96 43 42 22 20 23 19 21 89 18 17 90 75 74 79 77 72 76 78 70 64 68 91 65 69 67 66 57 34 73 16 41 71 15 48 95 31 86 
52 94 51 48 54 49 53 55 93 84 83 80 85 87 81 86 36 39 35 37 97 34 33 38 56 58 92 63 62 59 57 60 31 26 30 24 88 29 28 25 3  7  0  95 6  5  2  1  9  11 98 8  15 12 10 13 41 43 96 40 47 44 42 45 18 23 21 16 20 22 89 19 79 90 76 75 72 78 73 77 71 91 64 68 70 67 66 69 61 32 74 17 46 65 14 50 4  27 82 
55 54 48 49 50 51 52 53 82 81 87 83 93 80 86 84 37 36 33 39 34 38 32 97 59 62 58 60 92 57 56 61 30 27 25 28 24 26 88 31 6  1  95 5  4  0  7  2  13 12 9  15 10 14 8  98 96 46 45 42 40 43 47 41 20 19 16 22 17 21 23 89 78 72 90 77 76 73 79 74 64 69 66 67 68 70 71 65 63 35 75 18 44 91 11 94 3  29 85 
51 53 54 50 52 94 49 48 87 85 84 86 83 81 93 82 38 34 36 97 33 32 37 35 63 56 57 58 59 60 61 62 27 28 29 30 31 24 25 26 2  0  6  4  7  3  5  95 15 13 8  12 14 98 11 10 46 42 44 96 41 40 45 43 89 21 20 17 23 18 22 16 75 79 73 90 78 77 74 72 65 68 91 64 71 66 69 67 92 39 76 19 47 70 9  55 1  88 80 
53 50 49 51 94 48 55 52 85 86 80 87 82 83 84 81 39 37 32 36 38 97 35 34 57 92 62 61 58 56 59 63 25 29 31 88 28 27 24 30 4  2  5  0  3  95 1  7  98 14 13 10 8  11 15 9  45 44 41 47 42 46 40 96 17 89 22 21 18 16 19 23 73 76 72 74 90 79 78 75 66 65 71 70 67 68 64 91 60 33 77 20 43 69 12 54 6  26 93 
94 48 53 52 49 55 50 54 84 80 82 93 86 85 83 87 32 33 34 35 36 37 38 39 92 61 60 57 63 58 62 56 28 30 88 27 26 31 29 24 95 3  2  7  5  1  4  6  12 15 11 13 98 10 9  14 42 96 47 46 43 41 44 40 16 18 89 23 22 19 17 20 76 74 77 73 75 90 72 79 67 71 70 65 69 91 68 64 59 97 78 21 45 66 8  51 0  25 81 
50 51 55 53 48 52 54 94 86 87 93 85 81 82 80 83 33 35 97 32 39 36 34 37 62 60 63 59 61 92 58 57 24 31 28 26 29 25 27 88 0  4  1  2  95 7  6  3  11 8  14 9  13 15 98 12 40 41 42 43 44 45 46 47 21 17 19 89 16 23 20 18 72 77 75 78 74 76 90 73 68 66 67 69 91 65 70 71 56 38 79 22 96 64 10 49 5  30 84 
19 20 16 22 17 21 23 89 94 48 55 52 50 53 49 51 59 56 62 57 61 63 92 60 40 44 46 96 43 42 47 45 68 71 67 69 91 66 65 70 33 39 34 38 32 97 37 36 76 75 72 78 73 77 79 90 9  8  13 11 14 10 12 98 6  1  95 5  4  0  7  2  24 29 27 30 26 28 88 25 82 83 85 84 86 81 93 87 41 58 31 3  15 80 74 18 35 64 54 
21 89 20 17 23 18 22 16 55 54 51 49 52 48 50 94 63 61 56 60 62 92 59 58 41 47 42 46 40 96 45 44 71 69 64 68 70 91 67 66 36 97 33 32 37 35 38 34 78 76 79 75 77 90 74 73 8  11 15 9  98 14 13 10 2  0  6  4  7  3  5  95 31 88 28 27 24 30 25 29 87 86 80 82 93 85 83 84 43 57 26 1  12 81 72 19 39 65 53 
17 21 19 89 16 23 20 18 49 55 50 54 48 94 53 52 62 58 60 92 57 56 61 59 44 96 41 40 45 43 46 42 91 70 69 66 64 67 71 65 97 32 39 36 34 37 33 35 74 79 77 72 76 78 90 75 14 98 11 10 15 13 8  12 0  4  1  2  95 7  6  3  29 30 31 24 25 26 27 28 86 85 84 83 80 87 81 93 47 63 88 5  9  82 73 22 38 68 51 
89 17 22 21 18 16 19 23 54 49 53 55 94 52 51 48 57 59 92 56 63 60 58 61 42 43 44 45 46 47 40 41 67 64 70 65 69 71 91 68 32 36 38 97 35 34 39 37 90 77 76 73 79 74 78 72 13 15 98 12 11 8  14 9  4  2  5  0  3  95 1  7  28 26 29 25 27 88 24 31 85 87 93 81 84 86 82 80 96 62 30 6  10 83 75 20 33 66 50 
22 19 18 20 89 17 16 21 52 94 49 48 53 51 54 50 61 60 57 63 58 62 56 92 45 42 40 43 47 41 96 46 66 91 71 70 67 65 68 64 39 38 35 33 36 32 34 97 79 72 73 74 75 76 77 78 10 14 8  98 13 12 9  15 1  5  3  6  2  4  95 0  25 28 24 26 88 31 30 27 83 81 87 93 85 82 80 86 44 59 29 7  11 84 90 23 37 69 55 
18 16 89 23 22 19 17 20 51 53 94 50 49 54 52 55 92 62 61 58 56 59 63 57 43 45 96 42 41 46 44 47 69 68 65 71 66 70 64 91 34 35 36 37 38 39 32 33 75 78 74 76 90 73 72 77 11 9  12 8  10 98 15 14 95 3  2  7  5  1  4  6  26 25 30 28 31 27 29 88 84 93 81 87 83 80 86 82 40 60 24 0  13 85 79 21 97 67 48 
16 23 17 18 19 20 21 22 53 50 48 51 55 49 94 54 60 63 59 61 92 58 57 62 96 40 47 44 42 45 41 43 64 65 66 67 68 69 70 71 37 34 32 35 39 33 97 38 73 90 78 77 74 72 75 79 15 12 10 13 9  11 98 8  7  95 4  3  1  6  0  5  30 24 88 29 28 25 31 26 80 84 83 85 82 93 87 81 46 56 27 2  14 86 76 89 36 91 52 
23 18 21 16 20 22 89 19 50 51 52 53 54 55 48 49 56 57 58 59 60 61 62 63 47 46 43 41 44 40 42 96 70 66 68 91 65 64 69 67 35 37 97 34 33 38 36 39 72 74 90 79 78 75 73 76 98 10 9  14 12 15 11 13 3  7  0  95 6  5  2  1  88 27 26 31 29 24 28 30 93 80 82 86 81 84 85 83 45 92 25 4  8  87 77 17 32 71 94 
58 61 56 59 63 57 92 62 97 36 35 32 38 33 37 39 73 78 76 79 75 77 90 74 29 30 31 24 25 26 27 28 19 21 89 18 17 22 20 23 13 8  12 14 98 11 10 15 81 80 84 85 93 83 82 86 68 71 67 69 91 66 65 70 45 46 47 40 41 42 43 44 50 48 51 55 49 94 54 53 95 3  5  2  1  7  0  6  88 72 52 96 64 4  87 60 9  16 34 
68 65 64 66 91 71 70 67 28 29 30 31 24 25 26 27 21 22 23 16 17 18 19 20 5  2  1  3  7  0  95 6  9  8  13 11 14 10 12 98 53 51 54 50 52 94 49 48 62 61 58 56 59 63 57 92 35 39 33 97 38 37 34 32 80 84 85 93 83 82 86 81 40 44 46 96 43 42 47 45 78 74 73 76 72 90 79 75 4  89 41 87 36 77 60 69 55 15 88 
48 52 50 94 55 54 51 49 80 93 81 84 87 86 82 85 97 38 37 34 32 35 39 33 60 59 56 62 57 61 63 92 29 88 26 25 30 28 31 27 7  95 4  3  1  6  0  5  10 98 15 14 11 9  12 8  44 47 43 45 96 42 41 46 23 16 17 18 19 20 21 22 77 78 79 72 73 74 75 76 91 67 69 66 64 71 65 70 58 36 90 89 40 68 13 53 2  24 83 
88 26 31 30 27 25 28 24 76 77 78 79 72 73 74 75 55 52 50 53 49 51 94 48 19 17 20 16 18 89 23 22 47 45 40 44 46 96 43 42 93 80 86 84 82 81 87 83 38 37 34 32 35 39 33 97 95 6  5  2  1  3  7  0  69 70 71 64 65 66 67 68 58 63 61 56 60 62 92 59 98 15 9  14 12 11 13 10 21 54 57 91 4  8  36 29 85 41 90 
81 83 93 82 87 85 84 86 65 66 67 68 69 70 71 64 0  5  7  95 4  3  1  6  97 37 36 33 39 34 38 32 76 78 90 75 74 79 77 72 23 16 17 18 19 20 21 22 43 41 44 40 42 96 47 46 61 62 63 56 57 58 59 60 52 48 50 94 55 54 51 49 11 10 15 13 8  12 14 98 24 25 28 26 29 27 88 31 35 2  9  53 92 30 45 80 89 73 91 
20 22 23 19 21 89 18 17 48 52 54 94 51 50 55 53 58 92 63 62 59 57 60 56 46 41 45 47 96 44 43 40 65 67 91 64 71 68 66 69 38 33 37 39 97 36 35 32 77 73 75 90 72 79 76 74 12 13 14 15 8  9  10 11 5  6  7  1  0  2  3  4  27 31 25 88 30 29 26 24 81 82 86 80 87 83 84 85 42 61 28 95 98 93 78 16 34 70 49 
43 96 42 47 45 40 44 46 63 57 92 62 61 58 56 59 88 28 27 24 30 25 29 31 65 71 66 70 64 91 69 68 7  5  1  4  6  95 3  2  72 73 74 75 76 77 78 79 53 54 55 48 49 50 51 52 86 93 84 83 80 85 87 81 9  10 11 12 13 14 15 8  20 21 22 23 16 17 18 19 97 32 34 39 37 36 38 35 67 26 89 98 82 33 94 41 90 0  60 
6  5  7  1  0  2  3  4  21 89 18 17 22 20 23 19 43 44 45 46 47 40 41 42 10 13 9  11 98 8  15 12 87 84 80 82 93 86 85 83 61 58 56 59 63 57 92 62 25 88 30 29 26 24 27 31 74 72 75 79 73 90 78 77 34 35 36 37 38 39 32 33 66 67 68 69 70 71 64 65 48 94 49 53 55 52 51 54 14 96 91 97 76 50 28 95 60 81 16 
37 35 97 34 33 38 36 39 4  0  7  2  6  1  95 5  12 11 8  14 9  13 15 98 75 79 73 90 78 77 74 72 49 50 51 52 53 54 55 48 45 46 47 40 41 42 43 44 71 68 66 69 65 67 91 64 26 24 27 31 25 88 30 29 58 59 60 61 62 63 56 57 80 82 93 86 85 83 87 84 18 23 20 21 22 16 17 19 76 10 81 92 28 89 70 32 96 94 3  
10 9  11 12 13 14 15 8  41 42 43 44 45 46 47 40 65 69 71 91 68 67 64 70 80 82 93 86 85 83 87 84 37 38 39 32 33 34 35 36 27 24 30 25 29 31 88 28 21 19 22 18 20 89 17 16 49 50 51 52 53 54 55 48 72 73 74 75 76 77 78 79 6  0  5  7  95 4  3  1  60 92 61 57 59 56 63 58 81 66 2  90 94 62 23 98 26 97 96 
75 73 90 72 79 76 74 77 13 14 15 8  9  10 11 12 84 86 83 81 93 82 87 85 51 52 53 54 55 48 49 50 61 62 63 56 57 58 59 60 91 67 66 71 69 64 68 70 4  5  6  7  1  0  2  3  20 89 17 16 21 19 22 18 24 25 26 27 28 29 30 31 39 32 33 34 35 36 37 38 43 47 46 41 45 96 44 40 94 80 97 88 23 42 95 78 65 92 98 
