20 27 26 63 22 24 21 29 25 23 13 11 17 16 65 12 14 10 19 15 79 80 84 83 98 77 81 78 86 82 47 43 42 46 62 40 44 41 49 45 74 70 69 73 61 67 71 68 76 72 37 33 32 36 66 30 34 31 39 35 28 89 75 85 38 18 48 97 93 90 96 87 92 94 91 88 95 57 53 52 56 64 50 54 51 59 55 7  4  8  0  2  6  5  60 1  3  9  58 
21 22 25 29 28 63 24 26 23 27 17 10 12 15 19 18 65 14 16 13 78 84 77 82 86 85 98 81 83 80 40 47 41 45 49 48 62 44 46 43 67 74 68 72 76 75 61 71 73 70 30 37 31 35 39 38 66 34 36 33 20 90 69 79 32 11 42 92 97 91 95 88 89 87 94 96 93 50 57 51 55 59 58 64 54 56 53 0  2  5  9  6  1  4  8  7  60 3  52 
24 28 23 26 20 29 63 25 27 22 12 14 18 13 16 11 19 65 15 17 81 77 85 80 83 79 86 98 82 84 48 40 44 43 46 42 49 62 45 47 75 67 71 70 73 69 76 61 72 74 38 30 34 33 36 32 39 66 35 37 21 91 68 78 31 10 41 89 92 94 93 96 90 88 87 95 97 58 50 54 53 56 52 59 64 55 57 9  6  4  3  1  7  2  5  0  8  60 51 
28 23 29 24 27 21 20 63 26 25 15 18 13 19 14 17 10 11 65 16 85 82 80 86 81 84 78 79 98 83 43 45 48 49 44 47 41 42 62 46 70 72 75 76 71 74 68 69 61 73 33 35 38 39 34 37 31 32 66 36 22 92 67 77 30 12 40 93 95 89 88 94 97 91 90 87 96 53 55 58 59 54 57 51 52 64 56 1  5  60 7  4  2  8  3  6  9  0  50 
27 26 24 20 25 28 22 21 63 29 19 17 16 14 11 15 18 12 10 65 84 86 83 81 79 82 85 77 78 98 46 49 47 44 42 45 48 40 41 62 73 76 74 71 69 72 75 67 68 61 36 39 37 34 32 35 38 30 31 66 23 93 70 80 33 13 43 96 88 97 94 90 95 89 92 91 87 56 59 57 54 52 55 58 50 51 64 2  60 9  6  8  5  3  0  4  7  1  53 
63 20 27 25 21 26 29 23 22 28 18 65 11 17 15 10 16 19 13 12 98 85 79 84 82 78 83 86 80 77 42 48 62 47 45 41 46 49 43 40 69 75 61 74 72 68 73 76 70 67 32 38 66 37 35 31 36 39 33 30 24 94 71 81 34 14 44 90 89 87 97 95 91 96 88 93 92 52 58 64 57 55 51 56 59 53 50 3  1  2  60 7  0  6  4  9  5  8  54 
23 29 21 28 26 22 27 20 24 63 65 13 19 10 18 16 12 17 11 14 80 98 86 78 85 83 77 84 79 81 49 62 43 41 48 46 40 47 42 44 76 61 70 68 75 73 67 74 69 71 39 66 33 31 38 36 30 37 32 34 25 95 72 82 35 15 45 88 87 93 91 89 96 92 97 90 94 59 64 53 51 58 56 50 57 52 54 4  3  0  2  60 8  9  7  5  1  6  55 
25 63 20 22 29 27 23 28 21 24 14 15 65 11 12 19 17 13 18 10 82 81 98 79 77 86 84 80 85 78 62 44 45 42 40 49 47 43 48 41 61 71 72 69 67 76 74 70 75 68 66 34 35 32 30 39 37 33 38 31 26 96 73 83 36 16 46 87 94 95 90 92 88 97 93 89 91 64 54 55 52 50 59 57 53 58 51 5  9  7  4  3  60 0  1  8  6  2  56 
22 25 63 21 23 20 28 24 29 26 16 12 15 65 10 13 11 18 14 19 77 83 82 98 78 80 79 85 81 86 45 46 40 62 41 43 42 48 44 49 72 73 67 61 68 70 69 75 71 76 35 36 30 66 31 33 32 38 34 39 27 97 74 84 37 17 47 95 96 92 87 91 93 90 89 94 88 55 56 50 64 51 53 52 58 54 59 6  8  3  1  5  4  60 9  2  0  7  57 
26 24 28 27 63 23 25 22 20 21 10 16 14 18 17 65 13 15 12 11 83 78 81 85 84 98 80 82 77 79 44 41 46 48 47 62 43 45 40 42 71 68 73 75 74 61 70 72 67 69 34 31 36 38 37 66 33 35 30 32 29 88 76 86 39 19 49 94 91 96 89 97 87 93 95 92 90 54 51 56 58 57 64 53 55 50 52 8  0  1  5  9  3  7  6  60 2  4  59 
96 94 89 97 87 93 95 92 90 91 31 36 34 38 37 66 33 35 30 32 26 21 24 28 27 63 23 25 22 20 71 68 73 75 74 61 70 72 67 69 54 51 56 58 57 64 53 55 50 52 3  9  5  7  6  60 2  4  1  0  88 86 59 29 8  39 76 81 78 83 85 84 98 80 82 77 79 44 41 46 48 47 62 43 45 40 42 19 11 12 16 10 14 18 17 65 13 15 49 
90 97 96 87 92 94 91 88 95 93 33 32 37 36 66 30 34 31 39 35 20 23 27 26 63 22 24 21 29 25 74 70 69 73 61 67 71 68 76 72 57 53 52 56 64 50 54 51 59 55 6  2  0  5  60 1  3  9  8  4  89 85 58 28 7  38 75 84 80 79 83 98 77 81 78 86 82 47 43 42 46 62 40 44 41 49 45 18 15 19 11 13 17 16 65 12 14 10 48 
91 92 95 88 89 87 94 96 93 97 37 31 30 35 39 38 66 34 36 33 21 27 22 25 29 28 63 24 26 23 67 74 68 72 76 75 61 71 73 70 50 57 51 55 59 58 64 54 56 53 1  6  9  4  8  7  60 3  5  2  90 79 52 20 0  32 69 77 84 78 82 86 85 98 81 83 80 40 47 41 45 49 48 62 44 46 43 11 13 16 10 17 12 15 19 18 65 14 42 
94 89 93 96 90 88 87 95 97 92 30 34 38 33 36 32 39 66 35 37 24 22 28 23 26 20 29 63 25 27 75 67 71 70 73 69 76 61 72 74 58 50 54 53 56 52 59 64 55 57 7  1  3  2  5  0  8  60 4  6  91 78 51 21 9  31 68 85 77 81 80 83 79 86 98 82 84 48 40 44 43 46 42 49 62 45 47 10 17 15 14 12 18 13 16 11 19 65 41 
89 93 88 94 97 91 90 87 96 95 35 38 33 39 34 37 31 32 66 36 28 25 23 29 24 27 21 20 63 26 70 72 75 76 71 74 68 69 61 73 53 55 58 59 54 57 51 52 64 56 2  4  7  8  3  6  9  0  60 5  92 77 50 22 1  30 67 80 82 85 86 81 84 78 79 98 83 43 45 48 49 44 47 41 42 62 46 12 16 65 18 15 13 19 14 17 10 11 40 
97 96 94 90 95 89 92 91 87 88 39 37 36 34 32 35 38 30 31 66 27 29 26 24 20 25 28 22 21 63 73 76 74 71 69 72 75 67 68 61 56 59 57 54 52 55 58 50 51 64 5  8  6  3  0  4  7  1  9  60 93 80 53 23 2  33 70 83 86 84 81 79 82 85 77 78 98 46 49 47 44 42 45 48 40 41 62 13 65 10 17 19 16 14 11 15 18 12 43 
87 90 97 95 91 96 88 93 92 89 38 66 32 37 35 31 36 39 33 30 63 28 20 27 25 21 26 29 23 22 69 75 61 74 72 68 73 76 70 67 52 58 64 57 55 51 56 59 53 50 0  7  60 6  4  9  5  8  2  1  94 81 54 24 3  34 71 79 85 98 84 82 78 83 86 80 77 42 48 62 47 45 41 46 49 43 40 14 12 13 65 18 11 17 15 10 16 19 44 
93 88 91 89 96 92 97 90 94 87 66 33 39 31 38 36 30 37 32 34 23 63 29 21 28 26 22 27 20 24 76 61 70 68 75 73 67 74 69 71 59 64 53 51 58 56 50 57 52 54 8  60 2  9  7  5  1  6  0  3  95 82 55 25 4  35 72 86 98 80 78 85 83 77 84 79 81 49 62 43 41 48 46 40 47 42 44 15 14 11 13 65 19 10 18 16 12 17 45 
95 87 90 92 88 97 93 89 91 94 34 35 66 32 30 39 37 33 38 31 25 24 63 20 22 29 27 23 28 21 61 71 72 69 67 76 74 70 75 68 64 54 55 52 50 59 57 53 58 51 60 3  4  0  1  8  6  2  7  9  96 83 56 26 5  36 73 98 81 82 79 77 86 84 80 85 78 62 44 45 42 40 49 47 43 48 41 16 10 18 15 14 65 11 12 19 17 13 46 
92 95 87 91 93 90 89 94 88 96 36 30 35 66 31 33 32 38 34 39 22 26 25 63 21 23 20 28 24 29 72 73 67 61 68 70 69 75 71 76 55 56 50 64 51 53 52 58 54 59 4  5  1  60 9  2  0  7  3  8  97 84 57 27 6  37 74 82 83 77 98 78 80 79 85 81 86 45 46 40 62 41 43 42 48 44 49 17 19 14 12 16 15 65 10 13 11 18 47 
69 74 73 61 67 71 68 76 72 70 93 90 97 96 87 92 94 91 88 95 42 43 47 46 62 40 44 41 49 45 37 33 32 36 66 30 34 31 39 35 6  2  0  5  60 1  3  9  8  4  84 80 79 83 98 77 81 78 86 82 75 58 7  48 85 89 38 57 53 52 56 64 50 54 51 59 55 17 13 11 16 65 12 14 10 19 15 28 25 29 20 23 27 26 63 22 24 21 18 
73 71 75 74 61 70 72 67 69 68 91 96 94 89 97 87 93 95 92 90 46 41 44 48 47 62 43 45 40 42 34 31 36 38 37 66 33 35 30 32 3  9  5  7  6  60 2  4  1  0  81 78 83 85 84 98 80 82 77 79 76 59 8  49 86 88 39 54 51 56 58 57 64 53 55 50 52 14 10 16 18 17 65 13 15 12 11 29 20 22 26 21 24 28 27 63 23 25 19 
68 67 72 76 75 61 71 73 70 74 97 91 92 95 88 89 87 94 96 93 41 47 40 45 49 48 62 44 46 43 30 37 31 35 39 38 66 34 36 33 1  6  9  4  8  7  60 3  5  2  77 84 78 82 86 85 98 81 83 80 69 52 0  42 79 90 32 50 57 51 55 59 58 64 54 56 53 12 17 10 15 19 18 65 14 16 13 20 23 26 21 27 22 25 29 28 63 24 11 
71 75 70 73 69 76 61 72 74 67 92 94 89 93 96 90 88 87 95 97 44 40 48 43 46 42 49 62 45 47 38 30 34 33 36 32 39 66 35 37 7  1  3  2  5  0  8  60 4  6  85 77 81 80 83 79 86 98 82 84 68 51 9  41 78 91 31 58 50 54 53 56 52 59 64 55 57 18 12 14 13 16 11 19 65 15 17 21 27 25 24 22 28 23 26 20 29 63 10 
75 70 76 71 74 68 69 61 73 72 95 89 93 88 94 97 91 90 87 96 48 45 43 49 44 47 41 42 62 46 33 35 38 39 34 37 31 32 66 36 2  4  7  8  3  6  9  0  60 5  80 82 85 86 81 84 78 79 98 83 67 50 1  40 77 92 30 53 55 58 59 54 57 51 52 64 56 13 15 18 19 14 17 10 11 65 16 22 26 63 28 25 23 29 24 27 21 20 12 
74 73 71 69 72 75 67 68 61 76 88 97 96 94 90 95 89 92 91 87 47 49 46 44 42 45 48 40 41 62 36 39 37 34 32 35 38 30 31 66 5  8  6  3  0  4  7  1  9  60 83 86 84 81 79 82 85 77 78 98 70 53 2  43 80 93 33 56 59 57 54 52 55 58 50 51 64 16 19 17 14 11 15 18 12 10 65 23 63 21 27 29 26 24 20 25 28 22 13 
61 69 74 72 68 73 76 70 67 75 89 87 90 97 95 91 96 88 93 92 62 48 42 47 45 41 46 49 43 40 32 38 66 37 35 31 36 39 33 30 0  7  60 6  4  9  5  8  2  1  79 85 98 84 82 78 83 86 80 77 71 54 3  44 81 94 34 52 58 64 57 55 51 56 59 53 50 11 18 65 17 15 10 16 19 13 12 24 22 23 63 28 20 27 25 21 26 29 14 
70 76 68 75 73 67 74 69 71 61 87 93 88 91 89 96 92 97 90 94 43 62 49 41 48 46 40 47 42 44 39 66 33 31 38 36 30 37 32 34 8  60 2  9  7  5  1  6  0  3  86 98 80 78 85 83 77 84 79 81 72 55 4  45 82 95 35 59 64 53 51 58 56 50 57 52 54 19 65 13 10 18 16 12 17 11 14 25 24 20 23 63 29 21 28 26 22 27 15 
72 61 69 67 76 74 70 75 68 71 94 95 87 90 92 88 97 93 89 91 45 44 62 42 40 49 47 43 48 41 66 34 35 32 30 39 37 33 38 31 60 3  4  0  1  8  6  2  7  9  98 81 82 79 77 86 84 80 85 78 73 56 5  46 83 96 36 64 54 55 52 50 59 57 53 58 51 65 14 15 11 12 19 17 13 18 10 26 21 28 25 24 63 20 22 29 27 23 16 
67 72 61 68 70 69 75 71 76 73 96 92 95 87 91 93 90 89 94 88 40 46 45 62 41 43 42 48 44 49 35 36 30 66 31 33 32 38 34 39 4  5  1  60 9  2  0  7  3  8  82 83 77 98 78 80 79 85 81 86 74 57 6  47 84 97 37 55 56 50 64 51 53 52 58 54 59 15 16 12 65 10 13 11 18 14 19 27 29 24 22 26 25 63 21 23 20 28 17 
78 77 82 86 85 98 81 83 80 84 6  9  1  4  8  7  60 3  5  2  91 97 92 95 88 89 87 94 96 93 50 57 51 55 59 58 64 54 56 53 40 47 41 45 49 48 62 44 46 43 12 17 10 15 19 18 65 14 16 13 79 20 42 90 11 0  52 22 27 21 25 29 28 63 24 26 23 67 74 68 72 76 75 61 71 73 70 32 33 36 31 37 30 35 39 38 66 34 69 
83 81 85 84 98 80 82 77 79 78 9  5  3  7  6  60 2  4  1  0  96 91 94 89 97 87 93 95 92 90 54 51 56 58 57 64 53 55 50 52 44 41 46 48 47 62 43 45 40 42 14 10 16 18 17 65 13 15 12 11 86 29 49 88 19 8  59 24 21 26 28 27 63 23 25 22 20 71 68 73 75 74 61 70 72 67 69 39 32 30 36 31 34 38 37 66 33 35 76 
79 84 83 98 77 81 78 86 82 80 2  0  6  5  60 1  3  9  8  4  90 93 97 96 87 92 94 91 88 95 57 53 52 56 64 50 54 51 59 55 47 43 42 46 62 40 44 41 49 45 17 13 11 16 65 12 14 10 19 15 85 28 48 89 18 7  58 27 23 20 26 63 22 24 21 29 25 74 70 69 73 61 67 71 68 76 72 38 35 39 32 33 37 36 66 30 34 31 75 
81 85 80 83 79 86 98 82 84 77 1  3  7  2  5  0  8  60 4  6  94 92 89 93 96 90 88 87 95 97 58 50 54 53 56 52 59 64 55 57 48 40 44 43 46 42 49 62 45 47 18 12 14 13 16 11 19 65 15 17 78 21 41 91 10 9  51 28 22 24 23 26 20 29 63 25 27 75 67 71 70 73 69 76 61 72 74 31 37 35 34 30 38 33 36 32 39 66 68 
85 80 86 81 84 78 79 98 83 82 4  7  2  8  3  6  9  0  60 5  89 95 93 88 94 97 91 90 87 96 53 55 58 59 54 57 51 52 64 56 43 45 48 49 44 47 41 42 62 46 13 15 18 19 14 17 10 11 65 16 77 22 40 92 12 1  50 23 25 28 29 24 27 21 20 63 26 70 72 75 76 71 74 68 69 61 73 30 36 66 38 35 33 39 34 37 31 32 67 
84 83 81 79 82 85 77 78 98 86 8  6  5  3  0  4  7  1  9  60 97 88 96 94 90 95 89 92 91 87 56 59 57 54 52 55 58 50 51 64 46 49 47 44 42 45 48 40 41 62 16 19 17 14 11 15 18 12 10 65 80 23 43 93 13 2  53 26 29 27 24 20 25 28 22 21 63 73 76 74 71 69 72 75 67 68 61 33 66 31 37 39 36 34 32 35 38 30 70 
98 79 84 82 78 83 86 80 77 85 7  60 0  6  4  9  5  8  2  1  87 89 90 97 95 91 96 88 93 92 52 58 64 57 55 51 56 59 53 50 42 48 62 47 45 41 46 49 43 40 11 18 65 17 15 10 16 19 13 12 81 24 44 94 14 3  54 20 28 63 27 25 21 26 29 23 22 69 75 61 74 72 68 73 76 70 67 34 30 33 66 38 32 37 35 31 36 39 71 
80 86 78 85 83 77 84 79 81 98 60 2  8  9  7  5  1  6  0  3  93 87 88 91 89 96 92 97 90 94 59 64 53 51 58 56 50 57 52 54 49 62 43 41 48 46 40 47 42 44 19 65 13 10 18 16 12 17 11 14 82 25 45 95 15 4  55 29 63 23 21 28 26 22 27 20 24 76 61 70 68 75 73 67 74 69 71 35 34 32 33 66 39 31 38 36 30 37 72 
82 98 79 77 86 84 80 85 78 81 3  4  60 0  1  8  6  2  7  9  95 94 87 90 92 88 97 93 89 91 64 54 55 52 50 59 57 53 58 51 62 44 45 42 40 49 47 43 48 41 65 14 15 11 12 19 17 13 18 10 83 26 46 96 16 5  56 63 24 25 20 22 29 27 23 28 21 61 71 72 69 67 76 74 70 75 68 36 31 38 35 34 66 32 30 39 37 33 73 
77 82 98 78 80 79 85 81 86 83 5  1  4  60 9  2  0  7  3  8  92 96 95 87 91 93 90 89 94 88 55 56 50 64 51 53 52 58 54 59 45 46 40 62 41 43 42 48 44 49 15 16 12 65 10 13 11 18 14 19 84 27 47 97 17 6  57 25 26 22 63 21 23 20 28 24 29 72 73 67 61 68 70 69 75 71 76 37 39 34 30 36 35 66 31 33 32 38 74 
31 30 35 39 38 66 34 36 33 37 74 68 67 72 76 75 61 71 73 70 10 17 12 15 19 18 65 14 16 13 92 97 91 95 88 89 87 94 96 93 77 84 78 82 86 85 98 81 83 80 50 57 51 55 59 58 64 54 56 53 32 0  79 11 52 69 90 1  6  9  4  8  7  60 3  5  2  22 27 21 25 29 28 63 24 26 23 42 43 46 41 47 40 45 49 48 62 44 20 
36 34 38 37 66 33 35 30 32 31 68 73 71 75 74 61 70 72 67 69 16 10 14 18 17 65 13 15 12 11 94 91 96 89 97 87 93 95 92 90 81 78 83 85 84 98 80 82 77 79 54 51 56 58 57 64 53 55 50 52 39 8  86 19 59 76 88 3  9  5  7  6  60 2  4  1  0  24 21 26 28 27 63 23 25 22 20 49 42 40 46 41 44 48 47 62 43 45 29 
32 37 36 66 30 34 31 39 35 33 70 69 74 73 61 67 71 68 76 72 11 13 17 16 65 12 14 10 19 15 97 93 90 96 87 92 94 91 88 95 84 80 79 83 98 77 81 78 86 82 57 53 52 56 64 50 54 51 59 55 38 7  85 18 58 75 89 6  2  0  5  60 1  3  9  8  4  27 23 20 26 63 22 24 21 29 25 48 45 49 42 43 47 46 62 40 44 41 28 
34 38 33 36 32 39 66 35 37 30 67 71 75 70 73 69 76 61 72 74 14 12 18 13 16 11 19 65 15 17 89 92 94 93 96 90 88 87 95 97 85 77 81 80 83 79 86 98 82 84 58 50 54 53 56 52 59 64 55 57 31 9  78 10 51 68 91 7  1  3  2  5  0  8  60 4  6  28 22 24 23 26 20 29 63 25 27 41 47 45 44 40 48 43 46 42 49 62 21 
38 33 39 34 37 31 32 66 36 35 72 75 70 76 71 74 68 69 61 73 18 15 13 19 14 17 10 11 65 16 93 95 89 88 94 97 91 90 87 96 80 82 85 86 81 84 78 79 98 83 53 55 58 59 54 57 51 52 64 56 30 1  77 12 50 67 92 2  4  7  8  3  6  9  0  60 5  23 25 28 29 24 27 21 20 63 26 40 46 62 48 45 43 49 44 47 41 42 22 
37 36 34 32 35 38 30 31 66 39 76 74 73 71 69 72 75 67 68 61 17 19 16 14 11 15 18 12 10 65 96 88 97 94 90 95 89 92 91 87 83 86 84 81 79 82 85 77 78 98 56 59 57 54 52 55 58 50 51 64 33 2  80 13 53 70 93 5  8  6  3  0  4  7  1  9  60 26 29 27 24 20 25 28 22 21 63 43 62 41 47 49 46 44 42 45 48 40 23 
66 32 37 35 31 36 39 33 30 38 75 61 69 74 72 68 73 76 70 67 65 18 11 17 15 10 16 19 13 12 90 89 87 97 95 91 96 88 93 92 79 85 98 84 82 78 83 86 80 77 52 58 64 57 55 51 56 59 53 50 34 3  81 14 54 71 94 0  7  60 6  4  9  5  8  2  1  20 28 63 27 25 21 26 29 23 22 44 40 43 62 48 42 47 45 41 46 49 24 
33 39 31 38 36 30 37 32 34 66 61 70 76 68 75 73 67 74 69 71 13 65 19 10 18 16 12 17 11 14 88 87 93 91 89 96 92 97 90 94 86 98 80 78 85 83 77 84 79 81 59 64 53 51 58 56 50 57 52 54 35 4  82 15 55 72 95 8  60 2  9  7  5  1  6  0  3  29 63 23 21 28 26 22 27 20 24 45 44 42 43 62 49 41 48 46 40 47 25 
35 66 32 30 39 37 33 38 31 34 71 72 61 69 67 76 74 70 75 68 15 14 65 11 12 19 17 13 18 10 87 94 95 90 92 88 97 93 89 91 98 81 82 79 77 86 84 80 85 78 64 54 55 52 50 59 57 53 58 51 36 5  83 16 56 73 96 60 3  4  0  1  8  6  2  7  9  63 24 25 20 22 29 27 23 28 21 46 41 48 45 44 62 42 40 49 47 43 26 
30 35 66 31 33 32 38 34 39 36 73 67 72 61 68 70 69 75 71 76 12 16 15 65 10 13 11 18 14 19 95 96 92 87 91 93 90 89 94 88 82 83 77 98 78 80 79 85 81 86 55 56 50 64 51 53 52 58 54 59 37 6  84 17 57 74 97 4  5  1  60 9  2  0  7  3  8  25 26 22 63 21 23 20 28 24 29 47 49 44 40 46 45 62 41 43 42 48 27 
10 12 15 19 18 65 14 16 13 17 47 41 40 45 49 48 62 44 46 43 9  6  1  4  8  7  60 3  5  2  22 27 21 25 29 28 63 24 26 23 92 97 91 95 88 89 87 94 96 93 67 74 68 72 76 75 61 71 73 70 11 32 90 0  69 42 20 30 37 31 35 39 38 66 34 36 33 77 84 78 82 86 85 98 81 83 80 52 53 56 51 57 50 55 59 58 64 54 79 
16 14 18 17 65 13 15 12 11 10 41 46 44 48 47 62 43 45 40 42 5  9  3  7  6  60 2  4  1  0  24 21 26 28 27 63 23 25 22 20 94 91 96 89 97 87 93 95 92 90 71 68 73 75 74 61 70 72 67 69 19 39 88 8  76 49 29 34 31 36 38 37 66 33 35 30 32 81 78 83 85 84 98 80 82 77 79 59 52 50 56 51 54 58 57 64 53 55 86 
11 17 16 65 12 14 10 19 15 13 43 42 47 46 62 40 44 41 49 45 0  2  6  5  60 1  3  9  8  4  27 23 20 26 63 22 24 21 29 25 97 93 90 96 87 92 94 91 88 95 74 70 69 73 61 67 71 68 76 72 18 38 89 7  75 48 28 37 33 32 36 66 30 34 31 39 35 84 80 79 83 98 77 81 78 86 82 58 55 59 52 53 57 56 64 50 54 51 85 
14 18 13 16 11 19 65 15 17 12 40 44 48 43 46 42 49 62 45 47 3  1  7  2  5  0  8  60 4  6  28 22 24 23 26 20 29 63 25 27 89 92 94 93 96 90 88 87 95 97 75 67 71 70 73 69 76 61 72 74 10 31 91 9  68 41 21 38 30 34 33 36 32 39 66 35 37 85 77 81 80 83 79 86 98 82 84 51 57 55 54 50 58 53 56 52 59 64 78 
18 13 19 14 17 10 11 65 16 15 45 48 43 49 44 47 41 42 62 46 7  4  2  8  3  6  9  0  60 5  23 25 28 29 24 27 21 20 63 26 93 95 89 88 94 97 91 90 87 96 70 72 75 76 71 74 68 69 61 73 12 30 92 1  67 40 22 33 35 38 39 34 37 31 32 66 36 80 82 85 86 81 84 78 79 98 83 50 56 64 58 55 53 59 54 57 51 52 77 
17 16 14 11 15 18 12 10 65 19 49 47 46 44 42 45 48 40 41 62 6  8  5  3  0  4  7  1  9  60 26 29 27 24 20 25 28 22 21 63 96 88 97 94 90 95 89 92 91 87 73 76 74 71 69 72 75 67 68 61 13 33 93 2  70 43 23 36 39 37 34 32 35 38 30 31 66 83 86 84 81 79 82 85 77 78 98 53 64 51 57 59 56 54 52 55 58 50 80 
65 11 17 15 10 16 19 13 12 18 48 62 42 47 45 41 46 49 43 40 60 7  0  6  4  9  5  8  2  1  20 28 63 27 25 21 26 29 23 22 90 89 87 97 95 91 96 88 93 92 69 75 61 74 72 68 73 76 70 67 14 34 94 3  71 44 24 32 38 66 37 35 31 36 39 33 30 79 85 98 84 82 78 83 86 80 77 54 50 53 64 58 52 57 55 51 56 59 81 
13 19 10 18 16 12 17 11 14 65 62 43 49 41 48 46 40 47 42 44 2  60 8  9  7  5  1  6  0  3  29 63 23 21 28 26 22 27 20 24 88 87 93 91 89 96 92 97 90 94 76 61 70 68 75 73 67 74 69 71 15 35 95 4  72 45 25 39 66 33 31 38 36 30 37 32 34 86 98 80 78 85 83 77 84 79 81 55 54 52 53 64 59 51 58 56 50 57 82 
15 65 11 12 19 17 13 18 10 14 44 45 62 42 40 49 47 43 48 41 4  3  60 0  1  8  6  2  7  9  63 24 25 20 22 29 27 23 28 21 87 94 95 90 92 88 97 93 89 91 61 71 72 69 67 76 74 70 75 68 16 36 96 5  73 46 26 66 34 35 32 30 39 37 33 38 31 98 81 82 79 77 86 84 80 85 78 56 51 58 55 54 64 52 50 59 57 53 83 
12 15 65 10 13 11 18 14 19 16 46 40 45 62 41 43 42 48 44 49 1  5  4  60 9  2  0  7  3  8  25 26 22 63 21 23 20 28 24 29 95 96 92 87 91 93 90 89 94 88 72 73 67 61 68 70 69 75 71 76 17 37 97 6  74 47 27 35 36 30 66 31 33 32 38 34 39 82 83 77 98 78 80 79 85 81 86 57 59 54 50 56 55 64 51 53 52 58 84 
29 21 22 23 24 25 26 27 28 20 11 19 10 12 13 14 15 16 17 18 86 79 78 77 80 81 82 83 84 85 41 42 49 40 43 44 45 46 47 48 68 69 76 67 70 71 72 73 74 75 31 32 39 30 33 34 35 36 37 38 62 61 66 64 87 63 65 91 90 88 92 93 94 95 96 97 89 51 52 59 50 53 54 55 56 57 58 98 7  6  8  0  9  1  2  3  4  5  60 
8  9  1  2  3  4  5  6  7  0  52 59 51 50 53 54 55 56 57 58 39 32 31 30 33 34 35 36 37 38 78 79 86 77 80 81 82 83 84 85 21 20 29 22 23 24 25 26 27 28 41 42 49 40 43 44 45 46 47 48 98 63 62 87 65 60 64 10 11 19 12 13 14 15 16 17 18 91 90 88 92 93 94 95 96 97 89 66 75 74 76 69 68 67 70 71 72 73 61 
39 31 30 33 34 35 36 37 38 32 69 76 68 67 70 71 72 73 74 75 19 11 10 12 13 14 15 16 17 18 91 90 88 92 93 94 95 96 97 89 78 79 86 77 80 81 82 83 84 85 51 52 59 50 53 54 55 56 57 58 87 98 64 63 60 66 61 9  0  8  1  2  3  4  5  6  7  21 20 29 22 23 24 25 26 27 28 65 48 47 49 42 41 40 43 44 45 46 62 
76 68 67 70 71 72 73 74 75 69 90 88 91 92 93 94 95 96 97 89 49 42 41 40 43 44 45 46 47 48 31 32 39 30 33 34 35 36 37 38 9  0  8  1  2  3  4  5  6  7  78 79 86 77 80 81 82 83 84 85 66 60 98 65 64 61 87 51 52 59 50 53 54 55 56 57 58 10 11 19 12 13 14 15 16 17 18 62 28 27 29 20 21 22 23 24 25 26 63 
19 10 12 13 14 15 16 17 18 11 42 49 41 40 43 44 45 46 47 48 8  0  9  1  2  3  4  5  6  7  21 20 29 22 23 24 25 26 27 28 91 90 88 92 93 94 95 96 97 89 68 69 76 67 70 71 72 73 74 75 63 87 61 98 66 65 62 31 32 39 30 33 34 35 36 37 38 78 79 86 77 80 81 82 83 84 85 60 58 57 59 52 51 50 53 54 55 56 64 
88 91 92 93 94 95 96 97 89 90 32 39 31 30 33 34 35 36 37 38 29 20 21 22 23 24 25 26 27 28 68 69 76 67 70 71 72 73 74 75 51 52 59 50 53 54 55 56 57 58 9  0  8  1  2  3  4  5  6  7  61 64 60 62 98 87 66 78 79 86 77 80 81 82 83 84 85 41 42 49 40 43 44 45 46 47 48 63 18 17 19 11 10 12 13 14 15 16 65 
86 78 77 80 81 82 83 84 85 79 0  8  9  1  2  3  4  5  6  7  88 90 91 92 93 94 95 96 97 89 51 52 59 50 53 54 55 56 57 58 41 42 49 40 43 44 45 46 47 48 10 11 19 12 13 14 15 16 17 18 64 62 65 61 63 98 60 21 20 29 22 23 24 25 26 27 28 68 69 76 67 70 71 72 73 74 75 87 38 37 39 32 31 30 33 34 35 36 66 
9  1  4  8  7  60 3  5  2  6  57 51 50 55 59 58 64 54 56 53 31 37 30 35 39 38 66 34 36 33 77 84 78 82 86 85 98 81 83 80 22 27 21 25 29 28 63 24 26 23 40 47 41 45 49 48 62 44 46 43 0  11 20 32 42 52 79 12 17 10 15 19 18 65 14 16 13 92 97 91 95 88 89 87 94 96 93 69 70 73 68 74 67 72 76 75 61 71 90 
5  3  7  6  60 2  4  1  0  9  51 56 54 58 57 64 53 55 50 52 36 31 34 38 37 66 33 35 30 32 81 78 83 85 84 98 80 82 77 79 24 21 26 28 27 63 23 25 22 20 44 41 46 48 47 62 43 45 40 42 8  19 29 39 49 59 86 14 10 16 18 17 65 13 15 12 11 94 91 96 89 97 87 93 95 92 90 76 69 67 73 68 71 75 74 61 70 72 88 
0  6  5  60 1  3  9  8  4  2  53 52 57 56 64 50 54 51 59 55 32 33 37 36 66 30 34 31 39 35 84 80 79 83 98 77 81 78 86 82 27 23 20 26 63 22 24 21 29 25 47 43 42 46 62 40 44 41 49 45 7  18 28 38 48 58 85 17 13 11 16 65 12 14 10 19 15 97 93 90 96 87 92 94 91 88 95 75 72 76 69 70 74 73 61 67 71 68 89 
3  7  2  5  0  8  60 4  6  1  50 54 58 53 56 52 59 64 55 57 34 30 38 33 36 32 39 66 35 37 85 77 81 80 83 79 86 98 82 84 28 22 24 23 26 20 29 63 25 27 48 40 44 43 46 42 49 62 45 47 9  10 21 31 41 51 78 18 12 14 13 16 11 19 65 15 17 89 92 94 93 96 90 88 87 95 97 68 74 72 71 67 75 70 73 69 76 61 91 
7  2  8  3  6  9  0  60 5  4  55 58 53 59 54 57 51 52 64 56 38 35 33 39 34 37 31 32 66 36 80 82 85 86 81 84 78 79 98 83 23 25 28 29 24 27 21 20 63 26 43 45 48 49 44 47 41 42 62 46 1  12 22 30 40 50 77 13 15 18 19 14 17 10 11 65 16 93 95 89 88 94 97 91 90 87 96 67 73 61 75 72 70 76 71 74 68 69 92 
6  5  3  0  4  7  1  9  60 8  59 57 56 54 52 55 58 50 51 64 37 39 36 34 32 35 38 30 31 66 83 86 84 81 79 82 85 77 78 98 26 29 27 24 20 25 28 22 21 63 46 49 47 44 42 45 48 40 41 62 2  13 23 33 43 53 80 16 19 17 14 11 15 18 12 10 65 96 88 97 94 90 95 89 92 91 87 70 61 68 74 76 73 71 69 72 75 67 93 
60 0  6  4  9  5  8  2  1  7  58 64 52 57 55 51 56 59 53 50 66 38 32 37 35 31 36 39 33 30 79 85 98 84 82 78 83 86 80 77 20 28 63 27 25 21 26 29 23 22 42 48 62 47 45 41 46 49 43 40 3  14 24 34 44 54 81 11 18 65 17 15 10 16 19 13 12 90 89 87 97 95 91 96 88 93 92 71 67 70 61 75 69 74 72 68 73 76 94 
2  8  9  7  5  1  6  0  3  60 64 53 59 51 58 56 50 57 52 54 33 66 39 31 38 36 30 37 32 34 86 98 80 78 85 83 77 84 79 81 29 63 23 21 28 26 22 27 20 24 49 62 43 41 48 46 40 47 42 44 4  15 25 35 45 55 82 19 65 13 10 18 16 12 17 11 14 88 87 93 91 89 96 92 97 90 94 72 71 69 70 61 76 68 75 73 67 74 95 
4  60 0  1  8  6  2  7  9  3  54 55 64 52 50 59 57 53 58 51 35 34 66 32 30 39 37 33 38 31 98 81 82 79 77 86 84 80 85 78 63 24 25 20 22 29 27 23 28 21 62 44 45 42 40 49 47 43 48 41 5  16 26 36 46 56 83 65 14 15 11 12 19 17 13 18 10 87 94 95 90 92 88 97 93 89 91 73 68 75 72 71 61 69 67 76 74 70 96 
1  4  60 9  2  0  7  3  8  5  56 50 55 64 51 53 52 58 54 59 30 36 35 66 31 33 32 38 34 39 82 83 77 98 78 80 79 85 81 86 25 26 22 63 21 23 20 28 24 29 45 46 40 62 41 43 42 48 44 49 6  17 27 37 47 57 84 15 16 12 65 10 13 11 18 14 19 95 96 92 87 91 93 90 89 94 88 74 76 71 67 73 72 61 68 70 69 75 97 
41 40 45 49 48 62 44 46 43 47 27 21 22 25 29 28 63 24 26 23 51 57 50 55 59 58 64 54 56 53 12 17 10 15 19 18 65 14 16 13 30 37 31 35 39 38 66 34 36 33 92 97 91 95 88 89 87 94 96 93 42 69 32 52 90 20 11 67 74 68 72 76 75 61 71 73 70 1  6  9  4  8  7  60 3  5  2  79 80 83 78 84 77 82 86 85 98 81 0  
46 44 48 47 62 43 45 40 42 41 21 26 24 28 27 63 23 25 22 20 56 51 54 58 57 64 53 55 50 52 14 10 16 18 17 65 13 15 12 11 34 31 36 38 37 66 33 35 30 32 94 91 96 89 97 87 93 95 92 90 49 76 39 59 88 29 19 71 68 73 75 74 61 70 72 67 69 3  9  5  7  6  60 2  4  1  0  86 79 77 83 78 81 85 84 98 80 82 8  
42 47 46 62 40 44 41 49 45 43 23 20 27 26 63 22 24 21 29 25 52 53 57 56 64 50 54 51 59 55 17 13 11 16 65 12 14 10 19 15 37 33 32 36 66 30 34 31 39 35 97 93 90 96 87 92 94 91 88 95 48 75 38 58 89 28 18 74 70 69 73 61 67 71 68 76 72 6  2  0  5  60 1  3  9  8  4  85 82 86 79 80 84 83 98 77 81 78 7  
44 48 43 46 42 49 62 45 47 40 22 24 28 23 26 20 29 63 25 27 54 50 58 53 56 52 59 64 55 57 18 12 14 13 16 11 19 65 15 17 38 30 34 33 36 32 39 66 35 37 89 92 94 93 96 90 88 87 95 97 41 68 31 51 91 21 10 75 67 71 70 73 69 76 61 72 74 7  1  3  2  5  0  8  60 4  6  78 84 82 81 77 85 80 83 79 86 98 9  
48 43 49 44 47 41 42 62 46 45 25 28 23 29 24 27 21 20 63 26 58 55 53 59 54 57 51 52 64 56 13 15 18 19 14 17 10 11 65 16 33 35 38 39 34 37 31 32 66 36 93 95 89 88 94 97 91 90 87 96 40 67 30 50 92 22 12 70 72 75 76 71 74 68 69 61 73 2  4  7  8  3  6  9  0  60 5  77 83 98 85 82 80 86 81 84 78 79 1  
47 46 44 42 45 48 40 41 62 49 29 27 26 24 20 25 28 22 21 63 57 59 56 54 52 55 58 50 51 64 16 19 17 14 11 15 18 12 10 65 36 39 37 34 32 35 38 30 31 66 96 88 97 94 90 95 89 92 91 87 43 70 33 53 93 23 13 73 76 74 71 69 72 75 67 68 61 5  8  6  3  0  4  7  1  9  60 80 98 78 84 86 83 81 79 82 85 77 2  
62 42 47 45 41 46 49 43 40 48 28 63 20 27 25 21 26 29 23 22 64 58 52 57 55 51 56 59 53 50 11 18 65 17 15 10 16 19 13 12 32 38 66 37 35 31 36 39 33 30 90 89 87 97 95 91 96 88 93 92 44 71 34 54 94 24 14 69 75 61 74 72 68 73 76 70 67 0  7  60 6  4  9  5  8  2  1  81 77 80 98 85 79 84 82 78 83 86 3  
43 49 41 48 46 40 47 42 44 62 63 23 29 21 28 26 22 27 20 24 53 64 59 51 58 56 50 57 52 54 19 65 13 10 18 16 12 17 11 14 39 66 33 31 38 36 30 37 32 34 88 87 93 91 89 96 92 97 90 94 45 72 35 55 95 25 15 76 61 70 68 75 73 67 74 69 71 8  60 2  9  7  5  1  6  0  3  82 81 79 80 98 86 78 85 83 77 84 4  
45 62 42 40 49 47 43 48 41 44 24 25 63 20 22 29 27 23 28 21 55 54 64 52 50 59 57 53 58 51 65 14 15 11 12 19 17 13 18 10 66 34 35 32 30 39 37 33 38 31 87 94 95 90 92 88 97 93 89 91 46 73 36 56 96 26 16 61 71 72 69 67 76 74 70 75 68 60 3  4  0  1  8  6  2  7  9  83 78 85 82 81 98 79 77 86 84 80 5  
40 45 62 41 43 42 48 44 49 46 26 22 25 63 21 23 20 28 24 29 50 56 55 64 51 53 52 58 54 59 15 16 12 65 10 13 11 18 14 19 35 36 30 66 31 33 32 38 34 39 95 96 92 87 91 93 90 89 94 88 47 74 37 57 97 27 17 72 73 67 61 68 70 69 75 71 76 4  5  1  60 9  2  0  7  3  8  84 86 81 77 83 82 98 78 80 79 85 6  
59 51 50 53 54 55 56 57 58 52 79 86 78 77 80 81 82 83 84 85 76 69 68 67 70 71 72 73 74 75 9  0  8  1  2  3  4  5  6  7  10 11 19 12 13 14 15 16 17 18 21 20 29 22 23 24 25 26 27 28 60 65 63 66 62 64 98 41 42 49 40 43 44 45 46 47 48 31 32 39 30 33 34 35 36 37 38 61 89 97 88 90 91 92 93 94 95 96 87 
50 55 64 51 53 52 58 54 59 56 83 77 82 98 78 80 79 85 81 86 67 73 72 61 68 70 69 75 71 76 4  5  1  60 9  2  0  7  3  8  15 16 12 65 10 13 11 18 14 19 25 26 22 63 21 23 20 28 24 29 57 47 17 74 27 84 6  45 46 40 62 41 43 42 48 44 49 35 36 30 66 31 33 32 38 34 39 97 88 94 92 96 95 87 91 93 90 89 37 
55 64 52 50 59 57 53 58 51 54 81 82 98 79 77 86 84 80 85 78 72 71 61 69 67 76 74 70 75 68 60 3  4  0  1  8  6  2  7  9  65 14 15 11 12 19 17 13 18 10 63 24 25 20 22 29 27 23 28 21 56 46 16 73 26 83 5  62 44 45 42 40 49 47 43 48 41 66 34 35 32 30 39 37 33 38 31 96 91 89 95 94 87 90 92 88 97 93 36 
52 57 56 64 50 54 51 59 55 53 80 79 84 83 98 77 81 78 86 82 69 70 74 73 61 67 71 68 76 72 6  2  0  5  60 1  3  9  8  4  17 13 11 16 65 12 14 10 19 15 27 23 20 26 63 22 24 21 29 25 58 48 18 75 28 85 7  47 43 42 46 62 40 44 41 49 45 37 33 32 36 66 30 34 31 39 35 89 95 88 90 93 97 96 87 92 94 91 38 
56 54 58 57 64 53 55 50 52 51 78 83 81 85 84 98 80 82 77 79 73 68 71 75 74 61 70 72 67 69 3  9  5  7  6  60 2  4  1  0  14 10 16 18 17 65 13 15 12 11 24 21 26 28 27 63 23 25 22 20 59 49 19 76 29 86 8  44 41 46 48 47 62 43 45 40 42 34 31 36 38 37 66 33 35 30 32 88 90 92 96 91 94 89 97 87 93 95 39 
51 50 55 59 58 64 54 56 53 57 84 78 77 82 86 85 98 81 83 80 68 74 67 72 76 75 61 71 73 70 1  6  9  4  8  7  60 3  5  2  12 17 10 15 19 18 65 14 16 13 22 27 21 25 29 28 63 24 26 23 52 42 11 69 20 79 0  40 47 41 45 49 48 62 44 46 43 30 37 31 35 39 38 66 34 36 33 90 93 96 91 97 92 95 88 89 87 94 32 
54 58 53 56 52 59 64 55 57 50 77 81 85 80 83 79 86 98 82 84 71 67 75 70 73 69 76 61 72 74 7  1  3  2  5  0  8  60 4  6  18 12 14 13 16 11 19 65 15 17 28 22 24 23 26 20 29 63 25 27 51 41 10 68 21 78 9  48 40 44 43 46 42 49 62 45 47 38 30 34 33 36 32 39 66 35 37 91 97 95 94 92 89 93 96 90 88 87 31 
58 53 59 54 57 51 52 64 56 55 82 85 80 86 81 84 78 79 98 83 75 72 70 76 71 74 68 69 61 73 2  4  7  8  3  6  9  0  60 5  13 15 18 19 14 17 10 11 65 16 23 25 28 29 24 27 21 20 63 26 50 40 12 67 22 77 1  43 45 48 49 44 47 41 42 62 46 33 35 38 39 34 37 31 32 66 36 92 96 87 89 95 93 88 94 97 91 90 30 
57 56 54 52 55 58 50 51 64 59 86 84 83 81 79 82 85 77 78 98 74 76 73 71 69 72 75 67 68 61 5  8  6  3  0  4  7  1  9  60 16 19 17 14 11 15 18 12 10 65 26 29 27 24 20 25 28 22 21 63 53 43 13 70 23 80 2  46 49 47 44 42 45 48 40 41 62 36 39 37 34 32 35 38 30 31 66 93 87 91 97 88 96 94 90 95 89 92 33 
64 52 57 55 51 56 59 53 50 58 85 98 79 84 82 78 83 86 80 77 61 75 69 74 72 68 73 76 70 67 0  7  60 6  4  9  5  8  2  1  11 18 65 17 15 10 16 19 13 12 20 28 63 27 25 21 26 29 23 22 54 44 14 71 24 81 3  42 48 62 47 45 41 46 49 43 40 32 38 66 37 35 31 36 39 33 30 94 92 93 87 89 90 97 95 91 96 88 34 
53 59 51 58 56 50 57 52 54 64 98 80 86 78 85 83 77 84 79 81 70 61 76 68 75 73 67 74 69 71 8  60 2  9  7  5  1  6  0  3  19 65 13 10 18 16 12 17 11 14 29 63 23 21 28 26 22 27 20 24 55 45 15 72 25 82 4  49 62 43 41 48 46 40 47 42 44 39 66 33 31 38 36 30 37 32 34 95 94 90 93 87 88 91 89 96 92 97 35 
49 41 40 43 44 45 46 47 48 42 20 29 21 22 23 24 25 26 27 28 59 52 51 50 53 54 55 56 57 58 10 11 19 12 13 14 15 16 17 18 31 32 39 30 33 34 35 36 37 38 91 90 88 92 93 94 95 96 97 89 65 66 87 60 61 62 63 68 69 76 67 70 71 72 73 74 75 9  0  8  1  2  3  4  5  6  7  64 85 84 86 79 78 77 80 81 82 83 98 
