3  98 2  7  5  1  4  6  77 73 75 93 72 79 76 74 80 87 84 82 85 81 83 94 49 51 89 48 55 52 50 53 61 58 56 59 63 57 95 62 71 65 88 70 69 66 64 67 34 32 35 39 33 90 38 37 46 44 47 43 45 97 42 41 14 12 15 11 13 91 10 9  18 19 20 21 22 23 16 17 29 30 31 24 25 26 27 28 8  36 60 78 54 96 92 40 86 68 0  
0  2  6  4  7  3  5  98 93 77 76 73 79 74 78 72 94 81 80 85 83 86 82 84 50 89 55 54 51 49 52 48 63 62 59 57 60 56 58 95 64 88 69 68 65 71 66 70 39 34 38 32 90 37 36 33 47 40 41 42 43 44 45 46 13 9  11 91 8  15 12 10 96 16 23 20 18 21 17 19 27 31 25 92 30 29 26 24 14 35 61 75 53 22 28 97 87 67 1  
98 7  4  3  1  6  0  5  76 75 72 78 73 77 79 93 87 82 86 80 94 85 84 81 54 50 52 89 49 48 53 51 56 60 62 95 59 58 63 61 68 64 66 88 71 70 67 65 38 35 33 36 32 34 90 39 43 46 42 44 97 41 40 45 15 8  9  10 11 12 13 14 17 23 18 22 16 96 21 20 92 27 26 31 29 24 28 30 91 37 57 74 55 19 25 47 83 69 2  
1  6  98 5  4  0  7  2  73 93 78 77 74 72 75 79 84 86 94 83 82 87 85 80 52 55 51 53 89 50 49 54 60 95 57 56 61 59 62 58 66 69 65 67 88 64 71 68 32 39 36 34 37 33 35 90 41 97 46 45 42 40 43 47 8  10 91 15 14 11 9  12 22 17 21 23 96 20 19 16 26 25 30 28 31 27 29 92 13 38 63 76 48 18 24 44 81 70 3  
7  3  0  98 6  5  2  1  79 72 73 74 75 76 77 78 82 80 83 87 81 94 86 85 55 53 48 52 54 89 51 50 62 57 61 63 95 60 59 56 69 67 70 66 68 88 65 64 90 33 32 37 35 38 34 36 44 43 40 46 41 45 47 97 9  91 14 13 10 8  11 15 20 96 17 16 21 19 22 18 25 28 24 26 92 31 30 27 12 39 58 93 49 23 29 42 84 71 4  
4  0  1  2  98 7  6  3  74 79 77 72 76 78 93 75 85 94 82 81 86 84 87 83 51 48 54 49 53 55 89 52 95 56 63 60 58 61 57 59 65 70 68 71 67 69 88 66 37 90 34 33 38 36 39 35 40 42 97 47 46 43 41 44 10 15 13 8  12 14 91 11 23 22 19 17 20 16 18 96 30 24 92 29 28 25 31 26 9  32 62 73 50 21 27 45 80 64 5  
2  4  5  0  3  98 1  7  78 76 79 75 77 93 74 73 81 85 87 94 84 83 80 86 53 52 49 55 50 54 48 89 59 61 95 58 57 62 60 63 67 66 71 69 64 68 70 88 36 38 90 35 34 39 37 32 42 47 45 40 44 46 97 43 11 14 10 12 91 9  8  13 19 21 96 18 17 22 20 23 28 26 29 25 27 92 24 31 15 33 56 72 51 16 30 41 82 65 6  
5  1  3  6  2  4  98 0  72 74 93 79 78 75 73 76 83 84 85 86 87 80 81 82 89 54 53 50 48 51 55 49 58 59 60 61 62 63 56 57 88 68 67 64 70 65 69 71 33 37 39 90 36 35 32 38 97 45 44 41 47 42 46 40 12 11 8  14 9  13 15 91 21 18 16 19 23 17 96 22 31 92 28 27 24 30 25 29 10 34 95 77 52 20 26 43 94 66 7  
23 96 22 19 17 20 16 18 10 9  14 12 15 11 13 91 76 79 75 77 93 74 73 78 90 36 35 32 38 33 37 39 3  5  98 2  0  6  4  7  81 84 80 82 94 87 86 83 43 45 97 42 41 46 44 47 25 92 30 29 26 24 27 31 60 95 57 56 61 59 62 58 51 52 53 54 55 48 49 50 71 65 88 70 69 66 64 67 63 40 1  8  34 89 68 28 72 85 21 
16 21 20 22 96 19 18 23 91 11 10 15 13 8  12 14 93 78 77 74 72 75 79 73 36 32 34 90 39 38 35 33 4  98 0  1  5  3  6  2  84 82 85 81 83 94 80 87 47 46 43 41 44 40 42 97 28 27 24 30 25 29 31 92 62 57 61 63 95 60 59 56 48 55 52 50 53 49 51 89 65 70 68 71 67 69 88 66 58 45 7  9  37 54 64 26 76 86 17 
17 20 23 18 22 16 96 21 15 91 12 11 8  14 9  13 73 75 93 72 79 76 74 77 35 34 39 37 32 36 38 90 5  2  1  3  7  0  98 6  80 85 83 86 82 84 94 81 41 47 42 46 40 97 45 44 24 26 92 31 30 27 25 28 95 56 63 60 58 61 57 59 54 51 49 52 48 50 89 55 88 68 67 64 70 65 69 71 62 43 4  10 33 53 66 29 78 87 19 
18 17 19 20 21 22 23 16 14 8  91 13 12 9  15 10 72 73 74 75 76 77 78 79 32 90 37 36 33 39 34 38 6  0  5  7  98 4  3  1  82 81 86 84 87 83 85 94 97 40 47 44 42 45 41 43 26 31 29 24 28 30 92 27 59 61 95 58 57 62 60 63 49 53 55 89 52 51 48 54 70 71 64 65 66 67 68 69 56 46 2  11 35 50 88 25 93 80 96 
19 23 21 96 18 17 22 20 11 15 9  91 14 13 10 8  77 76 73 79 74 78 72 93 38 39 32 33 34 35 36 37 7  6  3  0  4  1  2  98 94 83 82 87 85 80 84 86 46 41 45 47 97 44 43 40 92 29 28 25 31 26 30 24 58 59 60 61 62 63 56 57 53 89 50 49 54 52 55 51 69 67 70 66 68 88 65 64 95 42 5  12 90 48 71 27 75 81 16 
20 18 96 17 16 21 19 22 9  12 8  10 91 15 14 11 75 72 78 73 77 79 93 76 33 38 36 39 35 37 90 34 1  4  6  98 3  2  7  5  87 94 84 83 80 86 81 85 45 42 40 43 47 41 97 46 31 24 25 26 27 28 29 30 63 62 59 57 60 56 58 95 55 50 54 48 89 53 52 49 66 69 65 67 88 64 71 68 61 44 0  13 32 51 70 92 74 82 23 
21 22 18 16 19 23 17 96 12 10 13 9  11 91 8  15 78 74 76 93 73 72 77 75 37 35 38 34 36 90 33 32 0  7  2  6  1  98 5  4  86 80 94 85 84 81 87 82 42 43 44 45 46 47 40 41 30 28 31 27 29 92 26 25 61 58 56 59 63 57 95 62 89 49 48 53 51 54 50 52 64 88 69 68 65 71 66 70 60 97 3  14 39 55 67 24 79 83 20 
22 16 17 21 23 96 20 19 8  13 11 14 10 12 91 9  74 93 79 78 75 73 76 72 39 33 90 38 37 34 32 35 2  3  4  5  6  7  1  0  83 87 81 94 86 85 82 80 40 44 46 97 43 42 47 45 27 30 26 28 92 25 24 29 56 60 62 95 59 58 63 61 52 54 89 51 50 55 53 48 67 66 71 69 64 68 70 88 57 41 98 15 36 49 65 31 77 84 18 
26 24 92 31 30 27 25 28 54 48 89 53 52 49 55 50 18 17 22 20 23 19 21 96 94 83 82 87 85 80 84 86 44 45 46 47 40 41 42 43 2  1  3  7  0  98 6  5  74 79 77 72 76 78 93 75 8  12 14 91 11 10 15 13 35 39 33 90 38 37 34 32 67 88 64 71 68 66 69 65 59 60 61 62 63 56 57 58 36 73 97 51 81 70 95 9  16 4  29 
29 92 28 25 31 26 30 24 53 54 55 48 49 50 51 52 96 19 18 23 21 16 20 22 84 82 85 81 83 94 80 87 40 43 47 41 97 46 45 42 6  3  0  4  1  2  98 7  72 74 93 79 78 75 73 76 14 9  13 15 91 12 11 8  38 32 90 37 36 33 39 34 70 69 66 64 67 71 65 88 57 61 63 95 60 59 56 62 35 77 44 89 86 68 58 10 17 5  27 
25 29 27 92 24 31 28 26 50 49 54 52 55 51 53 89 23 96 20 19 16 22 17 21 83 87 81 94 86 85 82 80 42 46 40 97 45 44 41 47 1  7  4  2  5  0  3  98 75 78 74 76 93 73 72 77 9  15 10 14 8  91 13 12 34 33 38 36 39 35 37 90 66 68 88 65 64 69 67 70 60 62 95 59 58 63 61 56 32 79 43 48 84 71 57 11 18 6  30 
27 28 24 30 25 29 31 92 48 53 51 54 50 52 89 49 22 16 96 21 20 17 23 18 80 85 83 86 82 84 94 81 97 42 41 46 44 47 43 45 98 0  1  5  3  6  2  4  79 72 73 74 75 76 77 78 13 10 8  11 15 9  91 14 36 34 37 33 35 90 32 39 68 65 71 66 70 64 88 69 56 63 60 58 61 57 59 95 38 93 40 55 87 67 62 12 19 7  26 
92 25 30 29 26 24 27 31 51 55 49 89 54 53 50 48 19 23 17 96 22 21 18 16 86 80 94 85 84 81 87 82 47 44 42 45 41 43 97 40 5  98 2  0  6  4  7  3  73 93 78 77 74 72 75 79 15 14 11 9  12 8  10 91 90 35 34 39 37 32 36 38 88 71 70 67 65 68 64 66 58 56 59 63 57 95 62 61 33 76 46 52 83 69 60 13 20 1  28 
24 31 25 26 27 28 29 30 55 89 52 51 48 54 49 53 17 20 16 18 96 23 22 19 81 84 80 82 94 87 86 83 46 97 43 42 47 45 40 44 4  6  98 3  2  7  5  1  93 77 76 73 79 74 78 72 91 8  15 12 10 13 9  11 33 36 32 34 90 39 38 35 65 66 67 68 69 70 71 64 95 57 56 61 59 62 58 60 37 75 41 50 85 88 63 14 21 0  92 
31 26 29 24 28 30 92 27 49 52 48 50 89 55 54 51 20 18 21 17 19 96 16 23 85 86 87 80 81 82 83 84 43 41 44 40 42 97 47 46 0  5  7  98 4  3  1  6  78 76 79 75 77 93 74 73 12 91 9  8  13 11 14 10 32 37 35 38 34 36 90 33 64 70 65 69 71 88 68 67 63 58 62 56 95 61 60 57 39 72 45 53 94 66 59 15 22 2  25 
28 30 31 27 29 92 26 25 89 51 50 55 53 48 52 54 16 21 19 22 18 20 96 17 87 94 84 83 80 86 81 85 41 40 45 43 46 42 44 97 7  2  6  1  98 5  4  0  77 73 75 93 72 79 76 74 11 13 91 10 9  14 12 15 37 38 39 32 33 34 35 36 69 64 68 70 88 67 66 71 62 59 57 60 56 58 95 63 90 78 47 49 82 65 61 8  23 3  24 
37 39 32 36 38 90 35 34 6  2  4  98 0  1  5  3  58 60 95 57 56 61 59 62 26 25 30 28 31 27 29 92 48 50 89 55 54 51 49 52 13 12 9  15 10 14 8  91 88 65 64 69 67 70 66 68 82 87 85 80 84 86 94 83 20 16 18 96 23 22 19 17 43 40 46 41 45 47 97 44 76 93 73 72 77 75 78 74 21 71 53 7  24 42 79 81 63 11 33 
32 35 38 33 37 39 90 36 7  5  1  4  6  98 3  2  61 56 60 62 95 59 58 63 92 27 26 31 29 24 28 30 55 48 49 50 51 52 53 54 91 14 13 10 8  11 15 9  71 66 70 64 88 69 68 65 94 85 84 81 87 82 86 80 96 20 19 16 22 17 21 23 40 41 42 43 44 45 46 47 74 75 76 77 78 79 72 73 18 67 89 0  25 97 93 83 57 12 34 
36 37 33 39 34 38 32 90 1  0  2  3  4  5  6  7  57 58 59 60 61 62 63 56 31 92 28 27 24 30 25 29 52 51 48 54 49 53 55 89 10 91 15 14 11 9  12 8  70 67 65 68 64 66 88 71 87 80 81 82 83 84 85 86 17 22 20 23 19 21 96 18 46 42 44 97 41 40 45 43 77 74 72 75 79 73 93 78 16 69 50 98 26 47 76 94 95 13 35 
38 90 37 34 32 35 39 33 0  3  98 1  7  4  2  5  59 95 56 63 60 58 61 57 30 24 92 29 28 25 31 26 50 55 53 48 52 54 89 51 9  11 91 8  15 12 10 13 67 68 69 70 71 64 65 66 86 84 87 83 85 94 82 81 16 96 21 20 17 23 18 22 41 43 97 40 47 44 42 45 73 79 74 78 72 93 77 76 19 88 49 6  27 46 75 80 62 14 36 
90 34 39 38 35 33 36 32 2  98 7  6  3  0  4  1  95 63 62 59 57 60 56 58 27 31 25 92 30 29 26 24 53 49 51 89 48 55 52 50 14 10 12 91 9  8  13 11 65 69 71 88 68 67 64 70 83 86 82 84 94 81 80 85 21 19 22 18 20 96 17 16 45 44 41 47 42 46 40 97 75 77 93 74 73 78 76 79 23 66 54 5  28 43 72 87 61 15 37 
35 33 90 32 39 36 34 37 3  1  6  0  5  7  98 4  56 62 57 61 63 95 60 59 25 28 24 26 92 31 30 27 49 89 54 53 50 48 51 55 12 15 11 13 91 10 9  14 68 70 88 67 66 71 69 64 81 94 86 85 82 80 83 87 19 18 23 21 16 20 22 96 47 45 40 44 46 97 43 42 93 72 79 76 74 77 73 75 17 65 52 2  29 41 78 84 58 8  38 
34 38 36 90 33 32 37 35 4  7  3  5  98 2  0  6  63 59 61 95 58 57 62 60 28 26 29 25 27 92 24 31 51 54 50 52 89 49 48 53 15 13 8  12 14 91 11 10 64 71 68 66 69 65 67 88 84 83 80 86 81 85 87 94 22 23 16 17 18 19 20 21 97 46 45 42 40 43 47 41 72 76 78 93 75 74 79 77 96 70 55 1  30 44 73 82 56 9  39 
39 36 35 37 90 34 33 38 5  4  0  7  2  6  1  98 60 57 63 58 62 56 95 61 24 29 27 30 26 28 92 25 89 53 52 49 55 50 54 48 11 8  14 9  13 15 91 12 66 64 67 71 65 88 70 69 80 82 94 87 86 83 81 84 18 21 17 19 96 16 23 20 44 47 43 45 97 42 41 46 79 78 75 73 76 72 74 93 22 68 51 3  31 40 77 85 59 10 32 
40 47 41 42 43 44 45 46 96 18 17 22 20 23 19 21 6  5  2  1  3  7  0  98 66 69 65 67 88 64 71 68 34 33 38 36 39 35 37 90 62 59 57 60 56 58 95 63 82 83 84 85 86 87 80 81 79 76 74 77 73 75 93 72 50 55 53 48 52 54 89 51 25 27 92 24 31 28 26 29 10 91 15 14 11 9  12 8  49 94 32 16 70 30 13 78 4  61 97 
42 40 97 47 46 43 41 44 23 20 18 21 17 19 96 16 1  6  0  5  7  98 4  3  88 68 67 64 70 65 69 71 90 35 34 39 37 32 36 38 56 63 60 58 61 57 59 95 87 86 83 81 84 80 82 94 76 77 78 79 72 73 74 75 51 54 50 52 89 49 48 53 92 30 29 26 24 27 31 25 11 8  14 9  13 15 91 12 55 85 33 22 66 28 10 93 2  62 45 
97 41 46 45 42 40 43 47 22 96 19 18 23 21 16 20 98 7  6  3  0  4  1  2  71 65 88 70 69 66 64 67 39 90 36 35 32 38 33 37 95 57 56 61 59 62 58 60 85 82 80 83 87 81 94 86 74 78 72 93 77 76 73 79 52 51 48 54 49 53 55 89 30 26 28 92 25 24 29 27 12 15 11 13 91 10 9  14 50 84 34 17 68 31 8  75 5  63 44 
47 42 45 40 44 46 97 43 19 17 20 16 18 96 23 22 5  1  4  6  98 3  2  7  70 71 64 65 66 67 68 69 38 32 90 37 36 33 39 34 61 95 58 57 62 60 63 59 80 84 86 94 83 82 87 85 77 79 93 76 75 72 78 73 53 49 51 89 48 55 52 50 29 28 25 31 26 30 24 92 13 12 9  15 10 14 8  91 54 81 35 21 88 27 11 74 0  56 41 
46 43 42 44 97 41 40 45 17 16 21 19 22 18 20 96 4  0  7  2  6  1  98 5  67 66 71 69 64 68 70 88 35 39 33 90 38 37 34 32 60 62 95 59 58 63 61 56 84 94 81 80 85 83 86 82 73 72 77 75 78 74 76 93 54 52 55 51 53 89 50 49 26 92 31 30 27 25 28 24 14 10 12 91 9  8  13 11 48 87 36 23 65 29 15 79 3  57 47 
43 44 40 46 41 45 47 97 20 21 22 23 16 17 18 19 0  2  3  4  5  6  7  1  65 70 68 71 67 69 88 66 33 36 32 34 90 39 38 35 57 61 63 95 60 59 56 62 86 81 85 87 94 84 83 80 75 73 76 72 74 93 79 78 55 48 49 50 51 52 53 54 24 25 26 27 28 29 30 31 15 13 8  12 14 91 11 10 89 82 37 96 64 92 9  77 98 58 42 
41 45 43 97 40 47 44 42 16 19 23 17 96 22 21 18 7  3  5  98 2  0  6  4  68 64 66 88 71 70 67 65 36 34 37 33 35 90 32 39 63 58 62 56 95 61 60 57 94 80 87 84 82 85 81 83 93 74 73 78 76 79 75 77 48 50 89 55 54 51 49 52 27 24 30 25 29 31 92 28 8  9  10 11 12 13 14 15 53 86 38 20 69 26 91 72 1  59 46 
44 46 47 43 45 97 42 41 18 22 16 96 21 20 17 23 2  4  98 0  1  5  3  6  64 88 69 68 65 71 66 70 32 37 35 38 34 36 90 33 58 56 59 63 57 95 62 61 83 85 94 82 81 86 84 87 72 75 79 73 93 78 77 74 49 89 54 53 50 48 51 55 31 29 24 28 30 92 27 26 9  11 91 8  15 12 10 13 52 80 39 19 67 25 14 76 7  60 40 
9  14 13 15 91 12 11 8  70 67 65 68 64 66 88 71 31 26 30 24 92 29 28 25 98 0  1  5  3  6  2  4  76 73 79 74 78 72 93 77 42 41 46 44 47 43 45 97 21 23 96 20 19 16 22 17 49 55 50 54 48 89 53 52 84 85 86 87 80 81 82 83 63 57 95 62 61 58 56 59 34 37 33 35 90 32 39 36 94 18 75 69 7  60 38 51 27 40 10 
13 11 91 10 9  14 12 15 69 88 66 65 70 68 71 67 29 92 26 25 30 28 31 27 4  6  98 3  2  7  5  1  74 76 93 73 72 77 75 78 97 43 42 47 45 40 44 46 18 22 16 96 21 20 17 23 53 50 48 51 55 49 89 54 87 84 82 85 81 83 94 80 57 62 60 63 59 61 95 58 36 32 34 90 39 38 35 33 86 19 79 64 0  56 37 52 24 41 8  
15 9  10 14 8  91 13 12 66 64 67 71 65 88 70 69 24 31 28 26 29 25 27 92 3  4  5  6  7  1  0  2  77 72 76 78 93 75 74 79 47 97 44 43 40 46 41 45 16 19 23 17 96 22 21 18 55 54 51 49 52 48 50 89 83 81 84 80 82 94 87 86 95 60 59 56 62 57 61 63 90 36 35 32 38 33 37 39 85 20 73 68 98 58 34 53 30 42 11 
91 12 9  8  13 11 14 10 64 71 68 66 69 65 67 88 28 30 92 27 26 31 29 24 1  7  4  2  5  0  3  98 73 74 75 76 77 78 79 72 46 40 97 45 44 41 47 42 19 17 20 16 18 96 23 22 89 48 55 52 50 53 49 51 85 87 94 84 83 80 86 81 62 63 56 57 58 59 60 61 33 38 36 39 35 37 90 34 82 21 93 70 6  95 32 54 25 43 15 
12 8  14 91 11 10 15 13 67 68 69 70 71 64 65 66 30 27 25 28 24 26 92 31 6  3  0  4  1  2  98 7  75 93 72 79 76 74 77 73 43 47 41 97 46 45 42 40 23 20 18 21 17 19 96 16 52 89 49 48 53 51 54 50 94 82 81 86 84 87 83 85 61 59 62 58 60 95 57 56 32 90 37 36 33 39 34 38 80 22 78 88 5  63 35 55 29 44 9  
11 10 12 13 14 15 8  9  71 66 70 64 88 69 68 65 92 25 24 29 27 30 26 28 0  5  7  98 4  3  1  6  93 79 78 75 73 76 72 74 41 44 40 42 97 47 46 43 17 16 21 19 22 18 20 96 51 53 89 50 49 54 52 55 82 86 80 94 85 84 81 87 58 61 57 59 95 56 63 60 37 35 38 34 36 90 33 32 83 23 77 67 2  62 39 48 31 45 91 
8  91 15 12 10 13 9  11 65 69 71 88 68 67 64 70 27 28 29 30 31 24 25 26 5  98 2  0  6  4  7  3  72 78 73 77 79 93 76 75 44 42 45 41 43 97 40 47 96 18 17 22 20 23 19 21 48 52 54 89 51 50 55 53 81 80 85 83 86 82 84 94 56 95 61 60 57 63 58 62 35 34 39 37 32 36 38 90 87 16 74 66 1  59 33 49 92 46 14 
14 15 11 9  12 8  10 91 88 65 64 69 67 70 66 68 26 24 27 31 25 92 30 29 7  2  6  1  98 5  4  0  79 75 77 93 74 73 78 76 40 45 43 46 42 44 97 41 22 96 19 18 23 21 16 20 54 49 53 55 89 52 51 48 86 94 83 82 87 85 80 84 59 58 63 61 56 60 62 95 38 39 32 33 34 35 36 37 81 17 72 71 3  57 90 50 28 47 13 
56 62 95 61 60 57 63 58 81 87 82 86 80 94 85 84 68 69 70 71 64 65 66 67 18 23 21 16 20 22 96 19 12 11 8  14 9  13 15 91 30 24 92 29 28 25 31 26 50 49 54 52 55 51 53 89 36 39 35 37 90 34 33 38 77 72 76 78 93 75 74 79 5  3  6  2  4  98 0  1  47 97 44 43 40 46 41 45 73 48 10 83 17 7  42 32 88 27 59 
63 59 57 95 62 61 58 56 84 94 81 80 85 83 86 82 64 67 71 65 88 70 69 66 23 16 17 18 19 20 21 22 15 8  9  10 11 12 13 14 24 29 27 30 26 28 92 25 89 51 50 55 53 48 52 54 32 33 34 35 36 37 38 39 74 76 93 73 72 77 75 78 98 4  3  1  6  0  5  7  97 43 42 47 45 40 44 46 79 49 91 87 96 2  41 90 68 31 60 
60 57 56 58 95 63 62 59 80 84 86 94 83 82 87 85 66 70 64 88 69 68 65 71 21 17 19 96 16 23 20 18 11 14 10 12 91 9  8  13 92 27 26 31 29 24 28 30 55 89 52 51 48 54 49 53 34 90 39 38 35 33 36 32 72 78 73 77 79 93 76 75 2  5  0  3  98 1  7  4  44 42 45 41 43 97 40 47 74 50 15 81 22 6  46 37 67 25 61 
58 60 61 57 59 95 56 63 82 83 84 85 86 87 80 81 88 66 65 70 68 71 67 69 16 18 96 23 22 19 17 20 13 9  11 91 8  15 12 10 29 30 31 24 25 26 27 28 54 48 89 53 52 49 55 50 90 38 37 34 32 35 39 33 75 93 72 79 76 74 77 73 0  6  4  7  3  5  98 2  43 47 41 97 46 45 42 40 78 51 14 94 21 1  44 36 64 92 62 
61 56 59 62 58 60 95 57 94 80 87 84 82 85 81 83 71 68 66 69 65 67 88 64 20 19 16 22 17 21 23 96 91 13 12 9  15 10 14 8  28 26 29 25 27 92 24 31 51 55 49 89 54 53 50 48 39 37 32 36 38 90 35 34 79 75 77 93 74 73 78 76 6  7  1  0  2  3  4  5  40 45 43 46 42 44 97 41 72 52 11 86 18 98 47 33 70 30 63 
57 58 62 60 63 59 61 95 87 86 83 81 84 80 82 94 70 88 67 66 71 69 64 68 22 20 23 19 21 96 18 17 10 15 13 8  12 14 91 11 25 28 24 26 92 31 30 27 49 52 48 50 89 55 54 51 38 34 36 90 33 32 37 35 73 74 75 76 77 78 79 72 4  1  2  98 7  6  3  0  46 40 97 45 44 41 47 42 93 53 9  85 16 5  43 39 65 29 56 
59 95 58 63 61 56 60 62 86 81 85 87 94 84 83 80 67 65 68 64 66 88 71 70 96 21 20 17 23 18 22 16 9  91 14 13 10 8  11 15 31 92 28 27 24 30 25 29 52 50 53 49 51 89 48 55 35 32 38 33 37 39 90 36 93 79 78 75 73 76 72 74 7  0  98 6  5  2  1  3  41 44 40 42 97 47 46 43 77 54 12 82 19 4  45 34 69 26 57 
95 63 60 59 56 62 57 61 83 85 94 82 81 86 84 87 65 64 69 67 70 66 68 88 19 22 18 20 96 17 16 21 14 12 15 11 13 91 10 9  26 25 30 28 31 27 29 92 48 53 51 54 50 52 89 49 33 35 90 32 39 36 34 37 78 77 74 72 75 79 73 93 3  2  7  5  1  4  6  98 45 46 47 40 41 42 43 44 76 55 8  80 23 0  97 38 71 24 58 
66 70 68 88 65 64 69 67 34 32 35 39 33 90 38 37 55 49 89 54 53 50 48 51 78 73 77 79 93 76 75 72 92 26 25 30 28 31 27 29 17 96 22 21 18 16 19 23 91 11 10 15 13 8  12 14 58 57 62 60 63 59 61 95 97 42 41 46 44 47 43 45 83 80 86 81 85 87 94 84 2  1  3  7  0  98 6  5  40 9  24 36 74 82 4  56 52 20 71 
64 67 70 65 69 71 88 68 32 39 36 34 37 33 35 90 89 52 51 48 54 49 53 55 76 93 73 72 77 75 78 74 24 27 31 25 92 30 29 26 16 18 96 23 22 19 17 20 11 15 9  91 14 13 10 8  95 59 58 63 61 56 60 62 40 43 47 41 97 46 45 42 85 84 81 87 82 86 80 94 98 0  1  5  3  6  2  4  44 12 28 38 79 83 7  57 50 21 66 
67 65 88 64 71 68 66 69 35 36 37 38 39 32 33 34 52 48 50 89 55 54 51 49 79 78 75 73 76 72 74 93 31 28 26 29 25 27 92 24 21 17 19 96 16 23 20 18 10 9  14 12 15 11 13 91 63 95 60 59 56 62 57 61 47 44 42 45 41 43 97 40 94 86 85 82 80 83 87 81 7  2  6  1  98 5  4  0  46 8  30 90 77 84 3  58 53 22 70 
71 68 67 69 88 66 65 70 39 34 38 32 90 37 36 33 51 50 55 53 48 52 54 89 75 77 93 74 73 78 76 79 28 29 30 31 24 25 26 27 19 22 18 20 96 17 16 21 15 91 12 11 8  14 9  13 62 56 95 61 60 57 63 58 44 45 46 47 40 41 42 43 82 94 87 86 83 81 84 80 6  3  0  4  1  2  98 7  97 10 92 35 72 85 5  59 49 23 64 
65 64 66 67 68 69 70 71 33 37 39 90 36 35 32 38 48 89 53 52 49 55 50 54 77 74 72 75 79 73 93 78 26 30 24 92 29 28 25 31 22 20 23 19 21 96 18 17 13 14 15 8  9  10 11 12 59 63 57 95 62 61 58 56 42 46 40 97 45 44 41 47 81 83 94 80 87 84 82 85 3  4  5  6  7  1  0  2  43 91 27 34 76 86 98 60 51 16 88 
88 66 71 70 67 65 68 64 90 33 32 37 35 38 34 36 54 55 48 49 50 51 52 53 93 72 79 76 74 77 73 75 29 31 92 28 27 24 30 25 18 23 21 16 20 22 96 19 8  13 11 14 10 12 91 9  57 60 56 58 95 63 62 59 45 47 97 44 43 40 46 41 86 82 84 94 81 80 85 83 0  5  7  98 4  3  1  6  42 15 26 39 78 87 2  61 89 17 69 
70 88 69 66 64 67 71 65 38 35 33 36 32 34 90 39 49 54 52 55 51 53 89 50 74 75 76 77 78 79 72 73 25 24 29 27 30 26 28 92 20 19 16 22 17 21 23 96 12 10 13 9  11 91 8  15 60 58 61 57 59 95 56 63 41 40 45 43 46 42 44 97 84 87 83 85 94 82 81 86 4  6  98 3  2  7  5  1  47 14 31 37 93 80 0  62 48 18 68 
69 71 64 68 70 88 67 66 37 90 34 33 38 36 39 35 53 51 54 50 52 89 49 48 73 79 74 78 72 93 77 76 27 25 28 24 26 92 31 30 96 21 20 17 23 18 22 16 14 8  91 13 12 9  15 10 56 61 59 62 58 60 95 57 43 41 44 40 42 97 47 46 87 85 80 84 86 94 83 82 1  7  4  2  5  0  3  98 45 11 29 32 75 81 6  63 55 19 65 
72 73 77 75 78 74 76 93 26 27 28 29 30 31 24 25 97 41 40 45 43 46 42 44 61 95 58 57 62 60 63 59 82 86 80 94 85 84 81 87 90 36 35 32 38 33 37 39 98 6  5  2  1  3  7  0  22 21 18 16 19 23 17 96 66 65 70 68 71 67 69 88 12 14 91 11 10 15 13 8  49 51 89 48 55 52 50 53 64 4  83 92 56 9  54 20 47 34 79 
75 72 79 73 93 78 77 74 31 30 27 25 28 24 26 92 45 97 42 41 46 44 47 43 62 59 57 60 56 58 95 63 87 84 82 85 81 83 94 80 38 39 32 33 34 35 36 37 3  1  6  0  5  7  98 4  21 16 20 22 96 19 18 23 88 67 66 71 69 64 68 70 91 9  8  13 11 14 10 12 55 53 48 52 54 89 51 50 65 2  86 29 61 15 49 17 40 90 76 
79 77 93 76 75 72 78 73 29 26 24 27 31 25 92 30 44 46 97 43 42 47 45 40 63 58 62 56 95 61 60 57 85 87 94 84 83 80 86 81 37 35 38 34 36 90 33 32 2  98 7  6  3  0  4  1  18 20 96 17 16 21 19 22 71 88 68 67 64 70 65 69 9  13 15 91 12 11 8  14 50 89 55 54 51 49 52 48 66 5  82 28 59 10 53 23 41 39 74 
73 75 76 72 74 93 79 78 24 28 30 92 27 26 31 29 41 45 47 97 44 43 40 46 56 63 60 58 61 57 59 95 80 83 87 81 94 86 85 82 34 37 33 35 90 32 39 36 7  5  1  4  6  98 3  2  16 22 17 21 23 96 20 19 70 64 88 69 68 65 71 66 8  15 12 10 13 9  11 91 54 50 52 89 49 48 53 51 67 0  84 25 62 14 55 18 42 38 77 
93 78 75 74 79 77 72 76 28 92 25 24 29 27 30 26 47 42 46 40 97 45 44 41 57 61 63 95 60 59 56 62 84 85 86 87 80 81 82 83 32 90 37 36 33 39 34 38 5  4  0  7  2  6  1  98 19 96 16 23 20 18 21 17 67 71 65 88 70 69 66 64 13 91 10 9  14 12 15 11 48 49 50 51 52 53 54 55 68 3  94 31 58 8  89 22 43 35 73 
78 74 72 93 77 76 73 79 30 25 29 31 92 28 27 24 42 40 43 47 41 97 46 45 58 56 59 63 57 95 62 61 86 94 83 82 87 85 80 84 35 34 39 37 32 36 38 90 1  0  2  3  4  5  6  7  23 19 21 96 18 17 22 20 65 68 64 66 88 71 70 67 11 12 13 14 15 8  9  10 89 54 53 50 48 51 55 49 69 98 81 26 60 91 52 16 44 33 75 
77 76 78 79 72 73 74 75 92 24 31 28 26 29 25 27 46 43 41 44 40 42 97 47 59 60 61 62 63 56 57 58 94 82 81 86 84 87 83 85 39 33 90 38 37 34 32 35 4  7  3  5  98 2  0  6  17 18 19 20 21 22 23 16 68 66 69 65 67 88 64 71 14 11 9  12 8  10 91 15 53 52 49 55 50 54 48 89 70 1  80 30 95 13 51 96 45 36 93 
74 93 73 78 76 79 75 77 27 29 92 26 25 30 28 31 40 47 44 42 45 41 43 97 60 62 95 59 58 63 61 56 83 81 84 80 82 94 87 86 33 38 36 39 35 37 90 34 6  2  4  98 0  1  5  3  96 23 22 19 17 20 16 18 64 69 67 70 66 68 88 65 10 8  11 15 9  91 14 13 52 55 51 53 89 50 49 54 71 7  85 24 57 12 48 21 46 32 72 
86 83 82 84 94 81 80 85 45 42 40 43 47 41 97 46 35 33 36 32 34 90 39 38 13 12 9  15 10 14 8  91 70 64 88 69 68 65 71 66 49 51 89 48 55 52 50 53 56 57 58 59 60 61 62 63 3  7  0  98 6  5  2  1  28 29 30 31 24 25 26 27 74 73 78 76 79 75 77 93 16 18 96 23 22 19 17 20 92 95 67 44 11 72 21 4  37 54 87 
83 84 80 86 81 85 87 94 97 40 47 44 42 45 41 43 33 32 37 35 38 34 36 90 11 8  14 9  13 15 91 12 88 67 66 71 69 64 68 70 54 50 52 89 49 48 53 51 62 58 60 95 57 56 61 59 98 3  2  7  5  1  4  6  30 92 27 26 31 29 24 28 93 75 74 79 77 72 76 78 21 17 19 96 16 23 20 18 25 63 65 46 10 73 22 0  39 55 82 
81 85 83 94 80 87 84 82 42 43 44 45 46 47 40 41 36 37 38 39 32 33 34 35 14 10 12 91 9  8  13 11 67 71 65 88 70 69 66 64 52 55 51 53 89 50 49 54 57 59 95 56 63 60 58 61 1  5  3  6  2  4  98 0  92 26 25 30 28 31 27 29 79 93 76 75 72 78 73 77 19 22 18 20 96 17 16 21 24 62 68 97 15 74 23 7  90 48 86 
84 86 87 83 85 94 82 81 41 47 42 46 40 97 45 44 32 35 39 33 90 38 37 34 10 91 15 14 11 9  12 8  66 65 70 68 71 67 69 88 55 53 48 52 54 89 51 50 61 60 57 63 58 62 56 95 7  98 4  3  1  6  0  5  27 25 28 24 26 92 31 30 78 72 93 77 76 73 79 74 22 20 23 19 21 96 18 17 29 59 64 43 13 75 16 2  36 49 80 
80 87 81 82 83 84 85 86 46 41 45 47 97 44 43 40 34 38 32 90 37 36 33 39 12 15 11 13 91 10 9  14 71 88 68 67 64 70 65 69 51 48 54 49 53 55 89 52 63 61 56 60 62 95 59 58 4  2  5  0  3  98 1  7  26 30 24 92 29 28 25 31 75 79 73 93 78 77 74 72 18 23 21 16 20 22 96 19 27 57 66 42 8  76 17 6  35 50 94 
82 80 94 87 86 83 81 84 44 97 41 40 45 43 46 42 90 34 33 38 36 39 35 37 91 14 13 10 8  11 15 9  69 70 71 64 65 66 67 68 53 52 49 55 50 54 48 89 95 62 61 58 56 59 63 57 2  0  6  4  7  3  5  98 31 28 26 29 25 27 92 24 73 76 72 74 93 79 78 75 20 19 16 22 17 21 23 96 30 60 88 47 12 77 18 1  32 51 85 
94 81 86 85 82 80 83 87 47 46 43 41 44 40 42 97 39 36 34 37 33 35 90 32 9  11 91 8  15 12 10 13 64 69 67 70 66 68 88 65 89 54 53 50 48 51 55 49 60 63 59 61 95 58 57 62 5  6  7  1  0  2  3  4  29 31 92 28 27 24 30 25 76 74 77 73 75 93 72 79 96 21 20 17 23 18 22 16 26 56 71 45 14 78 19 98 38 52 84 
87 82 85 80 84 86 94 83 43 45 97 42 41 46 44 47 38 90 35 34 39 37 32 36 8  9  10 11 12 13 14 15 68 66 69 65 67 88 64 71 50 89 55 54 51 49 52 48 59 56 62 57 61 63 95 60 0  4  1  2  98 7  6  3  24 27 31 25 92 30 29 26 72 77 75 78 74 76 93 73 17 96 22 21 18 16 19 23 28 58 70 40 91 79 20 5  33 53 81 
53 51 89 50 49 54 52 55 58 95 63 62 59 57 60 56 14 15 8  9  10 11 12 13 41 44 40 42 97 47 46 43 96 20 19 16 22 17 21 23 79 78 75 73 76 72 74 93 26 27 28 29 30 31 24 25 88 70 69 66 64 67 71 65 0  7  2  6  1  98 5  4  38 37 34 32 35 39 33 90 82 81 86 84 87 83 85 94 3  92 18 61 45 36 80 68 91 77 48 
89 52 49 48 53 51 54 50 61 60 57 63 58 62 56 95 11 10 15 13 8  12 14 91 43 47 41 97 46 45 42 40 16 96 21 20 17 23 18 22 93 72 79 76 74 77 73 75 92 24 31 28 26 29 25 27 71 69 64 68 70 88 67 66 6  0  5  7  98 4  3  1  37 32 36 38 90 35 34 39 94 83 82 87 85 80 84 86 2  30 19 59 44 33 81 65 9  78 55 
50 53 48 51 55 49 89 54 57 59 95 56 63 60 58 61 9  14 12 15 11 13 91 10 97 43 42 47 45 40 44 46 23 17 96 22 21 18 16 19 76 93 73 72 77 75 78 74 31 30 27 25 28 24 26 92 70 66 68 88 65 64 69 67 4  98 0  1  5  3  6  2  34 36 90 33 32 37 35 38 87 94 84 83 80 86 81 85 7  29 20 62 41 39 82 71 8  79 52 
49 54 53 55 89 52 51 48 59 56 62 57 61 63 95 60 12 8  10 91 15 14 11 9  40 45 43 46 42 44 97 41 20 16 18 96 23 22 19 17 75 77 93 74 73 78 76 79 30 25 29 31 92 28 27 24 67 64 70 65 69 71 88 68 7  6  3  0  4  1  2  98 32 38 33 37 39 90 36 35 86 80 94 85 84 81 87 82 5  26 21 58 47 34 83 66 13 72 50 
54 55 51 49 52 48 50 89 95 62 61 58 56 59 63 57 8  91 13 12 9  15 10 14 47 97 44 43 40 46 41 45 18 21 17 19 96 16 23 20 72 76 78 93 75 74 79 77 27 29 92 26 25 30 28 31 65 67 88 64 71 68 66 69 3  5  98 2  0  6  4  7  35 90 32 39 36 34 37 33 83 87 81 94 86 85 82 80 1  24 22 60 42 38 84 70 11 73 53 
52 48 54 89 51 50 55 53 56 57 58 59 60 61 62 63 10 13 9  11 91 8  15 12 44 42 45 41 43 97 40 47 21 19 22 18 20 96 17 16 78 73 77 79 93 76 75 72 25 31 26 30 24 92 29 28 68 71 67 69 88 66 65 70 5  2  1  3  7  0  98 6  39 35 37 90 34 33 38 36 81 84 80 82 94 87 86 83 4  27 23 95 46 32 85 64 14 74 49 
55 49 50 54 48 89 53 52 63 61 56 60 62 95 59 58 91 12 11 8  14 9  13 15 42 41 46 44 47 43 45 97 17 22 20 23 19 21 96 18 73 79 74 78 72 93 77 76 28 92 25 24 29 27 30 26 64 65 66 67 68 69 70 71 98 1  7  4  2  5  0  3  33 34 35 36 37 38 39 32 84 82 85 81 83 94 80 87 6  31 16 57 40 90 86 88 10 75 51 
51 50 52 53 54 55 48 49 60 63 59 61 95 58 57 62 15 9  91 14 13 10 8  11 45 46 47 40 41 42 43 44 19 18 23 21 16 20 22 96 77 74 72 75 79 73 93 78 24 28 30 92 27 26 31 29 66 88 71 70 67 65 68 64 2  3  4  5  6  7  1  0  90 39 38 35 33 36 32 34 80 85 83 86 82 84 94 81 98 25 17 56 97 37 87 69 12 76 89 
76 79 74 77 73 75 93 72 25 31 26 30 24 92 29 28 43 44 45 46 47 40 41 42 95 57 56 61 59 62 58 60 81 80 85 83 86 82 84 94 36 32 34 90 39 38 35 33 0  3  98 1  7  4  2  5  20 17 23 18 22 16 96 21 69 70 71 64 65 66 67 68 15 10 14 8  91 13 12 9  51 48 54 49 53 55 89 52 88 6  87 27 63 11 50 19 97 37 78 
62 61 63 56 57 58 59 60 85 82 80 83 87 81 94 86 69 71 88 68 67 64 70 65 17 96 22 21 18 16 19 23 8  10 91 15 14 11 9  12 27 31 25 92 30 29 26 24 53 54 55 48 49 50 51 52 37 36 33 39 34 38 32 90 76 73 79 74 78 72 93 77 1  98 5  4  0  7  2  6  42 41 46 44 47 43 45 97 75 89 13 84 20 3  40 35 66 28 95 
45 97 44 41 47 42 46 40 21 23 96 20 19 16 22 17 3  98 1  7  4  2  5  0  69 67 70 66 68 88 65 64 37 38 39 32 33 34 35 36 59 60 61 62 63 56 57 58 81 87 82 86 80 94 85 84 78 93 75 74 79 77 72 76 89 53 52 49 55 50 54 48 28 31 27 29 92 26 25 30 91 14 13 10 8  11 15 9  51 83 90 18 71 24 12 73 6  95 43 
96 19 16 23 20 18 21 17 13 14 15 8  9  10 11 12 79 77 72 76 78 93 75 74 34 37 33 35 90 32 39 36 98 1  7  4  2  5  0  3  85 86 87 80 81 82 83 84 44 97 41 40 45 43 46 42 29 25 27 92 24 31 28 26 57 63 58 62 56 95 61 60 50 48 51 55 49 89 54 53 68 64 66 88 71 70 67 65 59 47 6  91 38 52 69 30 73 94 22 
33 32 34 35 36 37 38 39 98 6  5  2  1  3  7  0  62 61 58 56 59 63 57 95 29 30 31 24 25 26 27 28 54 52 55 51 53 89 50 49 8  9  10 11 12 13 14 15 69 88 66 65 70 68 71 67 85 81 83 94 80 87 84 82 23 17 96 22 21 18 16 19 42 97 47 46 43 41 44 40 78 73 77 79 93 76 75 72 20 64 48 4  92 45 74 86 60 91 90 
85 94 84 81 87 82 86 80 40 44 46 97 43 42 47 45 37 39 90 36 35 32 38 33 15 13 8  12 14 91 11 10 65 68 64 66 88 71 70 67 48 49 50 51 52 53 54 55 58 95 63 62 59 57 60 56 6  1  98 5  4  0  7  2  25 24 29 27 30 26 28 92 77 78 79 72 73 74 75 76 23 16 17 18 19 20 21 22 31 61 69 41 9  93 96 3  34 89 83 
48 89 55 52 50 53 49 51 62 58 60 95 57 56 61 59 13 11 14 10 12 91 9  8  46 40 97 45 44 41 47 42 22 23 16 17 18 19 20 21 74 75 76 77 78 79 72 73 29 26 24 27 31 25 92 30 69 68 65 71 66 70 64 88 1  4  6  98 3  2  7  5  36 33 39 34 38 32 90 37 85 86 87 80 81 82 83 84 0  28 96 63 43 35 94 67 15 93 54 
68 69 65 71 66 70 64 88 36 38 90 35 34 39 37 32 50 53 49 51 89 48 55 52 72 76 78 93 75 74 79 77 30 92 27 26 31 29 24 28 23 16 17 18 19 20 21 22 9  12 8  10 91 15 14 11 61 62 63 56 57 58 59 60 46 97 43 42 47 45 40 44 80 81 82 83 84 85 86 87 5  98 2  0  6  4  7  3  41 13 25 33 73 94 1  95 54 96 67 
30 27 26 28 92 25 24 29 52 50 53 49 51 89 48 55 21 22 23 16 17 18 19 20 82 81 86 84 87 83 85 94 45 47 97 44 43 40 46 41 3  4  5  6  7  1  0  2  76 75 72 78 73 77 79 93 10 11 12 13 14 15 8  9  39 90 36 35 32 38 33 37 71 67 69 88 66 65 70 68 61 95 58 57 62 60 63 59 34 74 42 54 80 64 56 91 96 98 31 
10 13 8  11 15 9  91 14 68 70 88 67 66 71 69 64 25 29 31 92 28 27 24 30 2  1  3  7  0  98 6  5  78 77 74 72 75 79 73 93 45 46 47 40 41 42 43 44 20 21 22 23 16 17 18 19 50 51 52 53 54 55 48 49 80 83 87 81 94 86 85 82 60 56 58 95 63 62 59 57 39 33 90 38 37 34 32 35 84 96 76 65 4  61 36 89 26 97 12 
6  5  7  1  0  2  3  4  75 78 74 76 93 73 72 77 86 83 81 84 80 82 94 87 48 49 50 51 52 53 54 55 57 63 58 62 56 95 61 60 70 71 64 65 66 67 68 69 35 36 37 38 39 32 33 34 45 41 43 97 40 47 44 42 91 13 12 9  15 10 14 8  16 20 22 96 19 18 23 21 24 29 27 30 26 28 92 25 11 90 59 79 89 17 31 46 85 88 98 
