3  98 2  7  5  1  4  6  79 76 74 77 73 75 94 72 81 83 95 80 87 84 82 85 52 89 49 48 53 51 54 50 58 62 56 97 61 60 57 63 69 65 67 91 64 71 68 66 36 96 33 32 37 35 38 34 41 46 44 47 43 45 90 42 8  14 9  13 15 88 12 11 20 23 19 21 92 18 17 22 31 29 24 28 30 93 27 26 78 39 70 10 86 55 16 25 59 40 0  
0  2  6  4  7  3  5  98 76 77 78 79 72 73 74 75 87 85 80 84 86 95 83 82 89 48 55 52 50 53 49 51 61 63 97 60 59 56 62 57 64 66 91 71 70 67 65 68 35 37 96 34 33 38 36 39 90 44 43 40 46 41 45 47 13 8  12 14 88 11 10 15 19 16 22 17 21 23 92 20 93 30 29 26 24 27 31 25 94 32 69 9  81 54 18 28 58 42 1  
98 7  4  3  1  6  0  5  75 73 76 72 74 94 79 78 95 86 85 82 80 83 87 81 51 53 89 50 49 54 52 55 56 59 63 57 97 62 61 58 67 70 66 68 91 65 64 69 37 34 32 35 39 33 96 38 40 90 45 44 41 47 42 46 12 9  15 10 14 8  88 13 21 20 17 23 18 22 16 92 30 26 28 93 25 24 29 27 77 36 71 11 84 48 19 31 60 43 2  
1  6  98 5  4  0  7  2  77 79 94 76 75 72 78 73 86 82 84 95 81 80 85 83 48 52 54 89 51 50 55 53 59 57 60 56 58 97 63 62 70 68 71 67 69 91 66 65 38 33 37 39 96 36 35 32 45 43 46 42 44 90 41 40 14 13 10 8  11 15 9  88 22 18 20 92 17 16 21 19 27 24 30 25 29 31 93 28 74 34 64 12 87 49 23 26 61 47 3  
7  3  0  98 6  5  2  1  94 74 73 78 76 79 75 77 85 84 81 87 82 86 80 95 54 49 53 55 89 52 51 48 63 60 58 61 57 59 97 56 66 71 69 64 68 70 91 67 39 38 35 33 36 32 34 96 43 42 47 45 40 44 46 90 88 15 14 11 9  12 8  10 23 21 16 20 22 92 19 18 25 27 93 24 31 28 26 29 72 37 65 13 83 50 17 30 62 41 4  
4  0  1  2  98 7  6  3  74 78 72 94 77 76 73 79 82 95 87 86 83 81 84 80 49 55 50 54 48 89 53 52 57 56 61 59 62 58 60 97 68 67 64 70 65 69 71 91 32 36 38 96 35 34 39 37 46 47 40 41 42 43 44 45 11 88 8  15 12 10 13 9  16 17 18 19 20 21 22 23 28 31 27 29 93 26 25 30 75 33 66 14 85 51 92 24 63 90 5  
2  4  5  0  3  98 1  7  73 72 77 75 78 74 76 94 80 81 82 83 84 85 86 87 53 50 48 51 55 49 89 54 97 58 57 62 60 63 59 61 91 69 68 65 71 66 70 64 33 39 34 38 32 96 37 36 42 45 41 43 90 40 47 44 10 12 88 9  8  13 11 14 17 19 92 16 23 20 18 21 24 25 26 27 28 29 30 31 79 35 67 15 95 52 22 93 56 46 6  
5  1  3  6  2  4  98 0  78 94 75 74 79 77 72 76 83 80 86 81 85 87 95 84 55 54 51 49 52 48 50 89 62 97 59 58 63 61 56 60 65 91 70 69 66 64 67 71 34 35 36 37 38 39 32 33 44 40 42 90 47 46 43 41 15 11 13 88 10 9  14 12 18 92 23 22 19 17 20 16 26 93 31 30 27 25 28 24 73 96 68 8  82 53 21 29 57 45 7  
19 17 92 16 23 20 18 21 10 9  14 12 15 11 13 88 77 74 72 75 79 73 94 78 34 39 37 32 36 38 96 35 2  3  4  5  6  7  1  0  82 95 87 86 83 81 84 80 42 43 44 45 46 47 40 41 30 93 27 26 31 29 24 28 63 62 59 57 60 56 58 97 48 55 52 50 53 49 51 89 91 66 65 70 68 71 67 69 8  90 85 61 76 33 54 64 98 25 22 
21 23 16 20 22 92 19 18 88 11 10 15 13 8  12 14 73 79 74 78 72 94 77 76 35 38 34 36 96 33 32 37 7  6  3  0  4  1  2  98 81 83 95 80 87 84 82 85 43 45 90 42 41 46 44 47 26 30 24 93 29 28 25 31 59 61 97 58 57 62 60 63 53 89 50 49 54 52 55 51 66 70 64 91 69 68 65 71 9  40 86 56 75 39 48 67 5  27 17 
92 18 23 22 19 17 20 16 15 88 12 11 8  14 9  13 75 77 94 74 73 78 76 79 36 35 32 38 33 37 39 96 5  2  1  3  7  0  98 6  86 82 84 95 81 80 85 83 44 90 41 40 45 43 46 42 28 29 30 31 24 25 26 27 61 58 56 59 63 57 97 62 51 52 53 54 55 48 49 50 65 64 69 67 70 66 68 91 10 47 87 60 72 34 89 71 4  93 21 
18 22 20 92 17 16 21 19 14 8  88 13 12 9  15 10 94 72 79 76 74 77 73 75 37 33 35 96 32 39 36 34 1  4  6  98 3  2  7  5  84 87 83 85 95 82 81 86 45 42 40 43 47 41 90 46 93 26 25 30 28 31 27 29 97 56 63 60 58 61 57 59 54 51 49 52 48 50 89 55 70 91 67 66 71 69 64 68 11 44 80 62 78 38 53 65 0  24 23 
17 16 18 19 20 21 22 23 11 15 9  88 14 13 10 8  72 76 78 94 75 74 79 77 38 36 39 35 37 96 34 33 4  98 0  1  5  3  6  2  87 85 80 84 86 95 83 82 46 41 45 47 90 44 43 40 25 24 29 27 30 26 28 93 58 59 60 61 62 63 56 57 50 48 51 55 49 89 54 53 68 69 70 71 64 65 66 67 12 42 81 97 73 32 52 91 7  31 92 
22 92 21 18 16 19 23 17 9  12 8  10 88 15 14 11 79 78 75 73 76 72 74 94 39 32 33 34 35 36 37 38 6  0  5  7  98 4  3  1  83 80 86 81 85 87 95 84 47 46 43 41 44 40 42 90 24 27 31 25 93 30 29 26 57 63 58 62 56 97 61 60 52 54 89 51 50 55 53 48 71 68 66 69 65 67 91 64 13 45 82 59 77 96 49 70 2  28 20 
20 21 17 23 18 22 16 92 12 10 13 9  11 88 8  15 76 94 73 72 77 75 78 74 32 34 96 39 38 35 33 36 98 1  7  4  2  5  0  3  85 84 81 87 82 86 80 95 40 44 46 90 43 42 47 45 29 31 93 28 27 24 30 25 62 57 61 63 97 60 59 56 89 49 48 53 51 54 50 52 67 65 68 64 66 91 71 70 14 41 83 58 79 37 55 69 6  26 19 
23 20 19 21 92 18 17 22 8  13 11 14 10 12 88 9  74 75 76 77 78 79 72 73 33 96 38 37 34 32 35 39 3  5  98 2  0  6  4  7  95 86 85 82 80 83 87 81 41 47 42 46 40 90 45 44 27 25 28 24 26 93 31 30 60 97 57 56 61 59 62 58 49 53 55 89 52 51 48 54 69 71 91 68 67 64 70 65 15 43 84 63 94 36 50 66 1  29 16 
24 28 26 93 31 30 27 25 49 55 50 54 48 89 53 52 18 17 22 20 23 19 21 92 95 80 87 84 82 85 81 83 90 43 42 47 45 40 44 46 5  2  1  3  7  0  98 6  94 77 76 73 79 74 78 72 9  8  13 11 14 10 12 88 37 96 34 33 38 36 39 35 68 91 65 64 69 67 70 66 62 61 58 56 59 63 57 97 51 75 4  32 16 86 71 60 41 15 29 
93 24 29 28 25 31 26 30 53 50 48 51 55 49 89 54 92 19 18 23 21 16 20 22 81 87 82 86 80 95 85 84 46 40 90 45 44 41 47 42 6  0  5  7  98 4  3  1  75 78 74 76 94 73 72 77 14 88 11 10 15 13 8  12 36 38 96 35 34 39 37 32 91 64 71 68 66 69 65 67 60 57 63 58 62 56 97 61 52 79 2  33 17 83 70 59 43 9  27 
29 26 25 27 93 24 31 28 55 54 51 49 52 48 50 89 23 92 20 19 16 22 17 21 80 84 86 95 83 82 87 85 45 46 47 40 41 42 43 44 7  6  3  0  4  1  2  98 74 79 77 72 76 78 94 75 12 13 14 15 8  9  10 11 33 37 39 96 36 35 32 38 65 71 66 70 64 91 69 68 63 59 61 97 58 57 62 60 53 73 5  34 18 81 67 56 90 88 30 
28 93 27 24 30 25 29 31 89 48 55 52 50 53 49 51 22 16 92 21 20 17 23 18 85 82 80 83 87 81 95 86 42 41 46 44 47 43 45 90 1  4  6  98 3  2  7  5  79 72 73 74 75 76 77 78 15 12 10 13 9  11 88 8  39 34 38 32 96 37 36 33 64 68 70 91 67 66 71 69 59 97 56 63 60 58 61 57 54 94 0  35 19 84 65 62 40 14 26 
25 31 93 30 29 26 24 27 52 89 49 48 53 51 54 50 19 23 17 92 22 21 18 16 83 85 95 82 81 86 84 87 40 45 43 46 42 44 90 41 0  7  2  6  1  98 5  4  77 73 75 94 72 79 76 74 11 9  12 8  10 88 15 14 34 32 35 39 33 96 38 37 69 66 64 67 71 65 91 70 61 56 60 62 97 59 58 63 55 78 3  36 20 80 68 57 47 13 28 
31 30 24 25 26 27 28 29 51 53 89 50 49 54 52 55 17 20 16 18 92 23 22 19 86 81 85 87 95 84 83 80 43 47 41 90 46 45 42 40 2  3  4  5  6  7  1  0  72 74 94 79 78 75 73 76 13 15 88 12 11 8  14 9  38 35 33 36 32 34 96 39 67 69 91 66 65 70 68 71 97 63 62 59 57 60 56 58 48 77 98 37 21 82 64 61 44 10 93 
26 27 31 29 24 28 30 93 48 52 54 89 51 50 55 53 20 18 21 17 19 92 16 23 82 83 84 85 86 87 80 81 47 90 44 43 40 46 41 45 3  5  98 2  0  6  4  7  76 75 72 78 73 77 79 94 88 10 9  14 12 15 11 13 32 39 36 34 37 33 35 96 70 65 69 71 91 68 67 64 58 60 97 57 56 61 59 62 49 74 1  38 22 95 66 63 42 8  25 
30 25 28 31 27 29 93 26 54 49 53 55 89 52 51 48 16 21 19 22 18 20 92 17 84 95 81 80 85 83 86 82 41 44 40 42 90 47 46 43 4  98 0  1  5  3  6  2  78 76 79 75 77 94 74 73 10 14 8  88 13 12 9  15 96 33 32 37 35 38 34 36 66 67 68 69 70 71 64 65 57 58 59 60 61 62 63 56 50 72 7  39 23 87 91 97 45 11 24 
35 33 96 32 39 36 34 37 98 2  0  6  4  7  3  5  61 63 97 60 59 56 62 57 26 25 30 28 31 27 29 93 50 89 55 54 51 49 52 48 14 11 9  12 8  10 88 15 91 66 65 70 68 71 67 69 82 84 95 81 80 85 83 86 20 22 92 19 18 23 21 16 42 90 47 46 43 41 44 40 75 78 74 76 94 73 72 77 1  64 13 17 58 24 45 79 53 87 38 
37 39 32 36 38 96 35 34 5  7  98 4  3  1  6  0  56 59 63 57 97 62 61 58 93 27 26 31 29 24 28 30 49 51 89 48 55 52 50 53 10 8  11 15 9  88 14 13 66 70 64 91 69 68 65 71 81 82 83 84 85 86 87 80 92 17 16 21 19 22 18 20 43 40 46 41 45 47 90 44 78 76 79 75 77 94 74 73 2  67 12 23 60 25 42 72 54 95 33 
96 34 39 38 35 33 36 32 4  5  6  7  1  0  2  3  60 61 62 63 56 57 58 59 31 93 28 27 24 30 25 29 54 50 52 89 49 48 53 51 12 14 88 11 10 15 13 8  65 64 69 67 70 66 68 91 86 85 82 80 83 87 81 95 17 21 23 92 20 19 16 22 44 47 43 45 90 42 41 46 74 79 77 72 76 78 94 75 98 71 9  18 97 26 40 73 55 84 37 
34 38 36 96 33 32 37 35 0  1  5  3  6  2  4  98 62 97 59 58 63 61 56 60 30 24 93 29 28 25 31 26 52 55 51 53 89 50 49 54 88 9  8  13 11 14 10 12 70 91 67 66 71 69 64 68 84 81 87 82 86 80 95 85 16 23 20 18 21 17 19 92 45 44 41 47 42 46 40 90 76 75 72 78 73 77 79 94 7  65 15 22 57 27 43 74 48 83 39 
33 32 34 35 36 37 38 39 7  4  2  5  0  3  98 1  97 58 57 62 60 63 59 61 27 31 25 93 30 29 26 24 55 53 48 52 54 89 51 50 9  13 15 88 12 11 8  14 68 69 70 71 64 65 66 67 87 83 85 95 82 81 86 84 21 92 18 17 22 20 23 19 46 42 44 90 41 40 45 43 94 77 76 73 79 74 78 72 6  91 10 16 56 28 47 75 49 80 96 
38 96 37 34 32 35 39 33 2  6  1  98 5  4  0  7  59 57 60 56 58 97 63 62 25 28 24 26 93 31 30 27 51 48 54 49 53 55 89 52 8  15 12 10 13 9  11 88 71 68 66 69 65 67 91 64 83 95 80 87 84 82 85 81 19 20 21 22 23 16 17 18 47 45 40 44 46 90 43 42 73 94 78 77 74 72 75 79 3  70 14 92 61 29 41 76 50 86 36 
36 37 33 39 34 38 32 96 6  98 3  2  7  5  1  4  58 62 56 97 61 60 57 63 28 26 29 25 27 93 24 31 53 52 49 55 50 54 48 89 13 88 10 9  14 12 15 11 67 65 68 64 66 91 71 70 85 80 84 86 95 83 82 87 22 19 17 20 16 18 92 23 40 41 42 43 44 45 46 47 72 74 94 79 78 75 73 76 0  69 8  21 59 30 90 77 51 81 35 
39 36 35 37 96 34 33 38 1  3  7  0  98 6  5  2  63 60 58 61 57 59 97 56 24 29 27 30 26 28 93 25 89 54 53 50 48 51 55 49 11 12 13 14 15 8  9  10 69 71 91 68 67 64 70 65 95 87 86 83 81 84 80 82 18 16 19 23 17 92 22 21 41 43 90 40 47 44 42 45 77 73 75 94 72 79 76 74 4  66 88 20 62 31 46 78 52 85 32 
40 43 46 41 45 47 90 44 19 22 18 20 92 17 16 21 98 1  7  4  2  5  0  3  64 70 65 69 71 91 68 67 34 33 38 36 39 35 37 96 63 60 58 61 57 59 97 56 81 84 80 82 95 87 86 83 74 72 75 79 73 94 78 77 52 48 50 89 55 54 51 49 26 29 25 27 93 24 31 28 10 88 15 14 11 9  12 8  23 85 62 53 6  66 30 13 32 76 42 
41 40 42 43 44 45 46 47 16 18 92 23 22 19 17 20 3  5  98 2  0  6  4  7  68 65 71 66 70 64 91 69 96 35 34 39 37 32 36 38 56 59 63 57 97 62 61 58 85 86 87 80 81 82 83 84 73 77 79 94 76 75 72 78 54 55 48 49 50 51 52 53 29 27 30 26 28 93 25 24 13 12 9  15 10 14 8  88 21 95 60 89 1  67 31 11 33 74 90 
42 46 44 90 41 40 45 43 22 20 23 19 21 92 18 17 2  3  4  5  6  7  1  0  70 69 66 64 67 71 65 91 39 96 36 35 32 38 33 37 57 56 61 59 62 58 60 97 87 95 84 83 80 86 81 85 78 75 73 76 72 74 94 79 89 52 51 48 54 49 53 55 25 30 28 31 27 29 93 26 9  11 88 8  15 12 10 13 16 82 63 50 98 68 24 14 34 77 47 
43 41 90 40 47 44 42 45 17 92 22 21 18 16 19 23 7  6  3  0  4  1  2  98 91 71 70 67 65 68 64 66 38 32 96 37 36 33 39 34 58 62 56 97 61 60 57 63 95 83 82 87 85 80 84 86 76 78 94 75 74 79 77 72 51 50 55 53 48 52 54 89 27 26 31 29 24 28 30 93 11 8  14 9  13 15 88 12 20 81 59 49 5  69 25 10 35 73 46 
44 45 41 47 42 46 40 90 21 17 19 92 16 23 20 18 5  2  1  3  7  0  98 6  67 91 64 71 68 66 69 65 35 39 33 96 38 37 34 32 59 57 60 56 58 97 63 62 84 82 85 81 83 95 80 87 79 74 78 72 94 77 76 73 50 53 49 51 89 48 55 52 93 28 27 24 30 25 29 31 88 14 13 10 8  11 15 9  22 86 61 54 4  70 26 12 36 75 43 
45 47 40 44 46 90 43 42 23 16 17 18 19 20 21 22 1  4  6  98 3  2  7  5  66 68 91 65 64 69 67 70 33 36 32 34 96 39 38 35 60 61 62 63 56 57 58 59 83 87 81 95 86 85 82 80 75 76 77 78 79 72 73 74 55 49 89 54 53 50 48 51 24 93 29 28 25 31 26 30 8  9  10 11 12 13 14 15 92 84 97 52 0  71 27 88 37 94 41 
46 90 45 42 40 43 47 41 92 21 20 17 23 18 22 16 4  98 0  1  5  3  6  2  71 67 69 91 66 65 70 68 36 34 37 33 35 96 32 39 61 63 97 60 59 56 62 57 80 85 83 86 82 84 95 81 77 94 74 73 78 76 79 75 53 51 54 50 52 89 49 48 31 25 93 30 29 26 24 27 15 13 8  12 14 88 11 10 19 87 58 55 7  64 28 9  38 72 44 
47 44 43 45 90 42 41 46 20 19 16 22 17 21 23 92 6  0  5  7  98 4  3  1  69 64 68 70 91 67 66 71 32 37 35 38 34 36 96 33 62 97 59 58 63 61 56 60 86 80 95 85 84 81 87 82 94 73 72 77 75 78 74 76 48 89 53 52 49 55 50 54 28 24 26 93 31 30 27 25 12 15 11 13 88 10 9  14 18 83 57 51 2  65 29 8  39 79 40 
8  12 10 88 15 14 11 9  69 64 68 70 91 67 66 71 28 30 93 27 26 31 29 24 0  1  5  3  6  2  4  98 79 78 75 73 76 72 74 94 42 41 46 44 47 43 45 90 22 17 21 23 92 20 19 16 54 53 50 48 51 55 49 89 82 85 81 83 95 80 87 84 62 60 63 59 61 97 58 57 38 33 37 39 96 36 35 32 65 18 40 86 25 7  56 34 77 52 13 
88 8  13 12 9  15 10 14 66 68 91 65 64 69 67 70 24 31 28 26 29 25 27 93 4  5  6  7  1  0  2  3  94 72 79 76 74 77 73 75 90 43 42 47 45 40 44 46 18 19 20 21 22 23 16 17 51 89 48 55 52 50 53 49 80 95 85 84 81 87 82 86 60 59 56 62 57 61 63 97 34 35 36 37 38 39 32 33 71 92 41 83 30 98 58 96 78 54 11 
13 10 9  11 88 8  15 12 64 70 65 69 71 91 68 67 26 24 27 31 25 93 30 29 1  3  7  0  98 6  5  2  76 94 73 72 77 75 78 74 47 90 44 43 40 46 41 45 20 92 17 16 21 19 22 18 49 50 51 52 53 54 55 48 83 82 87 85 80 84 86 95 63 56 57 58 59 60 61 62 36 96 33 32 37 35 38 34 66 23 42 81 28 4  97 39 79 89 14 
12 88 11 8  14 9  13 15 67 91 64 71 68 66 69 65 93 25 24 29 27 30 26 28 2  6  1  98 5  4  0  7  75 77 94 74 73 78 76 79 46 40 90 45 44 41 47 42 92 16 23 20 18 21 17 19 52 49 55 50 54 48 89 53 87 81 95 86 85 82 80 83 59 62 58 60 97 57 56 61 96 32 39 36 34 37 33 35 70 22 43 84 31 3  63 38 72 51 10 
9  15 88 14 13 10 8  11 71 67 69 91 66 65 70 68 31 26 30 24 93 29 28 25 98 2  0  6  4  7  3  5  72 76 78 94 75 74 79 77 43 47 41 90 46 45 42 40 17 23 18 22 16 92 21 20 48 54 49 53 55 89 52 51 81 86 84 87 83 85 95 82 61 57 59 97 56 63 60 58 33 39 34 38 32 96 37 36 64 19 44 80 27 1  62 35 73 50 12 
15 14 8  9  10 11 12 13 65 66 67 68 69 70 71 64 30 27 25 28 24 26 93 31 7  4  2  5  0  3  98 1  78 73 77 79 94 76 75 72 41 44 40 42 90 47 46 43 16 20 22 92 19 18 23 21 50 52 89 49 48 53 51 54 95 84 83 80 86 81 85 87 97 61 60 57 63 58 62 56 32 36 38 96 35 34 39 37 91 17 45 82 29 6  59 33 74 55 88 
10 11 15 13 8  12 14 88 91 71 70 67 65 68 64 66 27 28 29 30 31 24 25 26 6  98 3  2  7  5  1  4  73 79 74 78 72 94 77 76 44 42 45 41 43 90 40 47 21 18 16 19 23 17 92 22 89 55 54 51 49 52 48 50 86 87 80 81 82 83 84 85 58 63 61 56 60 62 97 59 37 34 32 35 39 33 96 38 69 20 46 95 93 0  57 36 75 53 9  
14 9  12 15 11 13 88 10 70 69 66 64 67 71 65 91 25 29 31 93 28 27 24 30 3  0  4  1  2  98 7  6  77 74 72 75 79 73 94 78 40 45 43 46 42 44 90 41 19 21 92 18 17 22 20 23 55 51 53 89 50 49 54 52 85 83 86 82 84 95 81 80 57 97 62 61 58 56 59 63 35 37 96 34 33 38 36 39 68 16 47 87 26 5  60 32 76 48 8  
60 62 63 59 61 97 58 57 95 80 87 84 82 85 81 83 68 67 64 70 65 69 71 91 21 17 19 92 16 23 20 18 15 10 14 8  88 13 12 9  93 25 24 29 27 30 26 28 50 49 54 52 55 51 53 89 35 34 39 37 32 36 38 96 72 73 74 75 76 77 78 79 5  6  7  1  0  2  3  4  45 42 40 43 47 41 90 46 86 48 31 94 66 22 98 44 11 33 56 
61 97 60 57 63 58 62 56 86 81 85 87 95 84 83 80 67 70 66 68 91 65 64 69 22 20 23 19 21 92 18 17 10 8  11 15 9  88 14 13 25 29 31 93 28 27 24 30 89 51 50 55 53 48 52 54 39 33 96 38 37 34 32 35 76 79 75 77 94 74 73 78 2  0  6  4  7  3  5  98 46 41 45 47 90 44 43 40 82 49 26 72 71 16 1  42 12 36 59 
62 59 58 60 97 57 56 61 85 82 80 83 87 81 95 86 64 66 91 71 70 67 65 68 23 16 17 18 19 20 21 22 14 11 9  12 8  10 88 15 24 31 28 26 29 25 27 93 55 89 52 51 48 54 49 53 33 38 36 39 35 37 96 34 78 74 76 94 73 72 77 75 1  5  3  6  2  4  98 0  47 46 43 41 44 40 42 90 84 50 30 79 69 92 7  45 13 32 63 
63 58 61 56 60 62 97 59 82 83 84 85 86 87 80 81 70 68 71 67 69 91 66 65 16 18 92 23 22 19 17 20 8  15 12 10 13 9  11 88 29 93 26 25 30 28 31 27 54 48 89 53 52 49 55 50 96 36 35 32 38 33 37 39 94 78 77 74 72 75 79 73 3  7  0  98 6  5  2  1  40 44 46 90 43 42 47 45 95 51 24 76 64 21 4  41 14 34 57 
56 63 57 58 59 60 61 62 80 84 86 95 83 82 87 85 65 91 70 69 66 64 67 71 17 92 22 21 18 16 19 23 88 9  8  13 11 14 10 12 27 28 29 30 31 24 25 26 51 55 49 89 54 53 50 48 38 39 32 33 34 35 36 37 75 72 78 73 77 79 94 76 7  98 4  3  1  6  0  5  41 47 42 46 40 90 45 44 81 52 93 74 68 20 2  43 15 96 97 
57 61 59 97 56 63 60 58 83 85 95 82 81 86 84 87 69 65 67 91 64 71 68 66 18 23 21 16 20 22 92 19 13 88 10 9  14 12 15 11 30 27 25 28 24 26 93 31 49 52 48 50 89 55 54 51 37 35 38 34 36 96 33 32 74 94 79 78 75 73 76 72 0  4  1  2  98 7  6  3  42 43 44 45 46 47 40 41 80 53 29 77 70 17 5  90 8  39 62 
58 56 97 63 62 59 57 60 87 86 83 81 84 80 82 95 71 64 65 66 67 68 69 70 19 22 18 20 92 17 16 21 12 14 88 11 10 15 13 8  26 24 27 31 25 93 30 29 52 50 53 49 51 89 48 55 34 37 33 35 96 32 39 36 79 77 72 76 78 94 75 74 98 3  2  7  5  1  4  6  43 45 90 42 41 46 44 47 85 54 28 73 91 23 0  40 9  38 61 
59 60 56 62 57 61 63 97 81 87 82 86 80 95 85 84 91 69 68 65 71 66 70 64 20 19 16 22 17 21 23 92 9  13 15 88 12 11 8  14 28 30 93 27 26 31 29 24 48 53 51 54 50 52 89 49 32 96 37 36 33 39 34 38 77 76 73 79 74 78 72 94 6  1  98 5  4  0  7  2  44 90 41 40 45 43 46 42 83 55 25 75 67 18 3  47 10 35 58 
71 65 66 70 64 91 69 68 36 35 32 38 33 37 39 96 51 48 54 49 53 55 89 52 77 79 94 76 75 72 78 73 93 25 24 29 27 30 26 28 22 16 92 21 20 17 23 18 12 15 11 13 88 10 9  14 58 57 62 60 63 59 61 97 42 40 43 47 41 90 46 45 86 83 81 84 80 82 95 87 7  1  0  2  3  4  5  6  34 8  19 44 50 74 85 98 31 56 67 
66 69 64 67 71 65 91 70 33 96 38 37 34 32 35 39 49 51 89 48 55 52 50 53 75 73 76 72 74 94 79 78 29 93 26 25 30 28 31 27 21 22 23 16 17 18 19 20 11 8  14 9  13 15 88 12 97 59 58 63 61 56 60 62 44 46 90 43 42 47 45 40 95 81 80 85 83 86 82 84 0  98 6  5  2  1  3  7  36 10 92 41 54 77 87 4  24 57 68 
70 71 67 65 68 64 66 91 39 32 33 34 35 36 37 38 52 55 51 53 89 50 49 54 78 94 75 74 79 77 72 76 28 30 93 27 26 31 29 24 18 17 22 20 23 19 21 92 8  9  10 11 12 13 14 15 63 97 60 59 56 62 57 61 90 41 40 45 43 46 42 44 83 84 85 86 87 80 81 82 98 5  4  0  7  2  6  1  96 88 16 47 48 73 95 3  25 58 69 
64 91 71 68 66 69 65 67 34 39 37 32 36 38 96 35 48 49 50 51 52 53 54 55 74 78 72 94 77 76 73 79 25 29 31 93 28 27 24 30 16 21 19 22 18 20 92 17 14 10 12 88 9  8  13 11 62 56 97 61 60 57 63 58 41 45 47 90 44 43 40 46 82 80 83 87 81 95 86 85 6  4  7  3  5  98 2  0  33 15 23 42 89 75 84 1  26 59 70 
91 68 65 64 69 67 70 66 38 36 39 35 37 96 34 33 50 89 55 54 51 49 52 48 76 77 78 79 72 73 74 75 31 26 30 24 93 29 28 25 19 23 17 92 22 21 18 16 9  11 88 8  15 12 10 13 59 63 57 97 62 61 58 56 40 47 44 42 45 41 43 90 87 82 86 80 95 85 84 81 5  0  3  98 1  7  4  2  32 14 20 46 53 94 83 6  27 60 71 
69 67 91 66 65 70 68 71 32 34 96 39 38 35 33 36 89 54 53 50 48 51 55 49 94 74 73 78 76 79 75 77 26 24 27 31 25 93 30 29 23 92 20 19 16 22 17 21 13 12 9  15 10 14 8  88 57 60 56 58 97 63 62 59 45 90 42 41 46 44 47 43 85 95 82 81 86 84 87 83 2  7  5  1  4  6  98 3  37 11 18 40 52 72 80 0  28 61 64 
68 64 70 91 67 66 71 69 96 37 36 33 39 34 38 32 55 53 48 52 54 89 51 50 73 72 77 75 78 74 76 94 30 27 25 28 24 26 93 31 17 20 16 18 92 23 22 19 15 13 8  12 14 88 11 10 60 58 61 57 59 97 56 63 43 44 45 46 47 40 41 42 80 87 84 82 85 81 83 95 1  2  98 7  6  3  0  4  35 9  21 90 49 79 86 5  29 62 65 
65 70 69 71 91 68 67 64 37 33 35 96 32 39 36 34 54 50 52 89 49 48 53 51 72 75 79 73 94 78 77 74 24 31 28 26 29 25 27 93 92 19 18 23 21 16 20 22 88 14 13 10 8  11 15 9  56 61 59 62 58 60 97 57 46 43 41 44 40 42 90 47 84 86 95 83 82 87 85 80 3  6  2  4  98 0  1  5  38 12 17 45 55 76 81 7  30 63 66 
79 75 73 94 78 77 74 72 26 25 30 28 31 27 29 93 42 41 46 44 47 43 45 90 63 57 97 62 61 58 56 59 87 85 80 84 86 95 83 82 32 37 35 38 34 36 96 33 6  4  7  3  5  98 2  0  16 92 21 20 17 23 18 22 66 65 70 68 71 67 69 91 14 15 8  9  10 11 12 13 51 55 49 89 54 53 50 48 24 1  39 64 40 60 88 52 81 19 76 
74 76 77 73 75 94 72 79 30 24 93 29 28 25 31 26 45 46 47 40 41 42 43 44 97 60 59 56 62 57 61 63 83 80 86 81 85 87 95 84 96 35 34 39 37 32 36 38 3  6  2  4  98 0  1  5  92 20 19 16 22 17 21 23 91 67 66 71 69 64 68 70 88 12 11 8  14 9  13 15 89 51 50 55 53 48 52 54 27 7  33 65 90 58 10 49 82 18 78 
78 77 79 72 73 74 75 76 24 29 27 30 26 28 93 25 41 44 40 42 90 47 46 43 60 56 58 97 63 62 59 57 85 84 81 87 82 86 80 95 37 38 39 32 33 34 35 36 0  98 6  5  2  1  3  7  21 19 22 18 20 92 17 16 71 91 68 67 64 70 65 69 11 10 15 13 8  12 14 88 48 53 51 54 50 52 89 49 31 4  96 66 45 61 9  55 83 23 94 
72 78 94 77 76 73 79 74 93 27 26 31 29 24 28 30 43 47 41 90 46 45 42 40 59 58 63 61 56 60 62 97 95 86 85 82 80 83 87 81 36 34 37 33 35 96 32 39 4  3  1  6  0  5  7  98 20 16 18 92 23 22 19 17 70 64 91 69 68 65 71 66 10 13 9  11 88 8  15 12 55 89 52 51 48 54 49 53 25 2  38 67 44 57 14 50 84 21 75 
94 79 76 75 72 78 73 77 29 30 31 24 25 26 27 28 90 43 42 47 45 40 44 46 56 97 61 60 57 63 58 62 82 95 87 86 83 81 84 80 33 36 32 34 96 39 38 35 1  2  98 7  6  3  0  4  17 22 20 23 19 21 92 18 67 71 65 91 70 69 66 64 15 9  88 14 13 10 8  11 52 50 53 49 51 89 48 55 93 5  37 68 41 59 12 54 85 16 74 
77 72 75 78 74 76 94 73 28 26 29 25 27 93 24 31 40 45 43 46 42 44 90 41 62 63 56 57 58 59 60 61 81 83 95 80 87 84 82 85 39 96 36 35 32 38 33 37 2  7  5  1  4  6  98 3  23 17 92 22 21 18 16 19 65 68 64 66 91 71 70 67 13 11 14 10 12 88 9  8  50 49 54 52 55 51 53 89 30 0  34 69 47 97 15 48 86 20 79 
76 73 72 74 94 79 78 75 25 28 24 26 93 31 30 27 47 90 44 43 40 46 41 45 57 62 60 63 59 61 97 58 86 82 84 95 81 80 85 83 34 33 38 36 39 35 37 96 98 5  4  0  7  2  6  1  18 21 17 19 92 16 23 20 68 66 69 65 67 91 64 71 8  88 13 12 9  15 10 14 53 54 55 48 49 50 51 52 29 3  32 70 42 56 11 89 87 22 77 
73 74 78 76 79 75 77 94 31 93 28 27 24 30 25 29 44 42 45 41 43 90 40 47 61 59 62 58 60 97 57 56 84 87 83 85 95 82 81 86 38 32 96 37 36 33 39 34 7  1  0  2  3  4  5  6  22 23 16 17 18 19 20 21 64 69 67 70 66 68 91 65 12 8  10 88 15 14 11 9  49 52 48 50 89 55 54 51 26 98 35 71 46 63 13 53 80 92 72 
83 86 81 84 80 82 95 87 41 90 46 45 42 40 43 47 32 37 35 38 34 36 96 33 11 15 9  88 14 13 10 8  64 66 91 71 70 67 65 68 54 50 52 89 49 48 53 51 62 61 58 56 59 63 57 97 5  98 2  0  6  4  7  3  30 29 26 24 27 31 25 93 74 73 78 76 79 75 77 94 22 17 21 23 92 20 19 16 44 60 55 28 39 12 72 18 69 1  85 
82 87 86 80 95 85 84 81 45 41 43 90 40 47 44 42 39 96 36 35 32 38 33 37 88 11 10 15 13 8  12 14 69 65 67 91 64 71 68 66 55 53 48 52 54 89 51 50 57 58 59 60 61 62 63 56 4  6  98 3  2  7  5  1  29 24 28 30 93 27 26 31 94 75 74 79 77 72 76 78 19 21 92 18 17 22 20 23 46 97 49 25 34 9  73 16 70 0  83 
87 80 84 82 85 81 83 95 47 40 41 42 43 44 45 46 36 34 37 33 35 96 32 39 8  13 11 14 10 12 88 9  67 70 66 68 91 65 64 69 48 49 50 51 52 53 54 55 61 56 60 62 97 59 58 63 0  5  7  98 4  3  1  6  26 28 93 25 24 29 27 30 79 94 76 75 72 78 73 77 17 23 18 22 16 92 21 20 90 57 89 31 38 15 74 19 71 2  86 
85 81 87 95 84 83 80 86 90 45 44 41 47 42 46 40 34 33 38 36 39 35 37 96 15 88 12 11 8  14 9  13 70 68 71 67 69 91 66 65 49 51 89 48 55 52 50 53 63 59 61 97 58 57 62 60 7  2  6  1  98 5  4  0  24 30 25 29 31 93 28 27 78 72 94 77 76 73 79 74 20 92 17 16 21 19 22 18 43 56 54 26 32 10 75 23 64 3  82 
80 82 83 87 81 95 86 85 44 43 40 46 41 45 47 90 37 38 39 32 33 34 35 36 12 10 13 9  11 88 8  15 66 71 69 64 68 70 91 67 50 89 55 54 51 49 52 48 97 63 62 59 57 60 56 58 2  1  3  7  0  98 6  5  27 93 24 31 28 26 29 25 75 79 73 94 78 77 74 72 16 20 22 92 19 18 23 21 42 61 53 30 96 14 76 17 65 4  84 
84 83 85 86 87 80 81 82 43 46 42 44 90 41 40 45 33 36 32 34 96 39 38 35 10 9  14 12 15 11 13 88 68 67 64 70 65 69 71 91 51 48 54 49 53 55 89 52 60 57 63 58 62 56 97 61 6  3  0  4  1  2  98 7  31 27 29 93 26 25 30 28 73 76 72 74 94 79 78 75 18 19 20 21 22 23 16 17 47 59 50 24 37 8  77 92 66 5  95 
86 84 95 83 82 87 85 80 40 42 90 47 46 43 41 44 35 39 33 96 38 37 34 32 13 14 15 8  9  10 11 12 91 69 68 65 71 66 70 64 52 55 51 53 89 50 49 54 59 97 56 63 60 58 61 57 1  7  4  2  5  0  3  98 25 26 27 28 29 30 31 24 76 74 77 73 75 94 72 79 92 16 23 20 18 21 17 19 45 62 48 93 36 88 78 22 67 6  81 
95 85 82 81 86 84 87 83 46 44 47 43 45 90 42 41 96 35 34 39 37 32 36 38 9  12 8  10 88 15 14 11 65 91 70 69 66 64 67 71 53 52 49 55 50 54 48 89 56 62 57 61 63 97 60 59 98 0  1  5  3  6  2  4  93 31 30 27 25 28 24 26 72 77 75 78 74 76 94 73 23 22 19 17 20 16 18 92 40 58 51 29 33 13 79 21 68 7  80 
51 54 49 52 48 50 89 55 58 61 57 59 97 56 63 60 9  13 15 88 12 11 8  14 40 42 90 47 46 43 41 44 17 20 16 18 92 23 22 19 79 78 75 73 76 72 74 94 93 30 29 26 24 27 31 25 64 65 66 67 68 69 70 71 2  98 7  6  3  0  4  1  35 32 38 33 37 39 96 36 82 81 86 84 87 83 85 95 62 28 77 5  10 45 34 80 21 91 53 
48 50 51 55 49 89 54 53 62 63 56 57 58 59 60 61 13 88 10 9  14 12 15 11 45 41 43 90 40 47 44 42 20 18 21 17 19 92 16 23 78 73 77 79 94 76 75 72 25 27 93 24 31 28 26 29 66 91 71 70 67 65 68 64 3  1  6  0  5  7  98 4  39 37 32 36 38 96 35 34 95 83 82 87 85 80 84 86 97 30 74 2  8  46 33 81 22 69 52 
54 52 89 51 50 55 53 48 56 97 61 60 57 63 58 62 15 10 14 8  88 13 12 9  43 46 42 44 90 41 40 45 16 21 19 22 18 20 92 17 75 77 94 74 73 78 76 79 24 25 26 27 28 29 30 31 91 70 69 66 64 67 71 65 4  7  3  5  98 2  0  6  33 35 96 32 39 36 34 37 87 95 84 83 80 86 81 85 59 93 72 1  11 47 38 82 23 68 49 
49 89 48 53 51 54 50 52 97 60 59 56 62 57 61 63 88 9  8  13 11 14 10 12 46 44 47 43 45 90 42 41 18 17 22 20 23 19 21 92 73 79 74 78 72 94 77 76 29 28 25 31 26 30 24 93 71 69 64 68 70 91 67 66 5  4  0  7  2  6  1  98 96 38 37 34 32 35 39 33 86 80 95 85 84 81 87 82 58 27 75 3  15 40 36 83 16 65 55 
53 49 55 89 52 51 48 54 61 59 62 58 60 97 57 56 12 14 88 11 10 15 13 8  42 47 45 40 44 46 90 43 92 19 18 23 21 16 20 22 76 94 73 72 77 75 78 74 27 24 30 25 29 31 93 28 70 66 68 91 65 64 69 67 6  2  4  98 0  1  5  3  38 34 36 96 33 32 37 35 83 87 81 95 86 85 82 80 63 26 79 7  9  41 39 84 17 71 50 
55 48 52 50 53 49 51 89 60 56 58 97 63 62 59 57 11 12 13 14 15 8  9  10 44 43 40 46 41 45 47 90 23 92 20 19 16 22 17 21 72 76 78 94 75 74 79 77 30 26 28 93 25 24 29 27 67 64 70 65 69 71 91 68 7  5  1  4  6  98 3  2  37 36 33 39 34 38 32 96 81 84 80 82 95 87 86 83 61 31 73 0  88 42 35 85 18 66 54 
89 53 50 49 54 52 55 51 57 62 60 63 59 61 97 58 8  15 12 10 13 9  11 88 90 45 44 41 47 42 46 40 22 16 92 21 20 17 23 18 74 75 76 77 78 79 72 73 26 93 31 30 27 25 28 24 65 67 91 64 71 68 66 69 1  0  2  3  4  5  6  7  34 96 39 38 35 33 36 32 84 82 85 81 83 95 80 87 56 29 94 98 14 43 37 86 19 70 48 
52 51 53 54 55 48 49 50 63 57 97 62 61 58 56 59 14 11 9  12 8  10 88 15 41 90 46 45 42 40 43 47 19 23 17 92 22 21 18 16 94 72 79 76 74 77 73 75 28 31 27 29 93 26 25 30 68 71 67 69 91 66 65 70 0  3  98 1  7  4  2  5  32 33 34 35 36 37 38 39 80 85 83 86 82 84 95 81 60 24 78 6  13 44 96 87 20 64 89 
16 19 22 17 21 23 92 20 13 14 15 8  9  10 11 12 78 73 77 79 94 76 75 72 96 37 36 33 39 34 38 32 0  7  2  6  1  98 5  4  80 81 82 83 84 85 86 87 90 40 47 44 42 45 41 43 31 28 26 29 25 27 93 24 56 60 62 97 59 58 63 61 55 50 54 48 89 53 52 49 64 67 71 65 91 70 69 66 88 46 95 57 74 35 51 68 3  30 18 
97 57 62 61 58 56 59 63 84 95 81 80 85 83 86 82 66 71 69 64 68 70 91 67 92 21 20 17 23 18 22 16 11 12 13 14 15 8  9  10 31 26 30 24 93 29 28 25 53 54 55 48 49 50 51 52 36 32 34 96 39 38 35 33 73 75 94 72 79 76 74 77 4  2  5  0  3  98 1  7  90 40 47 44 42 45 41 43 87 89 27 78 65 19 6  46 88 37 60 
11 13 14 10 12 88 9  8  68 65 71 66 70 64 91 69 29 93 26 25 30 28 31 27 5  7  98 4  3  1  6  0  74 75 76 77 78 79 72 73 45 46 47 40 41 42 43 44 23 22 19 17 20 16 18 92 53 48 52 54 89 51 50 55 84 80 82 95 87 86 83 81 56 58 97 63 62 59 57 60 39 38 35 33 36 32 34 96 67 21 90 85 24 2  61 37 94 49 15 
75 94 74 79 77 72 76 78 27 31 25 93 30 29 26 24 46 40 90 45 44 41 47 42 58 61 57 59 97 56 63 60 80 81 82 83 84 85 86 87 35 39 33 96 38 37 34 32 5  0  3  98 1  7  4  2  19 18 23 21 16 20 22 92 69 70 71 64 65 66 67 68 9  14 12 15 11 13 88 10 54 48 89 53 52 49 55 50 28 6  36 91 43 62 8  51 95 17 73 
27 29 30 26 28 93 25 24 50 51 52 53 54 55 48 49 21 22 23 16 17 18 19 20 87 86 83 81 84 80 82 95 44 42 45 41 43 90 40 47 98 1  7  4  2  5  0  3  73 94 78 77 74 72 75 79 8  11 15 9  88 14 13 10 35 36 37 38 39 32 33 34 71 70 67 65 68 64 66 91 56 62 57 61 63 97 60 59 89 76 6  96 92 85 69 58 46 12 31 
32 35 38 33 37 39 96 36 3  0  4  1  2  98 7  6  57 56 61 59 62 58 60 97 29 30 31 24 25 26 27 28 48 49 50 51 52 53 54 55 15 10 14 8  88 13 12 9  64 67 71 65 91 70 69 66 80 86 81 85 87 95 84 83 23 18 22 16 92 21 20 17 90 46 45 42 40 43 47 41 79 72 73 74 75 76 77 78 5  68 11 19 63 93 44 94 89 82 34 
81 95 80 85 83 86 82 84 42 47 45 40 44 46 90 43 38 32 96 37 36 33 39 34 14 8  88 13 12 9  15 10 71 64 65 66 67 68 69 70 89 54 53 50 48 51 55 49 58 60 97 57 56 61 59 62 3  4  5  6  7  1  0  2  28 25 31 26 30 24 93 29 77 78 79 72 73 74 75 76 21 18 16 19 23 17 92 22 41 63 52 27 35 11 94 20 91 98 87 
50 55 54 48 89 53 52 49 59 58 63 61 56 60 62 97 10 8  11 15 9  88 14 13 47 40 41 42 43 44 45 46 21 22 23 16 17 18 19 20 77 74 72 75 79 73 94 78 31 29 24 28 30 93 27 26 69 68 65 71 66 70 64 91 98 6  5  2  1  3  7  0  36 39 35 37 96 34 33 38 85 86 87 80 81 82 83 84 57 25 76 4  12 90 32 95 92 67 51 
90 42 47 46 43 41 44 40 18 23 21 16 20 22 92 19 0  7  2  6  1  98 5  4  65 66 67 68 69 70 71 64 37 38 39 32 33 34 35 36 97 58 57 62 60 63 59 61 82 81 86 84 87 83 85 95 72 79 76 74 77 73 75 94 49 54 52 55 51 53 89 50 30 31 24 25 26 27 28 29 14 10 12 88 9  8  13 11 17 80 56 48 3  91 93 15 96 78 45 
67 66 68 69 70 71 64 65 35 38 34 36 96 33 32 37 53 52 49 55 50 54 48 89 79 76 74 77 73 75 94 72 27 28 29 30 31 24 25 26 20 18 21 17 19 92 16 23 10 88 15 14 11 9  12 8  61 62 63 56 57 58 59 60 47 42 46 40 90 45 44 41 81 85 87 95 84 83 80 86 4  3  1  6  0  5  7  98 39 13 22 43 51 78 82 2  93 97 91 
6  5  7  1  0  2  3  4  72 75 79 73 94 78 77 74 84 87 83 85 95 82 81 86 50 51 52 53 54 55 48 49 60 61 62 63 56 57 58 59 71 64 65 66 67 68 69 70 96 32 39 36 34 37 33 35 47 41 90 46 45 42 40 43 9  10 11 12 13 14 15 8  92 22 21 18 16 19 23 17 29 28 25 31 26 30 24 93 76 38 91 88 80 89 20 27 97 44 98 
