3  98 2  7  5  1  4  6  96 87 80 85 82 86 83 84 48 55 52 50 53 49 51 95 58 60 89 57 56 61 59 62 64 70 65 69 71 97 68 67 76 73 79 74 78 72 88 77 30 25 29 31 91 28 27 24 35 33 36 32 34 90 39 38 94 40 47 44 42 45 41 43 11 93 8  15 12 10 13 9  18 16 22 23 19 17 20 92 14 37 66 63 54 81 75 26 21 46 0  
0  2  6  4  7  3  5  98 86 82 87 84 80 83 96 81 54 51 49 52 48 50 95 55 59 89 56 63 60 58 61 57 69 64 68 70 97 67 66 71 72 78 73 77 79 88 76 75 31 30 27 25 28 24 26 91 90 34 33 38 36 39 35 37 40 44 46 94 43 42 47 45 13 8  12 14 93 11 10 15 16 23 19 18 20 21 22 17 9  32 65 62 53 85 74 29 92 41 1  
98 7  4  3  1  6  0  5  82 84 85 86 81 80 87 83 95 49 48 53 51 54 50 52 63 59 61 89 58 57 62 60 68 65 71 66 70 64 97 69 78 77 74 72 75 79 73 88 27 29 91 26 25 30 28 31 34 38 32 90 37 36 33 39 45 42 40 43 47 41 94 46 14 13 10 8  11 15 9  93 92 17 18 21 16 19 23 22 12 35 67 56 55 96 76 24 20 44 2  
1  6  98 5  4  0  7  2  83 80 82 81 87 96 86 85 53 95 50 49 54 52 55 51 61 56 60 62 89 59 58 63 70 69 66 64 67 71 65 97 88 79 78 75 73 76 72 74 25 31 26 30 24 91 29 28 39 36 34 37 33 35 90 32 44 94 41 40 45 43 46 42 10 12 93 9  8  13 11 14 23 18 20 16 22 92 19 21 15 38 68 57 48 84 77 27 17 47 3  
7  3  0  98 6  5  2  1  81 83 86 80 96 85 84 87 52 54 95 51 50 55 53 48 56 62 57 61 63 89 60 59 97 71 70 67 65 68 64 66 75 88 72 79 76 74 77 73 28 91 25 24 29 27 30 26 37 39 90 36 35 32 38 33 41 47 42 46 40 94 45 44 12 9  15 10 14 8  93 13 22 19 92 20 17 16 21 18 11 34 69 58 49 82 78 31 23 43 4  
4  0  1  2  98 7  6  3  85 96 83 87 86 84 81 82 49 53 55 95 52 51 48 54 60 57 63 58 62 56 89 61 67 97 64 71 68 66 69 65 74 76 88 73 72 77 75 78 24 28 30 91 27 26 31 29 32 35 39 33 90 38 37 34 47 46 43 41 44 40 42 94 93 15 14 11 9  12 8  10 19 20 17 22 21 23 92 16 13 36 70 59 50 80 79 25 18 45 5  
2  4  5  0  3  98 1  7  80 81 84 83 85 87 82 96 55 50 54 48 95 53 52 49 62 61 58 56 59 63 57 89 66 68 97 65 64 69 67 70 79 75 77 88 74 73 78 76 26 27 28 29 30 31 24 25 36 37 38 39 32 33 34 35 42 43 44 45 46 47 40 41 9  10 11 12 13 14 15 8  17 21 16 92 23 20 18 19 93 90 71 60 51 86 72 91 22 94 6  
5  1  3  6  2  4  98 0  84 86 96 82 83 81 85 80 50 48 51 55 49 95 54 53 89 63 62 59 57 60 56 58 71 67 69 97 66 65 70 68 77 72 76 78 88 75 74 79 91 24 31 28 26 29 25 27 38 90 35 34 39 37 32 36 46 41 45 47 94 44 43 40 8  14 9  13 15 93 12 11 20 22 21 19 92 18 17 23 10 33 64 61 52 87 73 30 16 42 7  
92 22 19 18 23 21 16 20 10 9  14 12 15 11 13 93 80 84 86 96 82 83 81 85 37 36 33 39 34 38 32 90 98 6  5  2  1  3  7  0  48 51 55 49 95 54 53 50 78 73 77 79 88 76 75 72 47 94 44 43 40 46 41 45 26 29 25 27 91 24 31 28 70 97 67 66 71 69 64 68 57 63 61 62 58 56 59 89 65 42 4  35 87 8  52 74 60 30 17 
23 21 92 20 19 16 22 17 93 11 10 15 13 8  12 14 96 80 81 84 83 85 87 82 33 35 90 32 39 36 34 37 1  0  2  3  4  5  6  7  50 54 48 95 53 52 49 55 88 72 79 76 74 77 73 75 45 46 47 40 41 42 43 44 30 31 24 25 26 27 28 29 67 65 68 64 66 97 71 70 59 61 60 58 89 57 56 62 69 94 98 38 86 9  51 78 63 91 18 
22 18 16 92 21 20 17 23 15 93 12 11 8  14 9  13 85 83 80 82 81 87 96 86 35 32 38 33 37 39 90 36 7  5  1  4  6  98 3  2  95 50 49 54 52 55 51 53 75 77 88 74 73 78 76 79 40 45 43 46 42 44 94 41 24 91 29 28 25 31 26 30 65 64 69 67 70 66 68 97 89 56 57 60 63 58 62 61 71 47 0  34 84 10 48 72 59 27 19 
19 16 23 17 92 22 21 18 14 8  93 13 12 9  15 10 84 96 87 80 85 82 86 83 90 38 37 34 32 35 39 33 4  7  3  5  98 2  0  6  55 52 50 53 49 51 95 48 74 75 76 77 78 79 72 73 44 42 45 41 43 94 40 47 91 28 27 24 30 25 29 31 68 69 70 71 64 65 66 67 56 60 63 89 62 59 57 58 97 46 1  36 81 11 54 88 61 26 20 
17 19 20 16 18 92 23 22 11 15 9  93 14 13 10 8  87 81 83 86 80 96 85 84 32 33 34 35 36 37 38 39 2  98 7  6  3  0  4  1  54 95 51 50 55 53 48 52 79 78 75 73 76 72 74 88 46 40 94 45 44 41 47 42 29 27 30 26 28 91 25 24 64 67 71 65 97 70 69 66 63 62 58 57 59 60 61 56 68 43 5  90 82 12 49 77 89 31 21 
20 23 18 21 17 19 92 16 9  12 8  10 93 15 14 11 81 86 82 87 84 80 83 96 39 37 32 36 38 90 35 34 5  4  0  7  2  6  1  98 51 49 52 48 50 95 55 54 77 74 72 75 79 73 88 78 94 43 42 47 45 40 44 46 28 24 26 91 31 30 27 25 66 70 64 97 69 68 65 71 60 89 62 56 57 61 63 59 67 41 3  33 85 13 53 76 58 29 22 
16 17 21 19 22 18 20 92 12 10 13 9  11 93 8  15 83 82 84 85 86 81 80 87 36 39 35 37 90 34 33 38 0  3  98 1  7  4  2  5  49 48 53 51 54 50 52 95 72 76 78 88 75 74 79 77 43 47 41 94 46 45 42 40 25 30 28 31 27 29 91 26 97 66 65 70 68 71 67 69 58 59 56 61 60 62 89 63 64 44 6  32 96 14 55 73 57 24 23 
18 92 17 22 20 23 19 21 8  13 11 14 10 12 93 9  86 87 85 81 96 84 82 80 34 90 39 38 35 33 36 32 3  1  6  0  5  7  98 4  52 53 54 55 48 49 50 51 76 88 73 72 77 75 78 74 42 41 46 44 47 43 45 94 31 25 91 30 29 26 24 27 71 68 66 69 65 67 97 64 61 58 89 59 56 63 60 57 70 40 2  37 83 15 95 79 62 28 16 
29 91 28 25 31 26 30 24 61 62 63 56 57 58 59 60 18 17 22 20 23 19 21 92 48 49 50 51 52 53 54 55 42 45 41 43 94 40 47 44 4  3  1  6  0  5  7  98 67 97 64 71 68 66 69 65 85 96 83 87 86 84 81 82 11 13 93 10 9  14 12 15 38 34 36 90 33 32 37 35 73 78 88 79 76 75 72 77 39 80 46 95 16 89 2  70 74 8  27 
91 25 30 29 26 24 27 31 57 60 56 58 89 63 62 59 92 19 18 23 21 16 20 22 95 54 53 50 48 51 55 49 47 41 94 46 45 42 40 43 0  98 6  5  2  1  3  7  69 64 68 70 97 67 66 71 86 82 87 84 80 83 96 81 14 9  13 15 93 12 11 8  39 37 32 36 38 90 35 34 77 75 73 74 78 76 79 88 33 85 44 52 17 61 4  65 72 10 28 
26 24 91 31 30 27 25 28 59 63 57 89 62 61 58 56 23 92 20 19 16 22 17 21 53 52 49 55 50 54 48 95 45 43 46 42 44 94 41 40 7  1  0  2  3  4  5  6  97 71 70 67 65 68 64 66 81 83 86 80 96 85 84 87 10 11 12 13 14 15 8  9  32 33 34 35 36 37 38 39 79 73 72 78 88 77 76 74 90 82 47 51 18 60 98 69 75 93 29 
25 29 27 91 24 31 28 26 89 59 58 63 61 56 60 62 22 16 92 21 20 17 23 18 52 55 51 53 95 50 49 54 40 94 45 44 41 47 42 46 2  7  5  1  4  6  98 3  66 68 97 65 64 69 67 70 80 81 84 83 85 87 82 96 12 93 9  8  13 11 14 10 33 35 90 32 39 36 34 37 88 76 77 72 75 78 74 73 38 86 43 48 19 57 0  71 79 15 30 
30 27 26 28 91 25 24 29 56 61 59 62 58 60 89 57 19 23 17 92 22 21 18 16 49 51 95 48 55 52 50 53 44 40 42 94 47 46 43 41 6  4  7  3  5  98 2  0  65 66 67 68 69 70 71 64 87 85 81 96 84 82 80 86 93 8  15 12 10 13 9  11 34 90 39 38 35 33 36 32 76 72 75 88 74 79 77 78 37 83 45 54 20 63 1  97 73 14 31 
28 30 31 27 29 91 26 25 63 89 60 59 56 62 57 61 17 20 16 18 92 23 22 19 55 53 48 52 54 95 51 50 46 47 40 41 42 43 44 45 1  2  98 7  6  3  0  4  70 69 66 64 67 71 65 97 83 80 82 81 87 96 86 85 9  15 10 14 8  93 13 12 35 32 38 33 37 39 90 36 75 74 78 77 79 72 73 76 34 84 94 49 21 58 5  68 88 11 24 
31 26 29 24 28 30 91 27 60 58 61 57 59 89 56 63 20 18 21 17 19 92 16 23 50 95 55 54 51 49 52 48 94 44 43 40 46 41 45 47 98 5  4  0  7  2  6  1  68 65 71 66 70 64 97 69 82 84 85 86 81 80 87 83 8  12 14 93 11 10 15 13 36 39 35 37 90 34 33 38 72 88 74 76 77 73 75 79 32 96 42 53 22 62 3  67 78 9  25 
27 28 24 30 25 29 31 91 58 57 62 60 63 59 61 89 16 21 19 22 18 20 92 17 54 50 52 95 49 48 53 51 43 42 47 45 40 44 46 94 5  0  3  98 1  7  4  2  71 67 69 97 66 65 70 68 84 86 96 82 83 81 85 80 13 10 8  11 15 9  93 14 37 36 33 39 34 38 32 90 78 79 76 73 72 74 88 75 35 87 41 55 23 56 6  64 77 12 26 
39 33 34 38 32 90 37 36 1  2  98 7  6  3  0  4  64 66 97 71 70 67 65 68 26 25 30 28 31 27 29 91 89 60 59 56 62 57 61 63 13 14 15 8  9  10 11 12 80 82 81 87 96 86 85 83 88 79 78 75 73 76 72 74 55 51 53 95 50 49 54 52 21 18 16 19 23 17 92 22 45 42 94 43 40 47 44 41 20 77 58 24 69 5  93 84 46 48 35 
34 37 32 35 39 33 90 38 98 5  4  0  7  2  6  1  66 71 69 64 68 70 97 67 91 27 26 31 29 24 28 30 58 61 57 59 89 56 63 60 15 93 12 11 8  14 9  13 84 85 86 81 80 87 83 82 78 77 74 72 75 79 73 88 50 52 95 49 48 53 51 54 22 17 21 23 92 20 19 16 47 46 42 41 43 44 45 40 18 76 62 25 65 3  10 96 94 55 36 
38 39 35 33 36 32 34 90 5  0  3  98 1  7  4  2  97 69 68 65 71 66 70 64 31 91 28 27 24 30 25 29 57 62 60 63 59 61 89 58 93 11 10 15 13 8  12 14 86 96 82 83 81 85 80 84 77 72 76 78 88 75 74 79 54 53 50 48 51 55 49 95 23 22 19 17 20 16 18 92 94 40 41 44 47 42 46 45 21 73 56 26 67 6  9  87 43 52 37 
32 90 39 36 34 37 33 35 4  3  1  6  0  5  7  98 71 64 65 66 67 68 69 70 30 24 91 29 28 25 31 26 62 63 56 57 58 59 60 61 12 10 13 9  11 93 8  15 96 83 87 86 84 81 82 85 74 76 88 73 72 77 75 78 48 54 49 53 55 95 52 51 16 20 22 92 19 18 23 21 44 94 46 40 41 45 47 43 17 79 89 27 97 2  14 80 42 50 38 
90 36 33 32 37 35 38 34 0  98 6  5  2  1  3  7  70 68 71 67 69 97 66 65 27 31 25 91 30 29 26 24 60 56 58 89 63 62 59 57 11 15 9  93 14 13 10 8  82 87 84 80 83 96 81 86 72 78 73 77 79 88 76 75 95 55 54 51 49 52 48 50 17 23 18 22 16 92 21 20 43 45 44 42 94 41 40 46 19 74 61 28 64 4  12 85 47 53 39 
37 35 90 34 33 38 36 39 7  1  0  2  3  4  5  6  67 70 66 68 97 65 64 69 25 28 24 26 91 31 30 27 63 57 89 62 61 58 56 59 8  13 11 14 10 12 93 9  83 86 80 96 85 84 87 81 75 88 72 79 76 74 77 73 53 48 52 54 95 51 50 55 18 19 20 21 22 23 16 17 40 44 47 94 46 43 41 42 92 78 60 29 71 98 15 82 45 49 32 
36 32 38 90 35 34 39 37 2  7  5  1  4  6  98 3  65 97 70 69 66 64 67 71 28 26 29 25 27 91 24 31 59 58 63 61 56 60 62 89 14 8  93 13 12 9  15 10 81 84 83 85 87 82 96 80 79 75 77 88 74 73 78 76 52 49 55 50 54 48 95 53 19 21 92 18 17 22 20 23 46 41 43 47 45 94 42 44 16 72 57 30 68 0  11 86 40 51 33 
33 38 37 39 90 36 35 32 6  4  7  3  5  98 2  0  68 67 64 70 65 69 71 97 24 29 27 30 26 28 91 25 61 59 62 58 60 89 57 56 9  12 8  10 93 15 14 11 85 81 96 84 82 80 86 87 73 74 75 76 77 78 79 72 49 50 51 52 53 54 55 48 20 92 17 16 21 19 22 18 41 47 45 46 42 40 43 94 23 88 63 31 66 1  13 83 44 95 34 
46 44 94 43 42 47 45 40 17 22 20 23 19 21 92 18 6  7  1  0  2  3  4  5  74 73 78 76 79 75 77 88 34 33 38 36 39 35 37 90 70 66 68 97 65 64 69 67 14 15 8  9  10 11 12 13 54 95 51 50 55 53 48 52 85 84 87 81 83 86 80 96 56 62 57 61 63 89 60 59 28 24 27 91 26 31 29 30 58 49 32 72 98 16 71 93 25 82 41 
45 41 47 94 44 43 40 46 23 17 92 22 21 18 16 19 3  2  7  5  1  4  6  98 73 76 72 74 88 79 78 75 90 35 34 39 37 32 36 38 97 70 69 66 64 67 71 65 13 11 14 10 12 93 9  8  50 54 48 95 53 52 49 55 87 82 96 80 81 84 83 85 62 61 58 56 59 63 57 89 26 29 31 27 25 91 30 24 60 51 33 77 0  20 68 15 28 86 42 
42 47 46 40 94 45 44 41 18 21 17 19 92 16 23 20 0  6  4  7  3  5  98 2  78 72 88 77 76 73 79 74 39 90 36 35 32 38 33 37 67 64 70 65 69 71 97 68 10 13 9  11 93 8  15 12 52 53 54 55 48 49 50 51 82 80 86 87 85 81 96 84 57 58 59 60 61 62 63 56 29 27 25 26 30 28 31 91 89 95 34 75 1  22 66 14 24 83 43 
40 42 43 47 41 94 46 45 22 23 16 17 18 19 20 21 4  1  2  98 7  6  3  0  76 74 77 73 75 88 72 79 38 32 90 37 36 33 39 34 66 97 71 70 67 65 68 64 8  93 13 12 9  15 10 14 95 50 49 54 52 55 51 53 96 86 85 83 80 82 81 87 61 56 60 62 89 59 58 63 25 30 91 31 28 27 24 29 57 48 35 78 5  92 69 11 26 84 44 
43 46 41 44 40 42 94 47 16 92 21 20 17 23 18 22 1  98 5  4  0  7  2  6  79 88 76 75 72 78 73 77 35 39 33 90 38 37 34 32 71 69 64 68 70 97 67 66 11 10 15 13 8  12 14 93 49 48 53 51 54 50 52 95 80 87 83 82 84 85 86 81 63 59 61 89 58 57 62 60 27 26 30 29 31 24 25 28 56 55 36 74 3  19 65 9  91 96 45 
47 40 44 42 45 41 43 94 92 20 19 16 22 17 21 23 2  5  0  3  98 1  7  4  75 79 73 88 78 77 74 72 33 36 32 34 90 39 38 35 69 68 65 71 66 70 64 97 15 9  93 14 13 10 8  11 48 51 55 49 95 54 53 50 81 85 80 84 86 96 82 83 89 63 62 59 57 60 56 58 91 28 29 24 27 30 26 25 61 52 37 76 6  18 67 12 31 87 46 
41 94 40 45 43 46 42 44 21 19 22 18 20 92 17 16 98 4  3  1  6  0  5  7  77 78 79 72 73 74 75 76 36 34 37 33 35 90 32 39 64 65 66 67 68 69 70 71 9  14 12 15 11 13 93 10 53 55 95 52 51 48 54 49 84 81 82 85 96 83 87 86 60 57 63 58 62 56 89 61 24 91 26 28 29 25 27 31 59 50 38 88 2  23 97 8  30 80 47 
94 45 42 41 46 44 47 43 20 16 18 92 23 22 19 17 7  0  98 6  5  2  1  3  88 75 74 79 77 72 76 78 32 37 35 38 34 36 90 33 68 71 67 69 97 66 65 70 93 12 11 8  14 9  13 15 51 49 52 48 50 95 55 54 83 96 81 86 82 87 84 80 59 89 56 63 60 58 61 57 31 25 24 30 91 29 28 26 62 53 39 73 4  21 64 10 27 85 40 
93 13 10 9  14 12 15 11 77 72 76 78 88 75 74 79 28 31 27 29 91 26 25 30 2  1  3  7  0  98 6  5  86 96 82 83 81 85 80 84 42 41 46 44 47 43 45 94 90 35 34 39 37 32 36 38 16 92 21 20 17 23 18 22 89 56 63 60 58 61 57 59 50 95 55 54 51 49 52 48 68 66 64 65 69 67 70 97 53 19 87 4  24 73 40 33 71 62 8  
14 12 93 11 10 15 13 8  79 75 77 88 74 73 78 76 29 28 25 31 26 30 24 91 3  4  5  6  7  1  0  2  81 84 83 85 87 82 96 80 94 43 42 47 45 40 44 46 37 38 39 32 33 34 35 36 22 23 16 17 18 19 20 21 62 57 61 63 89 60 59 56 55 53 48 52 54 95 51 50 70 64 71 69 97 68 67 65 49 92 86 98 27 72 41 90 66 58 9  
13 9  15 93 12 11 8  14 88 79 78 75 73 76 72 74 30 26 28 91 25 24 29 27 4  6  98 3  2  7  5  1  80 82 81 87 96 86 85 83 47 94 44 43 40 46 41 45 36 34 37 33 35 90 32 39 17 22 20 23 19 21 92 18 61 58 56 59 63 57 89 62 53 52 49 55 50 54 48 95 97 67 68 71 66 69 65 64 51 16 84 0  31 77 42 38 70 60 10 
10 15 14 8  93 13 12 9  76 73 79 74 78 72 88 77 31 29 24 28 30 91 27 26 5  98 2  0  6  4  7  3  87 80 85 82 86 83 84 96 46 40 94 45 44 41 47 42 33 36 32 34 90 39 38 35 21 19 22 18 20 92 17 16 58 59 60 61 62 63 56 57 48 49 50 51 52 53 54 55 67 71 66 97 65 70 68 69 95 23 81 1  25 75 43 37 64 89 11 
8  10 11 15 9  93 14 13 75 88 72 79 76 74 77 73 24 25 26 27 28 29 30 31 6  3  0  4  1  2  98 7  83 86 80 96 85 84 87 81 43 47 41 94 46 45 42 40 39 90 36 35 32 38 33 37 23 17 92 22 21 18 16 19 56 60 62 89 59 58 63 61 52 55 51 53 95 50 49 54 66 65 69 68 70 71 64 67 48 20 82 5  91 78 44 34 97 57 12 
11 14 9  12 8  10 93 15 72 78 73 77 79 88 76 75 25 27 91 24 31 28 26 29 7  2  6  1  98 5  4  0  82 87 84 80 83 96 81 86 41 44 40 42 94 47 46 43 34 33 38 36 39 35 37 90 92 20 19 16 22 17 21 23 59 61 89 58 57 62 60 63 54 50 52 95 49 48 53 51 71 97 65 67 68 64 66 70 55 18 85 3  30 74 45 32 69 56 13 
15 8  12 10 13 9  11 93 78 77 74 72 75 79 73 88 26 91 31 30 27 25 28 24 1  7  4  2  5  0  3  98 84 85 86 81 80 87 83 82 44 42 45 41 43 94 40 47 38 32 90 37 36 33 39 34 20 16 18 92 23 22 19 17 63 62 59 57 60 56 58 89 95 54 53 50 48 51 55 49 69 70 67 64 71 65 97 66 52 21 96 6  29 76 46 35 68 61 14 
9  93 8  13 11 14 10 12 73 74 75 76 77 78 79 72 27 24 30 25 29 31 91 28 0  5  7  98 4  3  1  6  85 81 96 84 82 80 86 87 40 45 43 46 42 44 94 41 32 37 35 38 34 36 90 33 19 18 23 21 16 20 22 92 57 63 58 62 56 89 61 60 51 48 54 49 53 55 95 52 64 69 97 70 67 66 71 68 50 17 83 2  26 88 47 39 65 59 15 
62 60 89 59 58 63 61 56 67 64 70 65 69 71 97 68 11 9  12 8  10 93 15 14 94 47 46 43 41 44 40 42 21 17 19 92 16 23 20 18 96 87 80 85 82 86 83 84 50 49 54 52 55 51 53 95 24 30 25 29 31 91 28 27 78 79 72 73 74 75 76 77 0  5  7  98 4  3  1  6  32 38 36 37 33 39 34 90 2  26 22 45 13 66 81 48 35 88 57 
61 57 63 89 60 59 56 62 65 67 97 64 71 68 66 69 93 10 9  14 12 15 11 13 47 43 45 94 42 41 46 44 18 23 21 16 20 22 92 19 85 96 83 87 86 84 81 82 95 51 50 55 53 48 52 54 29 24 28 30 91 27 26 31 72 88 77 76 73 79 74 78 5  98 2  0  6  4  7  3  33 34 39 36 35 37 90 38 1  25 17 40 8  70 80 49 32 75 58 
58 63 62 56 89 61 60 57 68 71 67 69 97 66 65 70 8  11 15 9  93 14 13 10 46 45 42 40 43 47 41 94 16 18 92 23 22 19 17 20 84 86 96 82 83 81 85 80 55 95 52 51 48 54 49 53 27 91 24 31 28 26 29 25 88 76 75 72 78 73 77 79 7  2  6  1  98 5  4  0  34 36 35 33 90 32 39 37 3  30 21 44 12 64 87 50 38 74 59 
56 58 59 63 57 89 62 61 64 65 66 67 68 69 70 71 15 12 10 13 9  11 93 8  43 94 40 47 44 42 45 41 19 22 18 20 92 17 16 21 87 85 81 96 84 82 80 86 54 48 95 53 52 49 55 50 30 29 26 24 27 31 25 91 77 75 78 74 76 88 73 72 98 0  1  5  3  6  2  4  35 90 37 39 32 36 38 34 7  28 23 46 14 97 83 51 33 79 60 
59 62 57 60 56 58 89 63 66 97 71 70 67 65 68 64 12 13 14 15 8  9  10 11 41 42 43 44 45 46 47 40 23 16 17 18 19 20 21 22 81 83 86 80 96 85 84 87 51 55 49 95 54 53 50 48 26 28 91 25 24 29 27 30 76 72 74 88 79 78 75 73 4  6  98 3  2  7  5  1  36 33 90 34 39 38 35 32 0  31 92 94 93 69 82 52 37 77 61 
63 56 60 58 61 57 59 89 97 70 69 66 64 67 71 65 10 14 8  93 13 12 9  15 44 41 47 42 46 40 94 45 17 92 22 21 18 16 19 23 83 80 82 81 87 96 86 85 49 52 48 50 95 55 54 51 28 25 31 26 30 24 91 29 73 78 76 79 75 77 88 74 3  4  5  6  7  1  0  2  37 32 34 38 36 90 33 35 98 27 20 43 11 68 84 53 39 72 62 
57 89 56 61 59 62 58 60 71 69 64 68 70 97 67 66 13 15 93 12 11 8  14 9  40 46 41 45 47 94 44 43 92 21 20 17 23 18 22 16 86 82 87 84 80 83 96 81 52 50 53 49 51 95 48 55 91 31 30 27 25 28 24 26 79 73 88 78 77 74 72 75 1  7  4  2  5  0  3  98 38 37 33 32 34 35 36 39 6  29 19 42 10 65 85 54 90 76 63 
89 61 58 57 62 60 63 59 70 66 68 97 65 64 69 67 9  8  13 11 14 10 12 93 42 44 94 41 40 45 43 46 22 20 23 19 21 92 18 17 80 81 84 83 85 87 82 96 48 53 51 54 50 52 95 49 25 26 27 28 29 30 31 24 74 77 73 75 88 72 79 76 6  3  0  4  1  2  98 7  39 35 38 90 37 34 32 33 5  91 16 47 15 71 86 55 36 78 56 
97 64 69 68 65 71 66 70 50 54 48 95 53 52 49 55 76 79 75 77 88 74 73 78 19 21 92 18 17 22 20 23 13 11 14 10 12 93 9  8  28 25 31 26 30 24 91 29 46 47 40 41 42 43 44 45 58 57 62 60 63 59 61 89 33 34 35 36 37 38 39 32 96 85 84 87 81 83 86 80 7  4  98 5  2  0  6  3  82 56 15 16 72 51 27 94 1  90 67 
65 71 97 70 69 66 64 67 55 52 50 53 49 51 95 48 77 76 73 79 74 78 72 88 92 16 23 20 18 21 17 19 12 8  10 93 15 14 11 9  29 24 28 30 91 27 26 31 42 45 41 43 94 40 47 44 89 59 58 63 61 56 60 62 90 39 38 35 33 36 32 34 84 82 80 86 87 85 81 96 6  98 1  2  3  7  0  5  83 57 13 22 75 54 25 46 4  37 68 
64 68 66 97 71 70 67 65 53 55 95 52 51 48 54 49 78 74 76 88 73 72 77 75 16 20 22 92 19 18 23 21 9  14 12 15 11 13 93 10 30 29 26 24 27 31 25 91 44 40 42 94 47 46 43 41 63 89 60 59 56 62 57 61 38 37 34 32 35 39 33 90 82 86 83 84 96 87 80 85 3  0  7  1  4  2  5  98 81 58 8  17 79 50 28 45 6  36 69 
69 66 65 67 97 64 71 68 48 51 55 49 95 54 53 50 79 77 72 76 78 88 75 74 23 22 19 17 20 16 18 92 15 9  93 14 13 10 8  11 31 27 29 91 26 25 30 28 94 44 43 40 46 41 45 47 62 56 89 61 60 57 63 58 37 32 36 38 90 35 34 39 80 83 96 81 86 82 87 84 0  1  4  3  5  6  7  2  85 59 12 21 73 52 24 42 98 33 70 
67 69 70 66 68 97 65 64 52 53 54 55 48 49 50 51 72 73 74 75 76 77 78 79 20 92 17 16 21 19 22 18 10 13 9  11 93 8  15 12 24 30 25 29 31 91 28 27 41 46 44 47 43 45 94 42 59 63 57 89 62 61 58 56 34 36 90 33 32 37 35 38 86 84 81 82 85 96 83 87 4  5  2  7  6  1  98 0  80 60 14 23 88 95 26 40 3  39 71 
70 65 68 71 67 69 97 66 54 95 51 50 55 53 48 52 73 75 88 72 79 76 74 77 18 19 20 21 22 23 16 17 14 15 8  9  10 11 12 13 25 26 27 28 29 30 31 24 40 94 45 44 41 47 42 46 57 60 56 58 89 63 62 59 32 38 33 37 39 90 36 35 87 96 86 85 83 80 82 81 1  3  5  0  7  98 4  6  84 61 93 92 78 49 91 43 2  34 64 
66 67 71 69 64 68 70 97 95 50 49 54 52 55 51 53 74 88 79 78 75 73 76 72 21 18 16 19 23 17 92 22 8  93 13 12 9  15 10 14 26 28 91 25 24 29 27 30 45 43 46 42 44 94 41 40 60 58 61 57 59 89 56 63 35 90 32 39 36 34 37 33 85 87 82 96 80 81 84 83 2  6  0  98 1  5  3  4  86 62 11 20 77 48 31 47 7  38 65 
68 97 67 64 70 65 69 71 51 49 52 48 50 95 55 54 75 72 78 73 77 79 88 76 17 23 18 22 16 92 21 20 93 12 11 8  14 9  13 15 27 91 24 31 28 26 29 25 43 42 47 45 40 44 46 94 56 61 59 62 58 60 89 57 39 35 37 90 34 33 38 36 81 80 87 83 82 84 85 86 98 2  3  6  0  4  1  7  96 63 10 19 74 53 30 41 5  32 66 
79 74 77 72 76 78 88 75 36 37 38 39 32 33 34 35 61 63 89 60 59 56 62 57 96 85 84 87 81 83 86 80 26 27 28 29 30 31 24 25 22 23 16 17 18 19 20 21 7  5  1  4  6  98 3  2  14 8  93 13 12 9  15 10 66 65 70 68 71 67 69 97 44 41 47 42 46 40 94 45 54 53 49 48 50 51 52 55 43 11 91 82 58 90 92 0  95 64 73 
75 76 72 78 73 77 79 88 37 39 90 36 35 32 38 33 62 89 59 58 63 61 56 60 87 96 86 85 83 80 82 81 28 91 25 24 29 27 30 26 23 17 92 22 21 18 16 19 1  0  2  3  4  5  6  7  8  13 11 14 10 12 93 9  97 67 66 71 69 64 68 70 42 44 94 41 40 45 43 46 95 55 48 51 54 49 53 52 47 15 31 84 57 34 20 98 50 65 74 
77 88 76 73 79 74 78 72 38 90 35 34 39 37 32 36 63 60 58 61 57 59 89 56 80 83 96 81 86 82 87 84 91 24 31 28 26 29 25 27 16 92 21 20 17 23 18 22 0  3  98 1  7  4  2  5  93 11 10 15 13 8  12 14 71 97 68 67 64 70 65 69 45 40 44 46 94 43 42 47 51 95 53 55 48 52 54 50 41 9  30 85 62 33 19 6  49 66 75 
88 73 78 77 74 72 75 79 39 36 34 37 33 35 90 32 56 59 63 57 89 62 61 58 85 87 82 96 80 81 84 83 25 31 26 30 24 91 29 28 17 22 20 23 19 21 92 18 2  98 7  6  3  0  4  1  13 14 15 8  9  10 11 12 70 64 97 69 68 65 71 66 41 42 43 44 45 46 47 40 50 52 51 49 95 48 55 53 94 93 27 86 60 38 16 5  54 67 76 
74 72 88 79 78 75 73 76 32 35 39 33 90 38 37 34 57 56 61 59 62 58 60 89 82 86 83 84 96 87 80 85 24 28 30 91 27 26 31 29 18 21 17 19 92 16 23 20 3  1  6  0  5  7  98 4  12 10 13 9  11 93 8  15 67 71 65 97 70 69 66 64 43 94 40 47 44 42 45 41 55 51 54 95 53 50 48 49 46 14 25 81 63 36 22 2  52 68 77 
73 77 75 88 72 79 76 74 33 32 37 35 38 34 36 90 58 62 56 89 61 60 57 63 86 84 81 82 85 96 83 87 29 26 24 27 31 25 91 30 19 18 23 21 16 20 22 92 4  7  3  5  98 2  0  6  9  12 8  10 93 15 14 11 65 68 64 66 97 71 70 67 94 47 46 43 41 44 40 42 53 48 50 54 52 95 49 51 45 13 28 80 59 39 17 1  55 69 78 
78 75 74 76 88 73 72 77 34 38 32 90 37 36 33 39 59 57 60 56 58 89 63 62 83 81 85 80 84 86 96 82 27 29 91 26 25 30 28 31 20 16 18 92 23 22 19 17 5  4  0  7  2  6  1  98 15 93 12 11 8  14 9  13 68 66 69 65 67 97 64 71 40 46 41 45 47 94 44 43 48 54 52 53 49 55 50 95 42 10 24 87 61 35 21 3  51 70 79 
76 78 79 75 77 88 74 73 35 33 36 32 34 90 39 38 60 61 62 63 56 57 58 59 84 82 80 86 87 85 81 96 30 25 29 31 91 28 27 24 21 19 22 18 20 92 17 16 6  2  4  98 0  1  5  3  10 9  14 12 15 11 13 93 64 69 67 70 66 68 97 65 47 43 45 94 42 41 46 44 52 49 95 50 55 54 51 48 40 8  26 83 89 37 23 7  53 71 72 
96 82 80 81 84 83 85 87 24 30 25 29 31 91 28 27 47 44 42 45 41 43 94 40 68 69 70 71 64 65 66 67 53 54 55 48 49 50 51 52 35 33 36 32 34 90 39 38 56 89 61 60 57 63 58 62 3  6  2  4  98 0  1  5  20 22 92 19 18 23 21 16 74 73 78 76 79 75 77 88 12 93 14 8  9  13 15 11 72 7  95 97 46 26 37 59 10 17 86 
80 85 84 86 96 82 83 81 25 26 27 28 29 30 31 24 44 45 46 47 40 41 42 43 67 65 68 64 66 97 71 70 95 51 50 55 53 48 52 54 36 37 38 39 32 33 34 35 59 58 63 61 56 60 62 89 2  7  5  1  4  6  98 3  18 16 19 23 17 92 22 21 88 75 74 79 77 72 76 78 13 10 93 11 8  15 12 9  73 0  49 69 94 91 90 57 14 20 87 
81 96 86 82 87 84 80 83 26 28 91 25 24 29 27 30 42 46 40 94 45 44 41 47 64 67 71 65 97 70 69 66 50 49 54 52 55 51 53 95 37 39 90 36 35 32 38 33 63 57 89 62 61 58 56 59 7  1  0  2  3  4  5  6  21 92 18 17 22 20 23 19 79 88 76 75 72 78 73 77 14 9  11 15 13 93 10 12 74 98 48 68 43 31 34 60 8  16 85 
84 83 96 87 80 85 82 86 27 91 24 31 28 26 29 25 45 47 94 44 43 40 46 41 70 97 67 66 71 69 64 68 49 52 48 50 95 55 54 51 38 90 35 34 39 37 32 36 57 62 60 63 59 61 89 58 5  0  3  98 1  7  4  2  17 21 23 92 20 19 16 22 78 72 88 77 76 73 79 74 15 14 10 9  11 12 13 8  75 6  53 65 42 30 33 56 93 18 81 
83 87 82 84 85 86 81 80 28 25 31 26 30 24 91 29 41 40 45 43 46 42 44 94 65 64 69 67 70 66 68 97 54 48 95 53 52 49 55 50 39 36 34 37 33 35 90 32 89 60 59 56 62 57 61 63 1  2  98 7  6  3  0  4  19 20 21 22 23 16 17 18 75 79 73 88 78 77 74 72 8  12 15 93 14 11 9  10 76 5  51 71 47 27 38 58 13 92 96 
85 86 83 80 82 81 87 96 29 24 28 30 91 27 26 31 43 41 44 40 42 94 47 46 69 71 97 68 67 64 70 65 52 50 53 49 51 95 48 55 32 35 39 33 90 38 37 34 62 63 56 57 58 59 60 61 4  3  1  6  0  5  7  98 92 17 16 21 19 22 18 20 73 76 72 74 88 79 78 75 9  15 13 14 10 8  11 93 77 2  54 66 45 25 36 89 12 23 84 
87 84 81 83 86 80 96 85 30 29 26 24 27 31 25 91 94 42 41 46 44 47 43 45 71 68 66 69 65 67 97 64 55 95 52 51 48 54 49 53 33 32 37 35 38 34 36 90 61 59 62 58 60 89 57 56 6  4  7  3  5  98 2  0  16 23 20 18 21 17 19 92 76 74 77 73 75 88 72 79 10 11 8  13 12 14 93 15 78 1  50 70 40 28 39 63 9  22 82 
82 81 85 96 83 87 86 84 31 27 29 91 26 25 30 28 40 43 47 41 94 46 45 42 97 66 65 70 68 71 67 69 51 55 49 95 54 53 50 48 34 38 32 90 37 36 33 39 58 61 57 59 89 56 63 60 98 5  4  0  7  2  6  1  23 18 22 16 92 21 20 17 72 77 75 78 74 76 88 73 11 13 12 10 93 9  8  14 79 3  52 64 44 24 35 62 15 19 80 
49 54 53 55 95 52 51 48 43 47 41 94 46 45 42 40 39 34 38 32 90 37 36 33 14 13 10 8  11 15 9  93 72 76 78 88 75 74 79 77 57 60 56 58 89 63 62 59 92 21 20 17 23 18 22 16 71 69 64 68 70 97 67 66 2  6  1  98 5  4  0  7  28 26 29 25 27 91 24 31 83 96 84 86 81 82 85 87 30 65 73 12 35 44 61 19 80 3  50 
48 95 55 52 50 53 49 51 47 94 44 43 40 46 41 45 36 38 90 35 34 39 37 32 8  14 9  13 15 93 12 11 78 73 77 79 88 76 75 72 60 58 61 57 59 89 56 63 20 19 16 22 17 21 23 92 69 68 65 71 66 70 64 97 7  4  2  5  0  3  98 1  25 28 24 26 91 31 30 27 80 87 86 82 83 84 96 85 29 67 74 10 33 42 62 18 81 6  54 
52 48 54 95 51 50 55 53 42 41 46 44 47 43 45 94 90 33 32 37 35 38 34 36 15 11 13 93 10 9  14 12 76 88 73 72 77 75 78 74 62 56 89 61 60 57 63 58 21 17 19 92 16 23 20 18 67 64 70 65 69 71 97 68 98 2  0  6  4  7  3  5  91 27 26 31 29 24 28 30 86 83 85 96 84 87 81 80 25 66 79 8  39 40 59 22 82 1  49 
51 50 52 53 54 55 48 49 94 43 42 47 45 40 44 46 37 90 34 33 38 36 39 35 13 8  12 14 93 11 10 15 77 74 72 75 79 73 88 78 58 57 62 60 63 59 61 89 16 18 92 23 22 19 17 20 68 71 67 69 97 66 65 70 1  3  7  0  98 6  5  2  26 25 30 28 31 27 29 91 81 85 82 84 80 86 87 96 24 64 76 9  32 41 56 21 83 4  95 
53 51 95 50 49 54 52 55 41 44 40 42 94 47 46 43 34 32 35 39 33 90 38 37 93 15 14 11 9  12 8  10 73 79 74 78 72 88 77 76 56 61 59 62 58 60 89 57 19 22 18 20 92 17 16 21 64 65 66 67 68 69 70 71 5  7  98 4  3  1  6  0  31 91 28 27 24 30 25 29 82 80 96 87 86 85 83 81 26 97 75 13 36 45 63 23 84 2  48 
54 55 51 49 52 48 50 95 46 40 94 45 44 41 47 42 33 37 39 90 36 35 32 38 12 9  15 10 14 8  93 13 79 78 75 73 76 72 74 88 89 59 58 63 61 56 60 62 22 20 23 19 21 92 18 17 70 66 68 97 65 64 69 67 4  5  6  7  1  0  2  3  30 24 91 29 28 25 31 26 87 82 83 80 96 81 86 84 27 71 77 11 34 43 57 16 85 98 53 
55 49 50 54 48 95 53 52 44 42 45 41 43 94 40 47 38 35 33 36 32 34 90 39 11 93 8  15 12 10 13 9  74 75 76 77 78 79 72 73 61 62 63 56 57 58 59 60 18 23 21 16 20 22 92 19 65 67 97 64 71 68 66 69 0  1  5  3  6  2  4  98 27 31 25 91 30 29 26 24 84 81 87 85 82 96 80 83 28 70 88 14 37 46 89 17 86 7  51 
50 53 48 51 55 49 95 54 45 46 47 40 41 42 43 44 35 36 37 38 39 32 33 34 9  10 11 12 13 14 15 8  88 72 79 76 74 77 73 75 63 89 60 59 56 62 57 61 17 92 22 21 18 16 19 23 97 70 69 66 64 67 71 65 6  98 3  2  7  5  1  4  24 29 27 30 26 28 91 25 96 86 81 83 85 80 84 82 31 68 78 93 90 94 58 20 87 0  52 
86 80 87 85 81 96 84 82 91 31 30 27 25 28 24 26 46 94 43 42 47 45 40 44 66 70 64 97 69 68 65 71 48 53 51 54 50 52 95 49 90 34 33 38 36 39 35 37 60 56 58 89 63 62 59 57 0  98 6  5  2  1  3  7  22 19 17 20 16 18 92 23 77 78 79 72 73 74 75 76 93 8  9  12 15 10 14 13 88 4  55 67 41 29 32 61 11 21 83 
71 70 64 65 66 67 68 69 49 48 53 51 54 50 52 95 88 78 77 74 72 75 79 73 22 17 21 23 92 20 19 16 11 10 15 13 8  12 14 93 91 31 30 27 25 28 24 26 47 41 94 46 45 42 40 43 61 62 63 56 57 58 59 60 36 33 39 34 38 32 90 37 83 81 85 80 84 86 96 82 5  7  6  4  98 3  2  1  87 89 9  18 76 55 29 44 0  35 97 
44 43 45 46 47 40 41 42 19 18 23 21 16 20 22 92 5  3  6  2  4  98 0  1  72 77 75 78 74 76 88 73 37 38 39 32 33 34 35 36 65 67 97 64 71 68 66 69 12 8  10 93 15 14 11 9  55 52 50 53 49 51 95 48 86 83 84 96 87 80 85 82 58 60 89 57 56 61 59 62 30 31 28 25 24 26 91 27 63 54 90 79 7  17 70 13 29 81 94 
35 34 36 37 38 39 32 33 3  6  2  4  98 0  1  5  69 65 67 97 64 71 68 66 29 30 31 24 25 26 27 28 56 89 61 60 57 63 58 62 10 9  14 12 15 11 13 93 87 80 85 82 86 83 84 96 76 73 79 74 78 72 88 77 51 95 48 55 52 50 53 49 92 16 23 20 18 21 17 19 42 43 40 45 44 46 94 47 22 75 59 91 70 7  8  81 41 54 90 
24 31 25 26 27 28 29 30 62 56 89 61 60 57 63 58 21 22 23 16 17 18 19 20 51 48 54 49 53 55 95 52 41 46 44 47 43 45 94 42 3  6  2  4  98 0  1  5  64 70 65 69 71 97 68 67 96 87 80 85 82 86 83 84 15 14 11 9  12 8  10 93 90 38 37 34 32 35 39 33 74 77 79 75 73 88 78 72 36 81 40 50 92 59 7  66 76 13 91 
21 20 22 23 16 17 18 19 13 14 15 8  9  10 11 12 82 85 96 83 87 86 84 81 38 34 36 90 33 32 37 35 6  2  4  98 0  1  5  3  53 55 95 52 51 48 54 49 73 79 74 78 72 88 77 76 41 44 40 42 94 47 46 43 27 26 31 29 24 28 30 91 69 71 97 68 67 64 70 65 62 57 59 63 61 89 58 60 66 45 7  39 80 93 50 75 56 25 92 
12 11 13 14 15 8  9  10 74 76 88 73 72 77 75 78 91 30 29 26 24 27 31 25 98 0  1  5  3  6  2  4  96 83 87 86 84 81 82 85 45 46 47 40 41 42 43 44 35 39 33 90 38 37 34 32 18 21 17 19 92 16 23 20 60 89 57 56 61 59 62 58 49 51 95 48 55 52 50 53 65 68 70 66 64 97 69 71 54 22 80 7  28 79 94 36 67 63 93 
60 59 61 62 63 56 57 58 69 68 65 71 66 70 64 97 14 93 11 10 15 13 8  12 45 40 44 46 94 43 42 47 20 19 16 22 17 21 23 92 82 84 85 86 81 80 87 83 53 54 55 48 49 50 51 52 31 27 29 91 26 25 30 28 75 74 79 77 72 76 78 88 2  1  3  7  0  98 6  5  90 39 32 35 38 33 37 36 4  24 18 41 9  67 96 95 34 73 89 
95 52 49 48 53 51 54 50 40 45 43 46 42 44 94 41 32 39 36 34 37 33 35 90 10 12 93 9  8  13 11 14 75 77 88 74 73 78 76 79 59 63 57 89 62 61 58 56 23 16 17 18 19 20 21 22 66 97 71 70 67 65 68 64 3  0  4  1  2  98 7  6  29 30 31 24 25 26 27 28 85 84 80 81 87 83 82 86 91 69 72 15 38 47 60 92 96 5  55 
72 79 73 74 75 76 77 78 90 34 33 38 36 39 35 37 89 58 57 62 60 63 59 61 81 80 87 83 82 84 85 86 31 30 27 25 28 24 26 91 92 20 19 16 22 17 21 23 98 6  5  2  1  3  7  0  11 15 9  93 14 13 10 8  69 70 71 64 65 66 67 68 46 45 42 40 43 47 41 94 49 50 55 52 51 53 95 54 44 12 29 96 56 32 18 4  48 97 88 
6  5  7  1  0  2  3  4  87 85 81 96 84 82 80 86 51 52 53 54 55 48 49 50 57 58 59 60 61 62 63 56 65 66 67 68 69 70 71 64 73 74 75 76 77 78 79 72 29 26 24 27 31 25 91 30 33 32 37 35 38 34 36 90 43 45 94 42 41 46 44 47 15 11 13 93 10 9  14 12 21 92 23 17 18 22 16 20 8  39 97 89 95 83 88 28 19 40 98 
