3  94 2  7  5  1  4  6  50 52 89 49 48 53 51 54 62 61 58 56 59 63 57 90 70 65 69 71 96 68 67 64 79 73 92 78 77 74 72 75 80 82 98 87 86 83 81 84 21 20 17 23 18 22 16 93 24 91 29 28 25 31 26 30 95 32 39 36 34 37 33 35 42 44 97 41 40 45 43 46 15 13 8  12 14 88 11 10 55 19 27 66 47 60 0  76 38 85 9  
0  2  6  4  7  3  5  94 55 51 53 89 50 49 54 52 63 59 61 90 58 57 62 60 96 64 71 68 66 69 65 67 78 79 72 73 74 75 76 77 81 98 86 85 82 80 83 87 18 93 23 22 19 17 20 16 26 29 25 27 91 24 31 28 39 38 35 33 36 32 34 95 45 40 44 46 97 43 42 47 10 88 15 14 11 9  12 8  48 21 30 70 41 56 1  92 37 84 13 
94 7  4  3  1  6  0  5  54 53 50 48 51 55 49 89 59 90 56 63 60 58 61 57 69 66 64 67 71 65 96 70 72 92 77 76 73 79 74 78 85 81 83 98 80 87 84 82 17 19 93 16 23 20 18 21 27 26 31 29 24 28 30 91 36 95 33 32 37 35 38 34 40 46 41 45 47 97 44 43 13 12 9  15 10 14 8  88 52 22 25 68 42 62 2  75 39 86 11 
1  6  94 5  4  0  7  2  48 54 49 53 55 89 52 51 57 58 59 60 61 62 63 56 66 67 68 69 70 71 64 65 73 78 76 79 75 77 92 74 83 86 82 84 98 81 80 85 19 16 22 17 21 23 93 20 31 25 91 30 29 26 24 27 35 37 95 34 33 38 36 39 43 97 40 47 44 42 45 41 8  9  10 11 12 13 14 15 50 18 28 96 46 90 3  72 32 87 88 
7  3  0  94 6  5  2  1  89 55 54 51 49 52 48 50 60 57 63 58 62 56 90 61 64 68 70 96 67 66 71 69 74 77 73 75 92 72 79 76 86 84 87 83 85 98 82 81 93 22 21 18 16 19 23 17 25 30 28 31 27 29 91 26 32 36 38 95 35 34 39 37 47 43 45 97 42 41 46 44 12 15 11 13 88 10 9  14 53 20 24 65 40 59 4  78 33 80 8  
4  0  1  2  94 7  6  3  53 48 52 54 89 51 50 55 56 62 57 61 63 90 60 59 67 69 96 66 65 70 68 71 75 74 79 77 72 76 78 92 82 87 85 80 84 86 98 83 16 17 18 19 20 21 22 23 91 28 27 24 30 25 29 31 38 33 37 39 95 36 35 32 41 42 43 44 45 46 47 40 14 10 12 88 9  8  13 11 49 93 26 64 97 58 5  73 34 81 15 
2  4  5  0  3  94 1  7  52 49 55 50 54 48 89 53 58 60 90 57 56 61 59 62 71 70 67 65 68 64 66 96 76 72 74 92 79 78 75 73 84 83 80 86 81 85 87 98 23 21 16 20 22 93 19 18 30 31 24 25 26 27 28 29 33 39 34 38 32 95 37 36 97 47 46 43 41 44 40 42 88 14 13 10 8  11 15 9  51 17 91 69 45 63 6  77 35 82 12 
5  1  3  6  2  4  94 0  49 50 51 52 53 54 55 48 90 63 62 59 57 60 56 58 65 71 66 70 64 96 69 68 77 75 78 74 76 92 73 72 98 85 84 81 87 82 86 80 20 23 19 21 93 18 17 22 29 27 30 26 28 91 25 24 37 34 32 35 39 33 95 38 46 45 42 40 43 47 41 97 11 8  14 9  13 15 88 12 89 16 31 67 44 61 7  79 36 83 10 
20 19 21 22 23 16 17 18 10 9  14 12 15 11 13 88 48 52 54 89 51 50 55 53 32 34 95 39 38 35 33 36 1  0  2  3  4  5  6  7  62 56 90 61 60 57 63 58 65 71 66 70 64 96 69 68 98 85 84 81 87 82 86 80 46 44 47 43 45 97 42 41 30 25 29 31 91 28 27 24 79 72 73 74 75 76 77 78 8  67 83 37 26 49 93 94 40 59 92 
19 22 17 20 16 18 93 23 88 11 10 15 13 8  12 14 51 53 89 50 49 54 52 55 95 37 36 33 39 34 38 32 6  2  4  94 0  1  5  3  59 63 57 90 62 61 58 56 66 67 68 69 70 71 64 65 83 86 82 84 98 81 80 85 43 46 42 44 97 41 40 45 91 24 31 28 26 29 25 27 72 74 92 79 78 75 73 76 9  96 87 35 30 48 21 7  47 60 77 
16 18 19 23 17 93 22 21 15 88 12 11 8  14 9  13 55 54 51 49 52 48 50 89 37 33 35 95 32 39 36 34 0  3  94 1  7  4  2  5  57 60 56 58 90 63 62 59 67 69 96 66 65 70 68 71 82 87 85 80 84 86 98 83 41 97 46 45 42 40 43 47 27 29 91 26 25 30 28 31 73 92 78 77 74 72 75 79 10 64 81 38 24 53 20 6  44 61 76 
22 20 93 19 18 23 21 16 14 8  88 13 12 9  15 10 49 55 50 54 48 89 53 52 36 35 32 38 33 37 39 95 5  4  0  7  2  6  1  94 60 58 61 57 59 90 56 63 68 96 65 64 69 67 70 66 87 80 81 82 83 84 85 86 44 43 40 46 41 45 47 97 26 27 28 29 30 31 24 25 74 79 77 72 76 78 92 75 11 71 98 34 91 51 17 3  42 62 73 
17 93 16 21 19 22 18 20 11 15 9  88 14 13 10 8  89 48 55 52 50 53 49 51 33 95 38 37 34 32 35 39 7  5  1  4  6  94 3  2  56 61 59 62 58 60 90 57 69 66 64 67 71 65 96 70 85 81 83 98 80 87 84 82 40 42 97 47 46 43 41 44 31 30 27 25 28 24 26 91 75 78 74 76 92 73 72 77 12 68 86 36 29 54 23 0  45 63 79 
21 17 23 93 20 19 16 22 9  12 8  10 88 15 14 11 54 49 53 55 89 52 51 48 39 32 33 34 35 36 37 38 94 6  5  2  1  3  7  0  58 57 62 60 63 59 61 90 70 65 69 71 96 68 67 64 80 82 98 87 86 83 81 84 42 47 45 40 44 46 97 43 29 26 24 27 31 25 91 30 76 75 72 78 73 77 79 92 13 66 85 95 28 50 18 4  41 56 74 
23 16 20 18 21 17 19 93 12 10 13 9  11 88 8  15 53 50 48 51 55 49 89 54 34 39 37 32 36 38 95 35 4  7  3  5  94 2  0  6  90 59 58 63 61 56 60 62 71 70 67 65 68 64 66 96 84 83 80 86 81 85 87 98 97 45 44 41 47 42 46 40 24 28 30 91 27 26 31 29 77 73 75 92 72 79 76 74 14 69 82 33 25 52 22 1  43 57 78 
93 21 18 17 22 20 23 19 8  13 11 14 10 12 88 9  50 51 52 53 54 55 48 49 38 36 39 35 37 95 34 33 3  1  6  0  5  7  94 4  63 90 60 59 56 62 57 61 64 68 70 96 67 66 71 69 86 84 87 83 85 98 82 81 47 40 41 42 43 44 45 46 28 91 25 24 29 27 30 26 78 76 79 75 77 92 74 73 15 65 80 32 31 89 16 2  97 58 72 
28 29 25 31 26 30 24 91 66 69 65 67 96 64 71 68 18 17 22 20 23 19 21 93 60 61 62 63 56 57 58 59 46 41 45 47 97 44 43 40 0  5  7  94 4  3  1  6  87 81 98 86 85 82 80 83 75 92 72 79 76 74 77 73 48 49 50 51 52 53 54 55 8  88 13 12 9  15 10 14 95 36 35 32 38 33 37 39 70 84 78 90 11 16 27 42 89 2  34 
26 30 28 91 25 24 29 27 67 66 71 69 64 68 70 96 93 19 18 23 21 16 20 22 61 63 90 60 59 56 62 57 97 40 47 44 42 45 41 43 7  2  6  1  94 5  4  0  81 86 84 87 83 85 98 82 72 78 73 77 79 92 76 75 53 52 49 55 50 54 48 89 14 15 8  9  10 11 12 13 37 35 38 34 36 95 33 32 65 80 74 58 88 17 31 46 51 3  39 
29 31 24 28 30 91 27 26 68 64 66 96 71 70 67 65 23 93 20 19 16 22 17 21 62 90 59 58 63 61 56 60 43 45 97 42 41 46 44 47 2  1  3  7  0  94 6  5  98 84 83 80 86 81 85 87 78 77 74 72 75 79 73 92 51 48 54 49 53 55 89 52 9  14 12 15 11 13 88 10 36 32 34 95 39 38 35 33 69 82 76 57 8  18 25 40 50 4  37 
25 24 26 27 28 29 30 31 69 67 70 66 68 96 65 64 22 16 93 21 20 17 23 18 63 60 58 61 57 59 90 56 42 43 44 45 46 47 40 41 6  3  0  4  1  2  94 7  86 87 80 81 82 83 84 85 73 74 75 76 77 78 79 72 54 50 52 89 49 48 53 51 13 11 14 10 12 88 9  8  33 38 36 39 35 37 95 34 71 98 92 62 15 19 91 97 55 5  32 
27 25 91 24 31 28 26 29 70 71 64 65 66 67 68 69 19 23 17 93 22 21 18 16 56 59 63 57 90 62 61 58 47 46 43 41 44 40 42 97 1  7  4  2  5  0  3  94 85 83 86 82 84 98 81 80 77 72 76 78 92 75 74 79 50 89 55 54 51 49 52 48 15 9  88 14 13 10 8  11 39 33 95 38 37 34 32 35 96 87 73 60 12 20 30 45 53 6  36 
91 26 31 30 27 25 28 24 71 65 96 70 69 66 64 67 17 20 16 18 93 23 22 19 57 56 61 59 62 58 60 90 45 42 40 43 47 41 97 46 94 0  1  5  3  6  2  4  82 85 81 83 98 80 87 84 79 75 77 92 74 73 78 76 52 55 51 53 89 50 49 54 88 12 11 8  14 9  13 15 34 37 33 35 95 32 39 36 68 86 72 63 10 21 29 44 48 7  38 
24 27 30 25 29 31 91 28 64 96 69 68 65 71 66 70 20 18 21 17 19 93 16 23 58 62 56 90 61 60 57 63 40 44 46 97 43 42 47 45 5  94 2  0  6  4  7  3  80 98 85 84 81 87 82 86 92 79 78 75 73 76 72 74 89 54 53 50 48 51 55 49 12 8  10 88 15 14 11 9  38 39 32 33 34 35 36 37 67 83 77 59 13 22 26 41 52 1  95 
31 28 27 29 91 26 25 30 65 70 68 71 67 69 96 66 16 21 19 22 18 20 93 17 59 57 60 56 58 90 63 62 44 97 41 40 45 43 46 42 4  6  94 3  2  7  5  1  83 82 87 85 80 84 86 98 76 73 79 74 78 72 92 77 49 51 89 48 55 52 50 53 11 10 15 13 8  12 14 88 32 95 37 36 33 39 34 38 64 81 75 61 9  23 24 47 54 0  35 
34 37 32 35 39 33 95 38 1  94 5  4  0  7  2  6  73 76 72 74 92 79 78 75 26 25 30 28 31 27 29 91 69 68 65 71 66 70 64 96 8  12 14 88 11 10 15 13 44 45 46 47 40 41 42 43 48 89 53 52 49 55 50 54 80 86 81 85 87 98 84 83 58 60 90 57 56 61 59 62 16 18 93 23 22 19 17 20 3  97 51 24 63 77 36 67 82 9  21 
35 34 36 37 38 39 32 33 5  3  6  2  4  94 0  1  77 78 79 72 73 74 75 76 91 27 26 31 29 24 28 30 70 66 68 96 65 64 69 67 11 13 88 10 9  14 12 15 43 41 44 40 42 97 47 46 49 54 52 55 51 53 89 50 86 85 82 80 83 87 81 98 63 59 61 90 58 57 62 60 23 16 17 18 19 20 21 22 7  45 48 25 56 92 95 71 84 8  93 
36 32 38 95 35 34 39 37 3  2  7  5  1  4  6  94 79 92 76 75 72 78 73 77 31 91 28 27 24 30 25 29 71 69 64 68 70 96 67 66 15 14 11 9  12 8  10 88 40 43 47 41 97 46 45 42 50 53 49 51 89 48 55 52 81 82 83 84 85 86 87 80 61 56 60 62 90 59 58 63 20 19 16 22 17 21 23 93 0  44 54 26 57 74 33 65 98 13 18 
37 35 95 34 33 38 36 39 6  7  1  0  2  3  4  5  92 75 74 79 77 72 76 78 30 24 91 29 28 25 31 26 64 65 66 67 68 69 70 71 9  15 10 14 8  88 13 12 46 97 43 42 47 45 40 44 51 50 55 53 48 52 54 89 85 80 84 86 98 83 82 87 56 62 57 61 63 90 60 59 18 23 21 16 20 22 93 19 94 41 49 27 58 73 32 96 81 11 17 
38 39 35 33 36 32 34 95 2  5  0  3  94 1  7  4  76 74 77 73 75 92 72 79 27 31 25 91 30 29 26 24 65 67 96 64 71 68 66 69 88 8  15 12 10 13 9  11 41 40 45 43 46 42 44 97 52 48 50 89 55 54 51 49 87 83 85 98 82 81 86 84 60 57 63 58 62 56 90 61 21 17 19 93 16 23 20 18 6  47 53 28 59 78 37 70 80 14 22 
39 33 34 38 32 95 37 36 4  1  2  94 7  6  3  0  75 79 73 92 78 77 74 72 25 28 24 26 91 31 30 27 66 96 71 70 67 65 68 64 14 9  13 15 88 12 11 8  45 47 97 44 43 40 46 41 53 51 54 50 52 89 49 48 98 87 86 83 81 84 80 82 62 61 58 56 59 63 57 90 17 93 22 21 18 16 19 23 5  42 55 29 60 76 35 69 85 10 20 
32 95 39 36 34 37 33 35 94 4  3  1  6  0  5  7  72 77 75 78 74 76 92 73 28 26 29 25 27 91 24 31 67 64 70 65 69 71 96 68 13 10 8  11 15 9  88 14 47 44 42 45 41 43 97 40 54 55 48 49 50 51 52 53 84 81 87 82 86 80 98 85 90 63 62 59 57 60 56 58 19 22 18 20 93 17 16 21 2  46 89 30 61 79 38 66 83 12 23 
33 38 37 39 95 36 35 32 0  6  4  7  3  5  94 2  78 72 92 77 76 73 79 74 24 29 27 30 26 28 91 25 68 71 67 69 96 66 65 70 10 11 12 13 14 15 8  9  97 42 41 46 44 47 43 45 55 49 89 54 53 50 48 51 83 98 80 87 84 82 85 81 59 90 56 63 60 58 61 57 93 21 20 17 23 18 22 16 1  40 52 31 62 75 34 64 86 88 19 
41 45 43 97 40 47 44 42 21 23 93 20 19 16 22 17 4  3  1  6  0  5  7  94 85 83 86 82 84 98 81 80 34 33 38 36 39 35 37 95 77 72 76 78 92 75 74 79 27 31 25 91 30 29 26 24 88 8  15 12 10 13 9  11 60 59 56 62 57 61 63 90 50 51 52 53 54 55 48 49 70 69 66 64 67 71 65 96 18 28 14 87 89 2  46 32 58 73 68 
44 46 47 43 45 97 42 41 16 19 23 17 93 22 21 18 6  4  7  3  5  94 2  0  81 86 84 87 83 85 98 82 95 35 34 39 37 32 36 38 72 78 73 77 79 92 76 75 26 25 30 28 31 27 29 91 8  12 14 88 11 10 15 13 58 63 61 56 60 62 90 59 53 50 48 51 55 49 89 54 67 96 64 71 68 66 69 65 20 24 9  80 52 1  40 33 57 74 70 
40 47 41 42 43 44 45 46 20 21 22 23 16 17 18 19 94 5  4  0  7  2  6  1  83 82 87 85 80 84 86 98 39 95 36 35 32 38 33 37 76 73 79 74 78 72 92 77 31 91 28 27 24 30 25 29 15 14 11 9  12 8  10 88 61 57 59 90 56 63 60 58 49 55 50 54 48 89 53 52 65 66 67 68 69 70 71 64 93 26 13 81 51 3  97 34 62 75 96 
42 40 97 47 46 43 41 44 22 93 19 18 23 21 16 20 3  6  2  4  94 0  1  5  98 84 83 80 86 81 85 87 38 32 95 37 36 33 39 34 78 77 74 72 75 79 73 92 29 30 31 24 25 26 27 28 12 88 9  8  13 11 14 10 57 90 62 61 58 56 59 63 51 53 89 50 49 54 52 55 68 65 71 66 70 64 96 69 17 91 15 82 48 7  45 35 60 76 67 
97 41 46 45 42 40 43 47 93 18 17 22 20 23 19 21 2  7  5  1  4  6  94 3  80 98 85 84 81 87 82 86 35 39 33 95 38 37 34 32 92 79 78 75 73 76 72 74 24 29 27 30 26 28 91 25 10 11 12 13 14 15 8  9  59 62 58 60 90 57 56 61 89 48 55 52 50 53 49 51 64 70 65 69 71 96 68 67 16 31 88 83 54 0  44 36 63 77 66 
47 42 45 40 44 46 97 43 19 17 20 16 18 93 23 22 7  1  0  2  3  4  5  6  87 81 98 86 85 82 80 83 33 36 32 34 95 39 38 35 75 92 72 79 76 74 77 73 28 26 29 25 27 91 24 31 13 10 8  11 15 9  88 14 90 61 60 57 63 58 62 56 48 52 54 89 51 50 55 53 66 68 96 65 64 69 67 70 21 30 12 84 49 94 41 37 59 78 71 
46 43 42 44 97 41 40 45 18 22 16 93 21 20 17 23 5  0  3  94 1  7  4  2  84 80 82 98 87 86 83 81 36 34 37 33 35 95 32 39 74 76 92 73 72 77 75 78 30 24 91 29 28 25 31 26 9  15 10 14 8  88 13 12 56 58 90 63 62 59 57 60 55 54 51 49 52 48 50 89 96 71 70 67 65 68 64 66 19 27 11 85 53 6  47 38 61 79 69 
43 44 40 46 41 45 47 97 23 20 18 21 17 19 93 16 1  2  94 7  6  3  0  4  82 85 81 83 98 80 87 84 32 37 35 38 34 36 95 33 79 75 77 92 74 73 78 76 91 27 26 31 29 24 28 30 11 13 88 10 9  14 12 15 63 56 57 58 59 60 61 62 52 89 49 48 53 51 54 50 71 67 69 96 66 65 70 68 22 25 8  86 55 5  42 39 90 72 64 
9  11 12 8  10 88 15 14 81 87 82 86 80 98 85 84 30 25 29 31 91 28 27 24 3  5  94 2  0  6  4  7  52 54 89 51 50 55 53 48 42 41 46 44 47 43 45 97 74 92 79 78 75 73 76 72 95 38 37 34 32 35 39 33 16 23 20 18 21 17 19 93 67 70 66 68 96 65 64 69 61 90 58 57 62 60 63 59 83 77 36 1  71 26 13 49 22 40 56 
12 15 10 13 9  11 88 8  87 86 83 81 84 80 82 98 29 26 24 27 31 25 91 30 2  3  4  5  6  7  1  0  49 53 55 89 52 51 48 54 97 43 42 47 45 40 44 46 78 74 76 92 73 72 77 75 33 35 95 32 39 36 34 37 19 20 21 22 23 16 17 18 66 71 69 64 68 70 96 67 60 62 90 59 58 63 61 56 85 79 38 94 65 28 14 50 93 41 57 
8  9  13 11 14 10 12 88 82 83 84 85 86 87 80 81 26 27 28 29 30 31 24 25 7  6  3  0  4  1  2  94 55 50 54 48 89 53 52 49 47 97 44 43 40 46 41 45 72 73 74 75 76 77 78 79 32 33 34 35 36 37 38 39 23 18 22 16 93 21 20 17 71 64 65 66 67 68 69 70 57 61 63 90 60 59 56 62 98 92 95 5  96 91 15 51 19 42 58 
10 88 9  14 12 15 11 13 86 81 85 87 98 84 83 80 24 28 30 91 27 26 31 29 5  2  1  3  7  0  94 6  50 48 51 55 49 89 54 53 46 40 97 45 44 41 47 42 92 78 77 74 72 75 79 73 37 36 33 39 34 38 32 95 17 21 23 93 20 19 16 22 69 65 67 96 64 71 68 66 63 58 62 56 90 61 60 57 82 76 35 4  70 25 8  52 18 43 59 
88 14 11 10 15 13 8  12 80 84 86 98 83 82 87 85 27 29 91 26 25 30 28 31 1  4  6  94 3  2  7  5  54 51 49 52 48 50 89 55 43 47 41 97 46 45 42 40 77 76 73 79 74 78 72 92 35 32 38 33 37 39 95 36 93 17 16 21 19 22 18 20 64 66 96 71 70 67 65 68 58 56 59 63 57 90 62 61 81 75 34 0  69 24 9  53 23 44 60 
15 13 88 12 11 8  14 9  98 80 87 84 82 85 81 83 31 30 27 25 28 24 26 91 4  94 0  1  5  3  6  2  48 55 52 50 53 49 51 89 41 44 40 42 97 47 46 43 76 79 75 77 92 74 73 78 38 34 36 95 33 32 37 35 22 19 17 20 16 18 93 23 68 67 64 70 65 69 71 96 62 59 57 60 56 58 90 63 86 72 39 7  66 29 10 54 21 45 61 
14 10 8  88 13 12 9  15 85 82 80 83 87 81 98 86 25 31 26 30 24 91 29 28 6  0  5  7  94 4  3  1  89 49 48 53 51 54 50 52 44 42 45 41 43 97 40 47 73 75 92 72 79 76 74 77 34 95 39 38 35 33 36 32 21 93 18 17 22 20 23 19 70 68 71 67 69 96 66 65 56 63 60 58 61 57 59 90 84 78 37 2  64 27 11 55 16 46 62 
11 8  15 9  88 14 13 10 84 98 81 80 85 83 86 82 91 24 31 28 26 29 25 27 94 1  7  4  2  5  0  3  53 89 50 49 54 52 55 51 40 45 43 46 42 44 97 41 79 77 72 76 78 92 75 74 36 39 35 37 95 34 33 38 18 16 19 23 17 93 22 21 96 69 68 65 71 66 70 64 90 57 56 61 59 62 58 60 87 73 32 6  67 30 12 48 20 47 63 
58 56 90 63 62 59 57 60 41 43 97 40 47 44 42 45 39 36 34 37 33 35 95 32 14 13 10 8  11 15 9  88 83 81 84 80 82 98 87 86 71 66 70 64 96 69 68 65 50 49 54 52 55 51 53 89 23 19 21 93 18 17 22 20 78 75 73 76 72 74 92 79 2  7  5  1  4  6  94 3  27 25 28 24 26 91 31 30 46 48 16 12 0  38 61 85 77 67 29 
63 58 61 56 60 62 90 59 97 46 45 42 40 43 47 41 38 95 35 34 39 37 32 36 88 15 14 11 9  12 8  10 98 82 81 86 84 87 83 85 96 65 64 69 67 70 66 68 89 51 50 55 53 48 52 54 18 20 93 17 16 21 19 22 75 76 77 78 79 72 73 74 0  94 6  5  2  1  3  7  24 27 31 25 91 30 29 26 44 49 23 13 4  33 57 80 92 71 28 
61 90 60 57 63 58 62 56 46 42 44 97 41 40 45 43 35 33 36 32 34 95 39 38 11 88 8  15 12 10 13 9  80 83 87 81 98 86 85 82 68 70 96 67 66 71 69 64 55 89 52 51 48 54 49 53 22 21 18 16 19 23 17 93 73 77 79 92 76 75 72 78 6  4  7  3  5  94 2  0  30 91 27 26 31 29 24 28 47 50 20 14 1  37 59 84 74 65 25 
56 63 57 58 59 60 61 62 45 44 41 47 42 46 40 97 33 32 37 35 38 34 36 95 10 12 88 9  8  13 11 14 87 84 82 85 81 83 98 80 67 68 69 70 71 64 65 66 54 48 89 53 52 49 55 50 16 22 17 21 23 93 20 19 76 78 92 75 74 79 77 72 4  3  1  6  0  5  7  94 25 24 29 27 30 26 28 91 43 51 18 15 2  39 90 86 73 96 31 
60 62 63 59 61 90 58 57 42 97 47 46 43 41 44 40 36 37 38 39 32 33 34 35 15 11 13 88 10 9  14 12 84 85 86 87 80 81 82 83 64 71 68 66 69 65 67 96 51 55 49 89 54 53 50 48 93 23 22 19 17 20 16 18 72 79 76 74 77 73 75 92 7  1  0  2  3  4  5  6  29 31 91 28 27 24 30 25 45 52 21 8  94 95 56 98 78 70 26 
62 59 58 60 90 57 56 61 40 41 42 43 44 45 46 47 32 35 39 33 95 38 37 34 13 8  12 14 88 11 10 15 82 86 80 98 85 84 81 87 70 67 65 68 64 66 96 71 49 52 48 50 89 55 54 51 21 16 20 22 93 19 18 23 74 72 75 79 73 92 78 77 3  6  2  4  94 0  1  5  31 28 26 29 25 27 91 24 97 53 17 9  7  36 63 83 76 69 30 
90 57 62 61 58 56 59 63 43 40 46 41 45 47 97 44 34 38 32 95 37 36 33 39 8  14 9  13 15 88 12 11 85 87 98 84 83 80 86 81 65 69 71 96 68 67 64 70 52 50 53 49 51 89 48 55 20 17 23 18 22 16 93 21 92 73 72 77 75 78 74 76 5  0  3  94 1  7  4  2  91 26 25 30 28 31 27 29 42 54 19 10 6  35 60 82 79 66 24 
59 60 56 62 57 61 63 90 47 45 40 44 46 97 43 42 95 34 33 38 36 39 35 37 12 9  15 10 14 8  88 13 81 80 85 83 86 82 84 98 69 96 66 65 70 68 71 67 48 53 51 54 50 52 89 49 17 18 19 20 21 22 23 16 79 74 78 72 92 77 76 73 94 5  4  0  7  2  6  1  28 29 30 31 24 25 26 27 41 55 93 11 3  32 58 87 75 64 91 
67 96 66 71 69 64 68 70 73 72 77 75 78 74 76 92 10 13 9  11 88 8  15 12 46 97 43 42 47 45 40 44 93 20 19 16 22 17 21 23 51 50 55 53 48 52 54 89 37 33 35 95 32 39 36 34 58 57 62 60 63 59 61 90 27 24 30 25 29 31 91 28 85 98 82 81 86 84 87 83 6  5  2  1  3  7  0  94 79 38 56 41 80 14 65 18 26 49 4  
66 68 69 65 67 96 64 71 72 75 79 73 92 78 77 74 9  14 12 15 11 13 88 10 42 46 40 97 45 44 41 47 18 21 17 19 93 16 23 20 89 52 51 48 54 49 53 55 95 37 36 33 39 34 38 32 90 59 58 63 61 56 60 62 91 30 29 26 24 27 31 25 82 80 83 87 81 98 86 85 7  3  5  94 2  0  6  4  76 35 57 43 84 8  70 22 28 50 1  
71 67 65 96 70 69 66 64 77 79 92 76 75 72 78 73 14 15 8  9  10 11 12 13 44 45 46 47 40 41 42 43 17 22 20 23 19 21 93 18 48 89 53 52 49 55 50 54 34 39 37 32 36 38 95 35 63 90 60 59 56 62 57 61 24 25 26 27 28 29 30 31 80 87 84 82 85 81 83 98 1  6  0  5  7  94 4  3  74 33 58 97 86 88 68 16 91 51 2  
69 64 67 70 66 68 96 65 75 73 76 72 74 92 79 78 12 8  10 88 15 14 11 9  97 42 41 46 44 47 43 45 22 23 16 17 18 19 20 21 55 49 89 54 53 50 48 51 33 95 38 37 34 32 35 39 62 56 90 61 60 57 63 58 31 29 24 28 30 91 27 26 83 84 85 86 87 80 81 82 0  2  3  4  5  6  7  1  77 36 59 40 98 13 71 93 25 52 94 
64 70 96 69 68 65 71 66 78 92 75 74 79 77 72 76 15 9  88 14 13 10 8  11 41 40 45 43 46 42 44 97 20 16 18 93 23 22 19 17 52 48 50 89 55 54 51 49 38 36 39 35 37 95 34 33 59 63 57 90 62 61 58 56 28 31 27 29 91 26 25 30 87 82 86 80 98 85 84 81 2  4  94 0  1  5  3  6  73 32 60 47 83 12 67 21 24 53 7  
68 65 64 66 96 71 70 67 74 78 72 92 77 76 73 79 11 10 15 13 8  12 14 88 40 43 47 41 97 46 45 42 23 17 93 22 21 18 16 19 50 53 49 51 89 48 55 52 36 35 32 38 33 37 39 95 57 60 56 58 90 63 62 59 26 91 31 30 27 25 28 24 81 85 87 98 84 83 80 86 3  94 1  7  4  2  5  0  75 34 61 44 82 9  69 20 29 54 6  
70 69 71 64 65 66 67 68 76 77 78 79 72 73 74 75 13 11 14 10 12 88 9  8  45 47 97 44 43 40 46 41 19 18 23 21 16 20 22 93 53 51 54 50 52 89 49 48 39 32 33 34 35 36 37 38 60 58 61 57 59 90 56 63 29 28 25 31 26 30 24 91 98 81 80 85 83 86 82 84 4  0  7  2  6  1  94 5  92 95 62 42 87 15 96 17 27 55 3  
96 71 68 67 64 70 65 69 92 74 73 78 76 79 75 77 88 12 11 8  14 9  13 15 43 41 44 40 42 97 47 46 21 19 22 18 20 93 17 16 49 54 52 55 51 53 89 50 35 38 34 36 95 33 32 37 56 61 59 62 58 60 90 57 25 27 91 24 31 28 26 29 86 83 81 84 80 82 98 87 5  1  4  6  94 3  2  7  72 39 63 45 85 10 66 23 30 48 0  
78 76 92 75 74 79 77 72 60 63 59 61 90 58 57 62 98 81 80 85 83 86 82 84 21 20 17 23 18 22 16 93 11 14 10 12 88 9  8  13 24 91 29 28 25 31 26 30 2  3  4  5  6  7  1  0  97 43 42 47 45 40 44 46 66 65 70 68 71 67 69 96 95 34 33 38 36 39 35 37 50 54 48 89 53 52 49 55 56 94 41 19 32 87 73 15 64 27 51 
79 72 76 74 77 73 75 92 90 62 61 58 56 59 63 57 82 80 83 87 81 98 86 85 19 16 22 17 21 23 93 20 14 12 15 11 13 88 10 9  31 25 91 30 29 26 24 27 94 1  7  4  2  5  0  3  40 45 43 46 42 44 97 41 96 67 66 71 69 64 68 70 35 33 36 32 34 95 39 38 48 51 55 49 89 54 53 50 60 6  47 18 37 84 78 8  65 28 52 
72 74 75 79 73 92 78 77 57 59 90 56 63 60 58 61 81 85 87 98 84 83 80 86 22 18 20 93 17 16 21 19 10 15 13 8  12 14 88 11 28 24 26 91 31 30 27 25 7  6  3  0  4  1  2  94 47 97 44 43 40 46 41 45 71 96 68 67 64 70 65 69 34 38 32 95 37 36 33 39 51 49 52 48 50 89 55 54 62 5  42 23 35 82 76 9  66 29 53 
73 92 72 77 75 78 74 76 56 57 58 59 60 61 62 63 86 83 81 84 80 82 98 87 18 93 23 22 19 17 20 16 12 11 8  14 9  13 15 88 26 29 25 27 91 24 31 28 6  0  5  7  94 4  3  1  44 42 45 41 43 97 40 47 70 64 96 69 68 65 71 66 39 36 34 37 33 35 95 32 55 52 50 53 49 51 89 48 90 2  46 21 38 85 79 10 67 30 54 
74 79 78 72 92 77 76 73 61 60 57 63 58 62 56 90 84 86 98 83 82 87 85 80 20 23 19 21 93 18 17 22 88 13 12 9  15 10 14 8  29 27 30 26 28 91 25 24 3  5  94 2  0  6  4  7  42 41 46 44 47 43 45 97 67 71 65 96 70 69 66 64 37 39 95 36 35 32 38 33 49 48 53 51 54 50 52 89 59 1  40 16 34 81 75 11 68 31 55 
75 78 73 76 72 74 92 79 59 56 62 57 61 63 90 60 87 82 86 80 98 85 84 81 93 22 21 18 16 19 23 17 9  88 14 13 10 8  11 15 25 30 28 31 27 29 91 26 0  7  2  6  1  94 5  4  45 46 47 40 41 42 43 44 65 68 64 66 96 71 70 67 32 35 39 33 95 38 37 34 89 50 49 54 52 55 51 53 58 3  97 20 36 83 77 12 69 24 48 
76 75 77 78 79 72 73 74 62 58 60 90 57 56 61 59 83 84 85 86 87 80 81 82 17 19 93 16 23 20 18 21 8  10 88 15 14 11 9  12 27 26 31 29 24 28 30 91 4  94 0  1  5  3  6  2  41 44 40 42 97 47 46 43 68 66 69 65 67 96 64 71 36 37 38 39 32 33 34 35 54 89 51 50 55 53 48 52 63 7  45 22 95 98 92 13 70 25 49 
77 73 79 92 76 75 72 78 58 90 63 62 59 57 60 56 85 98 82 81 86 84 87 83 16 17 18 19 20 21 22 23 13 9  11 88 8  15 12 10 91 28 27 24 30 25 29 31 1  4  6  94 3  2  7  5  43 47 41 97 46 45 42 40 64 69 67 70 66 68 96 65 38 95 35 34 39 37 32 36 53 55 89 52 51 48 54 49 61 0  44 93 33 80 74 14 71 26 50 
80 85 84 86 98 83 82 87 38 35 33 36 32 34 95 39 70 68 71 67 69 96 66 65 53 54 55 48 49 50 51 52 31 26 30 24 91 29 28 25 23 19 21 93 18 17 22 20 58 62 56 90 61 60 57 63 5  94 2  0  6  4  7  3  12 13 14 15 8  9  10 11 74 73 78 76 79 75 77 92 41 45 47 97 44 43 40 46 37 59 1  89 72 64 81 27 88 16 42 
98 83 80 87 84 82 85 81 36 38 95 35 34 39 37 32 65 96 70 69 66 64 67 71 54 48 89 53 52 49 55 50 91 25 24 29 27 30 26 28 21 16 20 22 93 19 18 23 62 90 59 58 63 61 56 60 2  1  3  7  0  94 6  5  9  8  13 11 14 10 12 88 92 75 74 79 77 72 76 78 40 47 44 42 45 41 43 97 33 57 4  51 73 68 86 31 15 17 46 
85 86 82 80 83 87 81 98 39 34 38 32 95 37 36 33 69 65 67 96 64 71 68 66 55 89 52 51 48 54 49 53 28 30 91 27 26 31 29 24 16 22 17 21 23 93 20 19 56 59 63 57 90 62 61 58 1  7  4  2  5  0  3  94 15 12 10 13 9  11 88 8  79 92 76 75 72 78 73 77 45 97 42 41 46 44 47 43 35 60 6  50 74 70 84 25 14 18 40 
84 82 98 81 80 85 83 86 35 36 37 38 39 32 33 34 71 64 65 66 67 68 69 70 48 53 51 54 50 52 89 49 27 28 29 30 31 24 25 26 20 17 23 18 22 16 93 21 90 58 57 62 60 63 59 61 3  4  5  6  7  1  0  2  10 14 8  88 13 12 9  15 78 72 92 77 76 73 79 74 43 44 45 46 47 40 41 42 95 56 94 55 75 96 87 91 11 19 97 
81 84 87 82 86 80 98 85 37 95 34 33 38 36 39 35 96 69 68 65 71 66 70 64 49 52 48 50 89 55 54 51 24 31 28 26 29 25 27 91 22 21 18 16 19 23 17 93 61 63 90 60 59 56 62 57 7  2  6  1  94 5  4  0  14 88 11 10 15 13 8  12 75 79 73 92 78 77 74 72 46 43 41 44 40 42 97 47 32 58 3  53 76 67 83 30 9  20 45 
87 98 86 83 81 84 80 82 95 33 32 37 35 38 34 36 68 67 64 70 65 69 71 96 50 49 54 52 55 51 53 89 30 27 25 28 24 26 91 31 93 23 22 19 17 20 16 18 60 61 62 63 56 57 58 59 0  5  7  94 4  3  1  6  8  11 15 9  88 14 13 10 73 76 72 74 92 79 78 75 42 40 43 47 41 97 46 45 39 90 2  48 77 66 85 29 12 21 44 
82 81 83 84 85 86 87 80 34 32 35 39 33 95 38 37 67 70 66 68 96 65 64 69 51 55 49 89 54 53 50 48 25 29 31 91 28 27 24 30 19 93 16 23 20 18 21 17 57 56 61 59 62 58 60 90 94 0  1  5  3  6  2  4  88 10 9  14 12 15 11 13 76 74 77 73 75 92 72 79 44 46 97 43 42 47 45 40 36 63 7  52 78 71 98 26 8  22 41 
86 80 81 85 87 98 84 83 33 37 39 95 36 35 32 38 64 66 96 71 70 67 65 68 52 50 53 49 51 89 48 55 29 91 26 25 30 28 31 27 18 20 93 17 16 21 19 22 63 60 58 61 57 59 90 56 6  3  0  4  1  2  94 7  13 15 88 12 11 8  14 9  72 77 75 78 74 76 92 73 97 41 40 45 43 46 42 44 34 62 5  54 79 69 82 24 10 23 47 
54 89 53 50 48 51 55 49 31 27 29 91 26 25 30 28 47 43 45 97 42 41 46 44 75 72 78 73 77 79 92 76 57 63 58 62 56 90 61 60 39 37 32 36 38 95 35 34 13 8  12 14 88 11 10 15 70 67 65 68 64 66 96 71 3  7  0  94 6  5  2  1  20 18 21 17 19 93 16 23 82 81 86 84 87 83 85 98 24 9  69 74 22 40 52 59 4  33 80 
52 53 49 55 50 54 48 89 24 30 25 29 31 91 28 27 41 42 43 44 45 46 47 40 77 76 73 79 74 78 72 92 62 57 61 63 90 60 59 56 35 32 38 33 37 39 95 36 88 15 14 11 9  12 8  10 96 65 64 69 67 70 66 68 0  4  1  2  94 7  6  3  93 19 18 23 21 16 20 22 98 83 82 87 85 80 84 86 26 13 71 75 17 97 51 58 5  34 81 
55 52 51 53 89 50 49 54 25 26 27 28 29 30 31 24 97 47 46 43 41 44 40 42 92 78 77 74 72 75 79 73 60 90 57 56 61 59 62 58 37 36 33 39 34 38 32 95 10 12 88 9  8  13 11 14 67 68 69 70 71 64 65 66 4  2  5  0  3  94 1  7  17 20 16 18 93 23 22 19 87 98 84 83 80 86 81 85 91 15 96 76 21 45 48 63 6  35 82 
51 49 89 48 55 52 50 53 26 28 91 25 24 29 27 30 46 45 42 40 43 47 41 97 74 92 79 78 75 73 76 72 63 62 59 57 60 56 58 90 95 38 37 34 32 35 39 33 9  10 11 12 13 14 15 8  66 64 67 71 65 96 70 69 1  5  3  6  2  4  94 0  16 21 19 22 18 20 93 17 86 80 98 85 84 81 87 82 31 88 68 77 23 44 54 61 7  36 83 
53 55 48 52 54 89 51 50 27 91 24 31 28 26 29 25 45 40 44 46 97 43 42 47 73 75 92 72 79 76 74 77 59 61 90 58 57 62 60 63 34 95 39 38 35 33 36 32 14 13 10 8  11 15 9  88 71 66 70 64 96 69 68 65 2  0  6  4  7  3  5  94 21 22 23 16 17 18 19 20 83 87 81 98 86 85 82 80 30 12 67 78 93 41 49 56 1  37 84 
89 50 55 54 51 49 52 48 28 25 31 26 30 24 91 29 42 44 97 41 40 45 43 46 78 74 76 92 73 72 77 75 61 58 56 59 63 57 90 62 33 35 95 32 39 36 34 37 12 9  15 10 14 8  88 13 69 96 66 65 70 68 71 67 94 3  2  7  5  1  4  6  19 23 17 93 22 21 18 16 81 84 80 82 98 87 86 83 27 11 64 79 20 47 53 60 0  38 85 
50 54 52 89 49 48 53 51 29 24 28 30 91 27 26 31 40 46 41 45 47 97 44 43 76 79 75 77 92 74 73 78 90 56 63 60 58 61 57 59 38 34 36 95 33 32 37 35 15 11 13 88 10 9  14 12 64 71 68 66 69 65 67 96 7  94 4  3  1  6  0  5  22 16 93 21 20 17 23 18 84 82 85 81 83 98 80 87 25 8  70 72 19 42 55 62 2  39 86 
49 48 50 51 52 53 54 55 30 29 26 24 27 31 25 91 43 97 40 47 44 42 45 41 79 77 72 76 78 92 75 74 58 59 60 61 62 63 56 57 36 39 35 37 95 34 33 38 11 88 8  15 12 10 13 9  68 70 96 67 66 71 69 64 6  1  94 5  4  0  7  2  18 17 22 20 23 19 21 93 80 85 83 86 82 84 98 81 28 14 65 73 16 46 89 90 3  32 87 
18 23 22 16 93 21 20 17 13 14 15 8  9  10 11 12 52 89 49 48 53 51 54 50 35 38 34 36 95 33 32 37 2  94 7  6  3  0  4  1  61 62 63 56 57 58 59 60 96 64 71 68 66 69 65 67 81 98 86 85 82 80 83 87 45 41 43 97 40 47 44 42 25 31 26 30 24 91 29 28 92 77 76 73 79 74 78 72 88 70 84 39 27 55 19 5  46 90 75 
57 61 59 90 56 63 60 58 44 47 43 45 97 42 41 46 37 39 95 36 35 32 38 33 9  10 11 12 13 14 15 8  86 98 83 82 87 85 80 84 66 64 67 71 65 96 70 69 53 54 55 48 49 50 51 52 19 93 16 23 20 18 21 17 77 92 74 73 78 76 79 75 1  2  94 7  6  3  0  4  26 30 24 91 29 28 25 31 40 89 22 88 5  34 62 81 72 68 27 
65 66 70 68 71 67 69 96 79 76 74 77 73 75 92 72 8  88 13 12 9  15 10 14 47 44 42 45 41 43 97 40 16 93 21 20 17 23 18 22 54 55 48 49 50 51 52 53 32 34 95 39 38 35 33 36 61 62 63 56 57 58 59 60 30 26 28 91 25 24 29 27 84 86 98 83 82 87 85 80 94 7  6  3  0  4  1  2  78 37 90 46 81 11 64 19 31 89 5  
95 36 33 32 37 35 38 34 7  0  94 6  5  2  1  3  74 73 78 76 79 75 77 92 29 30 31 24 25 26 27 28 96 70 69 66 64 67 71 65 12 88 9  8  13 11 14 10 42 46 40 97 45 44 41 47 89 52 51 48 54 49 53 55 82 84 98 81 80 85 83 86 57 58 59 60 61 62 63 56 22 20 23 19 21 93 18 17 4  43 50 91 90 72 39 68 87 15 16 
83 87 85 98 82 81 86 84 32 39 36 34 37 33 35 95 66 71 69 64 68 70 96 67 89 51 50 55 53 48 52 54 26 24 27 31 25 91 30 29 17 18 19 20 21 22 23 16 59 57 60 56 58 90 63 62 4  6  94 3  2  7  5  1  11 9  12 8  10 88 15 14 77 78 79 72 73 74 75 76 47 42 46 40 97 45 44 41 38 61 0  49 92 65 80 28 13 93 43 
30 91 29 26 24 27 31 25 96 68 67 64 70 65 69 71 21 22 23 16 17 18 19 20 90 58 57 62 60 63 59 61 41 47 42 46 40 97 45 44 3  4  5  6  7  1  0  2  84 80 82 98 87 86 83 81 74 76 92 73 72 77 75 78 55 53 48 52 54 89 51 50 10 13 9  11 88 8  15 12 35 34 39 37 32 36 38 95 66 85 79 56 14 93 28 43 49 94 33 
6  5  7  1  0  2  3  4  51 89 48 55 52 50 53 49 61 56 60 62 90 59 58 63 68 96 65 64 69 67 70 66 92 76 75 72 78 73 77 79 87 80 81 82 83 84 85 86 22 18 20 93 17 16 21 19 28 24 26 91 31 30 27 25 34 35 36 37 38 39 32 33 44 41 47 42 46 40 97 45 9  11 88 8  15 12 10 13 54 23 29 71 43 57 94 74 95 98 14 
45 97 44 41 47 42 46 40 17 16 21 19 22 18 20 93 0  94 6  5  2  1  3  7  86 87 80 81 82 83 84 85 37 38 39 32 33 34 35 36 73 74 75 76 77 78 79 72 25 28 24 26 91 31 30 27 14 9  13 15 88 12 11 8  62 60 63 59 61 90 58 57 54 49 53 55 89 52 51 48 69 64 68 70 96 67 66 71 23 29 10 98 50 4  43 95 56 92 65 
92 77 74 73 78 76 79 75 63 61 56 60 62 90 59 58 80 87 84 82 85 81 83 98 23 21 16 20 22 93 19 18 15 8  9  10 11 12 13 14 30 31 24 25 26 27 28 29 5  2  1  3  7  0  94 6  46 40 97 45 44 41 47 42 69 70 71 64 65 66 67 68 33 32 37 35 38 34 36 95 52 53 54 55 48 49 50 51 57 4  43 17 39 86 72 88 96 91 89 
13 12 14 15 8  9  10 11 83 85 98 82 81 86 84 87 28 91 25 24 29 27 30 26 0  7  2  6  1  94 5  4  51 52 53 54 55 48 49 50 45 46 47 40 41 42 43 44 75 72 78 73 77 79 92 76 39 37 32 36 38 95 35 34 20 22 93 19 18 23 21 16 65 96 70 69 66 64 67 71 59 60 61 62 63 56 57 58 80 74 33 3  68 31 88 89 17 97 90 
48 51 54 49 53 55 89 52 91 31 30 27 25 28 24 26 44 41 47 42 46 40 97 45 72 73 74 75 76 77 78 79 56 60 62 90 59 58 63 61 32 33 34 35 36 37 38 39 8  14 9  13 15 88 12 11 65 69 71 96 68 67 64 70 5  6  7  1  0  2  3  4  23 93 20 19 16 22 17 21 85 86 87 80 81 82 83 84 29 10 66 92 18 43 50 57 94 95 98 
