21 87 26 29 20 27 24 28 23 22 10 82 16 19 11 17 14 18 13 12 86 62 67 60 61 68 65 69 64 63 40 84 46 49 41 47 44 48 43 42 72 80 77 71 70 78 75 79 74 73 32 83 30 36 39 31 37 34 38 33 53 85 52 57 50 51 58 55 59 54 98 94 97 91 95 96 92 88 93 89 90 25 15 45 76 35 56 66 1  9  7  4  8  3  6  2  81 0  5
23 20 87 27 21 22 28 25 29 24 13 11 82 17 10 12 18 15 19 14 61 64 86 68 62 63 69 66 60 65 43 41 84 47 40 42 48 45 49 44 74 70 80 78 72 73 79 76 71 75 34 31 33 83 37 30 32 38 35 39 55 51 54 85 58 52 53 59 56 50 96 88 89 98 92 97 94 93 90 95 91 26 16 46 77 36 57 67 0  7  2  8  5  9  81 4  1  3  6
25 24 22 87 28 20 23 29 26 21 15 14 12 82 18 11 13 19 16 10 65 66 63 86 69 61 64 60 67 62 45 44 42 84 48 41 43 49 46 40 76 75 73 80 79 70 74 71 77 72 30 34 35 32 83 38 31 33 39 36 52 55 56 53 85 59 51 54 50 57 88 97 90 94 98 93 96 89 95 91 92 27 17 47 78 37 58 68 8  81 1  3  9  6  2  0  4  5  7
20 26 25 23 87 29 22 24 21 27 11 16 15 13 82 19 12 14 10 17 67 61 66 64 86 60 63 65 62 68 41 46 45 43 84 49 42 44 40 47 70 77 76 74 80 71 73 75 72 78 37 36 31 35 33 83 39 32 34 30 58 57 51 56 54 85 50 53 55 52 91 92 96 90 89 98 95 94 88 97 93 28 18 48 79 38 59 69 81 3  9  2  4  0  5  7  6  1  8
28 22 27 26 24 87 21 23 25 20 18 12 17 16 14 82 10 13 15 11 63 69 68 67 65 86 62 64 66 61 48 42 47 46 44 84 40 43 45 41 79 73 78 77 75 80 72 74 76 70 31 32 38 37 36 34 83 30 33 35 51 53 59 58 57 55 85 52 54 56 94 96 93 92 91 88 98 97 89 90 95 29 19 49 71 39 50 60 4  6  81 0  3  5  7  1  2  8  9
22 29 23 28 27 25 87 20 24 26 12 19 13 18 17 15 82 11 14 16 60 63 64 69 68 66 86 61 65 67 42 49 43 48 47 45 84 41 44 46 73 71 74 79 78 76 80 70 75 77 36 39 32 33 38 37 35 83 31 34 57 50 53 54 59 58 56 85 51 55 95 91 94 89 93 92 90 98 96 88 97 21 10 40 72 30 52 62 7  8  5  81 1  4  3  6  9  2  0
27 23 21 24 29 28 26 87 22 25 17 13 10 14 19 18 16 82 12 15 64 68 62 65 60 69 67 86 63 66 47 43 40 44 49 48 46 84 42 45 78 74 72 75 71 79 77 80 73 76 35 33 37 30 34 39 38 36 83 32 56 54 58 52 55 50 59 57 85 53 89 90 92 97 88 95 93 91 98 94 96 20 11 41 70 31 51 61 9  4  8  6  81 2  0  5  3  7  1
26 28 24 20 25 21 29 27 87 23 16 18 14 11 15 10 19 17 82 13 69 67 65 61 66 62 60 68 86 64 46 48 44 41 45 40 49 47 84 43 77 79 75 70 76 72 71 78 80 74 33 38 36 34 31 35 30 39 37 83 54 59 57 55 51 56 52 50 58 85 93 89 91 88 96 90 97 95 92 98 94 22 12 42 73 32 53 63 5  1  0  9  7  81 4  3  8  6  2
24 27 29 25 22 26 20 21 28 87 14 17 19 15 12 16 11 10 18 82 68 65 60 66 63 67 61 62 69 86 44 47 49 45 42 46 41 40 48 84 75 78 71 76 73 77 70 72 79 80 83 37 34 39 35 32 36 31 30 38 85 58 55 50 56 53 57 51 52 59 92 98 88 95 90 94 91 96 97 93 89 23 13 43 74 33 54 64 2  5  6  1  0  8  9  81 7  4  3
87 25 28 21 26 23 27 22 20 29 82 15 18 10 16 13 17 12 11 19 66 86 69 62 67 64 68 63 61 60 84 45 48 40 46 43 47 42 41 49 80 76 79 72 77 74 78 73 70 71 39 35 83 38 30 36 33 37 32 31 50 56 85 59 52 57 54 58 53 51 90 95 98 93 97 91 89 92 94 96 88 24 14 44 75 34 55 65 6  0  3  7  2  1  8  9  5  81 4
97 98 91 95 96 92 88 93 89 94 30 83 36 39 31 37 34 38 33 32 87 21 26 29 20 27 24 28 23 22 72 80 77 71 70 78 75 79 74 73 52 85 57 50 51 58 55 59 54 53 2  81 0  6  9  1  7  4  8  3  42 84 40 46 49 41 47 44 48 43 86 63 62 67 60 61 68 65 69 64 66 90 35 76 56 5  45 25 11 19 17 14 18 13 16 12 82 10 15
89 96 98 92 97 94 93 90 95 88 33 31 83 37 30 32 38 35 39 34 20 23 87 27 21 22 28 25 29 24 74 70 80 78 72 73 79 76 71 75 54 51 85 58 52 53 59 56 50 55 4  1  3  81 7  0  2  8  5  9  44 41 43 84 47 40 42 48 45 49 61 65 64 86 68 62 63 69 66 60 67 91 36 77 57 6  46 26 10 17 12 18 15 19 82 14 11 13 16
90 88 94 98 93 96 89 95 91 97 35 34 32 83 38 31 33 39 36 30 24 25 22 87 28 20 23 29 26 21 76 75 73 80 79 70 74 71 77 72 56 55 53 85 59 51 54 50 57 52 0  4  5  2  81 8  1  3  9  6  40 44 45 42 84 48 41 43 49 46 65 62 66 63 86 69 61 64 60 67 68 92 37 78 58 7  47 27 18 82 11 13 19 16 12 10 14 15 17
96 91 90 89 98 95 94 88 97 92 31 36 35 33 83 39 32 34 30 37 26 20 25 23 87 29 22 24 21 27 70 77 76 74 80 71 73 75 72 78 51 57 56 54 85 50 53 55 52 58 7  6  1  5  3  81 9  2  4  0  47 46 41 45 43 84 49 42 44 40 67 68 61 66 64 86 60 63 65 62 69 93 38 79 59 8  48 28 82 13 19 12 14 10 15 17 16 11 18
93 94 92 91 88 98 97 89 90 96 38 32 37 36 34 83 30 33 35 31 22 28 27 26 24 87 21 23 25 20 79 73 78 77 75 80 72 74 76 70 59 53 58 57 55 85 52 54 56 51 1  2  8  7  6  4  81 0  3  5  41 42 48 47 46 44 84 40 43 45 63 61 69 68 67 65 86 62 64 66 60 95 39 71 50 9  49 29 14 16 82 10 13 15 17 11 12 18 19
94 95 89 93 92 90 98 96 88 91 32 39 33 38 37 35 83 31 34 36 29 22 23 28 27 25 87 20 24 26 73 71 74 79 78 76 80 70 75 77 53 50 54 59 58 56 85 51 55 57 6  9  2  3  8  7  5  81 1  4  46 49 42 43 48 47 45 84 41 44 60 67 63 64 69 68 66 86 61 65 62 97 30 72 52 0  40 21 17 18 15 82 11 14 13 16 19 12 10
92 89 97 88 95 93 91 98 94 90 37 33 30 34 39 38 36 83 32 35 23 27 21 24 29 28 26 87 22 25 78 74 72 75 71 79 77 80 73 76 58 54 52 55 50 59 57 85 53 56 5  3  7  0  4  9  8  6  81 2  45 43 47 40 44 49 48 46 84 42 64 66 68 62 65 60 69 67 86 63 61 96 31 70 51 1  41 20 19 14 18 16 82 12 10 15 13 17 11
91 93 88 96 90 97 95 92 98 89 36 38 34 31 35 30 39 37 83 33 28 26 24 20 25 21 29 27 87 23 77 79 75 70 76 72 71 78 80 74 57 59 55 51 56 52 50 58 85 54 3  8  6  4  1  5  0  9  7  81 43 48 46 44 41 45 40 49 47 84 69 64 67 65 61 66 62 60 68 86 63 94 32 73 53 2  42 22 15 11 10 19 17 82 14 13 18 16 12
88 92 95 90 94 91 96 97 93 98 34 37 39 35 32 36 31 30 38 83 27 24 29 25 22 26 20 21 28 87 75 78 71 76 73 77 70 72 79 80 55 58 50 56 53 57 51 52 59 85 81 7  4  9  5  2  6  1  0  8  84 47 44 49 45 42 46 41 40 48 68 86 65 60 66 63 67 61 62 69 64 89 33 74 54 3  43 23 12 15 16 11 10 18 19 82 17 14 13
98 90 93 97 91 89 92 94 96 95 83 35 38 30 36 33 37 32 31 39 25 87 28 21 26 23 27 22 20 29 80 76 79 72 77 74 78 73 70 71 85 56 59 52 57 54 58 53 51 50 9  5  81 8  0  6  3  7  2  1  49 45 84 48 40 46 43 47 42 41 66 60 86 69 62 67 64 68 63 61 65 88 34 75 55 4  44 24 16 10 13 17 12 11 18 19 15 82 14
74 70 80 78 72 73 79 76 71 75 89 96 98 92 97 94 93 90 95 88 41 43 84 47 40 42 48 45 49 44 33 31 83 37 30 32 38 35 39 34 3  1  81 7  0  2  8  5  9  4  65 61 64 86 68 62 63 69 66 60 14 11 13 82 17 10 12 18 15 19 51 55 54 85 58 52 53 59 56 50 57 77 91 36 6  67 16 46 21 27 22 28 25 29 87 24 20 23 26
72 80 77 71 70 78 75 79 74 73 97 98 91 95 96 92 88 93 89 94 84 40 46 49 41 47 44 48 43 42 30 83 36 39 31 37 34 38 33 32 0  81 6  9  1  7  4  8  3  2  63 86 62 67 60 61 68 65 69 64 12 82 10 16 19 11 17 14 18 13 85 53 52 57 50 51 58 55 59 54 56 76 90 35 5  66 15 45 20 29 27 24 28 23 26 22 87 21 25
76 75 73 80 79 70 74 71 77 72 90 88 94 98 93 96 89 95 91 97 44 45 42 84 48 41 43 49 46 40 35 34 32 83 38 31 33 39 36 30 5  4  2  81 8  1  3  9  6  0  62 65 66 63 86 69 61 64 60 67 10 14 15 12 82 18 11 13 19 16 55 52 56 53 85 59 51 54 50 57 58 78 92 37 7  68 17 47 28 87 20 23 29 26 22 21 24 25 27
70 77 76 74 80 71 73 75 72 78 96 91 90 89 98 95 94 88 97 92 46 41 45 43 84 49 42 44 40 47 31 36 35 33 83 39 32 34 30 37 1  6  5  3  81 9  2  4  0  7  68 67 61 66 64 86 60 63 65 62 17 16 11 15 13 82 19 12 14 10 57 58 51 56 54 85 50 53 55 52 59 79 93 38 8  69 18 48 87 23 29 22 24 21 25 27 26 20 28
79 73 78 77 75 80 72 74 76 70 93 94 92 91 88 98 97 89 90 96 42 48 47 46 44 84 40 43 45 41 38 32 37 36 34 83 30 33 35 31 8  2  7  6  4  81 0  3  5  1  61 63 69 68 67 65 86 62 64 66 11 12 18 17 16 14 82 10 13 15 53 51 59 58 57 55 85 52 54 56 50 71 95 39 9  60 19 49 24 26 87 21 23 25 27 20 22 28 29
73 71 74 79 78 76 80 70 75 77 94 95 89 93 92 90 98 96 88 91 49 42 43 48 47 45 84 41 44 46 32 39 33 38 37 35 83 31 34 36 2  9  3  8  7  5  81 1  4  6  67 60 63 64 69 68 66 86 61 65 16 19 12 13 18 17 15 82 11 14 50 57 53 54 59 58 56 85 51 55 52 72 97 30 0  62 10 40 27 28 25 87 20 24 23 26 29 22 21
78 74 72 75 71 79 77 80 73 76 92 89 97 88 95 93 91 98 94 90 43 47 40 44 49 48 46 84 42 45 37 33 30 34 39 38 36 83 32 35 7  3  0  4  9  8  6  81 2  5  66 64 68 62 65 60 69 67 86 63 15 13 17 10 14 19 18 16 82 12 54 56 58 52 55 50 59 57 85 53 51 70 96 31 1  61 11 41 29 24 28 26 87 22 21 25 23 27 20
77 79 75 70 76 72 71 78 80 74 91 93 88 96 90 97 95 92 98 89 48 46 44 41 45 40 49 47 84 43 36 38 34 31 35 30 39 37 83 33 6  8  4  1  5  0  9  7  81 3  64 69 67 65 61 66 62 60 68 86 13 18 16 14 11 15 10 19 17 82 59 54 57 55 51 56 52 50 58 85 53 73 94 32 2  63 12 42 25 20 21 29 27 87 24 23 28 26 22
75 78 71 76 73 77 70 72 79 80 88 92 95 90 94 91 96 97 93 98 47 44 49 45 42 46 41 40 48 84 34 37 39 35 32 36 31 30 38 83 4  7  9  5  2  6  1  0  8  81 86 68 65 60 66 63 67 61 62 69 82 17 14 19 15 12 16 11 10 18 58 85 55 50 56 53 57 51 52 59 54 74 89 33 3  64 13 43 22 25 26 20 21 28 29 87 27 24 23
80 76 79 72 77 74 78 73 70 71 98 90 93 97 91 89 92 94 96 95 45 84 48 40 46 43 47 42 41 49 83 35 38 30 36 33 37 32 31 39 81 5  8  0  6  3  7  2  1  9  60 66 86 69 62 67 64 68 63 61 19 15 82 18 10 16 13 17 12 11 56 50 85 59 52 57 54 58 53 51 55 75 88 34 4  65 14 44 26 21 23 27 22 20 28 29 25 87 24
62 86 67 60 61 68 65 69 64 63 0  81 6  9  1  7  4  8  3  2  98 97 91 95 96 92 88 93 89 94 52 85 57 50 51 58 55 59 54 53 40 84 46 49 41 47 44 48 43 42 12 82 10 16 19 11 17 14 18 13 73 80 72 77 71 70 78 75 79 74 87 22 21 26 29 20 27 24 28 23 25 66 5  56 45 15 76 90 31 39 37 34 38 33 36 32 83 30 35
64 61 86 68 62 63 69 66 60 65 3  1  81 7  0  2  8  5  9  4  96 89 98 92 97 94 93 90 95 88 54 51 85 58 52 53 59 56 50 55 43 41 84 47 40 42 48 45 49 44 14 11 13 82 17 10 12 18 15 19 75 70 74 80 78 72 73 79 76 71 20 24 23 87 27 21 22 28 25 29 26 67 6  57 46 16 77 91 30 37 32 38 35 39 83 34 31 33 36
66 65 63 86 69 61 64 60 67 62 5  4  2  81 8  1  3  9  6  0  88 90 94 98 93 96 89 95 91 97 56 55 53 85 59 51 54 50 57 52 45 44 42 84 48 41 43 49 46 40 10 14 15 12 82 18 11 13 19 16 72 75 76 73 80 79 70 74 71 77 24 21 25 22 87 28 20 23 29 26 27 68 7  58 47 17 78 92 38 83 31 33 39 36 32 30 34 35 37
61 67 66 64 86 60 63 65 62 68 1  6  5  3  81 9  2  4  0  7  91 96 90 89 98 95 94 88 97 92 51 57 56 54 85 50 53 55 52 58 41 46 45 43 84 49 42 44 40 47 17 16 11 15 13 82 19 12 14 10 78 77 70 76 74 80 71 73 75 72 26 27 20 25 23 87 29 22 24 21 28 69 8  59 48 18 79 93 83 33 39 32 34 30 35 37 36 31 38
69 63 68 67 65 86 62 64 66 61 8  2  7  6  4  81 0  3  5  1  94 93 92 91 88 98 97 89 90 96 59 53 58 57 55 85 52 54 56 51 48 42 47 46 44 84 40 43 45 41 11 12 18 17 16 14 82 10 13 15 70 73 79 78 77 75 80 72 74 76 22 20 28 27 26 24 87 21 23 25 29 60 9  50 49 19 71 95 34 36 83 30 33 35 37 31 32 38 39
63 60 64 69 68 66 86 61 65 67 2  9  3  8  7  5  81 1  4  6  95 94 89 93 92 90 98 96 88 91 53 50 54 59 58 56 85 51 55 57 42 49 43 48 47 45 84 41 44 46 16 19 12 13 18 17 15 82 11 14 77 71 73 74 79 78 76 80 70 75 29 26 22 23 28 27 25 87 20 24 21 62 0  52 40 10 72 97 37 38 35 83 31 34 33 36 39 32 30
68 64 62 65 60 69 67 86 63 66 7  3  0  4  9  8  6  81 2  5  89 92 97 88 95 93 91 98 94 90 58 54 52 55 50 59 57 85 53 56 47 43 40 44 49 48 46 84 42 45 15 13 17 10 14 19 18 16 82 12 76 74 78 72 75 71 79 77 80 73 23 25 27 21 24 29 28 26 87 22 20 61 1  51 41 11 70 96 39 34 38 36 83 32 30 35 33 37 31
67 69 65 61 66 62 60 68 86 64 6  8  4  1  5  0  9  7  81 3  93 91 88 96 90 97 95 92 98 89 57 59 55 51 56 52 50 58 85 54 46 48 44 41 45 40 49 47 84 43 13 18 16 14 11 15 10 19 17 82 74 79 77 75 70 76 72 71 78 80 28 23 26 24 20 25 21 29 27 87 22 63 2  53 42 12 73 94 35 31 30 39 37 83 34 33 38 36 32
65 68 60 66 63 67 61 62 69 86 4  7  9  5  2  6  1  0  8  81 92 88 95 90 94 91 96 97 93 98 55 58 50 56 53 57 51 52 59 85 44 47 49 45 42 46 41 40 48 84 82 17 14 19 15 12 16 11 10 18 80 78 75 71 76 73 77 70 72 79 27 87 24 29 25 22 26 20 21 28 23 64 3  54 43 13 74 89 32 35 36 31 30 38 39 83 37 34 33
86 66 69 62 67 64 68 63 61 60 81 5  8  0  6  3  7  2  1  9  90 98 93 97 91 89 92 94 96 95 85 56 59 52 57 54 58 53 51 50 84 45 48 40 46 43 47 42 41 49 19 15 82 18 10 16 13 17 12 11 71 76 80 79 72 77 74 78 73 70 25 29 87 28 21 26 23 27 22 20 24 65 4  55 44 14 75 88 36 30 33 37 32 31 38 39 35 83 34
30 83 36 39 31 37 34 38 33 32 72 80 77 71 70 78 75 79 74 73 82 10 16 19 11 17 14 18 13 12 97 98 91 95 96 92 88 93 89 94 62 86 67 60 61 68 65 69 64 63 53 85 52 57 50 51 58 55 59 54 22 87 21 26 29 20 27 24 28 23 81 2  0  6  9  1  7  4  8  3  5  35 76 90 66 56 25 15 41 49 47 44 48 43 46 42 84 40 45
33 31 83 37 30 32 38 35 39 34 74 70 80 78 72 73 79 76 71 75 11 13 82 17 10 12 18 15 19 14 89 96 98 92 97 94 93 90 95 88 64 61 86 68 62 63 69 66 60 65 55 51 54 85 58 52 53 59 56 50 24 20 23 87 27 21 22 28 25 29 1  4  3  81 7  0  2  8  5  9  6  36 77 91 67 57 26 16 40 47 42 48 45 49 84 44 41 43 46
35 34 32 83 38 31 33 39 36 30 76 75 73 80 79 70 74 71 77 72 14 15 12 82 18 11 13 19 16 10 90 88 94 98 93 96 89 95 91 97 66 65 63 86 69 61 64 60 67 62 52 55 56 53 85 59 51 54 50 57 21 24 25 22 87 28 20 23 29 26 4  0  5  2  81 8  1  3  9  6  7  37 78 92 68 58 27 17 48 84 41 43 49 46 42 40 44 45 47
31 36 35 33 83 39 32 34 30 37 70 77 76 74 80 71 73 75 72 78 16 11 15 13 82 19 12 14 10 17 96 91 90 89 98 95 94 88 97 92 61 67 66 64 86 60 63 65 62 68 58 57 51 56 54 85 50 53 55 52 27 26 20 25 23 87 29 22 24 21 6  7  1  5  3  81 9  2  4  0  8  38 79 93 69 59 28 18 84 43 49 42 44 40 45 47 46 41 48
38 32 37 36 34 83 30 33 35 31 79 73 78 77 75 80 72 74 76 70 12 18 17 16 14 82 10 13 15 11 93 94 92 91 88 98 97 89 90 96 69 63 68 67 65 86 62 64 66 61 51 53 59 58 57 55 85 52 54 56 20 22 28 27 26 24 87 21 23 25 2  1  8  7  6  4  81 0  3  5  9  39 71 95 60 50 29 19 44 46 84 40 43 45 47 41 42 48 49
32 39 33 38 37 35 83 31 34 36 73 71 74 79 78 76 80 70 75 77 19 12 13 18 17 15 82 11 14 16 94 95 89 93 92 90 98 96 88 91 63 60 64 69 68 66 86 61 65 67 57 50 53 54 59 58 56 85 51 55 26 29 22 23 28 27 25 87 20 24 9  6  2  3  8  7  5  81 1  4  0  30 72 97 62 52 21 10 47 48 45 84 41 44 43 46 49 42 40
37 33 30 34 39 38 36 83 32 35 78 74 72 75 71 79 77 80 73 76 13 17 10 14 19 18 16 82 12 15 92 89 97 88 95 93 91 98 94 90 68 64 62 65 60 69 67 86 63 66 56 54 58 52 55 50 59 57 85 53 25 23 27 21 24 29 28 26 87 22 3  5  7  0  4  9  8  6  81 2  1  31 70 96 61 51 20 11 49 44 48 46 84 42 40 45 43 47 41
36 38 34 31 35 30 39 37 83 33 77 79 75 70 76 72 71 78 80 74 18 16 14 11 15 10 19 17 82 13 91 93 88 96 90 97 95 92 98 89 67 69 65 61 66 62 60 68 86 64 54 59 57 55 51 56 52 50 58 85 23 28 26 24 20 25 21 29 27 87 8  3  6  4  1  5  0  9  7  81 2  32 73 94 63 53 22 12 45 41 40 49 47 84 44 43 48 46 42
34 37 39 35 32 36 31 30 38 83 75 78 71 76 73 77 70 72 79 80 17 14 19 15 12 16 11 10 18 82 88 92 95 90 94 91 96 97 93 98 65 68 60 66 63 67 61 62 69 86 85 58 55 50 56 53 57 51 52 59 87 27 24 29 25 22 26 20 21 28 7  81 4  9  5  2  6  1  0  8  3  33 74 89 64 54 23 13 42 45 46 41 40 48 49 84 47 44 43
83 35 38 30 36 33 37 32 31 39 80 76 79 72 77 74 78 73 70 71 15 82 18 10 16 13 17 12 11 19 98 90 93 97 91 89 92 94 96 95 86 66 69 62 67 64 68 63 61 60 50 56 85 59 52 57 54 58 53 51 29 25 87 28 21 26 23 27 22 20 5  9  81 8  0  6  3  7  2  1  4  34 75 88 65 55 24 14 46 40 43 47 42 41 48 49 45 84 44
82 15 18 10 16 13 17 12 11 19 84 45 48 40 46 43 47 42 41 49 5  81 8  0  6  3  7  2  1  9  87 25 28 21 26 23 27 22 20 29 98 90 93 97 91 89 92 94 96 95 71 76 80 79 72 77 74 78 73 70 60 66 86 69 62 67 64 68 63 61 35 39 83 38 30 36 33 37 32 31 34 14 44 24 88 75 65 4  57 52 54 58 53 51 59 50 56 85 55
13 11 82 17 10 12 18 15 19 14 43 41 84 47 40 42 48 45 49 44 1  3  81 7  0  2  8  5  9  4  23 20 87 27 21 22 28 25 29 24 89 96 98 92 97 94 93 90 95 88 75 70 74 80 78 72 73 79 76 71 65 61 64 86 68 62 63 69 66 60 31 34 33 83 37 30 32 38 35 39 36 16 46 26 91 77 67 6  52 58 53 59 56 50 85 55 51 54 57
10 82 16 19 11 17 14 18 13 12 40 84 46 49 41 47 44 48 43 42 81 0  6  9  1  7  4  8  3  2  21 87 26 29 20 27 24 28 23 22 97 98 91 95 96 92 88 93 89 94 73 80 72 77 71 70 78 75 79 74 63 86 62 67 60 61 68 65 69 64 83 32 30 36 39 31 37 34 38 33 35 15 45 25 90 76 66 5  51 50 58 55 59 54 57 53 85 52 56
15 14 12 82 18 11 13 19 16 10 45 44 42 84 48 41 43 49 46 40 4  5  2  81 8  1  3  9  6  0  25 24 22 87 28 20 23 29 26 21 90 88 94 98 93 96 89 95 91 97 72 75 76 73 80 79 70 74 71 77 62 65 66 63 86 69 61 64 60 67 34 30 35 32 83 38 31 33 39 36 37 17 47 27 92 78 68 7  59 85 51 54 50 57 53 52 55 56 58
11 16 15 13 82 19 12 14 10 17 41 46 45 43 84 49 42 44 40 47 6  1  5  3  81 9  2  4  0  7  20 26 25 23 87 29 22 24 21 27 96 91 90 89 98 95 94 88 97 92 78 77 70 76 74 80 71 73 75 72 68 67 61 66 64 86 60 63 65 62 36 37 31 35 33 83 39 32 34 30 38 18 48 28 93 79 69 8  85 54 50 53 55 52 56 58 57 51 59
18 12 17 16 14 82 10 13 15 11 48 42 47 46 44 84 40 43 45 41 2  8  7  6  4  81 0  3  5  1  28 22 27 26 24 87 21 23 25 20 93 94 92 91 88 98 97 89 90 96 70 73 79 78 77 75 80 72 74 76 61 63 69 68 67 65 86 62 64 66 32 31 38 37 36 34 83 30 33 35 39 19 49 29 95 71 60 9  55 57 85 52 54 56 58 51 53 59 50
12 19 13 18 17 15 82 11 14 16 42 49 43 48 47 45 84 41 44 46 9  2  3  8  7  5  81 1  4  6  22 29 23 28 27 25 87 20 24 26 94 95 89 93 92 90 98 96 88 91 77 71 73 74 79 78 76 80 70 75 67 60 63 64 69 68 66 86 61 65 39 36 32 33 38 37 35 83 31 34 30 10 40 21 97 72 62 0  58 59 56 85 51 55 54 57 50 53 52
17 13 10 14 19 18 16 82 12 15 47 43 40 44 49 48 46 84 42 45 3  7  0  4  9  8  6  81 2  5  27 23 21 24 29 28 26 87 22 25 92 89 97 88 95 93 91 98 94 90 76 74 78 72 75 71 79 77 80 73 66 64 68 62 65 60 69 67 86 63 33 35 37 30 34 39 38 36 83 32 31 11 41 20 96 70 61 1  50 55 59 57 85 53 52 56 54 58 51
16 18 14 11 15 10 19 17 82 13 46 48 44 41 45 40 49 47 84 43 8  6  4  1  5  0  9  7  81 3  26 28 24 20 25 21 29 27 87 23 91 93 88 96 90 97 95 92 98 89 74 79 77 75 70 76 72 71 78 80 64 69 67 65 61 66 62 60 68 86 38 33 36 34 31 35 30 39 37 83 32 12 42 22 94 73 63 2  56 51 52 50 58 85 55 54 59 57 53
14 17 19 15 12 16 11 10 18 82 44 47 49 45 42 46 41 40 48 84 7  4  9  5  2  6  1  0  8  81 24 27 29 25 22 26 20 21 28 87 88 92 95 90 94 91 96 97 93 98 80 78 75 71 76 73 77 70 72 79 86 68 65 60 66 63 67 61 62 69 37 83 34 39 35 32 36 31 30 38 33 13 43 23 89 74 64 3  53 56 57 51 52 59 50 85 58 55 54
84 45 48 40 46 43 47 42 41 49 87 25 28 21 26 23 27 22 20 29 56 85 59 52 57 54 58 53 51 50 82 15 18 10 16 13 17 12 11 19 83 35 38 30 36 33 37 32 31 39 95 90 98 93 97 91 89 92 94 96 9  5  81 8  0  6  3  7  2  1  76 71 80 79 72 77 74 78 73 70 75 44 24 14 34 88 4  55 67 62 64 68 63 61 69 60 66 86 65
43 41 84 47 40 42 48 45 49 44 23 20 87 27 21 22 28 25 29 24 51 54 85 58 52 53 59 56 50 55 13 11 82 17 10 12 18 15 19 14 33 31 83 37 30 32 38 35 39 34 88 96 89 98 92 97 94 93 90 95 4  1  3  81 7  0  2  8  5  9  70 75 74 80 78 72 73 79 76 71 77 46 26 16 36 91 6  57 62 68 63 69 66 60 86 65 61 64 67
40 84 46 49 41 47 44 48 43 42 21 87 26 29 20 27 24 28 23 22 85 52 57 50 51 58 55 59 54 53 10 82 16 19 11 17 14 18 13 12 30 83 36 39 31 37 34 38 33 32 94 98 97 91 95 96 92 88 93 89 2  81 0  6  9  1  7  4  8  3  80 73 72 77 71 70 78 75 79 74 76 45 25 15 35 90 5  56 61 60 68 65 69 64 67 63 86 62 66
45 44 42 84 48 41 43 49 46 40 25 24 22 87 28 20 23 29 26 21 55 56 53 85 59 51 54 50 57 52 15 14 12 82 18 11 13 19 16 10 35 34 32 83 38 31 33 39 36 30 97 88 90 94 98 93 96 89 95 91 0  4  5  2  81 8  1  3  9  6  75 72 76 73 80 79 70 74 71 77 78 47 27 17 37 92 7  58 69 86 61 64 60 67 63 62 65 66 68
41 46 45 43 84 49 42 44 40 47 20 26 25 23 87 29 22 24 21 27 57 51 56 54 85 50 53 55 52 58 11 16 15 13 82 19 12 14 10 17 31 36 35 33 83 39 32 34 30 37 92 91 96 90 89 98 95 94 88 97 7  6  1  5  3  81 9  2  4  0  77 78 70 76 74 80 71 73 75 72 79 48 28 18 38 93 8  59 86 64 60 63 65 62 66 68 67 61 69
48 42 47 46 44 84 40 43 45 41 28 22 27 26 24 87 21 23 25 20 53 59 58 57 55 85 52 54 56 51 18 12 17 16 14 82 10 13 15 11 38 32 37 36 34 83 30 33 35 31 96 94 93 92 91 88 98 97 89 90 1  2  8  7  6  4  81 0  3  5  73 70 79 78 77 75 80 72 74 76 71 49 29 19 39 95 9  50 65 67 86 62 64 66 68 61 63 69 60
42 49 43 48 47 45 84 41 44 46 22 29 23 28 27 25 87 20 24 26 50 53 54 59 58 56 85 51 55 57 12 19 13 18 17 15 82 11 14 16 32 39 33 38 37 35 83 31 34 36 91 95 94 89 93 92 90 98 96 88 6  9  2  3  8  7  5  81 1  4  71 77 73 74 79 78 76 80 70 75 72 40 21 10 30 97 0  52 68 69 66 86 61 65 64 67 60 63 62
47 43 40 44 49 48 46 84 42 45 27 23 21 24 29 28 26 87 22 25 54 58 52 55 50 59 57 85 53 56 17 13 10 14 19 18 16 82 12 15 37 33 30 34 39 38 36 83 32 35 90 89 92 97 88 95 93 91 98 94 5  3  7  0  4  9  8  6  81 2  74 76 78 72 75 71 79 77 80 73 70 41 20 11 31 96 1  51 60 65 69 67 86 63 62 66 64 68 61
46 48 44 41 45 40 49 47 84 43 26 28 24 20 25 21 29 27 87 23 59 57 55 51 56 52 50 58 85 54 16 18 14 11 15 10 19 17 82 13 36 38 34 31 35 30 39 37 83 33 89 93 91 88 96 90 97 95 92 98 3  8  6  4  1  5  0  9  7  81 79 74 77 75 70 76 72 71 78 80 73 42 22 12 32 94 2  53 66 61 62 60 68 86 65 64 69 67 63
44 47 49 45 42 46 41 40 48 84 24 27 29 25 22 26 20 21 28 87 58 55 50 56 53 57 51 52 59 85 14 17 19 15 12 16 11 10 18 82 34 37 39 35 32 36 31 30 38 83 98 92 88 95 90 94 91 96 97 93 81 7  4  9  5  2  6  1  0  8  78 80 75 71 76 73 77 70 72 79 74 43 23 13 33 89 3  54 63 66 67 61 62 69 60 86 68 65 64
3  1  81 7  0  2  8  5  9  4  54 51 85 58 52 53 59 56 50 55 31 33 83 37 30 32 38 35 39 34 64 61 86 68 62 63 69 66 60 65 23 20 87 27 21 22 28 25 29 24 44 41 43 84 47 40 42 48 45 49 88 96 89 98 92 97 94 93 90 95 11 14 13 82 17 10 12 18 15 19 16 6  57 67 26 46 91 36 72 78 73 79 76 71 80 75 70 74 77
81 5  8  0  6  3  7  2  1  9  85 56 59 52 57 54 58 53 51 50 35 83 38 30 36 33 37 32 31 39 86 66 69 62 67 64 68 63 61 60 87 25 28 21 26 23 27 22 20 29 49 45 84 48 40 46 43 47 42 41 95 90 98 93 97 91 89 92 94 96 15 19 82 18 10 16 13 17 12 11 14 4  55 65 24 44 88 34 77 72 74 78 73 70 79 71 76 80 75
0  81 6  9  1  7  4  8  3  2  52 85 57 50 51 58 55 59 54 53 83 30 36 39 31 37 34 38 33 32 62 86 67 60 61 68 65 69 64 63 21 87 26 29 20 27 24 28 23 22 42 84 40 46 49 41 47 44 48 43 94 98 97 91 95 96 92 88 93 89 82 12 10 16 19 11 17 14 18 13 15 5  56 66 25 45 90 35 70 71 78 75 79 74 77 73 80 72 76
5  4  2  81 8  1  3  9  6  0  56 55 53 85 59 51 54 50 57 52 34 35 32 83 38 31 33 39 36 30 66 65 63 86 69 61 64 60 67 62 25 24 22 87 28 20 23 29 26 21 40 44 45 42 84 48 41 43 49 46 97 88 90 94 98 93 96 89 95 91 14 10 15 12 82 18 11 13 19 16 17 7  58 68 27 47 92 37 79 80 70 74 71 77 73 72 75 76 78
1  6  5  3  81 9  2  4  0  7  51 57 56 54 85 50 53 55 52 58 36 31 35 33 83 39 32 34 30 37 61 67 66 64 86 60 63 65 62 68 20 26 25 23 87 29 22 24 21 27 47 46 41 45 43 84 49 42 44 40 92 91 96 90 89 98 95 94 88 97 16 17 11 15 13 82 19 12 14 10 18 8  59 69 28 48 93 38 80 74 71 73 75 72 76 78 77 70 79
8  2  7  6  4  81 0  3  5  1  59 53 58 57 55 85 52 54 56 51 32 38 37 36 34 83 30 33 35 31 69 63 68 67 65 86 62 64 66 61 28 22 27 26 24 87 21 23 25 20 41 42 48 47 46 44 84 40 43 45 96 94 93 92 91 88 98 97 89 90 12 11 18 17 16 14 82 10 13 15 19 9  50 60 29 49 95 39 75 77 80 72 74 76 78 70 73 79 71
2  9  3  8  7  5  81 1  4  6  53 50 54 59 58 56 85 51 55 57 39 32 33 38 37 35 83 31 34 36 63 60 64 69 68 66 86 61 65 67 22 29 23 28 27 25 87 20 24 26 46 49 42 43 48 47 45 84 41 44 91 95 94 89 93 92 90 98 96 88 19 16 12 13 18 17 15 82 11 14 10 0  52 62 21 40 97 30 78 79 76 80 70 75 74 77 71 73 72
7  3  0  4  9  8  6  81 2  5  58 54 52 55 50 59 57 85 53 56 33 37 30 34 39 38 36 83 32 35 68 64 62 65 60 69 67 86 63 66 27 23 21 24 29 28 26 87 22 25 45 43 47 40 44 49 48 46 84 42 90 89 92 97 88 95 93 91 98 94 13 15 17 10 14 19 18 16 82 12 11 1  51 61 20 41 96 31 71 75 79 77 80 73 72 76 74 78 70
6  8  4  1  5  0  9  7  81 3  57 59 55 51 56 52 50 58 85 54 38 36 34 31 35 30 39 37 83 33 67 69 65 61 66 62 60 68 86 64 26 28 24 20 25 21 29 27 87 23 43 48 46 44 41 45 40 49 47 84 89 93 91 88 96 90 97 95 92 98 18 13 16 14 11 15 10 19 17 82 12 2  53 63 22 42 94 32 76 70 72 71 78 80 75 74 79 77 73
4  7  9  5  2  6  1  0  8  81 55 58 50 56 53 57 51 52 59 85 37 34 39 35 32 36 31 30 38 83 65 68 60 66 63 67 61 62 69 86 24 27 29 25 22 26 20 21 28 87 84 47 44 49 45 42 46 41 40 48 98 92 88 95 90 94 91 96 97 93 17 82 14 19 15 12 16 11 10 18 13 3  54 64 23 43 89 33 73 76 77 70 72 79 71 80 78 75 74
9  0  1  2  3  4  5  6  7  8  50 52 51 53 54 55 56 57 58 59 30 39 31 32 33 34 35 36 37 38 60 62 61 63 64 65 66 67 68 69 29 21 20 22 23 24 25 26 27 28 48 40 49 41 42 43 44 45 46 47 93 97 95 96 94 89 88 90 91 92 10 18 19 11 12 13 14 15 16 17 82 81 85 86 87 84 98 83 74 73 75 76 77 78 70 79 72 71 80
29 21 20 22 23 24 25 26 27 28 19 10 11 12 13 14 15 16 17 18 62 60 61 63 64 65 66 67 68 69 49 40 41 42 43 44 45 46 47 48 71 72 70 73 74 75 76 77 78 79 38 30 39 31 32 33 34 35 36 37 59 52 50 51 53 54 55 56 57 58 97 93 95 96 94 89 88 90 91 92 98 87 82 84 80 83 85 86 3  2  4  5  6  7  1  8  0  9  81
95 97 96 94 89 88 90 91 92 93 39 30 31 32 33 34 35 36 37 38 21 29 20 22 23 24 25 26 27 28 71 72 70 73 74 75 76 77 78 79 50 52 51 53 54 55 56 57 58 59 8  0  9  1  2  3  4  5  6  7  48 40 49 41 42 43 44 45 46 47 62 69 60 61 63 64 65 66 67 68 86 98 83 80 85 81 84 87 13 12 14 15 16 17 11 18 10 19 82
60 62 61 63 64 65 66 67 68 69 9  0  1  2  3  4  5  6  7  8  97 95 96 94 89 88 90 91 92 93 50 52 51 53 54 55 56 57 58 59 49 40 41 42 43 44 45 46 47 48 18 10 19 11 12 13 14 15 16 17 79 72 71 70 73 74 75 76 77 78 21 28 29 20 22 23 24 25 26 27 87 86 81 85 84 82 80 98 33 32 34 35 36 37 31 38 30 39 83
39 30 31 32 33 34 35 36 37 38 71 72 70 73 74 75 76 77 78 79 10 19 11 12 13 14 15 16 17 18 95 97 96 94 89 88 90 91 92 93 60 62 61 63 64 65 66 67 68 69 59 52 50 51 53 54 55 56 57 58 28 21 29 20 22 23 24 25 26 27 0  8  9  1  2  3  4  5  6  7  81 83 80 98 86 85 87 82 43 42 44 45 46 47 41 48 40 49 84
19 10 11 12 13 14 15 16 17 18 49 40 41 42 43 44 45 46 47 48 0  9  1  2  3  4  5  6  7  8  29 21 20 22 23 24 25 26 27 28 95 97 96 94 89 88 90 91 92 93 79 72 71 70 73 74 75 76 77 78 69 62 60 61 63 64 65 66 67 68 30 38 39 31 32 33 34 35 36 37 83 82 84 87 98 80 86 81 54 53 55 56 57 58 51 59 52 50 85
49 40 41 42 43 44 45 46 47 48 29 21 20 22 23 24 25 26 27 28 52 50 51 53 54 55 56 57 58 59 19 10 11 12 13 14 15 16 17 18 39 30 31 32 33 34 35 36 37 38 93 97 95 96 94 89 88 90 91 92 8  0  9  1  2  3  4  5  6  7  72 79 71 70 73 74 75 76 77 78 80 84 87 82 83 98 81 85 64 63 65 66 67 68 61 69 62 60 86
71 72 70 73 74 75 76 77 78 79 95 97 96 94 89 88 90 91 92 93 40 49 41 42 43 44 45 46 47 48 39 30 31 32 33 34 35 36 37 38 9  0  1  2  3  4  5  6  7  8  69 62 60 61 63 64 65 66 67 68 18 10 19 11 12 13 14 15 16 17 52 59 50 51 53 54 55 56 57 58 85 80 98 83 81 86 82 84 23 22 24 25 26 27 20 28 21 29 87
59 53 58 57 55 85 52 54 56 51 69 63 68 67 65 86 62 64 66 61 73 79 78 77 75 80 72 74 76 70 8  2  7  6  4  81 0  3  5  1  18 12 17 16 14 82 10 13 15 11 20 22 28 27 26 24 87 21 23 25 31 32 38 37 36 34 83 30 33 35 42 41 48 47 46 44 84 40 43 45 49 50 60 9  19 29 39 71 88 91 98 97 89 90 92 96 94 93 95
51 57 56 54 85 50 53 55 52 58 61 67 66 64 86 60 63 65 62 68 77 70 76 74 80 71 73 75 72 78 1  6  5  3  81 9  2  4  0  7  11 16 15 13 82 19 12 14 10 17 27 26 20 25 23 87 29 22 24 21 37 36 31 35 33 83 39 32 34 30 46 47 41 45 43 84 49 42 44 40 48 59 69 8  18 28 38 79 98 89 95 94 88 97 90 92 91 96 93
53 50 54 59 58 56 85 51 55 57 63 60 64 69 68 66 86 61 65 67 71 73 74 79 78 76 80 70 75 77 2  9  3  8  7  5  81 1  4  6  12 19 13 18 17 15 82 11 14 16 26 29 22 23 28 27 25 87 20 24 36 39 32 33 38 37 35 83 31 34 49 46 42 43 48 47 45 84 41 44 40 52 62 0  10 21 30 72 92 93 90 98 96 88 89 91 95 94 97
58 54 52 55 50 59 57 85 53 56 68 64 62 65 60 69 67 86 63 66 74 78 72 75 71 79 77 80 73 76 7  3  0  4  9  8  6  81 2  5  17 13 10 14 19 18 16 82 12 15 25 23 27 21 24 29 28 26 87 22 35 33 37 30 34 39 38 36 83 32 43 45 47 40 44 49 48 46 84 42 41 51 61 1  11 20 31 70 95 88 93 91 98 94 97 90 89 92 96
57 59 55 51 56 52 50 58 85 54 67 69 65 61 66 62 60 68 86 64 79 77 75 70 76 72 71 78 80 74 6  8  4  1  5  0  9  7  81 3  16 18 14 11 15 10 19 17 82 13 23 28 26 24 20 25 21 29 27 87 33 38 36 34 31 35 30 39 37 83 48 43 46 44 41 45 40 49 47 84 42 53 63 2  12 22 32 73 90 96 97 95 92 98 88 89 93 91 94
55 58 50 56 53 57 51 52 59 85 65 68 60 66 63 67 61 62 69 86 78 75 71 76 73 77 70 72 79 80 4  7  9  5  2  6  1  0  8  81 14 17 19 15 12 16 11 10 18 82 87 27 24 29 25 22 26 20 21 28 83 37 34 39 35 32 36 31 30 38 47 84 44 49 45 42 46 41 40 48 43 54 64 3  13 23 33 74 94 90 91 96 97 93 95 98 92 88 89
56 55 53 85 59 51 54 50 57 52 66 65 63 86 69 61 64 60 67 62 75 76 73 80 79 70 74 71 77 72 5  4  2  81 8  1  3  9  6  0  15 14 12 82 18 11 13 19 16 10 21 24 25 22 87 28 20 23 29 26 30 34 35 32 83 38 31 33 39 36 44 40 45 42 84 48 41 43 49 46 47 58 68 7  17 27 37 78 93 98 96 89 95 91 94 97 88 90 92
85 56 59 52 57 54 58 53 51 50 86 66 69 62 67 64 68 63 61 60 76 80 79 72 77 74 78 73 70 71 81 5  8  0  6  3  7  2  1  9  82 15 18 10 16 13 17 12 11 19 29 25 87 28 21 26 23 27 22 20 39 35 83 38 30 36 33 37 32 31 45 49 84 48 40 46 43 47 42 41 44 55 65 4  14 24 34 75 91 97 89 92 94 96 93 95 90 98 88
54 51 85 58 52 53 59 56 50 55 64 61 86 68 62 63 69 66 60 65 70 74 80 78 72 73 79 76 71 75 3  1  81 7  0  2  8  5  9  4  13 11 82 17 10 12 18 15 19 14 24 20 23 87 27 21 22 28 25 29 34 31 33 83 37 30 32 38 35 39 41 44 43 84 47 40 42 48 45 49 46 57 67 6  16 26 36 77 97 92 94 93 90 95 98 88 96 89 91
52 85 57 50 51 58 55 59 54 53 62 86 67 60 61 68 65 69 64 63 80 72 77 71 70 78 75 79 74 73 0  81 6  9  1  7  4  8  3  2  10 82 16 19 11 17 14 18 13 12 22 87 21 26 29 20 27 24 28 23 32 83 30 36 39 31 37 34 38 33 84 42 40 46 49 41 47 44 48 43 45 56 66 5  15 25 35 76 96 95 92 88 93 89 91 94 98 97 90
50 52 51 53 54 55 56 57 58 59 60 62 61 63 64 65 66 67 68 69 72 71 70 73 74 75 76 77 78 79 9  0  1  2  3  4  5  6  7  8  19 10 11 12 13 14 15 16 17 18 28 21 29 20 22 23 24 25 26 27 38 30 39 31 32 33 34 35 36 37 40 48 49 41 42 43 44 45 46 47 84 85 86 81 82 87 83 80 89 94 88 90 91 92 96 93 97 95 98
