3  90 2  7  5  1  4  6  45 47 92 44 43 40 46 41 82 84 87 80 81 83 86 91 21 89 18 17 22 20 23 19 51 50 55 53 48 52 54 98 25 93 30 29 26 24 27 31 13 10 8  11 15 9  96 14 72 74 94 79 78 75 73 76 60 57 63 58 62 56 88 61 32 33 34 35 36 37 38 39 71 64 68 65 69 97 66 70 77 85 0  67 28 16 95 49 42 59 12 
0  2  6  4  7  3  5  90 43 41 44 40 42 92 47 46 86 87 81 85 84 82 83 80 19 20 21 22 23 16 17 18 53 51 54 50 52 98 49 48 27 30 26 28 93 25 24 29 9  15 10 14 8  96 13 12 94 77 76 73 79 74 78 72 61 56 60 62 88 59 58 63 38 34 36 95 33 32 37 35 69 65 71 67 68 70 97 66 75 91 1  64 31 89 39 55 45 57 11 
90 7  4  3  1  6  0  5  92 42 41 46 44 47 43 45 85 86 83 87 82 80 91 84 89 17 16 21 19 22 18 20 54 55 48 49 50 51 52 53 28 27 24 30 25 29 31 93 15 14 11 9  12 8  10 96 79 72 73 74 75 76 77 78 57 58 59 60 61 62 63 56 95 38 37 34 32 35 39 33 97 69 66 68 70 67 65 64 94 81 2  71 26 23 36 98 40 88 13 
1  6  90 5  4  0  7  2  42 46 40 92 45 44 41 47 83 81 84 91 87 86 82 85 18 16 19 23 17 89 22 21 50 53 49 51 98 48 55 52 24 26 93 31 30 27 25 28 96 8  15 12 10 13 9  11 76 75 72 78 73 77 79 94 63 59 61 88 58 57 62 60 37 36 33 39 34 38 32 95 68 67 69 64 71 66 70 97 74 80 3  65 29 20 35 54 43 56 14 
7  3  0  90 6  5  2  1  41 40 45 43 46 42 44 92 81 91 80 83 85 87 84 86 17 21 23 89 20 19 16 22 52 48 50 98 55 54 51 49 26 31 29 24 28 30 93 27 12 96 9  8  13 11 14 10 74 79 77 72 76 78 94 75 58 60 88 57 56 61 59 62 36 39 35 37 95 34 33 38 67 70 65 66 64 71 68 69 73 82 4  97 25 18 32 53 47 63 15 
4  0  1  2  90 7  6  3  46 92 43 42 47 45 40 44 84 80 85 82 91 81 87 83 22 19 17 20 16 18 89 23 98 52 51 48 54 49 53 55 93 29 28 25 31 26 30 24 11 13 96 10 9  14 12 15 77 73 75 94 72 79 76 74 62 61 58 56 59 63 57 88 33 35 95 32 39 36 34 37 64 66 67 97 65 69 71 68 78 86 5  70 27 21 38 50 41 60 8  
2  4  5  0  3  90 1  7  44 45 46 47 40 41 42 43 91 83 82 81 86 85 80 87 20 22 89 19 18 23 21 16 49 54 52 55 51 53 98 50 31 24 25 26 27 28 29 30 8  12 14 96 11 10 15 13 73 94 78 77 74 72 75 79 56 62 57 61 63 88 60 59 39 37 32 36 38 95 35 34 70 68 97 71 66 64 67 65 76 84 6  69 93 17 33 48 92 58 9  
5  1  3  6  2  4  90 0  47 44 42 45 41 43 92 40 87 85 91 86 80 84 81 82 23 18 22 16 89 21 20 17 48 98 53 52 49 55 50 54 30 28 31 27 29 93 26 25 14 9  13 15 96 12 11 8  75 78 74 76 94 73 72 77 88 63 62 59 57 60 56 58 34 95 39 38 35 33 36 32 65 97 64 70 67 68 69 71 79 83 7  66 24 19 37 51 46 61 10 
27 31 29 93 26 25 30 28 10 9  14 12 15 11 13 96 98 55 54 51 49 52 48 50 41 45 47 92 44 43 40 46 18 19 20 21 22 23 16 17 64 66 97 71 70 67 65 68 74 76 94 73 72 77 75 78 3  7  0  90 6  5  2  1  95 36 35 32 38 33 37 39 83 81 84 91 87 86 82 85 60 62 63 88 61 57 59 56 4  53 24 58 69 42 80 89 8  34 79 
93 27 24 31 28 26 29 25 96 11 10 15 13 8  12 14 49 50 51 52 53 54 55 48 92 41 40 45 43 46 42 44 23 22 19 17 20 16 18 89 70 68 71 67 69 97 66 65 79 75 77 94 74 73 78 76 7  90 4  3  1  6  0  5  32 95 37 36 33 39 34 38 87 85 91 86 80 84 81 82 58 56 88 59 62 60 63 61 2  98 30 57 64 47 83 21 9  35 72 
24 29 28 30 93 27 26 31 15 96 12 11 8  14 9  13 48 54 49 53 55 98 52 51 46 43 41 44 40 42 92 47 21 18 16 19 23 17 89 22 65 97 70 69 66 64 67 71 77 72 76 78 94 75 74 79 0  4  1  2  90 7  6  3  39 33 95 38 37 34 32 35 82 84 87 80 81 83 86 91 61 88 60 58 63 56 57 59 5  50 25 62 68 45 85 20 10 36 73 
31 93 30 27 25 28 24 26 14 8  96 13 12 9  15 10 53 48 52 54 98 51 50 55 45 92 42 41 46 44 47 43 16 20 22 89 19 18 23 21 69 65 67 97 64 71 68 66 72 78 73 77 79 94 76 75 90 3  2  7  5  1  4  6  36 32 34 95 39 38 35 33 80 82 86 84 83 91 85 81 57 61 59 63 56 58 88 62 0  49 29 60 70 40 87 17 11 37 74 
28 26 93 25 24 29 27 30 11 15 9  96 14 13 10 8  51 98 48 55 52 50 53 49 42 40 43 47 41 92 46 45 20 89 17 16 21 19 22 18 71 64 65 66 67 68 69 70 76 73 79 74 78 72 94 77 6  1  90 5  4  0  7  2  34 37 33 35 95 32 39 36 91 83 82 81 86 85 80 87 59 60 56 61 57 88 62 58 3  54 31 63 97 44 84 23 12 38 75 
26 25 27 28 29 30 31 24 9  12 8  10 96 15 14 11 54 53 50 48 51 55 49 98 40 47 44 42 45 41 43 92 22 17 21 23 89 20 19 16 97 69 68 65 71 66 70 64 78 77 74 72 75 79 73 94 5  6  7  1  0  2  3  4  37 35 38 34 36 95 33 32 84 80 85 82 91 81 87 83 88 57 62 56 58 63 61 60 90 52 93 59 67 46 86 18 13 39 76 
29 30 26 24 27 31 25 93 12 10 13 9  11 96 8  15 50 52 98 49 48 53 51 54 43 44 45 46 47 40 41 42 89 16 23 20 18 21 17 19 68 67 64 70 65 69 71 97 94 79 78 75 73 76 72 74 2  0  6  4  7  3  5  90 33 38 36 39 35 37 95 34 85 86 83 87 82 80 91 84 56 63 57 60 59 62 58 88 1  55 28 61 66 92 81 22 14 32 77 
25 28 31 26 30 24 93 29 8  13 11 14 10 12 96 9  52 49 55 50 54 48 98 53 47 42 46 40 92 45 44 41 19 21 89 18 17 22 20 23 67 70 66 68 97 65 64 69 75 94 72 79 76 74 77 73 1  5  3  6  2  4  90 0  35 34 39 37 32 36 38 95 86 87 81 85 84 82 83 80 63 58 61 62 60 59 56 57 7  51 27 88 71 43 91 16 15 33 78 
64 69 68 70 97 67 66 71 72 75 79 73 94 78 77 74 18 17 22 20 23 19 21 89 13 15 96 12 11 8  14 9  46 41 45 47 92 44 43 40 58 56 59 63 57 88 62 61 5  0  3  90 1  7  4  2  30 29 26 24 27 31 25 93 91 84 85 86 83 87 82 80 48 54 49 53 55 98 52 51 35 32 39 38 95 34 33 36 28 16 65 37 60 10 50 42 76 81 6  
68 66 97 65 64 69 67 70 73 72 77 75 78 74 76 94 89 19 18 23 21 16 20 22 8  11 15 9  96 14 13 10 42 43 44 45 46 47 40 41 61 88 58 57 62 60 63 59 3  6  2  4  90 0  1  5  25 26 27 28 29 30 31 24 87 83 84 80 85 82 91 81 51 98 48 55 52 50 53 49 36 39 34 35 33 32 37 38 93 17 71 95 56 12 54 92 79 86 7  
70 64 65 69 71 97 68 67 74 78 72 94 77 76 73 79 23 89 20 19 16 22 17 21 12 13 14 15 8  9  10 11 44 92 41 40 45 43 46 42 57 61 63 88 60 59 56 62 6  4  7  3  5  90 2  0  29 24 28 30 93 27 26 31 86 91 82 84 87 80 81 83 55 51 53 98 50 49 54 52 37 36 38 33 32 35 39 95 25 18 66 34 58 96 48 47 75 85 1  
97 67 64 71 68 66 69 65 75 73 76 72 74 94 79 78 22 16 89 21 20 17 23 18 14 96 11 10 15 13 8  12 92 40 47 44 42 45 41 43 59 60 61 62 63 56 57 58 2  7  5  1  4  6  90 3  31 27 29 93 26 25 30 28 82 85 83 81 84 91 87 86 49 50 51 52 53 54 55 48 38 34 32 36 37 39 95 35 24 19 70 33 88 9  98 46 77 80 0  
67 71 69 97 66 65 70 68 76 77 78 79 72 73 74 75 19 23 17 89 22 21 18 16 96 10 9  14 12 15 11 13 41 47 42 46 40 92 45 44 88 57 56 61 59 62 58 60 4  3  1  6  0  5  7  90 93 31 30 27 25 28 24 26 85 81 80 82 86 84 83 91 98 55 54 51 49 52 48 50 39 37 95 32 35 33 36 34 29 20 64 38 63 8  53 43 94 87 2  
66 65 67 68 69 70 71 64 77 79 94 76 75 72 78 73 17 20 16 18 89 23 22 19 11 9  12 8  10 96 15 14 40 44 46 92 43 42 47 45 56 63 60 58 61 57 59 88 90 5  4  0  7  2  6  1  28 25 31 26 30 24 93 29 83 80 86 87 81 85 84 82 54 53 50 48 51 55 49 98 32 33 37 34 38 95 35 39 27 21 97 36 62 13 52 41 74 91 3  
71 97 70 67 65 68 64 66 78 94 75 74 79 77 72 76 20 18 21 17 19 89 16 23 10 14 8  96 13 12 9  15 45 42 40 43 47 41 92 46 63 58 62 56 88 61 60 57 0  90 6  5  2  1  3  7  27 93 24 31 28 26 29 25 81 82 87 85 91 86 80 84 53 48 52 54 98 51 50 55 33 35 36 95 34 38 32 37 30 22 69 39 59 11 49 44 73 83 4  
69 70 66 64 67 71 65 97 79 76 74 77 73 75 94 72 16 21 19 22 18 20 89 17 15 12 10 13 9  11 96 8  43 45 92 42 41 46 44 47 60 62 88 59 58 63 61 56 1  2  90 7  6  3  0  4  24 30 25 29 31 93 28 27 84 86 81 91 80 83 85 87 50 52 98 49 48 53 51 54 34 95 33 39 36 37 38 32 26 23 68 35 57 14 55 40 78 82 5  
85 81 84 82 83 80 86 87 64 97 69 68 65 71 66 70 74 73 78 76 79 75 77 94 26 25 30 28 31 27 29 93 1  0  2  3  4  5  6  7  51 98 48 55 52 50 53 49 57 88 62 61 58 56 59 63 32 36 38 95 35 34 39 37 43 44 45 46 47 40 41 42 96 12 11 8  14 9  13 15 20 18 89 21 16 22 17 23 33 72 91 19 54 24 10 90 67 92 60 
91 84 87 86 82 85 83 81 65 70 68 71 67 69 97 66 77 78 79 72 73 74 75 76 93 27 26 31 29 24 28 30 3  1  6  0  5  7  90 4  53 48 52 54 98 51 50 55 56 58 88 63 62 59 57 60 38 33 37 39 95 36 35 32 42 40 43 47 41 92 46 45 13 11 14 10 12 96 9  8  16 21 20 19 89 23 22 17 34 94 80 18 49 25 15 2  64 44 61 
86 91 80 84 81 82 87 85 66 69 65 67 97 64 71 68 73 76 72 74 94 79 78 75 31 93 28 27 24 30 25 29 7  5  1  4  6  90 3  2  98 55 54 51 49 52 48 50 61 57 59 88 56 63 60 58 33 39 34 38 32 95 37 36 47 42 46 40 92 45 44 41 12 8  10 96 15 14 11 9  18 17 19 22 21 16 20 89 35 77 83 23 53 26 13 0  70 43 62 
80 87 81 83 86 91 82 84 67 66 71 69 64 68 70 97 75 79 73 94 78 77 74 72 30 24 93 29 28 25 31 26 0  3  90 1  7  4  2  5  50 52 98 49 48 53 51 54 59 62 58 60 88 57 56 61 37 34 32 35 39 33 95 38 45 92 42 41 46 44 47 43 9  14 12 15 11 13 96 10 89 19 16 18 20 17 23 22 36 76 85 21 55 27 8  6  65 40 63 
84 86 83 91 85 81 80 82 68 64 66 97 71 70 67 65 94 75 74 79 77 72 76 78 27 31 25 93 30 29 26 24 90 6  5  2  1  3  7  0  49 50 51 52 53 54 55 48 62 60 63 59 61 88 58 57 39 38 35 33 36 32 34 95 40 47 44 42 45 41 43 92 15 9  96 14 13 10 8  11 23 89 22 20 17 18 19 21 37 73 87 16 98 28 12 4  69 46 56 
81 82 86 85 80 87 91 83 69 67 70 66 68 97 65 64 72 77 75 78 74 76 94 73 25 28 24 26 93 31 30 27 6  2  4  90 0  1  5  3  54 53 50 48 51 55 49 98 58 63 61 56 60 62 88 59 95 32 39 36 34 37 33 35 44 46 92 43 42 47 45 40 10 13 9  11 96 8  15 12 22 16 17 89 23 19 21 18 38 79 84 20 52 29 14 7  71 41 57 
82 85 91 81 87 83 84 80 70 71 64 65 66 67 68 69 79 94 76 75 72 78 73 77 28 26 29 25 27 93 24 31 5  4  0  7  2  6  1  90 52 49 55 50 54 48 98 53 60 59 56 62 57 61 63 88 36 95 33 32 37 35 38 34 46 43 41 44 40 42 92 47 14 15 8  9  10 11 12 13 19 23 21 17 18 20 89 16 39 74 86 22 51 30 96 3  97 45 58 
87 83 82 80 91 84 85 86 71 65 97 70 69 66 64 67 76 74 77 73 75 94 72 79 24 29 27 30 26 28 93 25 2  90 7  6  3  0  4  1  55 51 53 98 50 49 54 52 88 61 60 57 63 58 62 56 35 37 95 34 33 38 36 39 92 41 40 45 43 46 42 44 8  96 13 12 9  15 10 14 17 20 23 16 22 21 18 19 32 78 81 89 48 31 11 5  68 47 59 
96 10 15 14 11 9  12 8  48 49 50 51 52 53 54 55 63 58 62 56 88 61 60 57 84 86 81 91 80 83 85 87 34 33 38 36 39 35 37 95 77 78 79 72 73 74 75 76 89 23 22 19 17 20 16 18 92 45 44 41 47 42 46 40 26 25 30 28 31 27 29 93 69 65 67 97 64 71 68 66 3  4  1  5  0  90 6  2  43 59 13 7  94 82 70 32 98 24 21 
12 13 9  15 10 14 8  96 54 50 52 98 49 48 53 51 58 56 59 63 57 88 62 61 80 87 91 83 82 81 86 85 95 35 34 39 37 32 36 38 78 72 94 77 76 73 79 74 19 89 16 23 20 18 21 17 43 46 42 44 92 41 40 45 31 93 28 27 24 30 25 29 65 97 70 69 66 64 67 71 4  6  7  90 5  0  3  1  47 60 11 2  75 84 68 33 55 26 22 
11 9  96 8  15 12 10 13 49 51 98 48 55 52 50 53 62 59 57 60 56 58 88 63 85 81 80 82 86 84 83 91 39 95 36 35 32 38 33 37 79 94 76 75 72 78 73 77 18 20 89 17 16 21 19 22 42 47 45 40 44 46 92 43 29 30 31 24 25 26 27 28 67 70 66 68 97 65 64 69 5  90 4  2  7  1  0  3  41 61 14 6  74 87 71 34 54 93 23 
8  11 14 9  13 15 96 12 53 52 49 55 50 54 48 98 56 63 60 58 61 57 59 88 82 85 83 81 84 91 87 86 38 32 95 37 36 33 39 34 72 77 75 78 74 76 94 73 23 19 21 89 18 17 22 20 47 40 41 42 43 44 45 46 24 29 27 30 26 28 93 25 97 69 68 65 71 66 70 64 6  3  2  0  90 5  4  7  92 62 10 1  79 80 67 35 51 31 16 
14 96 13 10 8  11 15 9  55 53 48 52 54 98 51 50 88 57 56 61 59 62 58 60 91 84 85 86 83 87 82 80 35 39 33 95 38 37 34 32 73 76 72 74 94 79 78 75 21 16 20 22 89 19 18 23 45 41 43 92 40 47 44 42 28 26 29 25 27 93 24 31 64 66 97 71 70 67 65 68 7  2  5  6  4  3  1  0  46 63 12 90 77 81 69 36 49 30 17 
9  8  10 11 12 13 14 15 98 54 53 50 48 51 55 49 61 88 58 57 62 60 63 59 81 82 87 85 91 86 80 84 33 36 32 34 95 39 38 35 74 73 78 76 79 75 77 94 16 22 17 21 23 89 20 19 40 42 92 47 46 43 41 44 30 24 93 29 28 25 31 26 71 64 65 66 67 68 69 70 1  7  0  4  3  6  2  90 45 56 96 5  72 83 97 37 52 27 18 
13 15 8  12 14 96 11 10 52 55 51 53 98 50 49 54 60 62 88 59 58 63 61 56 87 83 84 80 85 82 91 81 36 34 37 33 35 95 32 39 75 79 73 94 78 77 74 72 20 17 23 18 22 16 89 21 44 43 40 46 41 45 47 92 93 27 26 31 29 24 28 30 68 67 64 70 65 69 71 97 0  5  3  7  1  2  90 6  42 57 9  4  76 86 66 38 48 25 19 
15 12 11 13 96 10 9  14 51 48 54 49 53 55 98 52 57 61 63 88 60 59 56 62 83 80 86 87 81 85 84 82 32 37 35 38 34 36 95 33 76 74 77 73 75 94 72 79 22 21 18 16 19 23 17 89 46 44 47 43 45 92 42 41 27 31 25 93 30 29 26 24 66 71 69 64 68 70 97 67 2  1  90 3  6  4  7  5  40 58 8  0  78 91 65 39 50 28 20 
19 20 16 22 17 21 23 89 37 33 35 95 32 39 36 34 31 24 25 26 27 28 29 30 59 88 56 63 60 58 61 57 70 97 67 66 71 69 64 68 42 41 46 44 47 43 45 92 81 83 86 91 82 84 87 80 98 49 48 53 51 54 50 52 72 79 76 74 77 73 75 94 7  2  6  1  90 5  4  0  15 9  10 96 8  12 14 11 55 93 18 13 40 62 3  65 38 78 85 
16 23 17 18 19 20 21 22 95 37 36 33 39 34 38 32 30 28 31 27 29 93 26 25 58 60 88 57 56 61 59 62 65 64 69 67 70 66 68 97 92 43 42 47 45 40 44 46 86 85 80 87 91 83 82 81 50 48 51 55 49 98 54 53 73 77 79 94 76 75 72 78 0  5  7  90 4  3  1  6  11 10 12 15 14 9  13 96 52 24 89 8  41 63 2  71 35 74 84 
22 19 18 20 89 17 16 21 34 39 37 32 36 38 95 35 27 30 26 28 93 25 24 29 63 59 61 88 58 57 62 60 69 71 97 68 67 64 70 65 47 92 44 43 40 46 41 45 85 87 84 86 81 91 80 83 49 53 55 98 52 51 48 54 74 72 75 79 73 94 78 77 90 0  1  5  3  6  2  4  13 11 96 14 9  15 10 8  50 31 23 12 42 56 7  66 33 76 82 
17 21 19 89 16 23 20 18 33 95 38 37 34 32 35 39 25 93 30 29 26 24 27 31 61 56 60 62 88 59 58 63 71 68 66 69 65 67 97 64 46 40 92 45 44 41 47 42 80 84 81 82 87 85 91 86 54 51 49 52 48 50 98 55 75 76 77 78 79 72 73 74 6  3  0  4  1  2  90 7  96 12 9  11 13 10 8  15 53 28 22 14 43 57 5  70 36 94 83 
21 89 20 17 23 18 22 16 38 36 39 35 37 95 34 33 28 27 24 30 25 29 31 93 56 62 57 61 63 88 60 59 97 66 65 70 68 71 67 69 43 47 41 92 46 45 42 40 87 86 82 85 83 81 84 91 52 54 98 51 50 55 53 48 76 78 94 75 74 79 77 72 5  90 2  0  6  4  7  3  10 13 8  9  15 14 11 12 49 26 19 96 44 58 1  64 32 73 80 
23 18 21 16 20 22 89 19 36 35 32 38 33 37 39 95 24 26 93 31 30 27 25 28 60 57 63 58 62 56 88 61 68 69 70 71 64 65 66 67 41 44 40 42 92 47 46 43 91 81 87 83 84 80 85 82 55 50 54 48 98 53 52 49 77 94 74 73 78 76 79 75 2  1  3  7  0  90 6  5  9  14 13 12 96 8  15 10 51 29 17 11 45 59 4  97 34 72 86 
89 17 22 21 18 16 19 23 39 32 33 34 35 36 37 38 26 31 29 24 28 30 93 27 62 61 58 56 59 63 57 88 67 65 68 64 66 97 71 70 44 42 45 41 43 92 40 47 83 91 85 81 80 82 86 84 51 52 53 54 55 48 49 50 78 75 73 76 72 74 94 79 1  7  4  2  5  0  3  90 14 15 11 8  12 96 9  13 98 25 20 10 46 60 6  69 95 77 87 
20 22 23 19 21 89 18 17 35 38 34 36 95 33 32 37 93 29 28 25 31 26 30 24 88 63 62 59 57 60 56 58 64 67 71 65 97 70 69 66 40 45 43 46 42 44 92 41 82 80 91 84 85 86 83 87 53 98 50 49 54 52 55 51 79 74 78 72 94 77 76 73 3  4  5  6  7  1  0  2  12 8  14 10 11 13 96 9  48 27 16 15 47 61 90 68 39 75 81 
41 45 43 92 40 47 44 42 82 87 85 91 86 80 84 81 69 65 67 97 64 71 68 66 33 38 36 39 35 37 95 34 57 59 88 56 63 60 58 61 13 11 14 10 12 96 9  8  50 49 54 52 55 51 53 98 23 16 17 18 19 20 21 22 1  6  0  5  7  90 4  3  29 25 27 93 24 31 28 26 76 74 94 77 72 78 73 79 89 70 46 75 15 32 30 62 83 2  48 
40 47 41 42 43 44 45 46 87 91 83 82 81 86 85 80 67 70 66 68 97 65 64 69 95 36 35 32 38 33 37 39 63 61 56 60 62 88 59 58 14 15 8  9  10 11 12 13 98 51 50 55 53 48 52 54 20 19 16 22 17 21 23 89 4  0  7  2  6  1  90 5  27 30 26 28 93 25 24 29 77 78 74 79 75 94 72 76 18 71 92 73 96 34 31 57 84 3  49 
45 92 44 41 47 42 46 40 85 83 81 84 91 87 86 82 70 68 71 67 69 97 66 65 38 39 32 33 34 35 36 37 58 88 63 62 59 57 60 56 15 9  96 14 13 10 8  11 55 98 52 51 48 54 49 53 18 23 21 16 20 22 89 19 6  5  2  1  3  7  0  90 30 28 31 27 29 93 26 25 78 72 73 94 79 75 77 74 17 64 43 76 12 95 24 61 80 4  50 
43 44 40 46 41 45 47 92 91 82 84 87 80 81 83 86 66 71 69 64 68 70 97 67 37 35 38 34 36 95 33 32 62 58 60 88 57 56 61 59 8  96 13 12 9  15 10 14 54 48 98 53 52 49 55 50 21 17 19 89 16 23 20 18 90 7  6  3  0  4  1  2  26 31 29 24 28 30 93 27 79 94 78 76 73 74 75 77 22 65 42 72 11 39 25 63 85 5  51 
46 43 42 44 92 41 40 45 86 81 91 80 83 85 87 84 68 67 64 70 65 69 71 97 34 37 33 35 95 32 39 36 56 57 58 59 60 61 62 63 9  14 12 15 11 13 96 10 51 55 49 98 54 53 50 48 17 89 22 21 18 16 19 23 3  90 1  7  4  2  5  0  28 27 24 30 25 29 31 93 72 77 76 75 94 79 78 73 20 66 47 74 8  38 26 88 82 6  52 
42 40 92 47 46 43 41 44 80 86 87 81 85 84 82 83 97 69 68 65 71 66 70 64 32 95 37 36 33 39 34 38 88 62 61 58 56 59 63 57 10 13 9  11 96 8  15 12 49 52 48 50 98 55 54 51 19 22 18 20 89 17 16 21 2  4  90 0  1  5  3  6  93 29 28 25 31 26 30 24 73 76 79 72 78 77 74 75 23 67 45 94 14 35 27 60 91 7  53 
44 46 47 43 45 92 42 41 84 85 86 83 87 82 80 91 65 97 70 69 66 64 67 71 35 34 39 37 32 36 38 95 61 60 57 63 58 62 56 88 11 10 15 13 8  12 14 96 52 50 53 49 51 98 48 55 89 21 20 17 23 18 22 16 7  3  5  90 2  0  6  4  25 93 30 29 26 24 27 31 74 73 75 78 77 72 76 94 19 68 40 79 9  33 28 59 81 1  54 
92 41 46 45 42 40 43 47 81 80 82 86 84 83 91 85 64 66 97 71 70 67 65 68 39 33 95 38 37 34 32 35 60 63 59 61 88 58 57 62 12 8  10 96 15 14 11 9  48 53 51 54 50 52 98 49 16 18 89 23 22 19 17 20 5  1  4  6  90 3  2  7  24 26 93 31 30 27 25 28 75 79 77 73 74 76 94 72 21 69 44 78 13 36 29 56 87 0  55 
37 35 95 34 33 38 36 39 93 28 27 24 30 25 29 31 11 10 15 13 8  12 14 96 4  0  7  2  6  1  90 5  74 75 76 77 78 79 72 73 82 84 87 80 81 83 86 91 69 97 66 65 70 68 71 67 58 57 62 60 63 59 61 88 18 16 19 23 17 89 22 21 40 45 43 46 42 44 92 41 51 98 50 48 53 54 55 49 56 9  32 52 85 3  47 94 26 20 64 
38 39 35 33 36 32 34 95 26 29 25 27 93 24 31 28 12 8  10 96 15 14 11 9  7  3  5  90 2  0  6  4  75 77 94 74 73 78 76 79 83 81 84 91 87 86 82 85 71 66 70 64 97 69 68 65 88 59 58 63 61 56 60 62 19 20 21 22 23 16 17 18 44 42 45 41 43 92 40 47 50 52 53 98 51 55 49 54 57 13 37 48 80 1  46 72 30 89 67 
39 33 34 38 32 95 37 36 25 30 28 31 27 29 93 26 13 11 14 10 12 96 9  8  3  90 1  7  4  2  5  0  76 94 73 72 77 75 78 74 80 82 86 84 83 91 85 81 97 65 64 69 67 70 66 68 63 88 60 59 56 62 57 61 20 22 89 19 18 23 21 16 46 40 92 45 44 41 47 42 55 51 49 53 54 48 98 52 58 15 35 50 87 6  43 79 24 17 71 
32 95 39 36 34 37 33 35 30 31 24 25 26 27 28 29 14 15 8  9  10 11 12 13 5  1  4  6  90 3  2  7  77 74 72 75 79 73 94 78 86 87 81 85 84 82 83 80 68 70 97 67 66 71 69 64 62 56 88 61 60 57 63 58 21 89 18 17 22 20 23 19 92 43 42 47 45 40 44 46 53 48 51 52 50 49 54 55 59 96 38 98 91 0  41 76 93 16 65 
33 38 37 39 95 36 35 32 28 24 26 93 31 30 27 25 15 9  96 14 13 10 8  11 90 7  6  3  0  4  1  2  78 73 77 79 94 76 75 72 87 85 91 86 80 84 81 82 67 68 69 70 71 64 65 66 59 63 57 88 62 61 58 56 22 19 17 20 16 18 89 23 43 47 41 92 46 45 42 40 48 54 98 49 52 50 53 51 60 12 34 55 83 5  44 74 29 21 97 
34 37 32 35 39 33 95 38 31 25 93 30 29 26 24 27 8  96 13 12 9  15 10 14 2  4  90 0  1  5  3  6  79 78 75 73 76 72 74 94 81 91 80 83 85 87 84 86 64 71 68 66 69 65 67 97 57 60 56 58 88 63 62 59 23 18 22 16 89 21 20 17 42 41 46 44 47 43 45 92 52 49 48 55 98 51 50 53 61 11 36 54 82 7  40 77 28 19 70 
35 34 36 37 38 39 32 33 27 26 31 29 24 28 30 93 9  14 12 15 11 13 96 10 0  2  3  4  5  6  7  1  72 76 78 94 75 74 79 77 85 86 83 87 82 80 91 84 70 67 65 68 64 66 97 71 60 58 61 57 59 88 56 63 16 23 20 18 21 17 19 89 47 92 44 43 40 46 41 45 54 53 55 50 49 52 48 98 62 8  95 51 81 90 42 73 25 22 69 
36 32 38 95 35 34 39 37 29 27 30 26 28 93 25 24 10 13 9  11 96 8  15 12 6  5  2  1  3  7  0  90 73 79 74 78 72 94 77 76 84 80 85 82 91 81 87 83 65 69 71 97 68 67 64 70 56 61 59 62 58 60 88 57 17 21 23 89 20 19 16 22 45 46 47 40 41 42 43 44 98 55 52 54 48 53 51 50 63 14 33 49 86 4  92 75 31 18 66 
74 72 94 79 78 75 73 76 23 20 18 21 17 19 89 16 95 38 37 34 32 35 39 33 54 52 55 51 53 98 50 49 84 81 82 87 85 91 86 80 5  90 2  0  6  4  7  3  43 92 40 47 44 42 45 41 14 10 12 96 9  8  13 11 66 65 70 68 71 67 69 97 63 58 62 56 88 61 60 57 93 29 26 28 30 27 25 24 15 36 77 31 1  48 59 83 22 64 46 
77 94 76 73 79 74 78 72 17 16 21 19 22 18 20 89 39 37 32 36 38 95 35 34 49 98 54 53 50 48 51 55 87 84 86 81 91 80 83 85 7  2  6  1  90 5  4  0  42 44 92 41 40 45 43 46 12 15 11 13 96 10 9  14 97 67 66 71 69 64 68 70 60 62 88 59 58 63 61 56 30 28 93 31 26 24 27 25 8  33 75 29 3  52 57 82 23 65 47 
73 77 75 94 72 79 76 74 89 18 17 22 20 23 19 21 38 34 36 95 33 32 37 35 53 49 51 98 48 55 52 50 80 91 84 85 86 83 87 82 90 0  1  5  3  6  2  4  47 43 45 92 42 41 46 44 15 13 8  12 14 96 11 10 71 97 68 67 64 70 65 69 58 56 59 63 57 88 62 61 29 25 31 27 28 30 93 26 9  39 78 24 7  54 60 81 16 66 40 
75 76 72 78 73 77 79 94 22 89 19 18 23 21 16 20 35 32 38 33 37 39 95 36 55 48 49 50 51 52 53 54 81 87 83 84 80 85 82 91 4  6  90 3  2  7  5  1  45 40 44 46 92 43 42 47 11 8  14 9  13 15 96 12 70 64 97 69 68 65 71 66 61 88 58 57 62 60 63 59 26 31 30 29 93 25 24 27 10 34 74 28 0  98 56 86 17 67 41 
94 73 78 77 74 72 75 79 21 23 89 20 19 16 22 17 33 35 95 32 39 36 34 37 98 53 52 49 55 50 54 48 83 86 91 82 84 87 80 81 3  4  5  6  7  1  0  2  40 46 41 45 47 92 44 43 13 12 9  15 10 14 8  96 67 71 65 97 70 69 66 64 57 61 63 88 60 59 56 62 24 26 27 93 25 29 31 28 11 38 76 30 90 51 58 85 18 68 42 
72 79 73 74 75 76 77 78 18 22 16 89 21 20 17 23 36 39 35 37 95 34 33 38 52 51 48 54 49 53 55 98 86 82 85 83 81 84 91 87 1  7  4  2  5  0  3  90 44 41 47 42 46 40 92 45 96 14 13 10 8  11 15 9  65 68 64 66 97 71 70 67 59 60 61 62 63 56 57 58 27 30 25 26 24 31 28 29 12 32 94 93 6  50 88 80 19 69 43 
79 74 77 72 76 78 94 75 16 19 23 17 89 22 21 18 32 33 34 35 36 37 38 39 51 54 50 52 98 49 48 53 91 85 81 80 82 86 84 83 6  3  0  4  1  2  90 7  46 45 42 40 43 47 41 92 10 96 15 14 11 9  12 8  68 66 69 65 67 97 64 71 88 57 56 61 59 62 58 60 31 24 28 25 29 93 26 30 13 95 73 27 5  55 63 87 20 70 44 
76 78 79 75 77 94 74 73 19 17 20 16 18 89 23 22 34 95 39 38 35 33 36 32 48 50 98 55 54 51 49 52 82 83 80 86 87 81 85 84 0  5  7  90 4  3  1  6  92 47 46 43 41 44 40 42 9  11 96 8  15 12 10 13 64 69 67 70 66 68 97 65 56 63 60 58 61 57 59 88 25 93 24 30 27 28 29 31 14 37 72 26 2  53 62 91 21 71 45 
48 50 51 55 49 98 54 53 59 61 88 58 57 62 60 63 2  1  3  7  0  90 6  5  68 66 69 65 67 97 64 71 28 29 30 31 24 25 26 27 17 20 16 18 89 23 22 19 39 36 34 37 33 35 95 32 81 85 84 82 83 80 86 87 13 15 96 12 11 8  14 9  74 73 78 76 79 75 77 94 47 92 46 44 41 42 43 45 91 4  52 40 21 70 72 93 56 10 38 
51 54 49 52 48 50 98 55 58 59 60 61 62 63 56 57 5  90 2  0  6  4  7  3  97 67 66 71 69 64 68 70 93 26 25 30 28 31 27 29 19 23 17 89 22 21 18 16 34 38 32 95 37 36 33 39 86 84 83 91 85 81 80 82 8  11 15 9  96 14 13 10 94 75 74 79 77 72 76 78 45 46 42 47 43 92 40 44 87 1  53 41 20 65 73 24 88 12 35 
55 48 52 50 53 49 51 98 63 62 59 57 60 56 58 88 0  5  7  90 4  3  1  6  65 68 64 66 97 71 70 67 25 24 29 27 30 26 28 93 89 19 18 23 21 16 20 22 38 95 35 34 39 37 32 36 85 82 91 81 87 83 84 80 12 13 14 15 8  9  10 11 79 94 76 75 72 78 73 77 40 45 44 43 92 47 46 41 86 2  54 42 17 69 74 31 61 96 33 
49 98 48 53 51 54 50 52 61 58 56 59 63 57 88 62 3  4  5  6  7  1  0  2  64 69 67 70 66 68 97 65 24 27 31 25 93 30 29 26 16 21 19 22 18 20 89 17 32 35 39 33 95 38 37 34 80 83 85 87 84 86 81 91 14 96 11 10 15 13 8  12 78 72 94 77 76 73 79 74 44 42 92 45 40 46 41 47 82 90 55 43 23 71 75 28 60 9  36 
98 53 50 49 54 52 55 51 56 60 62 88 59 58 63 61 90 0  1  5  3  6  2  4  69 70 71 64 65 66 67 68 29 31 93 28 27 24 30 25 23 89 20 19 16 22 17 21 95 34 33 38 36 39 35 37 87 80 81 83 86 91 82 84 96 10 9  14 12 15 11 13 75 79 73 94 78 77 74 72 46 40 41 92 47 43 45 42 85 7  48 44 18 97 76 26 57 8  32 
54 52 98 51 50 55 53 48 60 88 57 56 61 59 62 58 1  7  4  2  5  0  3  90 67 71 65 97 70 69 66 64 27 25 28 24 26 93 31 30 20 18 21 17 19 89 16 23 37 39 95 36 35 32 38 33 91 86 80 84 81 82 87 85 11 9  12 8  10 96 15 14 73 76 72 74 94 79 78 75 92 43 40 42 44 41 47 46 83 6  49 45 22 68 77 29 63 13 34 
53 49 55 98 52 51 48 54 62 57 61 63 88 60 59 56 7  2  6  1  90 5  4  0  70 64 97 69 68 65 71 66 30 93 27 26 31 29 24 28 18 17 22 20 23 19 21 89 36 37 38 39 32 33 34 35 83 87 82 80 91 84 85 86 10 14 8  96 13 12 9  15 76 74 77 73 75 94 72 79 43 47 45 41 42 44 92 40 81 3  50 46 16 67 78 25 58 11 95 
50 55 54 48 98 53 52 49 88 56 63 60 58 61 57 59 4  6  90 3  2  7  5  1  66 65 70 68 71 67 69 97 26 30 24 93 29 28 25 31 21 22 23 16 17 18 19 20 33 32 37 35 38 34 36 95 82 81 86 85 80 87 91 83 15 12 10 13 9  11 96 8  72 77 75 78 74 76 94 73 42 41 43 46 45 40 44 92 84 0  51 47 89 64 79 27 62 14 39 
56 62 88 61 60 57 63 58 7  6  3  0  4  1  2  90 42 41 46 44 47 43 45 92 79 74 78 72 94 77 76 73 14 11 9  12 8  10 96 15 36 39 35 37 95 34 33 38 24 31 28 26 29 25 27 93 71 67 69 97 66 65 70 68 48 50 98 55 54 51 49 52 20 18 21 17 19 89 16 23 87 85 84 91 81 83 86 82 64 40 59 80 32 75 22 13 5  53 30 
88 63 60 59 56 62 57 61 0  7  2  6  1  90 5  4  92 43 42 47 45 40 44 46 77 94 74 73 78 76 79 75 13 96 10 9  14 12 15 11 38 34 36 95 33 32 37 35 28 30 93 27 26 31 29 24 70 69 66 64 67 71 65 97 51 54 50 52 98 49 48 53 23 89 20 19 16 22 17 21 82 84 83 87 86 85 80 91 68 41 58 81 39 72 18 8  3  55 25 
63 59 57 88 62 61 58 56 2  3  4  5  6  7  1  0  41 44 40 42 92 47 46 43 94 73 72 77 75 78 74 76 15 10 14 8  96 13 12 9  39 37 32 36 38 95 35 34 26 24 27 31 25 93 30 29 64 70 65 69 71 97 68 67 54 52 55 51 53 98 50 49 18 17 22 20 23 19 21 89 85 86 80 83 91 81 87 84 66 45 60 82 33 79 16 11 90 48 28 
61 56 59 62 58 60 88 57 90 1  7  4  2  5  0  3  47 92 44 43 40 46 41 45 72 79 76 74 77 73 75 94 10 8  11 15 9  96 14 13 95 38 37 34 32 35 39 33 30 27 25 28 24 26 93 31 67 97 64 71 68 66 69 65 55 48 49 50 51 52 53 54 19 23 17 89 22 21 18 16 80 82 91 86 85 87 84 81 70 42 63 83 36 78 20 12 6  98 29 
58 60 61 57 59 88 56 63 1  4  6  90 3  2  7  5  44 42 45 41 43 92 40 47 75 76 77 78 79 72 73 74 9  13 15 96 12 11 8  14 37 36 33 39 34 38 32 95 31 26 30 24 93 29 28 25 66 68 97 65 64 69 67 70 53 49 51 98 48 55 52 50 17 20 16 18 89 23 22 19 86 87 82 81 83 91 85 80 71 46 62 84 35 94 21 10 0  54 27 
59 88 58 63 61 56 60 62 4  90 0  1  5  3  6  2  45 46 47 40 41 42 43 44 73 77 79 94 76 75 72 78 12 14 96 11 10 15 13 8  33 35 95 32 39 36 34 37 25 29 31 93 28 27 24 30 69 64 68 70 97 67 66 71 52 51 48 54 49 53 55 98 16 21 19 22 18 20 89 17 81 91 87 80 84 82 83 86 65 92 57 85 38 74 23 9  7  50 26 
60 57 56 58 88 63 62 59 6  0  5  7  90 4  3  1  46 40 92 45 44 41 47 42 76 78 94 75 74 79 77 72 8  15 12 10 13 9  11 96 35 32 38 33 37 39 95 36 93 25 24 29 27 30 26 28 65 66 67 68 69 70 71 64 49 98 54 53 50 48 51 55 21 22 23 16 17 18 19 20 91 83 85 82 80 84 81 87 97 43 61 86 34 73 89 14 2  52 31 
62 61 63 56 57 58 59 60 3  5  90 2  0  6  4  7  40 45 43 46 42 44 92 41 74 72 75 79 73 94 78 77 96 9  8  13 11 14 10 12 32 33 34 35 36 37 38 39 29 93 26 25 30 28 31 27 97 71 70 67 65 68 64 66 50 55 53 48 52 54 98 51 22 16 89 21 20 17 23 18 83 81 86 84 82 80 91 85 69 47 88 87 95 76 19 15 1  49 24 
95 36 33 32 37 35 38 34 24 93 29 28 25 31 26 30 96 12 11 8  14 9  13 15 1  6  0  5  7  90 4  3  94 72 79 76 74 77 73 75 91 83 82 81 86 85 80 87 66 64 67 71 65 97 70 69 61 62 63 56 57 58 59 60 89 17 16 21 19 22 18 20 41 44 40 42 92 47 46 43 49 50 54 51 55 98 52 48 88 10 39 53 84 2  45 78 27 23 68 
65 68 71 66 70 64 97 69 94 74 73 78 76 79 75 77 21 22 23 16 17 18 19 20 9  8  13 11 14 10 12 96 47 46 43 41 44 40 42 92 62 59 57 60 56 58 88 63 7  1  0  2  3  4  5  6  26 28 93 25 24 29 27 30 80 87 91 83 82 81 86 85 52 49 55 50 54 48 98 53 95 38 35 37 39 36 34 33 31 89 67 32 61 15 51 45 72 84 90 
6  5  7  1  0  2  3  4  40 43 47 41 92 46 45 42 80 82 86 84 83 91 85 81 16 23 20 18 21 17 19 89 55 49 98 54 53 50 48 51 29 25 27 93 24 31 28 26 10 11 12 13 14 15 8  9  78 76 79 75 77 94 74 73 59 88 56 63 60 58 61 57 35 32 38 33 37 39 95 36 66 71 70 69 97 65 64 67 72 87 90 68 30 22 34 52 44 62 96 
57 58 62 60 63 59 61 88 5  2  1  3  7  0  90 6  43 47 41 92 46 45 42 40 78 75 73 76 72 74 94 79 11 12 13 14 15 8  9  10 34 95 39 38 35 33 36 32 27 28 29 30 31 24 25 26 68 65 71 66 70 64 97 69 98 53 52 49 55 50 54 48 89 19 18 23 21 16 20 22 84 80 81 85 87 86 82 83 67 44 56 91 37 77 17 96 4  51 93 
18 16 89 23 22 19 17 20 32 34 95 39 38 35 33 36 29 25 27 93 24 31 28 26 57 58 59 60 61 62 63 56 66 70 64 97 69 68 65 71 45 46 47 40 41 42 43 44 84 82 83 80 86 87 81 85 48 55 52 50 53 49 51 98 94 73 72 77 75 78 74 76 4  6  90 3  2  7  5  1  8  96 15 13 10 11 12 14 54 30 21 9  92 88 0  67 37 79 91 
83 80 85 87 84 86 81 91 97 68 67 64 70 65 69 71 78 72 94 77 76 73 79 74 29 30 31 24 25 26 27 28 4  7  3  5  90 2  0  6  48 54 49 53 55 98 52 51 63 56 57 58 59 60 61 62 34 35 36 37 38 39 32 33 41 45 47 92 44 43 40 46 11 10 15 13 8  12 14 96 21 22 18 23 19 89 16 20 95 75 82 17 50 93 9  1  66 42 88 
52 51 53 54 55 48 49 50 57 63 58 62 56 88 61 60 6  3  0  4  1  2  90 7  71 97 68 67 64 70 65 69 31 28 26 29 25 27 93 24 22 16 89 21 20 17 23 18 35 33 36 32 34 95 39 38 84 91 87 86 82 85 83 81 9  8  13 11 14 10 12 96 77 78 79 72 73 74 75 76 41 44 47 40 46 45 42 43 80 5  98 92 19 66 94 30 59 15 37 
10 14 12 96 9  8  13 11 50 98 55 54 51 49 52 48 59 60 61 62 63 56 57 58 86 91 82 84 87 80 81 83 37 38 39 32 33 34 35 36 94 75 74 79 77 72 76 78 17 18 19 20 21 22 23 16 41 92 46 45 42 40 43 47 25 28 24 26 93 31 30 27 70 68 71 67 69 97 66 65 90 0  6  1  2  7  5  4  44 88 15 3  73 85 64 95 53 29 89 
30 24 25 29 31 93 28 27 13 14 15 8  9  10 11 12 55 51 53 98 50 49 54 52 44 46 92 43 42 47 45 40 17 23 18 22 16 89 21 20 66 71 69 64 68 70 97 67 73 74 75 76 77 78 79 72 4  2  5  0  3  90 1  7  38 39 32 33 34 35 36 37 81 91 80 83 85 87 84 86 62 59 58 57 88 61 60 63 6  48 26 56 65 41 82 19 96 95 94 
78 75 74 76 94 73 72 77 20 21 22 23 16 17 18 19 37 36 33 39 34 38 32 95 50 55 53 48 52 54 98 51 85 80 87 91 83 82 81 86 2  1  3  7  0  90 6  5  41 42 43 44 45 46 47 40 8  9  10 11 12 13 14 15 69 70 71 64 65 66 67 68 62 59 57 60 56 58 88 63 28 27 29 24 31 26 30 93 96 35 79 25 4  49 61 84 89 97 92 
47 42 45 40 44 46 92 43 83 84 80 85 82 91 81 87 71 64 65 66 67 68 69 70 36 32 34 95 39 38 35 33 59 56 62 57 61 63 88 60 96 12 11 8  14 9  13 15 53 54 55 48 49 50 51 52 22 20 23 19 21 89 18 17 0  2  3  4  5  6  7  1  31 24 25 26 27 28 29 30 94 75 72 74 76 73 79 78 16 97 41 77 10 37 93 58 86 90 98 
