21 27 23 25 28 24 22 20 26 63 10 17 13 15 18 65 14 12 11 16 84 77 81 79 85 98 82 80 78 83 62 40 47 44 42 48 45 43 41 46 69 74 61 71 67 75 72 70 68 73 31 37 66 34 30 38 35 33 32 36 29 91 76 86 39 19 49 87 92 97 88 95 90 89 93 96 94 50 57 64 54 52 58 55 53 51 56 8  9  7  1  5  2  3  4  60 6  0  59 
27 20 28 24 26 63 25 23 22 29 17 11 18 14 16 19 65 15 13 12 78 84 85 82 83 86 98 79 81 80 49 47 41 48 45 46 62 42 44 43 74 68 76 75 72 73 61 67 71 70 37 32 39 38 35 36 66 30 34 33 21 97 69 77 31 10 40 91 96 92 90 89 94 87 95 88 93 57 51 59 58 55 56 64 52 54 53 0  4  5  3  2  9  7  60 8  1  6  50 
23 28 22 29 25 21 63 26 24 27 13 18 12 19 15 17 10 65 16 14 85 81 80 86 79 84 77 98 83 82 47 44 48 43 49 42 40 62 46 45 71 75 74 70 76 67 69 61 73 72 34 38 37 33 39 30 31 66 36 35 20 96 68 78 32 11 41 92 90 88 93 91 95 97 87 94 89 54 58 57 53 59 52 50 64 56 55 1  8  9  5  4  60 2  0  6  7  3  51 
25 24 29 23 21 28 20 63 27 26 15 14 19 13 10 16 18 11 65 17 82 79 86 81 77 83 85 78 98 84 46 42 45 49 44 40 48 41 62 47 67 72 73 76 71 69 75 68 61 74 30 35 36 39 34 31 38 32 66 37 22 93 70 80 33 12 43 94 89 95 91 88 97 90 96 87 92 52 55 56 59 54 50 58 51 64 57 2  3  0  60 6  1  8  7  5  4  9  53 
28 26 25 21 24 27 29 22 63 20 18 16 15 10 14 11 17 19 12 65 83 85 79 77 82 78 84 86 80 98 41 48 46 42 40 45 47 49 43 62 75 73 68 67 69 72 74 76 70 61 38 36 32 30 31 35 37 39 33 66 23 88 71 81 34 13 44 96 94 90 95 97 89 92 91 93 87 58 56 51 52 50 55 57 59 53 64 3  0  4  2  60 8  9  6  1  5  7  54 
24 63 21 28 27 26 23 29 20 22 14 65 10 18 17 12 16 13 19 11 98 82 77 85 84 80 83 81 86 78 43 45 62 40 48 47 46 44 49 41 72 61 70 69 75 74 73 71 76 68 35 66 33 31 38 37 36 34 39 32 25 95 67 79 30 15 42 93 87 89 97 90 92 94 88 91 96 55 64 53 50 58 57 56 54 59 51 9  7  6  8  1  3  0  5  2  60 4  52 
22 25 63 20 29 23 27 24 21 28 12 15 65 11 19 18 13 17 14 10 79 80 98 78 86 85 81 84 82 77 48 43 42 62 41 49 44 47 45 40 70 67 75 61 68 76 71 74 72 69 33 30 38 66 32 39 34 37 35 31 26 94 73 83 36 16 46 90 95 93 87 96 91 88 92 89 97 53 52 58 64 51 59 54 57 55 50 5  1  8  4  0  6  60 3  7  9  2  56 
20 23 26 63 22 29 24 28 25 21 11 13 16 65 12 10 19 14 18 15 81 78 83 98 80 77 86 82 85 79 40 41 44 46 62 43 49 45 48 42 68 71 69 73 61 70 76 72 75 67 32 34 31 36 66 33 39 35 38 30 27 92 74 84 37 17 47 97 88 96 94 87 93 91 89 90 95 51 54 50 56 64 53 59 55 58 52 6  60 2  7  9  4  5  8  0  3  1  57 
26 22 24 27 63 20 21 25 29 23 16 12 14 17 65 13 11 10 15 19 80 83 82 84 98 81 78 77 79 86 44 46 43 45 47 62 41 40 42 49 73 70 71 72 74 61 68 69 67 76 36 33 34 35 37 66 32 31 30 39 28 90 75 85 38 18 48 88 93 94 89 92 87 96 97 95 91 56 53 54 55 57 64 51 50 52 59 7  6  60 9  8  0  4  1  3  2  5  58 
63 29 27 26 20 22 28 21 23 25 65 19 17 16 11 15 12 18 10 13 86 98 84 83 78 79 80 85 77 81 42 62 49 47 46 41 43 48 40 44 61 76 67 74 73 68 70 75 69 71 66 39 30 37 36 32 33 38 31 34 24 89 72 82 35 14 45 95 91 87 92 94 96 93 90 97 88 64 59 52 57 56 51 53 58 50 54 4  5  1  0  3  7  6  2  9  8  60 55 
97 92 88 95 90 89 93 96 94 87 31 37 34 30 38 66 35 33 32 36 27 21 23 25 28 63 24 22 20 26 61 69 74 71 67 75 72 70 68 73 50 57 64 54 52 58 55 53 51 56 0  6  60 3  9  7  4  2  1  5  91 86 59 29 8  39 76 98 84 77 81 79 85 82 80 78 83 40 47 62 44 42 48 45 43 41 46 19 15 18 11 16 12 13 14 65 17 10 49 
92 96 90 89 94 87 95 88 93 91 37 32 38 35 36 39 66 30 34 33 20 27 28 24 26 29 63 25 23 22 76 74 68 75 72 73 61 67 71 70 57 51 59 58 55 56 64 52 54 53 6  1  8  7  4  5  60 9  3  2  97 77 50 21 0  31 69 86 78 84 85 82 83 98 79 81 80 47 41 49 48 45 46 62 42 44 43 10 14 16 13 12 15 18 65 19 11 17 40 
88 90 93 91 95 97 87 94 89 92 34 38 33 39 30 37 31 66 36 35 28 23 22 29 25 27 21 63 26 24 74 71 75 70 76 67 69 61 73 72 54 58 57 53 59 52 50 64 56 55 3  7  6  2  8  9  0  60 5  4  96 78 51 20 1  32 68 84 85 81 80 86 79 77 98 83 82 44 48 47 43 49 42 40 62 46 45 11 19 15 16 14 65 12 10 17 18 13 41 
95 89 91 88 97 90 96 87 92 94 30 35 39 34 31 36 38 32 66 37 24 25 29 23 21 26 28 20 63 27 73 67 72 76 71 69 75 68 61 74 52 55 56 59 54 50 58 51 64 57 9  4  5  8  3  0  7  1  60 6  93 80 53 22 2  33 70 83 82 79 86 81 77 85 78 98 84 42 45 46 49 44 40 48 41 62 47 12 13 10 65 17 11 19 18 16 14 15 43 
90 94 95 97 89 92 91 93 87 96 38 36 30 31 35 32 37 39 33 66 26 28 25 21 24 20 27 29 22 63 68 75 73 67 69 72 74 76 70 61 58 56 51 52 50 55 57 59 53 64 7  5  1  9  0  4  6  8  2  60 88 81 54 23 3  34 71 78 83 85 79 77 82 84 86 80 98 48 46 41 42 40 45 47 49 43 62 13 10 14 12 65 19 15 17 11 16 18 44 
87 91 92 94 96 93 90 97 88 95 66 39 37 36 32 30 33 38 31 34 29 63 27 26 20 25 22 28 21 23 67 61 76 74 73 68 70 75 69 71 64 59 52 57 56 51 53 58 50 54 60 8  9  6  5  1  2  7  0  3  89 82 55 24 4  35 72 79 86 98 84 83 78 80 85 77 81 62 49 42 47 46 41 43 48 40 44 14 16 11 10 13 18 17 12 15 19 65 45 
89 87 97 90 92 94 88 91 96 93 35 66 31 38 37 33 36 34 39 32 63 24 21 28 27 22 26 23 29 20 70 72 61 69 75 74 73 71 76 68 55 64 53 50 58 57 56 54 59 51 4  60 2  0  7  6  5  3  8  1  95 79 52 25 9  30 67 80 98 82 77 85 84 83 81 86 78 45 62 43 40 48 47 46 44 49 41 15 18 17 19 11 13 10 16 12 65 14 42 
93 95 87 96 91 88 92 89 97 90 33 30 66 32 39 38 34 37 35 31 25 22 63 20 29 28 23 27 24 21 75 70 67 61 68 76 71 74 72 69 53 52 58 64 51 59 54 57 55 50 2  9  7  60 1  8  3  6  4  0  94 83 56 26 5  36 73 85 79 80 98 78 86 81 84 82 77 43 42 48 62 41 49 44 47 45 40 16 11 19 14 10 17 65 13 18 15 12 46 
96 88 94 87 93 91 89 90 95 97 32 34 36 66 33 31 39 35 38 30 23 20 26 63 22 21 29 24 28 25 69 68 71 73 61 70 76 72 75 67 51 54 50 56 64 53 59 55 58 52 1  3  0  5  60 2  8  4  7  9  92 84 57 27 6  37 74 77 81 78 83 98 80 86 82 85 79 41 44 40 46 62 43 49 45 48 42 17 65 12 18 15 14 16 19 10 13 11 47 
94 93 89 92 87 96 97 95 91 88 36 33 35 37 66 34 32 31 30 39 22 26 24 27 63 23 20 21 25 29 71 73 70 72 74 61 68 69 67 76 56 53 54 55 57 64 51 50 52 59 5  2  3  4  6  60 1  0  9  8  90 85 58 28 7  38 75 81 80 83 82 84 98 78 77 79 86 46 43 44 45 47 62 41 40 42 49 18 17 65 15 19 10 14 11 13 12 16 48 
74 68 75 72 73 61 67 71 70 76 92 96 90 89 94 91 87 95 88 93 41 47 48 45 46 49 62 42 44 43 39 37 32 38 35 36 66 30 34 33 6  1  8  7  4  5  60 9  3  2  84 78 86 85 82 83 98 79 81 80 69 50 0  40 77 97 31 59 51 57 58 55 56 64 52 54 53 17 11 19 18 14 16 65 15 13 12 21 24 26 23 22 25 28 63 29 20 27 10 
69 74 71 67 75 72 70 68 73 61 97 92 88 95 90 87 89 93 96 94 47 40 44 42 48 62 45 43 41 46 66 31 37 34 30 38 35 33 32 36 0  6  60 3  9  7  4  2  1  5  77 84 98 81 79 85 82 80 78 83 76 59 8  49 86 91 39 64 57 50 54 52 58 55 53 51 56 10 17 65 13 15 18 14 12 11 16 29 25 28 20 26 22 23 24 63 27 21 19 
71 75 70 76 67 69 61 73 72 74 88 90 93 91 95 92 97 87 94 89 48 44 43 49 42 47 40 62 46 45 37 34 38 33 39 30 31 66 36 35 3  7  6  2  8  9  0  60 5  4  81 85 84 80 86 79 77 98 83 82 68 51 1  41 78 96 32 57 58 54 53 59 52 50 64 56 55 13 18 17 12 19 15 10 65 16 14 20 29 25 26 24 63 22 21 27 28 23 11 
67 72 76 71 69 75 68 61 74 73 95 89 91 88 97 94 90 96 87 92 45 42 49 44 40 46 48 41 62 47 36 30 35 39 34 31 38 32 66 37 9  4  5  8  3  0  7  1  60 6  79 82 83 86 81 77 85 78 98 84 70 53 2  43 80 93 33 56 55 52 59 54 50 58 51 64 57 15 14 16 19 13 10 18 11 65 17 22 23 21 63 27 20 29 28 26 24 25 12 
75 73 67 69 72 74 76 70 61 68 90 94 95 97 89 96 92 91 93 87 46 48 42 40 45 41 47 49 43 62 32 38 36 30 31 35 37 39 33 66 7  5  1  9  0  4  6  8  2  60 85 83 78 79 77 82 84 86 80 98 71 54 3  44 81 88 34 51 56 58 52 50 55 57 59 53 64 18 16 11 15 10 14 17 19 12 65 23 21 24 22 63 29 25 27 20 26 28 13 
61 76 74 73 68 70 75 69 71 67 87 91 92 94 96 95 93 90 97 88 49 62 47 46 41 42 43 48 40 44 30 66 39 37 36 32 33 38 31 34 60 8  9  6  5  1  2  7  0  3  98 86 79 84 83 78 80 85 77 81 72 55 4  45 82 89 35 52 59 64 57 56 51 53 58 50 54 65 19 15 17 16 11 12 18 10 13 24 26 20 21 23 28 27 22 25 29 63 14 
72 61 69 75 74 73 71 76 68 70 89 87 97 90 92 93 94 88 91 96 62 45 40 48 47 43 46 44 49 41 33 35 66 31 38 37 36 34 39 32 4  60 2  0  7  6  5  3  8  1  82 98 80 77 85 84 83 81 86 78 67 52 9  42 79 95 30 53 64 55 50 58 57 56 54 59 51 14 65 12 10 18 17 16 13 19 11 25 28 27 29 20 23 21 26 22 63 24 15 
70 67 61 68 76 71 74 72 69 75 93 95 87 96 91 90 88 92 89 97 42 43 62 41 49 48 44 47 45 40 38 33 30 66 32 39 34 37 35 31 2  9  7  60 1  8  3  6  4  0  80 79 85 98 78 86 81 84 82 77 73 56 5  46 83 94 36 58 52 53 64 51 59 54 57 55 50 12 15 18 65 11 19 13 17 14 10 26 20 29 24 21 27 63 23 28 25 22 16 
68 71 73 61 70 76 72 75 67 69 96 88 94 87 93 97 91 89 90 95 44 41 46 62 43 40 49 45 48 42 31 32 34 36 66 33 39 35 38 30 1  3  0  5  60 2  8  4  7  9  78 81 77 83 98 80 86 82 85 79 74 57 6  47 84 92 37 50 54 51 56 64 53 59 55 58 52 11 13 10 16 65 12 19 14 18 15 27 63 22 28 25 24 26 29 21 23 20 17 
73 70 72 74 61 68 69 67 76 71 94 93 89 92 87 88 96 97 95 91 43 46 45 47 62 44 41 40 42 49 34 36 33 35 37 66 32 31 30 39 5  2  3  4  6  60 1  0  9  8  83 80 81 82 84 98 78 77 79 86 75 58 7  48 85 90 38 54 53 56 55 57 64 51 50 52 59 16 12 13 14 17 65 11 10 15 19 28 27 63 25 29 21 24 20 23 22 26 18 
98 86 84 83 78 80 85 77 81 79 60 8  6  5  1  9  2  7  0  3  91 87 92 94 96 95 93 90 97 88 52 64 59 57 56 51 53 58 50 54 62 49 42 47 46 41 43 48 40 44 65 19 15 17 16 11 12 18 10 13 82 24 45 89 14 4  55 25 29 63 27 26 20 22 28 21 23 61 76 67 74 73 68 70 75 69 71 35 36 32 31 34 38 37 33 30 39 66 72 
77 84 81 79 85 82 80 78 83 98 0  6  3  9  7  60 4  2  1  5  92 97 88 95 90 87 89 93 96 94 64 50 57 54 52 58 55 53 51 56 40 47 62 44 42 48 45 43 41 46 10 17 65 13 15 18 14 12 11 16 86 29 49 91 19 8  59 63 27 21 23 25 28 24 22 20 26 69 74 61 71 67 75 72 70 68 73 39 30 38 32 36 33 34 35 66 37 31 76 
84 78 85 82 83 98 79 81 80 86 6  1  7  4  5  8  60 9  3  2  96 92 90 89 94 91 87 95 88 93 59 57 51 58 55 56 64 52 54 53 47 41 49 48 45 46 62 42 44 43 17 11 19 18 14 16 65 15 13 12 77 21 40 97 10 0  50 29 20 27 28 24 26 63 25 23 22 74 68 76 75 72 73 61 67 71 70 31 35 36 34 33 30 38 66 39 32 37 69 
81 85 80 86 79 77 98 83 82 84 3  7  2  8  9  6  0  60 5  4  90 88 93 91 95 92 97 87 94 89 57 54 58 53 59 52 50 64 56 55 44 48 47 43 49 42 40 62 46 45 13 18 17 12 19 15 10 65 16 14 78 20 41 96 11 1  51 27 28 23 22 29 25 21 63 26 24 71 75 74 70 76 67 69 61 73 72 32 39 30 36 35 66 33 31 37 38 34 68 
79 82 86 81 77 85 78 98 84 83 9  4  8  3  0  5  7  1  60 6  89 95 91 88 97 94 90 96 87 92 56 52 55 59 54 50 58 51 64 57 42 45 46 49 44 40 48 41 62 47 15 14 16 19 13 10 18 11 65 17 80 22 43 93 12 2  53 26 24 25 29 23 21 28 20 63 27 67 72 73 76 71 69 75 68 61 74 33 34 31 66 37 32 39 38 36 35 30 70 
85 83 79 77 82 84 86 80 98 78 7  5  9  0  4  1  6  8  2  60 94 90 95 97 89 96 92 91 93 87 51 58 56 52 50 55 57 59 53 64 48 46 41 42 40 45 47 49 43 62 18 16 11 15 10 14 17 19 12 65 81 23 44 88 13 3  54 20 26 28 25 21 24 27 29 22 63 75 73 68 67 69 72 74 76 70 61 34 31 35 33 66 39 30 37 32 36 38 71 
82 98 77 85 84 83 81 86 78 80 4  60 0  7  6  2  5  3  8  1  87 89 97 90 92 93 94 88 91 96 53 55 64 50 58 57 56 54 59 51 45 62 43 40 48 47 46 44 49 41 14 65 12 10 18 17 16 13 19 11 79 25 42 95 15 9  52 22 63 24 21 28 27 26 23 29 20 72 61 70 69 75 74 73 71 76 68 30 38 37 39 32 34 31 36 33 66 35 67 
80 79 98 78 86 81 84 82 77 85 2  9  60 1  8  7  3  6  4  0  95 93 87 96 91 90 88 92 89 97 58 53 52 64 51 59 54 57 55 50 43 42 48 62 41 49 44 47 45 40 12 15 18 65 11 19 13 17 14 10 83 26 46 94 16 5  56 28 25 22 63 20 29 23 27 24 21 70 67 75 61 68 76 71 74 72 69 36 32 39 35 31 37 66 34 38 30 33 73 
78 81 83 98 80 86 82 85 79 77 1  3  5  60 2  0  8  4  7  9  88 96 94 87 93 97 91 89 90 95 50 51 54 56 64 53 59 55 58 52 41 44 40 46 62 43 49 45 48 42 11 13 10 16 65 12 19 14 18 15 84 27 47 92 17 6  57 21 23 20 26 63 22 29 24 28 25 68 71 69 73 61 70 76 72 75 67 37 66 33 38 30 35 36 39 31 34 32 74 
83 80 82 84 98 78 77 79 86 81 5  2  4  6  60 3  1  0  9  8  93 94 89 92 87 88 96 97 95 91 54 56 53 55 57 64 51 50 52 59 46 43 44 45 47 62 41 40 42 49 16 12 13 14 17 65 11 10 15 19 85 28 48 90 18 7  58 23 22 26 24 27 63 20 21 25 29 73 70 71 72 74 61 68 69 67 76 38 37 66 30 39 31 35 32 34 33 36 75 
31 37 34 30 38 35 33 32 36 66 69 74 71 67 75 61 72 70 68 73 17 10 13 15 18 65 14 12 11 16 87 97 92 88 95 90 89 93 96 94 77 84 98 81 79 85 82 80 78 83 50 57 64 54 52 58 55 53 51 56 39 8  86 19 59 76 91 60 6  0  3  9  7  4  2  1  5  21 27 63 23 25 28 24 22 20 26 49 42 48 41 46 43 44 45 62 47 40 29 
37 32 38 35 36 66 30 34 33 39 74 68 75 72 73 76 61 67 71 70 11 17 18 14 16 19 65 15 13 12 91 92 96 90 89 94 87 95 88 93 84 78 86 85 82 83 98 79 81 80 57 51 59 58 55 56 64 52 54 53 31 0  77 10 50 69 97 8  1  6  7  4  5  60 9  3  2  27 20 29 28 24 26 63 25 23 22 40 45 46 44 43 42 48 62 49 41 47 21 
66 39 37 36 32 33 38 31 34 30 61 76 74 73 68 67 70 75 69 71 19 65 17 16 11 15 12 18 10 13 95 87 91 92 94 96 93 90 97 88 98 86 79 84 83 78 80 85 77 81 64 59 52 57 56 51 53 58 50 54 35 4  82 14 55 72 89 9  8  60 6  5  1  2  7  0  3  63 29 25 27 26 20 22 28 21 23 45 46 41 40 44 48 47 43 42 49 62 24 
34 38 33 39 30 31 66 36 35 37 71 75 70 76 67 74 69 61 73 72 18 13 12 19 15 17 10 65 16 14 92 88 90 93 91 95 97 87 94 89 81 85 84 80 86 79 77 98 83 82 54 58 57 53 59 52 50 64 56 55 32 1  78 11 51 68 96 6  7  3  2  8  9  0  60 5  4  23 28 27 22 29 25 21 63 26 24 41 49 42 46 45 62 43 40 47 48 44 20 
30 35 39 34 31 38 32 66 37 36 67 72 76 71 69 73 75 68 61 74 14 15 19 13 10 16 18 11 65 17 94 95 89 91 88 97 90 96 87 92 79 82 83 86 81 77 85 78 98 84 52 55 56 59 54 50 58 51 64 57 33 2  80 12 53 70 93 5  4  9  8  3  0  7  1  60 6  25 24 26 29 23 21 28 20 63 27 43 44 40 62 47 41 49 48 46 45 42 22 
38 36 30 31 35 37 39 33 66 32 75 73 67 69 72 68 74 76 70 61 16 18 15 10 14 11 17 19 12 65 96 90 94 95 97 89 92 91 93 87 85 83 78 79 77 82 84 86 80 98 58 56 51 52 50 55 57 59 53 64 34 3  81 13 54 71 88 1  5  7  9  0  4  6  8  2  60 28 26 20 25 21 24 27 29 22 63 44 40 45 43 62 49 42 47 41 46 48 23 
35 66 31 38 37 36 34 39 32 33 72 61 69 75 74 70 73 71 76 68 65 14 10 18 17 12 16 13 19 11 93 89 87 97 90 92 94 88 91 96 82 98 80 77 85 84 83 81 86 78 55 64 53 50 58 57 56 54 59 51 30 9  79 15 52 67 95 2  60 4  0  7  6  5  3  8  1  24 63 22 21 28 27 26 23 29 20 42 48 47 49 41 44 40 46 43 62 45 25 
33 30 66 32 39 34 37 35 31 38 70 67 61 68 76 75 71 74 72 69 15 12 65 11 19 18 13 17 14 10 90 93 95 87 96 91 88 92 89 97 80 79 85 98 78 86 81 84 82 77 53 52 58 64 51 59 54 57 55 50 36 5  83 16 56 73 94 7  9  2  60 1  8  3  6  4  0  22 25 28 63 20 29 23 27 24 21 46 41 49 45 40 47 62 44 48 42 43 26 
32 34 36 66 33 39 35 38 30 31 68 71 73 61 70 69 76 72 75 67 13 11 16 65 12 10 19 14 18 15 97 96 88 94 87 93 91 89 90 95 78 81 77 83 98 80 86 82 85 79 51 54 50 56 64 53 59 55 58 52 37 6  84 17 57 74 92 0  3  1  5  60 2  8  4  7  9  20 23 21 26 63 22 29 24 28 25 47 62 43 48 42 45 46 49 40 44 41 27 
36 33 35 37 66 32 31 30 39 34 73 70 72 74 61 71 68 69 67 76 12 16 14 17 65 13 11 10 15 19 88 94 93 89 92 87 96 97 95 91 83 80 81 82 84 98 78 77 79 86 56 53 54 55 57 64 51 50 52 59 38 7  85 18 58 75 90 3  2  5  4  6  60 1  0  9  8  26 22 23 24 27 63 20 21 25 29 48 47 62 42 49 40 45 41 44 43 46 28 
10 17 13 15 18 14 12 11 16 65 40 47 44 42 48 62 45 43 41 46 6  0  3  9  7  60 4  2  1  5  63 21 27 23 25 28 24 22 20 26 97 92 87 88 95 90 89 93 96 94 69 74 61 71 67 75 72 70 68 73 19 39 91 8  76 49 29 66 37 31 34 30 38 35 33 32 36 77 84 98 81 79 85 82 80 78 83 59 52 58 51 56 53 54 55 64 57 50 86 
17 11 18 14 16 65 15 13 12 19 47 41 48 45 46 49 62 42 44 43 1  6  7  4  5  8  60 9  3  2  29 27 20 28 24 26 63 25 23 22 92 96 91 90 89 94 87 95 88 93 74 68 76 75 72 73 61 67 71 70 10 31 97 0  69 40 21 39 32 37 38 35 36 66 30 34 33 84 78 86 85 82 83 98 79 81 80 50 55 56 54 53 52 58 64 59 51 57 77 
65 19 17 16 11 12 18 10 13 15 62 49 47 46 41 42 43 48 40 44 8  60 6  5  1  9  2  7  0  3  25 63 29 27 26 20 22 28 21 23 87 91 95 92 94 96 93 90 97 88 61 76 67 74 73 68 70 75 69 71 14 35 89 4  72 45 24 30 39 66 37 36 32 33 38 31 34 98 86 79 84 83 78 80 85 77 81 55 56 51 50 54 58 57 53 52 59 64 82 
13 18 12 19 15 10 65 16 14 17 44 48 43 49 42 47 40 62 46 45 7  3  2  8  9  6  0  60 5  4  27 23 28 22 29 25 21 63 26 24 88 90 92 93 91 95 97 87 94 89 71 75 74 70 76 67 69 61 73 72 11 32 96 1  68 41 20 37 38 34 33 39 30 31 66 36 35 81 85 84 80 86 79 77 98 83 82 51 59 52 56 55 64 53 50 57 58 54 78 
15 14 19 13 10 18 11 65 17 16 42 45 49 44 40 46 48 41 62 47 4  9  8  3  0  5  7  1  60 6  26 25 24 29 23 21 28 20 63 27 95 89 94 91 88 97 90 96 87 92 67 72 73 76 71 69 75 68 61 74 12 33 93 2  70 43 22 36 35 30 39 34 31 38 32 66 37 79 82 83 86 81 77 85 78 98 84 53 54 50 64 57 51 59 58 56 55 52 80 
18 16 15 10 14 17 19 12 65 11 48 46 42 40 45 41 47 49 43 62 5  7  9  0  4  1  6  8  2  60 20 28 26 25 21 24 27 29 22 63 90 94 96 95 97 89 92 91 93 87 75 73 68 67 69 72 74 76 70 61 13 34 88 3  71 44 23 32 36 38 30 31 35 37 39 33 66 85 83 78 79 77 82 84 86 80 98 54 50 55 53 64 59 52 57 51 56 58 81 
14 65 10 18 17 16 13 19 11 12 45 62 40 48 47 43 46 44 49 41 60 4  0  7  6  2  5  3  8  1  22 24 63 21 28 27 26 23 29 20 89 87 93 97 90 92 94 88 91 96 72 61 70 69 75 74 73 71 76 68 15 30 95 9  67 42 25 33 66 35 31 38 37 36 34 39 32 82 98 80 77 85 84 83 81 86 78 52 58 57 59 51 54 50 56 53 64 55 79 
12 15 65 11 19 13 17 14 10 18 43 42 62 41 49 48 44 47 45 40 9  2  60 1  8  7  3  6  4  0  28 22 25 63 20 29 23 27 24 21 93 95 90 87 96 91 88 92 89 97 70 67 75 61 68 76 71 74 72 69 16 36 94 5  73 46 26 38 30 33 66 32 39 34 37 35 31 80 79 85 98 78 86 81 84 82 77 56 51 59 55 50 57 64 54 58 52 53 83 
11 13 16 65 12 19 14 18 15 10 41 44 46 62 43 40 49 45 48 42 3  1  5  60 2  0  8  4  7  9  21 20 23 26 63 22 29 24 28 25 96 88 97 94 87 93 91 89 90 95 68 71 69 73 61 70 76 72 75 67 17 37 92 6  74 47 27 31 34 32 36 66 33 39 35 38 30 78 81 77 83 98 80 86 82 85 79 57 64 53 58 52 55 56 59 50 54 51 84 
16 12 14 17 65 11 10 15 19 13 46 43 45 47 62 44 41 40 42 49 2  5  4  6  60 3  1  0  9  8  23 26 22 24 27 63 20 21 25 29 94 93 88 89 92 87 96 97 95 91 73 70 71 72 74 61 68 69 67 76 18 38 90 7  75 48 28 34 33 36 35 37 66 32 31 30 39 83 80 81 82 84 98 78 77 79 86 58 57 64 52 59 50 55 51 54 53 56 85 
29 21 20 22 23 25 26 27 28 24 19 10 11 12 13 14 15 16 17 18 77 86 78 80 81 82 79 83 84 85 45 49 40 41 43 44 42 46 47 48 76 69 72 68 70 71 67 73 74 75 39 31 35 32 33 34 30 36 37 38 62 61 66 64 87 63 65 89 97 91 96 93 88 95 94 92 90 59 50 55 51 53 54 52 56 57 58 98 2  3  6  7  5  1  9  4  0  8  60 
8  0  1  2  3  9  5  6  7  4  59 50 51 53 54 55 52 56 57 58 31 39 32 33 34 35 30 36 37 38 82 86 77 78 80 81 79 83 84 85 29 21 24 20 22 23 25 26 27 28 49 40 45 41 43 44 42 46 47 48 98 63 62 87 65 60 64 14 10 19 11 12 13 15 16 17 18 91 97 89 96 93 88 95 94 92 90 66 70 71 74 75 73 68 67 72 69 76 61 
39 31 32 33 34 30 36 37 38 35 76 69 68 70 71 72 67 73 74 75 10 19 11 12 13 14 15 16 17 18 89 91 97 96 93 88 95 94 92 90 86 77 82 78 80 81 79 83 84 85 59 50 55 51 53 54 52 56 57 58 87 98 64 63 60 66 61 4  0  8  1  2  3  9  5  6  7  29 21 24 20 22 23 25 26 27 28 65 43 44 47 48 46 41 42 45 40 49 62 
76 69 68 70 71 67 73 74 75 72 91 97 96 93 88 89 95 94 92 90 40 49 41 43 44 45 42 46 47 48 35 39 31 32 33 34 30 36 37 38 8  0  4  1  2  3  9  5  6  7  86 77 82 78 80 81 79 83 84 85 66 60 98 65 64 61 87 55 50 59 51 53 54 52 56 57 58 19 10 14 11 12 13 15 16 17 18 62 22 23 27 28 26 20 25 24 21 29 63 
19 10 11 12 13 15 16 17 18 14 49 40 41 43 44 45 42 46 47 48 0  8  1  2  3  4  9  5  6  7  24 29 21 20 22 23 25 26 27 28 91 97 89 96 93 88 95 94 92 90 76 69 72 68 70 71 67 73 74 75 63 87 61 98 66 65 62 35 31 39 32 33 34 30 36 37 38 86 77 82 78 80 81 79 83 84 85 60 53 54 57 58 56 51 52 55 50 59 64 
91 97 96 93 88 95 94 92 90 89 39 31 32 33 34 35 30 36 37 38 21 29 20 22 23 24 25 26 27 28 72 76 69 68 70 71 67 73 74 75 59 50 55 51 53 54 52 56 57 58 8  0  4  1  2  3  9  5  6  7  61 64 60 62 98 87 66 82 77 86 78 80 81 79 83 84 85 49 40 45 41 43 44 42 46 47 48 63 12 13 17 18 16 11 15 14 10 19 65 
86 77 78 80 81 79 83 84 85 82 8  0  1  2  3  4  9  5  6  7  97 91 96 93 88 89 95 94 92 90 55 59 50 51 53 54 52 56 57 58 49 40 45 41 43 44 42 46 47 48 19 10 14 11 12 13 15 16 17 18 64 62 65 61 63 98 60 24 21 29 20 22 23 25 26 27 28 76 69 72 68 70 71 67 73 74 75 87 33 34 37 38 36 32 30 35 31 39 66 
60 8  6  5  1  2  7  0  3  9  64 59 57 56 51 52 53 58 50 54 39 66 37 36 32 30 33 38 31 34 79 98 86 84 83 78 80 85 77 81 63 29 25 27 26 20 22 28 21 23 62 49 42 47 46 41 43 48 40 44 4  14 24 35 45 55 82 15 19 65 17 16 11 12 18 10 13 87 91 95 92 94 96 93 90 97 88 72 73 68 69 71 75 74 70 67 76 61 89 
6  1  7  4  5  60 9  3  2  8  57 51 58 55 56 59 64 52 54 53 32 37 38 35 36 39 66 30 34 33 86 84 78 85 82 83 98 79 81 80 27 20 29 28 24 26 63 25 23 22 47 41 49 48 45 46 62 42 44 43 0  10 21 31 40 50 77 19 11 17 18 14 16 65 15 13 12 92 96 91 90 89 94 87 95 88 93 69 72 73 71 70 67 75 61 76 68 74 97 
0  6  3  9  7  4  2  1  5  60 50 57 54 52 58 64 55 53 51 56 37 31 34 30 38 66 35 33 32 36 98 77 84 81 79 85 82 80 78 83 21 27 63 23 25 28 24 22 20 26 40 47 62 44 42 48 45 43 41 46 8  19 29 39 49 59 86 65 17 10 13 15 18 14 12 11 16 97 92 87 88 95 90 89 93 96 94 76 67 75 68 73 70 71 72 61 74 69 91 
3  7  2  8  9  0  60 5  4  6  54 58 53 59 52 57 50 64 56 55 38 34 33 39 30 37 31 66 36 35 84 81 85 80 86 79 77 98 83 82 23 28 27 22 29 25 21 63 26 24 44 48 47 43 49 42 40 62 46 45 1  11 20 32 41 51 78 17 18 13 12 19 15 10 65 16 14 88 90 92 93 91 95 97 87 94 89 68 76 67 73 72 61 70 69 74 75 71 96 
9  4  8  3  0  7  1  60 6  5  52 55 59 54 50 56 58 51 64 57 35 30 39 34 31 36 38 32 66 37 83 79 82 86 81 77 85 78 98 84 25 24 26 29 23 21 28 20 63 27 42 45 46 49 44 40 48 41 62 47 2  12 22 33 43 53 80 16 14 15 19 13 10 18 11 65 17 95 89 94 91 88 97 90 96 87 92 70 71 69 61 74 68 76 75 73 72 67 93 
7  5  9  0  4  6  8  2  60 1  58 56 52 50 55 51 57 59 53 64 36 38 30 31 35 32 37 39 33 66 78 85 83 79 77 82 84 86 80 98 28 26 20 25 21 24 27 29 22 63 48 46 41 42 40 45 47 49 43 62 3  13 23 34 44 54 81 11 16 18 15 10 14 17 19 12 65 90 94 96 95 97 89 92 91 93 87 71 69 72 70 61 76 67 74 68 73 75 88 
4  60 0  7  6  5  3  8  1  2  55 64 50 58 57 53 56 54 59 51 66 35 31 38 37 33 36 34 39 32 80 82 98 77 85 84 83 81 86 78 24 63 22 21 28 27 26 23 29 20 45 62 43 40 48 47 46 44 49 41 9  15 25 30 42 52 79 12 65 14 10 18 17 16 13 19 11 89 87 93 97 90 92 94 88 91 96 67 75 74 76 68 71 69 73 70 61 72 95 
2  9  60 1  8  3  6  4  0  7  53 52 64 51 59 58 54 57 55 50 30 33 66 32 39 38 34 37 35 31 85 80 79 98 78 86 81 84 82 77 22 25 28 63 20 29 23 27 24 21 43 42 48 62 41 49 44 47 45 40 5  16 26 36 46 56 83 18 15 12 65 11 19 13 17 14 10 93 95 90 87 96 91 88 92 89 97 73 68 76 72 69 74 61 71 75 67 70 94 
1  3  5  60 2  8  4  7  9  0  51 54 56 64 53 50 59 55 58 52 34 32 36 66 33 31 39 35 38 30 77 78 81 83 98 80 86 82 85 79 20 23 21 26 63 22 29 24 28 25 41 44 40 46 62 43 49 45 48 42 6  17 27 37 47 57 84 10 13 11 16 65 12 19 14 18 15 96 88 97 94 87 93 91 89 90 95 74 61 70 75 67 72 73 76 69 71 68 92 
5  2  4  6  60 1  0  9  8  3  56 53 55 57 64 54 51 50 52 59 33 36 35 37 66 34 32 31 30 39 81 83 80 82 84 98 78 77 79 86 26 22 23 24 27 63 20 21 25 29 46 43 44 45 47 62 41 40 42 49 7  18 28 38 48 58 85 13 12 16 14 17 65 11 10 15 19 94 93 88 89 92 87 96 97 95 91 75 74 61 67 76 69 72 68 71 70 73 90 
40 47 44 42 48 45 43 41 46 62 21 27 23 25 28 63 24 22 20 26 57 50 54 52 58 64 55 53 51 56 65 10 17 13 15 18 14 12 11 16 31 37 66 34 30 38 35 33 32 36 97 92 87 88 95 90 89 93 96 94 49 76 39 59 91 29 19 61 74 69 71 67 75 72 70 68 73 0  6  60 3  9  7  4  2  1  5  86 79 85 78 83 80 81 82 98 84 77 8  
47 41 48 45 46 62 42 44 43 49 27 20 28 24 26 29 63 25 23 22 51 57 58 55 56 59 64 52 54 53 19 17 11 18 14 16 65 15 13 12 37 32 39 38 35 36 66 30 34 33 92 96 91 90 89 94 87 95 88 93 40 69 31 50 97 21 10 76 68 74 75 72 73 61 67 71 70 6  1  8  7  4  5  60 9  3  2  77 82 83 81 80 79 85 98 86 78 84 0  
62 49 47 46 41 43 48 40 44 42 63 29 27 26 20 25 22 28 21 23 59 64 57 56 51 52 53 58 50 54 15 65 19 17 16 11 12 18 10 13 66 39 30 37 36 32 33 38 31 34 87 91 95 92 94 96 93 90 97 88 45 72 35 55 89 24 14 67 76 61 74 73 68 70 75 69 71 60 8  9  6  5  1  2  7  0  3  82 83 78 77 81 85 84 80 79 86 98 4  
44 48 43 49 42 40 62 46 45 47 23 28 22 29 25 27 21 63 26 24 58 54 53 59 52 57 50 64 56 55 17 13 18 12 19 15 10 65 16 14 34 38 37 33 39 30 31 66 36 35 88 90 92 93 91 95 97 87 94 89 41 68 32 51 96 20 11 74 75 71 70 76 67 69 61 73 72 3  7  6  2  8  9  0  60 5  4  78 86 79 83 82 98 80 77 84 85 81 1  
42 45 49 44 40 48 41 62 47 46 25 24 29 23 21 26 28 20 63 27 55 52 59 54 50 56 58 51 64 57 16 15 14 19 13 10 18 11 65 17 30 35 36 39 34 31 38 32 66 37 95 89 94 91 88 97 90 96 87 92 43 70 33 53 93 22 12 73 72 67 76 71 69 75 68 61 74 9  4  5  8  3  0  7  1  60 6  80 81 77 98 84 78 86 85 83 82 79 2  
48 46 42 40 45 47 49 43 62 41 28 26 25 21 24 20 27 29 22 63 56 58 52 50 55 51 57 59 53 64 11 18 16 15 10 14 17 19 12 65 38 36 32 30 31 35 37 39 33 66 90 94 96 95 97 89 92 91 93 87 44 71 34 54 88 23 13 68 73 75 67 69 72 74 76 70 61 7  5  1  9  0  4  6  8  2  60 81 77 82 80 98 86 79 84 78 83 85 3  
45 62 40 48 47 46 44 49 41 43 24 63 21 28 27 22 26 23 29 20 64 55 50 58 57 53 56 54 59 51 12 14 65 10 18 17 16 13 19 11 35 66 33 31 38 37 36 34 39 32 89 87 93 97 90 92 94 88 91 96 42 67 30 52 95 25 15 70 61 72 69 75 74 73 71 76 68 4  60 2  0  7  6  5  3  8  1  79 85 84 86 78 81 77 83 80 98 82 9  
43 42 62 41 49 44 47 45 40 48 22 25 63 20 29 28 23 27 24 21 52 53 64 51 59 58 54 57 55 50 18 12 15 65 11 19 13 17 14 10 33 30 38 66 32 39 34 37 35 31 93 95 90 87 96 91 88 92 89 97 46 73 36 56 94 26 16 75 67 70 61 68 76 71 74 72 69 2  9  7  60 1  8  3  6  4  0  83 78 86 82 77 84 98 81 85 79 80 5  
41 44 46 62 43 49 45 48 42 40 20 23 26 63 22 21 29 24 28 25 54 51 56 64 53 50 59 55 58 52 10 11 13 16 65 12 19 14 18 15 32 34 31 36 66 33 39 35 38 30 96 88 97 94 87 93 91 89 90 95 47 74 37 57 92 27 17 69 71 68 73 61 70 76 72 75 67 1  3  0  5  60 2  8  4  7  9  84 98 80 85 79 82 83 86 77 81 78 6  
46 43 45 47 62 41 40 42 49 44 26 22 24 27 63 23 20 21 25 29 53 56 55 57 64 54 51 50 52 59 13 16 12 14 17 65 11 10 15 19 36 33 34 35 37 66 32 31 30 39 94 93 88 89 92 87 96 97 95 91 48 75 38 58 90 28 18 71 70 73 72 74 61 68 69 67 76 5  2  3  4  6  60 1  0  9  8  85 84 98 79 86 77 82 78 81 80 83 7  
59 50 51 53 54 52 56 57 58 55 86 77 78 80 81 82 79 83 84 85 69 76 68 70 71 72 67 73 74 75 4  8  0  1  2  3  9  5  6  7  19 10 14 11 12 13 15 16 17 18 29 21 24 20 22 23 25 26 27 28 60 65 63 66 62 64 98 45 40 49 41 43 44 42 46 47 48 39 31 35 32 33 34 30 36 37 38 61 93 88 92 90 94 96 95 89 97 91 87 
52 55 59 54 50 58 51 64 57 56 79 82 86 81 77 83 85 78 98 84 72 67 76 71 69 73 75 68 61 74 5  9  4  8  3  0  7  1  60 6  15 14 16 19 13 10 18 11 65 17 25 24 26 29 23 21 28 20 63 27 53 43 12 70 22 80 2  46 45 42 49 44 40 48 41 62 47 30 35 36 39 34 31 38 32 66 37 93 88 97 87 92 96 91 90 94 89 95 33 
58 56 52 50 55 57 59 53 64 51 85 83 79 77 82 78 84 86 80 98 73 75 67 69 72 68 74 76 70 61 1  7  5  9  0  4  6  8  2  60 18 16 11 15 10 14 17 19 12 65 28 26 20 25 21 24 27 29 22 63 54 44 13 71 23 81 3  41 46 48 42 40 45 47 49 43 62 38 36 32 30 31 35 37 39 33 66 88 97 89 93 87 91 95 92 96 94 90 34 
51 54 56 64 53 59 55 58 52 50 78 81 83 98 80 77 86 82 85 79 71 68 73 61 70 69 76 72 75 67 0  1  3  5  60 2  8  4  7  9  11 13 10 16 65 12 19 14 18 15 20 23 21 26 63 22 29 24 28 25 57 47 17 74 27 84 6  40 44 41 46 62 43 49 45 48 42 32 34 31 36 66 33 39 35 38 30 92 87 93 90 95 89 94 91 97 88 96 37 
56 53 55 57 64 51 50 52 59 54 83 80 82 84 98 81 78 77 79 86 70 73 72 74 61 71 68 69 67 76 3  5  2  4  6  60 1  0  9  8  16 12 13 14 17 65 11 10 15 19 26 22 23 24 27 63 20 21 25 29 58 48 18 75 28 85 7  44 43 46 45 47 62 41 40 42 49 36 33 34 35 37 66 32 31 30 39 90 92 87 95 91 97 89 96 88 93 94 38 
53 52 64 51 59 54 57 55 50 58 80 79 98 78 86 85 81 84 82 77 67 70 61 68 76 75 71 74 72 69 7  2  9  60 1  8  3  6  4  0  12 15 18 65 11 19 13 17 14 10 22 25 28 63 20 29 23 27 24 21 56 46 16 73 26 83 5  48 42 43 62 41 49 44 47 45 40 33 30 38 66 32 39 34 37 35 31 94 96 91 89 97 92 87 88 90 95 93 36 
54 58 53 59 52 50 64 56 55 57 81 85 80 86 79 84 77 98 83 82 75 71 70 76 67 74 69 61 73 72 6  3  7  2  8  9  0  60 5  4  13 18 17 12 19 15 10 65 16 14 23 28 27 22 29 25 21 63 26 24 51 41 11 68 20 78 1  47 48 44 43 49 42 40 62 46 45 34 38 37 33 39 30 31 66 36 35 96 91 95 94 89 87 93 97 92 90 88 32 
55 64 50 58 57 56 54 59 51 53 82 98 77 85 84 80 83 81 86 78 61 72 69 75 74 70 73 71 76 68 2  4  60 0  7  6  5  3  8  1  14 65 12 10 18 17 16 13 19 11 24 63 22 21 28 27 26 23 29 20 52 42 15 67 25 79 9  43 62 45 40 48 47 46 44 49 41 35 66 33 31 38 37 36 34 39 32 95 90 92 91 96 88 97 94 93 87 89 30 
64 59 57 56 51 53 58 50 54 52 98 86 84 83 78 79 80 85 77 81 76 61 74 73 68 67 70 75 69 71 9  60 8  6  5  1  2  7  0  3  65 19 15 17 16 11 12 18 10 13 63 29 25 27 26 20 22 28 21 23 55 45 14 72 24 82 4  42 49 62 47 46 41 43 48 40 44 66 39 30 37 36 32 33 38 31 34 89 94 96 97 88 90 92 93 95 91 87 35 
57 51 58 55 56 64 52 54 53 59 84 78 85 82 83 86 98 79 81 80 68 74 75 72 73 76 61 67 71 70 8  6  1  7  4  5  60 9  3  2  17 11 19 18 14 16 65 15 13 12 27 20 29 28 24 26 63 25 23 22 50 40 10 69 21 77 0  49 41 47 48 45 46 62 42 44 43 37 32 39 38 35 36 66 30 34 33 97 89 94 88 93 95 90 87 91 96 92 31 
50 57 54 52 58 55 53 51 56 64 77 84 81 79 85 98 82 80 78 83 74 69 71 67 75 61 72 70 68 73 60 0  6  3  9  7  4  2  1  5  10 17 65 13 15 18 14 12 11 16 21 27 63 23 25 28 24 22 20 26 59 49 19 76 29 86 8  62 47 40 44 42 48 45 43 41 46 31 37 66 34 30 38 35 33 32 36 91 95 90 96 94 93 88 89 87 92 97 39 
49 40 41 43 44 42 46 47 48 45 29 21 20 22 23 24 25 26 27 28 50 59 51 53 54 55 52 56 57 58 14 19 10 11 12 13 15 16 17 18 39 31 35 32 33 34 30 36 37 38 91 97 89 96 93 88 95 94 92 90 65 66 87 60 61 62 63 72 69 76 68 70 71 67 73 74 75 8  0  4  1  2  3  9  5  6  7  64 80 81 84 85 83 78 79 82 77 86 98 
