3  89 2  7  5  1  4  6  57 62 60 63 59 61 97 58 93 30 29 26 24 27 31 25 44 42 45 41 43 98 40 47 84 81 87 82 86 80 88 85 94 32 39 36 34 37 33 35 9  95 14 13 10 8  11 15 92 73 72 77 75 78 74 76 55 96 52 51 48 54 49 53 23 16 17 18 19 20 21 22 65 70 68 71 67 69 90 66 64 0  50 28 91 46 83 56 12 79 38 
0  2  6  4  7  3  5  89 58 61 57 59 97 56 63 60 26 93 31 30 27 25 28 24 45 46 47 40 41 42 43 44 82 84 88 81 80 85 83 86 39 38 35 33 36 32 34 94 11 14 10 12 95 9  8  13 77 92 74 73 78 76 79 75 49 52 48 50 96 55 54 51 19 22 18 20 91 17 16 21 70 71 64 65 66 67 68 69 90 1  53 29 23 98 87 62 15 72 37 
89 7  4  3  1  6  0  5  62 63 56 57 58 59 60 61 31 29 24 28 30 93 27 26 41 44 40 42 98 47 46 43 88 87 86 83 81 84 80 82 36 94 33 32 37 35 38 34 12 11 8  14 9  13 15 95 74 72 75 79 73 92 78 77 50 49 54 52 55 51 53 96 17 91 22 21 18 16 19 23 69 67 70 66 68 90 65 64 71 2  48 25 20 45 85 97 10 76 39 
1  6  89 5  4  0  7  2  60 56 58 97 63 62 59 57 30 26 28 93 25 24 29 27 47 98 44 43 40 46 41 45 81 82 83 84 85 86 87 80 35 37 94 34 33 38 36 39 8  10 95 15 14 11 9  12 73 77 79 92 76 75 72 78 54 48 96 53 52 49 55 50 91 21 20 17 23 18 22 16 71 65 90 70 69 66 64 67 68 3  51 31 19 42 88 61 13 74 32 
7  3  0  89 6  5  2  1  63 57 97 62 61 58 56 59 27 24 30 25 29 31 93 28 42 41 46 44 47 43 45 98 80 86 81 85 87 88 84 83 32 36 38 94 35 34 39 37 10 15 13 8  12 14 95 11 78 75 73 76 72 74 92 79 48 53 51 54 50 52 96 49 22 20 23 19 21 91 18 17 90 68 67 64 70 65 69 71 66 4  55 26 16 40 82 60 9  77 33 
4  0  1  2  89 7  6  3  59 58 63 61 56 60 62 97 25 27 93 24 31 28 26 29 46 40 98 45 44 41 47 42 85 80 84 86 88 83 82 87 38 33 37 39 94 36 35 32 95 13 12 9  15 10 14 8  76 78 92 75 74 79 77 72 96 51 50 55 53 48 52 54 21 17 19 91 16 23 20 18 68 64 66 90 71 70 67 65 69 5  49 30 22 43 81 57 11 73 34 
2  4  5  0  3  89 1  7  61 59 62 58 60 97 57 56 28 31 27 29 93 26 25 30 40 45 43 46 42 44 98 41 83 88 80 87 84 82 85 81 33 39 34 38 32 94 37 36 15 8  9  10 11 12 13 14 79 74 78 72 92 77 76 73 53 54 55 48 49 50 51 52 18 23 21 16 20 22 91 19 67 66 71 69 64 68 70 90 65 6  96 24 17 47 86 63 95 75 35 
5  1  3  6  2  4  89 0  97 60 59 56 62 57 61 63 24 25 26 27 28 29 30 31 98 43 42 47 45 40 44 46 86 85 82 80 83 87 81 88 37 34 32 35 39 33 94 38 14 12 15 11 13 95 10 9  75 76 77 78 79 72 73 74 52 50 53 49 51 96 48 55 16 18 91 23 22 19 17 20 64 90 69 68 65 71 66 70 67 7  54 93 21 41 84 58 8  92 36 
97 60 57 56 61 59 62 58 10 9  14 12 15 11 13 95 66 67 68 69 70 71 64 65 39 38 35 33 36 32 34 94 79 74 78 72 92 77 76 73 3  7  0  89 6  5  2  1  23 21 16 20 22 91 19 18 25 27 93 24 31 28 26 29 87 84 82 85 81 83 88 80 51 49 52 48 50 96 55 54 42 46 40 98 45 44 41 47 43 63 86 90 53 37 75 8  17 30 4  
63 57 58 62 56 97 61 60 95 11 10 15 13 8  12 14 69 66 64 67 71 65 90 70 35 37 94 34 33 38 36 39 72 79 76 74 77 73 75 92 0  4  1  2  89 7  6  3  19 16 22 17 21 23 91 20 24 25 26 27 28 29 30 31 88 82 81 86 84 87 83 85 50 54 48 96 53 52 49 55 46 98 43 42 47 45 40 44 41 59 80 68 51 32 78 9  18 93 5  
62 63 59 57 60 56 58 97 15 95 12 11 8  14 9  13 65 71 66 70 64 90 69 68 37 34 32 35 39 33 94 38 73 77 79 92 76 75 72 78 4  2  5  0  3  89 1  7  21 20 17 23 18 22 16 91 29 28 25 31 26 30 24 93 84 85 86 87 80 81 82 83 55 52 50 53 49 51 96 48 40 43 47 41 98 46 45 42 44 61 88 67 54 36 74 10 19 27 6  
59 58 60 61 62 63 56 57 14 8  95 13 12 9  15 10 67 69 90 66 65 70 68 71 94 32 39 36 34 37 33 35 74 72 75 79 73 92 78 77 1  5  3  6  2  4  89 0  91 22 21 18 16 19 23 17 27 24 30 25 29 31 93 28 83 81 84 80 82 88 87 86 53 55 96 52 51 48 54 49 98 42 41 46 44 47 43 45 40 97 85 64 50 38 76 11 20 26 7  
57 62 61 63 97 60 59 56 11 15 9  95 14 13 10 8  90 64 71 68 66 69 65 67 34 35 36 37 38 39 32 33 75 76 77 78 79 72 73 74 2  0  6  4  7  3  5  89 18 91 23 22 19 17 20 16 30 26 28 93 25 24 29 27 80 83 87 81 88 86 85 82 48 51 55 49 96 54 53 50 45 47 98 44 43 40 46 41 42 58 84 70 52 94 92 12 21 31 1  
60 56 62 97 59 58 63 61 9  12 8  10 95 15 14 11 64 68 70 90 67 66 71 69 33 39 34 38 32 94 37 36 76 78 92 75 74 79 77 72 89 3  2  7  5  1  4  6  17 19 91 16 23 20 18 21 26 93 31 30 27 25 28 24 86 88 83 82 87 85 80 84 52 53 54 55 48 49 50 51 44 45 46 47 40 41 42 43 98 57 81 65 96 35 73 13 22 29 0  
56 97 63 60 58 61 57 59 12 10 13 9  11 95 8  15 71 70 67 65 68 64 66 90 38 33 37 39 94 36 35 32 77 92 74 73 78 76 79 75 7  89 4  3  1  6  0  5  22 18 20 91 17 16 21 19 28 31 27 29 93 26 25 30 81 80 85 83 86 82 84 88 54 96 51 50 55 53 48 52 41 40 45 43 46 42 44 98 47 62 87 69 49 34 72 14 23 24 2  
58 61 56 59 63 57 97 62 8  13 11 14 10 12 95 9  68 90 65 64 69 67 70 66 36 94 33 32 37 35 38 34 78 75 73 76 72 74 92 79 6  1  89 5  4  0  7  2  20 23 19 21 91 18 17 22 93 30 29 26 24 27 31 25 85 87 88 84 83 80 86 81 96 50 49 54 52 55 51 53 47 44 42 45 41 43 98 40 46 60 82 71 48 39 77 15 16 28 3  
29 24 27 30 26 28 93 25 71 66 70 64 90 69 68 65 18 17 22 20 23 19 21 91 86 87 80 81 82 83 84 85 62 56 97 61 60 57 63 58 73 75 92 72 79 76 74 77 44 46 98 43 42 47 45 40 95 10 9  14 12 15 11 13 5  89 2  0  6  4  7  3  39 32 33 34 35 36 37 38 55 49 96 54 53 50 48 51 52 31 1  16 94 88 59 67 41 8  78 
93 31 28 27 24 30 25 29 90 65 64 69 67 70 66 68 91 19 18 23 21 16 20 22 88 84 83 80 86 81 85 87 58 57 62 60 63 59 61 97 78 74 76 92 73 72 77 75 46 43 41 44 40 42 98 47 13 15 95 12 11 8  14 9  89 0  1  5  3  6  2  4  37 33 35 94 32 39 36 34 96 52 51 48 54 49 53 55 50 26 7  17 38 82 56 71 45 10 79 
26 28 29 25 27 93 24 31 68 70 90 67 66 71 69 64 23 91 20 19 16 22 17 21 83 82 87 85 80 84 86 88 60 58 61 57 59 97 56 63 76 79 75 77 92 74 73 78 98 41 40 45 43 46 42 44 12 13 14 15 8  9  10 11 2  1  3  7  0  89 6  5  32 34 94 39 38 35 33 36 52 48 50 96 55 54 51 49 53 30 4  18 37 81 62 65 47 95 72 
25 26 30 28 31 27 29 93 67 68 69 70 71 64 65 66 22 16 91 21 20 17 23 18 82 85 81 83 88 80 87 84 97 59 58 63 61 56 60 62 79 77 72 76 78 92 75 74 43 44 45 46 47 40 41 42 9  8  13 11 14 10 12 95 0  5  7  89 4  3  1  6  36 35 32 38 33 37 39 94 51 50 55 53 48 52 54 96 49 24 2  19 34 86 57 90 98 15 73 
30 29 31 24 25 26 27 28 64 71 68 66 69 65 67 90 19 23 17 91 22 21 18 16 87 81 88 86 85 82 80 83 57 60 56 58 97 63 62 59 75 72 78 73 77 79 92 76 42 40 43 47 41 98 46 45 15 12 10 13 9  11 95 8  6  3  0  4  1  2  89 7  38 36 39 35 37 94 34 33 48 96 53 52 49 55 50 54 51 93 5  20 32 84 61 70 44 14 74 
28 25 24 26 93 31 30 27 70 67 65 68 64 66 90 71 17 20 16 18 91 23 22 19 85 83 86 82 84 88 81 80 56 61 59 62 58 60 97 57 77 76 73 79 74 78 72 92 47 42 46 40 98 45 44 41 10 14 8  95 13 12 9  15 4  6  89 3  2  7  5  1  94 37 36 33 39 34 38 32 54 55 48 49 50 51 52 53 96 29 0  21 35 87 63 69 43 11 75 
31 27 25 93 30 29 26 24 65 69 71 90 68 67 64 70 20 18 21 17 19 91 16 23 80 88 85 84 81 87 82 86 61 62 63 56 57 58 59 60 92 78 77 74 72 75 79 73 45 98 42 41 46 44 47 43 14 95 11 10 15 13 8  12 7  2  6  1  89 5  4  0  35 38 34 36 94 33 32 37 49 54 52 55 51 53 96 50 48 28 3  22 39 83 97 66 40 9  76 
27 93 26 31 29 24 28 30 69 90 66 65 70 68 71 67 16 21 19 22 18 20 91 17 84 80 82 88 87 86 83 81 59 63 57 97 62 61 58 56 74 92 79 78 75 73 76 72 40 47 44 42 45 41 43 98 8  11 15 9  95 14 13 10 3  4  5  6  7  1  0  2  34 39 37 32 36 38 94 35 53 51 54 50 52 96 49 48 55 25 89 23 33 85 60 64 46 12 77 
44 41 40 42 98 47 46 43 34 37 33 35 94 32 39 36 88 87 86 83 81 84 80 82 26 25 30 28 31 27 29 93 21 22 23 16 17 18 19 20 68 67 64 70 65 69 71 90 7  2  6  1  89 5  4  0  52 96 49 48 53 51 54 50 9  95 14 13 10 8  11 15 63 56 57 58 59 60 61 62 72 74 92 79 78 75 73 76 77 45 12 85 97 24 91 38 3  55 66 
47 43 41 98 46 45 42 40 33 38 36 39 35 37 94 34 87 83 85 88 82 81 86 84 93 27 26 31 29 24 28 30 22 16 91 21 20 17 23 18 90 69 68 65 71 66 70 64 5  89 2  0  6  4  7  3  96 48 55 52 50 53 49 51 8  10 95 15 14 11 9  12 97 61 60 57 63 58 62 56 79 72 73 74 75 76 77 78 92 44 13 80 59 25 19 32 1  54 67 
43 98 42 47 45 40 44 46 38 39 32 33 34 35 36 37 86 85 82 80 83 87 81 88 31 93 28 27 24 30 25 29 23 91 20 19 16 22 17 21 65 90 70 69 66 64 67 71 1  7  4  2  5  0  3  89 49 55 50 54 48 96 53 52 13 9  11 95 8  15 12 10 60 59 56 62 57 61 63 97 76 75 72 78 73 77 79 92 74 41 14 84 58 26 18 94 6  51 68 
45 40 43 46 42 44 98 41 36 32 34 94 39 38 35 33 83 88 80 87 84 82 85 81 30 24 93 29 28 25 31 26 16 21 19 22 18 20 91 17 64 66 90 71 70 67 65 68 4  6  89 3  2  7  5  1  48 52 54 96 51 50 55 53 11 14 10 12 95 9  8  13 59 62 58 60 97 57 56 61 74 79 77 72 76 78 92 75 73 47 15 86 63 27 23 37 0  49 69 
98 47 44 43 40 46 41 45 39 33 94 38 37 34 32 35 81 82 83 84 85 86 87 80 27 31 25 93 30 29 26 24 17 20 16 18 91 23 22 19 69 65 67 90 64 71 68 66 6  3  0  4  1  2  89 7  53 50 48 51 55 49 96 54 14 12 15 11 13 95 10 9  56 58 97 63 62 59 57 60 77 73 75 92 72 79 76 74 78 42 8  88 61 28 21 36 5  52 70 
42 44 45 41 43 98 40 47 35 34 39 37 32 36 38 94 84 81 87 82 86 80 88 85 25 28 24 26 93 31 30 27 18 17 22 20 23 19 21 91 67 70 66 68 90 65 64 69 89 0  1  5  3  6  2  4  51 53 96 50 49 54 52 55 10 15 13 8  12 14 95 11 62 60 63 59 61 97 58 57 73 92 78 77 74 72 75 79 76 46 9  83 56 29 16 33 7  48 71 
41 42 46 44 47 43 45 98 37 35 38 34 36 94 33 32 80 86 81 85 87 88 84 83 28 26 29 25 27 93 24 31 19 23 17 91 22 21 18 16 70 68 71 67 69 90 66 65 3  4  5  6  7  1  0  2  54 49 53 55 96 52 51 48 12 11 8  14 9  13 15 95 57 97 62 61 58 56 59 63 75 78 74 76 92 73 72 77 79 40 10 82 60 30 20 39 89 50 64 
46 45 47 40 41 42 43 44 94 36 35 32 38 33 37 39 82 84 88 81 80 85 83 86 24 29 27 30 26 28 93 25 20 18 21 17 19 91 16 23 66 71 69 64 68 70 90 67 2  1  3  7  0  89 6  5  50 51 52 53 54 55 48 49 95 13 12 9  15 10 14 8  61 57 59 97 56 63 60 58 92 77 76 73 79 74 78 72 75 98 11 87 62 31 22 34 4  96 65 
85 82 81 83 88 80 87 84 74 78 72 92 77 76 73 79 97 59 58 63 61 56 60 62 20 91 17 16 21 19 22 18 34 33 38 36 39 35 37 94 48 50 96 55 54 51 49 52 29 93 26 25 30 28 31 27 89 6  5  2  1  3  7  0  47 42 46 40 98 45 44 41 68 69 70 71 64 65 66 67 8  9  10 11 12 13 14 15 95 86 43 57 90 23 32 75 24 4  53 
87 86 80 81 82 83 84 85 77 79 92 76 75 72 78 73 62 56 97 61 60 57 63 58 23 22 19 17 20 16 18 91 94 35 34 39 37 32 36 38 53 49 51 96 48 55 52 50 93 25 24 29 27 30 26 28 0  3  89 1  7  4  2  5  42 40 43 47 41 98 46 45 66 70 64 90 69 68 65 71 10 95 15 14 11 9  12 8  13 88 44 59 67 21 33 74 31 6  54 
88 80 85 84 81 87 82 86 73 72 77 75 78 74 76 92 61 62 63 56 57 58 59 60 19 21 91 18 17 22 20 23 39 94 36 35 32 38 33 37 51 54 50 52 96 49 48 53 26 24 27 31 25 93 30 29 1  0  2  3  4  5  6  7  46 43 41 44 40 42 98 47 69 71 90 68 67 64 70 65 95 14 13 10 8  11 15 9  12 83 45 97 66 16 34 79 28 89 55 
84 88 83 80 86 81 85 87 75 73 76 72 74 92 79 78 58 57 62 60 63 59 61 97 21 18 16 19 23 17 91 22 38 32 94 37 36 33 39 34 54 52 55 51 53 96 50 49 25 29 31 93 28 27 24 30 5  4  0  7  2  6  1  89 40 47 44 42 45 41 43 98 65 64 69 67 70 66 68 90 15 13 8  12 14 95 11 10 9  82 46 56 71 20 35 77 26 3  48 
83 85 86 82 84 88 81 80 92 74 73 78 76 79 75 77 56 61 59 62 58 60 97 57 91 16 23 20 18 21 17 19 35 39 33 94 38 37 34 32 50 55 53 48 52 54 96 51 30 27 25 28 24 26 93 31 3  1  6  0  5  7  89 4  98 41 40 45 43 46 42 44 67 65 68 64 66 90 71 70 14 10 12 95 9  8  13 11 15 87 47 63 69 22 36 72 29 2  49 
80 84 82 88 87 86 83 81 72 75 79 73 92 78 77 74 59 63 57 97 62 61 58 56 18 19 20 21 22 23 16 17 33 36 32 34 94 39 38 35 52 51 48 54 49 53 55 96 28 30 93 27 26 31 29 24 6  2  4  89 0  1  5  3  45 98 42 41 46 44 47 43 90 66 65 70 68 71 67 69 11 8  14 9  13 15 95 12 10 85 40 60 64 91 37 76 25 7  50 
86 81 84 87 83 85 88 82 79 76 74 77 73 75 92 72 63 97 60 59 56 62 57 61 17 23 18 22 16 91 21 20 36 34 37 33 35 94 32 39 96 53 52 49 55 50 54 48 31 26 30 24 93 29 28 25 2  89 7  6  3  0  4  1  44 46 98 43 42 47 45 40 64 67 71 65 90 70 69 66 9  11 95 8  15 12 10 13 14 80 41 58 68 19 38 78 27 5  51 
81 87 88 86 85 82 80 83 76 77 78 79 72 73 74 75 57 60 56 58 97 63 62 59 22 17 21 23 91 20 19 16 32 37 35 38 34 36 94 33 49 96 54 53 50 48 51 55 27 28 29 30 31 24 25 26 4  7  3  5  89 2  0  6  41 45 47 98 44 43 40 46 71 68 66 69 65 67 90 64 12 15 11 13 95 10 9  14 8  84 42 61 70 18 39 92 93 1  52 
34 37 32 35 39 33 94 38 7  3  5  89 2  0  6  4  73 77 79 92 76 75 72 78 65 90 70 69 66 64 67 71 53 50 48 51 55 49 96 54 42 41 46 44 47 43 45 98 58 97 63 62 59 57 60 56 87 83 85 88 82 81 86 84 18 91 23 22 19 17 20 16 10 13 9  11 95 8  15 12 28 29 30 31 24 25 26 27 93 36 21 74 14 68 52 1  61 80 40 
33 38 37 39 94 36 35 32 5  1  4  6  89 3  2  7  77 92 74 73 78 76 79 75 71 64 65 66 67 68 69 70 50 51 52 53 54 55 48 49 98 43 42 47 45 40 44 46 57 59 97 56 63 60 58 61 83 88 80 87 84 82 85 81 17 19 91 16 23 20 18 21 14 15 8  9  10 11 12 13 31 28 26 29 25 27 93 24 30 34 22 72 95 90 96 0  62 86 41 
38 39 35 33 36 32 34 94 1  6  0  5  7  89 4  3  79 74 78 72 92 77 76 73 66 71 69 64 68 70 90 67 48 52 54 96 51 50 55 53 47 98 44 43 40 46 41 45 62 58 60 97 57 56 61 59 85 80 84 86 88 83 82 87 22 18 20 91 17 16 21 19 8  95 13 12 9  15 10 14 27 25 28 24 26 93 31 30 29 37 23 75 11 65 49 2  63 81 42 
36 32 38 94 35 34 39 37 4  0  7  2  6  1  89 5  92 73 72 77 75 78 74 76 70 68 71 67 69 90 66 65 51 53 96 50 49 54 52 55 46 40 98 45 44 41 47 42 60 63 59 61 97 58 57 62 88 87 86 83 81 84 80 82 20 23 19 21 91 18 17 22 95 12 11 8  14 9  13 15 29 31 93 28 27 24 30 25 26 33 16 79 10 64 48 3  56 85 43 
39 33 34 38 32 94 37 36 6  5  2  1  3  7  0  89 76 78 92 75 74 79 77 72 64 66 90 71 70 67 65 68 55 54 51 49 52 48 50 96 43 47 41 98 46 45 42 40 63 61 56 60 62 97 59 58 82 84 88 81 80 85 83 86 23 21 16 20 22 91 19 18 13 11 14 10 12 95 9  8  93 26 25 30 28 31 27 29 24 35 17 73 15 69 53 4  57 87 44 
35 34 36 37 38 39 32 33 89 7  6  3  0  4  1  2  75 76 77 78 79 72 73 74 90 69 68 65 71 66 70 64 49 55 50 54 48 96 53 52 41 44 40 42 98 47 46 43 59 56 62 57 61 63 97 60 81 82 83 84 85 86 87 80 19 16 22 17 21 23 91 20 12 8  10 95 15 14 11 9  26 30 24 93 29 28 25 31 27 94 18 92 13 67 51 5  58 88 45 
37 35 94 34 33 38 36 39 3  89 1  7  4  2  5  0  72 79 76 74 77 73 75 92 69 65 67 90 64 71 68 66 96 48 55 52 50 53 49 51 44 42 45 41 43 98 40 47 61 60 57 63 58 62 56 97 86 85 82 80 83 87 81 88 21 20 17 23 18 22 16 91 9  14 12 15 11 13 95 10 25 24 29 27 30 26 28 93 31 32 19 78 8  70 54 6  59 84 46 
94 36 33 32 37 35 38 34 2  4  89 0  1  5  3  6  78 75 73 76 72 74 92 79 68 67 64 70 65 69 71 90 54 49 53 55 96 52 51 48 40 45 43 46 42 44 98 41 97 62 61 58 56 59 63 57 84 81 87 82 86 80 88 85 91 22 21 18 16 19 23 17 15 9  95 14 13 10 8  11 30 93 27 26 31 29 24 28 25 39 20 77 12 66 50 7  60 83 47 
15 95 14 11 9  12 8  10 16 91 21 20 17 23 18 22 47 45 40 44 46 98 43 42 0  4  1  2  89 7  6  3  30 26 28 93 25 24 29 27 57 63 58 62 56 97 61 60 50 49 54 52 55 51 53 96 65 71 66 70 64 90 69 68 78 79 72 73 74 75 76 77 85 88 82 81 86 84 87 83 38 37 34 32 35 39 33 94 36 13 92 41 80 5  31 19 48 67 59 
14 8  9  13 15 95 12 11 23 17 91 22 21 18 16 19 41 43 98 40 47 44 42 45 6  1  89 5  4  0  7  2  31 29 24 28 30 93 27 26 61 58 56 59 63 57 97 62 96 51 50 55 53 48 52 54 67 69 90 66 65 70 68 71 77 75 78 74 76 92 73 72 81 85 87 88 84 83 80 86 35 94 32 39 36 34 37 33 38 10 79 46 82 3  25 20 49 64 60 
11 15 13 95 10 9  14 12 20 16 18 91 23 22 19 17 98 46 45 42 40 43 47 41 4  2  5  0  3  89 1  7  24 25 26 27 28 29 30 31 63 62 59 57 60 56 58 97 55 96 52 51 48 54 49 53 90 64 71 68 66 69 65 67 74 77 73 75 92 72 79 76 83 84 85 86 87 80 81 82 33 34 35 36 37 38 39 32 94 8  78 44 88 6  93 21 50 70 61 
9  12 15 10 14 8  95 13 18 21 17 19 91 16 23 20 46 42 44 98 41 40 45 43 7  89 4  3  1  6  0  5  25 27 93 24 31 28 26 29 97 56 63 60 58 61 57 59 54 48 96 53 52 49 55 50 64 68 70 90 67 66 71 69 72 92 77 76 73 79 74 78 88 81 80 85 83 86 82 84 36 33 39 34 38 32 94 37 35 11 75 47 87 2  30 22 51 65 62 
12 10 95 9  8  13 11 14 21 19 22 18 20 91 17 16 45 44 41 47 42 46 40 98 3  7  0  89 6  5  2  1  26 93 31 30 27 25 28 24 60 97 57 56 61 59 62 58 51 55 49 96 54 53 50 48 71 70 67 65 68 64 66 90 75 74 79 77 72 76 78 92 80 87 84 82 85 81 83 88 32 38 33 37 39 94 36 35 34 15 73 43 86 4  29 23 52 69 63 
8  13 12 14 95 11 10 15 17 22 20 23 19 21 91 18 42 98 47 46 43 41 44 40 5  6  7  1  0  2  3  4  27 24 30 25 29 31 93 28 59 61 97 58 57 62 60 63 49 52 48 50 96 55 54 51 68 90 65 64 69 67 70 66 79 73 92 78 77 74 72 75 87 82 86 80 88 85 84 81 34 36 94 33 32 37 35 38 39 9  76 45 83 89 26 16 53 71 56 
10 9  11 12 13 14 15 8  19 18 23 21 16 20 22 91 40 41 42 43 44 45 46 47 89 3  2  7  5  1  4  6  28 31 27 29 93 26 25 30 56 60 62 97 59 58 63 61 52 50 53 49 51 96 48 55 66 67 68 69 70 71 64 65 73 78 76 79 75 77 92 74 84 86 88 83 82 87 85 80 94 39 38 35 33 36 32 34 37 95 72 98 81 0  24 17 54 90 57 
95 11 8  15 12 10 13 9  91 20 19 16 22 17 21 23 43 40 46 41 45 47 98 44 2  0  6  4  7  3  5  89 29 28 25 31 26 30 24 93 62 57 61 63 97 60 59 56 48 53 51 54 50 52 96 49 69 66 64 67 71 65 90 70 92 76 75 72 78 73 77 79 82 80 83 87 81 88 86 85 39 35 37 94 34 33 38 36 32 14 74 42 84 1  27 18 55 68 58 
72 75 78 73 77 79 92 76 28 25 31 26 30 24 93 29 95 10 9  14 12 15 11 13 49 96 54 53 50 48 51 55 0  3  89 1  7  4  2  5  87 81 88 86 85 82 80 83 70 64 90 69 68 65 71 66 58 57 62 60 63 59 61 97 36 39 35 37 94 34 33 38 46 41 45 47 98 44 43 40 20 17 23 18 22 16 91 21 19 74 32 8  42 52 6  27 67 56 84 
92 74 79 78 75 73 76 72 30 29 26 24 27 31 25 93 13 15 95 12 11 8  14 9  52 51 48 54 49 53 55 96 5  4  0  7  2  6  1  89 84 80 82 88 87 86 83 81 64 69 67 70 66 68 90 65 97 59 58 63 61 56 60 62 39 37 32 36 38 94 35 34 43 45 98 42 41 46 44 47 23 19 21 91 18 17 22 20 16 77 33 10 40 50 3  28 71 57 85 
77 79 72 76 78 92 75 74 93 31 30 27 25 28 24 26 12 13 14 15 8  9  10 11 48 50 96 55 54 51 49 52 7  5  1  4  6  89 3  2  82 85 81 83 88 80 87 84 90 67 66 71 69 64 68 70 63 97 60 59 56 62 57 61 35 32 38 33 37 39 94 36 41 47 42 46 40 98 45 44 19 91 16 23 20 18 21 17 22 73 34 95 43 53 0  29 65 58 86 
76 77 73 79 74 78 72 92 27 93 24 31 28 26 29 25 9  8  13 11 14 10 12 95 50 55 53 48 52 54 96 51 89 6  5  2  1  3  7  0  85 83 86 82 84 88 81 80 69 70 71 64 65 66 67 68 62 56 97 61 60 57 63 58 37 36 33 39 34 38 32 94 44 98 41 40 45 43 46 42 21 16 20 22 91 19 18 23 17 75 35 15 47 49 4  30 90 59 87 
73 72 74 75 76 77 78 79 26 28 93 25 24 29 27 30 15 12 10 13 9  11 95 8  96 53 52 49 55 50 54 48 4  7  3  5  89 2  0  6  81 86 84 87 83 85 88 82 68 66 69 65 67 90 64 71 59 63 57 97 62 61 58 56 94 38 37 34 32 35 39 33 40 44 46 98 43 42 47 45 91 23 22 19 17 20 16 18 21 92 36 14 41 51 1  31 70 60 80 
79 76 75 77 92 74 73 78 31 27 29 93 26 25 30 28 10 14 8  95 13 12 9  15 55 48 49 50 51 52 53 54 3  1  6  0  5  7  89 4  83 82 87 85 80 84 86 88 65 68 64 66 90 71 70 67 57 60 56 58 97 63 62 59 34 94 39 38 35 33 36 32 42 43 44 45 46 47 40 41 18 20 91 17 16 21 19 22 23 72 37 11 98 96 2  24 69 61 81 
74 78 76 92 73 72 77 75 29 24 28 30 93 27 26 31 14 95 11 10 15 13 8  12 54 52 55 51 53 96 50 49 1  0  2  3  4  5  6  7  88 84 83 80 86 81 85 87 71 90 68 67 64 70 65 69 60 58 61 57 59 97 56 63 33 35 94 32 39 36 34 37 98 40 47 44 42 45 41 43 17 18 19 20 21 22 23 16 91 79 38 9  46 48 89 25 66 62 82 
78 92 77 74 72 75 79 73 24 30 25 29 31 93 28 27 8  11 15 9  95 14 13 10 51 54 50 52 96 49 48 53 6  2  4  89 0  1  5  3  80 88 85 84 81 87 82 86 66 65 70 68 71 67 69 90 56 61 59 62 58 60 97 57 38 34 36 94 33 32 37 35 47 46 43 41 44 40 42 98 22 21 18 16 19 23 17 91 20 76 39 12 45 55 7  26 64 63 83 
53 96 52 49 55 50 54 48 82 83 84 85 86 87 80 81 4  7  3  5  89 2  0  6  15 11 13 95 10 9  14 12 98 46 45 42 40 43 47 41 17 23 18 22 16 91 21 20 78 79 72 73 74 75 76 77 34 33 38 36 39 35 37 94 66 65 70 68 71 67 69 90 28 93 25 24 29 27 30 26 56 62 57 61 63 97 60 59 58 51 64 1  31 8  44 88 92 32 19 
52 54 55 51 53 96 50 49 87 86 83 81 84 80 82 88 1  0  2  3  4  5  6  7  14 13 10 8  11 15 9  95 44 47 43 45 98 42 41 46 21 18 16 19 23 17 91 22 77 75 78 74 76 92 73 72 32 37 35 38 34 36 94 33 90 67 66 71 69 64 68 70 24 28 30 93 27 26 31 29 63 59 61 97 58 57 62 60 56 48 65 89 25 12 40 85 79 39 20 
49 53 51 96 48 55 52 50 85 82 80 83 87 81 88 86 2  89 7  6  3  0  4  1  11 95 8  15 12 10 13 9  43 40 46 41 45 47 98 44 23 22 19 17 20 16 18 91 74 77 73 75 92 72 79 76 35 39 33 94 38 37 34 32 71 90 68 67 64 70 65 69 26 27 28 29 30 31 24 25 60 57 63 58 62 56 97 61 59 54 66 5  93 14 42 84 78 36 21 
55 50 53 48 52 54 96 51 80 84 86 88 83 82 87 85 89 6  5  2  1  3  7  0  9  10 11 12 13 14 15 8  40 41 42 43 44 45 46 47 91 16 23 20 18 21 17 19 72 92 77 76 73 79 74 78 39 94 36 35 32 38 33 37 70 64 90 69 68 65 71 66 93 24 31 28 26 29 25 27 58 60 97 57 56 61 59 62 63 49 67 4  30 95 98 81 75 34 22 
50 48 96 55 54 51 49 52 84 88 81 80 85 83 86 82 7  5  1  4  6  89 3  2  12 9  15 10 14 8  95 13 46 42 44 98 41 40 45 43 20 91 17 16 21 19 22 18 75 74 79 77 72 76 78 92 33 36 32 34 94 39 38 35 67 71 65 90 70 69 66 64 31 30 27 25 28 24 26 93 61 56 60 62 97 59 58 63 57 53 68 0  29 11 47 87 73 37 23 
54 51 50 52 96 49 48 53 86 81 85 87 88 84 83 80 6  2  4  89 0  1  5  3  8  14 9  13 15 95 12 11 41 43 98 40 47 44 42 45 19 21 91 18 17 22 20 23 79 73 92 78 77 74 72 75 94 35 34 39 37 32 36 38 65 68 64 66 90 71 70 67 30 25 29 31 93 28 27 24 57 58 59 60 61 62 63 56 97 55 69 7  26 10 46 82 76 33 16 
48 55 49 50 51 52 53 54 88 80 87 84 82 85 81 83 3  1  6  0  5  7  89 4  10 12 95 9  8  13 11 14 45 44 41 47 42 46 40 98 16 20 22 91 19 18 23 21 73 78 76 79 75 77 92 74 38 32 94 37 36 33 39 34 68 66 69 65 67 90 64 71 27 29 93 26 25 30 28 31 59 97 56 63 60 58 61 57 62 96 70 2  24 15 43 86 72 35 17 
96 49 54 53 50 48 51 55 83 85 88 82 81 86 84 87 0  3  89 1  7  4  2  5  95 15 14 11 9  12 8  10 47 45 40 44 46 98 43 42 22 17 21 23 91 20 19 16 92 76 75 72 78 73 77 79 37 38 39 32 33 34 35 36 64 69 67 70 66 68 90 65 25 31 26 30 24 93 29 28 97 63 62 59 57 60 56 58 61 52 71 6  27 13 41 80 74 94 18 
19 18 20 21 22 23 16 17 96 49 48 53 51 54 50 52 32 37 35 38 34 36 94 33 59 61 97 58 57 62 60 63 70 65 69 71 90 68 67 64 13 8  12 14 95 11 10 15 83 81 84 80 82 88 87 86 41 43 98 40 47 44 42 45 26 24 27 31 25 93 30 29 74 73 78 76 79 75 77 92 2  6  1  89 5  4  0  7  3  91 28 39 72 56 66 55 85 46 9  
21 19 91 18 17 22 20 23 53 96 50 49 54 52 55 51 36 34 37 33 35 94 32 39 61 58 56 59 63 57 97 62 68 90 65 64 69 67 70 66 8  14 9  13 15 95 12 11 82 86 80 88 85 84 81 87 44 47 43 45 98 42 41 46 25 29 31 93 28 27 24 30 92 75 74 79 77 72 76 78 0  1  5  3  6  2  4  89 7  16 26 38 73 60 71 48 83 40 10 
91 20 17 16 21 19 22 18 52 54 96 51 50 55 53 48 38 32 94 37 36 33 39 34 97 56 63 60 58 61 57 59 71 70 67 65 68 64 66 90 12 9  15 10 14 8  95 13 87 84 82 85 81 83 88 80 40 41 42 43 44 45 46 47 30 27 25 28 24 26 93 31 79 92 76 75 72 78 73 77 6  89 3  2  7  5  1  4  0  23 29 35 74 62 69 49 86 98 11 
18 21 16 19 23 17 91 22 49 53 55 96 52 51 48 54 94 35 34 39 37 32 36 38 58 59 60 61 62 63 56 57 67 69 90 66 65 70 68 71 14 13 10 8  11 15 9  95 85 87 88 84 83 80 86 81 42 98 47 46 43 41 44 40 28 30 93 27 26 31 29 24 78 72 92 77 76 73 79 74 4  5  6  7  1  0  2  3  89 20 25 33 75 97 64 50 82 45 12 
17 22 21 23 91 20 19 16 55 50 54 48 96 53 52 49 35 39 33 94 38 37 34 32 57 63 58 62 56 97 61 60 69 66 64 67 71 65 90 70 95 15 14 11 9  12 8  10 80 83 87 81 88 86 85 82 98 46 45 42 40 43 47 41 31 26 30 24 93 29 28 25 75 79 73 92 78 77 74 72 7  4  2  5  0  3  89 1  6  18 27 36 76 59 68 51 84 44 13 
22 23 19 17 20 16 18 91 50 48 51 55 49 96 54 53 34 33 38 36 39 35 37 94 62 57 61 63 97 60 59 56 90 64 71 68 66 69 65 67 11 95 8  15 12 10 13 9  84 85 86 87 80 81 82 83 47 45 40 44 46 98 43 42 27 28 29 30 31 24 25 26 73 76 72 74 92 79 78 75 3  0  4  1  2  89 7  6  5  21 93 32 77 58 70 52 88 41 14 
20 16 22 91 19 18 23 21 54 51 49 52 48 50 96 55 39 94 36 35 32 38 33 37 60 97 57 56 61 59 62 58 66 67 68 69 70 71 64 65 10 12 95 9  8  13 11 14 86 88 83 82 87 85 80 84 46 42 44 98 41 40 45 43 29 93 26 25 30 28 31 27 76 74 77 73 75 92 72 79 5  7  89 4  3  1  6  0  2  17 24 34 78 63 90 53 81 47 15 
23 17 18 22 16 91 21 20 48 55 52 50 53 49 51 96 37 38 39 32 33 34 35 36 63 62 59 57 60 56 58 97 65 71 66 70 64 90 69 68 15 11 13 95 10 9  14 12 88 82 81 86 84 87 83 85 43 40 46 41 45 47 98 44 93 25 24 29 27 30 26 28 72 77 75 78 74 76 92 73 89 2  0  6  4  7  3  5  1  19 31 94 79 61 67 54 80 42 8  
64 71 65 66 67 68 69 70 42 44 98 41 40 45 43 46 50 51 52 53 54 55 48 49 77 76 73 79 74 78 72 92 9  8  13 11 14 10 12 95 25 28 24 26 93 31 30 27 35 32 38 33 37 39 94 36 16 21 19 22 18 20 91 17 63 61 56 60 62 97 59 58 1  4  6  89 3  2  7  5  82 81 86 84 87 83 85 88 80 90 57 96 0  75 15 47 34 23 29 
70 67 66 68 90 65 64 69 47 43 45 98 42 41 46 44 52 96 49 48 53 51 54 50 74 92 79 78 75 73 76 72 13 15 95 12 11 8  14 9  93 27 26 31 29 24 28 30 33 35 94 32 39 36 34 37 19 23 17 91 22 21 18 16 60 63 59 61 97 58 57 62 2  3  4  5  6  7  1  0  88 83 82 87 85 80 84 86 81 71 56 55 89 77 10 40 38 20 25 
65 69 67 90 64 71 68 66 45 40 44 46 98 43 42 47 96 48 55 52 50 53 49 51 72 73 74 75 76 77 78 79 15 12 10 13 9  11 95 8  30 24 93 29 28 25 31 26 36 39 35 37 94 34 33 38 23 91 20 19 16 22 17 21 58 97 63 62 59 57 60 56 89 1  7  4  2  5  0  3  87 88 84 83 80 86 81 85 82 70 61 54 6  92 14 41 32 18 27 
69 90 68 65 71 66 70 64 40 46 41 45 47 98 44 43 49 55 50 54 48 96 53 52 75 72 78 73 77 79 92 76 95 10 9  14 12 15 11 13 29 30 31 24 25 26 27 28 32 33 34 35 36 37 38 39 17 20 16 18 91 23 22 19 61 60 57 63 58 62 56 97 7  6  3  0  4  1  2  89 86 80 88 85 84 81 87 82 83 67 59 51 5  74 8  42 94 21 93 
71 66 69 64 68 70 90 67 44 41 47 42 46 40 98 45 48 52 54 96 51 50 55 53 79 77 72 76 78 92 75 74 12 13 14 15 8  9  10 11 26 25 30 28 31 27 29 93 34 94 39 38 35 33 36 32 91 19 18 23 21 16 20 22 57 59 97 56 63 60 58 61 6  0  5  7  89 4  3  1  83 87 81 88 86 85 82 80 84 65 62 49 2  73 95 43 37 17 24 
90 65 70 69 66 64 67 71 46 45 42 40 43 47 41 98 53 50 48 51 55 49 96 54 73 75 92 72 79 76 74 77 11 9  12 8  10 95 15 14 24 29 27 30 26 28 93 25 94 38 37 34 32 35 39 33 22 16 91 21 20 17 23 18 59 56 62 57 61 63 97 60 3  5  89 2  0  6  4  7  81 84 80 82 88 87 86 83 85 68 58 52 1  78 13 44 36 19 31 
68 70 71 67 69 90 66 65 98 47 46 43 41 44 40 42 51 53 96 50 49 54 52 55 92 78 77 74 72 75 79 73 8  11 15 9  95 14 13 10 27 31 25 93 30 29 26 24 39 37 32 36 38 94 35 34 21 22 23 16 17 18 19 20 97 62 61 58 56 59 63 57 0  7  2  6  1  89 5  4  84 82 85 81 83 88 80 87 86 64 60 48 3  76 12 45 33 91 28 
67 68 64 70 65 69 71 90 43 98 40 47 44 42 45 41 54 49 53 55 96 52 51 48 78 74 76 92 73 72 77 75 14 95 11 10 15 13 8  12 31 93 28 27 24 30 25 29 38 34 36 94 33 32 37 35 18 17 22 20 23 19 21 91 56 57 58 59 60 61 62 63 4  89 0  1  5  3  6  2  80 85 83 86 82 84 88 81 87 66 97 50 7  79 9  46 39 16 26 
66 64 90 71 70 67 65 68 41 42 43 44 45 46 47 40 55 54 51 49 52 48 50 96 76 79 75 77 92 74 73 78 10 14 8  95 13 12 9  15 28 26 29 25 27 93 24 31 37 36 33 39 34 38 32 94 20 18 21 17 19 91 16 23 62 58 60 97 57 56 61 59 5  2  1  3  7  0  89 6  85 86 87 80 81 82 83 84 88 69 63 53 4  72 11 98 35 22 30 
6  5  7  1  0  2  3  4  56 97 61 60 57 63 58 62 29 28 25 31 26 30 24 93 43 47 41 98 46 45 42 40 87 83 85 88 82 81 86 84 34 35 36 37 38 39 32 33 13 9  11 95 8  15 12 10 72 79 76 74 77 73 75 92 51 55 49 96 54 53 50 48 20 19 16 22 17 21 23 91 66 69 65 67 90 64 71 68 70 89 52 27 18 44 80 59 14 78 94 
51 52 48 54 49 53 55 96 81 87 82 86 80 88 85 84 5  4  0  7  2  6  1  89 13 8  12 14 95 11 10 15 42 98 47 46 43 41 44 40 18 19 20 21 22 23 16 17 76 72 74 92 79 78 75 73 36 34 37 33 35 94 32 39 69 70 71 64 65 66 67 68 29 26 24 27 31 25 93 30 62 61 58 56 59 63 57 97 60 50 90 3  28 9  45 83 77 38 91 
24 30 93 29 28 25 31 26 66 64 67 71 65 90 70 69 21 22 23 16 17 18 19 20 81 86 84 87 83 85 88 82 63 97 60 59 56 62 57 61 72 73 74 75 76 77 78 79 41 45 47 98 44 43 40 46 11 9  12 8  10 95 15 14 1  7  4  2  5  0  3  89 33 94 38 37 34 32 35 39 50 53 49 51 96 48 55 52 54 27 6  91 36 80 58 68 42 13 92 
16 91 23 20 18 21 17 19 51 52 53 54 55 48 49 50 33 36 32 34 94 39 38 35 56 60 62 97 59 58 63 61 64 68 70 90 67 66 71 69 9  10 11 12 13 14 15 8  81 80 85 83 86 82 84 88 45 44 41 47 42 46 40 98 24 31 28 26 29 25 27 93 77 78 79 72 73 74 75 76 1  3  7  0  89 6  5  2  4  22 30 37 92 57 65 96 87 43 95 
40 46 98 45 44 41 47 42 32 94 37 36 33 39 34 38 85 80 84 86 88 83 82 87 29 30 31 24 25 26 27 28 91 19 18 23 21 16 20 22 71 64 65 66 67 68 69 70 0  5  7  89 4  3  1  6  55 54 51 49 52 48 50 96 15 8  9  10 11 12 13 14 58 63 61 56 60 62 97 59 78 76 79 75 77 92 74 73 72 43 95 81 57 93 17 35 2  53 90 
82 83 87 85 80 84 86 88 78 92 75 74 79 77 72 76 60 58 61 57 59 97 56 63 16 20 22 91 19 18 23 21 37 38 39 32 33 34 35 36 55 48 49 50 51 52 53 54 24 31 28 26 29 25 27 93 7  5  1  4  6  89 3  2  43 44 45 46 47 40 41 42 70 90 67 66 71 69 64 68 13 12 9  15 10 14 8  95 11 81 98 62 65 17 94 73 30 0  96 
61 59 97 58 57 62 60 63 13 14 15 8  9  10 11 12 70 65 69 71 90 68 67 64 32 36 38 94 35 34 39 37 92 73 72 77 75 78 74 76 5  6  7  1  0  2  3  4  16 17 18 19 20 21 22 23 31 29 24 28 30 93 27 26 82 86 80 88 85 84 81 87 49 48 53 51 54 50 52 96 43 41 44 40 42 98 47 46 45 56 83 66 55 33 79 95 91 25 89 
13 14 10 8  11 15 9  95 22 23 16 17 18 19 20 21 44 47 43 45 98 42 41 46 1  5  3  6  2  4  89 0  93 30 29 26 24 27 31 25 58 59 60 61 62 63 56 57 53 54 55 48 49 50 51 52 70 65 69 71 90 68 67 64 76 72 74 92 79 78 75 73 86 83 81 84 80 82 88 87 37 32 36 38 94 35 34 39 33 12 77 40 85 7  28 91 96 66 97 
75 73 92 72 79 76 74 77 25 26 27 28 29 30 31 24 11 9  12 8  10 95 15 14 53 49 51 96 48 55 52 50 2  89 7  6  3  0  4  1  86 87 80 81 82 83 84 85 67 71 65 90 70 69 66 64 61 62 63 56 57 58 59 60 32 33 34 35 36 37 38 39 45 42 40 43 47 41 98 46 16 22 17 21 23 91 20 19 18 78 94 13 44 54 5  93 68 97 88 
32 94 39 36 34 37 33 35 0  2  3  4  5  6  7  1  74 72 75 79 73 92 78 77 67 70 66 68 90 65 64 69 52 96 49 48 53 51 54 50 45 46 47 40 41 42 43 44 56 57 58 59 60 61 62 63 80 86 81 85 87 88 84 83 16 17 18 19 20 21 22 23 11 10 15 13 8  12 14 95 24 27 31 25 93 30 29 26 28 38 91 76 9  71 55 89 97 82 98 
