3  98 2  7  5  1  4  6  21 19 22 18 20 92 17 16 48 52 54 90 51 50 55 53 89 36 35 32 38 33 37 39 96 44 43 40 46 41 45 47 12 15 11 13 91 10 9  14 63 57 93 62 61 58 56 59 67 64 70 65 69 71 94 68 75 74 79 77 72 76 78 88 83 82 87 85 80 84 86 95 26 30 24 97 29 28 25 31 81 42 60 23 49 66 73 27 8  34 0  
0  2  6  4  7  3  5  98 18 21 17 19 92 16 23 20 50 51 52 53 54 55 48 49 35 34 39 37 32 36 38 89 44 40 42 96 47 46 43 41 9  11 91 8  15 12 10 13 61 59 62 58 60 93 57 56 68 71 67 69 94 66 65 70 73 78 76 79 75 77 88 74 87 81 95 86 85 82 80 83 30 97 27 26 31 29 24 28 84 45 63 22 90 64 72 25 14 33 1  
98 7  4  3  1  6  0  5  17 22 20 23 19 21 92 18 51 53 90 50 49 54 52 55 32 89 37 36 33 39 34 38 41 46 44 47 43 45 96 42 8  9  10 11 12 13 14 15 93 60 59 56 62 57 61 63 64 65 66 67 68 69 70 71 88 76 75 72 78 73 77 79 85 83 86 82 84 95 81 80 28 29 30 31 24 25 26 27 87 40 58 16 48 94 74 97 91 35 2  
1  6  98 5  4  0  7  2  19 18 23 21 16 20 22 92 55 54 51 49 52 48 50 90 39 33 89 38 37 34 32 35 40 96 45 44 41 47 42 46 10 91 15 14 11 9  12 8  60 56 58 93 63 62 59 57 70 66 68 94 65 64 69 67 72 88 77 76 73 79 74 78 95 84 83 80 86 81 85 87 97 26 25 30 28 31 27 29 82 43 61 17 53 71 75 24 13 36 3  
7  3  0  98 6  5  2  1  92 20 19 16 22 17 21 23 49 55 50 54 48 90 53 52 36 32 34 89 39 38 35 33 45 43 46 42 44 96 41 40 91 14 13 10 8  11 15 9  59 58 63 61 56 60 62 93 65 67 94 64 71 68 66 69 79 73 88 78 77 74 72 75 82 85 81 83 95 80 87 84 25 24 29 27 30 26 28 97 86 47 57 18 51 70 76 31 12 37 4  
4  0  1  2  98 7  6  3  16 92 21 20 17 23 18 22 90 48 55 52 50 53 49 51 34 37 33 35 89 32 39 36 43 42 47 45 40 44 46 96 15 13 8  12 14 91 11 10 56 93 61 60 57 63 58 62 69 68 65 71 66 70 64 94 76 72 74 88 79 78 75 73 81 86 84 87 83 85 95 82 24 27 31 25 97 30 29 26 80 41 59 19 54 67 77 28 9  38 5  
2  4  5  0  3  98 1  7  23 17 92 22 21 18 16 19 54 49 53 55 90 52 51 48 37 35 38 34 36 89 33 32 46 47 40 41 42 43 44 45 14 10 12 91 9  8  13 11 62 63 56 57 58 59 60 61 71 69 64 68 70 94 67 66 74 77 73 75 88 72 79 76 86 87 80 81 82 83 84 85 29 31 97 28 27 24 30 25 95 96 93 20 50 65 78 26 15 39 6  
5  1  3  6  2  4  98 0  20 16 18 92 23 22 19 17 53 50 48 51 55 49 90 54 33 38 36 39 35 37 89 34 42 45 41 43 96 40 47 44 11 8  14 9  13 15 91 12 57 62 60 63 59 61 93 58 94 70 69 66 64 67 71 65 77 75 78 74 76 88 73 72 84 80 82 95 87 86 83 81 27 25 28 24 26 97 31 30 85 46 56 21 52 68 79 29 10 32 7  
22 20 92 19 18 23 21 16 10 9  14 12 15 11 13 91 64 94 69 68 65 71 66 70 78 72 88 77 76 73 79 74 24 27 31 25 97 30 29 26 60 59 56 62 57 61 63 93 42 46 40 96 45 44 41 47 89 32 39 36 34 37 33 35 86 84 87 83 85 95 82 81 3  7  0  98 6  5  2  1  54 52 55 51 53 90 50 49 4  28 43 8  67 38 80 48 58 75 17 
21 17 23 92 20 19 16 22 91 11 10 15 13 8  12 14 68 64 66 94 71 70 67 65 75 79 73 88 78 77 74 72 31 28 26 29 25 27 97 24 59 62 58 60 93 57 56 61 41 40 45 43 46 42 44 96 34 35 36 37 38 39 32 33 95 85 84 81 87 82 86 80 4  2  5  0  3  98 1  7  55 48 49 50 51 52 53 54 6  30 47 9  69 89 83 90 63 76 18 
18 23 22 16 92 21 20 17 15 91 12 11 8  14 9  13 70 71 64 65 66 67 68 69 73 76 72 74 88 79 78 75 28 29 30 31 24 25 26 27 56 58 93 63 62 59 57 60 46 96 43 42 47 45 40 44 33 39 34 38 32 89 37 36 83 86 82 84 95 81 80 85 5  6  7  1  0  2  3  4  48 50 90 55 54 51 49 52 98 97 41 10 94 35 87 53 61 77 19 
16 18 19 23 17 92 22 21 14 8  91 13 12 9  15 10 94 68 67 64 70 65 69 71 76 74 77 73 75 88 72 79 26 30 24 97 29 28 25 31 62 60 63 59 61 93 58 57 44 45 46 47 40 41 42 43 38 33 37 39 89 36 35 32 82 87 85 80 84 86 95 83 6  1  98 5  4  0  7  2  49 90 54 53 50 48 51 55 3  27 96 11 66 34 81 52 56 78 20 
19 22 17 20 16 18 92 23 11 15 9  91 14 13 10 8  67 66 71 69 64 68 70 94 72 77 75 78 74 76 88 73 29 31 97 28 27 24 30 25 57 93 62 61 58 56 59 63 47 44 42 45 41 43 96 40 36 89 33 32 37 35 38 34 87 80 81 82 83 84 85 86 7  98 4  3  1  6  0  5  50 55 53 48 52 54 90 51 2  26 46 12 65 39 95 49 60 79 21 
23 16 20 18 21 17 19 92 9  12 8  10 91 15 14 11 66 69 65 67 94 64 71 68 74 73 78 76 79 75 77 88 25 24 29 27 30 26 28 97 61 57 59 93 56 63 60 58 43 41 44 40 42 96 47 46 39 38 35 33 36 32 34 89 85 81 83 95 80 87 84 82 1  5  3  6  2  4  98 0  51 54 50 52 90 49 48 53 7  31 45 13 70 37 86 55 62 72 22 
17 92 16 21 19 22 18 20 12 10 13 9  11 91 8  15 71 65 94 70 69 66 64 67 88 75 74 79 77 72 76 78 27 25 28 24 26 97 31 30 63 56 57 58 59 60 61 62 45 47 96 44 43 40 46 41 35 37 89 34 33 38 36 39 80 82 95 87 86 83 81 84 0  4  1  2  98 7  6  3  52 51 48 54 49 53 55 90 5  29 42 14 68 32 85 50 93 73 23 
92 21 18 17 22 20 23 19 8  13 11 14 10 12 91 9  69 67 70 66 68 94 65 64 79 88 76 75 72 78 73 77 97 26 25 30 28 31 27 29 93 61 60 57 63 58 62 56 96 42 41 46 44 47 43 45 37 34 32 35 39 33 89 38 84 83 80 86 81 85 87 95 2  0  6  4  7  3  5  98 53 49 51 90 48 55 52 50 1  24 40 15 71 36 82 54 59 74 16 
50 54 52 90 49 48 53 51 70 68 71 67 69 94 66 65 18 17 22 20 23 19 21 92 59 93 56 63 60 58 61 57 84 82 85 81 83 95 80 87 36 37 38 39 32 33 34 35 75 77 88 74 73 78 76 79 15 9  91 14 13 10 8  11 96 46 45 42 40 43 47 41 28 26 29 25 27 97 24 31 0  1  5  3  6  2  4  98 30 86 72 64 16 12 44 7  89 62 55 
49 48 50 51 52 53 54 55 69 65 67 94 64 71 68 66 92 19 18 23 21 16 20 22 58 60 93 57 56 61 59 62 86 80 95 85 84 81 87 82 38 89 35 34 39 37 32 36 77 74 72 75 79 73 88 78 8  91 13 12 9  15 10 14 42 96 47 46 43 41 44 40 97 27 26 31 29 24 28 30 7  4  2  5  0  3  98 1  25 83 76 70 17 11 45 6  33 63 90 
54 90 53 50 48 51 55 49 66 71 69 64 68 70 94 67 23 92 20 19 16 22 17 21 63 59 61 93 58 57 62 60 95 83 82 87 85 80 84 86 89 34 33 38 36 39 35 37 88 72 79 76 74 77 73 75 9  14 12 15 11 13 91 10 41 43 96 40 47 44 42 45 25 28 24 26 97 31 30 27 2  6  1  98 5  4  0  7  29 81 78 65 18 8  46 3  32 56 52 
52 53 49 55 50 54 48 90 64 66 94 71 70 67 65 68 22 16 92 21 20 17 23 18 61 56 60 62 93 59 58 63 83 87 81 95 86 85 82 80 35 33 36 32 34 89 39 38 74 75 76 77 78 79 72 73 10 13 9  11 91 8  15 12 46 42 44 96 41 40 45 43 24 29 27 30 26 28 97 25 6  98 3  2  7  5  1  4  31 84 88 69 19 14 47 0  37 57 51 
55 52 51 53 90 50 49 54 67 70 66 68 94 65 64 69 19 23 17 92 22 21 18 16 56 62 57 61 63 93 60 59 82 81 86 84 87 83 85 95 34 38 32 89 37 36 33 39 73 79 74 78 72 88 77 76 11 10 15 13 8  12 14 91 44 47 43 45 96 42 41 46 29 30 31 24 25 26 27 28 1  3  7  0  98 6  5  2  97 80 75 71 20 9  40 4  35 58 48 
51 49 90 48 55 52 50 53 71 64 65 66 67 68 69 70 17 20 16 18 92 23 22 19 60 57 63 58 62 56 93 61 87 95 84 83 80 86 81 85 39 36 34 37 33 35 89 32 78 73 77 79 88 76 75 72 12 8  10 91 15 14 11 9  47 45 40 44 46 96 43 42 27 31 25 97 30 29 26 24 98 2  0  6  4  7  3  5  28 82 74 94 21 13 41 1  38 59 54 
53 55 48 52 54 90 51 50 65 94 70 69 66 64 67 71 20 18 21 17 19 92 16 23 62 61 58 56 59 63 57 93 85 86 87 80 81 82 83 84 37 39 89 36 35 32 38 33 76 88 73 72 77 75 78 74 13 11 14 10 12 91 9  8  43 40 46 41 45 47 96 44 30 24 97 29 28 25 31 26 5  7  98 4  3  1  6  0  27 95 79 68 22 15 42 2  34 60 49 
90 50 55 54 51 49 52 48 94 69 68 65 71 66 70 64 16 21 19 22 18 20 92 17 93 63 62 59 57 60 56 58 80 85 83 86 82 84 95 81 32 35 39 33 89 38 37 34 79 78 75 73 76 72 74 88 14 15 8  9  10 11 12 13 45 44 41 47 42 46 40 96 26 25 30 28 31 27 29 97 4  5  6  7  1  0  2  3  24 87 77 67 23 91 43 98 36 61 53 
34 35 39 37 32 36 38 89 76 79 75 77 88 74 73 78 93 57 56 61 59 62 58 60 26 25 30 28 31 27 29 97 18 19 20 21 22 23 16 17 82 86 80 95 85 84 81 87 4  98 0  1  5  3  6  2  42 40 43 47 41 96 46 45 52 49 55 50 54 48 90 53 71 68 66 69 65 67 94 64 11 91 8  15 12 10 13 9  70 92 7  72 63 44 51 14 83 24 33 
36 89 35 32 38 33 37 39 79 77 72 76 78 88 75 74 58 56 59 63 57 93 62 61 97 27 26 31 29 24 28 30 21 18 16 19 23 17 92 22 84 85 86 87 80 81 82 83 7  6  3  0  4  1  2  98 43 44 45 46 47 40 41 42 54 53 50 48 51 55 49 90 64 67 71 65 94 70 69 66 15 11 13 91 10 9  14 12 68 20 5  73 60 96 52 8  95 25 34 
89 32 37 36 33 39 34 38 75 72 78 73 77 79 88 76 57 61 63 93 60 59 56 62 31 97 28 27 24 30 25 29 17 23 18 22 16 92 21 20 95 82 81 86 84 87 83 85 3  5  98 2  0  6  4  7  44 46 96 43 42 47 45 40 90 55 54 51 49 52 48 50 65 64 69 67 70 66 68 94 9  10 11 12 13 14 15 8  71 19 1  74 58 41 53 91 80 26 35 
33 39 89 38 37 34 32 35 77 76 73 79 74 78 72 88 62 59 57 60 56 58 93 63 30 24 97 29 28 25 31 26 19 21 92 18 17 22 20 23 81 80 85 83 86 82 84 95 5  2  1  3  7  0  98 6  45 96 42 41 46 44 47 43 51 90 48 55 52 50 53 49 66 70 64 94 69 68 65 71 91 15 14 11 9  12 8  10 67 16 4  75 61 40 54 13 87 27 36 
32 36 34 89 39 38 35 33 88 78 77 74 72 75 79 73 60 62 93 59 58 63 61 56 27 31 25 97 30 29 26 24 92 16 23 20 18 21 17 19 80 83 87 81 95 86 85 82 98 1  7  4  2  5  0  3  46 43 41 44 40 42 96 47 50 52 90 49 48 53 51 54 67 65 68 64 66 94 71 70 14 13 10 8  11 15 9  91 69 22 6  76 57 45 55 12 84 28 37 
37 34 33 35 89 32 39 36 74 88 79 78 75 73 76 72 63 58 62 56 93 61 60 57 25 28 24 26 97 31 30 27 16 20 22 92 19 18 23 21 85 87 95 84 83 80 86 81 2  3  4  5  6  7  1  0  47 42 46 40 96 45 44 41 55 51 53 90 50 49 54 52 68 69 70 71 64 65 66 67 13 8  12 14 91 11 10 15 94 17 98 77 59 43 48 9  82 29 38 
35 37 38 34 36 89 33 32 73 75 88 72 79 76 74 77 59 60 61 62 63 56 57 58 28 26 29 25 27 97 24 31 23 22 19 17 20 16 18 92 83 81 84 80 82 95 87 86 0  7  2  6  1  98 5  4  40 47 44 42 45 41 43 96 53 48 52 54 90 51 50 55 69 71 94 68 67 64 70 65 10 12 91 9  8  13 11 14 66 21 3  78 93 46 49 15 85 30 39 
38 33 36 39 35 37 89 34 78 74 76 88 73 72 77 75 61 93 58 57 62 60 63 59 24 29 27 30 26 28 97 25 20 92 17 16 21 19 22 18 86 95 83 82 87 85 80 84 6  0  5  7  98 4  3  1  41 45 47 96 44 43 40 46 48 54 49 53 55 90 52 51 70 94 67 66 71 69 64 68 8  14 9  13 15 91 12 11 65 23 2  79 56 42 50 10 81 31 32 
47 42 45 40 44 46 96 43 24 25 26 27 28 29 30 31 83 80 86 81 85 87 95 84 20 22 92 19 18 23 21 16 34 33 38 36 39 35 37 89 49 54 52 55 51 53 90 50 68 65 71 66 70 64 94 69 7  3  5  98 2  0  6  4  11 12 13 14 15 8  9  10 93 63 62 59 57 60 56 58 75 73 76 72 74 88 79 78 61 32 67 97 82 1  91 77 48 17 41 
43 44 40 46 41 45 47 96 26 97 31 30 27 25 28 24 80 81 82 83 84 85 86 87 18 16 19 23 17 92 22 21 89 35 34 39 37 32 36 38 55 49 90 54 53 50 48 51 64 70 65 69 71 94 68 67 1  6  0  5  7  98 4  3  9  13 15 91 12 11 8  14 57 58 59 60 61 62 63 56 78 88 75 74 79 77 72 76 93 33 66 29 95 2  10 73 52 20 42 
45 96 44 41 47 42 46 40 97 30 29 26 24 27 31 25 86 82 84 95 81 80 85 83 21 92 18 17 22 20 23 19 39 89 36 35 32 38 33 37 50 53 49 51 90 48 55 52 66 68 94 65 64 69 67 70 0  2  3  4  5  6  7  1  12 14 91 11 10 15 13 8  56 62 57 61 63 93 60 59 74 78 72 88 77 76 73 79 58 34 71 28 87 98 9  75 54 16 43 
96 41 46 45 42 40 43 47 31 29 24 28 30 97 27 26 81 83 95 80 87 84 82 85 17 21 23 92 20 19 16 22 38 32 89 37 36 33 39 34 54 55 48 49 50 51 52 53 94 71 70 67 65 68 64 66 2  4  98 0  1  5  3  6  8  15 12 10 13 9  11 91 61 56 60 62 93 59 58 63 76 77 78 79 72 73 74 75 57 35 69 25 86 7  14 88 90 18 44 
42 40 96 47 46 43 41 44 30 26 28 97 25 24 29 27 85 84 81 87 82 86 80 95 19 20 21 22 23 16 17 18 35 39 33 89 38 37 34 32 48 90 53 52 49 55 50 54 71 67 69 94 66 65 70 68 3  98 1  7  4  2  5  0  10 8  11 15 9  91 14 13 59 93 56 63 60 58 61 57 88 74 73 78 76 79 75 77 62 36 64 31 83 6  12 72 51 92 45 
41 45 43 96 40 47 44 42 27 24 30 25 29 31 97 28 87 85 80 84 86 95 83 82 92 17 16 21 19 22 18 20 33 36 32 34 89 39 38 35 90 52 51 48 54 49 53 55 70 69 66 64 67 71 65 94 4  0  7  2  6  1  98 5  91 9  8  13 11 14 10 12 62 61 58 56 59 63 57 93 73 72 77 75 78 74 76 88 60 37 68 26 81 3  15 79 50 23 46 
46 43 42 44 96 41 40 45 25 27 97 24 31 28 26 29 95 86 85 82 80 83 87 81 16 23 20 18 21 17 19 92 36 34 37 33 35 89 32 39 53 51 54 50 52 90 49 48 67 94 64 71 68 66 69 65 5  1  4  6  98 3  2  7  15 10 14 8  91 13 12 9  58 60 93 57 56 61 59 62 72 75 79 73 88 78 77 74 63 38 70 30 84 0  11 76 55 22 47 
44 46 47 43 45 96 42 41 28 31 27 29 97 26 25 30 84 87 83 85 95 82 81 86 23 18 22 16 92 21 20 17 32 37 35 38 34 36 89 33 52 48 50 90 55 54 51 49 65 66 67 68 69 70 71 64 6  5  2  1  3  7  0  98 14 11 9  12 8  10 91 15 60 57 63 58 62 56 93 61 77 79 88 76 75 72 78 73 59 39 94 24 80 4  13 74 53 19 40 
15 9  10 14 8  91 13 12 62 93 59 58 63 61 56 60 32 33 34 35 36 37 38 39 82 85 81 83 95 80 87 84 55 48 49 50 51 52 53 54 42 41 46 44 47 43 45 96 28 97 25 24 29 27 30 26 78 77 74 72 75 79 73 88 2  5  0  3  98 1  7  4  19 20 21 22 23 16 17 18 69 94 66 65 70 68 71 67 92 90 31 57 89 76 6  64 40 86 11 
10 13 8  11 15 9  91 14 57 56 61 59 62 58 60 93 34 89 39 38 35 33 36 32 87 81 95 86 85 82 80 83 51 54 50 52 90 49 48 53 96 43 42 47 45 40 44 46 24 28 30 97 27 26 31 29 79 75 77 88 74 73 78 76 5  3  6  2  4  98 0  1  17 21 23 92 20 19 16 22 70 67 65 68 64 66 94 71 18 55 25 63 37 72 7  69 41 84 12 
14 15 11 9  12 8  10 91 61 63 93 60 59 56 62 57 89 38 37 34 32 35 39 33 85 83 86 82 84 95 81 80 53 49 51 90 48 55 52 50 47 96 44 43 40 46 41 45 26 27 28 29 30 31 24 25 72 78 73 77 79 88 76 75 0  6  4  7  3  5  98 2  20 22 92 19 18 23 21 16 71 66 70 64 94 69 68 65 17 54 97 58 36 74 1  67 42 87 13 
8  91 15 12 10 13 9  11 63 60 58 61 57 59 93 56 39 37 32 36 38 89 35 34 80 95 85 84 81 87 82 86 90 53 52 49 55 50 54 48 46 40 96 45 44 41 47 42 97 24 31 28 26 29 25 27 73 74 75 76 77 78 79 72 3  2  7  5  1  4  6  98 16 23 20 18 21 17 19 92 64 71 68 66 69 65 67 94 22 51 30 62 33 88 0  70 43 83 14 
91 12 9  8  13 11 14 10 93 58 57 62 60 63 59 61 38 34 36 89 33 32 37 35 84 80 82 95 87 86 83 81 50 55 53 48 52 54 90 51 43 47 41 96 46 45 42 40 31 30 27 25 28 24 26 97 74 76 88 73 72 77 75 78 98 4  3  1  6  0  5  7  18 16 19 23 17 92 22 21 65 69 71 94 68 67 64 70 20 49 29 56 39 79 2  66 44 85 15 
13 11 91 10 9  14 12 15 60 61 62 63 56 57 58 59 35 32 38 33 37 39 89 36 86 87 80 81 82 83 84 85 49 90 54 53 50 48 51 55 41 44 40 42 96 47 46 43 30 25 29 31 97 28 27 24 75 88 72 79 76 74 77 73 1  98 5  4  0  7  2  6  92 17 16 21 19 22 18 20 66 64 67 71 65 94 70 69 23 52 26 93 34 78 3  68 45 95 8  
12 8  14 91 11 10 15 13 59 57 60 56 58 93 63 62 33 35 89 32 39 36 34 37 95 84 83 80 86 81 85 87 54 52 55 51 53 90 50 49 44 42 45 41 43 96 40 47 27 29 97 26 25 30 28 31 76 73 79 74 78 72 88 77 7  0  98 6  5  2  1  3  23 18 22 16 92 21 20 17 67 68 69 70 71 64 65 66 19 48 24 61 38 75 4  94 46 82 9  
9  14 13 15 91 12 11 8  56 59 63 57 93 62 61 58 36 39 35 37 89 34 33 38 83 82 87 85 80 84 86 95 52 51 48 54 49 53 55 90 40 45 43 46 42 44 96 41 25 31 26 30 24 97 29 28 77 72 76 78 88 75 74 79 4  1  2  98 7  6  3  0  22 19 17 20 16 18 92 23 68 70 94 67 66 71 69 64 21 50 27 60 32 73 5  65 47 81 10 
56 61 60 62 93 59 58 63 44 96 41 40 45 43 46 42 79 72 73 74 75 76 77 78 4  2  5  0  3  98 1  7  64 71 68 66 69 65 67 94 28 30 97 27 26 31 29 24 50 49 54 52 55 51 53 90 81 87 82 86 80 95 85 84 23 20 18 21 17 19 92 16 13 10 8  11 15 9  91 14 33 36 32 34 89 39 38 35 12 70 48 47 88 83 22 37 25 6  57 
62 56 57 61 63 93 60 59 43 45 96 42 41 46 44 47 88 77 76 73 79 74 78 72 2  0  6  4  7  3  5  98 67 68 69 70 71 64 65 66 26 24 27 31 25 97 30 29 90 51 50 55 53 48 52 54 86 81 85 87 95 84 83 80 18 22 16 92 21 20 17 23 10 11 12 13 14 15 8  9  38 32 89 37 36 33 39 34 91 94 49 40 75 82 19 35 28 1  58 
57 60 63 58 62 56 93 61 40 44 46 96 43 42 47 45 76 75 72 78 73 77 79 88 5  6  7  1  0  2  3  4  71 66 70 64 94 69 68 65 29 97 26 25 30 28 31 27 55 90 52 51 48 54 49 53 84 95 81 80 85 83 86 82 22 92 19 18 23 21 16 20 8  12 14 91 11 10 15 13 36 34 37 33 35 89 32 39 9  67 50 41 74 87 17 38 24 98 59 
61 62 58 56 59 63 57 93 46 41 45 47 96 44 43 40 75 78 74 76 88 73 72 77 0  4  1  2  98 7  6  3  65 69 71 94 68 67 64 70 25 29 31 97 28 27 24 30 54 48 90 53 52 49 55 50 87 86 83 81 84 80 82 95 16 19 23 17 92 22 21 18 11 13 91 10 9  14 12 15 39 89 36 35 32 38 33 37 8  66 51 42 79 85 20 34 26 5  60 
63 93 62 59 57 60 56 58 41 47 42 46 40 96 45 44 72 74 88 79 78 75 73 76 3  7  0  98 6  5  2  1  94 65 64 69 67 70 66 68 27 28 29 30 31 24 25 26 51 55 49 90 54 53 50 48 83 85 95 82 81 86 84 87 92 18 17 22 20 23 19 21 15 14 11 9  12 8  10 91 35 39 33 89 38 37 34 32 13 71 52 43 77 80 16 36 97 4  61 
93 59 56 63 60 58 61 57 45 42 40 43 47 41 96 46 78 76 79 75 77 88 74 73 98 3  2  7  5  1  4  6  70 67 65 68 64 66 94 71 97 25 24 29 27 30 26 28 49 52 48 50 90 55 54 51 85 82 80 83 87 81 95 86 21 23 92 20 19 16 22 17 9  15 10 14 8  91 13 12 37 38 39 32 33 34 35 36 11 69 53 44 72 84 18 89 31 0  62 
60 58 93 57 56 61 59 62 47 46 43 41 44 40 42 96 73 88 78 77 74 72 75 79 1  5  3  6  2  4  98 0  69 94 66 65 70 68 71 67 24 31 28 26 29 25 27 97 52 50 53 49 51 90 48 55 95 80 87 84 82 85 81 83 20 21 22 23 16 17 18 19 91 8  15 12 10 13 9  11 89 35 34 39 37 32 36 38 14 64 54 45 76 86 92 33 30 7  63 
59 63 61 93 58 57 62 60 96 40 47 44 42 45 41 43 77 73 75 88 72 79 76 74 7  98 4  3  1  6  0  5  66 64 67 71 65 94 70 69 31 26 30 24 97 29 28 25 48 53 51 54 50 52 90 49 82 83 84 85 86 87 80 81 17 16 21 19 22 18 20 92 14 9  13 15 91 12 11 8  34 33 38 36 39 35 37 89 10 68 55 46 78 95 23 32 27 2  56 
70 66 64 94 69 68 65 71 36 33 39 34 38 32 89 37 11 9  12 8  10 91 15 14 96 45 44 41 47 42 46 40 98 2  0  6  4  7  3  5  79 74 78 72 88 77 76 73 95 81 80 85 83 86 82 84 58 57 62 60 63 59 61 93 31 25 97 30 29 26 24 27 52 55 51 53 90 50 49 54 16 20 22 92 19 18 23 21 48 1  87 35 13 56 28 17 75 43 67 
67 64 71 65 94 70 69 66 34 36 89 33 32 37 35 38 91 10 9  14 12 15 11 13 44 43 40 46 41 45 47 96 2  6  1  98 5  4  0  7  76 78 88 75 74 79 77 72 83 84 85 86 87 80 81 82 93 59 58 63 61 56 60 62 28 24 26 97 31 30 27 25 51 48 54 49 53 55 90 52 20 92 17 16 21 19 22 18 50 3  95 39 8  57 29 23 73 42 68 
65 67 68 64 66 94 71 70 37 32 36 38 89 35 34 39 8  11 15 9  91 14 13 10 43 46 42 44 96 41 40 45 0  1  5  3  6  2  4  98 74 72 75 79 73 88 78 77 82 80 83 87 81 95 86 85 63 93 60 59 56 62 57 61 26 29 25 27 97 24 31 28 48 49 50 51 52 53 54 55 22 17 21 23 92 20 19 16 90 7  84 33 12 58 30 18 76 47 69 
68 71 66 69 65 67 94 64 33 34 35 36 37 38 39 32 15 12 10 13 9  11 91 8  40 42 96 47 46 43 41 44 6  98 3  2  7  5  1  4  77 88 74 73 78 76 79 75 87 82 86 80 95 85 84 81 62 56 93 61 60 57 63 58 29 27 30 26 28 97 25 24 54 50 52 90 49 48 53 51 92 16 23 20 18 21 17 19 55 0  83 89 14 59 31 22 72 45 70 
64 65 69 67 70 66 68 94 35 89 32 39 36 34 37 33 12 13 14 15 8  9  10 11 46 44 47 43 45 96 42 41 4  5  6  7  1  0  2  3  73 77 79 88 76 75 72 78 85 95 82 81 86 84 87 83 59 63 57 93 62 61 58 56 25 30 28 31 27 29 97 26 49 51 90 48 55 52 50 53 19 21 92 18 17 22 20 23 54 98 80 38 91 60 24 16 74 40 71 
66 94 65 70 68 71 67 69 89 39 38 35 33 36 32 34 10 14 8  91 13 12 9  15 41 96 46 45 42 40 43 47 7  4  2  5  0  3  98 1  75 76 77 78 79 72 73 74 80 87 84 82 85 81 83 95 57 60 56 58 93 63 62 59 27 26 31 29 24 28 30 97 53 52 49 55 50 54 48 90 18 19 20 21 22 23 16 17 51 6  86 37 11 61 25 92 88 44 64 
94 70 67 66 71 69 64 68 32 38 33 37 39 89 36 35 13 15 91 12 11 8  14 9  45 41 43 96 40 47 44 42 3  0  4  1  2  98 7  6  88 73 72 77 75 78 74 76 84 86 95 83 82 87 85 80 60 58 61 57 59 93 56 63 97 28 27 24 30 25 29 31 55 53 48 52 54 90 51 50 23 22 19 17 20 16 18 92 49 5  81 34 10 62 26 21 79 46 65 
71 69 94 68 67 64 70 65 39 35 37 89 34 33 38 36 9  8  13 11 14 10 12 91 47 40 41 42 43 44 45 46 5  7  98 4  3  1  6  0  72 79 76 74 77 73 75 88 86 83 81 84 80 82 95 87 56 61 59 62 58 60 93 57 24 97 29 28 25 31 26 30 90 54 53 50 48 51 55 49 21 18 16 19 23 17 92 22 52 2  85 32 15 63 27 20 78 96 66 
75 88 74 79 77 72 76 78 95 87 86 83 81 84 80 82 40 46 41 45 47 96 44 43 90 54 53 50 48 51 55 49 8  14 9  13 15 91 12 11 7  2  6  1  98 5  4  0  92 22 21 18 16 19 23 17 28 25 31 26 30 24 97 29 66 65 70 68 71 67 69 94 37 35 38 34 36 89 33 32 56 57 58 59 60 61 62 63 39 10 20 85 42 27 64 93 3  52 73 
88 79 76 75 72 78 73 77 80 86 81 85 87 95 84 83 47 43 45 96 42 41 46 44 50 90 55 54 51 49 52 48 91 15 14 11 9  12 8  10 3  4  5  6  7  1  0  2  21 20 17 23 18 22 16 92 25 26 27 28 29 30 31 24 94 67 66 71 69 64 68 70 34 37 33 35 89 32 39 36 61 60 57 63 58 62 56 93 38 13 19 82 40 97 65 59 98 53 74 
72 78 88 77 76 73 79 74 87 83 85 95 82 81 86 84 44 41 47 42 46 40 96 45 49 51 90 48 55 52 50 53 13 8  12 14 91 11 10 15 5  98 2  0  6  4  7  3  20 23 19 21 92 18 17 22 31 27 29 97 26 25 30 28 71 94 68 67 64 70 65 69 32 89 37 36 33 39 34 38 59 56 62 57 61 63 93 60 35 9  16 80 43 24 66 58 1  54 75 
79 75 73 88 78 77 74 72 84 81 87 82 86 80 95 85 42 44 96 41 40 45 43 46 54 50 52 90 49 48 53 51 12 9  15 10 14 8  91 13 98 0  1  5  3  6  2  4  17 19 92 16 23 20 18 21 26 28 97 25 24 29 27 30 70 64 94 69 68 65 71 66 35 34 39 37 32 36 38 89 62 58 60 93 57 56 61 59 33 11 22 83 47 31 67 63 7  55 76 
76 73 72 74 88 79 78 75 82 84 95 81 80 85 83 86 45 40 44 46 96 43 42 47 52 55 51 53 90 50 49 54 9  10 11 12 13 14 15 8  2  1  3  7  0  98 6  5  23 21 16 20 22 92 19 18 30 29 26 24 27 31 25 97 67 71 65 94 70 69 66 64 39 33 89 38 37 34 32 35 58 93 63 62 59 57 60 56 36 91 17 87 41 28 68 61 4  48 77 
74 76 77 73 75 88 72 79 85 80 84 86 95 83 82 87 41 42 43 44 45 46 47 40 55 53 48 52 54 90 51 50 15 11 13 91 10 9  14 12 0  5  7  98 4  3  1  6  18 92 23 22 19 17 20 16 24 30 25 29 31 97 28 27 65 68 64 66 94 71 70 67 33 38 36 39 35 37 89 34 60 63 59 61 93 58 57 62 32 8  21 81 96 26 69 56 2  49 78 
77 72 75 78 74 76 88 73 81 82 83 84 85 86 87 80 43 96 40 47 44 42 45 41 51 48 54 49 53 55 90 52 10 12 91 9  8  13 11 14 6  3  0  4  1  2  98 7  22 18 20 92 17 16 21 19 97 31 30 27 25 28 24 26 68 66 69 65 67 94 64 71 89 36 35 32 38 33 37 39 93 62 61 58 56 59 63 57 34 15 23 95 46 29 70 60 5  50 79 
73 74 78 76 79 75 77 88 83 95 80 87 84 82 85 81 96 47 46 43 41 44 40 42 53 52 49 55 50 54 48 90 14 13 10 8  11 15 9  91 4  6  98 3  2  7  5  1  16 17 18 19 20 21 22 23 29 24 28 30 97 27 26 31 64 69 67 70 66 68 94 65 38 39 32 33 34 35 36 37 57 59 93 56 63 60 58 61 89 12 92 86 45 25 71 62 0  51 72 
82 83 87 85 80 84 86 95 2  98 7  6  3  0  4  1  97 29 28 25 31 26 30 24 64 67 71 65 94 70 69 66 56 57 58 59 60 61 62 63 18 20 92 17 16 21 19 22 14 12 15 11 13 91 10 9  48 51 55 49 90 54 53 50 35 38 34 36 89 33 32 37 74 73 78 76 79 75 77 88 42 45 41 43 96 40 47 44 72 93 8  5  27 52 39 46 23 68 81 
84 95 83 80 86 81 85 87 98 6  5  2  1  3  7  0  30 28 31 27 29 97 26 25 66 70 64 94 69 68 65 71 59 56 62 57 61 63 93 60 21 16 20 22 92 19 18 23 8  10 91 15 14 11 9  12 55 52 50 53 49 51 90 48 89 37 36 33 39 34 38 32 88 75 74 79 77 72 76 78 43 42 47 45 40 44 46 96 73 58 13 4  24 54 35 41 17 67 82 
95 80 85 84 81 87 82 86 7  5  1  4  6  98 3  2  29 25 27 97 24 31 28 26 94 66 65 70 68 71 67 69 63 61 56 60 62 93 59 58 17 18 19 20 21 22 23 16 91 13 12 9  15 10 14 8  52 53 54 55 48 49 50 51 32 34 89 39 38 35 33 36 79 88 76 75 72 78 73 77 44 40 42 96 47 46 43 41 74 57 11 0  30 90 37 45 92 64 83 
81 87 95 86 85 82 80 83 6  2  4  98 0  1  5  3  26 31 29 24 28 30 97 27 71 68 66 69 65 67 94 64 57 59 93 56 63 60 58 61 19 92 16 23 20 18 21 17 13 9  11 91 8  15 12 10 50 54 48 90 53 52 49 55 39 32 33 34 35 36 37 38 78 72 88 77 76 73 79 74 45 43 46 42 44 96 41 40 75 62 14 7  25 51 89 47 22 70 84 
80 84 82 95 87 86 83 81 3  1  6  0  5  7  98 4  24 26 97 31 30 27 25 28 70 94 67 66 71 69 64 68 93 62 61 58 56 59 63 57 92 23 22 19 17 20 16 18 12 11 8  14 9  13 15 91 53 55 90 52 51 48 54 49 36 35 32 38 33 37 39 89 75 79 73 88 78 77 74 72 46 47 40 41 42 43 44 45 76 60 10 2  29 50 34 96 21 65 85 
85 82 81 83 95 80 87 84 0  3  98 1  7  4  2  5  27 30 26 28 97 25 24 29 67 65 68 64 66 94 71 70 62 58 60 93 57 56 61 59 16 22 17 21 23 92 20 19 9  91 14 13 10 8  11 15 49 48 53 51 54 50 52 90 34 39 37 32 36 38 89 35 73 76 72 74 88 79 78 75 47 41 96 46 45 42 40 43 77 63 12 6  31 55 33 44 18 69 86 
83 85 86 82 84 95 81 80 4  7  3  5  98 2  0  6  31 24 25 26 27 28 29 30 65 64 69 67 70 66 68 94 61 60 57 63 58 62 56 93 23 19 21 92 18 17 22 20 15 8  9  10 11 12 13 14 51 49 52 48 50 90 55 54 37 33 35 89 32 39 36 34 76 74 77 73 75 88 72 79 40 96 45 44 41 47 42 46 78 59 91 1  97 53 38 43 16 71 87 
86 81 84 87 83 85 95 82 1  0  2  3  4  5  6  7  25 97 30 29 26 24 27 31 68 69 70 71 64 65 66 67 58 93 63 62 59 57 60 56 20 17 23 18 22 16 92 21 10 15 13 8  12 14 91 11 90 50 49 54 52 55 51 53 33 89 38 37 34 32 35 39 72 77 75 78 74 76 88 73 41 46 44 47 43 45 96 42 79 61 9  98 28 48 36 40 19 94 80 
29 24 27 30 26 28 97 25 51 52 53 54 55 48 49 50 2  7  5  1  4  6  98 3  13 10 8  11 15 9  91 14 72 75 79 73 88 78 77 74 71 70 67 65 68 64 66 94 38 35 33 36 32 34 89 39 21 17 19 92 16 23 20 18 60 93 57 56 61 59 62 58 41 96 46 45 42 40 43 47 82 81 86 84 87 83 85 95 44 76 37 90 0  22 63 80 69 12 31 
25 26 30 28 31 27 29 97 53 90 50 49 54 52 55 51 7  1  0  2  3  4  5  6  15 14 11 9  12 8  10 91 74 78 72 88 77 76 73 79 65 71 66 70 64 94 69 68 34 32 35 39 33 89 38 37 22 20 23 19 21 92 18 17 62 57 61 63 93 60 59 56 42 47 45 40 44 46 96 43 95 83 82 87 85 80 84 86 41 75 36 48 98 16 58 81 67 13 24 
27 97 26 31 29 24 28 30 90 49 48 53 51 54 50 52 5  0  3  98 1  7  4  2  91 8  15 12 10 13 9  11 88 74 73 78 76 79 75 77 94 64 71 68 66 69 65 67 36 38 89 35 34 39 37 32 23 16 17 18 19 20 21 22 93 56 63 60 58 61 57 59 43 46 42 44 96 41 40 45 87 95 84 83 80 86 81 85 47 72 33 55 6  92 62 82 70 14 25 
97 31 28 27 24 30 25 29 50 48 51 55 49 90 54 53 1  2  98 7  6  3  0  4  12 91 9  8  13 11 14 10 79 76 74 77 73 75 88 72 70 65 69 71 94 68 67 64 89 33 32 37 35 38 34 36 16 18 92 23 22 19 17 20 59 61 93 58 57 62 60 63 44 43 40 46 41 45 47 96 86 80 95 85 84 81 87 82 42 78 39 52 5  21 56 83 66 15 26 
24 30 97 29 28 25 31 26 49 53 55 90 52 51 48 54 4  3  1  6  0  5  7  98 11 13 91 10 9  14 12 15 78 88 75 74 79 77 72 76 69 66 64 67 71 65 94 70 33 37 39 89 36 35 32 38 17 92 22 21 18 16 19 23 58 59 60 61 62 63 56 57 45 41 43 96 40 47 44 42 83 87 81 95 86 85 82 80 46 73 34 50 2  20 93 84 68 8  27 
31 27 25 97 30 29 26 24 54 51 49 52 48 50 90 55 6  4  7  3  5  98 2  0  8  12 14 91 11 10 15 13 75 73 76 72 74 88 79 78 66 67 68 69 70 71 64 65 32 39 36 34 37 33 35 89 18 23 21 16 20 22 92 19 63 62 59 57 60 56 58 93 46 44 47 43 45 96 42 41 81 84 80 82 95 87 86 83 40 77 38 53 1  17 61 85 94 9  28 
28 25 24 26 97 31 30 27 52 54 90 51 50 55 53 48 98 5  4  0  7  2  6  1  14 9  13 15 91 12 11 8  73 72 77 75 78 74 76 88 64 68 70 94 67 66 71 69 37 89 34 33 38 36 39 35 19 22 18 20 92 17 16 21 61 58 56 59 63 57 93 62 47 40 41 42 43 44 45 46 84 82 85 81 83 95 80 87 96 79 32 49 3  23 60 86 65 10 29 
26 28 29 25 27 97 24 31 55 50 54 48 90 53 52 49 3  6  2  4  98 0  1  5  9  15 10 14 8  91 13 12 76 77 78 79 72 73 74 75 67 69 94 66 65 70 68 71 35 36 37 38 39 32 33 34 20 19 16 22 17 21 23 92 56 60 62 93 59 58 63 61 40 42 96 47 46 43 41 44 80 85 83 86 82 84 95 81 45 88 89 51 7  18 57 87 64 11 30 
87 86 80 81 82 83 84 85 5  4  0  7  2  6  1  98 28 27 24 30 25 29 31 97 69 71 94 68 67 64 70 65 60 63 59 61 93 58 57 62 22 21 18 16 19 23 17 92 11 14 10 12 91 9  8  13 54 90 51 50 55 53 48 52 38 36 39 35 37 89 34 33 77 78 79 72 73 74 75 76 96 44 43 40 46 41 45 47 88 56 15 3  26 49 32 42 20 66 95 
40 47 41 42 43 44 45 46 29 28 25 31 26 30 24 97 82 95 87 86 83 81 84 80 22 19 17 20 16 18 92 23 37 38 39 32 33 34 35 36 51 50 55 53 48 52 54 90 69 64 68 70 94 67 66 71 98 7  6  3  0  4  1  2  13 91 10 9  14 12 15 11 63 59 61 93 58 57 62 60 79 76 74 77 73 75 88 72 56 89 65 27 85 5  8  78 49 21 96 
58 57 59 60 61 62 63 56 42 43 44 45 46 47 40 41 74 79 77 72 76 78 88 75 6  1  98 5  4  0  7  2  68 70 94 67 66 71 69 64 30 27 25 28 24 26 97 31 53 54 55 48 49 50 51 52 80 84 86 95 83 82 87 85 19 17 20 16 18 92 23 22 12 91 9  8  13 11 14 10 32 37 35 38 34 36 89 33 15 65 90 96 73 81 21 39 29 3  93 
20 19 21 22 23 16 17 18 13 14 15 8  9  10 11 12 65 70 68 71 67 69 94 66 77 78 79 72 73 74 75 76 30 97 27 26 31 29 24 28 58 63 61 56 60 62 93 59 40 43 47 41 96 46 45 42 32 36 38 89 35 34 39 37 81 95 86 85 82 80 83 87 98 3  2  7  5  1  4  6  90 53 52 49 55 50 54 48 0  25 44 91 64 33 84 51 57 88 92 
48 51 54 49 53 55 90 52 68 67 64 70 65 69 71 94 21 22 23 16 17 18 19 20 57 58 59 60 61 62 63 56 81 84 80 82 95 87 86 83 33 32 37 35 38 34 36 89 72 76 78 88 75 74 79 77 91 12 11 8  14 9  13 15 40 41 42 43 44 45 46 47 31 97 28 27 24 30 25 29 3  0  4  1  2  98 7  6  26 85 73 66 92 10 96 5  39 93 50 
69 68 70 71 64 65 66 67 38 37 34 32 35 39 33 89 14 91 11 10 15 13 8  12 42 47 45 40 44 46 96 43 1  3  7  0  98 6  5  2  78 75 73 76 72 74 88 79 81 85 87 95 84 83 80 86 61 62 63 56 57 58 59 60 30 31 24 25 26 27 28 29 50 90 55 54 51 49 52 48 17 23 18 22 16 92 21 20 53 4  82 36 9  93 97 19 77 41 94 
78 77 79 72 73 74 75 76 86 85 82 80 83 87 81 95 46 45 42 40 43 47 41 96 48 49 50 51 52 53 54 55 11 91 8  15 12 10 13 9  1  7  4  2  5  0  3  98 19 16 22 17 21 23 92 20 27 97 24 31 28 26 29 25 69 70 71 64 65 66 67 68 36 32 34 89 39 38 35 33 63 61 56 60 62 93 59 58 37 14 18 84 44 30 94 57 6  90 88 
30 29 31 24 25 26 27 28 48 55 52 50 53 49 51 90 0  98 6  5  2  1  3  7  10 11 12 13 14 15 8  9  77 79 88 76 75 72 78 73 68 94 65 64 69 67 70 66 39 34 38 32 89 37 36 33 92 21 20 17 23 18 22 16 57 63 58 62 56 93 61 60 96 45 44 41 47 42 46 40 85 86 87 80 81 82 83 84 43 74 35 54 4  19 59 95 71 91 97 
11 10 12 13 14 15 8  9  58 62 56 93 61 60 57 63 37 36 33 39 34 38 32 89 81 86 84 87 83 85 95 82 48 50 90 55 54 51 49 52 45 46 47 40 41 42 43 44 29 26 24 27 31 25 97 30 88 79 78 75 73 76 72 74 6  7  1  0  2  3  4  5  21 92 18 17 22 20 23 19 94 65 64 69 67 70 66 68 16 53 28 59 35 77 98 71 96 80 91 
39 38 32 33 34 35 36 37 72 73 74 75 76 77 78 79 56 63 60 58 61 57 59 93 29 30 31 24 25 26 27 28 22 17 21 23 92 20 19 16 87 84 82 85 81 83 95 80 1  4  6  98 3  2  7  5  96 41 40 45 43 46 42 44 49 50 51 52 53 54 55 48 94 66 65 70 68 71 67 69 12 9  15 10 14 8  91 13 64 18 0  88 62 47 90 11 86 97 89 
6  5  7  1  0  2  3  4  22 23 16 17 18 19 20 21 52 90 49 48 53 51 54 50 38 39 32 33 34 35 36 37 47 41 96 46 45 42 40 43 13 12 9  15 10 14 8  91 58 61 57 59 93 56 63 60 66 94 71 70 67 65 68 64 78 79 72 73 74 75 76 77 80 95 85 84 81 87 82 86 31 28 26 29 25 27 97 24 83 44 62 92 55 69 88 30 11 89 98 
