20 23 63 21 22 28 25 29 24 27 10 13 65 17 11 12 18 15 19 14 77 79 98 84 78 80 85 82 86 81 47 42 41 62 40 43 48 45 49 44 67 68 74 61 69 70 75 72 76 71 30 32 37 66 31 33 38 35 39 34 26 94 73 83 36 16 46 95 90 88 87 89 91 96 93 97 92 51 52 57 64 50 53 58 55 59 54 5  6  9  0  60 1  2  7  4  8  3  56 
63 21 26 20 27 24 28 23 22 29 65 11 16 19 10 17 14 18 13 12 98 78 83 86 77 84 81 85 79 80 49 40 62 46 41 47 44 48 42 43 69 61 76 73 68 74 71 75 67 70 31 66 39 36 32 37 34 38 30 33 25 93 72 82 35 15 45 97 87 89 94 90 95 92 96 88 91 64 50 59 56 51 57 54 58 52 53 4  8  1  60 5  0  6  3  7  9  2  55 
24 25 22 28 20 23 29 26 21 63 14 15 12 65 18 10 13 19 16 11 81 82 80 98 85 77 79 86 83 78 62 45 44 43 48 41 42 49 46 40 72 71 61 70 75 68 67 76 73 69 35 34 66 33 38 32 30 39 36 31 27 95 74 84 37 17 47 87 92 93 91 96 90 88 97 94 89 54 55 64 53 58 51 52 59 56 50 6  60 4  3  2  7  0  9  8  5  1  57 
22 28 27 24 63 21 23 25 20 26 12 18 17 16 14 65 11 13 15 10 80 85 84 83 81 98 78 79 82 77 46 48 43 47 44 62 40 42 45 41 75 70 73 74 71 61 69 67 72 68 38 33 36 37 34 66 31 30 35 32 29 97 76 86 39 19 49 94 91 96 95 92 87 89 88 93 90 53 58 56 57 54 64 50 52 55 51 8  5  7  2  6  3  60 1  9  4  0  59 
29 22 23 27 25 63 20 24 26 28 19 12 13 18 17 15 65 10 14 16 86 80 79 85 84 82 98 77 81 83 48 43 49 42 47 45 62 41 44 46 70 76 75 67 74 72 61 68 71 73 33 39 38 30 37 35 66 32 34 36 21 89 69 78 31 11 40 96 97 91 88 95 93 87 90 92 94 59 53 58 52 57 55 64 51 54 56 1  7  2  8  9  6  4  60 0  3  5  50 
23 27 21 29 28 26 63 22 25 24 13 17 11 14 19 18 16 65 12 15 79 84 78 81 86 85 83 98 80 82 44 47 42 40 49 48 46 62 43 45 74 67 71 69 76 75 73 61 70 72 37 30 34 31 39 38 36 66 33 35 20 90 68 77 32 10 41 92 88 95 89 97 96 94 87 91 93 52 57 54 50 59 58 56 64 53 55 0  3  6  9  1  8  7  5  60 2  4  51 
28 26 24 25 21 29 27 63 23 20 18 16 14 10 15 11 19 17 65 13 85 83 81 77 82 78 86 84 98 79 41 46 48 44 45 40 49 47 62 42 73 75 68 71 72 69 76 74 61 67 36 38 32 34 35 31 39 37 66 30 22 91 70 80 33 12 43 90 96 94 92 93 89 97 95 87 88 58 56 51 54 55 50 59 57 64 52 2  0  5  7  3  4  1  8  6  60 9  53 
27 24 29 22 26 20 21 28 63 25 17 14 19 15 12 16 10 11 18 65 84 81 86 82 80 83 77 78 85 98 45 44 47 49 43 46 41 40 48 62 71 74 72 76 70 73 68 69 75 61 34 37 35 39 33 36 32 31 38 66 23 88 67 79 30 13 42 93 95 92 97 91 94 90 89 96 87 57 54 55 59 53 56 51 50 58 64 9  4  3  6  8  2  5  0  1  7  60 52 
25 63 28 26 23 27 22 20 29 21 15 65 18 11 16 13 17 12 10 19 82 98 85 78 83 79 84 80 77 86 40 62 45 48 46 42 47 43 41 49 61 72 69 75 73 67 74 70 68 76 66 35 31 38 36 30 37 33 32 39 24 92 71 81 34 14 44 89 93 87 96 94 88 95 91 90 97 55 64 50 58 56 52 57 53 51 59 3  1  60 4  7  5  9  6  2  0  8  54 
26 20 25 63 29 22 24 21 27 23 16 10 15 13 65 19 12 14 11 17 83 77 82 79 98 86 80 81 78 84 42 41 46 45 62 49 43 44 40 47 68 73 67 72 61 76 70 71 69 74 32 36 30 35 66 39 33 34 31 37 28 96 75 85 38 18 48 88 94 90 93 87 97 91 92 89 95 56 51 52 55 64 59 53 54 50 57 7  9  0  5  4  60 8  2  3  1  6  58 
90 88 87 89 91 96 93 97 92 95 32 30 66 37 31 33 38 35 39 34 20 23 63 27 21 22 28 25 29 24 74 67 68 61 69 70 75 72 76 71 52 51 57 64 50 53 58 55 59 54 9  0  6  60 1  2  7  4  8  3  94 83 56 26 5  36 73 84 77 79 98 78 80 85 82 86 81 41 42 47 62 40 43 48 45 49 44 16 17 13 10 65 11 12 18 15 19 14 46 
87 89 94 90 95 92 96 88 91 97 66 31 36 39 32 37 34 38 30 33 63 21 26 29 20 27 24 28 23 22 76 69 61 73 68 74 71 75 67 70 50 64 59 56 51 57 54 58 52 53 1  60 8  5  0  6  3  7  9  2  93 82 55 25 4  35 72 86 98 78 83 77 84 81 85 79 80 62 40 49 46 41 47 44 48 42 43 15 19 11 65 16 10 17 14 18 13 12 45 
92 93 91 96 90 88 97 94 89 87 34 35 33 66 38 32 30 39 36 31 24 25 22 63 28 20 23 29 26 21 61 72 71 70 75 68 67 76 73 69 55 54 64 53 58 51 52 59 56 50 4  3  60 2  7  0  9  8  5  1  95 84 57 27 6  37 74 98 81 82 80 85 77 79 86 83 78 44 45 62 43 48 41 42 49 46 40 17 65 15 14 12 18 10 13 19 16 11 47 
94 90 93 87 97 91 92 89 95 88 36 32 35 30 66 39 33 34 31 37 26 20 25 23 63 29 22 24 21 27 67 68 73 72 61 76 70 71 69 74 51 56 52 55 64 59 53 54 50 57 0  5  9  4  60 8  2  3  1  6  96 85 58 28 7  38 75 79 83 77 82 98 86 80 81 78 84 46 41 42 45 62 49 43 44 40 47 18 13 10 16 15 65 19 12 14 11 17 48 
91 96 95 92 87 89 88 93 90 94 33 38 37 36 34 66 31 30 35 32 22 28 27 26 24 63 21 23 25 20 73 75 70 74 71 61 69 67 72 68 58 53 56 57 54 64 50 52 55 51 7  2  5  6  3  60 1  9  4  0  97 86 59 29 8  39 76 83 80 85 84 81 98 78 79 82 77 43 48 46 47 44 62 40 42 45 41 19 16 18 12 17 14 65 11 13 15 10 49 
97 91 88 95 93 87 90 92 94 96 39 33 30 38 37 35 66 32 34 36 29 22 23 28 27 25 63 20 24 26 75 70 76 67 74 72 61 68 71 73 53 59 58 52 57 55 64 51 54 56 2  8  7  9  6  4  60 0  3  5  89 78 50 21 1  31 69 85 86 80 79 84 82 98 77 81 83 49 43 48 42 47 45 62 41 44 46 11 18 12 19 13 17 15 65 10 14 16 40 
88 95 89 97 96 94 87 91 93 92 30 37 31 34 39 38 36 66 33 35 23 27 21 24 29 28 26 63 22 25 71 74 67 69 76 75 73 61 70 72 57 52 54 50 59 58 56 64 53 55 6  9  3  1  8  7  5  60 2  4  90 77 51 20 0  32 68 81 79 84 78 86 85 83 98 80 82 42 47 44 40 49 48 46 62 43 45 10 14 17 13 11 19 18 16 65 12 15 41 
96 94 92 93 89 97 95 87 88 90 38 36 34 32 35 31 39 37 66 30 28 26 24 20 25 21 29 27 63 23 68 73 75 71 72 69 76 74 61 67 56 58 51 54 55 50 59 57 64 52 5  7  0  3  4  1  8  6  60 9  91 80 53 22 2  33 70 77 85 83 81 82 78 86 84 98 79 48 46 41 44 45 40 49 47 62 42 12 10 16 18 14 15 11 19 17 65 13 43 
95 92 97 91 94 90 89 96 87 93 37 34 39 35 33 36 32 31 38 66 27 24 29 25 22 26 20 21 28 63 72 71 74 76 70 73 68 69 75 61 54 57 55 59 53 56 51 50 58 64 3  6  4  8  2  5  0  1  7  60 88 79 52 23 9  30 67 82 84 81 86 80 83 77 78 85 98 47 44 45 49 43 46 41 40 48 62 13 15 14 17 19 12 16 10 11 18 65 42 
93 87 96 94 88 95 91 90 97 89 35 66 38 31 36 30 37 33 32 39 25 63 28 21 26 23 27 22 20 29 69 61 72 75 73 67 74 70 68 76 64 55 50 58 56 52 57 53 51 59 60 4  1  7  5  9  6  2  0  8  92 81 54 24 3  34 71 78 82 98 85 83 79 84 80 77 86 45 62 40 48 46 42 47 43 41 49 14 11 65 15 18 16 13 17 12 10 19 44 
68 67 61 69 70 75 72 76 71 74 90 88 87 95 89 91 96 93 97 92 41 42 62 47 40 43 48 45 49 44 37 30 32 66 31 33 38 35 39 34 9  0  6  60 1  2  7  4  8  3  79 77 84 98 78 80 85 82 86 81 73 56 5  46 83 94 36 57 51 52 64 50 53 58 55 59 54 10 13 17 65 11 12 18 15 19 14 26 27 23 20 63 21 22 28 25 29 24 16 
61 69 73 68 74 71 75 67 70 76 87 89 94 97 90 95 92 96 88 91 62 40 46 49 41 47 44 48 42 43 39 31 66 36 32 37 34 38 30 33 1  60 8  5  0  6  3  7  9  2  78 98 86 83 77 84 81 85 79 80 72 55 4  45 82 93 35 59 64 50 56 51 57 54 58 52 53 65 11 19 16 10 17 14 18 13 12 25 29 21 63 26 20 27 24 28 23 22 15 
71 72 70 75 68 67 76 73 69 61 92 93 91 87 96 90 88 97 94 89 44 45 43 62 48 41 42 49 46 40 66 35 34 33 38 32 30 39 36 31 4  3  60 2  7  0  9  8  5  1  82 81 98 80 85 77 79 86 83 78 74 57 6  47 84 95 37 64 54 55 53 58 51 52 59 56 50 14 15 65 12 18 10 13 19 16 11 27 63 25 24 22 28 20 23 29 26 21 17 
73 68 72 61 76 70 71 69 74 67 94 90 93 88 87 97 91 92 89 95 46 41 45 42 62 49 43 44 40 47 30 32 36 35 66 39 33 34 31 37 0  5  9  4  60 8  2  3  1  6  77 83 79 82 98 86 80 81 78 84 75 58 7  48 85 96 38 52 56 51 55 64 59 53 54 50 57 16 10 13 15 65 19 12 14 11 17 28 23 20 26 25 63 29 22 24 21 27 18 
70 75 74 71 61 69 67 72 68 73 91 96 95 94 92 87 89 88 93 90 43 48 47 46 44 62 40 42 45 41 36 38 33 37 34 66 31 30 35 32 7  2  5  6  3  60 1  9  4  0  85 80 83 84 81 98 78 79 82 77 76 59 8  49 86 97 39 56 53 58 57 54 64 50 52 55 51 12 18 16 17 14 65 11 13 15 10 29 26 28 22 27 24 63 21 23 25 20 19 
76 70 67 74 72 61 68 71 73 75 97 91 88 96 95 93 87 90 92 94 49 43 42 48 47 45 62 41 44 46 38 33 39 30 37 35 66 32 34 36 2  8  7  9  6  4  60 0  3  5  80 86 85 79 84 82 98 77 81 83 69 50 1  40 78 89 31 58 59 53 52 57 55 64 51 54 56 19 12 18 13 17 15 65 10 14 16 21 28 22 29 23 27 25 63 20 24 26 11 
67 74 69 76 75 73 61 70 72 71 88 95 89 92 97 96 94 87 91 93 42 47 40 44 49 48 46 62 43 45 34 37 30 31 39 38 36 66 33 35 6  9  3  1  8  7  5  60 2  4  84 79 81 78 86 85 83 98 80 82 68 51 0  41 77 90 32 54 52 57 50 59 58 56 64 53 55 13 17 14 11 19 18 16 65 12 15 20 24 27 23 21 29 28 26 63 22 25 10 
75 73 71 72 69 76 74 61 67 68 96 94 92 90 93 89 97 95 87 88 48 46 44 41 45 40 49 47 62 42 32 36 38 34 35 31 39 37 66 30 5  7  0  3  4  1  8  6  60 9  83 85 77 81 82 78 86 84 98 79 70 53 2  43 80 91 33 51 58 56 54 55 50 59 57 64 52 18 16 10 14 15 11 19 17 65 13 22 20 26 28 24 25 21 29 27 63 23 12 
74 71 76 70 73 68 69 75 61 72 95 92 97 93 91 94 90 89 96 87 47 44 49 45 43 46 41 40 48 62 35 34 37 39 33 36 32 31 38 66 3  6  4  8  2  5  0  1  7  60 81 84 82 86 80 83 77 78 85 98 67 52 9  42 79 88 30 55 57 54 59 53 56 51 50 58 64 17 14 15 19 12 16 10 11 18 65 23 25 24 27 29 22 26 20 21 28 63 13 
72 61 75 73 67 74 70 68 76 69 93 87 96 89 94 88 95 91 90 97 45 62 48 40 46 42 47 43 41 49 31 66 35 38 36 30 37 33 32 39 60 4  1  7  5  9  6  2  0  8  98 82 78 85 83 79 84 80 77 86 71 54 3  44 81 92 34 50 55 64 58 56 52 57 53 51 59 15 65 11 18 16 13 17 12 10 19 24 21 63 25 28 26 23 27 22 20 29 14 
83 77 82 98 86 80 81 78 84 79 5  0  4  9  60 8  2  3  1  6  94 90 93 88 87 97 91 92 89 95 52 51 56 55 64 59 53 54 50 57 41 46 42 45 62 49 43 44 40 47 10 16 13 15 65 19 12 14 11 17 85 28 48 96 18 7  58 23 26 20 25 63 29 22 24 21 27 73 68 67 72 61 76 70 71 69 74 38 30 32 36 35 66 39 33 34 31 37 75 
98 78 83 77 84 81 85 79 80 86 60 1  5  8  0  6  3  7  9  2  87 89 94 97 90 95 92 96 88 91 59 50 64 56 51 57 54 58 52 53 40 62 49 46 41 47 44 48 42 43 11 65 19 16 10 17 14 18 13 12 82 25 45 93 15 4  55 29 63 21 26 20 27 24 28 23 22 61 69 76 73 68 74 71 75 67 70 35 39 31 66 36 32 37 34 38 30 33 72 
77 79 98 78 80 85 82 86 81 84 0  9  60 6  1  2  7  4  8  3  90 88 87 95 89 91 96 93 97 92 57 52 51 64 50 53 58 55 59 54 42 41 47 62 40 43 48 45 49 44 13 10 17 65 11 12 18 15 19 14 83 26 46 94 16 5  56 27 20 23 63 21 22 28 25 29 24 68 67 74 61 69 70 75 72 76 71 36 37 30 32 66 31 33 38 35 39 34 73 
81 82 80 85 77 79 86 83 78 98 3  4  2  60 7  0  9  8  5  1  92 93 91 87 96 90 88 97 94 89 64 55 54 53 58 51 52 59 56 50 45 44 62 43 48 41 42 49 46 40 15 14 65 12 18 10 13 19 16 11 84 27 47 95 17 6  57 63 24 25 22 28 20 23 29 26 21 71 72 61 70 75 68 67 76 73 69 37 66 35 34 33 38 32 30 39 36 31 74 
80 85 84 81 98 78 79 82 77 83 2  7  6  5  3  60 1  9  4  0  91 96 95 94 92 87 89 88 93 90 56 58 53 57 54 64 50 52 55 51 48 43 46 47 44 62 40 42 45 41 18 12 16 17 14 65 11 13 15 10 86 29 49 97 19 8  59 26 22 28 27 24 63 21 23 25 20 70 75 73 74 71 61 69 67 72 68 39 36 38 33 37 34 66 31 30 35 32 76 
86 80 79 84 82 98 77 81 83 85 8  2  9  7  6  4  60 0  3  5  97 91 88 96 95 93 87 90 92 94 58 53 59 52 57 55 64 51 54 56 43 49 48 42 47 45 62 41 44 46 12 19 18 13 17 15 65 10 14 16 78 21 40 89 11 1  50 28 29 22 23 27 25 63 20 24 26 76 70 75 67 74 72 61 68 71 73 31 38 33 39 30 37 35 66 32 34 36 69 
79 84 78 86 85 83 98 80 82 81 9  6  1  3  8  7  5  60 2  4  88 95 89 92 97 96 94 87 91 93 54 57 52 50 59 58 56 64 53 55 47 42 44 40 49 48 46 62 43 45 17 13 14 11 19 18 16 65 12 15 77 20 41 90 10 0  51 24 23 27 21 29 28 26 63 22 25 67 74 71 69 76 75 73 61 70 72 32 34 37 30 31 39 38 36 66 33 35 68 
85 83 81 82 78 86 84 98 79 77 7  5  3  0  4  1  8  6  60 9  96 94 92 90 93 89 97 95 87 88 51 56 58 54 55 50 59 57 64 52 46 48 41 44 45 40 49 47 62 42 16 18 10 14 15 11 19 17 65 13 80 22 43 91 12 2  53 20 28 26 24 25 21 29 27 63 23 75 73 68 71 72 69 76 74 61 67 33 32 36 38 34 35 31 39 37 66 30 70 
84 81 86 80 83 77 78 85 98 82 6  3  8  4  2  5  0  1  7  60 95 92 97 93 91 94 90 89 96 87 55 54 57 59 53 56 51 50 58 64 44 47 45 49 43 46 41 40 48 62 14 17 15 19 12 16 10 11 18 65 79 23 42 88 13 9  52 25 27 24 29 22 26 20 21 28 63 74 71 72 76 70 73 68 69 75 61 30 35 34 37 39 33 36 32 31 38 66 67 
82 98 85 83 79 84 80 77 86 78 4  60 7  1  5  9  6  2  0  8  93 87 96 89 94 88 95 91 90 97 50 64 55 58 56 52 57 53 51 59 62 45 40 48 46 42 47 43 41 49 65 15 11 18 16 13 17 12 10 19 81 24 44 92 14 3  54 21 25 63 28 26 23 27 22 20 29 72 61 69 75 73 67 74 70 68 76 34 31 66 35 38 36 30 37 33 32 39 71 
66 31 36 32 37 34 38 30 33 39 61 69 73 76 68 74 71 75 67 70 65 11 16 19 10 17 14 18 13 12 97 89 87 94 90 95 92 96 88 91 78 98 86 83 77 84 81 85 79 80 50 64 59 56 51 57 54 58 52 53 35 4  82 15 55 72 93 8  60 1  5  0  6  3  7  9  2  63 21 29 26 20 27 24 28 23 22 45 49 40 62 46 41 47 44 48 42 43 25 
32 30 66 31 33 38 35 39 34 37 68 67 61 74 69 70 75 72 76 71 10 13 65 17 11 12 18 15 19 14 95 88 90 87 89 91 96 93 97 92 79 77 84 98 78 80 85 82 86 81 52 51 57 64 50 53 58 55 59 54 36 5  83 16 56 73 94 6  0  9  60 1  2  7  4  8  3  20 23 27 63 21 22 28 25 29 24 46 47 42 41 62 40 43 48 45 49 44 26 
36 32 35 66 39 33 34 31 37 30 73 68 72 67 61 76 70 71 69 74 16 10 15 13 65 19 12 14 11 17 88 90 94 93 87 97 91 92 89 95 77 83 79 82 98 86 80 81 78 84 51 56 52 55 64 59 53 54 50 57 38 7  85 18 58 75 96 9  5  0  4  60 8  2  3  1  6  26 20 23 25 63 29 22 24 21 27 48 42 41 46 45 62 49 43 44 40 47 28 
34 35 33 38 32 30 39 36 31 66 71 72 70 61 75 68 67 76 73 69 14 15 12 65 18 10 13 19 16 11 87 93 92 91 96 90 88 97 94 89 82 81 98 80 85 77 79 86 83 78 55 54 64 53 58 51 52 59 56 50 37 6  84 17 57 74 95 60 3  4  2  7  0  9  8  5  1  24 25 63 22 28 20 23 29 26 21 47 62 45 44 43 48 41 42 49 46 40 27 
33 38 37 34 66 31 30 35 32 36 70 75 74 73 71 61 69 67 72 68 12 18 17 16 14 65 11 13 15 10 94 96 91 95 92 87 89 88 93 90 85 80 83 84 81 98 78 79 82 77 58 53 56 57 54 64 50 52 55 51 39 8  86 19 59 76 97 5  2  7  6  3  60 1  9  4  0  22 28 26 27 24 63 21 23 25 20 49 46 48 43 47 44 62 40 42 45 41 29 
39 33 30 37 35 66 32 34 36 38 76 70 67 75 74 72 61 68 71 73 19 12 13 18 17 15 65 10 14 16 96 91 97 88 95 93 87 90 92 94 80 86 85 79 84 82 98 77 81 83 53 59 58 52 57 55 64 51 54 56 31 1  78 11 50 69 89 7  8  2  9  6  4  60 0  3  5  29 22 28 23 27 25 63 20 24 26 40 48 43 49 42 47 45 62 41 44 46 21 
30 37 31 39 38 36 66 33 35 34 67 74 69 71 76 75 73 61 70 72 13 17 11 14 19 18 16 65 12 15 92 95 88 89 97 96 94 87 91 93 84 79 81 78 86 85 83 98 80 82 57 52 54 50 59 58 56 64 53 55 32 0  77 10 51 68 90 3  9  6  1  8  7  5  60 2  4  23 27 24 21 29 28 26 63 22 25 41 44 47 42 40 49 48 46 62 43 45 20 
38 36 34 35 31 39 37 66 30 32 75 73 71 68 72 69 76 74 61 67 18 16 14 10 15 11 19 17 65 13 90 94 96 92 93 89 97 95 87 88 83 85 77 81 82 78 86 84 98 79 56 58 51 54 55 50 59 57 64 52 33 2  80 12 53 70 91 0  7  5  3  4  1  8  6  60 9  28 26 20 24 25 21 29 27 63 23 43 41 46 48 44 45 40 49 47 62 42 22 
37 34 39 33 36 32 31 38 66 35 74 71 76 72 70 73 68 69 75 61 17 14 19 15 12 16 10 11 18 65 93 92 95 97 91 94 90 89 96 87 81 84 82 86 80 83 77 78 85 98 54 57 55 59 53 56 51 50 58 64 30 9  79 13 52 67 88 4  6  3  8  2  5  0  1  7  60 27 24 25 29 22 26 20 21 28 63 42 45 44 47 49 43 46 41 40 48 62 23 
35 66 38 36 30 37 33 32 39 31 72 61 75 69 73 67 74 70 68 76 15 65 18 11 16 13 17 12 10 19 89 87 93 96 94 88 95 91 90 97 98 82 78 85 83 79 84 80 77 86 64 55 50 58 56 52 57 53 51 59 34 3  81 14 54 71 92 1  4  60 7  5  9  6  2  0  8  25 63 21 28 26 23 27 22 20 29 44 40 62 45 48 46 42 47 43 41 49 24 
65 11 16 10 17 14 18 13 12 19 62 40 46 49 41 47 44 48 42 43 60 1  5  8  0  6  3  7  9  2  29 21 63 26 20 27 24 28 23 22 89 87 97 94 90 95 92 96 88 91 69 61 76 73 68 74 71 75 67 70 15 35 93 4  72 45 25 39 66 31 36 32 37 34 38 30 33 98 78 86 83 77 84 81 85 79 80 55 59 50 64 56 51 57 54 58 52 53 82 
10 13 65 11 12 18 15 19 14 17 41 42 62 47 40 43 48 45 49 44 0  9  60 6  1  2  7  4  8  3  27 23 20 63 21 22 28 25 29 24 88 90 95 87 89 91 96 93 97 92 67 68 74 61 69 70 75 72 76 71 16 36 94 5  73 46 26 37 32 30 66 31 33 38 35 39 34 77 79 84 98 78 80 85 82 86 81 56 57 52 51 64 50 53 58 55 59 54 83 
16 10 15 65 19 12 14 11 17 13 46 41 45 42 62 49 43 44 40 47 5  0  4  9  60 8  2  3  1  6  23 20 26 25 63 29 22 24 21 27 90 94 88 93 87 97 91 92 89 95 68 73 67 72 61 76 70 71 69 74 18 38 96 7  75 48 28 30 36 32 35 66 39 33 34 31 37 83 77 79 82 98 86 80 81 78 84 58 52 51 56 55 64 59 53 54 50 57 85 
14 15 12 18 10 13 19 16 11 65 44 45 43 62 48 41 42 49 46 40 3  4  2  60 7  0  9  8  5  1  63 25 24 22 28 20 23 29 26 21 93 92 87 91 96 90 88 97 94 89 72 71 61 70 75 68 67 76 73 69 17 37 95 6  74 47 27 66 34 35 33 38 32 30 39 36 31 81 82 98 80 85 77 79 86 83 78 57 64 55 54 53 58 51 52 59 56 50 84 
12 18 17 14 65 11 13 15 10 16 43 48 47 46 44 62 40 42 45 41 2  7  6  5  3  60 1  9  4  0  26 28 22 27 24 63 21 23 25 20 96 91 94 95 92 87 89 88 93 90 75 70 73 74 71 61 69 67 72 68 19 39 97 8  76 49 29 36 33 38 37 34 66 31 30 35 32 80 85 83 84 81 98 78 79 82 77 59 56 58 53 57 54 64 50 52 55 51 86 
19 12 13 17 15 65 10 14 16 18 49 43 42 48 47 45 62 41 44 46 8  2  9  7  6  4  60 0  3  5  28 22 29 23 27 25 63 20 24 26 91 97 96 88 95 93 87 90 92 94 70 76 75 67 74 72 61 68 71 73 11 31 89 1  69 40 21 38 39 33 30 37 35 66 32 34 36 86 80 85 79 84 82 98 77 81 83 50 58 53 59 52 57 55 64 51 54 56 78 
13 17 11 19 18 16 65 12 15 14 42 47 40 44 49 48 46 62 43 45 9  6  1  3  8  7  5  60 2  4  24 27 23 21 29 28 26 63 22 25 95 88 92 89 97 96 94 87 91 93 74 67 71 69 76 75 73 61 70 72 10 32 90 0  68 41 20 34 30 37 31 39 38 36 66 33 35 79 84 81 78 86 85 83 98 80 82 51 54 57 52 50 59 58 56 64 53 55 77 
18 16 14 15 11 19 17 65 13 10 48 46 44 41 45 40 49 47 62 42 7  5  3  0  4  1  8  6  60 9  20 26 28 24 25 21 29 27 63 23 94 96 90 92 93 89 97 95 87 88 73 75 68 71 72 69 76 74 61 67 12 33 91 2  70 43 22 32 38 36 34 35 31 39 37 66 30 85 83 77 81 82 78 86 84 98 79 53 51 56 58 54 55 50 59 57 64 52 80 
17 14 19 12 16 10 11 18 65 15 47 44 49 45 43 46 41 40 48 62 6  3  8  4  2  5  0  1  7  60 25 24 27 29 22 26 20 21 28 63 92 95 93 97 91 94 90 89 96 87 71 74 72 76 70 73 68 69 75 61 13 30 88 9  67 42 23 35 37 34 39 33 36 32 31 38 66 84 81 82 86 80 83 77 78 85 98 52 55 54 57 59 53 56 51 50 58 64 79 
15 65 18 16 13 17 12 10 19 11 45 62 48 40 46 42 47 43 41 49 4  60 7  1  5  9  6  2  0  8  21 63 25 28 26 23 27 22 20 29 87 93 89 96 94 88 95 91 90 97 61 72 69 75 73 67 74 70 68 76 14 34 92 3  71 44 24 31 35 66 38 36 30 37 33 32 39 82 98 78 85 83 79 84 80 77 86 54 50 64 55 58 56 52 57 53 51 59 81 
21 29 20 23 24 25 26 27 28 22 11 19 10 12 13 14 15 16 17 18 78 86 77 80 79 81 82 83 84 85 43 49 40 41 42 44 45 46 47 48 76 69 70 68 67 71 72 73 74 75 39 31 33 32 30 34 35 36 37 38 62 61 66 64 87 63 65 91 89 97 90 88 92 93 94 95 96 50 59 53 51 52 54 55 56 57 58 98 2  8  1  0  9  3  4  5  6  7  60 
1  8  0  9  3  4  5  6  7  2  50 59 51 53 52 54 55 56 57 58 31 39 32 33 30 34 35 36 37 38 80 86 78 77 79 81 82 83 84 85 29 21 22 20 23 24 25 26 27 28 49 40 43 41 42 44 45 46 47 48 98 63 62 87 65 60 64 12 11 19 10 13 14 15 16 17 18 89 97 91 90 88 92 93 94 95 96 66 70 76 69 68 67 71 72 73 74 75 61 
31 39 32 30 34 35 36 37 38 33 69 76 68 70 67 71 72 73 74 75 11 19 10 12 13 14 15 16 17 18 91 97 89 90 88 92 93 94 95 96 86 78 80 77 79 81 82 83 84 85 59 50 53 51 52 54 55 56 57 58 87 98 64 63 60 66 61 2  1  8  0  9  3  4  5  6  7  21 29 22 20 23 24 25 26 27 28 65 43 49 40 41 42 44 45 46 47 48 62 
69 76 68 67 71 72 73 74 75 70 89 97 90 91 88 92 93 94 95 96 40 49 41 43 42 44 45 46 47 48 33 39 31 32 30 34 35 36 37 38 8  1  2  0  9  3  4  5  6  7  86 78 80 77 79 81 82 83 84 85 66 60 98 65 64 61 87 53 50 59 51 52 54 55 56 57 58 11 19 12 10 13 14 15 16 17 18 62 22 29 21 20 23 24 25 26 27 28 63 
11 19 10 13 14 15 16 17 18 12 40 49 41 43 42 44 45 46 47 48 1  8  0  2  9  3  4  5  6  7  22 29 21 20 23 24 25 26 27 28 97 89 91 90 88 92 93 94 95 96 76 69 70 68 67 71 72 73 74 75 63 87 61 98 66 65 62 33 31 39 32 30 34 35 36 37 38 78 86 80 77 79 81 82 83 84 85 60 53 59 50 51 52 54 55 56 57 58 64 
89 97 90 88 92 93 94 95 96 91 31 39 32 33 30 34 35 36 37 38 21 29 20 22 23 24 25 26 27 28 70 76 69 68 67 71 72 73 74 75 59 50 53 51 52 54 55 56 57 58 8  1  2  0  9  3  4  5  6  7  61 64 60 62 98 87 66 80 78 86 77 79 81 82 83 84 85 40 49 43 41 42 44 45 46 47 48 63 12 19 11 10 13 14 15 16 17 18 65 
78 86 77 79 81 82 83 84 85 80 1  8  0  2  9  3  4  5  6  7  89 97 90 91 88 92 93 94 95 96 53 59 50 51 52 54 55 56 57 58 49 40 43 41 42 44 45 46 47 48 19 11 12 10 13 14 15 16 17 18 64 62 65 61 63 98 60 22 21 29 20 23 24 25 26 27 28 69 76 70 68 67 71 72 73 74 75 87 33 39 31 32 30 34 35 36 37 38 66 
5  0  4  60 8  2  3  1  6  9  56 51 55 52 64 59 53 54 50 57 36 32 35 30 66 39 33 34 31 37 79 77 83 82 98 86 80 81 78 84 20 26 23 25 63 29 22 24 21 27 41 46 42 45 62 49 43 44 40 47 7  18 28 38 48 58 85 13 16 10 15 65 19 12 14 11 17 94 90 88 93 87 97 91 92 89 95 75 67 68 73 72 61 76 70 71 69 74 96 
0  9  60 1  2  7  4  8  3  6  51 52 64 57 50 53 58 55 59 54 32 30 66 37 31 33 38 35 39 34 84 79 77 98 78 80 85 82 86 81 23 20 27 63 21 22 28 25 29 24 42 41 47 62 40 43 48 45 49 44 5  16 26 36 46 56 83 17 10 13 65 11 12 18 15 19 14 90 88 95 87 89 91 96 93 97 92 73 74 67 68 61 69 70 75 72 76 71 94 
60 1  5  0  6  3  7  9  2  8  64 50 56 59 51 57 54 58 52 53 66 31 36 39 32 37 34 38 30 33 86 78 98 83 77 84 81 85 79 80 21 63 29 26 20 27 24 28 23 22 40 62 49 46 41 47 44 48 42 43 4  15 25 35 45 55 82 19 65 11 16 10 17 14 18 13 12 87 89 97 94 90 95 92 96 88 91 72 76 69 61 73 68 74 71 75 67 70 93 
3  4  2  7  0  9  8  5  1  60 54 55 53 64 58 51 52 59 56 50 34 35 33 66 38 32 30 39 36 31 98 82 81 80 85 77 79 86 83 78 25 24 63 22 28 20 23 29 26 21 45 44 62 43 48 41 42 49 46 40 6  17 27 37 47 57 84 65 14 15 12 18 10 13 19 16 11 92 93 87 91 96 90 88 97 94 89 74 61 72 71 70 75 68 67 76 73 69 95 
2  7  6  3  60 1  9  4  0  5  53 58 57 56 54 64 50 52 55 51 33 38 37 36 34 66 31 30 35 32 83 85 80 84 81 98 78 79 82 77 28 22 26 27 24 63 21 23 25 20 48 43 46 47 44 62 40 42 45 41 8  19 29 39 49 59 86 16 12 18 17 14 65 11 13 15 10 91 96 94 95 92 87 89 88 93 90 76 73 75 70 74 71 61 69 67 72 68 97 
8  2  9  6  4  60 0  3  5  7  59 53 52 58 57 55 64 51 54 56 39 33 30 38 37 35 66 32 34 36 85 80 86 79 84 82 98 77 81 83 22 29 28 23 27 25 63 20 24 26 43 49 48 42 47 45 62 41 44 46 1  11 21 31 40 50 78 18 19 12 13 17 15 65 10 14 16 97 91 96 88 95 93 87 90 92 94 69 75 70 76 67 74 72 61 68 71 73 89 
9  6  1  8  7  5  60 2  4  3  52 57 50 54 59 58 56 64 53 55 30 37 31 34 39 38 36 66 33 35 81 84 79 78 86 85 83 98 80 82 27 23 24 21 29 28 26 63 22 25 47 42 44 40 49 48 46 62 43 45 0  10 20 32 41 51 77 14 13 17 11 19 18 16 65 12 15 88 95 92 89 97 96 94 87 91 93 68 71 74 67 69 76 75 73 61 70 72 90 
7  5  3  4  1  8  6  60 9  0  58 56 54 51 55 50 59 57 64 52 38 36 34 32 35 31 39 37 66 30 77 83 85 81 82 78 86 84 98 79 26 28 20 24 25 21 29 27 63 23 46 48 41 44 45 40 49 47 62 42 2  12 22 33 43 53 80 10 18 16 14 15 11 19 17 65 13 96 94 90 92 93 89 97 95 87 88 70 68 73 75 71 72 69 76 74 61 67 91 
6  3  8  2  5  0  1  7  60 4  57 54 59 55 53 56 51 50 58 64 37 34 39 35 33 36 32 31 38 66 82 81 84 86 80 83 77 78 85 98 24 27 25 29 22 26 20 21 28 63 44 47 45 49 43 46 41 40 48 62 9  13 23 30 42 52 79 15 17 14 19 12 16 10 11 18 65 95 92 93 97 91 94 90 89 96 87 67 72 71 74 76 70 73 68 69 75 61 88 
4  60 7  5  9  6  2  0  8  1  55 64 58 50 56 52 57 53 51 59 35 66 38 31 36 30 37 33 32 39 78 98 82 85 83 79 84 80 77 86 63 25 21 28 26 23 27 22 20 29 62 45 40 48 46 42 47 43 41 49 3  14 24 34 44 54 81 11 15 65 18 16 13 17 12 10 19 93 87 89 96 94 88 95 91 90 97 71 69 61 72 75 73 67 74 70 68 76 92 
41 42 62 40 43 48 45 49 44 47 20 23 63 27 21 22 28 25 29 24 51 52 64 57 50 53 58 55 59 54 17 13 10 65 11 12 18 15 19 14 30 32 37 66 31 33 38 35 39 34 88 90 95 87 89 91 96 93 97 92 46 73 36 56 94 26 16 74 68 67 61 69 70 75 72 76 71 0  9  6  60 1  2  7  4  8  3  83 84 79 77 98 78 80 85 82 86 81 5  
62 40 46 41 47 44 48 42 43 49 63 21 26 29 20 27 24 28 23 22 64 50 56 59 51 57 54 58 52 53 19 11 65 16 10 17 14 18 13 12 31 66 39 36 32 37 34 38 30 33 89 87 97 94 90 95 92 96 88 91 45 72 35 55 93 25 15 76 61 69 73 68 74 71 75 67 70 60 1  8  5  0  6  3  7  9  2  82 86 78 98 83 77 84 81 85 79 80 4  
46 41 45 62 49 43 44 40 47 42 26 20 25 23 63 29 22 24 21 27 56 51 55 52 64 59 53 54 50 57 13 10 16 15 65 19 12 14 11 17 32 36 30 35 66 39 33 34 31 37 90 94 88 93 87 97 91 92 89 95 48 75 38 58 96 28 18 67 73 68 72 61 76 70 71 69 74 5  0  9  4  60 8  2  3  1  6  85 79 77 83 82 98 86 80 81 78 84 7  
44 45 43 48 41 42 49 46 40 62 24 25 22 63 28 20 23 29 26 21 54 55 53 64 58 51 52 59 56 50 65 15 14 12 18 10 13 19 16 11 35 34 66 33 38 32 30 39 36 31 93 92 87 91 96 90 88 97 94 89 47 74 37 57 95 27 17 61 71 72 70 75 68 67 76 73 69 3  4  60 2  7  0  9  8  5  1  84 98 82 81 80 85 77 79 86 83 78 6  
43 48 47 44 62 40 42 45 41 46 22 28 27 26 24 63 21 23 25 20 53 58 57 56 54 64 50 52 55 51 16 18 12 17 14 65 11 13 15 10 38 33 36 37 34 66 31 30 35 32 96 91 94 95 92 87 89 88 93 90 49 76 39 59 97 29 19 73 70 75 74 71 61 69 67 72 68 2  7  5  6  3  60 1  9  4  0  86 83 85 80 84 81 98 78 79 82 77 8  
49 43 42 47 45 62 41 44 46 48 29 22 23 28 27 25 63 20 24 26 59 53 52 58 57 55 64 51 54 56 18 12 19 13 17 15 65 10 14 16 33 39 38 30 37 35 66 32 34 36 91 97 96 88 95 93 87 90 92 94 40 69 31 50 89 21 11 75 76 70 67 74 72 61 68 71 73 8  2  7  9  6  4  60 0  3  5  78 85 80 86 79 84 82 98 77 81 83 1  
42 47 40 49 48 46 62 43 45 44 23 27 21 24 29 28 26 63 22 25 52 57 50 54 59 58 56 64 53 55 14 17 13 11 19 18 16 65 12 15 37 30 34 31 39 38 36 66 33 35 95 88 92 89 97 96 94 87 91 93 41 68 32 51 90 20 10 71 67 74 69 76 75 73 61 70 72 9  6  3  1  8  7  5  60 2  4  77 81 84 79 78 86 85 83 98 80 82 0  
48 46 44 45 40 49 47 62 42 41 28 26 24 20 25 21 29 27 63 23 58 56 54 51 55 50 59 57 64 52 10 16 18 14 15 11 19 17 65 13 36 38 32 34 35 31 39 37 66 30 94 96 90 92 93 89 97 95 87 88 43 70 33 53 91 22 12 68 75 73 71 72 69 76 74 61 67 7  5  0  3  4  1  8  6  60 9  80 77 83 85 81 82 78 86 84 98 79 2  
47 44 49 43 46 41 40 48 62 45 27 24 29 25 22 26 20 21 28 63 57 54 59 55 53 56 51 50 58 64 15 14 17 19 12 16 10 11 18 65 34 37 35 39 33 36 32 31 38 66 92 95 93 97 91 94 90 89 96 87 42 67 30 52 88 23 13 72 74 71 76 70 73 68 69 75 61 6  3  4  8  2  5  0  1  7  60 79 82 81 84 86 80 83 77 78 85 98 9  
45 62 48 46 42 47 43 41 49 40 25 63 28 21 26 23 27 22 20 29 55 64 58 50 56 52 57 53 51 59 11 65 15 18 16 13 17 12 10 19 66 35 31 38 36 30 37 33 32 39 87 93 89 96 94 88 95 91 90 97 44 71 34 54 92 24 14 69 72 61 75 73 67 74 70 68 76 4  60 1  7  5  9  6  2  0  8  81 78 98 82 85 83 79 84 80 77 86 3  
50 59 51 52 54 55 56 57 58 53 78 86 77 80 79 81 82 83 84 85 69 76 68 70 67 71 72 73 74 75 2  8  1  0  9  3  4  5  6  7  19 11 12 10 13 14 15 16 17 18 29 21 22 20 23 24 25 26 27 28 60 65 63 66 62 64 98 43 40 49 41 42 44 45 46 47 48 31 39 33 32 30 34 35 36 37 38 61 91 97 89 90 88 92 93 94 95 96 87 
56 51 55 64 59 53 54 50 57 52 83 77 82 79 98 86 80 81 78 84 73 68 72 67 61 76 70 71 69 74 9  0  5  4  60 8  2  3  1  6  10 16 13 15 65 19 12 14 11 17 20 26 23 25 63 29 22 24 21 27 58 48 18 75 28 85 7  42 46 41 45 62 49 43 44 40 47 36 32 30 35 66 39 33 34 31 37 96 88 90 94 93 87 97 91 92 89 95 38 
64 50 56 51 57 54 58 52 53 59 98 78 83 86 77 84 81 85 79 80 61 69 73 76 68 74 71 75 67 70 8  1  60 5  0  6  3  7  9  2  11 65 19 16 10 17 14 18 13 12 21 63 29 26 20 27 24 28 23 22 55 45 15 72 25 82 4  49 62 40 46 41 47 44 48 42 43 66 31 39 36 32 37 34 38 30 33 93 97 89 87 94 90 95 92 96 88 91 35 
51 52 64 50 53 58 55 59 54 57 77 79 98 84 78 80 85 82 86 81 68 67 61 74 69 70 75 72 76 71 6  9  0  60 1  2  7  4  8  3  13 10 17 65 11 12 18 15 19 14 23 20 27 63 21 22 28 25 29 24 56 46 16 73 26 83 5  47 41 42 62 40 43 48 45 49 44 32 30 37 66 31 33 38 35 39 34 94 95 88 90 87 89 91 96 93 97 92 36 
54 55 53 58 51 52 59 56 50 64 81 82 80 98 85 77 79 86 83 78 71 72 70 61 75 68 67 76 73 69 60 4  3  2  7  0  9  8  5  1  15 14 65 12 18 10 13 19 16 11 25 24 63 22 28 20 23 29 26 21 57 47 17 74 27 84 6  62 44 45 43 48 41 42 49 46 40 34 35 66 33 38 32 30 39 36 31 95 87 93 92 91 96 90 88 97 94 89 37 
53 58 57 54 64 50 52 55 51 56 80 85 84 83 81 98 78 79 82 77 70 75 74 73 71 61 69 67 72 68 5  7  2  6  3  60 1  9  4  0  18 12 16 17 14 65 11 13 15 10 28 22 26 27 24 63 21 23 25 20 59 49 19 76 29 86 8  46 43 48 47 44 62 40 42 45 41 33 38 36 37 34 66 31 30 35 32 97 94 96 91 95 92 87 89 88 93 90 39 
59 53 52 57 55 64 51 54 56 58 86 80 79 85 84 82 98 77 81 83 76 70 67 75 74 72 61 68 71 73 7  2  8  9  6  4  60 0  3  5  12 19 18 13 17 15 65 10 14 16 22 29 28 23 27 25 63 20 24 26 50 40 11 69 21 78 1  48 49 43 42 47 45 62 41 44 46 39 33 38 30 37 35 66 32 34 36 89 96 91 97 88 95 93 87 90 92 94 31 
52 57 50 59 58 56 64 53 55 54 79 84 78 81 86 85 83 98 80 82 67 74 69 71 76 75 73 61 70 72 3  6  9  1  8  7  5  60 2  4  17 13 14 11 19 18 16 65 12 15 27 23 24 21 29 28 26 63 22 25 51 41 10 68 20 77 0  44 42 47 40 49 48 46 62 43 45 30 37 34 31 39 38 36 66 33 35 90 92 95 88 89 97 96 94 87 91 93 32 
58 56 54 55 50 59 57 64 52 51 85 83 81 77 82 78 86 84 98 79 75 73 71 68 72 69 76 74 61 67 0  5  7  3  4  1  8  6  60 9  16 18 10 14 15 11 19 17 65 13 26 28 20 24 25 21 29 27 63 23 53 43 12 70 22 80 2  41 48 46 44 45 40 49 47 62 42 38 36 32 34 35 31 39 37 66 30 91 90 94 96 92 93 89 97 95 87 88 33 
57 54 59 53 56 51 50 58 64 55 84 81 86 82 80 83 77 78 85 98 74 71 76 72 70 73 68 69 75 61 4  3  6  8  2  5  0  1  7  60 14 17 15 19 12 16 10 11 18 65 24 27 25 29 22 26 20 21 28 63 52 42 13 67 23 79 9  45 47 44 49 43 46 41 40 48 62 37 34 35 39 33 36 32 31 38 66 88 93 92 95 97 91 94 90 89 96 87 30 
55 64 58 56 52 57 53 51 59 50 82 98 85 78 83 79 84 80 77 86 72 61 75 69 73 67 74 70 68 76 1  60 4  7  5  9  6  2  0  8  65 15 11 18 16 13 17 12 10 19 63 25 21 28 26 23 27 22 20 29 54 44 14 71 24 81 3  40 45 62 48 46 42 47 43 41 49 35 66 31 38 36 30 37 33 32 39 92 89 87 93 96 94 88 95 91 90 97 34 
40 49 41 42 44 45 46 47 48 43 21 29 20 22 23 24 25 26 27 28 50 59 51 53 52 54 55 56 57 58 12 19 11 10 13 14 15 16 17 18 39 31 33 32 30 34 35 36 37 38 97 89 91 90 88 92 93 94 95 96 65 66 87 60 61 62 63 70 69 76 68 67 71 72 73 74 75 1  8  2  0  9  3  4  5  6  7  64 80 86 78 77 79 81 82 83 84 85 98 
