3  88 2  7  5  1  4  6  40 43 47 41 90 46 45 42 59 60 61 62 63 56 57 58 23 16 17 18 19 20 21 22 83 86 82 84 96 81 80 85 98 27 26 31 29 24 28 30 92 67 66 71 69 64 68 70 32 37 35 38 34 36 97 33 75 78 74 76 94 73 72 77 13 10 8  11 15 9  95 14 93 51 50 55 53 48 52 54 0  91 25 39 79 65 12 44 49 87 89 
0  2  6  4  7  3  5  88 42 46 40 90 45 44 41 47 62 59 57 60 56 58 91 63 19 22 18 20 89 17 16 21 96 85 84 81 87 82 86 80 29 30 31 24 25 26 27 28 71 92 68 67 64 70 65 69 34 33 38 36 39 35 37 97 76 75 72 78 73 77 79 94 12 95 9  8  13 11 14 10 55 93 52 51 48 54 49 53 1  61 98 32 74 66 15 43 50 83 23 
88 7  4  3  1  6  0  5  43 41 44 40 42 90 47 46 57 61 63 91 60 59 56 62 17 89 22 21 18 16 19 23 82 87 85 80 84 86 96 83 26 25 30 28 31 27 29 98 68 66 69 65 67 92 64 71 35 39 33 97 38 37 34 32 72 74 94 79 78 75 73 76 14 9  13 15 95 12 11 8  52 50 53 49 51 93 48 55 2  58 24 36 77 70 10 45 54 81 20 
1  6  88 5  4  0  7  2  47 44 42 45 41 43 90 40 60 62 91 59 58 63 61 56 89 21 20 17 23 18 22 16 87 80 81 82 83 84 85 86 25 28 24 26 98 31 30 27 67 71 65 92 70 69 66 64 39 97 36 35 32 38 33 37 78 76 79 75 77 94 74 73 15 14 11 9  12 8  10 95 51 55 49 93 54 53 50 48 3  57 29 34 72 68 13 46 52 96 19 
7  3  0  88 6  5  2  1  41 40 45 43 46 42 44 90 56 63 60 58 61 57 59 91 22 20 23 19 21 89 18 17 85 81 83 96 80 87 84 82 30 24 98 29 28 25 31 26 64 69 67 70 66 68 92 65 33 36 32 34 97 39 38 35 73 94 78 77 74 72 75 79 8  12 14 95 11 10 15 13 48 53 51 54 50 52 93 49 4  62 27 37 76 71 9  47 55 86 16 
4  0  1  2  88 7  6  3  90 42 41 46 44 47 43 45 58 56 59 63 57 91 62 61 21 17 19 89 16 23 20 18 80 82 96 87 86 83 81 84 28 26 29 25 27 98 24 31 70 64 92 69 68 65 71 66 97 35 34 39 37 32 36 38 77 73 75 94 72 79 76 74 9  15 10 14 8  95 13 12 54 48 93 53 52 49 55 50 5  60 30 33 78 67 11 40 51 85 22 
2  4  5  0  3  88 1  7  46 90 43 42 47 45 40 44 91 57 56 61 59 62 58 60 18 23 21 16 20 22 89 19 84 83 80 86 81 85 87 96 31 98 28 27 24 30 25 29 65 68 64 66 92 71 70 67 38 32 97 37 36 33 39 34 79 72 73 74 75 76 77 78 10 11 12 13 14 15 8  9  49 52 48 50 93 55 54 51 6  63 26 35 94 69 95 41 53 82 17 
5  1  3  6  2  4  88 0  45 47 90 44 43 40 46 41 63 58 62 56 91 61 60 57 16 18 89 23 22 19 17 20 86 84 87 83 85 96 82 81 27 31 25 98 30 29 26 24 69 70 71 64 65 66 67 68 37 38 39 32 33 34 35 36 94 77 76 73 79 74 78 72 11 13 95 10 9  14 12 15 53 54 55 48 49 50 51 52 7  59 28 97 75 92 8  42 93 80 21 
36 37 33 39 34 38 32 97 10 9  14 12 15 11 13 95 29 98 26 25 30 28 31 27 50 55 53 48 52 54 93 51 18 23 21 16 20 22 89 19 64 66 92 71 70 67 65 68 44 46 90 43 42 47 45 40 85 81 83 96 80 87 84 82 63 58 62 56 91 61 60 57 2  5  0  3  88 1  7  4  94 77 76 73 79 74 78 72 35 24 69 86 59 41 6  8  75 17 49 
35 33 97 32 39 36 34 37 95 11 10 15 13 8  12 14 25 29 31 98 28 27 24 30 52 51 48 54 49 53 55 93 20 19 16 22 17 21 23 89 70 68 71 67 69 92 66 65 43 44 45 46 47 40 41 42 80 82 96 87 86 83 81 84 56 63 60 58 61 57 59 91 6  7  1  0  2  3  4  5  73 94 78 77 74 72 75 79 38 26 64 85 62 90 88 9  76 18 50 
32 35 38 33 37 39 97 36 15 95 12 11 8  14 9  13 27 28 29 30 31 24 25 26 93 53 52 49 55 50 54 48 89 21 20 17 23 18 22 16 65 92 70 69 66 64 67 71 40 47 44 42 45 41 43 90 84 83 80 86 81 85 87 96 57 61 63 91 60 59 56 62 1  88 5  4  0  7  2  6  72 74 94 79 78 75 73 76 34 98 68 82 58 46 3  10 77 19 51 
38 97 37 34 32 35 39 33 14 8  95 13 12 9  15 10 98 25 24 29 27 30 26 28 49 93 54 53 50 48 51 55 17 89 22 21 18 16 19 23 69 65 67 92 64 71 68 66 46 43 41 44 40 42 90 47 86 84 87 83 85 96 82 81 58 56 59 63 57 91 62 61 88 4  3  1  6  0  5  7  77 73 75 94 72 79 76 74 36 31 70 80 60 45 2  11 78 20 52 
33 32 34 35 36 37 38 39 11 15 9  95 14 13 10 8  24 31 28 26 29 25 27 98 48 50 93 55 54 51 49 52 16 18 89 23 22 19 17 20 71 64 65 66 67 68 69 70 41 45 47 90 44 43 40 46 96 85 84 81 87 82 86 80 59 60 61 62 63 56 57 58 5  3  6  2  4  88 0  1  75 78 74 76 94 73 72 77 97 30 92 83 91 42 7  12 79 21 53 
37 39 32 36 38 97 35 34 9  12 8  10 95 15 14 11 31 26 30 24 98 29 28 25 53 49 51 93 48 55 52 50 21 17 19 89 16 23 20 18 92 69 68 65 71 66 70 64 45 90 42 41 46 44 47 43 83 86 82 84 96 81 80 85 60 62 91 59 58 63 61 56 4  1  2  88 7  6  3  0  78 76 79 75 77 94 74 73 33 27 67 87 57 40 5  13 72 22 54 
39 36 35 37 97 34 33 38 12 10 13 9  11 95 8  15 28 30 98 27 26 31 29 24 51 54 50 52 93 49 48 53 19 22 18 20 89 17 16 21 68 67 64 70 65 69 71 92 47 42 46 40 90 45 44 41 82 87 85 80 84 86 96 83 61 91 58 57 62 60 63 59 0  6  4  7  3  5  88 2  74 79 77 72 76 78 94 75 32 25 66 81 56 43 1  14 73 23 55 
97 34 39 38 35 33 36 32 8  13 11 14 10 12 95 9  26 24 27 31 25 98 30 29 54 52 55 51 53 93 50 49 22 20 23 19 21 89 18 17 67 70 66 68 92 65 64 69 90 41 40 45 43 46 42 44 87 80 81 82 83 84 85 86 62 59 57 60 56 58 91 63 7  0  88 6  5  2  1  3  76 75 72 78 73 77 79 94 37 28 71 96 61 47 4  15 74 16 48 
70 71 67 65 68 64 66 92 59 57 60 56 58 91 63 62 18 17 22 20 23 19 21 89 6  0  5  7  88 4  3  1  95 12 11 8  14 9  13 15 54 52 55 51 53 93 50 49 73 94 78 77 74 72 75 79 90 43 42 47 45 40 44 46 80 85 83 86 82 84 96 81 30 29 26 24 27 31 25 98 33 37 39 97 36 35 32 38 69 16 48 41 87 76 28 61 34 10 2  
66 69 64 67 71 65 92 70 58 62 56 91 61 60 57 63 89 19 18 23 21 16 20 22 3  5  88 2  0  6  4  7  13 11 14 10 12 95 9  8  50 55 53 48 52 54 93 51 79 72 73 74 75 76 77 78 44 42 45 41 43 90 40 47 81 84 80 82 96 87 86 83 31 27 29 98 26 25 30 28 38 35 33 36 32 34 97 39 68 17 49 46 85 94 24 59 37 15 1  
68 64 70 92 67 66 71 69 63 60 58 61 57 59 91 56 23 89 20 19 16 22 17 21 0  7  2  6  1  88 5  4  12 8  10 95 15 14 11 9  52 51 48 54 49 53 55 93 74 79 77 72 76 78 94 75 43 47 41 90 46 45 42 40 82 81 86 84 87 83 85 96 24 30 25 29 31 98 28 27 36 38 97 35 34 39 37 32 65 18 50 44 80 73 26 62 33 13 3  
92 68 65 64 69 67 70 66 61 63 91 60 59 56 62 57 22 16 89 21 20 17 23 18 4  88 0  1  5  3  6  2  9  14 12 15 11 13 95 10 93 53 52 49 55 50 54 48 78 76 79 75 77 94 74 73 40 45 43 46 42 44 90 41 83 87 81 96 86 85 82 80 25 26 27 28 29 30 31 24 39 34 38 32 97 37 36 33 71 19 51 47 84 72 98 58 35 8  7  
65 70 69 71 92 68 67 64 56 59 63 57 91 62 61 58 19 23 17 89 22 21 18 16 1  4  6  88 3  2  7  5  15 9  95 14 13 10 8  11 49 93 54 53 50 48 51 55 72 74 94 79 78 75 73 76 46 40 90 45 44 41 47 42 84 82 85 81 83 96 80 87 26 28 98 25 24 29 27 30 35 36 37 38 39 32 33 34 66 20 52 43 86 77 31 60 97 12 0  
64 92 71 68 66 69 65 67 60 61 62 63 56 57 58 59 17 20 16 18 89 23 22 19 2  3  4  5  6  7  1  0  10 13 9  11 95 8  15 12 48 50 93 55 54 51 49 52 94 77 76 73 79 74 78 72 41 44 40 42 90 47 46 43 85 86 87 80 81 82 83 84 27 98 24 31 28 26 29 25 37 97 34 33 38 36 39 35 70 21 53 45 96 75 30 91 32 14 88 
69 67 92 66 65 70 68 71 62 91 59 58 63 61 56 60 20 18 21 17 19 89 16 23 88 1  7  4  2  5  0  3  14 15 8  9  10 11 12 13 53 49 51 93 48 55 52 50 77 73 75 94 72 79 76 74 45 46 47 40 41 42 43 44 86 80 96 85 84 81 87 82 28 25 31 26 30 24 98 29 97 33 32 37 35 38 34 36 64 22 54 90 83 78 27 57 39 95 6  
67 66 68 69 70 71 64 65 91 58 57 62 60 63 59 61 16 21 19 22 18 20 89 17 7  6  3  0  4  1  2  88 8  95 13 12 9  15 10 14 51 54 50 52 93 49 48 53 76 75 72 78 73 77 79 94 47 90 44 43 40 46 41 45 87 96 84 83 80 86 81 85 29 24 28 30 98 27 26 31 34 32 35 39 33 97 38 37 92 23 55 42 82 74 25 56 36 11 5  
54 55 51 49 52 48 50 93 96 84 83 80 86 81 85 87 14 95 11 10 15 13 8  12 26 25 30 28 31 27 29 98 59 63 57 91 62 61 58 56 7  6  3  0  4  1  2  88 33 37 39 97 36 35 32 38 76 73 79 74 78 72 94 77 90 41 40 45 43 46 42 44 19 20 21 22 23 16 17 18 71 92 68 67 64 70 65 69 53 9  5  75 47 34 89 82 66 60 24 
49 54 53 55 93 52 51 48 80 96 85 84 81 87 82 86 13 15 95 12 11 8  14 9  98 27 26 31 29 24 28 30 56 61 59 62 58 60 91 57 88 1  7  4  2  5  0  3  35 36 37 38 39 32 33 34 77 72 76 78 94 75 74 79 46 43 41 44 40 42 90 47 21 89 18 17 22 20 23 19 70 64 92 69 68 65 71 66 50 10 6  73 45 97 16 83 67 63 25 
53 51 93 50 49 54 52 55 87 81 96 86 85 82 80 83 10 14 8  95 13 12 9  15 31 98 28 27 24 30 25 29 62 56 91 61 60 57 63 58 4  88 0  1  5  3  6  2  97 33 32 37 35 38 34 36 78 77 74 72 75 79 73 94 45 90 42 41 46 44 47 43 89 17 16 21 19 22 18 20 67 71 65 92 70 69 66 64 48 11 7  76 40 39 23 84 68 59 26 
55 49 50 54 48 93 53 52 84 80 82 96 87 86 83 81 8  11 15 9  95 14 13 10 30 24 98 29 28 25 31 26 57 60 56 58 91 63 62 59 3  5  88 2  0  6  4  7  32 39 36 34 37 33 35 97 79 75 77 94 74 73 78 76 42 40 43 47 41 90 46 45 18 16 19 23 17 89 22 21 65 68 64 66 92 71 70 67 51 12 1  72 44 38 20 85 69 61 27 
93 52 49 48 53 51 54 50 82 85 81 83 96 80 87 84 11 9  12 8  10 95 15 14 27 31 25 98 30 29 26 24 61 62 63 56 57 58 59 60 1  4  6  88 3  2  7  5  39 34 38 32 97 37 36 33 72 78 73 77 79 94 76 75 40 47 44 42 45 41 43 90 17 21 23 89 20 19 16 22 68 66 69 65 67 92 64 71 55 13 0  74 46 35 18 86 70 91 28 
52 48 54 93 51 50 55 53 85 83 86 82 84 96 81 80 15 12 10 13 9  11 95 8  25 28 24 26 98 31 30 27 63 91 60 59 56 62 57 61 6  0  5  7  88 4  3  1  36 38 97 35 34 39 37 32 73 74 75 76 77 78 79 72 43 44 45 46 47 40 41 42 22 19 17 20 16 18 89 23 64 69 67 70 66 68 92 65 49 14 2  94 90 33 21 87 71 58 29 
51 50 52 53 54 55 48 49 81 86 84 87 83 85 96 82 9  8  13 11 14 10 12 95 28 26 29 25 27 98 24 31 91 59 58 63 61 56 60 62 0  7  2  6  1  88 5  4  34 32 35 39 33 97 38 37 74 76 94 73 72 77 75 78 47 42 46 40 90 45 44 41 20 22 89 19 18 23 21 16 66 65 70 68 71 67 69 92 93 15 3  79 43 36 17 80 64 57 30 
48 93 55 52 50 53 49 51 83 82 87 85 80 84 86 96 95 10 9  14 12 15 11 13 24 29 27 30 26 28 98 25 60 58 61 57 59 91 56 63 5  2  1  3  7  0  88 6  37 97 34 33 38 36 39 35 75 94 72 79 76 74 77 73 41 45 47 90 44 43 40 46 23 18 22 16 89 21 20 17 92 67 66 71 69 64 68 70 54 8  4  78 42 32 19 81 65 62 31 
8  13 12 14 95 11 10 15 92 68 67 64 70 65 69 71 73 94 78 77 74 72 75 79 96 85 84 81 87 82 86 80 34 33 38 36 39 35 37 97 91 59 58 63 61 56 60 62 27 28 29 30 31 24 25 26 5  2  1  3  7  0  88 6  48 53 51 54 50 52 93 49 42 44 90 41 40 45 43 46 23 89 20 19 16 22 17 21 9  76 57 4  55 98 47 66 18 32 83 
14 8  9  13 15 95 12 11 64 92 69 68 65 71 66 70 72 74 94 79 78 75 73 76 80 82 96 87 86 83 81 84 97 35 34 39 37 32 36 38 62 56 91 61 60 57 63 58 24 31 28 26 29 25 27 98 6  0  5  7  88 4  3  1  52 50 53 49 51 93 48 55 90 47 46 43 41 44 40 42 22 16 89 21 20 17 23 18 10 77 59 2  54 30 45 67 19 33 85 
9  12 15 10 14 8  95 13 71 65 92 70 69 66 64 67 77 73 75 94 72 79 76 74 87 80 81 82 83 84 85 86 39 97 36 35 32 38 33 37 61 62 63 56 57 58 59 60 30 27 25 28 24 26 98 31 7  6  3  0  4  1  2  88 54 48 93 53 52 49 55 50 47 43 45 90 42 41 46 44 19 23 17 89 22 21 18 16 11 78 91 5  51 29 40 68 20 34 96 
13 14 10 8  11 15 9  95 68 64 66 92 71 70 67 65 75 78 74 76 94 73 72 77 84 83 80 86 81 85 87 96 38 32 97 37 36 33 39 34 58 57 62 60 63 59 61 91 25 29 31 98 28 27 24 30 1  4  6  88 3  2  7  5  93 51 50 55 53 48 52 54 46 45 42 40 43 47 41 90 17 20 16 18 89 23 22 19 12 79 56 0  49 26 44 69 21 35 82 
15 95 14 11 9  12 8  10 66 69 65 67 92 64 71 68 78 76 79 75 77 94 74 73 82 87 85 80 84 86 96 83 35 39 33 97 38 37 34 32 56 61 59 62 58 60 91 57 29 98 26 25 30 28 31 27 0  7  2  6  1  88 5  4  51 55 49 93 54 53 50 48 43 90 40 47 44 42 45 41 20 18 21 17 19 89 16 23 13 72 63 3  52 24 46 70 22 36 81 
95 11 8  15 12 10 13 9  69 67 70 66 68 92 65 64 74 79 77 72 76 78 94 75 85 81 83 96 80 87 84 82 33 36 32 34 97 39 38 35 59 63 57 91 62 61 58 56 31 26 30 24 98 29 28 25 2  3  4  5  6  7  1  0  50 49 54 52 55 51 53 93 41 42 43 44 45 46 47 40 16 21 19 22 18 20 89 17 14 73 60 88 48 27 90 71 23 37 86 
12 10 95 9  8  13 11 14 65 70 68 71 67 69 92 66 76 75 72 78 73 77 79 94 81 96 86 85 82 80 83 87 36 34 37 33 35 97 32 39 63 91 60 59 56 62 57 61 98 25 24 29 27 30 26 28 3  5  88 2  0  6  4  7  55 93 52 51 48 54 49 53 44 41 47 42 46 40 90 45 18 17 22 20 23 19 21 89 15 74 58 1  50 31 43 64 16 38 84 
11 15 13 95 10 9  14 12 67 66 71 69 64 68 70 92 94 77 76 73 79 74 78 72 83 86 82 84 96 81 80 85 32 37 35 38 34 36 97 33 57 60 56 58 91 63 62 59 28 30 98 27 26 31 29 24 4  88 0  1  5  3  6  2  53 54 55 48 49 50 51 52 40 46 41 45 47 90 44 43 89 19 18 23 21 16 20 22 8  75 61 7  93 25 42 65 17 39 87 
85 83 96 82 81 86 84 87 88 7  6  3  0  4  1  2  66 65 70 68 71 67 69 92 94 79 78 75 73 76 72 74 49 93 54 53 50 48 51 55 42 41 46 44 47 43 45 90 10 14 8  95 13 12 9  15 16 18 89 23 22 19 17 20 31 26 30 24 98 29 28 25 37 32 36 38 97 35 34 39 60 62 91 59 58 63 61 56 80 64 40 21 27 11 33 5  57 52 77 
82 85 80 83 87 81 96 86 3  88 1  7  4  2  5  0  67 71 65 92 70 69 66 64 74 76 94 73 72 77 75 78 55 48 49 50 51 52 53 54 90 43 42 47 45 40 44 46 12 13 14 15 8  9  10 11 20 19 16 22 17 21 23 89 29 98 26 25 30 28 31 27 36 33 39 34 38 32 97 37 63 58 62 56 91 61 60 57 84 68 41 18 24 95 35 6  59 93 79 
80 96 87 84 82 85 81 83 2  4  88 0  1  5  3  6  68 66 69 65 67 92 64 71 73 74 75 76 77 78 79 72 50 55 53 48 52 54 93 51 47 90 44 43 40 46 41 45 95 10 9  14 12 15 11 13 22 20 23 19 21 89 18 17 24 31 28 26 29 25 27 98 33 34 35 36 37 38 39 32 59 60 61 62 63 56 57 58 86 70 42 16 30 8  97 7  91 49 94 
83 82 84 85 86 87 80 81 7  3  5  88 2  0  6  4  69 70 71 64 65 66 67 68 78 77 74 72 75 79 73 94 54 52 55 51 53 93 50 49 46 40 90 45 44 41 47 42 9  8  13 11 14 10 12 95 89 21 20 17 23 18 22 16 28 30 98 27 26 31 29 24 39 35 37 97 34 33 38 36 61 91 58 57 62 60 63 59 96 92 43 19 25 15 32 1  56 48 76 
87 81 82 86 80 96 85 84 5  1  4  6  88 3  2  7  70 64 92 69 68 65 71 66 76 73 79 74 78 72 94 77 48 50 93 55 54 51 49 52 43 47 41 90 46 45 42 40 8  11 15 9  95 14 13 10 19 22 18 20 89 17 16 21 30 27 25 28 24 26 98 31 34 36 97 33 32 37 35 38 91 57 56 61 59 62 58 60 83 67 44 23 29 12 39 0  63 53 75 
81 86 85 87 96 84 83 80 1  6  0  5  7  88 4  3  71 92 68 67 64 70 65 69 79 75 77 94 74 73 78 76 93 53 52 49 55 50 54 48 41 44 40 42 90 47 46 43 13 15 95 12 11 8  14 9  18 23 21 16 20 22 89 19 98 25 24 29 27 30 26 28 38 37 34 32 35 39 33 97 58 56 59 63 57 91 62 61 82 66 45 17 31 10 36 2  60 51 72 
96 84 81 80 85 83 86 82 4  0  7  2  6  1  88 5  64 69 67 70 66 68 92 65 75 94 72 79 76 74 77 73 53 49 51 93 48 55 52 50 44 42 45 41 43 90 40 47 11 9  12 8  10 95 15 14 23 16 17 18 19 20 21 22 27 28 29 30 31 24 25 26 32 38 33 37 39 97 36 35 57 61 63 91 60 59 56 62 87 71 46 89 98 13 34 3  58 54 78 
86 87 83 81 84 80 82 96 6  5  2  1  3  7  0  88 65 68 64 66 92 71 70 67 77 72 76 78 94 75 74 79 52 51 48 54 49 53 55 93 40 45 43 46 42 44 90 41 14 95 11 10 15 13 8  12 21 17 19 89 16 23 20 18 26 24 27 31 25 98 30 29 97 39 38 35 33 36 32 34 62 59 57 60 56 58 91 63 85 69 47 22 28 9  37 4  61 50 73 
30 98 29 26 24 27 31 25 75 72 78 73 77 79 94 76 80 85 83 86 82 84 96 81 8  95 13 12 9  15 10 14 41 44 40 42 90 47 46 43 19 22 18 20 89 17 16 21 50 49 54 52 55 51 53 93 71 64 65 66 67 68 69 70 33 37 39 97 36 35 32 38 91 63 62 59 57 60 56 58 5  4  0  7  2  6  1  88 28 87 23 92 34 48 61 74 3  45 11 
31 28 27 29 98 26 25 30 77 76 73 79 74 78 72 94 81 84 80 82 96 87 86 83 10 13 9  11 95 8  15 12 46 40 90 45 44 41 47 42 16 18 89 23 22 19 17 20 93 51 50 55 53 48 52 54 69 65 67 92 64 71 68 66 38 35 33 36 32 34 97 39 60 57 63 58 62 56 91 61 88 6  5  2  1  3  7  0  24 85 21 70 37 49 59 75 4  43 14 
24 27 30 25 29 31 98 28 94 78 77 74 72 75 79 73 82 81 86 84 87 83 85 96 95 12 11 8  14 9  13 15 44 42 45 41 43 90 40 47 22 20 23 19 21 89 18 17 55 93 52 51 48 54 49 53 64 66 92 71 70 67 65 68 36 38 97 35 34 39 37 32 59 91 56 63 60 58 61 57 2  88 7  6  3  0  4  1  26 80 16 69 33 50 62 76 5  46 10 
25 24 26 27 28 29 30 31 74 94 79 78 75 73 76 72 83 87 81 96 86 85 82 80 15 9  95 14 13 10 8  11 47 90 44 43 40 46 41 45 17 89 22 21 18 16 19 23 54 48 93 53 52 49 55 50 68 67 64 70 65 69 71 92 39 34 38 32 97 37 36 33 56 62 57 61 63 91 60 59 0  3  88 1  7  4  2  5  98 84 20 66 35 51 58 77 6  42 12 
26 30 28 98 25 24 29 27 73 75 94 72 79 76 74 77 84 82 85 81 83 96 80 87 14 15 8  9  10 11 12 13 43 47 41 90 46 45 42 40 21 17 19 89 16 23 20 18 51 55 49 93 54 53 50 48 70 68 71 67 69 92 66 65 35 36 37 38 39 32 33 34 62 61 58 56 59 63 57 91 6  2  4  88 0  1  5  3  31 86 22 64 97 52 60 78 7  44 95 
27 25 98 24 31 28 26 29 78 74 76 94 73 72 77 75 85 86 87 80 81 82 83 84 11 10 15 13 8  12 14 95 45 46 47 40 41 42 43 44 23 16 17 18 19 20 21 22 49 52 48 50 93 55 54 51 92 69 68 65 71 66 70 64 37 97 34 33 38 36 39 35 57 58 59 60 61 62 63 56 4  7  3  5  88 2  0  6  30 96 89 67 32 53 91 79 1  90 9  
28 29 25 31 26 30 24 98 76 79 75 77 94 74 73 78 86 80 96 85 84 81 87 82 9  14 12 15 11 13 95 10 90 43 42 47 45 40 44 46 89 21 20 17 23 18 22 16 52 50 53 49 51 93 48 55 67 70 66 68 92 65 64 69 97 33 32 37 35 38 34 36 61 56 60 62 91 59 58 63 7  5  1  4  6  88 3  2  27 83 19 71 39 54 57 72 0  41 8  
29 31 24 28 30 98 27 26 79 77 72 76 78 94 75 74 87 96 84 83 80 86 81 85 12 8  10 95 15 14 11 9  42 41 46 44 47 43 45 90 20 19 16 22 17 21 23 89 48 53 51 54 50 52 93 49 66 71 69 64 68 70 92 67 34 32 35 39 33 97 38 37 63 59 61 91 58 57 62 60 3  1  6  0  5  7  88 4  25 82 18 65 36 55 56 73 2  40 13 
94 78 75 74 79 77 72 76 21 19 22 18 20 89 17 16 3  1  6  0  5  7  88 4  69 65 67 92 64 71 68 66 26 25 30 28 31 27 29 98 37 38 39 32 33 34 35 36 86 80 96 85 84 81 87 82 58 57 62 60 63 59 61 91 10 14 8  95 13 12 9  15 53 93 50 49 54 52 55 51 45 90 42 41 46 44 47 43 73 2  97 56 11 83 48 23 40 24 70 
74 94 73 78 76 79 75 77 18 21 17 19 89 16 23 20 7  5  1  4  6  88 3  2  66 71 69 64 68 70 92 67 98 27 26 31 29 24 28 30 36 34 37 33 35 97 32 39 81 84 80 82 96 87 86 83 91 59 58 63 61 56 60 62 12 13 14 15 8  9  10 11 50 48 51 55 49 93 54 53 44 46 90 43 42 47 45 40 72 0  38 57 95 85 52 22 41 25 65 
73 75 76 72 74 94 79 78 16 89 21 20 17 23 18 22 0  3  88 1  7  4  2  5  64 66 92 71 70 67 65 68 31 98 28 27 24 30 25 29 33 36 32 34 97 39 38 35 85 86 87 80 81 82 83 84 63 91 60 59 56 62 57 61 95 10 9  14 12 15 11 13 48 55 52 50 53 49 51 93 41 45 47 90 44 43 40 46 77 6  37 58 8  96 54 19 42 26 69 
78 74 72 94 77 76 73 79 19 18 23 21 16 20 22 89 88 6  5  2  1  3  7  0  67 70 66 68 92 65 64 69 30 24 98 29 28 25 31 26 39 97 36 35 32 38 33 37 87 96 84 83 80 86 81 85 62 56 91 61 60 57 63 58 9  8  13 11 14 10 12 95 51 52 53 54 55 48 49 50 47 42 46 40 90 45 44 41 75 4  34 59 15 82 93 17 43 27 71 
76 79 74 77 73 75 94 72 23 17 89 22 21 18 16 19 6  2  4  88 0  1  5  3  71 64 65 66 67 68 69 70 27 31 25 98 30 29 26 24 34 33 38 36 39 35 37 97 96 83 82 87 85 80 84 86 59 63 57 91 62 61 58 56 8  11 15 9  95 14 13 10 55 50 54 48 93 53 52 49 42 40 43 47 41 90 46 45 78 7  32 60 12 81 51 20 44 28 92 
79 77 94 76 75 72 78 73 17 22 20 23 19 21 89 18 5  4  0  7  2  6  1  88 65 92 70 69 66 64 67 71 25 28 24 26 98 31 30 27 38 32 97 37 36 33 39 34 84 82 85 81 83 96 80 87 57 60 56 58 91 63 62 59 13 15 95 12 11 8  14 9  49 53 55 93 52 51 48 54 46 43 41 44 40 42 90 47 74 3  35 61 10 86 50 16 45 29 68 
75 72 79 73 94 78 77 74 89 20 19 16 22 17 21 23 2  88 7  6  3  0  4  1  92 69 68 65 71 66 70 64 28 26 29 25 27 98 24 31 32 37 35 38 34 36 97 33 83 87 81 96 86 85 82 80 60 58 61 57 59 91 56 63 11 9  12 8  10 95 15 14 93 49 48 53 51 54 50 52 40 47 44 42 45 41 43 90 76 5  39 62 13 84 55 18 46 30 67 
77 76 78 79 72 73 74 75 22 23 16 17 18 19 20 21 1  0  2  3  4  5  6  7  70 68 71 67 69 92 66 65 24 29 27 30 26 28 98 25 97 35 34 39 37 32 36 38 80 85 83 86 82 84 96 81 56 61 59 62 58 60 91 57 14 95 11 10 15 13 8  12 54 51 49 52 48 50 93 55 90 41 40 45 43 46 42 44 94 88 33 63 9  87 53 89 47 31 64 
23 17 18 22 16 89 21 20 39 36 34 37 33 35 97 32 41 45 47 90 44 43 40 46 57 60 56 58 91 63 62 59 78 77 74 72 75 79 73 94 13 11 14 10 12 95 9  8  4  7  3  5  88 2  0  6  93 53 52 49 55 50 54 48 66 65 70 68 71 67 69 92 84 86 96 83 82 87 85 80 25 29 31 98 28 27 24 30 19 42 15 51 64 1  81 38 26 76 61 
21 19 89 18 17 22 20 23 33 32 37 35 38 34 36 97 46 43 41 44 40 42 90 47 62 56 91 61 60 57 63 58 73 74 75 76 77 78 79 72 9  14 12 15 11 13 95 10 6  2  4  88 0  1  5  3  54 52 55 51 53 93 50 49 92 67 66 71 69 64 68 70 87 82 86 80 96 85 84 81 30 27 25 28 24 26 98 31 16 45 8  48 65 7  83 39 29 94 59 
16 89 23 20 18 21 17 19 97 34 33 38 36 39 35 37 44 46 90 43 42 47 45 40 60 58 61 57 59 91 56 63 77 72 76 78 94 75 74 79 11 10 15 13 8  12 14 95 88 6  5  2  1  3  7  0  53 49 51 93 48 55 52 50 71 92 68 67 64 70 65 69 83 84 85 86 87 80 81 82 28 30 98 27 26 31 29 24 22 41 9  54 66 4  96 32 25 73 62 
20 16 22 89 19 18 23 21 38 97 35 34 39 37 32 36 47 42 46 40 90 45 44 41 63 91 60 59 56 62 57 61 79 75 77 94 74 73 78 76 95 12 11 8  14 9  13 15 3  1  6  0  5  7  88 4  50 55 53 48 52 54 93 51 70 64 92 69 68 65 71 66 85 96 82 81 86 84 87 83 31 26 30 24 98 29 28 25 17 43 10 49 67 2  80 33 27 72 58 
22 23 19 17 20 16 18 89 37 39 97 36 35 32 38 33 43 44 45 46 47 40 41 42 59 63 57 91 62 61 58 56 94 79 78 75 73 76 72 74 8  95 13 12 9  15 10 14 2  88 7  6  3  0  4  1  48 50 93 55 54 51 49 52 67 71 65 92 70 69 66 64 96 81 80 85 83 86 82 84 27 28 29 30 31 24 25 26 21 90 11 53 68 5  87 34 98 77 60 
89 20 17 16 21 19 22 18 34 38 32 97 37 36 33 39 45 90 42 41 46 44 47 43 61 62 63 56 57 58 59 60 76 73 79 74 78 72 94 77 15 9  95 14 13 10 8  11 7  5  1  4  6  88 3  2  51 54 50 52 93 49 48 53 65 68 64 66 92 71 70 67 82 80 83 87 81 96 86 85 29 98 26 25 30 28 31 27 23 40 12 55 69 0  84 35 24 75 91 
19 18 20 21 22 23 16 17 32 35 39 33 97 38 37 34 90 41 40 45 43 46 42 44 91 59 58 63 61 56 60 62 75 94 72 79 76 74 77 73 12 8  10 95 15 14 11 9  5  4  0  7  2  6  1  88 55 48 49 50 51 52 53 54 68 66 69 65 67 92 64 71 81 85 87 96 84 83 80 86 98 25 24 29 27 30 26 28 89 47 13 93 70 3  82 36 31 78 57 
18 21 16 19 23 17 89 22 35 33 36 32 34 97 39 38 42 40 43 47 41 90 46 45 58 57 62 60 63 59 61 91 72 78 73 77 79 94 76 75 10 13 9  11 95 8  15 12 1  0  2  3  4  5  6  7  49 93 54 53 50 48 51 55 64 69 67 70 66 68 92 65 86 83 81 84 80 82 96 87 26 24 27 31 25 98 30 29 20 44 14 52 71 88 85 37 28 74 56 
56 59 62 57 61 63 91 60 50 53 49 51 93 48 55 52 39 34 38 32 97 37 36 33 43 47 41 90 46 45 42 40 66 71 69 64 68 70 92 67 80 82 96 87 86 83 81 84 20 18 21 17 19 89 16 23 24 29 27 30 26 28 98 25 0  3  88 1  7  4  2  5  74 73 78 76 79 75 77 94 95 10 9  14 12 15 11 13 58 35 85 31 6  22 72 54 8  65 44 
59 57 91 56 63 60 58 61 53 51 54 50 52 93 49 48 36 38 97 35 34 39 37 32 41 44 40 42 90 47 46 43 69 65 67 92 64 71 68 66 96 85 84 81 87 82 86 80 16 21 19 22 18 20 89 17 27 31 25 98 30 29 26 24 2  88 7  6  3  0  4  1  94 75 74 79 77 72 76 78 11 9  12 8  10 95 15 14 62 33 83 28 5  23 73 55 13 70 45 
63 60 59 61 91 58 57 62 49 54 52 55 51 53 93 50 34 32 35 39 33 97 38 37 44 42 45 41 43 90 40 47 65 92 70 69 66 64 67 71 85 81 83 96 80 87 84 82 18 17 22 20 23 19 21 89 31 98 28 27 24 30 25 29 3  1  6  0  5  7  88 4  79 94 76 75 72 78 73 77 10 14 8  95 13 12 9  15 56 36 86 26 2  16 74 48 11 68 46 
57 56 58 59 60 61 62 63 51 50 55 53 48 52 54 93 37 97 34 33 38 36 39 35 40 45 43 46 42 44 90 41 67 70 66 68 92 65 64 69 84 83 80 86 81 85 87 96 89 19 18 23 21 16 20 22 25 28 24 26 98 31 30 27 4  7  3  5  88 2  0  6  78 72 94 77 76 73 79 74 15 12 10 13 9  11 95 8  91 32 82 29 1  17 75 49 14 71 47 
91 58 63 62 59 57 60 56 93 52 51 48 54 49 53 55 33 37 39 97 36 35 32 38 42 41 46 44 47 43 45 90 92 69 68 65 71 66 70 64 81 96 86 85 82 80 83 87 23 89 20 19 16 22 17 21 98 27 26 31 29 24 28 30 5  4  0  7  2  6  1  88 75 79 73 94 78 77 74 72 13 15 95 12 11 8  14 9  61 34 84 25 3  18 76 50 10 67 40 
62 91 61 58 56 59 63 57 48 93 53 52 49 55 50 54 35 36 37 38 39 32 33 34 90 43 42 47 45 40 44 46 64 66 92 71 70 67 65 68 87 80 81 82 83 84 85 86 22 16 89 21 20 17 23 18 30 24 98 29 28 25 31 26 6  2  4  88 0  1  5  3  73 76 72 74 94 79 78 75 8  11 15 9  95 14 13 10 60 97 96 27 7  19 77 51 12 69 41 
61 63 56 60 62 91 59 58 55 49 93 54 53 50 48 51 97 33 32 37 35 38 34 36 47 90 44 43 40 46 41 45 71 64 65 66 67 68 69 70 82 87 85 80 84 86 96 83 19 23 17 89 22 21 18 16 29 30 31 24 25 26 27 28 7  5  1  4  6  88 3  2  76 74 77 73 75 94 72 79 12 13 14 15 8  9  10 11 57 39 81 98 0  20 78 52 95 92 42 
58 62 60 91 57 56 61 59 52 48 50 93 55 54 51 49 32 39 36 34 37 33 35 97 46 40 90 45 44 41 47 42 68 67 64 70 65 69 71 92 86 84 87 83 85 96 82 81 17 20 16 18 89 23 22 19 26 25 30 28 31 27 29 98 1  0  2  3  4  5  6  7  72 77 75 78 74 76 94 73 14 95 11 10 15 13 8  12 63 38 80 24 88 21 79 53 9  66 43 
43 41 90 40 47 44 42 45 31 28 26 29 25 27 98 24 51 55 49 93 54 53 50 48 36 34 37 33 35 97 32 39 3  5  88 2  0  6  4  7  73 74 75 76 77 78 79 72 63 58 62 56 91 61 60 57 95 12 11 8  14 9  13 15 20 18 21 17 19 89 16 23 64 71 68 66 69 65 67 92 82 81 86 84 87 83 85 96 46 52 94 10 22 59 70 30 80 1  38 
42 46 44 90 41 40 45 43 25 24 29 27 30 26 28 98 48 53 51 54 50 52 93 49 32 37 35 38 34 36 97 33 4  88 0  1  5  3  6  2  79 75 77 94 74 73 78 76 57 61 63 91 60 59 56 62 13 11 14 10 12 95 9  8  23 89 20 19 16 22 17 21 65 69 71 92 68 67 64 70 96 83 82 87 85 80 84 86 47 55 72 15 18 58 66 31 81 7  39 
47 44 43 45 90 42 41 46 98 26 25 30 28 31 27 29 54 48 93 53 52 49 55 50 34 33 38 36 39 35 37 97 5  2  1  3  7  0  88 6  74 76 94 73 72 77 75 78 91 57 56 61 59 62 58 60 12 8  10 95 15 14 11 9  19 23 17 89 22 21 18 16 66 64 67 71 65 92 70 69 87 96 84 83 80 86 81 85 40 51 79 13 20 63 68 24 82 4  32 
45 47 40 44 46 90 43 42 30 98 27 26 31 29 24 28 49 52 48 50 93 55 54 51 97 35 34 39 37 32 36 38 6  0  5  7  88 4  3  1  78 77 74 72 75 79 73 94 62 59 57 60 56 58 91 63 9  14 12 15 11 13 95 10 21 22 23 16 17 18 19 20 67 68 69 70 71 64 65 66 86 80 96 85 84 81 87 82 41 53 76 8  89 61 92 25 83 2  33 
40 43 46 41 45 47 90 44 29 31 98 28 27 24 30 25 53 54 55 48 49 50 51 52 39 97 36 35 32 38 33 37 7  6  3  0  4  1  2  88 72 78 73 77 79 94 76 75 61 91 58 57 62 60 63 59 15 9  95 14 13 10 8  11 89 19 18 23 21 16 20 22 68 70 92 67 66 71 69 64 83 87 81 96 86 85 82 80 42 93 74 12 17 56 65 26 84 5  34 
44 45 41 47 42 46 40 90 26 30 24 98 29 28 25 31 55 93 52 51 48 54 49 53 38 32 97 37 36 33 39 34 1  4  6  88 3  2  7  5  94 79 78 75 73 76 72 74 58 56 59 63 57 91 62 61 10 13 9  11 95 8  15 12 18 17 22 20 23 19 21 89 69 92 66 65 70 68 71 67 81 84 80 82 96 87 86 83 43 50 77 14 16 60 64 27 85 0  35 
46 90 45 42 40 43 47 41 24 27 31 25 98 30 29 26 93 51 50 55 53 48 52 54 35 39 33 97 38 37 34 32 0  7  2  6  1  88 5  4  77 72 76 78 94 75 74 79 56 63 60 58 61 57 59 91 14 15 8  9  10 11 12 13 17 20 16 18 89 23 22 19 70 67 65 68 64 66 92 71 84 82 85 81 83 96 80 87 44 49 73 95 21 62 69 28 86 3  36 
90 42 47 46 43 41 44 40 27 25 28 24 26 98 31 30 52 50 53 49 51 93 48 55 33 36 32 34 97 39 38 35 2  3  4  5  6  7  1  0  76 73 79 74 78 72 94 77 59 60 61 62 63 56 57 58 8  95 13 12 9  15 10 14 22 16 89 21 20 17 23 18 71 66 70 64 92 69 68 65 80 85 83 86 82 84 96 81 45 54 75 11 19 91 67 29 87 88 37 
6  5  7  1  0  2  3  4  44 45 46 47 40 41 42 43 61 91 58 57 62 60 63 59 20 19 16 22 17 21 23 89 81 96 86 85 82 80 83 87 24 29 27 30 26 28 98 25 66 65 70 68 71 67 69 92 36 34 37 33 35 97 32 39 74 79 77 72 76 78 94 75 95 8  15 12 10 13 9  11 50 49 54 52 55 51 53 93 88 56 31 38 73 64 14 90 48 84 18 
71 65 66 70 64 92 69 68 57 56 61 59 62 58 60 91 21 22 23 16 17 18 19 20 5  2  1  3  7  0  88 6  11 10 15 13 8  12 14 95 55 48 49 50 51 52 53 54 75 78 74 76 94 73 72 77 42 41 46 44 47 43 45 90 96 83 82 87 85 80 84 86 98 31 30 27 25 28 24 26 32 39 36 34 37 33 35 97 67 89 93 40 81 79 29 63 38 9  4  
84 80 86 96 83 82 87 85 0  2  3  4  5  6  7  1  92 67 66 71 69 64 68 70 72 78 73 77 79 94 76 75 51 54 50 52 93 49 48 53 45 46 47 40 41 42 43 44 15 12 10 13 9  11 95 8  17 89 22 21 18 16 19 23 25 29 31 98 28 27 24 30 35 97 32 39 36 34 37 33 56 63 60 58 61 57 59 91 81 65 90 20 26 14 38 88 62 55 74 
72 73 77 75 78 74 76 94 20 16 18 89 23 22 19 17 4  7  3  5  88 2  0  6  68 67 64 70 65 69 71 92 29 30 31 24 25 26 27 28 35 39 33 97 38 37 34 32 82 81 86 84 87 83 85 96 61 62 63 56 57 58 59 60 15 12 10 13 9  11 95 8  52 54 93 51 50 55 53 48 43 44 45 46 47 40 41 42 79 1  36 91 14 80 49 21 90 98 66 
17 22 21 23 89 20 19 16 36 37 38 39 32 33 34 35 40 47 44 42 45 41 43 90 56 61 59 62 58 60 91 57 74 76 94 73 72 77 75 78 14 15 8  9  10 11 12 13 0  3  88 1  7  4  2  5  52 51 48 54 49 53 55 93 69 70 71 64 65 66 67 68 80 87 84 82 85 81 83 96 24 31 28 26 29 25 27 98 18 46 95 50 92 6  86 97 30 79 63 
98 26 31 30 27 25 28 24 72 73 74 75 76 77 78 79 96 83 82 87 85 80 84 86 13 11 14 10 12 95 9  8  40 45 43 46 42 44 90 41 18 23 21 16 20 22 89 19 53 54 55 48 49 50 51 52 65 92 70 69 66 64 67 71 32 39 36 34 37 33 35 97 58 60 91 57 56 61 59 62 1  0  2  3  4  5  6  7  29 81 17 68 38 93 63 94 88 47 15 
60 61 57 63 58 62 56 91 54 55 48 49 50 51 52 53 38 35 33 36 32 34 97 39 45 46 47 40 41 42 43 44 70 68 71 67 69 92 66 65 83 86 82 84 96 81 80 85 21 22 23 16 17 18 19 20 28 26 29 25 27 98 24 31 88 6  5  2  1  3  7  0  77 78 79 72 73 74 75 76 9  8  13 11 14 10 12 95 59 37 87 30 4  89 94 93 15 64 90 
34 38 36 97 33 32 37 35 13 14 15 8  9  10 11 12 30 27 25 28 24 26 98 31 55 48 49 50 51 52 53 54 23 16 17 18 19 20 21 22 66 71 69 64 68 70 92 67 42 40 43 47 41 90 46 45 81 96 86 85 82 80 83 87 91 57 56 61 59 62 58 60 3  2  7  5  1  4  6  88 79 72 73 74 75 76 77 78 39 29 65 84 63 44 0  95 94 89 93 
41 40 42 43 44 45 46 47 28 29 30 31 24 25 26 27 50 49 54 52 55 51 53 93 37 38 39 32 33 34 35 36 88 1  7  4  2  5  0  3  75 94 72 79 76 74 77 73 60 62 91 59 58 63 61 56 11 10 15 13 8  12 14 95 16 21 19 22 18 20 89 17 92 65 64 69 67 70 66 68 85 86 87 80 81 82 83 84 90 48 78 9  23 57 71 98 96 6  97 
10 9  11 12 13 14 15 8  70 71 64 65 66 67 68 69 79 72 73 74 75 76 77 78 86 84 87 83 85 96 82 81 37 38 39 32 33 34 35 36 60 58 61 57 59 91 56 63 26 24 27 31 25 98 30 29 88 1  7  4  2  5  0  3  49 52 48 50 93 55 54 51 45 40 44 46 90 43 42 47 21 22 23 16 17 18 19 20 95 94 62 6  53 28 41 92 89 97 80 
50 53 48 51 55 49 93 54 86 87 80 81 82 83 84 85 12 13 14 15 8  9  10 11 29 30 31 24 25 26 27 28 58 57 62 60 63 59 61 91 2  3  4  5  6  7  1  0  38 35 33 36 32 34 97 39 94 79 78 75 73 76 72 74 44 46 90 43 42 47 45 40 16 23 20 18 21 17 19 89 69 70 71 64 65 66 67 68 52 95 88 77 41 37 22 96 92 56 98 
