20 29 87 25 23 26 28 22 21 27 19 11 82 15 13 16 18 12 10 17 62 60 86 66 64 67 69 63 61 68 40 49 84 45 43 46 48 42 41 47 72 71 80 76 74 77 79 73 70 78 37 39 30 83 35 33 36 38 32 31 58 50 52 85 56 54 57 59 53 51 95 88 93 98 96 92 89 91 90 94 97 24 14 44 75 34 55 65 2  8  81 1  5  0  9  7  6  3  4
87 21 29 22 28 27 20 24 26 25 10 82 19 12 18 17 11 14 16 15 86 61 60 63 69 68 62 65 67 66 84 41 49 42 48 47 40 44 46 45 80 70 71 73 79 78 72 75 77 76 35 31 83 39 32 38 37 30 34 36 56 51 85 50 53 59 58 52 55 57 94 96 98 95 90 91 88 93 97 89 92 23 13 43 74 33 54 64 4  0  9  6  2  81 1  5  7  8  3
25 24 22 87 26 28 27 29 23 20 14 15 12 82 16 18 17 19 13 11 66 65 63 86 67 69 68 60 64 62 45 44 42 84 46 48 47 49 43 40 76 75 73 80 77 79 78 71 74 72 30 34 35 32 83 36 38 37 39 33 52 55 56 53 85 57 59 58 50 54 97 93 96 90 98 89 91 88 95 92 94 21 10 41 70 31 51 61 9  7  2  3  81 5  4  0  8  6  1
21 27 26 23 87 22 29 28 25 24 17 10 16 13 82 12 19 18 15 14 61 68 67 64 86 63 60 69 66 65 41 47 46 43 84 42 49 48 45 44 70 78 77 74 80 73 71 79 76 75 34 37 31 36 33 83 32 39 38 35 55 58 51 57 54 85 53 50 59 56 88 97 94 89 92 98 90 95 91 96 93 20 11 40 72 30 52 62 8  9  6  5  3  1  7  4  2  81 0
28 87 20 27 24 21 23 25 29 26 82 18 11 17 14 10 13 15 19 16 69 86 62 68 65 61 64 66 60 67 48 84 40 47 44 41 43 45 49 46 79 80 72 78 75 70 74 76 71 77 36 83 38 30 37 34 31 33 35 39 57 85 59 52 58 55 51 54 56 50 98 89 91 93 88 97 94 92 96 95 90 22 12 42 73 32 53 63 5  3  0  9  7  8  81 6  1  4  2
29 26 21 24 20 25 87 23 27 22 16 19 10 14 11 15 82 13 17 12 60 67 61 65 62 66 86 64 68 63 49 46 41 44 40 45 84 43 47 42 71 77 70 75 72 76 80 74 78 73 32 36 39 31 34 30 35 83 33 37 53 57 50 51 55 52 56 85 54 58 89 90 95 94 97 93 96 98 92 88 91 28 18 48 79 38 59 69 3  81 1  7  4  9  6  2  5  0  8
27 22 25 20 21 23 26 87 24 28 12 17 15 11 10 13 16 82 14 18 68 63 66 62 61 64 67 86 65 69 47 42 45 40 41 43 46 84 44 48 78 73 76 72 70 74 77 80 75 79 38 32 37 35 30 31 33 36 83 34 59 53 58 56 52 51 54 57 85 55 90 91 88 96 93 94 92 89 98 97 95 29 19 49 71 39 50 60 81 6  5  4  0  7  2  8  3  1  9
23 20 28 26 22 29 24 27 87 21 11 13 18 16 12 19 14 17 82 10 64 62 69 67 63 60 65 68 86 61 43 40 48 46 42 49 44 47 84 41 74 72 79 77 73 71 75 78 80 70 31 30 33 38 36 32 39 34 37 83 51 52 54 59 57 53 50 55 58 85 93 94 92 91 89 90 95 97 88 98 96 25 15 45 76 35 56 66 7  4  8  81 6  3  0  1  9  2  5
22 23 24 29 27 20 25 21 28 87 13 12 14 19 17 11 15 10 18 82 63 64 65 60 68 62 66 61 69 86 42 43 44 49 47 40 45 41 48 84 73 74 75 71 78 72 76 70 79 80 83 33 32 34 39 37 30 35 31 38 85 54 53 55 50 58 52 56 51 59 92 98 90 97 95 88 93 96 94 91 89 26 16 46 77 36 57 67 1  5  4  8  9  2  3  81 0  7  6
24 28 23 21 25 87 22 26 20 29 18 14 13 10 15 82 12 16 11 19 65 69 64 61 66 86 63 67 62 60 44 48 43 41 45 84 42 46 40 49 75 79 74 70 76 80 73 77 72 71 39 38 34 33 31 35 83 32 36 30 50 59 55 54 51 56 85 53 57 52 91 95 97 92 94 96 98 90 89 93 88 27 17 47 78 37 58 68 6  2  3  0  1  4  8  9  81 5  7
98 94 95 90 91 88 93 97 89 96 31 83 39 32 38 37 30 34 36 35 87 21 29 22 28 27 20 24 26 25 80 70 71 73 79 78 72 75 77 76 85 51 50 53 59 58 52 55 57 56 5  1  81 9  2  8  7  0  4  6  45 41 84 49 42 48 47 40 44 46 61 66 86 60 63 69 68 62 65 67 64 92 33 74 54 3  43 23 14 11 19 16 12 82 10 15 17 18 13
93 95 98 96 92 89 91 90 94 88 39 30 83 35 33 36 38 32 31 37 20 29 87 25 23 26 28 22 21 27 72 71 80 76 74 77 79 73 70 78 52 50 85 56 54 57 59 53 51 58 7  9  0  81 5  3  6  8  2  1  47 49 40 84 45 43 46 48 42 41 60 68 62 86 66 64 67 69 63 61 65 97 34 75 55 4  44 24 12 18 82 10 15 11 19 17 16 13 14
96 97 90 98 89 91 88 95 92 93 34 35 32 83 36 38 37 39 33 30 25 24 22 87 26 28 27 29 23 20 76 75 73 80 77 79 78 71 74 72 56 55 53 85 57 59 58 50 54 52 0  4  5  2  81 6  8  7  9  3  40 44 45 42 84 46 48 47 49 43 65 62 66 63 86 67 69 68 60 64 61 94 31 70 51 1  41 21 19 17 12 13 82 15 14 11 18 16 10
94 88 89 92 98 90 95 91 96 97 37 31 36 33 83 32 39 38 35 34 21 27 26 23 87 22 29 28 25 24 70 78 77 74 80 73 71 79 76 75 51 58 57 54 85 53 50 59 56 55 4  7  1  6  3  81 2  9  8  5  44 47 41 46 43 84 42 49 48 45 68 65 61 67 64 86 63 60 69 66 62 93 30 72 52 0  40 20 18 19 16 15 13 10 17 14 12 82 11
91 98 93 88 97 94 92 96 95 89 83 38 30 37 34 31 33 35 39 36 28 87 20 27 24 21 23 25 29 26 79 80 72 78 75 70 74 76 71 77 59 85 52 58 55 51 54 56 50 57 6  81 8  0  7  4  1  3  5  9  46 84 48 40 47 44 41 43 45 49 86 67 69 62 68 65 61 64 66 60 63 90 32 73 53 2  42 22 15 13 11 19 17 18 82 16 10 14 12
95 89 94 97 93 96 98 92 88 90 36 39 31 34 30 35 83 33 37 32 29 26 21 24 20 25 87 23 27 22 71 77 70 75 72 76 80 74 78 73 50 57 51 55 52 56 85 54 58 53 2  6  9  1  4  0  5  81 3  7  42 46 49 41 44 40 45 84 43 47 67 63 60 61 65 62 66 86 64 68 69 91 38 79 59 8  48 28 13 82 10 17 14 19 16 12 15 11 18
88 90 96 93 94 92 89 98 97 91 32 37 35 30 31 33 36 83 34 38 27 22 25 20 21 23 26 87 24 28 78 73 76 72 70 74 77 80 75 79 58 53 56 52 51 54 57 85 55 59 8  2  7  5  0  1  3  6  81 4  48 42 47 45 40 41 43 46 84 44 63 69 68 66 62 61 64 67 86 65 60 95 39 71 50 9  49 29 82 16 15 14 11 17 12 18 13 10 19
92 93 91 89 90 95 97 88 98 94 30 33 38 36 32 39 34 37 83 31 23 20 28 26 22 29 24 27 87 21 74 72 79 77 73 71 75 78 80 70 54 52 59 57 53 50 55 58 85 51 1  0  3  8  6  2  9  4  7  81 41 40 43 48 46 42 49 44 47 84 62 61 64 69 67 63 60 65 68 86 66 96 35 76 56 5  45 25 17 14 18 82 16 13 11 10 19 12 15
90 92 97 95 88 93 96 94 91 98 33 32 34 39 37 30 35 31 38 83 22 23 24 29 27 20 25 21 28 87 73 74 75 71 78 72 76 70 79 80 53 54 55 50 58 52 56 51 59 85 81 3  2  4  9  7  0  5  1  8  84 43 42 44 49 47 40 45 41 48 64 86 63 65 60 68 62 66 61 69 67 89 36 77 57 6  46 26 10 15 14 18 19 12 13 82 11 17 16
97 91 92 94 96 98 90 89 93 95 38 34 33 31 35 83 32 36 30 39 24 28 23 21 25 87 22 26 20 29 75 79 74 70 76 80 73 77 72 71 55 59 54 51 56 85 53 57 52 50 9  8  4  3  1  5  81 2  6  0  49 48 44 43 41 45 84 42 46 40 69 60 65 64 61 66 86 63 67 62 68 88 37 78 58 7  47 27 16 12 13 11 10 14 18 19 82 15 17
72 71 80 76 74 77 79 73 70 78 95 93 98 96 92 89 91 90 94 88 40 49 84 45 43 46 48 42 41 47 30 39 83 35 33 36 38 32 31 37 0  9  81 5  3  6  8  2  1  7  68 60 62 86 66 64 67 69 63 61 17 19 11 82 15 13 16 18 12 10 50 58 52 85 56 54 57 59 53 51 55 75 97 34 4  65 14 44 22 28 87 21 25 20 29 27 26 23 24
80 70 71 73 79 78 72 75 77 76 94 98 95 90 91 88 93 97 89 96 84 41 49 42 48 47 40 44 46 45 83 31 39 32 38 37 30 34 36 35 81 1  9  2  8  7  0  4  6  5  66 61 86 60 63 69 68 62 65 67 15 10 82 19 12 18 17 11 14 16 51 56 85 50 53 59 58 52 55 57 54 74 92 33 3  64 13 43 24 20 29 26 22 87 21 25 27 28 23
76 75 73 80 77 79 78 71 74 72 97 96 90 98 89 91 88 95 92 93 45 44 42 84 46 48 47 49 43 40 35 34 32 83 36 38 37 39 33 30 5  4  2  81 6  8  7  9  3  0  62 65 66 63 86 67 69 68 60 64 11 14 15 12 82 16 18 17 19 13 55 52 56 53 85 57 59 58 50 54 51 70 94 31 1  61 10 41 29 27 22 23 87 25 24 20 28 26 21
70 78 77 74 80 73 71 79 76 75 88 94 89 92 98 90 95 91 96 97 41 47 46 43 84 42 49 48 45 44 31 37 36 33 83 32 39 38 35 34 1  7  6  3  81 2  9  8  5  4  65 68 61 67 64 86 63 60 69 66 14 17 10 16 13 82 12 19 18 15 58 55 51 57 54 85 53 50 59 56 52 72 93 30 0  62 11 40 28 29 26 25 23 21 27 24 22 87 20
79 80 72 78 75 70 74 76 71 77 98 91 93 88 97 94 92 96 95 89 48 84 40 47 44 41 43 45 49 46 38 83 30 37 34 31 33 35 39 36 8  81 0  7  4  1  3  5  9  6  67 86 69 62 68 65 61 64 66 60 16 82 18 11 17 14 10 13 15 19 85 57 59 52 58 55 51 54 56 50 53 73 90 32 2  63 12 42 25 23 20 29 27 28 87 26 21 24 22
71 77 70 75 72 76 80 74 78 73 89 95 94 97 93 96 98 92 88 90 49 46 41 44 40 45 84 43 47 42 39 36 31 34 30 35 83 33 37 32 9  6  1  4  0  5  81 3  7  2  63 67 60 61 65 62 66 86 64 68 12 16 19 10 14 11 15 82 13 17 57 53 50 51 55 52 56 85 54 58 59 79 91 38 8  69 18 48 23 87 21 27 24 29 26 22 25 20 28
78 73 76 72 70 74 77 80 75 79 90 88 96 93 94 92 89 98 97 91 47 42 45 40 41 43 46 84 44 48 37 32 35 30 31 33 36 83 34 38 7  2  5  0  1  3  6  81 4  8  69 63 68 66 62 61 64 67 86 65 18 12 17 15 11 10 13 16 82 14 53 59 58 56 52 51 54 57 85 55 50 71 95 39 9  60 19 49 87 26 25 24 20 27 22 28 23 21 29
74 72 79 77 73 71 75 78 80 70 93 92 91 89 90 95 97 88 98 94 43 40 48 46 42 49 44 47 84 41 33 30 38 36 32 39 34 37 83 31 3  0  8  6  2  9  4  7  81 1  61 62 64 69 67 63 60 65 68 86 10 11 13 18 16 12 19 14 17 82 52 51 54 59 57 53 50 55 58 85 56 76 96 35 5  66 15 45 27 24 28 87 26 23 20 21 29 22 25
73 74 75 71 78 72 76 70 79 80 92 90 97 95 88 93 96 94 91 98 42 43 44 49 47 40 45 41 48 84 32 33 34 39 37 30 35 31 38 83 2  3  4  9  7  0  5  1  8  81 86 64 63 65 60 68 62 66 61 69 82 13 12 14 19 17 11 15 10 18 54 85 53 55 50 58 52 56 51 59 57 77 89 36 6  67 16 46 21 25 24 28 29 22 23 87 20 27 26
75 79 74 70 76 80 73 77 72 71 91 97 92 94 96 98 90 89 93 95 44 48 43 41 45 84 42 46 40 49 34 38 33 31 35 83 32 36 30 39 4  8  3  1  5  81 2  6  0  9  60 69 65 64 61 66 86 63 67 62 19 18 14 13 10 15 82 12 16 11 59 50 55 54 51 56 85 53 57 52 58 78 88 37 7  68 17 47 26 22 23 20 21 24 28 29 87 25 27
62 60 86 66 64 67 69 63 61 68 9  0  81 5  3  6  8  2  1  7  93 95 98 96 92 89 91 90 94 88 52 50 85 56 54 57 59 53 51 58 40 49 84 45 43 46 48 42 41 47 17 19 11 82 15 13 16 18 12 10 78 71 72 80 76 74 77 79 73 70 29 27 20 87 25 23 26 28 22 21 24 65 4  55 44 14 75 97 32 38 83 31 35 30 39 37 36 33 34
86 61 60 63 69 68 62 65 67 66 1  81 9  2  8  7  0  4  6  5  98 94 95 90 91 88 93 97 89 96 85 51 50 53 59 58 52 55 57 56 84 41 49 42 48 47 40 44 46 45 15 10 82 19 12 18 17 11 14 16 76 70 80 71 73 79 78 72 75 77 21 25 87 29 22 28 27 20 24 26 23 64 3  54 43 13 74 92 34 30 39 36 32 83 31 35 37 38 33
66 65 63 86 67 69 68 60 64 62 4  5  2  81 6  8  7  9  3  0  96 97 90 98 89 91 88 95 92 93 56 55 53 85 57 59 58 50 54 52 45 44 42 84 46 48 47 49 43 40 11 14 15 12 82 16 18 17 19 13 72 75 76 73 80 77 79 78 71 74 24 20 25 22 87 26 28 27 29 23 21 61 1  51 41 10 70 94 39 37 32 33 83 35 34 30 38 36 31
61 68 67 64 86 63 60 69 66 65 7  1  6  3  81 2  9  8  5  4  94 88 89 92 98 90 95 91 96 97 51 58 57 54 85 53 50 59 56 55 41 47 46 43 84 42 49 48 45 44 14 17 10 16 13 82 12 19 18 15 75 78 70 77 74 80 73 71 79 76 27 24 21 26 23 87 22 29 28 25 20 62 0  52 40 11 72 93 38 39 36 35 33 31 37 34 32 83 30
69 86 62 68 65 61 64 66 60 67 81 8  0  7  4  1  3  5  9  6  91 98 93 88 97 94 92 96 95 89 59 85 52 58 55 51 54 56 50 57 48 84 40 47 44 41 43 45 49 46 16 82 18 11 17 14 10 13 15 19 77 80 79 72 78 75 70 74 76 71 87 26 28 20 27 24 21 23 25 29 22 63 2  53 42 12 73 90 35 33 30 39 37 38 83 36 31 34 32
60 67 61 65 62 66 86 64 68 63 6  9  1  4  0  5  81 3  7  2  95 89 94 97 93 96 98 92 88 90 50 57 51 55 52 56 85 54 58 53 49 46 41 44 40 45 84 43 47 42 12 16 19 10 14 11 15 82 13 17 73 77 71 70 75 72 76 80 74 78 26 22 29 21 24 20 25 87 23 27 28 69 8  59 48 18 79 91 33 83 31 37 34 39 36 32 35 30 38
68 63 66 62 61 64 67 86 65 69 2  7  5  0  1  3  6  81 4  8  88 90 96 93 94 92 89 98 97 91 58 53 56 52 51 54 57 85 55 59 47 42 45 40 41 43 46 84 44 48 18 12 17 15 11 10 13 16 82 14 79 73 78 76 72 70 74 77 80 75 22 28 27 25 20 21 23 26 87 24 29 60 9  50 49 19 71 95 83 36 35 34 30 37 32 38 33 31 39
64 62 69 67 63 60 65 68 86 61 0  3  8  6  2  9  4  7  81 1  92 93 91 89 90 95 97 88 98 94 54 52 59 57 53 50 55 58 85 51 43 40 48 46 42 49 44 47 84 41 10 11 13 18 16 12 19 14 17 82 70 72 74 79 77 73 71 75 78 80 20 21 23 28 26 22 29 24 27 87 25 66 5  56 45 15 76 96 37 34 38 83 36 33 30 31 39 32 35
63 64 65 60 68 62 66 61 69 86 3  2  4  9  7  0  5  1  8  81 90 92 97 95 88 93 96 94 91 98 53 54 55 50 58 52 56 51 59 85 42 43 44 49 47 40 45 41 48 84 82 13 12 14 19 17 11 15 10 18 80 74 73 75 71 78 72 76 70 79 23 87 22 24 29 27 20 25 21 28 26 67 6  57 46 16 77 89 31 35 34 38 39 32 33 83 30 37 36
65 69 64 61 66 86 63 67 62 60 8  4  3  1  5  81 2  6  0  9  97 91 92 94 96 98 90 89 93 95 55 59 54 51 56 85 53 57 52 50 44 48 43 41 45 84 42 46 40 49 19 18 14 13 10 15 82 12 16 11 71 79 75 74 70 76 80 73 77 72 28 29 24 23 21 25 87 22 26 20 27 68 7  58 47 17 78 88 36 32 33 30 31 34 38 39 83 35 37
30 39 83 35 33 36 38 32 31 37 71 72 80 76 74 77 79 73 70 78 11 19 82 15 13 16 18 12 10 17 93 95 98 96 92 89 91 90 94 88 62 60 86 66 64 67 69 63 61 68 58 50 52 85 56 54 57 59 53 51 27 29 20 87 25 23 26 28 22 21 9  7  0  81 5  3  6  8  2  1  4  34 75 97 65 55 24 14 42 48 84 41 45 40 49 47 46 43 44
83 31 39 32 38 37 30 34 36 35 70 80 71 73 79 78 72 75 77 76 82 10 19 12 18 17 11 14 16 15 98 94 95 90 91 88 93 97 89 96 86 61 60 63 69 68 62 65 67 66 56 51 85 50 53 59 58 52 55 57 25 21 87 29 22 28 27 20 24 26 1  5  81 9  2  8  7  0  4  6  3  33 74 92 64 54 23 13 44 40 49 46 42 84 41 45 47 48 43
35 34 32 83 36 38 37 39 33 30 75 76 73 80 77 79 78 71 74 72 15 14 12 82 16 18 17 19 13 11 96 97 90 98 89 91 88 95 92 93 66 65 63 86 67 69 68 60 64 62 52 55 56 53 85 57 59 58 50 54 20 24 25 22 87 26 28 27 29 23 4  0  5  2  81 6  8  7  9  3  1  31 70 94 61 51 21 10 49 47 42 43 84 45 44 40 48 46 41
31 37 36 33 83 32 39 38 35 34 78 70 77 74 80 73 71 79 76 75 10 17 16 13 82 12 19 18 15 14 94 88 89 92 98 90 95 91 96 97 61 68 67 64 86 63 60 69 66 65 55 58 51 57 54 85 53 50 59 56 24 27 21 26 23 87 22 29 28 25 7  4  1  6  3  81 2  9  8  5  0  30 72 93 62 52 20 11 48 49 46 45 43 41 47 44 42 84 40
38 83 30 37 34 31 33 35 39 36 80 79 72 78 75 70 74 76 71 77 18 82 11 17 14 10 13 15 19 16 91 98 93 88 97 94 92 96 95 89 69 86 62 68 65 61 64 66 60 67 57 85 59 52 58 55 51 54 56 50 26 87 28 20 27 24 21 23 25 29 81 6  8  0  7  4  1  3  5  9  2  32 73 90 63 53 22 12 45 43 40 49 47 48 84 46 41 44 42
39 36 31 34 30 35 83 33 37 32 77 71 70 75 72 76 80 74 78 73 19 16 10 14 11 15 82 13 17 12 95 89 94 97 93 96 98 92 88 90 60 67 61 65 62 66 86 64 68 63 53 57 50 51 55 52 56 85 54 58 22 26 29 21 24 20 25 87 23 27 6  2  9  1  4  0  5  81 3  7  8  38 79 91 69 59 28 18 43 84 41 47 44 49 46 42 45 40 48
37 32 35 30 31 33 36 83 34 38 73 78 76 72 70 74 77 80 75 79 17 12 15 11 10 13 16 82 14 18 88 90 96 93 94 92 89 98 97 91 68 63 66 62 61 64 67 86 65 69 59 53 58 56 52 51 54 57 85 55 28 22 27 25 20 21 23 26 87 24 2  8  7  5  0  1  3  6  81 4  9  39 71 95 60 50 29 19 84 46 45 44 40 47 42 48 43 41 49
33 30 38 36 32 39 34 37 83 31 72 74 79 77 73 71 75 78 80 70 13 11 18 16 12 19 14 17 82 10 92 93 91 89 90 95 97 88 98 94 64 62 69 67 63 60 65 68 86 61 51 52 54 59 57 53 50 55 58 85 21 20 23 28 26 22 29 24 27 87 0  1  3  8  6  2  9  4  7  81 5  35 76 96 66 56 25 15 47 44 48 84 46 43 40 41 49 42 45
32 33 34 39 37 30 35 31 38 83 74 73 75 71 78 72 76 70 79 80 12 13 14 19 17 11 15 10 18 82 90 92 97 95 88 93 96 94 91 98 63 64 65 60 68 62 66 61 69 86 85 54 53 55 50 58 52 56 51 59 87 23 22 24 29 27 20 25 21 28 3  81 2  4  9  7  0  5  1  8  6  36 77 89 67 57 26 16 41 45 44 48 49 42 43 84 40 47 46
34 38 33 31 35 83 32 36 30 39 79 75 74 70 76 80 73 77 72 71 14 18 13 10 15 82 12 16 11 19 97 91 92 94 96 98 90 89 93 95 65 69 64 61 66 86 63 67 62 60 50 59 55 54 51 56 85 53 57 52 29 28 24 23 21 25 87 22 26 20 8  9  4  3  1  5  81 2  6  0  7  37 78 88 68 58 27 17 46 42 43 40 41 44 48 49 84 45 47
14 18 13 10 15 82 12 16 11 19 48 44 43 41 45 84 42 46 40 49 4  8  3  1  5  81 2  6  0  9  24 28 23 21 25 87 22 26 20 29 97 91 92 94 96 98 90 89 93 95 71 79 75 74 70 76 80 73 77 72 60 69 65 64 61 66 86 63 67 62 38 39 34 33 31 35 83 32 36 30 37 17 47 27 88 78 68 7  57 53 54 52 51 55 59 50 85 56 58
82 10 19 12 18 17 11 14 16 15 41 84 49 42 48 47 40 44 46 45 81 1  9  2  8  7  0  4  6  5  87 21 29 22 28 27 20 24 26 25 98 94 95 90 91 88 93 97 89 96 76 70 80 71 73 79 78 72 75 77 66 61 86 60 63 69 68 62 65 67 31 35 83 39 32 38 37 30 34 36 33 13 43 23 92 74 64 3  55 52 50 57 53 85 51 56 58 59 54
11 19 82 15 13 16 18 12 10 17 49 40 84 45 43 46 48 42 41 47 0  9  81 5  3  6  8  2  1  7  20 29 87 25 23 26 28 22 21 27 93 95 98 96 92 89 91 90 94 88 78 71 72 80 76 74 77 79 73 70 68 60 62 86 66 64 67 69 63 61 39 37 30 83 35 33 36 38 32 31 34 14 44 24 97 75 65 4  53 59 85 51 56 52 50 58 57 54 55
15 14 12 82 16 18 17 19 13 11 44 45 42 84 46 48 47 49 43 40 5  4  2  81 6  8  7  9  3  0  25 24 22 87 26 28 27 29 23 20 96 97 90 98 89 91 88 95 92 93 72 75 76 73 80 77 79 78 71 74 62 65 66 63 86 67 69 68 60 64 34 30 35 32 83 36 38 37 39 33 31 10 41 21 94 70 61 1  50 58 53 54 85 56 55 52 59 57 51
10 17 16 13 82 12 19 18 15 14 47 41 46 43 84 42 49 48 45 44 1  7  6  3  81 2  9  8  5  4  21 27 26 23 87 22 29 28 25 24 94 88 89 92 98 90 95 91 96 97 75 78 70 77 74 80 73 71 79 76 65 68 61 67 64 86 63 60 69 66 37 34 31 36 33 83 32 39 38 35 30 11 40 20 93 72 62 0  59 50 57 56 54 51 58 55 53 85 52
18 82 11 17 14 10 13 15 19 16 84 48 40 47 44 41 43 45 49 46 8  81 0  7  4  1  3  5  9  6  28 87 20 27 24 21 23 25 29 26 91 98 93 88 97 94 92 96 95 89 77 80 79 72 78 75 70 74 76 71 67 86 69 62 68 65 61 64 66 60 83 36 38 30 37 34 31 33 35 39 32 12 42 22 90 73 63 2  56 54 52 50 58 59 85 57 51 55 53
19 16 10 14 11 15 82 13 17 12 46 49 41 44 40 45 84 43 47 42 9  6  1  4  0  5  81 3  7  2  29 26 21 24 20 25 87 23 27 22 95 89 94 97 93 96 98 92 88 90 73 77 71 70 75 72 76 80 74 78 63 67 60 61 65 62 66 86 64 68 36 32 39 31 34 30 35 83 33 37 38 18 48 28 91 79 69 8  54 85 51 58 55 50 57 53 56 52 59
17 12 15 11 10 13 16 82 14 18 42 47 45 40 41 43 46 84 44 48 7  2  5  0  1  3  6  81 4  8  27 22 25 20 21 23 26 87 24 28 88 90 96 93 94 92 89 98 97 91 79 73 78 76 72 70 74 77 80 75 69 63 68 66 62 61 64 67 86 65 32 38 37 35 30 31 33 36 83 34 39 19 49 29 95 71 60 9  85 57 56 55 52 58 53 59 54 51 50
13 11 18 16 12 19 14 17 82 10 40 43 48 46 42 49 44 47 84 41 3  0  8  6  2  9  4  7  81 1  23 20 28 26 22 29 24 27 87 21 92 93 91 89 90 95 97 88 98 94 70 72 74 79 77 73 71 75 78 80 61 62 64 69 67 63 60 65 68 86 30 31 33 38 36 32 39 34 37 83 35 15 45 25 96 76 66 5  58 55 59 85 57 54 52 51 50 53 56
12 13 14 19 17 11 15 10 18 82 43 42 44 49 47 40 45 41 48 84 2  3  4  9  7  0  5  1  8  81 22 23 24 29 27 20 25 21 28 87 90 92 97 95 88 93 96 94 91 98 80 74 73 75 71 78 72 76 70 79 86 64 63 65 60 68 62 66 61 69 33 83 32 34 39 37 30 35 31 38 36 16 46 26 89 77 67 6  51 56 55 59 50 53 54 85 52 58 57
44 48 43 41 45 84 42 46 40 49 28 24 23 21 25 87 22 26 20 29 55 59 54 51 56 85 53 57 52 50 14 18 13 10 15 82 12 16 11 19 34 38 33 31 35 83 32 36 30 39 95 91 97 92 94 96 98 90 89 93 9  8  4  3  1  5  81 2  6  0  79 71 75 74 70 76 80 73 77 72 78 47 27 17 37 88 7  58 67 63 64 62 61 65 69 60 86 66 68
84 41 49 42 48 47 40 44 46 45 21 87 29 22 28 27 20 24 26 25 85 51 50 53 59 58 52 55 57 56 82 10 19 12 18 17 11 14 16 15 83 31 39 32 38 37 30 34 36 35 96 94 98 95 90 91 88 93 97 89 5  1  81 9  2  8  7  0  4  6  70 76 80 71 73 79 78 72 75 77 74 43 23 13 33 92 3  54 65 62 60 67 63 86 61 66 68 69 64
40 49 84 45 43 46 48 42 41 47 29 20 87 25 23 26 28 22 21 27 52 50 85 56 54 57 59 53 51 58 11 19 82 15 13 16 18 12 10 17 30 39 83 35 33 36 38 32 31 37 88 95 93 98 96 92 89 91 90 94 7  9  0  81 5  3  6  8  2  1  71 78 72 80 76 74 77 79 73 70 75 44 24 14 34 97 4  55 63 69 86 61 66 62 60 68 67 64 65
45 44 42 84 46 48 47 49 43 40 24 25 22 87 26 28 27 29 23 20 56 55 53 85 57 59 58 50 54 52 15 14 12 82 16 18 17 19 13 11 35 34 32 83 36 38 37 39 33 30 93 97 96 90 98 89 91 88 95 92 0  4  5  2  81 6  8  7  9  3  75 72 76 73 80 77 79 78 71 74 70 41 21 10 31 94 1  51 60 68 63 64 86 66 65 62 69 67 61
41 47 46 43 84 42 49 48 45 44 27 21 26 23 87 22 29 28 25 24 51 58 57 54 85 53 50 59 56 55 10 17 16 13 82 12 19 18 15 14 31 37 36 33 83 32 39 38 35 34 97 88 94 89 92 98 90 95 91 96 4  7  1  6  3  81 2  9  8  5  78 75 70 77 74 80 73 71 79 76 72 40 20 11 30 93 0  52 69 60 67 66 64 61 68 65 63 86 62
48 84 40 47 44 41 43 45 49 46 87 28 20 27 24 21 23 25 29 26 59 85 52 58 55 51 54 56 50 57 18 82 11 17 14 10 13 15 19 16 38 83 30 37 34 31 33 35 39 36 89 98 91 93 88 97 94 92 96 95 6  81 8  0  7  4  1  3  5  9  80 77 79 72 78 75 70 74 76 71 73 42 22 12 32 90 2  53 66 64 62 60 68 69 86 67 61 65 63
49 46 41 44 40 45 84 43 47 42 26 29 21 24 20 25 87 23 27 22 50 57 51 55 52 56 85 54 58 53 19 16 10 14 11 15 82 13 17 12 39 36 31 34 30 35 83 33 37 32 90 89 95 94 97 93 96 98 92 88 2  6  9  1  4  0  5  81 3  7  77 73 71 70 75 72 76 80 74 78 79 48 28 18 38 91 8  59 64 86 61 68 65 60 67 63 66 62 69
47 42 45 40 41 43 46 84 44 48 22 27 25 20 21 23 26 87 24 28 58 53 56 52 51 54 57 85 55 59 17 12 15 11 10 13 16 82 14 18 37 32 35 30 31 33 36 83 34 38 91 90 88 96 93 94 92 89 98 97 8  2  7  5  0  1  3  6  81 4  73 79 78 76 72 70 74 77 80 75 71 49 29 19 39 95 9  50 86 67 66 65 62 68 63 69 64 61 60
43 40 48 46 42 49 44 47 84 41 20 23 28 26 22 29 24 27 87 21 54 52 59 57 53 50 55 58 85 51 13 11 18 16 12 19 14 17 82 10 33 30 38 36 32 39 34 37 83 31 94 93 92 91 89 90 95 97 88 98 1  0  3  8  6  2  9  4  7  81 72 70 74 79 77 73 71 75 78 80 76 45 25 15 35 96 5  56 68 65 69 86 67 64 62 61 60 63 66
42 43 44 49 47 40 45 41 48 84 23 22 24 29 27 20 25 21 28 87 53 54 55 50 58 52 56 51 59 85 12 13 14 19 17 11 15 10 18 82 32 33 34 39 37 30 35 31 38 83 98 92 90 97 95 88 93 96 94 91 81 3  2  4  9  7  0  5  1  8  74 80 73 75 71 78 72 76 70 79 77 46 26 16 36 89 6  57 61 66 65 69 60 63 64 86 62 68 67
81 1  9  2  8  7  0  4  6  5  51 85 50 53 59 58 52 55 57 56 83 31 39 32 38 37 30 34 36 35 86 61 60 63 69 68 62 65 67 66 87 21 29 22 28 27 20 24 26 25 45 41 84 49 42 48 47 40 44 46 96 94 98 95 90 91 88 93 97 89 10 15 82 19 12 18 17 11 14 16 13 3  54 64 23 43 92 33 75 72 71 77 73 80 70 76 78 79 74
4  8  3  1  5  81 2  6  0  9  59 55 54 51 56 85 53 57 52 50 34 38 33 31 35 83 32 36 30 39 65 69 64 61 66 86 63 67 62 60 24 28 23 21 25 87 22 26 20 29 49 48 44 43 41 45 84 42 46 40 95 91 97 92 94 96 98 90 89 93 18 19 14 13 10 15 82 12 16 11 17 7  58 68 27 47 88 37 77 73 74 72 70 75 79 71 80 76 78
0  9  81 5  3  6  8  2  1  7  50 52 85 56 54 57 59 53 51 58 30 39 83 35 33 36 38 32 31 37 62 60 86 66 64 67 69 63 61 68 20 29 87 25 23 26 28 22 21 27 47 49 40 84 45 43 46 48 42 41 88 95 93 98 96 92 89 91 90 94 19 17 11 82 15 13 16 18 12 10 14 4  55 65 24 44 97 34 73 79 80 70 76 72 71 78 77 74 75
5  4  2  81 6  8  7  9  3  0  55 56 53 85 57 59 58 50 54 52 35 34 32 83 36 38 37 39 33 30 66 65 63 86 67 69 68 60 64 62 25 24 22 87 26 28 27 29 23 20 40 44 45 42 84 46 48 47 49 43 93 97 96 90 98 89 91 88 95 92 14 11 15 12 82 16 18 17 19 13 10 1  51 61 21 41 94 31 71 78 73 74 80 76 75 72 79 77 70
1  7  6  3  81 2  9  8  5  4  58 51 57 54 85 53 50 59 56 55 31 37 36 33 83 32 39 38 35 34 61 68 67 64 86 63 60 69 66 65 21 27 26 23 87 22 29 28 25 24 44 47 41 46 43 84 42 49 48 45 97 88 94 89 92 98 90 95 91 96 17 14 10 16 13 82 12 19 18 15 11 0  52 62 20 40 93 30 79 71 77 76 74 70 78 75 73 80 72
8  81 0  7  4  1  3  5  9  6  85 59 52 58 55 51 54 56 50 57 38 83 30 37 34 31 33 35 39 36 69 86 62 68 65 61 64 66 60 67 28 87 20 27 24 21 23 25 29 26 46 84 48 40 47 44 41 43 45 49 89 98 91 93 88 97 94 92 96 95 82 16 18 11 17 14 10 13 15 19 12 2  53 63 22 42 90 32 76 74 72 71 78 79 80 77 70 75 73
9  6  1  4  0  5  81 3  7  2  57 50 51 55 52 56 85 54 58 53 39 36 31 34 30 35 83 33 37 32 60 67 61 65 62 66 86 64 68 63 29 26 21 24 20 25 87 23 27 22 42 46 49 41 44 40 45 84 43 47 90 89 95 94 97 93 96 98 92 88 16 12 19 10 14 11 15 82 13 17 18 8  59 69 28 48 91 38 74 80 70 78 75 71 77 73 76 72 79
7  2  5  0  1  3  6  81 4  8  53 58 56 52 51 54 57 85 55 59 37 32 35 30 31 33 36 83 34 38 68 63 66 62 61 64 67 86 65 69 27 22 25 20 21 23 26 87 24 28 48 42 47 45 40 41 43 46 84 44 91 90 88 96 93 94 92 89 98 97 12 18 17 15 11 10 13 16 82 14 19 9  50 60 29 49 95 39 80 77 76 75 72 78 73 79 74 70 71
3  0  8  6  2  9  4  7  81 1  52 54 59 57 53 50 55 58 85 51 33 30 38 36 32 39 34 37 83 31 64 62 69 67 63 60 65 68 86 61 23 20 28 26 22 29 24 27 87 21 41 40 43 48 46 42 49 44 47 84 94 93 92 91 89 90 95 97 88 98 11 10 13 18 16 12 19 14 17 82 15 5  56 66 25 45 96 35 78 75 79 80 77 74 72 70 71 73 76
2  3  4  9  7  0  5  1  8  81 54 53 55 50 58 52 56 51 59 85 32 33 34 39 37 30 35 31 38 83 63 64 65 60 68 62 66 61 69 86 22 23 24 29 27 20 25 21 28 87 84 43 42 44 49 47 40 45 41 48 98 92 90 97 95 88 93 96 94 91 13 82 12 14 19 17 11 15 10 18 16 6  57 67 26 46 89 36 70 76 75 79 71 73 74 80 72 78 77
6  5  7  8  9  4  1  0  2  3  56 57 58 59 50 55 51 52 53 54 36 35 37 38 39 34 31 30 32 33 67 66 68 69 60 65 61 62 63 64 26 25 27 28 29 24 21 20 22 23 43 45 46 47 48 49 44 41 40 42 92 96 89 88 91 95 97 94 93 90 15 13 16 17 18 19 14 10 11 12 82 81 85 86 87 84 98 83 72 70 78 73 79 77 76 74 75 71 80
26 25 27 28 29 24 21 20 22 23 15 16 17 18 19 14 10 11 12 13 67 66 68 69 60 65 61 62 63 64 46 45 47 48 49 44 41 40 42 43 77 76 78 79 71 75 70 72 73 74 33 35 36 37 38 39 34 31 30 32 54 56 57 58 59 50 55 51 52 53 96 92 89 88 91 95 97 94 93 90 98 87 82 84 80 83 85 86 0  1  7  2  8  6  5  3  4  9  81
89 96 88 91 95 97 94 93 90 92 35 36 37 38 39 34 31 30 32 33 26 25 27 28 29 24 21 20 22 23 77 76 78 79 71 75 70 72 73 74 57 56 58 59 50 55 51 52 53 54 3  5  6  7  8  9  4  1  0  2  43 45 46 47 48 49 44 41 40 42 66 64 67 68 69 60 65 61 62 63 86 98 83 80 85 81 84 87 11 10 17 12 18 16 15 13 14 19 82
67 66 68 69 60 65 61 62 63 64 5  6  7  8  9  4  1  0  2  3  89 96 88 91 95 97 94 93 90 92 57 56 58 59 50 55 51 52 53 54 46 45 47 48 49 44 41 40 42 43 13 15 16 17 18 19 14 10 11 12 74 76 77 78 79 71 75 70 72 73 25 23 26 27 28 29 24 21 20 22 87 86 81 85 84 82 80 98 30 31 37 32 38 36 35 33 34 39 83
36 35 37 38 39 34 31 30 32 33 76 77 78 79 71 75 70 72 73 74 16 15 17 18 19 14 10 11 12 13 89 96 88 91 95 97 94 93 90 92 67 66 68 69 60 65 61 62 63 64 54 56 57 58 59 50 55 51 52 53 23 25 26 27 28 29 24 21 20 22 5  3  6  7  8  9  4  1  0  2  81 83 80 98 86 85 87 82 40 41 47 42 48 46 45 43 44 49 84
16 15 17 18 19 14 10 11 12 13 45 46 47 48 49 44 41 40 42 43 6  5  7  8  9  4  1  0  2  3  26 25 27 28 29 24 21 20 22 23 89 96 88 91 95 97 94 93 90 92 74 76 77 78 79 71 75 70 72 73 64 66 67 68 69 60 65 61 62 63 35 33 36 37 38 39 34 31 30 32 83 82 84 87 98 80 86 81 52 51 58 53 59 57 56 54 55 50 85
46 45 47 48 49 44 41 40 42 43 25 26 27 28 29 24 21 20 22 23 57 56 58 59 50 55 51 52 53 54 16 15 17 18 19 14 10 11 12 13 36 35 37 38 39 34 31 30 32 33 92 96 89 88 91 95 97 94 93 90 3  5  6  7  8  9  4  1  0  2  76 74 77 78 79 71 75 70 72 73 80 84 87 82 83 98 81 85 62 61 68 63 69 67 66 64 65 60 86
77 76 78 79 71 75 70 72 73 74 96 89 88 91 95 97 94 93 90 92 46 45 47 48 49 44 41 40 42 43 36 35 37 38 39 34 31 30 32 33 6  5  7  8  9  4  1  0  2  3  64 66 67 68 69 60 65 61 62 63 13 15 16 17 18 19 14 10 11 12 56 54 57 58 59 50 55 51 52 53 85 80 98 83 81 86 82 84 20 21 27 22 28 26 25 23 24 29 87
54 52 59 57 53 50 55 58 85 51 62 64 69 67 63 60 65 68 86 61 74 72 79 77 73 71 75 78 80 70 3  0  8  6  2  9  4  7  81 1  13 11 18 16 12 19 14 17 82 10 21 20 23 28 26 22 29 24 27 87 31 30 33 38 36 32 39 34 37 83 40 41 43 48 46 42 49 44 47 84 45 56 66 5  15 25 35 76 88 97 91 98 89 92 93 94 95 90 96
58 53 56 52 51 54 57 85 55 59 63 68 66 62 61 64 67 86 65 69 78 73 76 72 70 74 77 80 75 79 7  2  5  0  1  3  6  81 4  8  17 12 15 11 10 13 16 82 14 18 28 22 27 25 20 21 23 26 87 24 38 32 37 35 30 31 33 36 83 34 42 48 47 45 40 41 43 46 84 44 49 50 60 9  19 29 39 71 98 89 96 97 93 88 90 91 92 94 95
56 55 53 85 57 59 58 50 54 52 65 66 63 86 67 69 68 60 64 62 76 75 73 80 77 79 78 71 74 72 5  4  2  81 6  8  7  9  3  0  15 14 12 82 16 18 17 19 13 11 20 24 25 22 87 26 28 27 29 23 30 34 35 32 83 36 38 37 39 33 44 40 45 42 84 46 48 47 49 43 41 51 61 1  10 21 31 70 95 88 90 92 98 96 97 93 91 89 94
53 54 55 50 58 52 56 51 59 85 64 63 65 60 68 62 66 61 69 86 73 74 75 71 78 72 76 70 79 80 2  3  4  9  7  0  5  1  8  81 12 13 14 19 17 11 15 10 18 82 87 23 22 24 29 27 20 25 21 28 83 33 32 34 39 37 30 35 31 38 43 84 42 44 49 47 40 45 41 48 46 57 67 6  16 26 36 77 94 96 97 91 95 90 92 98 93 88 89
51 58 57 54 85 53 50 59 56 55 68 61 67 64 86 63 60 69 66 65 70 78 77 74 80 73 71 79 76 75 1  7  6  3  81 2  9  8  5  4  10 17 16 13 82 12 19 18 15 14 24 27 21 26 23 87 22 29 28 25 34 37 31 36 33 83 32 39 38 35 47 44 41 46 43 84 42 49 48 45 40 52 62 0  11 20 30 72 91 95 89 96 92 94 88 97 90 98 93
52 50 85 56 54 57 59 53 51 58 60 62 86 66 64 67 69 63 61 68 72 71 80 76 74 77 79 73 70 78 0  9  81 5  3  6  8  2  1  7  11 19 82 15 13 16 18 12 10 17 27 29 20 87 25 23 26 28 22 21 37 39 30 83 35 33 36 38 32 31 49 47 40 84 45 43 46 48 42 41 44 55 65 4  14 24 34 75 90 91 98 94 96 93 95 88 89 92 97
85 51 50 53 59 58 52 55 57 56 61 86 60 63 69 68 62 65 67 66 80 70 71 73 79 78 72 75 77 76 81 1  9  2  8  7  0  4  6  5  82 10 19 12 18 17 11 14 16 15 25 21 87 29 22 28 27 20 24 26 35 31 83 39 32 38 37 30 34 36 41 45 84 49 42 48 47 40 44 46 43 54 64 3  13 23 33 74 97 93 95 89 90 98 94 96 88 91 92
55 59 54 51 56 85 53 57 52 50 69 65 64 61 66 86 63 67 62 60 75 79 74 70 76 80 73 77 72 71 4  8  3  1  5  81 2  6  0  9  14 18 13 10 15 82 12 16 11 19 29 28 24 23 21 25 87 22 26 20 39 38 34 33 31 35 83 32 36 30 48 49 44 43 41 45 84 42 46 40 47 58 68 7  17 27 37 78 89 90 92 93 94 97 91 95 98 96 88
50 57 51 55 52 56 85 54 58 53 67 60 61 65 62 66 86 64 68 63 71 77 70 75 72 76 80 74 78 73 9  6  1  4  0  5  81 3  7  2  19 16 10 14 11 15 82 13 17 12 22 26 29 21 24 20 25 87 23 27 32 36 39 31 34 30 35 83 33 37 46 42 49 41 44 40 45 84 43 47 48 59 69 8  18 28 38 79 92 98 94 88 97 95 89 90 96 93 91
59 85 52 58 55 51 54 56 50 57 86 69 62 68 65 61 64 66 60 67 79 80 72 78 75 70 74 76 71 77 8  81 0  7  4  1  3  5  9  6  18 82 11 17 14 10 13 15 19 16 26 87 28 20 27 24 21 23 25 29 36 83 38 30 37 34 31 33 35 39 84 46 48 40 47 44 41 43 45 49 42 53 63 2  12 22 32 73 96 92 93 95 88 91 98 89 94 97 90
57 56 58 59 50 55 51 52 53 54 66 67 68 69 60 65 61 62 63 64 77 76 78 79 71 75 70 72 73 74 6  5  7  8  9  4  1  0  2  3  16 15 17 18 19 14 10 11 12 13 23 25 26 27 28 29 24 21 20 22 33 35 36 37 38 39 34 31 30 32 45 43 46 47 48 49 44 41 40 42 84 85 86 81 82 87 83 80 93 94 88 90 91 89 96 92 97 95 98
