3  93 2  7  5  1  4  6  66 69 65 67 94 64 71 68 89 30 29 26 24 27 31 25 58 56 59 63 57 91 62 61 42 41 46 44 47 43 45 95 88 22 21 18 16 19 23 17 85 92 82 81 86 84 87 83 9  10 11 12 13 14 15 8  54 52 55 51 53 98 50 49 35 34 39 37 32 36 38 90 72 79 76 74 77 73 75 96 28 60 40 97 78 0  48 20 33 70 80 
0  2  6  4  7  3  5  93 65 70 68 71 67 69 94 66 24 25 26 27 28 29 30 31 91 57 56 61 59 62 58 60 46 40 95 45 44 41 47 42 21 20 17 23 18 22 16 88 86 83 81 84 80 82 92 87 8  14 9  13 15 97 12 11 52 51 48 54 49 53 55 98 33 38 36 39 35 37 90 34 79 74 78 72 96 77 76 73 89 63 43 10 75 1  50 19 32 64 85 
93 7  4  3  1  6  0  5  67 66 71 69 64 68 70 94 29 28 25 31 26 30 24 89 57 61 63 91 60 59 56 62 44 42 45 41 43 95 40 47 18 88 23 22 19 17 20 16 82 80 83 87 81 92 86 85 10 12 97 9  8  13 11 14 98 53 52 49 55 50 54 48 90 36 35 32 38 33 37 39 73 77 79 96 76 75 72 78 27 58 46 15 74 2  51 21 34 65 84 
1  6  93 5  4  0  7  2  68 64 66 94 71 70 67 65 28 31 27 29 89 26 25 30 62 59 57 60 56 58 91 63 95 43 42 47 45 40 44 46 17 19 88 16 23 20 18 21 80 87 84 82 85 81 83 92 11 97 8  15 12 10 13 9  51 54 50 52 98 49 48 53 32 90 37 36 33 39 34 38 74 72 75 79 73 96 78 77 24 61 41 14 76 3  55 22 35 69 86 
7  3  0  93 6  5  2  1  69 67 70 66 68 94 65 64 25 27 89 24 31 28 26 29 60 62 91 59 58 63 61 56 41 44 40 42 95 47 46 43 22 18 20 88 17 16 21 19 83 84 85 86 87 80 81 82 12 9  15 10 14 8  97 13 50 55 53 48 52 54 98 51 39 33 90 38 37 34 32 35 75 76 77 78 79 72 73 74 30 57 45 11 96 4  49 23 36 71 92 
4  0  1  2  93 7  6  3  70 71 64 65 66 67 68 69 31 29 24 28 30 89 27 26 63 58 62 56 91 61 60 57 40 45 43 46 42 44 95 41 20 23 19 21 88 18 17 22 87 82 86 80 92 85 84 81 13 8  12 14 97 11 10 15 55 48 49 50 51 52 53 54 36 32 34 90 39 38 35 33 76 78 96 75 74 79 77 72 25 59 47 9  73 5  98 16 37 94 83 
2  4  5  0  3  93 1  7  71 65 94 70 69 66 64 67 26 89 31 30 27 25 28 24 59 60 61 62 63 56 57 58 45 46 47 40 41 42 43 44 23 21 16 20 22 88 19 18 81 85 87 92 84 83 80 86 14 13 10 8  11 15 9  97 53 49 51 98 48 55 52 50 34 37 33 35 90 32 39 36 77 96 74 73 78 76 79 75 29 91 95 12 72 6  54 17 38 68 82 
5  1  3  6  2  4  93 0  64 94 69 68 65 71 66 70 30 26 28 89 25 24 29 27 61 91 58 57 62 60 63 59 43 47 41 95 46 45 42 40 19 16 22 17 21 23 88 20 92 81 80 85 83 86 82 84 15 11 13 97 10 9  14 12 48 50 98 55 54 51 49 52 37 35 38 34 36 90 33 32 78 75 73 76 72 74 96 79 31 56 44 8  77 7  53 18 39 67 87 
33 34 38 36 39 35 37 90 10 9  14 12 15 11 13 97 94 65 64 69 67 70 66 68 77 75 78 74 76 96 73 72 80 92 85 84 81 87 82 86 62 61 58 56 59 63 57 91 19 23 17 88 22 21 18 16 0  2  3  4  5  6  7  1  29 26 24 27 31 25 89 30 41 46 44 47 43 45 95 42 51 54 50 52 98 49 48 53 71 79 83 93 55 32 28 60 40 8  20 
35 90 34 39 37 32 36 38 97 11 10 15 13 8  12 14 71 66 70 64 94 69 68 65 73 78 76 79 75 77 96 74 86 87 80 81 82 83 84 85 91 63 62 59 57 60 56 58 20 18 21 17 19 88 16 23 3  93 1  7  4  2  5  0  27 29 89 26 25 30 28 31 43 42 47 45 40 44 46 95 52 51 48 54 49 53 55 98 67 72 92 6  50 33 24 61 41 9  22 
90 39 36 35 32 38 33 37 15 97 12 11 8  14 9  13 70 67 65 68 64 66 94 71 75 74 79 77 72 76 78 96 81 86 84 87 83 85 92 82 59 91 56 63 60 58 61 57 21 22 23 16 17 18 19 20 93 7  6  3  0  4  1  2  30 25 29 31 89 28 27 24 95 44 43 40 46 41 45 47 53 49 51 98 48 55 52 50 69 73 80 5  54 34 26 62 42 10 88 
32 38 90 37 36 33 39 34 14 8  97 13 12 9  15 10 67 68 69 70 71 64 65 66 96 76 75 72 78 73 77 79 85 83 86 82 84 92 81 80 58 60 91 57 56 61 59 62 22 16 88 21 20 17 23 18 1  6  0  5  7  93 4  3  26 27 28 29 30 31 24 25 40 95 45 44 41 47 42 46 54 52 55 51 53 98 50 49 94 74 87 2  48 35 89 63 43 11 19 
39 35 33 90 38 37 34 32 11 15 9  97 14 13 10 8  65 69 71 94 68 67 64 70 72 96 77 76 73 79 74 78 87 81 92 86 85 82 80 83 63 59 61 91 58 57 62 60 23 88 20 19 16 22 17 21 7  3  5  93 2  0  6  4  28 89 25 24 29 27 30 26 47 41 95 46 45 42 40 43 55 48 49 50 51 52 53 54 66 75 84 1  98 36 31 56 44 12 18 
36 33 32 34 90 39 38 35 9  12 8  10 97 15 14 11 68 70 94 67 66 71 69 64 79 73 96 78 77 74 72 75 92 84 83 80 86 81 85 87 61 56 60 62 91 59 58 63 16 21 19 22 18 20 88 17 4  0  7  2  6  1  93 5  89 24 31 28 26 29 25 27 44 40 42 95 47 46 43 41 48 50 98 55 54 51 49 52 65 76 82 3  53 37 30 57 45 13 23 
34 36 37 33 35 90 32 39 12 10 13 9  11 97 8  15 64 71 68 66 69 65 67 94 76 72 74 96 79 78 75 73 84 80 82 92 87 86 83 81 56 62 57 61 63 91 60 59 17 20 16 18 88 23 22 19 2  4  93 0  1  5  3  6  25 31 26 30 24 89 29 28 42 45 41 43 95 40 47 44 49 98 54 53 50 48 51 55 70 77 85 7  52 38 27 58 46 14 21 
37 32 35 38 34 36 90 33 8  13 11 14 10 12 97 9  66 64 67 71 65 94 70 69 74 77 73 75 96 72 79 76 83 82 87 85 80 84 86 92 60 57 63 58 62 56 91 61 18 17 22 20 23 19 21 88 5  1  4  6  93 3  2  7  24 28 30 89 27 26 31 29 45 43 46 42 44 95 41 40 50 55 53 48 52 54 98 51 68 78 81 0  49 39 25 59 47 15 16 
48 51 54 49 53 55 98 52 58 60 91 57 56 61 59 62 18 17 22 20 23 19 21 88 37 33 35 90 32 39 36 34 69 67 70 66 68 94 65 64 5  6  7  1  0  2  3  4  10 11 12 13 14 15 8  9  78 74 76 96 73 72 77 75 86 80 92 85 84 81 87 82 24 27 31 25 89 30 29 26 46 95 43 42 47 45 40 44 16 38 71 79 41 50 83 93 28 63 97 
49 48 50 51 52 53 54 55 60 57 63 58 62 56 91 61 88 19 18 23 21 16 20 22 38 36 39 35 37 90 34 33 67 66 71 69 64 68 70 94 6  1  93 5  4  0  7  2  9  15 10 14 8  97 13 12 96 78 77 74 72 75 79 73 87 92 84 83 80 86 81 85 31 28 26 29 25 27 89 24 40 43 47 41 95 46 45 42 17 32 65 76 44 98 82 3  30 59 11 
50 54 52 98 49 48 53 51 91 63 62 59 57 60 56 58 23 88 20 19 16 22 17 21 39 32 33 34 35 36 37 38 70 71 64 65 66 67 68 69 7  93 4  3  1  6  0  5  14 9  13 15 97 12 11 8  75 72 78 73 77 79 96 76 80 85 83 86 82 84 92 81 28 29 30 31 24 25 26 27 95 42 41 46 44 47 43 45 18 90 94 74 40 55 87 2  89 61 10 
51 49 98 48 55 52 50 53 57 58 59 60 61 62 63 56 22 16 88 21 20 17 23 18 32 34 90 39 38 35 33 36 66 69 65 67 94 64 71 68 1  5  3  6  2  4  93 0  12 97 9  8  13 11 14 10 74 96 79 78 75 73 76 72 81 84 80 82 92 87 86 83 26 30 24 89 29 28 25 31 45 47 95 44 43 40 46 41 19 37 70 77 42 54 85 7  27 91 15 
52 53 49 55 50 54 48 98 56 62 57 61 63 91 60 59 19 23 17 88 22 21 18 16 33 90 38 37 34 32 35 39 68 64 66 94 71 70 67 65 0  4  1  2  93 7  6  3  15 14 11 9  12 8  10 97 79 77 72 76 78 96 75 74 82 81 86 84 87 83 85 92 29 31 89 28 27 24 30 25 44 45 46 47 40 41 42 43 20 36 69 73 95 51 80 5  26 58 13 
53 55 48 52 54 98 51 50 61 56 60 62 91 59 58 63 17 20 16 18 88 23 22 19 34 39 37 32 36 38 90 35 94 68 67 64 70 65 69 71 2  0  6  4  7  3  5  93 11 13 97 10 9  14 12 15 77 76 73 79 74 78 72 96 83 87 81 92 86 85 82 80 25 24 29 27 30 26 28 89 41 40 45 43 46 42 44 95 21 33 66 75 47 49 84 1  31 57 8  
54 98 53 50 48 51 55 49 59 91 56 63 60 58 61 57 20 18 21 17 19 88 16 23 35 38 34 36 90 33 32 37 65 70 68 71 67 69 94 66 3  7  0  93 6  5  2  1  13 10 8  11 15 9  97 14 72 73 74 75 76 77 78 79 84 82 85 81 83 92 80 87 27 25 28 24 26 89 31 30 47 44 42 45 41 43 95 40 22 39 64 96 46 52 86 4  29 62 12 
55 52 51 53 98 50 49 54 62 61 58 56 59 63 57 91 16 21 19 22 18 20 88 17 36 35 32 38 33 37 39 90 64 94 69 68 65 71 66 70 4  2  5  0  3  93 1  7  97 8  15 12 10 13 9  11 76 79 75 77 96 74 73 78 85 86 87 80 81 82 83 84 89 26 25 30 28 31 27 29 42 46 40 95 45 44 41 47 23 34 67 72 43 48 92 6  24 60 14 
92 80 85 84 81 87 82 86 36 34 37 33 35 90 32 39 0  7  2  6  1  93 5  4  26 25 30 28 31 27 29 89 61 56 60 62 91 59 58 63 53 52 49 55 50 54 48 98 79 75 77 96 74 73 78 76 43 95 40 47 44 42 45 41 10 14 8  97 13 12 9  15 18 20 88 17 16 21 19 22 69 70 71 64 65 66 67 68 3  24 57 46 94 83 11 51 23 38 72 
81 87 92 86 85 82 80 83 90 35 34 39 37 32 36 38 7  6  3  0  4  1  2  93 89 27 26 31 29 24 28 30 59 91 56 63 60 58 61 57 54 50 52 98 49 48 53 51 75 96 72 79 76 74 77 73 45 40 44 46 95 43 42 47 11 9  12 8  10 97 15 14 17 18 19 20 21 22 23 16 94 67 66 71 69 64 68 70 5  25 62 41 65 84 13 55 88 33 78 
80 84 82 92 87 86 83 81 33 36 32 34 90 39 38 35 2  3  4  5  6  7  1  0  31 89 28 27 24 30 25 29 62 61 58 56 59 63 57 91 55 53 48 52 54 98 51 50 77 72 76 78 96 75 74 79 95 47 46 43 41 44 40 42 12 13 14 15 8  9  10 11 22 21 18 16 19 23 17 88 66 65 70 68 71 67 69 94 93 26 60 45 64 85 97 49 20 37 73 
85 82 81 83 92 80 87 84 32 37 35 38 34 36 90 33 6  0  5  7  93 4  3  1  30 24 89 29 28 25 31 26 58 60 91 57 56 61 59 62 48 49 50 51 52 53 54 55 96 79 78 75 73 76 72 74 42 44 95 41 40 45 43 46 13 15 97 12 11 8  14 9  20 17 23 18 22 16 88 21 65 68 64 66 94 71 70 67 2  27 63 47 69 86 10 98 19 39 77 
83 85 86 82 84 92 81 80 37 38 39 32 33 34 35 36 1  4  6  93 3  2  7  5  27 31 25 89 30 29 26 24 60 57 63 58 62 56 91 61 49 51 98 48 55 52 50 53 74 76 96 73 72 77 75 78 41 42 43 44 45 46 47 40 14 97 11 10 15 13 8  12 23 19 21 88 18 17 22 20 70 64 94 69 68 65 71 66 0  28 59 95 67 87 9  54 16 90 79 
86 81 84 87 83 85 92 82 35 39 33 90 38 37 34 32 93 1  7  4  2  5  0  3  25 28 24 26 89 31 30 27 91 63 62 59 57 60 56 58 50 98 55 54 51 49 52 48 73 74 75 76 77 78 79 72 46 45 42 40 43 47 41 95 15 12 10 13 9  11 97 8  19 88 16 23 20 18 21 17 68 66 69 65 67 94 64 71 6  29 61 44 70 80 14 53 22 36 96 
82 83 87 85 80 84 86 92 38 32 90 37 36 33 39 34 5  2  1  3  7  0  93 6  28 26 29 25 27 89 24 31 57 58 59 60 61 62 63 56 51 48 54 49 53 55 98 52 78 77 74 72 75 79 73 96 44 41 47 42 46 40 95 45 8  11 15 9  97 14 13 10 21 16 20 22 88 19 18 23 71 94 68 67 64 70 65 69 4  30 91 43 66 81 12 50 17 35 76 
84 92 83 80 86 81 85 87 34 33 38 36 39 35 37 90 4  93 0  1  5  3  6  2  24 29 27 30 26 28 89 25 56 62 57 61 63 91 60 59 52 55 51 53 98 50 49 54 76 73 79 74 78 72 96 77 47 43 45 95 42 41 46 44 9  8  13 11 14 10 12 97 88 23 22 19 17 20 16 18 67 71 65 94 70 69 66 64 7  31 58 40 68 82 15 48 21 32 75 
8  14 97 13 12 9  15 10 31 26 30 24 89 29 28 25 50 49 54 52 55 51 53 98 21 18 16 19 23 17 88 22 34 33 38 36 39 35 37 90 81 86 84 87 83 85 92 82 46 41 45 47 95 44 43 40 71 70 67 65 68 64 66 94 79 74 78 72 96 77 76 73 0  6  4  7  3  5  93 2  61 60 57 63 58 62 56 91 48 20 32 69 59 11 75 80 1  27 42 
9  10 14 12 15 11 13 97 25 29 31 89 28 27 24 30 48 53 51 54 50 52 98 49 88 16 23 20 18 21 17 19 90 35 34 39 37 32 36 38 82 85 81 83 92 80 87 84 42 43 44 45 46 47 40 41 67 69 94 66 65 70 68 71 72 79 76 74 77 73 75 96 3  2  7  5  1  4  6  93 63 61 56 60 62 91 59 58 55 22 33 64 57 8  78 86 0  26 95 
10 12 13 9  11 97 8  15 89 25 24 29 27 30 26 28 51 55 49 98 54 53 50 48 18 19 20 21 22 23 16 17 39 90 36 35 32 38 33 37 83 82 87 85 80 84 86 92 44 95 41 40 45 43 46 42 69 66 64 67 71 65 94 70 73 77 79 96 76 75 72 78 93 4  3  1  6  0  5  7  91 62 61 58 56 59 63 57 52 88 34 68 60 14 74 81 2  31 47 
11 97 10 15 13 8  12 14 30 27 25 28 24 26 89 31 55 98 52 51 48 54 49 53 17 23 18 22 16 88 21 20 38 32 90 37 36 33 39 34 84 80 82 92 87 86 83 81 95 40 47 44 42 45 41 43 94 64 71 68 66 69 65 67 74 72 75 79 73 96 78 77 1  93 5  4  0  7  2  6  60 63 59 61 91 58 57 62 50 19 35 70 56 9  76 85 3  29 46 
12 9  8  10 97 15 14 11 29 89 26 25 30 28 31 27 49 52 48 50 98 55 54 51 22 17 21 23 88 20 19 16 35 39 33 90 38 37 34 32 85 83 86 82 84 92 81 80 41 47 42 46 40 95 45 44 66 67 68 69 70 71 64 65 75 76 77 78 79 72 73 74 7  0  93 6  5  2  1  3  59 56 62 57 61 63 91 60 53 18 36 94 58 13 96 87 4  24 43 
13 8  11 14 10 12 97 9  26 24 27 31 25 89 30 29 98 51 50 55 53 48 52 54 20 88 17 16 21 19 22 18 33 36 32 34 90 39 38 35 86 87 80 81 82 83 84 85 40 44 46 95 43 42 47 45 65 71 66 70 64 94 69 68 76 78 96 75 74 79 77 72 4  1  2  93 7  6  3  0  56 57 58 59 60 61 62 63 49 23 37 67 91 15 73 92 5  28 41 
14 13 15 8  9  10 11 12 24 31 28 26 29 25 27 89 54 48 98 53 52 49 55 50 23 22 19 17 20 16 18 88 36 34 37 33 35 90 32 39 87 81 92 86 85 82 80 83 45 42 40 43 47 41 95 46 70 65 69 71 94 68 67 64 77 96 74 73 78 76 79 75 2  5  0  3  93 1  7  4  62 58 60 91 57 56 61 59 51 21 38 66 63 97 72 84 6  30 44 
15 11 9  97 14 13 10 8  27 28 29 30 31 24 25 26 53 54 55 48 49 50 51 52 19 21 88 18 17 22 20 23 32 37 35 38 34 36 90 33 80 92 85 84 81 87 82 86 43 45 95 42 41 46 44 47 68 94 65 64 69 67 70 66 78 75 73 76 72 74 96 79 5  3  6  2  4  93 0  1  57 59 91 56 63 60 58 61 98 16 39 71 62 12 77 83 7  89 40 
94 64 69 68 65 71 66 70 53 52 49 55 50 54 48 98 76 73 79 74 78 72 96 77 84 87 83 85 92 82 81 86 2  0  6  4  7  3  5  93 42 41 46 44 47 43 45 95 34 35 36 37 38 39 32 33 28 27 24 30 25 29 31 89 60 63 59 61 91 58 57 62 9  14 12 15 11 13 97 10 22 20 23 19 21 88 18 17 75 80 1  26 16 67 56 40 8  51 90 
71 70 64 65 66 67 68 69 98 54 53 50 48 51 55 49 75 96 72 79 76 74 77 73 81 83 92 80 87 84 82 85 93 3  2  7  5  1  4  6  95 43 42 47 45 40 44 46 90 32 39 36 34 37 33 35 24 26 89 31 30 27 25 28 61 60 57 63 58 62 56 91 11 10 15 13 8  12 14 97 19 22 18 20 88 17 16 21 78 86 0  29 23 94 59 41 9  52 38 
70 65 68 71 67 69 94 66 50 98 55 54 51 49 52 48 72 78 73 77 79 96 76 75 87 85 80 84 86 92 83 82 7  93 4  3  1  6  0  5  47 95 44 43 40 46 41 45 39 38 35 33 36 32 34 90 26 31 29 24 28 30 89 27 62 58 60 91 57 56 61 59 97 12 11 8  14 9  13 15 17 88 22 21 18 16 19 23 74 81 2  25 20 64 63 42 10 53 37 
67 69 70 66 68 94 65 64 49 51 98 48 55 52 50 53 78 77 74 72 75 79 73 96 82 92 87 86 83 81 84 80 6  1  93 5  4  0  7  2  46 40 95 45 44 41 47 42 38 33 37 39 90 36 35 32 89 29 28 25 31 26 30 24 63 61 56 60 62 91 59 58 8  97 13 12 9  15 10 14 20 19 16 22 17 21 23 88 76 85 3  27 18 71 57 43 11 54 34 
65 71 94 70 69 66 64 67 54 50 52 98 49 48 53 51 73 74 75 76 77 78 79 72 86 82 84 92 81 80 85 83 3  7  0  93 6  5  2  1  43 47 41 95 46 45 42 40 35 37 90 34 33 38 36 39 31 24 25 26 27 28 29 30 56 57 58 59 60 61 62 63 15 9  97 14 13 10 8  11 16 18 88 23 22 19 17 20 96 87 4  89 21 68 91 44 12 55 32 
68 94 67 64 70 65 69 71 52 55 51 53 98 50 49 54 77 72 76 78 96 75 74 79 80 81 82 83 84 85 86 87 0  4  1  2  93 7  6  3  41 44 40 42 95 47 46 43 33 39 34 38 32 90 37 36 30 28 31 27 29 89 26 25 57 59 91 56 63 60 58 61 12 8  10 97 15 14 11 9  18 23 21 16 20 22 88 19 73 92 5  24 17 66 62 45 13 48 35 
64 68 66 94 71 70 67 65 55 53 48 52 54 98 51 50 79 75 77 96 74 73 78 76 92 86 85 82 80 83 87 81 4  2  5  0  3  93 1  7  44 42 45 41 43 95 40 47 36 90 33 32 37 35 38 34 27 30 26 28 89 25 24 29 58 91 63 62 59 57 60 56 10 13 9  11 97 8  15 12 88 21 20 17 23 18 22 16 72 84 6  31 19 69 61 46 14 49 39 
66 67 71 69 64 68 70 94 51 48 54 49 53 55 98 52 96 79 78 75 73 76 72 74 85 84 81 87 82 86 80 92 1  5  3  6  2  4  93 0  40 45 43 46 42 44 95 41 32 36 38 90 35 34 39 37 25 89 30 29 26 24 27 31 59 56 62 57 61 63 91 60 13 11 14 10 12 97 9  8  23 16 17 18 19 20 21 22 77 83 7  28 88 65 58 47 15 50 33 
23 20 19 21 88 18 17 22 45 46 47 40 41 42 43 44 35 37 90 34 33 38 36 39 65 67 94 64 71 68 66 69 72 75 79 73 96 78 77 74 31 26 30 24 89 29 28 25 50 49 54 52 55 51 53 98 87 86 83 81 84 80 82 92 2  6  1  93 5  4  0  7  56 60 62 91 59 58 63 61 97 10 9  14 12 15 11 13 32 70 76 85 8  16 3  27 57 95 48 
21 23 16 20 22 88 19 18 46 40 95 45 44 41 47 42 39 38 35 33 36 32 34 90 70 66 68 94 65 64 69 67 75 73 76 72 74 96 79 78 26 24 27 31 25 89 30 29 98 51 50 55 53 48 52 54 81 87 82 86 80 92 85 84 0  1  5  3  6  2  4  93 62 57 61 63 91 60 59 56 11 9  12 8  10 97 15 14 37 71 77 83 13 17 7  28 58 43 49 
16 19 22 17 21 23 88 20 47 95 44 43 40 46 41 45 33 39 34 38 32 90 37 36 68 71 67 69 94 66 65 70 79 76 74 77 73 75 96 72 30 27 25 28 24 26 89 31 55 98 52 51 48 54 49 53 92 80 87 84 82 85 81 83 6  93 3  2  7  5  1  4  57 63 58 62 56 91 61 60 10 14 8  97 13 12 9  15 35 64 78 86 11 18 0  29 59 42 50 
20 21 17 23 18 22 16 88 40 45 43 46 42 44 95 41 90 32 39 36 34 37 33 35 71 69 64 68 70 94 67 66 73 72 77 75 78 74 76 96 24 31 28 26 29 25 27 89 54 48 98 53 52 49 55 50 86 81 85 87 92 84 83 80 4  5  6  7  1  0  2  3  61 58 56 59 63 57 91 62 15 12 10 13 9  11 97 8  38 65 79 82 14 19 93 30 60 47 51 
22 88 21 18 16 19 23 17 41 44 40 42 95 47 46 43 38 33 37 39 90 36 35 32 67 64 70 65 69 71 94 68 96 74 73 78 76 79 75 77 89 25 24 29 27 30 26 28 51 55 49 98 54 53 50 48 85 82 80 83 87 81 92 86 7  4  2  5  0  3  93 1  63 62 59 57 60 56 58 91 13 15 97 12 11 8  14 9  34 66 72 84 10 20 6  31 61 45 52 
88 18 23 22 19 17 20 16 42 41 46 44 47 43 45 95 37 34 32 35 39 33 90 38 69 68 65 71 66 70 64 94 78 96 75 74 79 77 72 76 29 89 26 25 30 28 31 27 49 52 48 50 98 55 54 51 82 83 84 85 86 87 80 81 3  0  4  1  2  93 7  6  91 56 63 60 58 61 57 59 8  11 15 9  97 14 13 10 36 67 73 92 12 21 5  24 62 40 53 
19 17 88 16 23 20 18 21 43 47 41 95 46 45 42 40 34 35 36 37 38 39 32 33 94 70 69 66 64 67 71 65 77 79 96 76 75 72 78 73 28 30 89 27 26 31 29 24 52 50 53 49 51 98 48 55 80 84 86 92 83 82 87 85 5  7  93 4  3  1  6  0  60 91 57 56 61 59 62 58 12 13 14 15 8  9  10 11 90 68 74 81 97 22 2  25 63 44 54 
18 22 20 88 17 16 21 19 44 42 45 41 43 95 40 47 32 36 38 90 35 34 39 37 66 94 71 70 67 65 68 64 74 78 72 96 77 76 73 79 25 29 31 89 28 27 24 30 48 53 51 54 50 52 98 49 83 85 92 82 81 86 84 87 93 2  0  6  4  7  3  5  59 61 91 58 57 62 60 63 14 97 11 10 15 13 8  12 33 69 75 80 9  23 1  26 56 46 55 
78 74 72 96 77 76 73 79 88 22 21 18 16 19 23 17 83 84 85 86 87 80 81 82 5  0  3  93 1  7  4  2  29 89 26 25 30 28 31 27 12 10 13 9  11 97 8  15 69 94 66 65 70 68 71 67 58 57 62 60 63 59 61 91 46 95 43 42 47 45 40 44 50 52 98 49 48 53 51 54 90 34 33 38 36 39 35 37 92 6  24 56 32 75 41 14 55 20 64 
75 72 79 73 96 78 77 74 21 20 17 23 18 22 16 88 87 82 86 80 92 85 84 81 7  1  0  2  3  4  5  6  26 24 27 31 25 89 30 29 13 14 15 8  9  10 11 12 70 67 65 68 64 66 94 71 91 59 58 63 61 56 60 62 95 42 41 46 44 47 43 45 55 51 53 98 50 49 54 52 34 38 32 90 37 36 33 39 83 93 28 57 35 76 40 97 48 19 69 
73 75 76 72 74 96 79 78 20 23 19 21 88 18 17 22 81 85 87 92 84 83 80 86 93 5  4  0  7  2  6  1  24 31 28 26 29 25 27 89 14 8  97 13 12 9  15 10 71 66 70 64 94 69 68 65 63 91 60 59 56 62 57 61 43 41 44 40 42 95 47 46 53 48 52 54 98 51 50 55 33 32 37 35 38 34 36 90 82 3  30 58 39 77 45 11 49 16 67 
76 79 74 77 73 75 96 72 17 19 88 16 23 20 18 21 92 81 80 85 83 86 82 84 4  3  1  6  0  5  7  93 27 28 29 30 31 24 25 26 15 97 12 11 8  14 9  13 64 71 68 66 69 65 67 94 62 56 91 61 60 57 63 58 42 46 40 95 45 44 41 47 48 54 49 53 55 98 52 51 38 90 35 34 39 37 32 36 87 2  89 59 33 78 43 10 50 22 70 
72 73 77 75 78 74 76 96 23 21 16 20 22 88 19 18 86 83 81 84 80 82 92 87 3  6  2  4  93 0  1  5  31 26 30 24 89 29 28 25 8  13 11 14 10 12 97 9  65 69 71 94 68 67 64 70 59 63 57 91 62 61 58 56 47 44 42 45 41 43 95 40 52 49 55 50 54 48 98 53 36 37 38 39 32 33 34 35 85 7  27 60 90 79 46 15 51 17 66 
74 96 73 78 76 79 75 77 18 88 23 22 19 17 20 16 85 92 82 81 86 84 87 83 1  2  93 7  6  3  0  4  25 29 31 89 28 27 24 30 9  12 8  10 97 15 14 11 66 64 67 71 65 94 70 69 57 60 56 58 91 63 62 59 45 47 95 44 43 40 46 41 54 53 50 48 51 55 49 98 39 36 34 37 33 35 90 32 80 5  26 61 38 72 42 13 52 21 68 
96 78 75 74 79 77 72 76 22 18 20 88 17 16 21 19 82 80 83 87 81 92 86 85 6  4  7  3  5  93 2  0  89 25 24 29 27 30 26 28 10 9  14 12 15 11 13 97 67 68 69 70 71 64 65 66 60 58 61 57 59 91 56 63 40 43 47 41 95 46 45 42 98 55 54 51 49 52 48 50 35 33 36 32 34 90 39 38 84 1  31 62 37 73 44 8  53 23 94 
79 77 96 76 75 72 78 73 16 17 18 19 20 21 22 23 80 87 84 82 85 81 83 92 0  93 6  5  2  1  3  7  30 27 25 28 24 26 89 31 11 15 9  97 14 13 10 8  68 70 94 67 66 71 69 64 56 61 59 62 58 60 91 57 44 45 46 47 40 41 42 43 51 98 48 55 52 50 53 49 37 39 90 36 35 32 38 33 86 4  29 63 34 74 95 12 54 88 65 
42 44 45 41 43 95 40 47 1  5  3  6  2  4  93 0  10 11 12 13 14 15 8  9  48 52 54 98 51 50 55 53 88 22 21 18 16 19 23 17 78 96 75 74 79 77 72 76 58 61 57 59 91 56 63 60 38 37 34 32 35 39 33 90 66 65 70 68 71 67 69 94 86 84 87 83 85 92 82 81 31 30 27 25 28 24 26 89 97 49 20 36 29 46 64 73 80 7  62 
47 43 41 95 46 45 42 40 2  0  6  4  7  3  5  93 15 14 11 9  12 8  10 97 52 98 49 48 53 51 54 50 16 17 18 19 20 21 22 23 79 76 74 77 73 75 96 72 56 91 61 60 57 63 58 62 36 33 39 34 38 32 90 37 94 67 66 71 69 64 68 70 82 87 85 80 84 86 92 83 89 24 31 28 26 29 25 27 13 55 88 35 30 44 65 78 81 1  59 
45 40 43 46 42 44 95 41 93 3  2  7  5  1  4  6  13 10 8  11 15 9  97 14 54 49 53 55 98 52 51 48 23 21 16 20 22 88 19 18 72 75 79 73 96 78 77 74 59 58 63 61 56 60 62 91 39 35 37 90 34 33 38 36 71 94 68 67 64 70 65 69 84 83 80 86 81 85 87 92 28 89 25 24 29 27 30 26 12 50 17 32 31 47 66 76 82 0  57 
40 46 95 45 44 41 47 42 7  93 4  3  1  6  0  5  8  12 14 97 11 10 15 13 98 48 55 52 50 53 49 51 20 23 19 21 88 18 17 22 73 72 77 75 78 74 76 96 63 57 91 62 61 58 56 59 35 90 32 39 36 34 37 33 70 64 94 69 68 65 71 66 92 85 84 81 87 82 86 80 27 29 89 26 25 30 28 31 9  54 16 38 24 43 67 79 83 2  60 
44 41 40 42 95 47 46 43 6  1  93 5  4  0  7  2  12 97 9  8  13 11 14 10 51 53 98 50 49 54 52 55 18 88 23 22 19 17 20 16 74 78 72 96 77 76 73 79 57 62 60 63 59 61 91 58 37 32 36 38 90 35 34 39 67 71 65 94 70 69 66 64 81 92 86 85 82 80 83 87 24 28 30 89 27 26 31 29 15 48 21 33 25 45 68 75 84 3  56 
46 45 47 40 41 42 43 44 3  7  0  93 6  5  2  1  14 9  13 15 97 12 11 8  50 51 52 53 54 55 48 49 21 20 17 23 18 22 16 88 75 73 76 72 74 96 79 78 91 60 59 56 62 57 61 63 90 39 38 35 33 36 32 34 65 68 64 66 94 71 70 67 80 82 92 87 86 83 81 84 30 25 29 31 89 28 27 24 10 98 19 37 26 95 69 77 85 4  58 
95 47 44 43 40 46 41 45 0  4  1  2  93 7  6  3  97 8  15 12 10 13 9  11 55 54 51 49 52 48 50 98 17 19 88 16 23 20 18 21 76 77 78 79 72 73 74 75 62 63 56 57 58 59 60 61 34 36 90 33 32 37 35 38 68 66 69 65 67 94 64 71 85 81 83 92 80 87 84 82 25 31 26 30 24 89 29 28 14 53 22 39 27 42 70 96 86 5  91 
43 95 42 47 45 40 44 46 4  2  5  0  3  93 1  7  11 13 97 10 9  14 12 15 53 50 48 51 55 49 98 54 19 16 22 17 21 23 88 20 77 79 96 76 75 72 78 73 61 59 62 58 60 91 57 56 33 34 35 36 37 38 39 32 64 69 67 70 66 68 94 65 83 86 82 84 92 81 80 85 29 26 24 27 31 25 89 30 8  52 18 90 28 41 71 74 87 6  63 
61 62 58 56 59 63 57 91 92 84 83 80 86 81 85 87 95 40 47 44 42 45 41 43 11 14 10 12 97 9  8  13 53 52 49 55 50 54 48 98 94 68 67 64 70 65 69 71 30 26 28 89 25 24 29 27 19 17 20 16 18 88 23 22 37 39 90 36 35 32 38 33 74 73 78 76 79 75 77 96 5  7  93 4  3  1  6  0  46 15 51 21 2  60 34 66 72 82 31 
62 56 57 61 63 91 60 59 80 92 85 84 81 87 82 86 47 46 43 41 44 40 42 95 97 13 12 9  15 10 14 8  55 53 48 52 54 98 51 50 64 94 69 68 65 71 66 70 28 31 27 29 89 26 25 30 17 16 21 19 22 18 20 88 32 35 39 33 90 38 37 34 96 75 74 79 77 72 76 78 1  3  7  0  93 6  5  2  45 11 49 23 4  58 36 67 73 83 24 
63 91 62 59 57 60 56 58 87 81 92 86 85 82 80 83 46 41 45 47 95 44 43 40 8  10 97 15 14 11 9  12 98 54 53 50 48 51 55 49 71 65 94 70 69 66 64 67 31 29 24 28 30 89 27 26 20 21 22 23 16 17 18 19 36 37 38 39 32 33 34 35 79 96 76 75 72 78 73 77 4  5  6  7  1  0  2  3  42 13 52 88 93 61 90 68 74 84 25 
56 61 60 62 91 59 58 63 84 80 82 92 87 86 83 81 43 45 95 42 41 46 44 47 15 8  9  10 11 12 13 14 52 55 51 53 98 50 49 54 68 64 66 94 71 70 67 65 27 24 30 25 29 31 89 28 16 19 23 17 88 22 21 18 38 90 35 34 39 37 32 36 78 72 96 77 76 73 79 74 6  93 3  2  7  5  1  4  40 97 48 20 0  57 33 69 75 85 26 
57 60 63 58 62 56 91 61 82 85 81 83 92 80 87 84 41 47 42 46 40 95 45 44 12 11 8  14 9  13 15 97 51 48 54 49 53 55 98 52 66 69 65 67 94 64 71 68 29 28 25 31 26 30 24 89 18 22 16 88 21 20 17 23 90 34 33 38 36 39 35 37 75 79 73 96 78 77 74 72 93 2  0  6  4  7  3  5  43 10 50 19 1  59 32 70 76 86 27 
58 57 59 60 61 62 63 56 85 83 86 82 84 92 81 80 44 95 41 40 45 43 46 42 10 15 13 8  12 14 97 11 48 49 50 51 52 53 54 55 69 67 70 66 68 94 65 64 89 30 29 26 24 27 31 25 88 18 17 22 20 23 19 21 35 33 36 32 34 90 39 38 73 76 72 74 96 79 78 75 3  0  4  1  2  93 7  6  47 9  98 16 5  91 37 71 77 87 28 
59 63 61 91 58 57 62 60 81 86 84 87 83 85 92 82 40 44 46 95 43 42 47 45 13 9  11 97 8  15 12 10 54 50 52 98 49 48 53 51 65 70 68 71 67 69 94 66 26 89 31 30 27 25 28 24 23 20 18 21 17 19 88 16 34 38 32 90 37 36 33 39 76 74 77 73 75 96 72 79 2  6  1  93 5  4  0  7  41 14 55 22 3  56 35 64 78 80 29 
60 58 91 57 56 61 59 62 83 82 87 85 80 84 86 92 42 43 44 45 46 47 40 41 9  97 14 13 10 8  11 15 49 51 98 48 55 52 50 53 67 66 71 69 64 68 70 94 25 27 89 24 31 28 26 29 22 88 19 18 23 21 16 20 39 36 34 37 33 35 90 32 72 77 75 78 74 76 96 73 7  4  2  5  0  3  93 1  95 12 54 17 6  63 38 65 79 81 30 
29 25 31 89 28 27 24 30 78 96 75 74 79 77 72 76 60 56 58 91 63 62 59 57 41 95 46 45 42 40 43 47 12 10 13 9  11 97 8  15 32 37 35 38 34 36 90 33 5  2  1  3  7  0  93 6  51 49 52 48 50 98 55 54 21 17 19 88 16 23 20 18 70 68 71 67 69 94 66 65 82 81 86 84 87 83 85 92 61 44 14 53 80 26 22 39 64 73 4  
30 28 89 27 26 31 29 24 79 76 74 77 73 75 96 72 62 63 56 57 58 59 60 61 95 45 44 41 47 42 46 40 11 15 9  97 14 13 10 8  34 33 38 36 39 35 37 90 0  7  2  6  1  93 5  4  53 55 98 52 51 48 54 49 18 23 21 16 20 22 88 19 66 71 69 64 68 70 94 67 92 83 82 87 85 80 84 86 91 43 12 50 81 25 17 32 65 78 3  
31 24 28 26 29 25 27 89 72 75 79 73 96 78 77 74 91 60 59 56 62 57 61 63 46 44 47 43 45 95 42 41 8  13 11 14 10 12 97 9  90 35 34 39 37 32 36 38 3  5  93 2  0  6  4  7  98 50 49 54 52 55 51 53 16 18 88 23 22 19 17 20 68 67 64 70 65 69 71 94 87 92 84 83 80 86 81 85 58 40 15 48 82 30 21 33 66 76 1  
24 26 27 31 25 89 30 29 73 72 77 75 78 74 76 96 59 58 63 61 56 60 62 91 45 41 43 95 40 47 44 42 14 8  97 13 12 9  15 10 39 90 36 35 32 38 33 37 93 1  7  4  2  5  0  3  50 54 48 98 53 52 49 55 19 22 18 20 88 17 16 21 94 69 68 65 71 66 70 64 86 80 92 85 84 81 87 82 57 46 11 51 83 28 23 34 67 79 6  
25 89 24 29 27 30 26 28 74 78 72 96 77 76 73 79 58 61 57 59 91 56 63 60 42 47 45 40 44 46 95 43 9  12 8  10 97 15 14 11 38 32 90 37 36 33 39 34 1  4  6  93 3  2  7  5  49 48 53 51 54 50 52 98 23 16 17 18 19 20 21 22 65 94 70 69 66 64 67 71 83 87 81 92 86 85 82 80 62 41 13 55 84 31 88 35 68 75 0  
26 31 30 24 89 29 28 25 75 73 76 72 74 96 79 78 63 57 91 62 61 58 56 59 40 42 95 47 46 43 41 44 13 14 15 8  9  10 11 12 35 39 33 90 38 37 34 32 7  6  3  0  4  1  2  93 54 98 51 50 55 53 48 52 17 88 22 21 18 16 19 23 64 66 94 71 70 67 65 68 81 84 80 82 92 87 86 83 60 45 97 49 85 27 20 36 69 77 5  
27 30 25 28 24 26 89 31 76 77 78 79 72 73 74 75 61 59 62 58 60 91 57 56 43 46 42 44 95 41 40 45 15 97 12 11 8  14 9  13 33 36 32 34 90 39 38 35 4  93 0  1  5  3  6  2  52 53 54 55 48 49 50 51 88 21 20 17 23 18 22 16 69 65 67 94 64 71 68 66 84 82 85 81 83 92 80 87 63 47 10 98 86 29 19 37 70 96 7  
28 27 29 30 31 24 25 26 77 79 96 76 75 72 78 73 56 91 61 60 57 63 58 62 47 40 41 42 43 44 45 46 97 11 10 15 13 8  12 14 36 34 37 33 35 90 32 39 2  3  4  5  6  7  1  0  55 52 50 53 49 51 98 48 22 20 23 19 21 88 18 17 67 70 66 68 94 65 64 69 80 85 83 86 82 84 92 81 59 95 9  54 87 89 16 38 71 74 93 
98 50 55 54 51 49 52 48 63 59 61 91 58 57 62 60 21 22 23 16 17 18 19 20 90 37 36 33 39 34 38 32 71 65 94 70 69 66 64 67 93 3  2  7  5  1  4  6  8  12 14 97 11 10 15 13 73 75 96 72 79 76 74 77 92 83 82 87 85 80 84 86 30 89 27 26 31 29 24 28 43 41 44 40 42 95 47 46 88 35 68 78 45 53 81 0  25 56 9  
87 86 80 81 82 83 84 85 39 90 36 35 32 38 33 37 3  5  93 2  0  6  4  7  29 30 31 24 25 26 27 28 63 59 61 91 58 57 62 60 98 54 53 50 48 51 55 49 72 78 73 77 79 96 76 75 40 46 41 45 47 95 44 43 97 10 9  14 12 15 11 13 16 22 17 21 23 88 20 19 64 69 67 70 66 68 94 65 1  89 56 42 71 92 8  52 18 34 74 
97 15 12 11 8  14 9  13 28 30 89 27 26 31 29 24 52 50 53 49 51 98 48 55 16 20 22 88 19 18 23 21 37 38 39 32 33 34 35 36 92 84 83 80 86 81 85 87 47 46 43 41 44 40 42 95 64 68 70 94 67 66 71 69 96 73 72 77 75 78 74 76 6  7  1  0  2  3  4  5  58 91 63 62 59 57 60 56 54 17 90 65 61 10 79 82 93 25 45 
77 76 78 79 72 73 74 75 19 16 22 17 21 23 88 20 84 86 92 83 82 87 85 80 2  7  5  1  4  6  93 3  28 30 89 27 26 31 29 24 97 11 10 15 13 8  12 14 94 65 64 69 67 70 66 68 61 62 63 56 57 58 59 60 41 40 45 43 46 42 44 95 49 50 51 52 53 54 55 48 32 35 39 33 90 38 37 34 81 0  25 91 36 96 47 9  98 18 71 
89 29 26 25 30 28 31 27 96 74 73 78 76 79 75 77 57 62 60 63 59 61 91 58 44 43 40 46 41 45 47 95 10 9  14 12 15 11 13 97 37 38 39 32 33 34 35 36 6  0  5  7  93 4  3  1  48 51 55 49 98 54 53 50 20 19 16 22 17 21 23 88 71 64 65 66 67 68 69 70 85 86 87 80 81 82 83 84 56 42 8  52 92 24 18 90 94 72 2  
6  5  7  1  0  2  3  4  94 68 67 64 70 65 69 71 27 24 30 25 29 31 89 28 56 63 60 58 61 57 59 91 47 95 44 43 40 46 41 45 16 17 18 19 20 21 22 23 84 86 92 83 82 87 85 80 97 15 14 11 9  12 8  10 49 98 54 53 50 48 51 55 38 39 32 33 34 35 36 37 96 73 72 77 75 78 74 76 26 62 42 13 79 93 52 88 90 66 81 
41 42 46 44 47 43 45 95 5  6  7  1  0  2  3  4  9  15 10 14 8  97 13 12 49 55 50 54 48 98 53 52 22 18 20 88 17 16 21 19 96 74 73 78 76 79 75 77 60 56 58 91 63 62 59 57 32 38 33 37 39 90 36 35 69 70 71 64 65 66 67 68 87 80 81 82 83 84 85 86 26 27 28 29 30 31 24 25 11 51 23 34 89 40 94 72 92 93 61 
69 66 65 67 94 64 71 68 48 49 50 51 52 53 54 55 74 76 96 73 72 77 75 78 83 80 86 81 85 87 92 84 5  6  7  1  0  2  3  4  45 46 47 40 41 42 43 44 37 34 32 35 39 33 90 38 29 25 27 89 24 31 28 26 91 62 61 58 56 59 63 57 14 15 8  9  10 11 12 13 21 17 19 88 16 23 20 18 79 82 93 30 22 70 60 95 97 98 36 
91 59 56 63 60 58 61 57 86 87 80 81 82 83 84 85 45 42 40 43 47 41 95 46 14 12 15 11 13 97 10 9  50 98 55 54 51 49 52 48 70 71 64 65 66 67 68 69 24 25 26 27 28 29 30 31 21 23 88 20 19 16 22 17 33 32 37 35 38 34 36 90 77 78 79 72 73 74 75 76 0  1  5  3  6  2  4  93 44 8  53 18 7  62 39 94 96 92 89 
38 37 39 32 33 34 35 36 13 14 15 8  9  10 11 12 69 94 66 65 70 68 71 67 78 79 72 73 74 75 76 77 82 85 81 83 92 80 87 84 57 58 59 60 61 62 63 56 88 19 18 23 21 16 20 22 6  5  2  1  3  7  0  93 31 30 27 25 28 24 26 89 46 47 40 41 42 43 44 45 98 53 52 49 55 50 54 48 64 96 86 4  51 90 29 91 95 97 17 
17 16 18 19 20 21 22 23 95 43 42 47 45 40 44 46 36 90 33 32 37 35 38 34 64 65 66 67 68 69 70 71 76 77 78 79 72 73 74 75 27 28 29 30 31 24 25 26 53 54 55 48 49 50 51 52 84 92 81 80 85 83 86 82 1  3  7  0  93 6  5  2  58 59 60 61 62 63 56 57 9  8  13 11 14 10 12 97 39 94 96 87 15 88 4  89 91 41 98 
