5  44 42 3  82 67 48 9  84 69 24 47 79 85 76 83 26 49 32 43 28 45 37 16 38 12 81 74 78 72 36 14 35 18 4  2  66 8  68 6  57 29 61 33 98 77 55 27 71 80 63 25 15 56 75 70 73 97 17 62 19 60 13 54 46 7  50 65 92 88 94 86 22 51 90 93 39 10 64 96 95 89 59 23 87 91 21 52 0  40 34 20 53 31 41 30 1  11 58 
45 4  2  43 66 83 8  49 68 85 46 25 84 80 82 77 48 27 42 33 44 29 17 37 13 38 75 81 73 78 15 36 19 35 5  3  67 9  69 7  28 56 32 60 76 97 26 54 79 70 24 62 57 14 71 74 98 72 63 16 61 18 55 12 6  47 64 51 89 93 87 95 50 23 92 91 11 39 65 94 96 88 22 58 90 86 53 20 41 1  21 34 30 52 31 40 0  59 10 
93 89 6  47 4  45 68 85 64 51 40 31 50 23 44 29 84 80 46 25 92 91 21 34 75 81 11 39 15 36 94 96 17 37 88 7  5  69 65 0  90 86 24 62 28 56 79 70 22 58 30 52 87 95 59 10 57 14 53 20 63 16 71 74 1  41 8  49 66 83 98 72 48 27 82 77 13 38 9  73 78 67 26 54 76 97 61 18 43 2  19 35 32 60 33 42 3  55 12 
88 92 46 7  44 5  84 69 50 65 30 41 22 51 28 45 79 85 24 47 90 93 34 20 81 74 39 10 36 14 96 95 37 16 89 6  4  68 64 1  87 91 63 25 57 29 71 80 59 23 53 31 94 86 11 58 15 56 21 52 17 62 75 70 40 0  48 9  82 67 73 97 26 49 76 83 38 12 8  78 72 66 55 27 98 77 19 60 3  42 35 18 61 33 43 32 2  13 54 
85 68 89 93 8  49 6  47 1  41 82 77 40 31 48 27 46 25 92 91 84 80 73 78 17 37 21 34 13 38 75 81 94 96 69 88 9  7  0  67 79 70 90 86 26 54 24 62 30 52 76 97 71 74 53 20 55 12 98 72 87 95 63 16 66 83 2  43 64 51 59 10 42 33 50 23 19 35 3  11 39 65 32 60 22 58 57 14 45 4  15 36 28 56 29 44 5  61 18 
69 84 92 88 48 9  46 7  40 0  76 83 30 41 26 49 24 47 90 93 79 85 78 72 37 16 34 20 38 12 81 74 96 95 68 89 8  6  1  66 71 80 87 91 55 27 63 25 53 31 98 77 75 70 21 52 13 54 73 97 94 86 17 62 82 67 42 3  50 65 11 58 32 43 22 51 35 18 2  39 10 64 61 33 59 23 15 56 5  44 36 14 57 29 45 28 4  19 60 
83 66 1  41 89 93 64 51 8  49 42 33 48 27 92 91 50 23 40 31 82 77 19 35 11 39 13 38 94 96 73 78 21 34 67 0  88 65 9  3  76 97 30 52 90 86 22 58 26 54 32 60 98 72 55 12 87 95 61 18 53 20 59 10 2  43 68 85 4  45 57 14 84 80 44 29 75 81 69 15 36 5  79 70 28 56 63 16 47 6  17 37 24 62 25 46 7  71 74 
67 82 40 0  92 88 50 65 48 9  32 43 26 49 90 93 22 51 30 41 76 83 35 18 39 10 38 12 96 95 78 72 34 20 66 1  89 64 8  2  98 77 53 31 87 91 59 23 55 27 61 33 73 97 13 54 94 86 19 60 21 52 11 58 42 3  84 69 44 5  15 56 79 85 28 45 81 74 68 36 14 4  71 80 57 29 17 62 7  46 37 16 63 25 47 24 6  75 70 
47 6  68 85 2  43 89 93 66 83 50 23 82 77 42 33 92 91 84 80 46 25 11 39 94 96 73 78 19 35 17 37 75 81 7  69 3  88 67 65 24 62 79 70 32 60 90 86 76 97 22 58 63 16 98 72 61 18 59 10 71 74 87 95 64 51 4  45 1  41 53 20 44 29 40 31 15 36 5  21 34 0  28 56 30 52 55 12 49 8  13 38 26 54 27 48 9  57 14 
7  46 84 69 42 3  92 88 82 67 22 51 76 83 32 43 90 93 79 85 24 47 39 10 96 95 78 72 35 18 37 16 81 74 6  68 2  89 66 64 63 25 71 80 61 33 87 91 98 77 59 23 17 62 73 97 19 60 11 58 75 70 94 86 50 65 44 5  40 0  21 52 28 45 30 41 36 14 4  34 20 1  57 29 53 31 13 54 9  48 38 12 55 27 49 26 8  15 56 
61 35 38 55 34 53 36 57 96 87 74 79 95 90 20 30 14 28 12 26 18 32 85 69 45 5  93 88 41 0  43 3  49 9  19 13 21 15 94 75 60 42 54 48 52 40 56 44 86 92 70 84 33 2  91 89 31 1  80 68 27 8  29 4  81 71 78 98 37 63 25 6  72 76 16 24 83 67 73 47 7  17 97 82 62 46 23 64 59 39 51 65 58 50 22 10 11 77 66 
35 60 54 38 52 34 56 36 86 96 80 75 91 94 31 21 29 15 27 13 33 19 68 84 4  44 89 92 1  40 2  42 8  48 18 12 20 14 95 74 43 61 49 55 41 53 45 57 93 87 85 71 3  32 88 90 0  30 69 79 9  26 5  28 70 81 97 78 62 37 7  24 77 73 25 17 66 82 72 6  46 16 83 98 47 63 65 22 39 58 64 50 51 59 11 23 10 67 76 
63 37 81 71 35 61 96 87 78 98 10 22 72 76 18 32 95 90 74 79 16 24 51 65 93 88 83 67 43 3  47 7  85 69 17 75 19 94 73 11 62 46 70 84 60 42 86 92 97 82 58 50 25 6  77 66 33 2  23 64 80 68 91 89 39 59 36 57 34 53 31 1  14 28 20 30 45 5  15 41 0  21 56 44 52 40 27 8  55 38 49 9  54 48 26 12 13 29 4  
37 62 70 81 60 35 86 96 97 78 23 11 77 73 33 19 91 94 80 75 25 17 64 50 89 92 66 82 2  42 6  46 68 84 16 74 18 95 72 10 47 63 85 71 43 61 93 87 83 98 51 59 7  24 67 76 3  32 65 22 69 79 88 90 58 39 56 36 52 34 0  30 29 15 31 21 4  44 14 1  40 20 45 57 41 53 9  26 38 54 8  48 49 55 13 27 12 5  28 
71 81 96 87 38 55 37 63 34 53 72 76 20 30 12 26 16 24 95 90 74 79 83 67 47 7  41 0  49 9  85 69 93 88 75 94 13 17 21 73 70 84 86 92 54 48 62 46 52 40 97 82 80 68 31 1  27 8  77 66 91 89 25 6  78 98 35 61 39 59 23 64 18 32 10 22 43 3  19 51 65 11 60 42 58 50 29 4  57 36 45 5  56 44 28 14 15 33 2  
81 70 86 96 54 38 62 37 52 34 77 73 31 21 27 13 25 17 91 94 80 75 66 82 6  46 1  40 8  48 68 84 89 92 74 95 12 16 20 72 85 71 93 87 49 55 47 63 41 53 83 98 69 79 0  30 9  26 67 76 88 90 7  24 97 78 60 35 58 39 65 22 33 19 23 11 2  42 18 64 50 10 43 61 51 59 5  28 36 56 4  44 45 57 15 29 14 3  32 
98 78 34 53 96 87 39 59 38 55 18 32 12 26 95 90 10 22 20 30 72 76 43 3  51 65 49 9  93 88 83 67 41 0  73 21 94 11 13 19 97 82 52 40 86 92 58 50 54 48 60 42 77 66 27 8  91 89 33 2  31 1  23 64 35 61 81 71 36 57 29 4  74 79 14 28 85 69 75 45 5  15 70 84 56 44 25 6  63 37 47 7  62 46 24 16 17 80 68 
78 97 52 34 86 96 58 39 54 38 33 19 27 13 91 94 23 11 31 21 77 73 2  42 64 50 8  48 89 92 66 82 1  40 72 20 95 10 12 18 83 98 41 53 93 87 51 59 49 55 43 61 67 76 9  26 88 90 3  32 0  30 65 22 60 35 70 81 56 36 5  28 80 75 29 15 68 84 74 4  44 14 85 71 45 57 7  24 37 62 6  46 47 63 17 25 16 69 79 
87 96 37 63 36 57 81 71 39 59 20 30 10 22 14 28 74 79 16 24 95 90 41 0  85 69 51 65 45 5  93 88 47 7  94 17 15 75 11 21 86 92 62 46 56 44 70 84 58 50 52 40 91 89 23 64 29 4  31 1  25 6  80 68 34 53 38 55 78 98 77 66 12 26 72 76 49 9  13 83 67 73 54 48 97 82 33 2  61 35 43 3  60 42 32 18 19 27 8  
96 86 62 37 56 36 70 81 58 39 31 21 23 11 29 15 80 75 25 17 91 94 1  40 68 84 64 50 4  44 89 92 6  46 95 16 14 74 10 20 93 87 47 63 45 57 85 71 51 59 41 53 88 90 65 22 5  28 0  30 7  24 69 79 52 34 54 38 97 78 67 76 27 13 77 73 8  48 12 66 82 72 49 55 83 98 3  32 35 60 2  42 43 61 19 33 18 9  26 
57 36 35 61 78 98 38 55 81 71 16 24 74 79 72 76 12 26 18 32 14 28 47 7  49 9  85 69 83 67 45 5  43 3  15 19 73 13 75 17 56 44 60 42 97 82 54 48 70 84 62 46 29 4  80 68 77 66 25 6  33 2  27 8  37 63 39 59 96 87 91 89 10 22 95 90 51 65 11 93 88 94 58 50 86 92 31 1  53 34 41 0  52 40 30 20 21 23 64 
36 56 60 35 97 78 54 38 70 81 25 17 80 75 77 73 27 13 33 19 29 15 6  46 8  48 68 84 66 82 4  44 2  42 14 18 72 12 74 16 45 57 43 61 83 98 49 55 85 71 47 63 5  28 69 79 67 76 7  24 3  32 9  26 62 37 58 39 86 96 88 90 23 11 91 94 64 50 10 89 92 95 51 59 93 87 0  30 34 52 1  40 41 53 21 31 20 65 22 
60 43 49 54 41 52 45 56 93 86 69 74 88 95 0  20 5  14 9  12 3  18 79 71 28 57 90 87 30 53 32 61 26 55 33 27 31 29 91 80 2  35 8  38 1  34 4  36 89 96 68 81 42 19 92 94 40 21 84 75 48 13 44 15 85 70 83 97 47 62 46 17 67 72 7  16 76 98 77 24 63 25 66 78 6  37 50 11 58 51 22 59 64 39 10 65 23 82 73 
42 61 55 48 53 40 57 44 87 92 75 68 94 89 21 1  15 4  13 8  19 2  70 80 56 29 86 91 52 31 60 33 54 27 32 26 30 28 90 79 35 3  38 9  34 0  36 5  96 88 81 69 18 43 95 93 20 41 74 85 12 49 14 45 71 84 98 82 63 46 16 47 73 66 17 6  97 77 76 62 25 24 78 67 37 7  10 51 50 59 58 23 39 65 64 11 22 72 83 
97 83 41 52 93 86 51 58 49 54 3  18 9  12 88 95 65 10 0  20 67 72 32 61 22 59 26 55 90 87 76 98 30 53 77 31 91 23 27 33 66 78 1  34 89 96 64 39 8  38 2  35 82 73 48 13 92 94 42 19 40 21 50 11 43 60 85 70 45 56 44 15 69 74 5  14 79 71 80 28 57 29 68 81 4  36 46 17 62 47 24 63 6  37 16 7  25 84 75 
82 98 53 40 87 92 59 50 55 48 19 2  13 8  94 89 11 64 21 1  73 66 60 33 58 23 54 27 86 91 97 77 52 31 76 30 90 22 26 32 78 67 34 0  96 88 39 65 38 9  35 3  72 83 12 49 95 93 18 43 20 41 10 51 61 42 71 84 57 44 14 45 75 68 15 4  70 80 79 56 29 28 81 69 36 5  16 47 46 63 62 25 37 7  6  17 24 74 85 
62 47 85 70 43 60 93 86 83 97 65 10 67 72 3  18 88 95 69 74 7  16 22 59 90 87 76 98 32 61 24 63 79 71 25 80 33 91 77 23 6  37 68 81 2  35 89 96 66 78 64 39 46 17 82 73 42 19 50 11 84 75 92 94 51 58 45 56 41 52 40 21 5  14 0  20 28 57 29 30 53 31 4  36 1  34 48 13 54 49 26 55 8  38 12 9  27 44 15 
46 63 71 84 61 42 87 92 98 82 11 64 73 66 19 2  94 89 75 68 17 6  58 23 86 91 97 77 60 33 62 25 70 80 24 79 32 90 76 22 37 7  81 69 35 3  96 88 78 67 39 65 16 47 72 83 18 43 10 51 74 85 95 93 59 50 57 44 53 40 20 41 15 4  21 1  56 29 28 52 31 30 36 5  34 0  12 49 48 55 54 27 38 9  8  13 26 14 45 
70 85 93 86 49 54 47 62 41 52 67 72 0  20 9  12 7  16 88 95 69 74 76 98 24 63 30 53 26 55 79 71 90 87 80 91 27 25 31 77 68 81 89 96 8  38 6  37 1  34 66 78 84 75 40 21 48 13 82 73 92 94 46 17 83 97 43 60 51 58 50 11 3  18 65 10 32 61 33 22 59 23 2  35 64 39 44 15 56 45 28 57 4  36 14 5  29 42 19 
84 71 87 92 55 48 63 46 53 40 73 66 21 1  13 8  17 6  94 89 75 68 97 77 62 25 52 31 54 27 70 80 86 91 79 90 26 24 30 76 81 69 96 88 38 9  37 7  34 0  78 67 74 85 20 41 12 49 72 83 95 93 16 47 98 82 61 42 59 50 10 51 19 2  11 64 60 33 32 58 23 22 35 3  39 65 14 45 44 57 56 29 36 5  4  15 28 18 43 
56 45 43 60 83 97 49 54 85 70 7  16 69 74 67 72 9  12 3  18 5  14 24 63 26 55 79 71 76 98 28 57 32 61 29 33 77 27 80 25 4  36 2  35 66 78 8  38 68 81 6  37 44 15 84 75 82 73 46 17 42 19 48 13 47 62 51 58 93 86 92 94 65 10 88 95 22 59 23 90 87 91 64 39 89 96 40 21 52 41 30 53 1  34 20 0  31 50 11 
44 57 61 42 98 82 55 48 71 84 17 6  75 68 73 66 13 8  19 2  15 4  62 25 54 27 70 80 97 77 56 29 60 33 28 32 76 26 79 24 36 5  35 3  78 67 38 9  81 69 37 7  14 45 74 85 72 83 16 47 18 43 12 49 63 46 59 50 87 92 95 93 11 64 94 89 58 23 22 86 91 90 39 65 96 88 20 41 40 53 52 31 34 0  1  21 30 10 51 
86 93 47 62 45 56 85 70 51 58 0  20 65 10 5  14 69 74 7  16 88 95 30 53 79 71 22 59 28 57 90 87 24 63 91 25 29 80 23 31 89 96 6  37 4  36 68 81 64 39 1  34 92 94 50 11 44 15 40 21 46 17 84 75 41 52 49 54 83 97 82 73 9  12 67 72 26 55 27 76 98 77 8  38 66 78 42 19 60 43 32 61 2  35 18 3  33 48 13 
92 87 63 46 57 44 71 84 59 50 21 1  11 64 15 4  75 68 17 6  94 89 52 31 70 80 58 23 56 29 86 91 62 25 90 24 28 79 22 30 96 88 37 7  36 5  81 69 39 65 34 0  95 93 10 51 14 45 20 41 16 47 74 85 53 40 55 48 98 82 72 83 13 8  73 66 54 27 26 97 77 76 38 9  78 67 18 43 42 61 60 33 35 3  2  19 32 12 49 
15 14 18 19 72 73 12 13 74 75 62 63 70 71 97 98 54 55 60 61 56 57 7  6  9  8  69 68 67 66 5  4  3  2  36 35 78 38 81 37 29 28 33 32 77 76 27 26 80 79 25 24 45 44 85 84 83 82 47 46 43 42 49 48 16 17 10 11 95 94 93 92 58 59 86 87 65 64 39 88 89 96 23 22 91 90 41 40 21 20 0  1  31 30 53 52 34 51 50 
94 95 16 17 14 15 74 75 10 11 52 53 58 59 56 57 70 71 62 63 86 87 0  1  69 68 65 64 5  4  88 89 7  6  96 37 36 81 39 34 91 90 25 24 29 28 80 79 23 22 31 30 93 92 51 50 45 44 41 40 47 46 85 84 20 21 12 13 72 73 83 82 54 55 97 98 9  8  38 67 66 78 27 26 77 76 43 42 19 18 3  2  33 32 61 60 35 49 48 
75 74 95 94 12 13 16 17 20 21 97 98 52 53 54 55 62 63 86 87 70 71 67 66 7  6  0  1  9  8  69 68 88 89 81 96 38 37 34 78 80 79 91 90 27 26 25 24 31 30 77 76 85 84 41 40 49 48 83 82 93 92 47 46 72 73 18 19 10 11 51 50 60 61 58 59 3  2  35 65 64 39 33 32 23 22 45 44 15 14 5  4  29 28 57 56 36 43 42 
73 72 20 21 95 94 10 11 12 13 60 61 54 55 86 87 58 59 52 53 97 98 3  2  65 64 9  8  88 89 67 66 0  1  78 34 96 39 38 35 77 76 31 30 91 90 23 22 27 26 33 32 83 82 49 48 93 92 43 42 41 40 51 50 18 19 74 75 14 15 45 44 70 71 56 57 69 68 81 5  4  36 80 79 29 28 47 46 17 16 7  6  25 24 63 62 37 85 84 
17 16 74 75 18 19 95 94 72 73 58 59 97 98 60 61 86 87 70 71 62 63 65 64 88 89 67 66 3  2  7  6  69 68 37 81 35 96 78 39 25 24 80 79 33 32 91 90 77 76 23 22 47 46 83 82 43 42 51 50 85 84 93 92 10 11 14 15 20 21 41 40 56 57 52 53 5  4  36 0  1  34 29 28 31 30 49 48 13 12 9  8  27 26 55 54 38 45 44 
19 18 12 13 20 21 14 15 95 94 70 71 86 87 52 53 56 57 54 55 60 61 69 68 5  4  88 89 0  1  3  2  9  8  35 38 34 36 96 81 33 32 27 26 31 30 29 28 91 90 80 79 43 42 93 92 41 40 85 84 49 48 45 44 74 75 72 73 16 17 47 46 97 98 62 63 67 66 78 7  6  37 77 76 25 24 51 50 11 10 65 64 23 22 59 58 39 83 82 
29 5  3  33 67 77 9  27 69 80 6  62 68 70 66 97 8  54 2  60 4  56 63 17 55 13 71 75 98 73 57 15 61 19 45 43 83 49 85 47 44 14 42 18 82 72 48 12 84 74 46 16 28 36 79 81 76 78 24 37 32 35 26 38 7  25 65 23 88 91 90 96 64 58 89 86 59 11 51 87 94 93 50 10 92 95 30 34 31 0  53 21 40 20 52 1  41 22 39 
4  28 32 2  76 66 26 8  79 68 63 7  71 69 98 67 55 9  61 3  57 5  16 62 12 54 74 70 72 97 14 56 18 60 44 42 82 48 84 46 15 45 19 43 73 83 13 49 75 85 17 47 36 29 81 80 78 77 37 25 35 33 38 27 24 6  22 64 90 89 96 91 59 65 87 88 10 58 50 95 86 92 11 51 94 93 34 31 1  30 20 52 21 41 0  53 40 39 23 
91 88 7  25 5  29 69 80 65 23 1  52 64 58 4  56 68 70 6  62 89 86 53 21 71 75 59 11 57 15 87 94 63 17 93 47 45 85 51 41 92 95 46 16 44 14 84 74 50 10 40 20 90 96 22 39 28 36 30 34 24 37 79 81 0  31 9  27 67 77 76 78 8  54 66 97 55 13 49 98 73 83 48 12 82 72 32 35 33 3  61 19 42 18 60 2  43 26 38 
89 90 24 6  28 4  79 68 22 64 53 0  59 65 57 5  71 69 63 7  87 88 20 52 74 70 10 58 14 56 95 86 16 62 92 46 44 84 50 40 94 93 17 47 15 45 75 85 11 51 21 41 96 91 39 23 36 29 34 31 37 25 81 80 30 1  26 8  76 66 78 77 55 9  98 67 12 54 48 72 97 82 13 49 73 83 35 33 2  32 18 60 19 43 3  61 42 38 27 
80 69 88 91 9  27 7  25 0  31 66 97 1  52 8  54 6  62 89 86 68 70 98 73 63 17 53 21 55 13 71 75 87 94 85 93 49 47 41 83 84 74 92 95 48 12 46 16 40 20 82 72 79 81 30 34 26 38 76 78 90 96 24 37 67 77 3  33 65 23 22 39 2  60 64 58 61 19 43 59 11 51 42 18 50 10 28 36 29 5  57 15 44 14 56 4  45 32 35 
68 79 90 89 26 8  24 6  30 1  98 67 53 0  55 9  63 7  87 88 71 69 72 97 16 62 20 52 12 54 74 70 95 86 84 92 48 46 40 82 75 85 94 93 13 49 17 47 21 41 73 83 81 80 34 31 38 27 78 77 96 91 37 25 76 66 32 2  22 64 39 23 61 3  59 65 18 60 42 10 58 50 19 43 11 51 36 29 4  28 14 56 15 45 5  57 44 35 33 
77 67 0  31 88 91 65 23 9  27 2  60 8  54 89 86 64 58 1  52 66 97 61 19 59 11 55 13 87 94 98 73 53 21 83 41 93 51 49 43 82 72 40 20 92 95 50 10 48 12 42 18 76 78 26 38 90 96 32 35 30 34 22 39 3  33 69 80 5  29 28 36 68 70 4  56 71 75 85 57 15 45 84 74 44 14 24 37 25 7  63 17 46 16 62 6  47 79 81 
66 76 30 1  90 89 22 64 26 8  61 3  55 9  87 88 59 65 53 0  98 67 18 60 10 58 12 54 95 86 72 97 20 52 82 40 92 50 48 42 73 83 21 41 94 93 11 51 13 49 19 43 78 77 38 27 96 91 35 33 34 31 39 23 32 2  79 68 28 4  36 29 71 69 57 5  74 70 84 14 56 44 75 85 15 45 37 25 6  24 16 62 17 47 7  63 46 81 80 
25 7  69 80 3  33 88 91 67 77 64 58 66 97 2  60 89 86 68 70 6  62 59 11 87 94 98 73 61 19 63 17 71 75 47 85 43 93 83 51 46 16 84 74 42 18 92 95 82 72 50 10 24 37 76 78 32 35 22 39 79 81 90 96 65 23 5  29 0  31 30 34 4  56 1  52 57 15 45 53 21 41 44 14 40 20 26 38 27 9  55 13 48 12 54 8  49 28 36 
6  24 79 68 32 2  90 89 76 66 59 65 98 67 61 3  87 88 71 69 63 7  10 58 95 86 72 97 18 60 16 62 74 70 46 84 42 92 82 50 17 47 75 85 19 43 94 93 73 83 11 51 37 25 78 77 35 33 39 23 81 80 96 91 22 64 28 4  30 1  34 31 57 5  53 0  14 56 44 20 52 40 15 45 21 41 38 27 8  26 12 54 13 49 9  55 48 36 29 
33 3  9  27 0  31 5  29 88 91 68 70 89 86 1  52 4  56 8  54 2  60 71 75 57 15 87 94 53 21 61 19 55 13 43 49 41 45 93 85 42 18 48 12 40 20 44 14 92 95 84 74 32 35 90 96 30 34 79 81 26 38 28 36 69 80 67 77 7  25 24 37 66 97 6  62 98 73 83 63 17 47 82 72 46 16 22 39 23 65 59 11 50 10 58 64 51 76 78 
2  32 26 8  30 1  28 4  90 89 71 69 87 88 53 0  57 5  55 9  61 3  74 70 14 56 95 86 20 52 18 60 12 54 42 48 40 44 92 84 19 43 13 49 21 41 15 45 94 93 75 85 35 33 96 91 34 31 81 80 38 27 36 29 79 68 76 66 24 6  37 25 98 67 63 7  72 97 82 16 62 46 73 83 17 47 39 23 64 22 10 58 11 51 65 59 50 78 77 
28 15 19 32 73 76 13 26 75 79 37 46 81 84 78 82 38 48 35 42 36 44 25 47 27 49 80 85 77 83 29 45 33 43 57 61 98 55 71 63 14 4  18 2  72 66 12 8  74 68 16 6  54 5  62 69 58 67 86 7  56 3  60 9  17 24 11 22 94 90 70 88 39 50 96 92 23 51 59 91 93 87 10 64 95 89 97 0  30 21 31 41 20 1  40 34 53 52 65 
14 29 33 18 77 72 27 12 80 74 47 37 85 81 83 78 49 38 43 35 45 36 46 24 48 26 84 79 82 76 44 28 42 32 56 60 97 54 70 62 5  15 3  19 67 73 9  13 69 75 7  17 4  55 68 63 66 59 6  87 2  57 8  61 25 16 23 10 91 95 89 71 51 39 93 96 50 22 58 92 90 86 65 11 88 94 1  98 20 31 40 30 0  21 34 41 52 64 53 
24 17 75 79 19 32 94 90 73 76 39 50 78 82 35 42 96 92 81 84 37 46 23 51 91 93 77 83 33 43 25 47 80 85 63 71 61 87 98 59 16 6  74 68 18 2  95 89 72 66 10 64 86 7  58 67 56 3  52 65 62 69 70 88 11 22 15 28 21 30 97 0  36 44 34 40 29 45 57 31 41 53 14 4  20 1  60 9  26 13 27 49 12 8  48 38 55 54 5  
16 25 80 74 33 18 91 95 77 72 51 39 83 78 43 35 93 96 85 81 47 37 50 22 92 90 82 76 42 32 46 24 84 79 62 70 60 86 97 58 7  17 69 75 3  19 88 94 67 73 65 11 6  87 66 59 2  57 64 53 68 63 89 71 23 10 29 14 31 20 1  98 45 36 41 34 44 28 56 40 30 52 5  15 0  21 8  61 12 27 48 26 9  13 38 49 54 4  55 
79 75 94 90 13 26 17 24 21 30 78 82 34 40 38 48 37 46 96 92 81 84 77 83 25 47 31 41 27 49 80 85 91 93 71 87 55 63 53 98 74 68 95 89 12 8  16 6  20 1  72 66 62 69 97 0  60 9  58 67 70 88 86 7  73 76 19 32 11 22 52 65 35 42 39 50 33 43 61 23 51 59 18 2  10 64 54 5  28 15 29 45 14 4  44 36 57 56 3  
74 80 91 95 27 12 25 16 31 20 83 78 41 34 49 38 47 37 93 96 85 81 82 76 46 24 40 30 48 26 84 79 92 90 70 86 54 62 52 97 69 75 88 94 9  13 7  17 0  21 67 73 68 63 1  98 8  61 66 59 89 71 6  87 77 72 33 18 23 10 64 53 43 35 51 39 42 32 60 50 22 58 3  19 65 11 4  55 14 29 44 28 5  15 36 45 56 2  57 
32 19 13 26 21 30 15 28 94 90 81 84 96 92 34 40 36 44 38 48 35 42 80 85 29 45 91 93 31 41 33 43 27 49 61 55 53 57 87 71 18 2  12 8  20 1  14 4  95 89 74 68 56 3  70 88 97 0  62 69 60 9  54 5  75 79 73 76 17 24 86 7  78 82 37 46 77 83 98 25 47 63 72 66 16 6  52 65 22 11 23 51 10 64 50 39 59 58 67 
18 33 27 12 31 20 29 14 91 95 85 81 93 96 41 34 45 36 49 38 43 35 84 79 44 28 92 90 40 30 42 32 48 26 60 54 52 56 86 70 3  19 9  13 0  21 5  15 88 94 69 75 2  57 89 71 1  98 68 63 8  61 4  55 80 74 77 72 25 16 6  87 83 78 47 37 82 76 97 46 24 62 67 73 7  17 64 53 10 23 50 22 65 11 39 51 58 66 59 
90 94 17 24 15 28 75 79 11 22 34 40 39 50 36 44 81 84 37 46 96 92 31 41 80 85 23 51 29 45 91 93 25 47 87 63 57 71 59 53 95 89 16 6  14 4  74 68 10 64 20 1  70 88 52 65 54 5  97 0  86 7  62 69 21 30 13 26 73 76 58 67 38 48 78 82 27 49 55 77 83 98 12 8  72 66 56 3  32 19 33 43 18 2  42 35 61 60 9  
95 91 25 16 29 14 80 74 23 10 41 34 51 39 45 36 85 81 47 37 93 96 40 30 84 79 50 22 44 28 92 90 46 24 86 62 56 70 58 52 88 94 7  17 5  15 69 75 65 11 0  21 89 71 64 53 4  55 1  98 6  87 68 63 31 20 27 12 77 72 66 59 49 38 83 78 48 26 54 82 76 97 9  13 67 73 2  57 18 33 42 32 3  19 35 43 60 8  61 
76 73 21 30 94 90 11 22 13 26 35 42 38 48 96 92 39 50 34 40 78 82 33 43 23 51 27 49 91 93 77 83 31 41 98 53 87 59 55 61 72 66 20 1  95 89 10 64 12 8  18 2  58 67 60 9  70 88 56 3  97 0  52 65 19 32 75 79 15 28 54 5  81 84 36 44 80 85 71 29 45 57 74 68 14 4  86 7  24 17 25 47 16 6  46 37 63 62 69 
72 77 31 20 91 95 23 10 27 12 43 35 49 38 93 96 51 39 41 34 83 78 42 32 50 22 48 26 92 90 82 76 40 30 97 52 86 58 54 60 67 73 0  21 88 94 65 11 9  13 3  19 66 59 8  61 89 71 2  57 1  98 64 53 33 18 80 74 29 14 4  55 85 81 45 36 84 79 70 44 28 56 69 75 5  15 6  87 16 25 46 24 7  17 37 47 62 68 63 
43 2  8  49 1  41 4  45 89 93 84 80 92 91 40 31 44 29 48 27 42 33 75 81 15 36 94 96 21 34 19 35 13 38 3  9  0  5  88 69 32 60 26 54 30 52 28 56 90 86 79 70 61 18 87 95 53 20 71 74 55 12 57 14 68 85 66 83 6  47 63 16 82 77 46 25 73 78 67 17 37 7  76 97 24 62 59 10 51 64 11 39 22 58 23 50 65 98 72 
3  42 48 9  40 0  44 5  92 88 79 85 90 93 30 41 28 45 26 49 32 43 81 74 36 14 96 95 34 20 35 18 38 12 2  8  1  4  89 68 61 33 55 27 53 31 57 29 87 91 71 80 19 60 94 86 21 52 75 70 13 54 15 56 84 69 82 67 46 7  17 62 76 83 24 47 78 72 66 37 16 6  98 77 63 25 11 58 65 50 39 10 59 23 51 22 64 73 97 
49 8  4  45 64 51 2  43 6  47 92 91 46 25 50 23 42 33 44 29 48 27 94 96 19 35 17 37 11 39 13 38 15 36 9  5  65 3  7  88 26 54 28 56 22 58 32 60 24 62 90 86 55 12 63 16 59 10 87 95 57 14 61 18 89 93 1  41 68 85 71 74 40 31 84 80 21 34 0  75 81 69 30 52 79 70 98 72 83 66 73 78 76 97 77 82 67 53 20 
9  48 44 5  50 65 42 3  46 7  90 93 24 47 22 51 32 43 28 45 26 49 96 95 35 18 37 16 39 10 38 12 36 14 8  4  64 2  6  89 55 27 57 29 59 23 61 33 63 25 87 91 13 54 17 62 11 58 94 86 15 56 19 60 92 88 40 0  84 69 75 70 30 41 79 85 34 20 1  81 74 68 53 31 71 80 73 97 67 82 78 72 98 77 83 76 66 21 52 
41 1  64 51 6  47 66 83 4  45 48 27 44 29 46 25 82 77 50 23 40 31 13 38 73 78 15 36 17 37 21 34 11 39 0  65 7  67 5  9  30 52 22 58 24 62 76 97 28 56 26 54 53 20 57 14 63 16 55 12 59 10 98 72 8  49 89 93 2  43 61 18 92 91 42 33 94 96 88 19 35 3  90 86 32 60 71 74 85 68 75 81 79 70 80 84 69 87 95 
0  40 50 65 46 7  82 67 44 5  26 49 28 45 24 47 76 83 22 51 30 41 38 12 78 72 36 14 37 16 34 20 39 10 1  64 6  66 4  8  53 31 59 23 63 25 98 77 57 29 55 27 21 52 15 56 17 62 13 54 11 58 73 97 48 9  92 88 42 3  19 60 90 93 32 43 96 95 89 35 18 2  87 91 61 33 75 70 69 84 81 74 71 80 85 79 68 94 86 
30 21 11 22 17 24 73 76 15 28 38 48 36 44 37 46 78 82 39 50 34 40 27 49 77 83 29 45 25 47 31 41 23 51 53 59 63 98 57 55 20 1  10 64 16 6  72 66 14 4  12 8  97 0  54 5  86 7  60 9  52 65 58 67 13 26 94 90 19 32 56 3  96 92 35 42 91 93 87 33 43 61 95 89 18 2  62 69 79 75 80 85 74 68 84 81 71 70 88 
20 31 23 10 25 16 77 72 29 14 49 38 45 36 47 37 83 78 51 39 41 34 48 26 82 76 44 28 46 24 40 30 50 22 52 58 62 97 56 54 0  21 65 11 7  17 67 73 5  15 9  13 1  98 4  55 6  87 8  61 64 53 66 59 27 12 91 95 33 18 2  57 93 96 43 35 92 90 86 42 32 60 88 94 3  19 68 63 74 80 84 79 69 75 81 85 70 89 71 
55 38 36 57 39 59 35 61 37 63 95 90 16 24 10 22 18 32 14 28 12 26 93 88 43 3  47 7  51 65 49 9  45 5  13 15 11 19 17 94 54 48 56 44 58 50 60 42 62 46 86 92 27 8  25 6  23 64 91 89 29 4  33 2  96 87 34 53 81 71 80 68 20 30 74 79 41 0  21 85 69 75 52 40 70 84 77 66 98 78 83 67 97 82 76 72 73 31 1  
38 54 56 36 58 39 60 35 62 37 91 94 25 17 23 11 33 19 29 15 27 13 89 92 2  42 6  46 64 50 8  48 4  44 12 14 10 18 16 95 49 55 45 57 51 59 43 61 47 63 93 87 9  26 7  24 65 22 88 90 5  28 3  32 86 96 52 34 70 81 69 79 31 21 80 75 1  40 20 68 84 74 41 53 85 71 67 76 78 97 66 82 83 98 73 77 72 0  30 
53 34 39 59 37 63 78 98 36 57 12 26 14 28 16 24 72 76 10 22 20 30 49 9  83 67 45 5  47 7  41 0  51 65 21 11 17 73 15 13 52 40 58 50 62 46 97 82 56 44 54 48 31 1  29 4  25 6  27 8  23 64 77 66 38 55 96 87 35 61 33 2  95 90 18 32 93 88 94 43 3  19 86 92 60 42 80 68 71 81 85 69 70 84 79 74 75 91 89 
34 52 58 39 62 37 97 78 56 36 27 13 29 15 25 17 77 73 23 11 31 21 8  48 66 82 4  44 6  46 1  40 64 50 20 10 16 72 14 12 41 53 51 59 47 63 83 98 45 57 49 55 0  30 5  28 7  24 9  26 65 22 67 76 54 38 86 96 60 35 3  32 91 94 33 19 89 92 95 2  42 18 93 87 43 61 69 79 81 70 68 84 85 71 75 80 74 88 90 
54 49 45 56 51 58 43 60 47 62 88 95 7  16 65 10 3  18 5  14 9  12 90 87 32 61 24 63 22 59 26 55 28 57 27 29 23 33 25 91 8  38 4  36 64 39 2  35 6  37 89 96 48 13 46 17 50 11 92 94 44 15 42 19 93 86 41 52 85 70 84 75 0  20 69 74 30 53 31 79 71 80 1  34 68 81 82 73 97 83 76 98 66 78 72 67 77 40 21 
48 55 57 44 59 50 61 42 63 46 94 89 17 6  11 64 19 2  15 4  13 8  86 91 60 33 62 25 58 23 54 27 56 29 26 28 22 32 24 90 38 9  36 5  39 65 35 3  37 7  96 88 12 49 16 47 10 51 95 93 14 45 18 43 87 92 53 40 71 84 74 85 21 1  75 68 52 31 30 70 80 79 34 0  81 69 72 83 82 98 97 77 78 67 66 73 76 20 41 
13 12 14 15 10 11 18 19 16 17 86 87 62 63 58 59 60 61 56 57 54 55 88 89 3  2  7  6  65 64 9  8  5  4  38 36 39 35 37 96 27 26 29 28 23 22 33 32 25 24 91 90 49 48 47 46 51 50 93 92 45 44 43 42 95 94 20 21 74 75 85 84 52 53 70 71 0  1  34 69 68 81 31 30 80 79 83 82 73 72 67 66 77 76 98 97 78 41 40 
52 41 51 58 47 62 83 97 45 56 9  12 5  14 7  16 67 72 65 10 0  20 26 55 76 98 28 57 24 63 30 53 22 59 31 23 25 77 29 27 1  34 64 39 6  37 66 78 4  36 8  38 40 21 44 15 46 17 48 13 50 11 82 73 49 54 93 86 43 60 42 19 88 95 3  18 90 87 91 32 61 33 89 96 2  35 84 75 70 85 79 71 68 81 74 69 80 92 94 
40 53 59 50 63 46 98 82 57 44 13 8  15 4  17 6  73 66 11 64 21 1  54 27 97 77 56 29 62 25 52 31 58 23 30 22 24 76 28 26 34 0  39 65 37 7  78 67 36 5  38 9  20 41 14 45 16 47 12 49 10 51 72 83 55 48 87 92 61 42 18 43 94 89 19 2  86 91 90 60 33 32 96 88 35 3  74 85 84 71 70 80 81 69 68 75 79 95 93 
21 20 10 11 16 17 72 73 14 15 54 55 56 57 62 63 97 98 58 59 52 53 9  8  67 66 5  4  7  6  0  1  65 64 34 39 37 78 36 38 31 30 23 22 25 24 77 76 29 28 27 26 41 40 45 44 47 46 49 48 51 50 83 82 12 13 95 94 18 19 43 42 86 87 60 61 88 89 96 3  2  35 91 90 33 32 85 84 75 74 69 68 80 79 71 70 81 93 92 
27 9  5  29 65 23 3  33 7  25 89 86 6  62 64 58 2  60 4  56 8  54 87 94 61 19 63 17 59 11 55 13 57 15 49 45 51 43 47 93 48 12 44 14 50 10 42 18 46 16 92 95 26 38 24 37 22 39 90 96 28 36 32 35 88 91 0  31 69 80 79 81 1  52 68 70 53 21 41 71 75 85 40 20 84 74 76 78 77 67 98 73 82 72 97 66 83 30 34 
8  26 28 4  22 64 32 2  24 6  87 88 63 7  59 65 61 3  57 5  55 9  95 86 18 60 16 62 10 58 12 54 14 56 48 44 50 42 46 92 13 49 15 45 11 51 19 43 17 47 94 93 38 27 37 25 39 23 96 91 36 29 35 33 90 89 30 1  79 68 81 80 53 0  71 69 20 52 40 74 70 84 21 41 75 85 78 77 66 76 72 97 73 83 67 98 82 34 31 
31 0  65 23 7  25 67 77 5  29 8  54 4  56 6  62 66 97 64 58 1  52 55 13 98 73 57 15 63 17 53 21 59 11 41 51 47 83 45 49 40 20 50 10 46 16 82 72 44 14 48 12 30 34 28 36 24 37 26 38 22 39 76 78 9  27 88 91 3  33 32 35 89 86 2  60 87 94 93 61 19 43 92 95 42 18 79 81 80 69 71 75 84 74 70 68 85 90 96 
1  30 22 64 24 6  76 66 28 4  55 9  57 5  63 7  98 67 59 65 53 0  12 54 72 97 14 56 16 62 20 52 10 58 40 50 46 82 44 48 21 41 11 51 17 47 73 83 15 45 13 49 34 31 36 29 37 25 38 27 39 23 78 77 26 8  90 89 32 2  35 33 87 88 61 3  95 86 92 18 60 42 94 93 19 43 81 80 68 79 74 70 75 85 69 71 84 96 91 
22 11 73 76 75 79 21 30 19 32 36 44 35 42 81 84 34 40 78 82 39 50 29 45 31 41 33 43 80 85 23 51 77 83 59 98 71 53 61 57 10 64 72 66 74 68 20 1  18 2  14 4  52 65 56 3  62 69 54 5  58 67 97 0  15 28 17 24 13 26 60 9  37 46 38 48 25 47 63 27 49 55 16 6  12 8  70 88 90 94 91 93 95 89 92 96 87 86 7  
10 23 77 72 80 74 31 20 33 18 45 36 43 35 85 81 41 34 83 78 51 39 44 28 40 30 42 32 84 79 50 22 82 76 58 97 70 52 60 56 65 11 67 73 69 75 0  21 3  19 5  15 64 53 2  57 68 63 4  55 66 59 1  98 29 14 25 16 27 12 8  61 47 37 49 38 46 24 62 48 26 54 7  17 9  13 89 71 95 91 92 90 88 94 96 93 86 6  87 
65 50 82 67 84 69 40 0  42 3  28 45 32 43 79 85 30 41 76 83 22 51 36 14 34 20 35 18 81 74 39 10 78 72 64 66 68 1  2  4  59 23 98 77 71 80 53 31 61 33 57 29 11 58 19 60 75 70 15 56 73 97 21 52 44 5  46 7  48 9  13 54 24 47 26 49 37 16 6  38 12 8  63 25 55 27 94 86 88 92 96 95 87 91 93 90 89 17 62 
51 64 66 83 68 85 1  41 2  43 44 29 42 33 84 80 40 31 82 77 50 23 15 36 21 34 19 35 75 81 11 39 73 78 65 67 69 0  3  5  22 58 76 97 79 70 30 52 32 60 28 56 59 10 61 18 71 74 57 14 98 72 53 20 4  45 6  47 8  49 55 12 46 25 48 27 17 37 7  13 38 9  24 62 26 54 87 95 93 89 94 96 90 86 91 92 88 63 16 
58 51 83 97 85 70 41 52 43 60 5  14 3  18 69 74 0  20 67 72 65 10 28 57 30 53 32 61 79 71 22 59 76 98 23 77 80 31 33 29 64 39 66 78 68 81 1  34 2  35 4  36 50 11 42 19 84 75 44 15 82 73 40 21 45 56 47 62 49 54 48 13 7  16 9  12 24 63 25 26 55 27 6  37 8  38 92 94 86 93 90 87 89 96 95 88 91 46 17 
50 59 98 82 71 84 53 40 61 42 15 4  19 2  75 68 21 1  73 66 11 64 56 29 52 31 60 33 70 80 58 23 97 77 22 76 79 30 32 28 39 65 78 67 81 69 34 0  35 3  36 5  10 51 18 43 74 85 14 45 72 83 20 41 57 44 63 46 55 48 12 49 17 6  13 8  62 25 24 54 27 26 37 7  38 9  95 93 92 87 86 91 96 88 89 94 90 16 47 
23 65 67 77 69 80 0  31 3  33 4  56 2  60 68 70 1  52 66 97 64 58 57 15 53 21 61 19 71 75 59 11 98 73 51 83 85 41 43 45 50 10 82 72 84 74 40 20 42 18 44 14 22 39 32 35 79 81 28 36 76 78 30 34 5  29 7  25 9  27 26 38 6  62 8  54 63 17 47 55 13 49 46 16 48 12 90 96 91 88 87 94 92 95 86 89 93 24 37 
64 22 76 66 79 68 30 1  32 2  57 5  61 3  71 69 53 0  98 67 59 65 14 56 20 52 18 60 74 70 10 58 72 97 50 82 84 40 42 44 11 51 73 83 75 85 21 41 19 43 15 45 39 23 35 33 81 80 36 29 78 77 34 31 28 4  24 6  26 8  38 27 63 7  55 9  16 62 46 12 54 48 17 47 13 49 96 91 89 90 95 86 94 93 88 87 92 37 25 
39 58 97 78 70 81 52 34 60 35 29 15 33 19 80 75 31 21 77 73 23 11 4  44 1  40 2  42 68 84 64 50 66 82 10 72 74 20 18 14 51 59 83 98 85 71 41 53 43 61 45 57 65 22 3  32 69 79 5  28 67 76 0  30 56 36 62 37 54 38 9  26 25 17 27 13 6  46 16 8  48 12 47 63 49 55 88 90 96 86 89 92 93 87 94 91 95 7  24 
59 39 78 98 81 71 34 53 35 61 14 28 18 32 74 79 20 30 72 76 10 22 45 5  41 0  43 3  85 69 51 65 83 67 11 73 75 21 19 15 58 50 97 82 70 84 52 40 60 42 56 44 23 64 33 2  80 68 29 4  77 66 31 1  36 57 37 63 38 55 27 8  16 24 12 26 47 7  17 49 9  13 62 46 54 48 91 89 87 96 93 88 86 92 90 95 94 25 6  
11 10 72 73 74 75 20 21 18 19 56 57 60 61 70 71 52 53 97 98 58 59 5  4  0  1  3  2  69 68 65 64 67 66 39 78 81 34 35 36 23 22 77 76 80 79 31 30 33 32 29 28 51 50 43 42 85 84 45 44 83 82 41 40 14 15 16 17 12 13 49 48 62 63 54 55 7  6  37 9  8  38 25 24 27 26 93 92 94 95 88 89 91 90 87 86 96 47 46 
26 13 15 28 11 22 19 32 17 24 96 92 37 46 39 50 35 42 36 44 38 48 91 93 33 43 25 47 23 51 27 49 29 45 55 57 59 61 63 87 12 8  14 4  10 64 18 2  16 6  95 89 60 9  86 7  52 65 70 88 54 5  56 3  94 90 21 30 75 79 62 69 34 40 81 84 31 41 53 80 85 71 20 1  74 68 58 67 76 73 77 83 72 66 82 78 98 97 0  
12 27 29 14 23 10 33 18 25 16 93 96 47 37 51 39 43 35 45 36 49 38 92 90 42 32 46 24 50 22 48 26 44 28 54 56 58 60 62 86 9  13 5  15 65 11 3  19 7  17 88 94 8  61 6  87 64 53 89 71 4  55 2  57 91 95 31 20 80 74 68 63 41 34 85 81 40 30 52 84 79 70 0  21 69 75 66 59 72 77 82 76 67 73 78 83 97 1  98 
