21 87 26 29 20 27 24 28 23 22 10 82 16 19 11 17 14 18 13 12 86 62 67 60 61 68 65 69 64 63 40 84 46 49 41 47 44 48 43 42 72 80 77 71 70 78 75 79 74 73 32 83 30 36 39 31 37 34 38 33 53 85 52 57 50 51 58 55 59 54 98 94 97 93 95 96 91 90 88 92 89 25 15 45 76 35 56 66 03 07 01 08 09 04 06 02 81 00 05 
23 20 87 27 21 22 28 25 29 24 13 11 82 17 10 12 18 15 19 14 61 64 86 68 62 63 69 66 60 65 43 41 84 47 40 42 48 45 49 44 74 70 80 78 72 73 79 76 71 75 34 31 33 83 37 30 32 38 35 39 55 51 54 85 58 52 53 59 56 50 96 90 92 98 91 97 94 88 89 95 93 26 16 46 77 36 57 67 09 02 00 05 07 08 81 04 01 03 06 
25 24 22 87 28 20 23 29 26 21 15 14 12 82 18 11 13 19 16 10 65 66 63 86 69 61 64 60 67 62 45 44 42 84 48 41 43 49 46 40 76 75 73 80 79 70 74 71 77 72 30 34 35 32 83 38 31 33 39 36 52 55 56 53 85 59 51 54 50 57 90 97 89 94 98 88 96 92 95 93 91 27 17 47 78 37 58 68 06 01 08 09 81 03 02 00 04 05 07 
20 26 25 23 87 29 22 24 21 27 11 16 15 13 82 19 12 14 10 17 67 61 66 64 86 60 63 65 62 68 41 46 45 43 84 49 42 44 40 47 70 77 76 74 80 71 73 75 72 78 37 36 31 35 33 83 39 32 34 30 58 57 51 56 54 85 50 53 55 52 93 91 96 89 92 98 95 94 90 97 88 28 18 48 79 38 59 69 00 09 81 04 03 02 05 07 06 01 08 
28 22 27 26 24 87 21 23 25 20 18 12 17 16 14 82 10 13 15 11 63 69 68 67 65 86 62 64 66 61 48 42 47 46 44 84 40 43 45 41 79 73 78 77 75 80 72 74 76 70 31 32 38 37 36 34 83 30 33 35 51 53 59 58 57 55 85 52 54 56 94 96 88 91 93 90 98 97 92 89 95 29 19 49 71 39 50 60 05 81 04 03 06 00 07 01 02 08 09 
22 29 23 28 27 25 87 20 24 26 12 19 13 18 17 15 82 11 14 16 60 63 64 69 68 66 86 61 65 67 42 49 43 48 47 45 84 41 44 46 73 71 74 79 78 76 80 70 75 77 36 39 32 33 38 37 35 83 31 34 57 50 53 54 59 58 56 85 51 55 95 93 94 92 88 91 89 98 96 90 97 21 10 40 72 30 52 62 04 05 07 01 08 81 03 06 09 02 00 
27 23 21 24 29 28 26 87 22 25 17 13 10 14 19 18 16 82 12 15 64 68 62 65 60 69 67 86 63 66 47 43 40 44 49 48 46 84 42 45 78 74 72 75 71 79 77 80 73 76 35 33 37 30 34 39 38 36 83 32 56 54 58 52 55 50 59 57 85 53 92 89 91 97 90 95 88 93 98 94 96 20 11 41 70 31 51 61 02 08 09 81 04 06 00 05 03 07 01 
26 28 24 20 25 21 29 27 87 23 16 18 14 11 15 10 19 17 82 13 69 67 65 61 66 62 60 68 86 64 46 48 44 41 45 40 49 47 84 43 77 79 75 70 76 72 71 78 80 74 33 38 36 34 31 35 30 39 37 83 54 59 57 55 51 56 52 50 58 85 88 92 93 90 96 89 97 95 91 98 94 22 12 42 73 32 53 63 81 00 05 07 01 09 04 03 08 06 02 
24 27 29 25 22 26 20 21 28 87 14 17 19 15 12 16 11 10 18 82 68 65 60 66 63 67 61 62 69 86 44 47 49 45 42 46 41 40 48 84 75 78 71 76 73 77 70 72 79 80 83 37 34 39 35 32 36 31 30 38 85 58 55 50 56 53 57 51 52 59 91 98 90 95 89 94 93 96 97 88 92 23 13 43 74 33 54 64 08 06 02 00 05 01 09 81 07 04 03 
87 25 28 21 26 23 27 22 20 29 82 15 18 10 16 13 17 12 11 19 66 86 69 62 67 64 68 63 61 60 84 45 48 40 46 43 47 42 41 49 80 76 79 72 77 74 78 73 70 71 39 35 83 38 30 36 33 37 32 31 50 56 85 59 52 57 54 58 53 51 89 95 98 88 97 93 92 91 94 96 90 24 14 44 75 34 55 65 01 03 06 02 00 07 08 09 05 81 04 
97 98 93 95 96 91 90 88 92 94 30 83 36 39 31 37 34 38 33 32 87 21 26 29 20 27 24 28 23 22 72 80 77 71 70 78 75 79 74 73 52 85 57 50 51 58 55 59 54 53 02 81 00 06 09 01 07 04 08 03 42 84 40 46 49 41 47 44 48 43 86 63 62 67 60 61 68 65 69 64 66 89 35 76 56 05 45 25 13 17 11 18 19 14 16 12 82 10 15 
92 96 98 91 97 94 88 89 95 90 33 31 83 37 30 32 38 35 39 34 20 23 87 27 21 22 28 25 29 24 74 70 80 78 72 73 79 76 71 75 54 51 85 58 52 53 59 56 50 55 04 01 03 81 07 00 02 08 05 09 44 41 43 84 47 40 42 48 45 49 61 65 64 86 68 62 63 69 66 60 67 93 36 77 57 06 46 26 19 12 10 15 17 18 82 14 11 13 16 
89 90 94 98 88 96 92 95 93 97 35 34 32 83 38 31 33 39 36 30 24 25 22 87 28 20 23 29 26 21 76 75 73 80 79 70 74 71 77 72 56 55 53 85 59 51 54 50 57 52 00 04 05 02 81 08 01 03 09 06 40 44 45 42 84 48 41 43 49 46 65 62 66 63 86 69 61 64 60 67 68 91 37 78 58 07 47 27 16 11 18 19 82 13 12 10 14 15 17 
96 93 89 92 98 95 94 90 97 91 31 36 35 33 83 39 32 34 30 37 26 20 25 23 87 29 22 24 21 27 70 77 76 74 80 71 73 75 72 78 51 57 56 54 85 50 53 55 52 58 07 06 01 05 03 81 09 02 04 00 47 46 41 45 43 84 49 42 44 40 67 68 61 66 64 86 60 63 65 62 69 88 38 79 59 08 48 28 10 19 82 14 13 12 15 17 16 11 18 
88 94 91 93 90 98 97 92 89 96 38 32 37 36 34 83 30 33 35 31 22 28 27 26 24 87 21 23 25 20 79 73 78 77 75 80 72 74 76 70 59 53 58 57 55 85 52 54 56 51 01 02 08 07 06 04 81 00 03 05 41 42 48 47 46 44 84 40 43 45 63 61 69 68 67 65 86 62 64 66 60 95 39 71 50 09 49 29 15 82 14 13 16 10 17 11 12 18 19 
94 95 92 88 91 89 98 96 90 93 32 39 33 38 37 35 83 31 34 36 29 22 23 28 27 25 87 20 24 26 73 71 74 79 78 76 80 70 75 77 53 50 54 59 58 56 85 51 55 57 06 09 02 03 08 07 05 81 01 04 46 49 42 43 48 47 45 84 41 44 60 67 63 64 69 68 66 86 61 65 62 97 30 72 52 00 40 21 14 15 17 11 18 82 13 16 19 12 10 
91 92 97 90 95 88 93 98 94 89 37 33 30 34 39 38 36 83 32 35 23 27 21 24 29 28 26 87 22 25 78 74 72 75 71 79 77 80 73 76 58 54 52 55 50 59 57 85 53 56 05 03 07 00 04 09 08 06 81 02 45 43 47 40 44 49 48 46 84 42 64 66 68 62 65 60 69 67 86 63 61 96 31 70 51 01 41 20 12 18 19 82 14 16 10 15 13 17 11 
93 88 90 96 89 97 95 91 98 92 36 38 34 31 35 30 39 37 83 33 28 26 24 20 25 21 29 27 87 23 77 79 75 70 76 72 71 78 80 74 57 59 55 51 56 52 50 58 85 54 03 08 06 04 01 05 00 09 07 81 43 48 46 44 41 45 40 49 47 84 69 64 67 65 61 66 62 60 68 86 63 94 32 73 53 02 42 22 82 10 15 17 11 19 14 13 18 16 12 
90 91 95 89 94 93 96 97 88 98 34 37 39 35 32 36 31 30 38 83 27 24 29 25 22 26 20 21 28 87 75 78 71 76 73 77 70 72 79 80 55 58 50 56 53 57 51 52 59 85 81 07 04 09 05 02 06 01 00 08 84 47 44 49 45 42 46 41 40 48 68 86 65 60 66 63 67 61 62 69 64 92 33 74 54 03 43 23 18 16 12 10 15 11 19 82 17 14 13 
98 89 88 97 93 92 91 94 96 95 83 35 38 30 36 33 37 32 31 39 25 87 28 21 26 23 27 22 20 29 80 76 79 72 77 74 78 73 70 71 85 56 59 52 57 54 58 53 51 50 09 05 81 08 00 06 03 07 02 01 49 45 84 48 40 46 43 47 42 41 66 60 86 69 62 67 64 68 63 61 65 90 34 75 55 04 44 24 11 13 16 12 10 17 18 19 15 82 14 
74 70 80 78 72 73 79 76 71 75 92 96 98 91 97 94 88 89 95 90 41 43 84 47 40 42 48 45 49 44 33 31 83 37 30 32 38 35 39 34 03 01 81 07 00 02 08 05 09 04 65 61 64 86 68 62 63 69 66 60 14 11 13 82 17 10 12 18 15 19 51 55 54 85 58 52 53 59 56 50 57 77 93 36 06 67 16 46 29 22 21 25 27 28 87 24 20 23 26 
72 80 77 71 70 78 75 79 74 73 97 98 93 95 96 91 90 88 92 94 84 40 46 49 41 47 44 48 43 42 30 83 36 39 31 37 34 38 33 32 00 81 06 09 01 07 04 08 03 02 63 86 62 67 60 61 68 65 69 64 12 82 10 16 19 11 17 14 18 13 85 53 52 57 50 51 58 55 59 54 56 76 89 35 05 66 15 45 23 27 20 28 29 24 26 22 87 21 25 
76 75 73 80 79 70 74 71 77 72 89 90 94 98 88 96 92 95 93 97 44 45 42 84 48 41 43 49 46 40 35 34 32 83 38 31 33 39 36 30 05 04 02 81 08 01 03 09 06 00 62 65 66 63 86 69 61 64 60 67 10 14 15 12 82 18 11 13 19 16 55 52 56 53 85 59 51 54 50 57 58 78 91 37 07 68 17 47 26 20 28 29 87 23 22 21 24 25 27 
70 77 76 74 80 71 73 75 72 78 96 93 89 92 98 95 94 90 97 91 46 41 45 43 84 49 42 44 40 47 31 36 35 33 83 39 32 34 30 37 01 06 05 03 81 09 02 04 00 07 68 67 61 66 64 86 60 63 65 62 17 16 11 15 13 82 19 12 14 10 57 58 51 56 54 85 50 53 55 52 59 79 88 38 08 69 18 48 21 29 87 24 23 22 25 27 26 20 28 
79 73 78 77 75 80 72 74 76 70 88 94 91 93 90 98 97 92 89 96 42 48 47 46 44 84 40 43 45 41 38 32 37 36 34 83 30 33 35 31 08 02 07 06 04 81 00 03 05 01 61 63 69 68 67 65 86 62 64 66 11 12 18 17 16 14 82 10 13 15 53 51 59 58 57 55 85 52 54 56 50 71 95 39 09 60 19 49 25 87 24 23 26 21 27 20 22 28 29 
73 71 74 79 78 76 80 70 75 77 94 95 92 88 91 89 98 96 90 93 49 42 43 48 47 45 84 41 44 46 32 39 33 38 37 35 83 31 34 36 02 09 03 08 07 05 81 01 04 06 67 60 63 64 69 68 66 86 61 65 16 19 12 13 18 17 15 82 11 14 50 57 53 54 59 58 56 85 51 55 52 72 97 30 00 62 10 40 24 25 27 20 28 87 23 26 29 22 21 
78 74 72 75 71 79 77 80 73 76 91 92 97 90 95 88 93 98 94 89 43 47 40 44 49 48 46 84 42 45 37 33 30 34 39 38 36 83 32 35 07 03 00 04 09 08 06 81 02 05 66 64 68 62 65 60 69 67 86 63 15 13 17 10 14 19 18 16 82 12 54 56 58 52 55 50 59 57 85 53 51 70 96 31 01 61 11 41 22 28 29 87 24 26 21 25 23 27 20 
77 79 75 70 76 72 71 78 80 74 93 88 90 96 89 97 95 91 98 92 48 46 44 41 45 40 49 47 84 43 36 38 34 31 35 30 39 37 83 33 06 08 04 01 05 00 09 07 81 03 64 69 67 65 61 66 62 60 68 86 13 18 16 14 11 15 10 19 17 82 59 54 57 55 51 56 52 50 58 85 53 73 94 32 02 63 12 42 87 21 25 27 20 29 24 23 28 26 22 
75 78 71 76 73 77 70 72 79 80 90 91 95 89 94 93 96 97 88 98 47 44 49 45 42 46 41 40 48 84 34 37 39 35 32 36 31 30 38 83 04 07 09 05 02 06 01 00 08 81 86 68 65 60 66 63 67 61 62 69 82 17 14 19 15 12 16 11 10 18 58 85 55 50 56 53 57 51 52 59 54 74 92 33 03 64 13 43 28 26 22 21 25 20 29 87 27 24 23 
80 76 79 72 77 74 78 73 70 71 98 89 88 97 93 92 91 94 96 95 45 84 48 40 46 43 47 42 41 49 83 35 38 30 36 33 37 32 31 39 81 05 08 00 06 03 07 02 01 09 60 66 86 69 62 67 64 68 63 61 19 15 82 18 10 16 13 17 12 11 56 50 85 59 52 57 54 58 53 51 55 75 90 34 04 65 14 44 20 23 26 22 21 27 28 29 25 87 24 
62 86 67 60 61 68 65 69 64 63 00 81 06 09 01 07 04 08 03 02 98 97 93 95 96 91 90 88 92 94 52 85 57 50 51 58 55 59 54 53 40 84 46 49 41 47 44 48 43 42 12 82 10 16 19 11 17 14 18 13 73 80 72 77 71 70 78 75 79 74 87 22 21 26 29 20 27 24 28 23 25 66 05 56 45 15 76 89 33 37 31 38 39 34 36 32 83 30 35 
64 61 86 68 62 63 69 66 60 65 03 01 81 07 00 02 08 05 09 04 96 92 98 91 97 94 88 89 95 90 54 51 85 58 52 53 59 56 50 55 43 41 84 47 40 42 48 45 49 44 14 11 13 82 17 10 12 18 15 19 75 70 74 80 78 72 73 79 76 71 20 24 23 87 27 21 22 28 25 29 26 67 06 57 46 16 77 93 39 32 30 35 37 38 83 34 31 33 36 
66 65 63 86 69 61 64 60 67 62 05 04 02 81 08 01 03 09 06 00 90 89 94 98 88 96 92 95 93 97 56 55 53 85 59 51 54 50 57 52 45 44 42 84 48 41 43 49 46 40 10 14 15 12 82 18 11 13 19 16 72 75 76 73 80 79 70 74 71 77 24 21 25 22 87 28 20 23 29 26 27 68 07 58 47 17 78 91 36 31 38 39 83 33 32 30 34 35 37 
61 67 66 64 86 60 63 65 62 68 01 06 05 03 81 09 02 04 00 07 93 96 89 92 98 95 94 90 97 91 51 57 56 54 85 50 53 55 52 58 41 46 45 43 84 49 42 44 40 47 17 16 11 15 13 82 19 12 14 10 78 77 70 76 74 80 71 73 75 72 26 27 20 25 23 87 29 22 24 21 28 69 08 59 48 18 79 88 30 39 83 34 33 32 35 37 36 31 38 
69 63 68 67 65 86 62 64 66 61 08 02 07 06 04 81 00 03 05 01 94 88 91 93 90 98 97 92 89 96 59 53 58 57 55 85 52 54 56 51 48 42 47 46 44 84 40 43 45 41 11 12 18 17 16 14 82 10 13 15 70 73 79 78 77 75 80 72 74 76 22 20 28 27 26 24 87 21 23 25 29 60 09 50 49 19 71 95 35 83 34 33 36 30 37 31 32 38 39 
63 60 64 69 68 66 86 61 65 67 02 09 03 08 07 05 81 01 04 06 95 94 92 88 91 89 98 96 90 93 53 50 54 59 58 56 85 51 55 57 42 49 43 48 47 45 84 41 44 46 16 19 12 13 18 17 15 82 11 14 77 71 73 74 79 78 76 80 70 75 29 26 22 23 28 27 25 87 20 24 21 62 00 52 40 10 72 97 34 35 37 31 38 83 33 36 39 32 30 
68 64 62 65 60 69 67 86 63 66 07 03 00 04 09 08 06 81 02 05 92 91 97 90 95 88 93 98 94 89 58 54 52 55 50 59 57 85 53 56 47 43 40 44 49 48 46 84 42 45 15 13 17 10 14 19 18 16 82 12 76 74 78 72 75 71 79 77 80 73 23 25 27 21 24 29 28 26 87 22 20 61 01 51 41 11 70 96 32 38 39 83 34 36 30 35 33 37 31 
67 69 65 61 66 62 60 68 86 64 06 08 04 01 05 00 09 07 81 03 88 93 90 96 89 97 95 91 98 92 57 59 55 51 56 52 50 58 85 54 46 48 44 41 45 40 49 47 84 43 13 18 16 14 11 15 10 19 17 82 74 79 77 75 70 76 72 71 78 80 28 23 26 24 20 25 21 29 27 87 22 63 02 53 42 12 73 94 83 30 35 37 31 39 34 33 38 36 32 
65 68 60 66 63 67 61 62 69 86 04 07 09 05 02 06 01 00 08 81 91 90 95 89 94 93 96 97 88 98 55 58 50 56 53 57 51 52 59 85 44 47 49 45 42 46 41 40 48 84 82 17 14 19 15 12 16 11 10 18 80 78 75 71 76 73 77 70 72 79 27 87 24 29 25 22 26 20 21 28 23 64 03 54 43 13 74 92 38 36 32 30 35 31 39 83 37 34 33 
86 66 69 62 67 64 68 63 61 60 81 05 08 00 06 03 07 02 01 09 89 98 88 97 93 92 91 94 96 95 85 56 59 52 57 54 58 53 51 50 84 45 48 40 46 43 47 42 41 49 19 15 82 18 10 16 13 17 12 11 71 76 80 79 72 77 74 78 73 70 25 29 87 28 21 26 23 27 22 20 24 65 04 55 44 14 75 90 31 33 36 32 30 37 38 39 35 83 34 
30 83 36 39 31 37 34 38 33 32 72 80 77 71 70 78 75 79 74 73 82 10 16 19 11 17 14 18 13 12 97 98 93 95 96 91 90 88 92 94 62 86 67 60 61 68 65 69 64 63 53 85 52 57 50 51 58 55 59 54 22 87 21 26 29 20 27 24 28 23 81 02 00 06 09 01 07 04 08 03 05 35 76 89 66 56 25 15 43 47 41 48 49 44 46 42 84 40 45 
33 31 83 37 30 32 38 35 39 34 74 70 80 78 72 73 79 76 71 75 11 13 82 17 10 12 18 15 19 14 92 96 98 91 97 94 88 89 95 90 64 61 86 68 62 63 69 66 60 65 55 51 54 85 58 52 53 59 56 50 24 20 23 87 27 21 22 28 25 29 01 04 03 81 07 00 02 08 05 09 06 36 77 93 67 57 26 16 49 42 40 45 47 48 84 44 41 43 46 
35 34 32 83 38 31 33 39 36 30 76 75 73 80 79 70 74 71 77 72 14 15 12 82 18 11 13 19 16 10 89 90 94 98 88 96 92 95 93 97 66 65 63 86 69 61 64 60 67 62 52 55 56 53 85 59 51 54 50 57 21 24 25 22 87 28 20 23 29 26 04 00 05 02 81 08 01 03 09 06 07 37 78 91 68 58 27 17 46 41 48 49 84 43 42 40 44 45 47 
31 36 35 33 83 39 32 34 30 37 70 77 76 74 80 71 73 75 72 78 16 11 15 13 82 19 12 14 10 17 96 93 89 92 98 95 94 90 97 91 61 67 66 64 86 60 63 65 62 68 58 57 51 56 54 85 50 53 55 52 27 26 20 25 23 87 29 22 24 21 06 07 01 05 03 81 09 02 04 00 08 38 79 88 69 59 28 18 40 49 84 44 43 42 45 47 46 41 48 
38 32 37 36 34 83 30 33 35 31 79 73 78 77 75 80 72 74 76 70 12 18 17 16 14 82 10 13 15 11 88 94 91 93 90 98 97 92 89 96 69 63 68 67 65 86 62 64 66 61 51 53 59 58 57 55 85 52 54 56 20 22 28 27 26 24 87 21 23 25 02 01 08 07 06 04 81 00 03 05 09 39 71 95 60 50 29 19 45 84 44 43 46 40 47 41 42 48 49 
32 39 33 38 37 35 83 31 34 36 73 71 74 79 78 76 80 70 75 77 19 12 13 18 17 15 82 11 14 16 94 95 92 88 91 89 98 96 90 93 63 60 64 69 68 66 86 61 65 67 57 50 53 54 59 58 56 85 51 55 26 29 22 23 28 27 25 87 20 24 09 06 02 03 08 07 05 81 01 04 00 30 72 97 62 52 21 10 44 45 47 41 48 84 43 46 49 42 40 
37 33 30 34 39 38 36 83 32 35 78 74 72 75 71 79 77 80 73 76 13 17 10 14 19 18 16 82 12 15 91 92 97 90 95 88 93 98 94 89 68 64 62 65 60 69 67 86 63 66 56 54 58 52 55 50 59 57 85 53 25 23 27 21 24 29 28 26 87 22 03 05 07 00 04 09 08 06 81 02 01 31 70 96 61 51 20 11 42 48 49 84 44 46 40 45 43 47 41 
36 38 34 31 35 30 39 37 83 33 77 79 75 70 76 72 71 78 80 74 18 16 14 11 15 10 19 17 82 13 93 88 90 96 89 97 95 91 98 92 67 69 65 61 66 62 60 68 86 64 54 59 57 55 51 56 52 50 58 85 23 28 26 24 20 25 21 29 27 87 08 03 06 04 01 05 00 09 07 81 02 32 73 94 63 53 22 12 84 40 45 47 41 49 44 43 48 46 42 
34 37 39 35 32 36 31 30 38 83 75 78 71 76 73 77 70 72 79 80 17 14 19 15 12 16 11 10 18 82 90 91 95 89 94 93 96 97 88 98 65 68 60 66 63 67 61 62 69 86 85 58 55 50 56 53 57 51 52 59 87 27 24 29 25 22 26 20 21 28 07 81 04 09 05 02 06 01 00 08 03 33 74 92 64 54 23 13 48 46 42 40 45 41 49 84 47 44 43 
83 35 38 30 36 33 37 32 31 39 80 76 79 72 77 74 78 73 70 71 15 82 18 10 16 13 17 12 11 19 98 89 88 97 93 92 91 94 96 95 86 66 69 62 67 64 68 63 61 60 50 56 85 59 52 57 54 58 53 51 29 25 87 28 21 26 23 27 22 20 05 09 81 08 00 06 03 07 02 01 04 34 75 90 65 55 24 14 41 43 46 42 40 47 48 49 45 84 44 
82 15 18 10 16 13 17 12 11 19 84 45 48 40 46 43 47 42 41 49 05 81 08 00 06 03 07 02 01 09 87 25 28 21 26 23 27 22 20 29 98 89 88 97 93 92 91 94 96 95 71 76 80 79 72 77 74 78 73 70 60 66 86 69 62 67 64 68 63 61 35 39 83 38 30 36 33 37 32 31 34 14 44 24 90 75 65 04 51 54 57 53 52 58 59 50 56 85 55 
13 11 82 17 10 12 18 15 19 14 43 41 84 47 40 42 48 45 49 44 01 03 81 07 00 02 08 05 09 04 23 20 87 27 21 22 28 25 29 24 92 96 98 91 97 94 88 89 95 90 75 70 74 80 78 72 73 79 76 71 65 61 64 86 68 62 63 69 66 60 31 34 33 83 37 30 32 38 35 39 36 16 46 26 93 77 67 06 50 53 52 56 58 59 85 55 51 54 57 
10 82 16 19 11 17 14 18 13 12 40 84 46 49 41 47 44 48 43 42 81 00 06 09 01 07 04 08 03 02 21 87 26 29 20 27 24 28 23 22 97 98 93 95 96 91 90 88 92 94 73 80 72 77 71 70 78 75 79 74 63 86 62 67 60 61 68 65 69 64 83 32 30 36 39 31 37 34 38 33 35 15 45 25 89 76 66 05 54 58 51 59 50 55 57 53 85 52 56 
15 14 12 82 18 11 13 19 16 10 45 44 42 84 48 41 43 49 46 40 04 05 02 81 08 01 03 09 06 00 25 24 22 87 28 20 23 29 26 21 89 90 94 98 88 96 92 95 93 97 72 75 76 73 80 79 70 74 71 77 62 65 66 63 86 69 61 64 60 67 34 30 35 32 83 38 31 33 39 36 37 17 47 27 91 78 68 07 57 51 59 50 85 54 53 52 55 56 58 
11 16 15 13 82 19 12 14 10 17 41 46 45 43 84 49 42 44 40 47 06 01 05 03 81 09 02 04 00 07 20 26 25 23 87 29 22 24 21 27 96 93 89 92 98 95 94 90 97 91 78 77 70 76 74 80 71 73 75 72 68 67 61 66 64 86 60 63 65 62 36 37 31 35 33 83 39 32 34 30 38 18 48 28 88 79 69 08 52 50 85 55 54 53 56 58 57 51 59 
18 12 17 16 14 82 10 13 15 11 48 42 47 46 44 84 40 43 45 41 02 08 07 06 04 81 00 03 05 01 28 22 27 26 24 87 21 23 25 20 88 94 91 93 90 98 97 92 89 96 70 73 79 78 77 75 80 72 74 76 61 63 69 68 67 65 86 62 64 66 32 31 38 37 36 34 83 30 33 35 39 19 49 29 95 71 60 09 56 85 55 54 57 52 58 51 53 59 50 
12 19 13 18 17 15 82 11 14 16 42 49 43 48 47 45 84 41 44 46 09 02 03 08 07 05 81 01 04 06 22 29 23 28 27 25 87 20 24 26 94 95 92 88 91 89 98 96 90 93 77 71 73 74 79 78 76 80 70 75 67 60 63 64 69 68 66 86 61 65 39 36 32 33 38 37 35 83 31 34 30 10 40 21 97 72 62 00 55 56 58 51 59 85 54 57 50 53 52 
17 13 10 14 19 18 16 82 12 15 47 43 40 44 49 48 46 84 42 45 03 07 00 04 09 08 06 81 02 05 27 23 21 24 29 28 26 87 22 25 91 92 97 90 95 88 93 98 94 89 76 74 78 72 75 71 79 77 80 73 66 64 68 62 65 60 69 67 86 63 33 35 37 30 34 39 38 36 83 32 31 11 41 20 96 70 61 01 53 59 50 85 55 57 52 56 54 58 51 
16 18 14 11 15 10 19 17 82 13 46 48 44 41 45 40 49 47 84 43 08 06 04 01 05 00 09 07 81 03 26 28 24 20 25 21 29 27 87 23 93 88 90 96 89 97 95 91 98 92 74 79 77 75 70 76 72 71 78 80 64 69 67 65 61 66 62 60 68 86 38 33 36 34 31 35 30 39 37 83 32 12 42 22 94 73 63 02 85 52 56 58 51 50 55 54 59 57 53 
14 17 19 15 12 16 11 10 18 82 44 47 49 45 42 46 41 40 48 84 07 04 09 05 02 06 01 00 08 81 24 27 29 25 22 26 20 21 28 87 90 91 95 89 94 93 96 97 88 98 80 78 75 71 76 73 77 70 72 79 86 68 65 60 66 63 67 61 62 69 37 83 34 39 35 32 36 31 30 38 33 13 43 23 92 74 64 03 59 57 53 52 56 51 50 85 58 55 54 
84 45 48 40 46 43 47 42 41 49 87 25 28 21 26 23 27 22 20 29 56 85 59 52 57 54 58 53 51 50 82 15 18 10 16 13 17 12 11 19 83 35 38 30 36 33 37 32 31 39 95 89 98 88 97 93 92 91 94 96 09 05 81 08 00 06 03 07 02 01 76 71 80 79 72 77 74 78 73 70 75 44 24 14 34 90 04 55 61 64 67 63 62 68 69 60 66 86 65 
43 41 84 47 40 42 48 45 49 44 23 20 87 27 21 22 28 25 29 24 51 54 85 58 52 53 59 56 50 55 13 11 82 17 10 12 18 15 19 14 33 31 83 37 30 32 38 35 39 34 90 96 92 98 91 97 94 88 89 95 04 01 03 81 07 00 02 08 05 09 70 75 74 80 78 72 73 79 76 71 77 46 26 16 36 93 06 57 60 63 62 66 68 69 86 65 61 64 67 
40 84 46 49 41 47 44 48 43 42 21 87 26 29 20 27 24 28 23 22 85 52 57 50 51 58 55 59 54 53 10 82 16 19 11 17 14 18 13 12 30 83 36 39 31 37 34 38 33 32 94 98 97 93 95 96 91 90 88 92 02 81 00 06 09 01 07 04 08 03 80 73 72 77 71 70 78 75 79 74 76 45 25 15 35 89 05 56 64 68 61 69 60 65 67 63 86 62 66 
45 44 42 84 48 41 43 49 46 40 25 24 22 87 28 20 23 29 26 21 55 56 53 85 59 51 54 50 57 52 15 14 12 82 18 11 13 19 16 10 35 34 32 83 38 31 33 39 36 30 97 90 89 94 98 88 96 92 95 93 00 04 05 02 81 08 01 03 09 06 75 72 76 73 80 79 70 74 71 77 78 47 27 17 37 91 07 58 67 61 69 60 86 64 63 62 65 66 68 
41 46 45 43 84 49 42 44 40 47 20 26 25 23 87 29 22 24 21 27 57 51 56 54 85 50 53 55 52 58 11 16 15 13 82 19 12 14 10 17 31 36 35 33 83 39 32 34 30 37 91 93 96 89 92 98 95 94 90 97 07 06 01 05 03 81 09 02 04 00 77 78 70 76 74 80 71 73 75 72 79 48 28 18 38 88 08 59 62 60 86 65 64 63 66 68 67 61 69 
48 42 47 46 44 84 40 43 45 41 28 22 27 26 24 87 21 23 25 20 53 59 58 57 55 85 52 54 56 51 18 12 17 16 14 82 10 13 15 11 38 32 37 36 34 83 30 33 35 31 96 94 88 91 93 90 98 97 92 89 01 02 08 07 06 04 81 00 03 05 73 70 79 78 77 75 80 72 74 76 71 49 29 19 39 95 09 50 66 86 65 64 67 62 68 61 63 69 60 
42 49 43 48 47 45 84 41 44 46 22 29 23 28 27 25 87 20 24 26 50 53 54 59 58 56 85 51 55 57 12 19 13 18 17 15 82 11 14 16 32 39 33 38 37 35 83 31 34 36 93 95 94 92 88 91 89 98 96 90 06 09 02 03 08 07 05 81 01 04 71 77 73 74 79 78 76 80 70 75 72 40 21 10 30 97 00 52 65 66 68 61 69 86 64 67 60 63 62 
47 43 40 44 49 48 46 84 42 45 27 23 21 24 29 28 26 87 22 25 54 58 52 55 50 59 57 85 53 56 17 13 10 14 19 18 16 82 12 15 37 33 30 34 39 38 36 83 32 35 89 92 91 97 90 95 88 93 98 94 05 03 07 00 04 09 08 06 81 02 74 76 78 72 75 71 79 77 80 73 70 41 20 11 31 96 01 51 63 69 60 86 65 67 62 66 64 68 61 
46 48 44 41 45 40 49 47 84 43 26 28 24 20 25 21 29 27 87 23 59 57 55 51 56 52 50 58 85 54 16 18 14 11 15 10 19 17 82 13 36 38 34 31 35 30 39 37 83 33 92 88 93 90 96 89 97 95 91 98 03 08 06 04 01 05 00 09 07 81 79 74 77 75 70 76 72 71 78 80 73 42 22 12 32 94 02 53 86 62 66 68 61 60 65 64 69 67 63 
44 47 49 45 42 46 41 40 48 84 24 27 29 25 22 26 20 21 28 87 58 55 50 56 53 57 51 52 59 85 14 17 19 15 12 16 11 10 18 82 34 37 39 35 32 36 31 30 38 83 98 91 90 95 89 94 93 96 97 88 81 07 04 09 05 02 06 01 00 08 78 80 75 71 76 73 77 70 72 79 74 43 23 13 33 92 03 54 69 67 63 62 66 61 60 86 68 65 64 
03 01 81 07 00 02 08 05 09 04 54 51 85 58 52 53 59 56 50 55 31 33 83 37 30 32 38 35 39 34 64 61 86 68 62 63 69 66 60 65 23 20 87 27 21 22 28 25 29 24 44 41 43 84 47 40 42 48 45 49 90 96 92 98 91 97 94 88 89 95 11 14 13 82 17 10 12 18 15 19 16 06 57 67 26 46 93 36 71 73 72 76 78 79 80 75 70 74 77 
81 05 08 00 06 03 07 02 01 09 85 56 59 52 57 54 58 53 51 50 35 83 38 30 36 33 37 32 31 39 86 66 69 62 67 64 68 63 61 60 87 25 28 21 26 23 27 22 20 29 49 45 84 48 40 46 43 47 42 41 95 89 98 88 97 93 92 91 94 96 15 19 82 18 10 16 13 17 12 11 14 04 55 65 24 44 90 34 70 74 77 73 72 78 79 71 76 80 75 
00 81 06 09 01 07 04 08 03 02 52 85 57 50 51 58 55 59 54 53 83 30 36 39 31 37 34 38 33 32 62 86 67 60 61 68 65 69 64 63 21 87 26 29 20 27 24 28 23 22 42 84 40 46 49 41 47 44 48 43 94 98 97 93 95 96 91 90 88 92 82 12 10 16 19 11 17 14 18 13 15 05 56 66 25 45 89 35 74 78 70 79 71 75 77 73 80 72 76 
05 04 02 81 08 01 03 09 06 00 56 55 53 85 59 51 54 50 57 52 34 35 32 83 38 31 33 39 36 30 66 65 63 86 69 61 64 60 67 62 25 24 22 87 28 20 23 29 26 21 40 44 45 42 84 48 41 43 49 46 97 90 89 94 98 88 96 92 95 93 14 10 15 12 82 18 11 13 19 16 17 07 58 68 27 47 91 37 77 70 79 71 80 74 73 72 75 76 78 
01 06 05 03 81 09 02 04 00 07 51 57 56 54 85 50 53 55 52 58 36 31 35 33 83 39 32 34 30 37 61 67 66 64 86 60 63 65 62 68 20 26 25 23 87 29 22 24 21 27 47 46 41 45 43 84 49 42 44 40 91 93 96 89 92 98 95 94 90 97 16 17 11 15 13 82 19 12 14 10 18 08 59 69 28 48 88 38 72 71 80 75 74 73 76 78 77 70 79 
08 02 07 06 04 81 00 03 05 01 59 53 58 57 55 85 52 54 56 51 32 38 37 36 34 83 30 33 35 31 69 63 68 67 65 86 62 64 66 61 28 22 27 26 24 87 21 23 25 20 41 42 48 47 46 44 84 40 43 45 96 94 88 91 93 90 98 97 92 89 12 11 18 17 16 14 82 10 13 15 19 09 50 60 29 49 95 39 76 80 75 74 77 72 78 70 73 79 71 
02 09 03 08 07 05 81 01 04 06 53 50 54 59 58 56 85 51 55 57 39 32 33 38 37 35 83 31 34 36 63 60 64 69 68 66 86 61 65 67 22 29 23 28 27 25 87 20 24 26 46 49 42 43 48 47 45 84 41 44 93 95 94 92 88 91 89 98 96 90 19 16 12 13 18 17 15 82 11 14 10 00 52 62 21 40 97 30 75 76 78 70 79 80 74 77 71 73 72 
07 03 00 04 09 08 06 81 02 05 58 54 52 55 50 59 57 85 53 56 33 37 30 34 39 38 36 83 32 35 68 64 62 65 60 69 67 86 63 66 27 23 21 24 29 28 26 87 22 25 45 43 47 40 44 49 48 46 84 42 89 92 91 97 90 95 88 93 98 94 13 15 17 10 14 19 18 16 82 12 11 01 51 61 20 41 96 31 73 79 71 80 75 77 72 76 74 78 70 
06 08 04 01 05 00 09 07 81 03 57 59 55 51 56 52 50 58 85 54 38 36 34 31 35 30 39 37 83 33 67 69 65 61 66 62 60 68 86 64 26 28 24 20 25 21 29 27 87 23 43 48 46 44 41 45 40 49 47 84 92 88 93 90 96 89 97 95 91 98 18 13 16 14 11 15 10 19 17 82 12 02 53 63 22 42 94 32 80 72 76 78 70 71 75 74 79 77 73 
04 07 09 05 02 06 01 00 08 81 55 58 50 56 53 57 51 52 59 85 37 34 39 35 32 36 31 30 38 83 65 68 60 66 63 67 61 62 69 86 24 27 29 25 22 26 20 21 28 87 84 47 44 49 45 42 46 41 40 48 98 91 90 95 89 94 93 96 97 88 17 82 14 19 15 12 16 11 10 18 13 03 54 64 23 43 92 33 79 77 73 72 76 70 71 80 78 75 74 
09 00 01 02 03 04 05 06 07 08 50 52 51 53 54 55 56 57 58 59 30 39 31 32 33 34 35 36 37 38 60 62 61 63 64 65 66 67 68 69 29 21 20 22 23 24 25 26 27 28 48 40 49 41 42 43 44 45 46 47 88 97 95 96 94 92 90 89 93 91 10 18 19 11 12 13 14 15 16 17 82 81 85 86 87 84 98 83 78 75 74 77 73 76 70 79 72 71 80 
29 21 20 22 23 24 25 26 27 28 19 10 11 12 13 14 15 16 17 18 62 60 61 63 64 65 66 67 68 69 49 40 41 42 43 44 45 46 47 48 71 72 70 73 74 75 76 77 78 79 38 30 39 31 32 33 34 35 36 37 59 52 50 51 53 54 55 56 57 58 97 88 95 96 94 92 90 89 93 91 98 87 82 84 80 83 85 86 07 04 03 06 02 05 01 08 00 09 81 
95 97 96 94 92 90 89 93 91 88 39 30 31 32 33 34 35 36 37 38 21 29 20 22 23 24 25 26 27 28 71 72 70 73 74 75 76 77 78 79 50 52 51 53 54 55 56 57 58 59 08 00 09 01 02 03 04 05 06 07 48 40 49 41 42 43 44 45 46 47 62 69 60 61 63 64 65 66 67 68 86 98 83 80 85 81 84 87 17 14 13 16 12 15 11 18 10 19 82 
60 62 61 63 64 65 66 67 68 69 09 00 01 02 03 04 05 06 07 08 97 95 96 94 92 90 89 93 91 88 50 52 51 53 54 55 56 57 58 59 49 40 41 42 43 44 45 46 47 48 18 10 19 11 12 13 14 15 16 17 79 72 71 70 73 74 75 76 77 78 21 28 29 20 22 23 24 25 26 27 87 86 81 85 84 82 80 98 37 34 33 36 32 35 31 38 30 39 83 
39 30 31 32 33 34 35 36 37 38 71 72 70 73 74 75 76 77 78 79 10 19 11 12 13 14 15 16 17 18 95 97 96 94 92 90 89 93 91 88 60 62 61 63 64 65 66 67 68 69 59 52 50 51 53 54 55 56 57 58 28 21 29 20 22 23 24 25 26 27 00 08 09 01 02 03 04 05 06 07 81 83 80 98 86 85 87 82 47 44 43 46 42 45 41 48 40 49 84 
19 10 11 12 13 14 15 16 17 18 49 40 41 42 43 44 45 46 47 48 00 09 01 02 03 04 05 06 07 08 29 21 20 22 23 24 25 26 27 28 95 97 96 94 92 90 89 93 91 88 79 72 71 70 73 74 75 76 77 78 69 62 60 61 63 64 65 66 67 68 30 38 39 31 32 33 34 35 36 37 83 82 84 87 98 80 86 81 58 55 54 57 53 56 51 59 52 50 85 
49 40 41 42 43 44 45 46 47 48 29 21 20 22 23 24 25 26 27 28 52 50 51 53 54 55 56 57 58 59 19 10 11 12 13 14 15 16 17 18 39 30 31 32 33 34 35 36 37 38 88 97 95 96 94 92 90 89 93 91 08 00 09 01 02 03 04 05 06 07 72 79 71 70 73 74 75 76 77 78 80 84 87 82 83 98 81 85 68 65 64 67 63 66 61 69 62 60 86 
71 72 70 73 74 75 76 77 78 79 95 97 96 94 92 90 89 93 91 88 40 49 41 42 43 44 45 46 47 48 39 30 31 32 33 34 35 36 37 38 09 00 01 02 03 04 05 06 07 08 69 62 60 61 63 64 65 66 67 68 18 10 19 11 12 13 14 15 16 17 52 59 50 51 53 54 55 56 57 58 85 80 98 83 81 86 82 84 27 24 23 26 22 25 20 28 21 29 87 
55 58 50 56 53 57 51 52 59 85 65 68 60 66 63 67 61 62 69 86 78 75 71 76 73 77 70 72 79 80 04 07 09 05 02 06 01 00 08 81 14 17 19 15 12 16 11 10 18 82 87 27 24 29 25 22 26 20 21 28 83 37 34 39 35 32 36 31 30 38 47 84 44 49 45 42 46 41 40 48 43 54 64 03 13 23 33 74 88 91 98 94 96 97 92 89 90 95 93 
53 50 54 59 58 56 85 51 55 57 63 60 64 69 68 66 86 61 65 67 71 73 74 79 78 76 80 70 75 77 02 09 03 08 07 05 81 01 04 06 12 19 13 18 17 15 82 11 14 16 26 29 22 23 28 27 25 87 20 24 36 39 32 33 38 37 35 83 31 34 49 46 42 43 48 47 45 84 41 44 40 52 62 00 10 21 30 72 96 89 95 93 91 94 90 97 98 88 92 
59 53 58 57 55 85 52 54 56 51 69 63 68 67 65 86 62 64 66 61 73 79 78 77 75 80 72 74 76 70 08 02 07 06 04 81 00 03 05 01 18 12 17 16 14 82 10 13 15 11 20 22 28 27 26 24 87 21 23 25 31 32 38 37 36 34 83 30 33 35 42 41 48 47 46 44 84 40 43 45 49 50 60 09 19 29 39 71 95 96 90 97 88 89 93 91 92 98 94 
57 59 55 51 56 52 50 58 85 54 67 69 65 61 66 62 60 68 86 64 79 77 75 70 76 72 71 78 80 74 06 08 04 01 05 00 09 07 81 03 16 18 14 11 15 10 19 17 82 13 23 28 26 24 20 25 21 29 27 87 33 38 36 34 31 35 30 39 37 83 48 43 46 44 41 45 40 49 47 84 42 53 63 02 12 22 32 73 90 95 93 91 98 96 97 88 94 92 89 
51 57 56 54 85 50 53 55 52 58 61 67 66 64 86 60 63 65 62 68 77 70 76 74 80 71 73 75 72 78 01 06 05 03 81 09 02 04 00 07 11 16 15 13 82 19 12 14 10 17 27 26 20 25 23 87 29 22 24 21 37 36 31 35 33 83 39 32 34 30 46 47 41 45 43 84 49 42 44 40 48 59 69 08 18 28 38 79 93 90 97 88 92 95 91 98 89 94 96 
58 54 52 55 50 59 57 85 53 56 68 64 62 65 60 69 67 86 63 66 74 78 72 75 71 79 77 80 73 76 07 03 00 04 09 08 06 81 02 05 17 13 10 14 19 18 16 82 12 15 25 23 27 21 24 29 28 26 87 22 35 33 37 30 34 39 38 36 83 32 43 45 47 40 44 49 48 46 84 42 41 51 61 01 11 20 31 70 91 97 88 92 89 93 98 94 95 96 90 
56 55 53 85 59 51 54 50 57 52 66 65 63 86 69 61 64 60 67 62 75 76 73 80 79 70 74 71 77 72 05 04 02 81 08 01 03 09 06 00 15 14 12 82 18 11 13 19 16 10 21 24 25 22 87 28 20 23 29 26 30 34 35 32 83 38 31 33 39 36 44 40 45 42 84 48 41 43 49 46 47 58 68 07 17 27 37 78 98 88 92 89 95 91 94 96 93 90 97 
85 56 59 52 57 54 58 53 51 50 86 66 69 62 67 64 68 63 61 60 76 80 79 72 77 74 78 73 70 71 81 05 08 00 06 03 07 02 01 09 82 15 18 10 16 13 17 12 11 19 29 25 87 28 21 26 23 27 22 20 39 35 83 38 30 36 33 37 32 31 45 49 84 48 40 46 43 47 42 41 44 55 65 04 14 24 34 75 92 98 94 96 90 88 89 95 97 93 91 
54 51 85 58 52 53 59 56 50 55 64 61 86 68 62 63 69 66 60 65 70 74 80 78 72 73 79 76 71 75 03 01 81 07 00 02 08 05 09 04 13 11 82 17 10 12 18 15 19 14 24 20 23 87 27 21 22 28 25 29 34 31 33 83 37 30 32 38 35 39 41 44 43 84 47 40 42 48 45 49 46 57 67 06 16 26 36 77 97 93 91 98 94 90 88 92 96 89 95 
52 85 57 50 51 58 55 59 54 53 62 86 67 60 61 68 65 69 64 63 80 72 77 71 70 78 75 79 74 73 00 81 06 09 01 07 04 08 03 02 10 82 16 19 11 17 14 18 13 12 22 87 21 26 29 20 27 24 28 23 32 83 30 36 39 31 37 34 38 33 84 42 40 46 49 41 47 44 48 43 45 56 66 05 15 25 35 76 94 92 89 95 93 98 96 90 91 97 88 
50 52 51 53 54 55 56 57 58 59 60 62 61 63 64 65 66 67 68 69 72 71 70 73 74 75 76 77 78 79 09 00 01 02 03 04 05 06 07 08 19 10 11 12 13 14 15 16 17 18 28 21 29 20 22 23 24 25 26 27 38 30 39 31 32 33 34 35 36 37 40 48 49 41 42 43 44 45 46 47 84 85 86 81 82 87 83 80 89 94 96 90 97 92 95 93 88 91 98 
