21 87 26 29 20 27 24 28 23 22 10 82 16 19 11 17 14 18 13 12 86 62 67 60 61 68 65 69 64 63 40 84 46 49 41 47 44 48 43 42 72 80 77 70 71 78 75 79 74 73 32 83 30 36 39 31 37 34 38 33 53 85 52 57 50 51 58 55 59 54 94 98 97 91 95 96 88 90 92 89 93 25 15 45 76 35 56 66 08 09 01 04 03 07 06 02 81 00 05 
23 20 87 27 21 22 28 25 29 24 13 11 82 17 10 12 18 15 19 14 61 64 86 68 62 63 69 66 60 65 43 41 84 47 40 42 48 45 49 44 74 71 80 78 72 73 79 76 70 75 34 31 33 83 37 30 32 38 35 39 55 51 54 85 58 52 53 59 56 50 90 96 89 98 88 97 94 92 93 95 91 26 16 46 77 36 57 67 05 07 00 08 09 02 81 04 01 03 06 
25 24 22 87 28 20 23 29 26 21 15 14 12 82 18 11 13 19 16 10 65 66 63 86 69 61 64 60 67 62 45 44 42 84 48 41 43 49 46 40 76 75 73 80 79 71 74 70 77 72 30 34 35 32 83 38 31 33 39 36 52 55 56 53 85 59 51 54 50 57 97 90 93 94 98 92 96 89 95 91 88 27 17 47 78 37 58 68 09 81 08 03 06 01 02 00 04 05 07 
20 26 25 23 87 29 22 24 21 27 11 16 15 13 82 19 12 14 10 17 67 61 66 64 86 60 63 65 62 68 41 46 45 43 84 49 42 44 40 47 71 77 76 74 80 70 73 75 72 78 37 36 31 35 33 83 39 32 34 30 58 57 51 56 54 85 50 53 55 52 88 91 96 93 89 98 95 94 90 97 92 28 18 48 79 38 59 69 04 03 81 02 00 09 05 07 06 01 08 
28 22 27 26 24 87 21 23 25 20 18 12 17 16 14 82 10 13 15 11 63 69 68 67 65 86 62 64 66 61 48 42 47 46 44 84 40 43 45 41 79 73 78 77 75 80 72 74 76 71 31 32 38 37 36 34 83 30 33 35 51 53 59 58 57 55 85 52 54 56 96 94 92 88 91 90 98 97 89 93 95 29 19 49 70 39 50 60 03 06 04 00 05 81 07 01 02 08 09 
22 29 23 28 27 25 87 20 24 26 12 19 13 18 17 15 82 11 14 16 60 63 64 69 68 66 86 61 65 67 42 49 43 48 47 45 84 41 44 46 73 70 74 79 78 76 80 71 75 77 36 39 32 33 38 37 35 83 31 34 57 50 53 54 59 58 56 85 51 55 91 95 94 89 92 88 93 98 96 90 97 21 10 40 72 30 52 62 01 08 07 81 04 05 03 06 09 02 00 
27 23 21 24 29 28 26 87 22 25 17 13 10 14 19 18 16 82 12 15 64 68 62 65 60 69 67 86 63 66 47 43 40 44 49 48 46 84 42 45 78 74 72 75 70 79 77 80 73 76 35 33 37 30 34 39 38 36 83 32 56 54 58 52 55 50 59 57 85 53 93 89 88 97 90 95 92 91 98 94 96 20 11 41 71 31 51 61 81 04 09 06 02 08 00 05 03 07 01 
26 28 24 20 25 21 29 27 87 23 16 18 14 11 15 10 19 17 82 13 69 67 65 61 66 62 60 68 86 64 46 48 44 41 45 40 49 47 84 43 77 79 75 71 76 72 70 78 80 74 33 38 36 34 31 35 30 39 37 83 54 59 57 55 51 56 52 50 58 85 89 92 91 90 96 93 97 95 88 98 94 22 12 42 73 32 53 63 07 01 05 09 81 00 04 03 08 06 02 
24 27 29 25 22 26 20 21 28 87 14 17 19 15 12 16 11 10 18 82 68 65 60 66 63 67 61 62 69 86 44 47 49 45 42 46 41 40 48 84 75 78 70 76 73 77 71 72 79 80 83 37 34 39 35 32 36 31 30 38 85 58 55 50 56 53 57 51 52 59 98 88 90 95 93 94 91 96 97 92 89 23 13 43 74 33 54 64 00 05 02 01 08 06 09 81 07 04 03 
87 25 28 21 26 23 27 22 20 29 82 15 18 10 16 13 17 12 11 19 66 86 69 62 67 64 68 63 61 60 84 45 48 40 46 43 47 42 41 49 80 76 79 72 77 74 78 73 71 70 39 35 83 38 30 36 33 37 32 31 50 56 85 59 52 57 54 58 53 51 95 93 98 92 97 91 89 88 94 96 90 24 14 44 75 34 55 65 02 00 06 07 01 03 08 09 05 81 04 
97 98 91 95 96 88 90 92 89 94 30 83 36 39 31 37 34 38 33 32 87 21 26 29 20 27 24 28 23 22 72 80 77 70 71 78 75 79 74 73 52 85 57 50 51 58 55 59 54 53 02 81 00 06 09 01 07 04 08 03 42 84 40 46 49 41 47 44 48 43 63 86 62 67 60 61 68 65 69 64 66 93 35 76 56 05 45 25 18 19 11 14 13 17 16 12 82 10 15 
89 96 98 88 97 94 92 93 95 90 33 31 83 37 30 32 38 35 39 34 20 23 87 27 21 22 28 25 29 24 74 71 80 78 72 73 79 76 70 75 54 51 85 58 52 53 59 56 50 55 04 01 03 81 07 00 02 08 05 09 44 41 43 84 47 40 42 48 45 49 65 61 64 86 68 62 63 69 66 60 67 91 36 77 57 06 46 26 15 17 10 18 19 12 82 14 11 13 16 
93 90 94 98 92 96 89 95 91 97 35 34 32 83 38 31 33 39 36 30 24 25 22 87 28 20 23 29 26 21 76 75 73 80 79 71 74 70 77 72 56 55 53 85 59 51 54 50 57 52 00 04 05 02 81 08 01 03 09 06 40 44 45 42 84 48 41 43 49 46 62 65 66 63 86 69 61 64 60 67 68 88 37 78 58 07 47 27 19 82 18 13 16 11 12 10 14 15 17 
96 91 93 89 98 95 94 90 97 88 31 36 35 33 83 39 32 34 30 37 26 20 25 23 87 29 22 24 21 27 71 77 76 74 80 70 73 75 72 78 51 57 56 54 85 50 53 55 52 58 07 06 01 05 03 81 09 02 04 00 47 46 41 45 43 84 49 42 44 40 68 67 61 66 64 86 60 63 65 62 69 92 38 79 59 08 48 28 14 13 82 12 10 19 15 17 16 11 18 
92 94 88 91 90 98 97 89 93 96 38 32 37 36 34 83 30 33 35 31 22 28 27 26 24 87 21 23 25 20 79 73 78 77 75 80 72 74 76 71 59 53 58 57 55 85 52 54 56 51 01 02 08 07 06 04 81 00 03 05 41 42 48 47 46 44 84 40 43 45 61 63 69 68 67 65 86 62 64 66 60 95 39 70 50 09 49 29 13 16 14 10 15 82 17 11 12 18 19 
94 95 89 92 88 93 98 96 90 91 32 39 33 38 37 35 83 31 34 36 29 22 23 28 27 25 87 20 24 26 73 70 74 79 78 76 80 71 75 77 53 50 54 59 58 56 85 51 55 57 06 09 02 03 08 07 05 81 01 04 46 49 42 43 48 47 45 84 41 44 67 60 63 64 69 68 66 86 61 65 62 97 30 72 52 00 40 21 11 18 17 82 14 15 13 16 19 12 10 
88 89 97 90 95 92 91 98 94 93 37 33 30 34 39 38 36 83 32 35 23 27 21 24 29 28 26 87 22 25 78 74 72 75 70 79 77 80 73 76 58 54 52 55 50 59 57 85 53 56 05 03 07 00 04 09 08 06 81 02 45 43 47 40 44 49 48 46 84 42 66 64 68 62 65 60 69 67 86 63 61 96 31 71 51 01 41 20 82 14 19 16 12 18 10 15 13 17 11 
91 92 90 96 93 97 95 88 98 89 36 38 34 31 35 30 39 37 83 33 28 26 24 20 25 21 29 27 87 23 77 79 75 71 76 72 70 78 80 74 57 59 55 51 56 52 50 58 85 54 03 08 06 04 01 05 00 09 07 81 43 48 46 44 41 45 40 49 47 84 64 69 67 65 61 66 62 60 68 86 63 94 32 73 53 02 42 22 17 11 15 19 82 10 14 13 18 16 12 
90 88 95 93 94 91 96 97 92 98 34 37 39 35 32 36 31 30 38 83 27 24 29 25 22 26 20 21 28 87 75 78 70 76 73 77 71 72 79 80 55 58 50 56 53 57 51 52 59 85 81 07 04 09 05 02 06 01 00 08 84 47 44 49 45 42 46 41 40 48 86 68 65 60 66 63 67 61 62 69 64 89 33 74 54 03 43 23 10 15 12 11 18 16 19 82 17 14 13 
98 93 92 97 91 89 88 94 96 95 83 35 38 30 36 33 37 32 31 39 25 87 28 21 26 23 27 22 20 29 80 76 79 72 77 74 78 73 71 70 85 56 59 52 57 54 58 53 51 50 09 05 81 08 00 06 03 07 02 01 49 45 84 48 40 46 43 47 42 41 60 66 86 69 62 67 64 68 63 61 65 90 34 75 55 04 44 24 12 10 16 17 11 13 18 19 15 82 14 
74 71 80 78 72 73 79 76 70 75 89 96 98 88 97 94 92 93 95 90 41 43 84 47 40 42 48 45 49 44 33 31 83 37 30 32 38 35 39 34 03 01 81 07 00 02 08 05 09 04 65 61 64 86 68 62 63 69 66 60 14 11 13 82 17 10 12 18 15 19 55 51 54 85 58 52 53 59 56 50 57 77 91 36 06 67 16 46 25 27 21 28 29 22 87 24 20 23 26 
72 80 77 70 71 78 75 79 74 73 97 98 91 95 96 88 90 92 89 94 84 40 46 49 41 47 44 48 43 42 30 83 36 39 31 37 34 38 33 32 00 81 06 09 01 07 04 08 03 02 63 86 62 67 60 61 68 65 69 64 12 82 10 16 19 11 17 14 18 13 53 85 52 57 50 51 58 55 59 54 56 76 93 35 05 66 15 45 28 29 20 24 23 27 26 22 87 21 25 
76 75 73 80 79 71 74 70 77 72 93 90 94 98 92 96 89 95 91 97 44 45 42 84 48 41 43 49 46 40 35 34 32 83 38 31 33 39 36 30 05 04 02 81 08 01 03 09 06 00 62 65 66 63 86 69 61 64 60 67 10 14 15 12 82 18 11 13 19 16 52 55 56 53 85 59 51 54 50 57 58 78 88 37 07 68 17 47 29 87 28 23 26 20 22 21 24 25 27 
71 77 76 74 80 70 73 75 72 78 96 91 93 89 98 95 94 90 97 88 46 41 45 43 84 49 42 44 40 47 31 36 35 33 83 39 32 34 30 37 01 06 05 03 81 09 02 04 00 07 68 67 61 66 64 86 60 63 65 62 17 16 11 15 13 82 19 12 14 10 58 57 51 56 54 85 50 53 55 52 59 79 92 38 08 69 18 48 24 23 87 22 21 29 25 27 26 20 28 
79 73 78 77 75 80 72 74 76 71 92 94 88 91 90 98 97 89 93 96 42 48 47 46 44 84 40 43 45 41 38 32 37 36 34 83 30 33 35 31 08 02 07 06 04 81 00 03 05 01 61 63 69 68 67 65 86 62 64 66 11 12 18 17 16 14 82 10 13 15 51 53 59 58 57 55 85 52 54 56 50 70 95 39 09 60 19 49 23 26 24 21 25 87 27 20 22 28 29 
73 70 74 79 78 76 80 71 75 77 94 95 89 92 88 93 98 96 90 91 49 42 43 48 47 45 84 41 44 46 32 39 33 38 37 35 83 31 34 36 02 09 03 08 07 05 81 01 04 06 67 60 63 64 69 68 66 86 61 65 16 19 12 13 18 17 15 82 11 14 57 50 53 54 59 58 56 85 51 55 52 72 97 30 00 62 10 40 20 28 27 87 24 25 23 26 29 22 21 
78 74 72 75 70 79 77 80 73 76 88 89 97 90 95 92 91 98 94 93 43 47 40 44 49 48 46 84 42 45 37 33 30 34 39 38 36 83 32 35 07 03 00 04 09 08 06 81 02 05 66 64 68 62 65 60 69 67 86 63 15 13 17 10 14 19 18 16 82 12 56 54 58 52 55 50 59 57 85 53 51 71 96 31 01 61 11 41 87 24 29 26 22 28 21 25 23 27 20 
77 79 75 71 76 72 70 78 80 74 91 92 90 96 93 97 95 88 98 89 48 46 44 41 45 40 49 47 84 43 36 38 34 31 35 30 39 37 83 33 06 08 04 01 05 00 09 07 81 03 64 69 67 65 61 66 62 60 68 86 13 18 16 14 11 15 10 19 17 82 54 59 57 55 51 56 52 50 58 85 53 73 94 32 02 63 12 42 27 20 25 29 87 21 24 23 28 26 22 
75 78 70 76 73 77 71 72 79 80 90 88 95 93 94 91 96 97 92 98 47 44 49 45 42 46 41 40 48 84 34 37 39 35 32 36 31 30 38 83 04 07 09 05 02 06 01 00 08 81 86 68 65 60 66 63 67 61 62 69 82 17 14 19 15 12 16 11 10 18 85 58 55 50 56 53 57 51 52 59 54 74 89 33 03 64 13 43 21 25 22 20 28 26 29 87 27 24 23 
80 76 79 72 77 74 78 73 71 70 98 93 92 97 91 89 88 94 96 95 45 84 48 40 46 43 47 42 41 49 83 35 38 30 36 33 37 32 31 39 81 05 08 00 06 03 07 02 01 09 60 66 86 69 62 67 64 68 63 61 19 15 82 18 10 16 13 17 12 11 50 56 85 59 52 57 54 58 53 51 55 75 90 34 04 65 14 44 22 21 26 27 20 23 28 29 25 87 24 
62 86 67 60 61 68 65 69 64 63 00 81 06 09 01 07 04 08 03 02 98 97 91 95 96 88 90 92 89 94 52 85 57 50 51 58 55 59 54 53 40 84 46 49 41 47 44 48 43 42 12 82 10 16 19 11 17 14 18 13 73 80 72 77 70 71 78 75 79 74 22 87 21 26 29 20 27 24 28 23 25 66 05 56 45 15 76 93 38 39 31 34 33 37 36 32 83 30 35 
64 61 86 68 62 63 69 66 60 65 03 01 81 07 00 02 08 05 09 04 96 89 98 88 97 94 92 93 95 90 54 51 85 58 52 53 59 56 50 55 43 41 84 47 40 42 48 45 49 44 14 11 13 82 17 10 12 18 15 19 75 71 74 80 78 72 73 79 76 70 24 20 23 87 27 21 22 28 25 29 26 67 06 57 46 16 77 91 35 37 30 38 39 32 83 34 31 33 36 
66 65 63 86 69 61 64 60 67 62 05 04 02 81 08 01 03 09 06 00 90 93 94 98 92 96 89 95 91 97 56 55 53 85 59 51 54 50 57 52 45 44 42 84 48 41 43 49 46 40 10 14 15 12 82 18 11 13 19 16 72 75 76 73 80 79 71 74 70 77 21 24 25 22 87 28 20 23 29 26 27 68 07 58 47 17 78 88 39 83 38 33 36 31 32 30 34 35 37 
61 67 66 64 86 60 63 65 62 68 01 06 05 03 81 09 02 04 00 07 91 96 93 89 98 95 94 90 97 88 51 57 56 54 85 50 53 55 52 58 41 46 45 43 84 49 42 44 40 47 17 16 11 15 13 82 19 12 14 10 78 77 71 76 74 80 70 73 75 72 27 26 20 25 23 87 29 22 24 21 28 69 08 59 48 18 79 92 34 33 83 32 30 39 35 37 36 31 38 
69 63 68 67 65 86 62 64 66 61 08 02 07 06 04 81 00 03 05 01 94 92 88 91 90 98 97 89 93 96 59 53 58 57 55 85 52 54 56 51 48 42 47 46 44 84 40 43 45 41 11 12 18 17 16 14 82 10 13 15 71 73 79 78 77 75 80 72 74 76 20 22 28 27 26 24 87 21 23 25 29 60 09 50 49 19 70 95 33 36 34 30 35 83 37 31 32 38 39 
63 60 64 69 68 66 86 61 65 67 02 09 03 08 07 05 81 01 04 06 95 94 89 92 88 93 98 96 90 91 53 50 54 59 58 56 85 51 55 57 42 49 43 48 47 45 84 41 44 46 16 19 12 13 18 17 15 82 11 14 77 70 73 74 79 78 76 80 71 75 26 29 22 23 28 27 25 87 20 24 21 62 00 52 40 10 72 97 31 38 37 83 34 35 33 36 39 32 30 
68 64 62 65 60 69 67 86 63 66 07 03 00 04 09 08 06 81 02 05 89 88 97 90 95 92 91 98 94 93 58 54 52 55 50 59 57 85 53 56 47 43 40 44 49 48 46 84 42 45 15 13 17 10 14 19 18 16 82 12 76 74 78 72 75 70 79 77 80 73 25 23 27 21 24 29 28 26 87 22 20 61 01 51 41 11 71 96 83 34 39 36 32 38 30 35 33 37 31 
67 69 65 61 66 62 60 68 86 64 06 08 04 01 05 00 09 07 81 03 92 91 90 96 93 97 95 88 98 89 57 59 55 51 56 52 50 58 85 54 46 48 44 41 45 40 49 47 84 43 13 18 16 14 11 15 10 19 17 82 74 79 77 75 71 76 72 70 78 80 23 28 26 24 20 25 21 29 27 87 22 63 02 53 42 12 73 94 37 31 35 39 83 30 34 33 38 36 32 
65 68 60 66 63 67 61 62 69 86 04 07 09 05 02 06 01 00 08 81 88 90 95 93 94 91 96 97 92 98 55 58 50 56 53 57 51 52 59 85 44 47 49 45 42 46 41 40 48 84 82 17 14 19 15 12 16 11 10 18 80 78 75 70 76 73 77 71 72 79 87 27 24 29 25 22 26 20 21 28 23 64 03 54 43 13 74 89 30 35 32 31 38 36 39 83 37 34 33 
86 66 69 62 67 64 68 63 61 60 81 05 08 00 06 03 07 02 01 09 93 98 92 97 91 89 88 94 96 95 85 56 59 52 57 54 58 53 51 50 84 45 48 40 46 43 47 42 41 49 19 15 82 18 10 16 13 17 12 11 70 76 80 79 72 77 74 78 73 71 29 25 87 28 21 26 23 27 22 20 24 65 04 55 44 14 75 90 32 30 36 37 31 33 38 39 35 83 34 
30 83 36 39 31 37 34 38 33 32 72 80 77 70 71 78 75 79 74 73 82 10 16 19 11 17 14 18 13 12 97 98 91 95 96 88 90 92 89 94 62 86 67 60 61 68 65 69 64 63 53 85 52 57 50 51 58 55 59 54 22 87 21 26 29 20 27 24 28 23 02 81 00 06 09 01 07 04 08 03 05 35 76 93 66 56 25 15 48 49 41 44 43 47 46 42 84 40 45 
33 31 83 37 30 32 38 35 39 34 74 71 80 78 72 73 79 76 70 75 11 13 82 17 10 12 18 15 19 14 89 96 98 88 97 94 92 93 95 90 64 61 86 68 62 63 69 66 60 65 55 51 54 85 58 52 53 59 56 50 24 20 23 87 27 21 22 28 25 29 04 01 03 81 07 00 02 08 05 09 06 36 77 91 67 57 26 16 45 47 40 48 49 42 84 44 41 43 46 
35 34 32 83 38 31 33 39 36 30 76 75 73 80 79 71 74 70 77 72 14 15 12 82 18 11 13 19 16 10 93 90 94 98 92 96 89 95 91 97 66 65 63 86 69 61 64 60 67 62 52 55 56 53 85 59 51 54 50 57 21 24 25 22 87 28 20 23 29 26 00 04 05 02 81 08 01 03 09 06 07 37 78 88 68 58 27 17 49 84 48 43 46 41 42 40 44 45 47 
31 36 35 33 83 39 32 34 30 37 71 77 76 74 80 70 73 75 72 78 16 11 15 13 82 19 12 14 10 17 96 91 93 89 98 95 94 90 97 88 61 67 66 64 86 60 63 65 62 68 58 57 51 56 54 85 50 53 55 52 27 26 20 25 23 87 29 22 24 21 07 06 01 05 03 81 09 02 04 00 08 38 79 92 69 59 28 18 44 43 84 42 40 49 45 47 46 41 48 
38 32 37 36 34 83 30 33 35 31 79 73 78 77 75 80 72 74 76 71 12 18 17 16 14 82 10 13 15 11 92 94 88 91 90 98 97 89 93 96 69 63 68 67 65 86 62 64 66 61 51 53 59 58 57 55 85 52 54 56 20 22 28 27 26 24 87 21 23 25 01 02 08 07 06 04 81 00 03 05 09 39 70 95 60 50 29 19 43 46 44 40 45 84 47 41 42 48 49 
32 39 33 38 37 35 83 31 34 36 73 70 74 79 78 76 80 71 75 77 19 12 13 18 17 15 82 11 14 16 94 95 89 92 88 93 98 96 90 91 63 60 64 69 68 66 86 61 65 67 57 50 53 54 59 58 56 85 51 55 26 29 22 23 28 27 25 87 20 24 06 09 02 03 08 07 05 81 01 04 00 30 72 97 62 52 21 10 41 48 47 84 44 45 43 46 49 42 40 
37 33 30 34 39 38 36 83 32 35 78 74 72 75 70 79 77 80 73 76 13 17 10 14 19 18 16 82 12 15 88 89 97 90 95 92 91 98 94 93 68 64 62 65 60 69 67 86 63 66 56 54 58 52 55 50 59 57 85 53 25 23 27 21 24 29 28 26 87 22 05 03 07 00 04 09 08 06 81 02 01 31 71 96 61 51 20 11 84 44 49 46 42 48 40 45 43 47 41 
36 38 34 31 35 30 39 37 83 33 77 79 75 71 76 72 70 78 80 74 18 16 14 11 15 10 19 17 82 13 91 92 90 96 93 97 95 88 98 89 67 69 65 61 66 62 60 68 86 64 54 59 57 55 51 56 52 50 58 85 23 28 26 24 20 25 21 29 27 87 03 08 06 04 01 05 00 09 07 81 02 32 73 94 63 53 22 12 47 41 45 49 84 40 44 43 48 46 42 
34 37 39 35 32 36 31 30 38 83 75 78 70 76 73 77 71 72 79 80 17 14 19 15 12 16 11 10 18 82 90 88 95 93 94 91 96 97 92 98 65 68 60 66 63 67 61 62 69 86 85 58 55 50 56 53 57 51 52 59 87 27 24 29 25 22 26 20 21 28 81 07 04 09 05 02 06 01 00 08 03 33 74 89 64 54 23 13 40 45 42 41 48 46 49 84 47 44 43 
83 35 38 30 36 33 37 32 31 39 80 76 79 72 77 74 78 73 71 70 15 82 18 10 16 13 17 12 11 19 98 93 92 97 91 89 88 94 96 95 86 66 69 62 67 64 68 63 61 60 50 56 85 59 52 57 54 58 53 51 29 25 87 28 21 26 23 27 22 20 09 05 81 08 00 06 03 07 02 01 04 34 75 90 65 55 24 14 42 40 46 47 41 43 48 49 45 84 44 
82 15 18 10 16 13 17 12 11 19 84 45 48 40 46 43 47 42 41 49 05 81 08 00 06 03 07 02 01 09 87 25 28 21 26 23 27 22 20 29 98 93 92 97 91 89 88 94 96 95 70 76 80 79 72 77 74 78 73 71 60 66 86 69 62 67 64 68 63 61 39 35 83 38 30 36 33 37 32 31 34 14 44 24 90 75 65 04 53 52 57 58 51 54 59 50 56 85 55 
13 11 82 17 10 12 18 15 19 14 43 41 84 47 40 42 48 45 49 44 01 03 81 07 00 02 08 05 09 04 23 20 87 27 21 22 28 25 29 24 89 96 98 88 97 94 92 93 95 90 75 71 74 80 78 72 73 79 76 70 65 61 64 86 68 62 63 69 66 60 34 31 33 83 37 30 32 38 35 39 36 16 46 26 91 77 67 06 56 58 52 59 50 53 85 55 51 54 57 
10 82 16 19 11 17 14 18 13 12 40 84 46 49 41 47 44 48 43 42 81 00 06 09 01 07 04 08 03 02 21 87 26 29 20 27 24 28 23 22 97 98 91 95 96 88 90 92 89 94 73 80 72 77 70 71 78 75 79 74 63 86 62 67 60 61 68 65 69 64 32 83 30 36 39 31 37 34 38 33 35 15 45 25 93 76 66 05 59 50 51 55 54 58 57 53 85 52 56 
15 14 12 82 18 11 13 19 16 10 45 44 42 84 48 41 43 49 46 40 04 05 02 81 08 01 03 09 06 00 25 24 22 87 28 20 23 29 26 21 93 90 94 98 92 96 89 95 91 97 72 75 76 73 80 79 71 74 70 77 62 65 66 63 86 69 61 64 60 67 30 34 35 32 83 38 31 33 39 36 37 17 47 27 88 78 68 07 50 85 59 54 57 51 53 52 55 56 58 
11 16 15 13 82 19 12 14 10 17 41 46 45 43 84 49 42 44 40 47 06 01 05 03 81 09 02 04 00 07 20 26 25 23 87 29 22 24 21 27 96 91 93 89 98 95 94 90 97 88 78 77 71 76 74 80 70 73 75 72 68 67 61 66 64 86 60 63 65 62 37 36 31 35 33 83 39 32 34 30 38 18 48 28 92 79 69 08 55 54 85 53 52 50 56 58 57 51 59 
18 12 17 16 14 82 10 13 15 11 48 42 47 46 44 84 40 43 45 41 02 08 07 06 04 81 00 03 05 01 28 22 27 26 24 87 21 23 25 20 92 94 88 91 90 98 97 89 93 96 71 73 79 78 77 75 80 72 74 76 61 63 69 68 67 65 86 62 64 66 31 32 38 37 36 34 83 30 33 35 39 19 49 29 95 70 60 09 54 57 55 52 56 85 58 51 53 59 50 
12 19 13 18 17 15 82 11 14 16 42 49 43 48 47 45 84 41 44 46 09 02 03 08 07 05 81 01 04 06 22 29 23 28 27 25 87 20 24 26 94 95 89 92 88 93 98 96 90 91 77 70 73 74 79 78 76 80 71 75 67 60 63 64 69 68 66 86 61 65 36 39 32 33 38 37 35 83 31 34 30 10 40 21 97 72 62 00 51 59 58 85 55 56 54 57 50 53 52 
17 13 10 14 19 18 16 82 12 15 47 43 40 44 49 48 46 84 42 45 03 07 00 04 09 08 06 81 02 05 27 23 21 24 29 28 26 87 22 25 88 89 97 90 95 92 91 98 94 93 76 74 78 72 75 70 79 77 80 73 66 64 68 62 65 60 69 67 86 63 35 33 37 30 34 39 38 36 83 32 31 11 41 20 96 71 61 01 85 55 50 57 53 59 52 56 54 58 51 
16 18 14 11 15 10 19 17 82 13 46 48 44 41 45 40 49 47 84 43 08 06 04 01 05 00 09 07 81 03 26 28 24 20 25 21 29 27 87 23 91 92 90 96 93 97 95 88 98 89 74 79 77 75 71 76 72 70 78 80 64 69 67 65 61 66 62 60 68 86 33 38 36 34 31 35 30 39 37 83 32 12 42 22 94 73 63 02 58 51 56 50 85 52 55 54 59 57 53 
14 17 19 15 12 16 11 10 18 82 44 47 49 45 42 46 41 40 48 84 07 04 09 05 02 06 01 00 08 81 24 27 29 25 22 26 20 21 28 87 90 88 95 93 94 91 96 97 92 98 80 78 75 70 76 73 77 71 72 79 86 68 65 60 66 63 67 61 62 69 83 37 34 39 35 32 36 31 30 38 33 13 43 23 89 74 64 03 52 56 53 51 59 57 50 85 58 55 54 
84 45 48 40 46 43 47 42 41 49 87 25 28 21 26 23 27 22 20 29 56 85 59 52 57 54 58 53 51 50 82 15 18 10 16 13 17 12 11 19 83 35 38 30 36 33 37 32 31 39 95 93 98 92 97 91 89 88 94 96 09 05 81 08 00 06 03 07 02 01 70 76 80 79 72 77 74 78 73 71 75 44 24 14 34 90 04 55 63 62 67 68 61 64 69 60 66 86 65 
43 41 84 47 40 42 48 45 49 44 23 20 87 27 21 22 28 25 29 24 51 54 85 58 52 53 59 56 50 55 13 11 82 17 10 12 18 15 19 14 33 31 83 37 30 32 38 35 39 34 90 96 89 98 88 97 94 92 93 95 04 01 03 81 07 00 02 08 05 09 75 71 74 80 78 72 73 79 76 70 77 46 26 16 36 91 06 57 66 68 62 69 60 63 86 65 61 64 67 
40 84 46 49 41 47 44 48 43 42 21 87 26 29 20 27 24 28 23 22 85 52 57 50 51 58 55 59 54 53 10 82 16 19 11 17 14 18 13 12 30 83 36 39 31 37 34 38 33 32 94 98 97 91 95 96 88 90 92 89 02 81 00 06 09 01 07 04 08 03 73 80 72 77 70 71 78 75 79 74 76 45 25 15 35 93 05 56 69 60 61 65 64 68 67 63 86 62 66 
45 44 42 84 48 41 43 49 46 40 25 24 22 87 28 20 23 29 26 21 55 56 53 85 59 51 54 50 57 52 15 14 12 82 18 11 13 19 16 10 35 34 32 83 38 31 33 39 36 30 97 90 93 94 98 92 96 89 95 91 00 04 05 02 81 08 01 03 09 06 72 75 76 73 80 79 71 74 70 77 78 47 27 17 37 88 07 58 60 86 69 64 67 61 63 62 65 66 68 
41 46 45 43 84 49 42 44 40 47 20 26 25 23 87 29 22 24 21 27 57 51 56 54 85 50 53 55 52 58 11 16 15 13 82 19 12 14 10 17 31 36 35 33 83 39 32 34 30 37 88 91 96 93 89 98 95 94 90 97 07 06 01 05 03 81 09 02 04 00 78 77 71 76 74 80 70 73 75 72 79 48 28 18 38 92 08 59 65 64 86 63 62 60 66 68 67 61 69 
48 42 47 46 44 84 40 43 45 41 28 22 27 26 24 87 21 23 25 20 53 59 58 57 55 85 52 54 56 51 18 12 17 16 14 82 10 13 15 11 38 32 37 36 34 83 30 33 35 31 96 94 92 88 91 90 98 97 89 93 01 02 08 07 06 04 81 00 03 05 71 73 79 78 77 75 80 72 74 76 70 49 29 19 39 95 09 50 64 67 65 62 66 86 68 61 63 69 60 
42 49 43 48 47 45 84 41 44 46 22 29 23 28 27 25 87 20 24 26 50 53 54 59 58 56 85 51 55 57 12 19 13 18 17 15 82 11 14 16 32 39 33 38 37 35 83 31 34 36 91 95 94 89 92 88 93 98 96 90 06 09 02 03 08 07 05 81 01 04 77 70 73 74 79 78 76 80 71 75 72 40 21 10 30 97 00 52 61 69 68 86 65 66 64 67 60 63 62 
47 43 40 44 49 48 46 84 42 45 27 23 21 24 29 28 26 87 22 25 54 58 52 55 50 59 57 85 53 56 17 13 10 14 19 18 16 82 12 15 37 33 30 34 39 38 36 83 32 35 93 89 88 97 90 95 92 91 98 94 05 03 07 00 04 09 08 06 81 02 76 74 78 72 75 70 79 77 80 73 71 41 20 11 31 96 01 51 86 65 60 67 63 69 62 66 64 68 61 
46 48 44 41 45 40 49 47 84 43 26 28 24 20 25 21 29 27 87 23 59 57 55 51 56 52 50 58 85 54 16 18 14 11 15 10 19 17 82 13 36 38 34 31 35 30 39 37 83 33 89 92 91 90 96 93 97 95 88 98 03 08 06 04 01 05 00 09 07 81 74 79 77 75 71 76 72 70 78 80 73 42 22 12 32 94 02 53 68 61 66 60 86 62 65 64 69 67 63 
44 47 49 45 42 46 41 40 48 84 24 27 29 25 22 26 20 21 28 87 58 55 50 56 53 57 51 52 59 85 14 17 19 15 12 16 11 10 18 82 34 37 39 35 32 36 31 30 38 83 98 88 90 95 93 94 91 96 97 92 81 07 04 09 05 02 06 01 00 08 80 78 75 70 76 73 77 71 72 79 74 43 23 13 33 89 03 54 62 66 63 61 69 67 60 86 68 65 64 
81 05 08 00 06 03 07 02 01 09 85 56 59 52 57 54 58 53 51 50 35 83 38 30 36 33 37 32 31 39 86 66 69 62 67 64 68 63 61 60 87 25 28 21 26 23 27 22 20 29 49 45 84 48 40 46 43 47 42 41 95 93 98 92 97 91 89 88 94 96 19 15 82 18 10 16 13 17 12 11 14 04 55 65 24 44 90 34 73 72 77 78 71 74 79 70 76 80 75 
03 01 81 07 00 02 08 05 09 04 54 51 85 58 52 53 59 56 50 55 31 33 83 37 30 32 38 35 39 34 64 61 86 68 62 63 69 66 60 65 23 20 87 27 21 22 28 25 29 24 44 41 43 84 47 40 42 48 45 49 90 96 89 98 88 97 94 92 93 95 14 11 13 82 17 10 12 18 15 19 16 06 57 67 26 46 91 36 76 78 72 79 70 73 80 75 71 74 77 
00 81 06 09 01 07 04 08 03 02 52 85 57 50 51 58 55 59 54 53 83 30 36 39 31 37 34 38 33 32 62 86 67 60 61 68 65 69 64 63 21 87 26 29 20 27 24 28 23 22 42 84 40 46 49 41 47 44 48 43 94 98 97 91 95 96 88 90 92 89 12 82 10 16 19 11 17 14 18 13 15 05 56 66 25 45 93 35 79 70 71 75 74 78 77 73 80 72 76 
05 04 02 81 08 01 03 09 06 00 56 55 53 85 59 51 54 50 57 52 34 35 32 83 38 31 33 39 36 30 66 65 63 86 69 61 64 60 67 62 25 24 22 87 28 20 23 29 26 21 40 44 45 42 84 48 41 43 49 46 97 90 93 94 98 92 96 89 95 91 10 14 15 12 82 18 11 13 19 16 17 07 58 68 27 47 88 37 70 80 79 74 77 71 73 72 75 76 78 
01 06 05 03 81 09 02 04 00 07 51 57 56 54 85 50 53 55 52 58 36 31 35 33 83 39 32 34 30 37 61 67 66 64 86 60 63 65 62 68 20 26 25 23 87 29 22 24 21 27 47 46 41 45 43 84 49 42 44 40 88 91 96 93 89 98 95 94 90 97 17 16 11 15 13 82 19 12 14 10 18 08 59 69 28 48 92 38 75 74 80 73 72 70 76 78 77 71 79 
08 02 07 06 04 81 00 03 05 01 59 53 58 57 55 85 52 54 56 51 32 38 37 36 34 83 30 33 35 31 69 63 68 67 65 86 62 64 66 61 28 22 27 26 24 87 21 23 25 20 41 42 48 47 46 44 84 40 43 45 96 94 92 88 91 90 98 97 89 93 11 12 18 17 16 14 82 10 13 15 19 09 50 60 29 49 95 39 74 77 75 72 76 80 78 71 73 79 70 
02 09 03 08 07 05 81 01 04 06 53 50 54 59 58 56 85 51 55 57 39 32 33 38 37 35 83 31 34 36 63 60 64 69 68 66 86 61 65 67 22 29 23 28 27 25 87 20 24 26 46 49 42 43 48 47 45 84 41 44 91 95 94 89 92 88 93 98 96 90 16 19 12 13 18 17 15 82 11 14 10 00 52 62 21 40 97 30 71 79 78 80 75 76 74 77 70 73 72 
07 03 00 04 09 08 06 81 02 05 58 54 52 55 50 59 57 85 53 56 33 37 30 34 39 38 36 83 32 35 68 64 62 65 60 69 67 86 63 66 27 23 21 24 29 28 26 87 22 25 45 43 47 40 44 49 48 46 84 42 93 89 88 97 90 95 92 91 98 94 15 13 17 10 14 19 18 16 82 12 11 01 51 61 20 41 96 31 80 75 70 77 73 79 72 76 74 78 71 
06 08 04 01 05 00 09 07 81 03 57 59 55 51 56 52 50 58 85 54 38 36 34 31 35 30 39 37 83 33 67 69 65 61 66 62 60 68 86 64 26 28 24 20 25 21 29 27 87 23 43 48 46 44 41 45 40 49 47 84 89 92 91 90 96 93 97 95 88 98 13 18 16 14 11 15 10 19 17 82 12 02 53 63 22 42 94 32 78 71 76 70 80 72 75 74 79 77 73 
04 07 09 05 02 06 01 00 08 81 55 58 50 56 53 57 51 52 59 85 37 34 39 35 32 36 31 30 38 83 65 68 60 66 63 67 61 62 69 86 24 27 29 25 22 26 20 21 28 87 84 47 44 49 45 42 46 41 40 48 98 88 90 95 93 94 91 96 97 92 82 17 14 19 15 12 16 11 10 18 13 03 54 64 23 43 89 33 72 76 73 71 79 77 70 80 78 75 74 
09 00 01 02 03 04 05 06 07 08 50 52 51 53 54 55 56 57 58 59 30 39 31 32 33 34 35 36 37 38 60 62 61 63 64 65 66 67 68 69 29 21 20 22 23 24 25 26 27 28 48 40 49 41 42 43 44 45 46 47 92 97 95 96 94 89 90 93 91 88 18 10 19 11 12 13 14 15 16 17 82 81 85 86 87 84 98 83 77 73 74 76 78 75 71 79 72 70 80 
29 21 20 22 23 24 25 26 27 28 19 10 11 12 13 14 15 16 17 18 62 60 61 63 64 65 66 67 68 69 49 40 41 42 43 44 45 46 47 48 70 72 71 73 74 75 76 77 78 79 38 30 39 31 32 33 34 35 36 37 59 52 50 51 53 54 55 56 57 58 92 97 95 96 94 89 90 93 91 88 98 87 82 84 80 83 85 86 06 02 03 05 07 04 01 08 00 09 81 
95 97 96 94 89 90 93 91 88 92 39 30 31 32 33 34 35 36 37 38 21 29 20 22 23 24 25 26 27 28 70 72 71 73 74 75 76 77 78 79 50 52 51 53 54 55 56 57 58 59 08 00 09 01 02 03 04 05 06 07 48 40 49 41 42 43 44 45 46 47 69 62 60 61 63 64 65 66 67 68 86 98 83 80 85 81 84 87 16 12 13 15 17 14 11 18 10 19 82 
60 62 61 63 64 65 66 67 68 69 09 00 01 02 03 04 05 06 07 08 97 95 96 94 89 90 93 91 88 92 50 52 51 53 54 55 56 57 58 59 49 40 41 42 43 44 45 46 47 48 18 10 19 11 12 13 14 15 16 17 79 72 70 71 73 74 75 76 77 78 28 21 29 20 22 23 24 25 26 27 87 86 81 85 84 82 80 98 36 32 33 35 37 34 31 38 30 39 83 
39 30 31 32 33 34 35 36 37 38 70 72 71 73 74 75 76 77 78 79 10 19 11 12 13 14 15 16 17 18 95 97 96 94 89 90 93 91 88 92 60 62 61 63 64 65 66 67 68 69 59 52 50 51 53 54 55 56 57 58 28 21 29 20 22 23 24 25 26 27 08 00 09 01 02 03 04 05 06 07 81 83 80 98 86 85 87 82 46 42 43 45 47 44 41 48 40 49 84 
19 10 11 12 13 14 15 16 17 18 49 40 41 42 43 44 45 46 47 48 00 09 01 02 03 04 05 06 07 08 29 21 20 22 23 24 25 26 27 28 95 97 96 94 89 90 93 91 88 92 79 72 70 71 73 74 75 76 77 78 69 62 60 61 63 64 65 66 67 68 38 30 39 31 32 33 34 35 36 37 83 82 84 87 98 80 86 81 57 53 54 56 58 55 51 59 52 50 85 
49 40 41 42 43 44 45 46 47 48 29 21 20 22 23 24 25 26 27 28 52 50 51 53 54 55 56 57 58 59 19 10 11 12 13 14 15 16 17 18 39 30 31 32 33 34 35 36 37 38 92 97 95 96 94 89 90 93 91 88 08 00 09 01 02 03 04 05 06 07 79 72 70 71 73 74 75 76 77 78 80 84 87 82 83 98 81 85 67 63 64 66 68 65 61 69 62 60 86 
70 72 71 73 74 75 76 77 78 79 95 97 96 94 89 90 93 91 88 92 40 49 41 42 43 44 45 46 47 48 39 30 31 32 33 34 35 36 37 38 09 00 01 02 03 04 05 06 07 08 69 62 60 61 63 64 65 66 67 68 18 10 19 11 12 13 14 15 16 17 59 52 50 51 53 54 55 56 57 58 85 80 98 83 81 86 82 84 26 22 23 25 27 24 20 28 21 29 87 
57 59 55 51 56 52 50 58 85 54 67 69 65 61 66 62 60 68 86 64 79 77 75 71 76 72 70 78 80 74 06 08 04 01 05 00 09 07 81 03 16 18 14 11 15 10 19 17 82 13 23 28 26 24 20 25 21 29 27 87 33 38 36 34 31 35 30 39 37 83 43 48 46 44 41 45 40 49 47 84 42 53 63 02 12 22 32 73 88 97 92 90 95 98 96 93 91 94 89 
51 57 56 54 85 50 53 55 52 58 61 67 66 64 86 60 63 65 62 68 77 71 76 74 80 70 73 75 72 78 01 06 05 03 81 09 02 04 00 07 11 16 15 13 82 19 12 14 10 17 27 26 20 25 23 87 29 22 24 21 37 36 31 35 33 83 39 32 34 30 47 46 41 45 43 84 49 42 44 40 48 59 69 08 18 28 38 79 94 89 93 92 88 96 97 91 98 90 95 
59 53 58 57 55 85 52 54 56 51 69 63 68 67 65 86 62 64 66 61 73 79 78 77 75 80 72 74 76 71 08 02 07 06 04 81 00 03 05 01 18 12 17 16 14 82 10 13 15 11 20 22 28 27 26 24 87 21 23 25 31 32 38 37 36 34 83 30 33 35 41 42 48 47 46 44 84 40 43 45 49 50 60 09 19 29 39 70 95 96 90 94 89 91 98 92 93 88 97 
58 54 52 55 50 59 57 85 53 56 68 64 62 65 60 69 67 86 63 66 74 78 72 75 70 79 77 80 73 76 07 03 00 04 09 08 06 81 02 05 17 13 10 14 19 18 16 82 12 15 25 23 27 21 24 29 28 26 87 22 35 33 37 30 34 39 38 36 83 32 45 43 47 40 44 49 48 46 84 42 41 51 61 01 11 20 31 71 92 88 98 91 90 89 95 96 97 93 94 
55 58 50 56 53 57 51 52 59 85 65 68 60 66 63 67 61 62 69 86 78 75 70 76 73 77 71 72 79 80 04 07 09 05 02 06 01 00 08 81 14 17 19 15 12 16 11 10 18 82 87 27 24 29 25 22 26 20 21 28 83 37 34 39 35 32 36 31 30 38 84 47 44 49 45 42 46 41 40 48 43 54 64 03 13 23 33 74 93 94 96 98 92 95 88 97 89 91 90 
53 50 54 59 58 56 85 51 55 57 63 60 64 69 68 66 86 61 65 67 70 73 74 79 78 76 80 71 75 77 02 09 03 08 07 05 81 01 04 06 12 19 13 18 17 15 82 11 14 16 26 29 22 23 28 27 25 87 20 24 36 39 32 33 38 37 35 83 31 34 46 49 42 43 48 47 45 84 41 44 40 52 62 00 10 21 30 72 89 98 94 88 97 93 91 90 92 95 96 
56 55 53 85 59 51 54 50 57 52 66 65 63 86 69 61 64 60 67 62 75 76 73 80 79 71 74 70 77 72 05 04 02 81 08 01 03 09 06 00 15 14 12 82 18 11 13 19 16 10 21 24 25 22 87 28 20 23 29 26 30 34 35 32 83 38 31 33 39 36 40 44 45 42 84 48 41 43 49 46 47 58 68 07 17 27 37 78 91 90 97 96 93 88 94 89 95 98 92 
85 56 59 52 57 54 58 53 51 50 86 66 69 62 67 64 68 63 61 60 76 80 79 72 77 74 78 73 71 70 81 05 08 00 06 03 07 02 01 09 82 15 18 10 16 13 17 12 11 19 29 25 87 28 21 26 23 27 22 20 39 35 83 38 30 36 33 37 32 31 49 45 84 48 40 46 43 47 42 41 44 55 65 04 14 24 34 75 98 92 89 97 91 94 90 95 88 96 93 
54 51 85 58 52 53 59 56 50 55 64 61 86 68 62 63 69 66 60 65 71 74 80 78 72 73 79 76 70 75 03 01 81 07 00 02 08 05 09 04 13 11 82 17 10 12 18 15 19 14 24 20 23 87 27 21 22 28 25 29 34 31 33 83 37 30 32 38 35 39 44 41 43 84 47 40 42 48 45 49 46 57 67 06 16 26 36 77 90 95 91 93 94 97 89 98 96 92 88 
52 85 57 50 51 58 55 59 54 53 62 86 67 60 61 68 65 69 64 63 80 72 77 70 71 78 75 79 74 73 00 81 06 09 01 07 04 08 03 02 10 82 16 19 11 17 14 18 13 12 22 87 21 26 29 20 27 24 28 23 32 83 30 36 39 31 37 34 38 33 42 84 40 46 49 41 47 44 48 43 45 56 66 05 15 25 35 76 96 93 95 89 98 90 92 88 94 97 91 
50 52 51 53 54 55 56 57 58 59 60 62 61 63 64 65 66 67 68 69 72 70 71 73 74 75 76 77 78 79 09 00 01 02 03 04 05 06 07 08 19 10 11 12 13 14 15 16 17 18 28 21 29 20 22 23 24 25 26 27 38 30 39 31 32 33 34 35 36 37 48 40 49 41 42 43 44 45 46 47 84 85 86 81 82 87 83 80 97 91 88 95 96 92 93 94 90 89 98 
