21 29 87 25 23 26 28 22 20 27 10 19 82 15 13 16 18 12 11 17 60 62 86 66 64 67 69 63 61 68 49 40 84 45 43 46 48 42 41 47 72 71 80 76 74 77 79 73 70 78 37 39 31 83 35 33 36 38 32 30 58 50 52 85 56 54 57 59 53 51 91 88 95 98 96 90 93 89 92 94 97 24 14 44 75 34 55 65 02 01 05 07 81 08 09 00 06 03 04 
87 20 29 22 28 27 21 24 26 25 82 11 19 12 18 17 10 14 16 15 61 86 60 63 69 68 62 65 67 66 41 84 49 42 48 47 40 44 46 45 80 70 71 73 79 78 72 75 77 76 35 30 83 39 32 38 37 31 34 36 56 51 85 50 53 59 58 52 55 57 94 96 98 91 92 89 88 95 97 93 90 23 13 43 74 33 54 64 04 06 02 05 09 00 01 81 07 08 03 
25 24 22 87 26 28 27 29 23 21 15 14 12 82 16 18 17 19 13 10 65 66 63 86 67 69 68 60 64 62 44 45 42 84 46 48 47 49 43 40 76 75 73 80 77 79 78 71 74 72 31 34 35 32 83 36 38 37 39 33 52 55 56 53 85 57 59 58 50 54 97 95 96 92 98 93 89 88 91 90 94 20 11 41 70 30 51 61 09 03 81 00 02 07 04 05 08 06 01 
20 27 26 23 87 22 29 28 25 24 11 17 16 13 82 12 19 18 15 14 68 61 67 64 86 63 60 69 66 65 47 41 46 43 84 42 49 48 45 44 70 78 77 74 80 73 71 79 76 75 34 37 30 36 33 83 32 39 38 35 55 58 51 57 54 85 53 50 59 56 88 97 94 93 90 98 92 91 89 96 95 21 10 40 72 31 52 62 08 05 03 04 06 09 07 01 02 81 00 
28 87 21 27 24 20 23 25 29 26 18 82 10 17 14 11 13 15 19 16 86 69 62 68 65 61 64 66 60 67 84 48 40 47 44 41 43 45 49 46 79 80 72 78 75 70 74 76 71 77 36 83 38 31 37 34 30 33 35 39 57 85 59 52 58 55 51 54 56 50 98 93 89 95 88 97 94 90 96 91 92 22 12 42 73 32 53 63 05 09 07 06 00 03 81 08 01 04 02 
29 26 20 24 21 25 87 23 27 22 19 16 11 14 10 15 82 13 17 12 67 60 61 65 62 66 86 64 68 63 46 49 41 44 40 45 84 43 47 42 71 77 70 75 72 76 80 74 78 73 32 36 39 30 34 31 35 83 33 37 53 57 50 51 55 52 56 85 54 58 93 92 91 94 97 95 96 98 90 88 89 28 18 48 79 38 59 69 03 07 04 02 01 81 06 09 05 00 08 
27 22 25 21 20 23 26 87 24 28 17 12 15 10 11 13 16 82 14 18 63 68 66 62 61 64 67 86 65 69 42 47 45 40 41 43 46 84 44 48 78 73 76 72 70 74 77 80 75 79 38 32 37 35 31 30 33 36 83 34 59 53 58 56 52 51 54 57 85 55 92 89 88 96 95 94 90 93 98 97 91 29 19 49 71 39 50 60 81 04 00 08 05 06 02 07 03 01 09 
23 21 28 26 22 29 24 27 87 20 13 10 18 16 12 19 14 17 82 11 62 64 69 67 63 60 65 68 86 61 40 43 48 46 42 49 44 47 84 41 74 72 79 77 73 71 75 78 80 70 30 31 33 38 36 32 39 34 37 83 51 52 54 59 57 53 50 55 58 85 95 94 90 89 93 92 91 97 88 98 96 25 15 45 76 35 56 66 07 81 06 01 08 04 00 03 09 02 05 
22 23 24 29 27 21 25 20 28 87 12 13 14 19 17 10 15 11 18 82 64 63 65 60 68 62 66 61 69 86 43 42 44 49 47 40 45 41 48 84 73 74 75 71 78 72 76 70 79 80 83 33 32 34 39 37 31 35 30 38 85 54 53 55 50 58 52 56 51 59 90 98 92 97 91 88 95 96 94 89 93 26 16 46 77 36 57 67 01 08 09 81 04 05 03 02 00 07 06 
24 28 23 20 25 87 22 26 21 29 14 18 13 11 15 82 12 16 10 19 69 65 64 61 66 86 63 67 62 60 48 44 43 41 45 84 42 46 40 49 75 79 74 70 76 80 73 77 72 71 39 38 34 33 30 35 83 32 36 31 50 59 55 54 51 56 85 53 57 52 89 91 97 90 94 96 98 92 93 95 88 27 17 47 78 37 58 68 06 00 01 09 03 02 08 04 81 05 07 
95 91 98 96 90 93 89 92 94 88 31 39 83 35 33 36 38 32 30 37 29 21 87 25 23 26 28 22 20 27 71 72 80 76 74 77 79 73 70 78 52 50 85 56 54 57 59 53 51 58 07 09 00 81 05 03 06 08 02 01 47 49 40 84 45 43 46 48 42 41 60 68 62 86 66 64 67 69 63 61 65 97 34 75 55 04 44 24 12 11 15 17 82 18 19 10 16 13 14 
98 94 91 92 89 88 95 97 93 96 83 30 39 32 38 37 31 34 36 35 20 87 29 22 28 27 21 24 26 25 70 80 71 73 79 78 72 75 77 76 85 51 50 53 59 58 52 55 57 56 05 01 81 09 02 08 07 00 04 06 45 41 84 49 42 48 47 40 44 46 61 66 86 60 63 69 68 62 65 67 64 90 33 74 54 03 43 23 14 16 12 15 19 10 11 82 17 18 13 
96 97 92 98 93 89 88 91 90 95 35 34 32 83 36 38 37 39 33 31 24 25 22 87 26 28 27 29 23 21 75 76 73 80 77 79 78 71 74 72 56 55 53 85 57 59 58 50 54 52 00 04 05 02 81 06 08 07 09 03 40 44 45 42 84 46 48 47 49 43 65 62 66 63 86 67 69 68 60 64 61 94 30 70 51 01 41 20 19 13 82 10 12 17 14 15 18 16 11 
94 88 93 90 98 92 91 89 96 97 30 37 36 33 83 32 39 38 35 34 27 20 26 23 87 22 29 28 25 24 78 70 77 74 80 73 71 79 76 75 51 58 57 54 85 53 50 59 56 55 04 07 01 06 03 81 02 09 08 05 44 47 41 46 43 84 42 49 48 45 68 65 61 67 64 86 63 60 69 66 62 95 31 72 52 00 40 21 18 15 13 14 16 19 17 11 12 82 10 
89 98 95 88 97 94 90 96 91 93 38 83 31 37 34 30 33 35 39 36 87 28 21 27 24 20 23 25 29 26 80 79 72 78 75 70 74 76 71 77 59 85 52 58 55 51 54 56 50 57 06 81 08 00 07 04 01 03 05 09 46 84 48 40 47 44 41 43 45 49 86 67 69 62 68 65 61 64 66 60 63 92 32 73 53 02 42 22 15 19 17 16 10 13 82 18 11 14 12 
91 93 94 97 95 96 98 90 88 92 39 36 30 34 31 35 83 33 37 32 26 29 20 24 21 25 87 23 27 22 77 71 70 75 72 76 80 74 78 73 50 57 51 55 52 56 85 54 58 53 02 06 09 01 04 00 05 81 03 07 42 46 49 41 44 40 45 84 43 47 67 63 60 61 65 62 66 86 64 68 69 89 38 79 59 08 48 28 13 17 14 12 11 82 16 19 15 10 18 
88 92 96 95 94 90 93 98 97 89 37 32 35 31 30 33 36 83 34 38 22 27 25 21 20 23 26 87 24 28 73 78 76 72 70 74 77 80 75 79 58 53 56 52 51 54 57 85 55 59 08 02 07 05 00 01 03 06 81 04 48 42 47 45 40 41 43 46 84 44 63 69 68 66 62 61 64 67 86 65 60 91 39 71 50 09 49 29 82 14 10 18 15 16 12 17 13 11 19 
90 95 89 93 92 91 97 88 98 94 33 31 38 36 32 39 34 37 83 30 21 23 28 26 22 29 24 27 87 20 72 74 79 77 73 71 75 78 80 70 54 52 59 57 53 50 55 58 85 51 01 00 03 08 06 02 09 04 07 81 41 40 43 48 46 42 49 44 47 84 62 61 64 69 67 63 60 65 68 86 66 96 35 76 56 05 45 25 17 82 16 11 18 14 10 13 19 12 15 
92 90 97 91 88 95 96 94 89 98 32 33 34 39 37 31 35 30 38 83 23 22 24 29 27 21 25 20 28 87 74 73 75 71 78 72 76 70 79 80 53 54 55 50 58 52 56 51 59 85 81 03 02 04 09 07 00 05 01 08 84 43 42 44 49 47 40 45 41 48 64 86 63 65 60 68 62 66 61 69 67 93 36 77 57 06 46 26 11 18 19 82 14 15 13 12 10 17 16 
97 89 90 94 96 98 92 93 95 91 34 38 33 30 35 83 32 36 31 39 28 24 23 20 25 87 22 26 21 29 79 75 74 70 76 80 73 77 72 71 55 59 54 51 56 85 53 57 52 50 09 08 04 03 01 05 81 02 06 00 49 48 44 43 41 45 84 42 46 40 69 60 65 64 61 66 86 63 67 62 68 88 37 78 58 07 47 27 16 10 11 19 13 12 18 14 82 15 17 
80 70 71 73 79 78 72 75 77 76 98 94 91 92 89 88 95 97 93 96 41 84 49 42 48 47 40 44 46 45 30 83 39 32 38 37 31 34 36 35 81 01 09 02 08 07 00 04 06 05 66 61 86 60 63 69 68 62 65 67 15 11 82 19 12 18 17 10 14 16 51 56 85 50 53 59 58 52 55 57 54 74 90 33 03 64 13 43 24 26 22 25 29 21 20 87 27 28 23 
72 71 80 76 74 77 79 73 70 78 95 91 98 96 90 93 89 92 94 88 49 40 84 45 43 46 48 42 41 47 39 31 83 35 33 36 38 32 30 37 00 09 81 05 03 06 08 02 01 07 68 60 62 86 66 64 67 69 63 61 17 19 10 82 15 13 16 18 12 11 50 58 52 85 56 54 57 59 53 51 55 75 97 34 04 65 14 44 22 20 25 27 87 28 29 21 26 23 24 
76 75 73 80 77 79 78 71 74 72 96 97 92 98 93 89 88 91 90 95 44 45 42 84 46 48 47 49 43 40 34 35 32 83 36 38 37 39 33 31 05 04 02 81 06 08 07 09 03 00 62 65 66 63 86 67 69 68 60 64 10 14 15 12 82 16 18 17 19 13 55 52 56 53 85 57 59 58 50 54 51 70 94 30 01 61 11 41 29 23 87 21 22 27 24 25 28 26 20 
70 78 77 74 80 73 71 79 76 75 94 88 93 90 98 92 91 89 96 97 47 41 46 43 84 42 49 48 45 44 37 30 36 33 83 32 39 38 35 34 01 07 06 03 81 02 09 08 05 04 65 68 61 67 64 86 63 60 69 66 14 17 11 16 13 82 12 19 18 15 58 55 51 57 54 85 53 50 59 56 52 72 95 31 00 62 10 40 28 25 23 24 26 29 27 20 22 87 21 
79 80 72 78 75 70 74 76 71 77 89 98 95 88 97 94 90 96 91 93 84 48 40 47 44 41 43 45 49 46 83 38 31 37 34 30 33 35 39 36 08 81 00 07 04 01 03 05 09 06 67 86 69 62 68 65 61 64 66 60 16 82 18 10 17 14 11 13 15 19 85 57 59 52 58 55 51 54 56 50 53 73 92 32 02 63 12 42 25 29 27 26 21 23 87 28 20 24 22 
71 77 70 75 72 76 80 74 78 73 91 93 94 97 95 96 98 90 88 92 46 49 41 44 40 45 84 43 47 42 36 39 30 34 31 35 83 33 37 32 09 06 01 04 00 05 81 03 07 02 63 67 60 61 65 62 66 86 64 68 12 16 19 11 14 10 15 82 13 17 57 53 50 51 55 52 56 85 54 58 59 79 89 38 08 69 18 48 23 27 24 22 20 87 26 29 25 21 28 
78 73 76 72 70 74 77 80 75 79 88 92 96 95 94 90 93 98 97 89 42 47 45 40 41 43 46 84 44 48 32 37 35 31 30 33 36 83 34 38 07 02 05 00 01 03 06 81 04 08 69 63 68 66 62 61 64 67 86 65 18 12 17 15 10 11 13 16 82 14 53 59 58 56 52 51 54 57 85 55 50 71 91 39 09 60 19 49 87 24 21 28 25 26 22 27 23 20 29 
74 72 79 77 73 71 75 78 80 70 90 95 89 93 92 91 97 88 98 94 40 43 48 46 42 49 44 47 84 41 31 33 38 36 32 39 34 37 83 30 03 00 08 06 02 09 04 07 81 01 61 62 64 69 67 63 60 65 68 86 11 10 13 18 16 12 19 14 17 82 52 51 54 59 57 53 50 55 58 85 56 76 96 35 05 66 15 45 27 87 26 20 28 24 21 23 29 22 25 
73 74 75 71 78 72 76 70 79 80 92 90 97 91 88 95 96 94 89 98 43 42 44 49 47 40 45 41 48 84 33 32 34 39 37 31 35 30 38 83 02 03 04 09 07 00 05 01 08 81 86 64 63 65 60 68 62 66 61 69 82 13 12 14 19 17 10 15 11 18 54 85 53 55 50 58 52 56 51 59 57 77 93 36 06 67 16 46 20 28 29 87 24 25 23 22 21 27 26 
75 79 74 70 76 80 73 77 72 71 97 89 90 94 96 98 92 93 95 91 48 44 43 41 45 84 42 46 40 49 38 34 33 30 35 83 32 36 31 39 04 08 03 01 05 81 02 06 00 09 60 69 65 64 61 66 86 63 67 62 19 18 14 13 11 15 82 12 16 10 59 50 55 54 51 56 85 53 57 52 58 78 88 37 07 68 17 47 26 21 20 29 23 22 28 24 87 25 27 
86 61 60 63 69 68 62 65 67 66 81 01 09 02 08 07 00 04 06 05 94 98 91 92 89 88 95 97 93 96 51 85 50 53 59 58 52 55 57 56 84 41 49 42 48 47 40 44 46 45 15 11 82 19 12 18 17 10 14 16 76 70 80 71 73 79 78 72 75 77 20 25 87 29 22 28 27 21 24 26 23 64 03 54 43 13 74 90 34 36 32 35 39 31 30 83 37 38 33 
62 60 86 66 64 67 69 63 61 68 00 09 81 05 03 06 08 02 01 07 91 95 98 96 90 93 89 92 94 88 50 52 85 56 54 57 59 53 51 58 40 49 84 45 43 46 48 42 41 47 17 19 10 82 15 13 16 18 12 11 78 71 72 80 76 74 77 79 73 70 29 27 21 87 25 23 26 28 22 20 24 65 04 55 44 14 75 97 32 30 35 37 83 38 39 31 36 33 34 
66 65 63 86 67 69 68 60 64 62 05 04 02 81 06 08 07 09 03 00 97 96 92 98 93 89 88 91 90 95 55 56 53 85 57 59 58 50 54 52 45 44 42 84 46 48 47 49 43 40 10 14 15 12 82 16 18 17 19 13 72 75 76 73 80 77 79 78 71 74 24 21 25 22 87 26 28 27 29 23 20 61 01 51 41 11 70 94 39 33 83 31 32 37 34 35 38 36 30 
61 68 67 64 86 63 60 69 66 65 01 07 06 03 81 02 09 08 05 04 88 94 93 90 98 92 91 89 96 97 58 51 57 54 85 53 50 59 56 55 41 47 46 43 84 42 49 48 45 44 14 17 11 16 13 82 12 19 18 15 75 78 70 77 74 80 73 71 79 76 27 24 20 26 23 87 22 29 28 25 21 62 00 52 40 10 72 95 38 35 33 34 36 39 37 30 32 83 31 
69 86 62 68 65 61 64 66 60 67 08 81 00 07 04 01 03 05 09 06 98 89 95 88 97 94 90 96 91 93 85 59 52 58 55 51 54 56 50 57 48 84 40 47 44 41 43 45 49 46 16 82 18 10 17 14 11 13 15 19 77 80 79 72 78 75 70 74 76 71 87 26 28 21 27 24 20 23 25 29 22 63 02 53 42 12 73 92 35 39 37 36 31 33 83 38 30 34 32 
60 67 61 65 62 66 86 64 68 63 09 06 01 04 00 05 81 03 07 02 93 91 94 97 95 96 98 90 88 92 57 50 51 55 52 56 85 54 58 53 49 46 41 44 40 45 84 43 47 42 12 16 19 11 14 10 15 82 13 17 73 77 71 70 75 72 76 80 74 78 26 22 29 20 24 21 25 87 23 27 28 69 08 59 48 18 79 89 33 37 34 32 30 83 36 39 35 31 38 
68 63 66 62 61 64 67 86 65 69 07 02 05 00 01 03 06 81 04 08 92 88 96 95 94 90 93 98 97 89 53 58 56 52 51 54 57 85 55 59 47 42 45 40 41 43 46 84 44 48 18 12 17 15 10 11 13 16 82 14 79 73 78 76 72 70 74 77 80 75 22 28 27 25 21 20 23 26 87 24 29 60 09 50 49 19 71 91 83 34 31 38 35 36 32 37 33 30 39 
64 62 69 67 63 60 65 68 86 61 03 00 08 06 02 09 04 07 81 01 95 90 89 93 92 91 97 88 98 94 52 54 59 57 53 50 55 58 85 51 43 40 48 46 42 49 44 47 84 41 11 10 13 18 16 12 19 14 17 82 70 72 74 79 77 73 71 75 78 80 21 20 23 28 26 22 29 24 27 87 25 66 05 56 45 15 76 96 37 83 36 30 38 34 31 33 39 32 35 
63 64 65 60 68 62 66 61 69 86 02 03 04 09 07 00 05 01 08 81 90 92 97 91 88 95 96 94 89 98 54 53 55 50 58 52 56 51 59 85 42 43 44 49 47 40 45 41 48 84 82 13 12 14 19 17 10 15 11 18 80 74 73 75 71 78 72 76 70 79 23 87 22 24 29 27 21 25 20 28 26 67 06 57 46 16 77 93 30 38 39 83 34 35 33 32 31 37 36 
65 69 64 61 66 86 63 67 62 60 04 08 03 01 05 81 02 06 00 09 89 97 90 94 96 98 92 93 95 91 59 55 54 51 56 85 53 57 52 50 44 48 43 41 45 84 42 46 40 49 19 18 14 13 11 15 82 12 16 10 71 79 75 74 70 76 80 73 77 72 28 29 24 23 20 25 87 22 26 21 27 68 07 58 47 17 78 88 36 31 30 39 33 32 38 34 83 35 37 
31 39 83 35 33 36 38 32 30 37 72 71 80 76 74 77 79 73 70 78 19 10 82 15 13 16 18 12 11 17 91 95 98 96 90 93 89 92 94 88 62 60 86 66 64 67 69 63 61 68 58 50 52 85 56 54 57 59 53 51 27 29 21 87 25 23 26 28 22 20 09 07 00 81 05 03 06 08 02 01 04 34 75 97 65 55 24 14 42 41 45 47 84 48 49 40 46 43 44 
83 30 39 32 38 37 31 34 36 35 80 70 71 73 79 78 72 75 77 76 11 82 19 12 18 17 10 14 16 15 94 98 91 92 89 88 95 97 93 96 86 61 60 63 69 68 62 65 67 66 56 51 85 50 53 59 58 52 55 57 25 20 87 29 22 28 27 21 24 26 01 05 81 09 02 08 07 00 04 06 03 33 74 90 64 54 23 13 44 46 42 45 49 40 41 84 47 48 43 
35 34 32 83 36 38 37 39 33 31 76 75 73 80 77 79 78 71 74 72 14 15 12 82 16 18 17 19 13 10 97 96 92 98 93 89 88 91 90 95 66 65 63 86 67 69 68 60 64 62 52 55 56 53 85 57 59 58 50 54 21 24 25 22 87 26 28 27 29 23 04 00 05 02 81 06 08 07 09 03 01 30 70 94 61 51 20 11 49 43 84 40 42 47 44 45 48 46 41 
30 37 36 33 83 32 39 38 35 34 70 78 77 74 80 73 71 79 76 75 17 11 16 13 82 12 19 18 15 14 88 94 93 90 98 92 91 89 96 97 61 68 67 64 86 63 60 69 66 65 55 58 51 57 54 85 53 50 59 56 24 27 20 26 23 87 22 29 28 25 07 04 01 06 03 81 02 09 08 05 00 31 72 95 62 52 21 10 48 45 43 44 46 49 47 41 42 84 40 
38 83 31 37 34 30 33 35 39 36 79 80 72 78 75 70 74 76 71 77 82 18 10 17 14 11 13 15 19 16 98 89 95 88 97 94 90 96 91 93 69 86 62 68 65 61 64 66 60 67 57 85 59 52 58 55 51 54 56 50 26 87 28 21 27 24 20 23 25 29 81 06 08 00 07 04 01 03 05 09 02 32 73 92 63 53 22 12 45 49 47 46 40 43 84 48 41 44 42 
39 36 30 34 31 35 83 33 37 32 71 77 70 75 72 76 80 74 78 73 16 19 11 14 10 15 82 13 17 12 93 91 94 97 95 96 98 90 88 92 60 67 61 65 62 66 86 64 68 63 53 57 50 51 55 52 56 85 54 58 22 26 29 20 24 21 25 87 23 27 06 02 09 01 04 00 05 81 03 07 08 38 79 89 69 59 28 18 43 47 44 42 41 84 46 49 45 40 48 
37 32 35 31 30 33 36 83 34 38 78 73 76 72 70 74 77 80 75 79 12 17 15 10 11 13 16 82 14 18 92 88 96 95 94 90 93 98 97 89 68 63 66 62 61 64 67 86 65 69 59 53 58 56 52 51 54 57 85 55 28 22 27 25 21 20 23 26 87 24 02 08 07 05 00 01 03 06 81 04 09 39 71 91 60 50 29 19 84 44 40 48 45 46 42 47 43 41 49 
33 31 38 36 32 39 34 37 83 30 74 72 79 77 73 71 75 78 80 70 10 13 18 16 12 19 14 17 82 11 95 90 89 93 92 91 97 88 98 94 64 62 69 67 63 60 65 68 86 61 51 52 54 59 57 53 50 55 58 85 20 21 23 28 26 22 29 24 27 87 00 01 03 08 06 02 09 04 07 81 05 35 76 96 66 56 25 15 47 84 46 41 48 44 40 43 49 42 45 
32 33 34 39 37 31 35 30 38 83 73 74 75 71 78 72 76 70 79 80 13 12 14 19 17 10 15 11 18 82 90 92 97 91 88 95 96 94 89 98 63 64 65 60 68 62 66 61 69 86 85 54 53 55 50 58 52 56 51 59 87 23 22 24 29 27 21 25 20 28 03 81 02 04 09 07 00 05 01 08 06 36 77 93 67 57 26 16 41 48 49 84 44 45 43 42 40 47 46 
34 38 33 30 35 83 32 36 31 39 75 79 74 70 76 80 73 77 72 71 18 14 13 11 15 82 12 16 10 19 89 97 90 94 96 98 92 93 95 91 65 69 64 61 66 86 63 67 62 60 50 59 55 54 51 56 85 53 57 52 29 28 24 23 20 25 87 22 26 21 08 09 04 03 01 05 81 02 06 00 07 37 78 88 68 58 27 17 46 40 41 49 43 42 48 44 84 45 47 
14 18 13 11 15 82 12 16 10 19 44 48 43 41 45 84 42 46 40 49 08 04 03 01 05 81 02 06 00 09 28 24 23 20 25 87 22 26 21 29 97 89 90 94 96 98 92 93 95 91 71 79 75 74 70 76 80 73 77 72 60 69 65 64 61 66 86 63 67 62 38 39 34 33 30 35 83 32 36 31 37 17 47 27 88 78 68 07 57 52 51 50 54 53 59 55 85 56 58 
82 11 19 12 18 17 10 14 16 15 84 41 49 42 48 47 40 44 46 45 01 81 09 02 08 07 00 04 06 05 20 87 29 22 28 27 21 24 26 25 98 94 91 92 89 88 95 97 93 96 76 70 80 71 73 79 78 72 75 77 66 61 86 60 63 69 68 62 65 67 30 35 83 39 32 38 37 31 34 36 33 13 43 23 90 74 64 03 55 57 53 56 50 52 51 85 58 59 54 
10 19 82 15 13 16 18 12 11 17 40 49 84 45 43 46 48 42 41 47 09 00 81 05 03 06 08 02 01 07 29 21 87 25 23 26 28 22 20 27 95 91 98 96 90 93 89 92 94 88 78 71 72 80 76 74 77 79 73 70 68 60 62 86 66 64 67 69 63 61 39 37 31 83 35 33 36 38 32 30 34 14 44 24 97 75 65 04 53 51 56 58 85 59 50 52 57 54 55 
15 14 12 82 16 18 17 19 13 10 45 44 42 84 46 48 47 49 43 40 04 05 02 81 06 08 07 09 03 00 24 25 22 87 26 28 27 29 23 21 96 97 92 98 93 89 88 91 90 95 72 75 76 73 80 77 79 78 71 74 62 65 66 63 86 67 69 68 60 64 34 31 35 32 83 36 38 37 39 33 30 11 41 20 94 70 61 01 50 54 85 52 53 58 55 56 59 57 51 
11 17 16 13 82 12 19 18 15 14 41 47 46 43 84 42 49 48 45 44 07 01 06 03 81 02 09 08 05 04 27 20 26 23 87 22 29 28 25 24 94 88 93 90 98 92 91 89 96 97 75 78 70 77 74 80 73 71 79 76 65 68 61 67 64 86 63 60 69 66 37 34 30 36 33 83 32 39 38 35 31 10 40 21 95 72 62 00 59 56 54 55 57 50 58 51 53 85 52 
18 82 10 17 14 11 13 15 19 16 48 84 40 47 44 41 43 45 49 46 81 08 00 07 04 01 03 05 09 06 87 28 21 27 24 20 23 25 29 26 89 98 95 88 97 94 90 96 91 93 77 80 79 72 78 75 70 74 76 71 67 86 69 62 68 65 61 64 66 60 83 36 38 31 37 34 30 33 35 39 32 12 42 22 92 73 63 02 56 50 58 57 52 54 85 59 51 55 53 
19 16 11 14 10 15 82 13 17 12 49 46 41 44 40 45 84 43 47 42 06 09 01 04 00 05 81 03 07 02 26 29 20 24 21 25 87 23 27 22 91 93 94 97 95 96 98 90 88 92 73 77 71 70 75 72 76 80 74 78 63 67 60 61 65 62 66 86 64 68 36 32 39 30 34 31 35 83 33 37 38 18 48 28 89 79 69 08 54 58 55 53 51 85 57 50 56 52 59 
17 12 15 10 11 13 16 82 14 18 47 42 45 40 41 43 46 84 44 48 02 07 05 00 01 03 06 81 04 08 22 27 25 21 20 23 26 87 24 28 88 92 96 95 94 90 93 98 97 89 79 73 78 76 72 70 74 77 80 75 69 63 68 66 62 61 64 67 86 65 32 38 37 35 31 30 33 36 83 34 39 19 49 29 91 71 60 09 85 55 52 59 56 57 53 58 54 51 50 
13 10 18 16 12 19 14 17 82 11 43 40 48 46 42 49 44 47 84 41 00 03 08 06 02 09 04 07 81 01 21 23 28 26 22 29 24 27 87 20 90 95 89 93 92 91 97 88 98 94 70 72 74 79 77 73 71 75 78 80 61 62 64 69 67 63 60 65 68 86 31 30 33 38 36 32 39 34 37 83 35 15 45 25 96 76 66 05 58 85 57 51 59 55 52 54 50 53 56 
12 13 14 19 17 10 15 11 18 82 42 43 44 49 47 40 45 41 48 84 03 02 04 09 07 00 05 01 08 81 23 22 24 29 27 21 25 20 28 87 92 90 97 91 88 95 96 94 89 98 80 74 73 75 71 78 72 76 70 79 86 64 63 65 60 68 62 66 61 69 33 83 32 34 39 37 31 35 30 38 36 16 46 26 93 77 67 06 51 59 50 85 55 56 54 53 52 58 57 
44 48 43 41 45 84 42 46 40 49 24 28 23 20 25 87 22 26 21 29 59 55 54 51 56 85 53 57 52 50 18 14 13 11 15 82 12 16 10 19 34 38 33 30 35 83 32 36 31 39 91 89 97 90 94 96 98 92 93 95 09 08 04 03 01 05 81 02 06 00 79 71 75 74 70 76 80 73 77 72 78 47 27 17 37 88 07 58 67 62 61 60 64 63 69 65 86 66 68 
84 41 49 42 48 47 40 44 46 45 87 20 29 22 28 27 21 24 26 25 51 85 50 53 59 58 52 55 57 56 11 82 19 12 18 17 10 14 16 15 83 30 39 32 38 37 31 34 36 35 96 94 98 91 92 89 88 95 97 93 05 01 81 09 02 08 07 00 04 06 70 76 80 71 73 79 78 72 75 77 74 43 23 13 33 90 03 54 65 67 63 66 60 62 61 86 68 69 64 
40 49 84 45 43 46 48 42 41 47 21 29 87 25 23 26 28 22 20 27 50 52 85 56 54 57 59 53 51 58 19 10 82 15 13 16 18 12 11 17 31 39 83 35 33 36 38 32 30 37 88 91 95 98 96 90 93 89 92 94 07 09 00 81 05 03 06 08 02 01 71 78 72 80 76 74 77 79 73 70 75 44 24 14 34 97 04 55 63 61 66 68 86 69 60 62 67 64 65 
45 44 42 84 46 48 47 49 43 40 25 24 22 87 26 28 27 29 23 21 55 56 53 85 57 59 58 50 54 52 14 15 12 82 16 18 17 19 13 10 35 34 32 83 36 38 37 39 33 31 95 97 96 92 98 93 89 88 91 90 00 04 05 02 81 06 08 07 09 03 75 72 76 73 80 77 79 78 71 74 70 41 20 11 30 94 01 51 60 64 86 62 63 68 65 66 69 67 61 
41 47 46 43 84 42 49 48 45 44 20 27 26 23 87 22 29 28 25 24 58 51 57 54 85 53 50 59 56 55 17 11 16 13 82 12 19 18 15 14 30 37 36 33 83 32 39 38 35 34 97 88 94 93 90 98 92 91 89 96 04 07 01 06 03 81 02 09 08 05 78 75 70 77 74 80 73 71 79 76 72 40 21 10 31 95 00 52 69 66 64 65 67 60 68 61 63 86 62 
48 84 40 47 44 41 43 45 49 46 28 87 21 27 24 20 23 25 29 26 85 59 52 58 55 51 54 56 50 57 82 18 10 17 14 11 13 15 19 16 38 83 31 37 34 30 33 35 39 36 93 98 89 95 88 97 94 90 96 91 06 81 08 00 07 04 01 03 05 09 80 77 79 72 78 75 70 74 76 71 73 42 22 12 32 92 02 53 66 60 68 67 62 64 86 69 61 65 63 
49 46 41 44 40 45 84 43 47 42 29 26 20 24 21 25 87 23 27 22 57 50 51 55 52 56 85 54 58 53 16 19 11 14 10 15 82 13 17 12 39 36 30 34 31 35 83 33 37 32 92 93 91 94 97 95 96 98 90 88 02 06 09 01 04 00 05 81 03 07 77 73 71 70 75 72 76 80 74 78 79 48 28 18 38 89 08 59 64 68 65 63 61 86 67 60 66 62 69 
47 42 45 40 41 43 46 84 44 48 27 22 25 21 20 23 26 87 24 28 53 58 56 52 51 54 57 85 55 59 12 17 15 10 11 13 16 82 14 18 37 32 35 31 30 33 36 83 34 38 89 92 88 96 95 94 90 93 98 97 08 02 07 05 00 01 03 06 81 04 73 79 78 76 72 70 74 77 80 75 71 49 29 19 39 91 09 50 86 65 62 69 66 67 63 68 64 61 60 
43 40 48 46 42 49 44 47 84 41 23 21 28 26 22 29 24 27 87 20 52 54 59 57 53 50 55 58 85 51 10 13 18 16 12 19 14 17 82 11 33 31 38 36 32 39 34 37 83 30 94 95 90 89 93 92 91 97 88 98 01 00 03 08 06 02 09 04 07 81 72 70 74 79 77 73 71 75 78 80 76 45 25 15 35 96 05 56 68 86 67 61 69 65 62 64 60 63 66 
42 43 44 49 47 40 45 41 48 84 22 23 24 29 27 21 25 20 28 87 54 53 55 50 58 52 56 51 59 85 13 12 14 19 17 10 15 11 18 82 32 33 34 39 37 31 35 30 38 83 98 90 92 97 91 88 95 96 94 89 81 03 02 04 09 07 00 05 01 08 74 80 73 75 71 78 72 76 70 79 77 46 26 16 36 93 06 57 61 69 60 86 65 66 64 63 62 68 67 
81 01 09 02 08 07 00 04 06 05 85 51 50 53 59 58 52 55 57 56 30 83 39 32 38 37 31 34 36 35 61 86 60 63 69 68 62 65 67 66 87 20 29 22 28 27 21 24 26 25 45 41 84 49 42 48 47 40 44 46 96 94 98 91 92 89 88 95 97 93 11 15 82 19 12 18 17 10 14 16 13 03 54 64 23 43 90 33 75 77 73 76 71 72 70 80 78 79 74 
04 08 03 01 05 81 02 06 00 09 55 59 54 51 56 85 53 57 52 50 38 34 33 30 35 83 32 36 31 39 69 65 64 61 66 86 63 67 62 60 24 28 23 20 25 87 22 26 21 29 49 48 44 43 41 45 84 42 46 40 91 89 97 90 94 96 98 92 93 95 18 19 14 13 11 15 82 12 16 10 17 07 58 68 27 47 88 37 77 72 70 71 74 73 79 75 80 76 78 
00 09 81 05 03 06 08 02 01 07 52 50 85 56 54 57 59 53 51 58 39 31 83 35 33 36 38 32 30 37 60 62 86 66 64 67 69 63 61 68 21 29 87 25 23 26 28 22 20 27 47 49 40 84 45 43 46 48 42 41 88 91 95 98 96 90 93 89 92 94 19 17 10 82 15 13 16 18 12 11 14 04 55 65 24 44 97 34 73 70 76 78 80 79 71 72 77 74 75 
05 04 02 81 06 08 07 09 03 00 56 55 53 85 57 59 58 50 54 52 34 35 32 83 36 38 37 39 33 31 65 66 63 86 67 69 68 60 64 62 25 24 22 87 26 28 27 29 23 21 40 44 45 42 84 46 48 47 49 43 95 97 96 92 98 93 89 88 91 90 14 10 15 12 82 16 18 17 19 13 11 01 51 61 20 41 94 30 71 74 80 72 73 78 75 76 79 77 70 
01 07 06 03 81 02 09 08 05 04 51 58 57 54 85 53 50 59 56 55 37 30 36 33 83 32 39 38 35 34 68 61 67 64 86 63 60 69 66 65 20 27 26 23 87 22 29 28 25 24 44 47 41 46 43 84 42 49 48 45 97 88 94 93 90 98 92 91 89 96 17 14 11 16 13 82 12 19 18 15 10 00 52 62 21 40 95 31 79 76 74 75 77 71 78 70 73 80 72 
08 81 00 07 04 01 03 05 09 06 59 85 52 58 55 51 54 56 50 57 83 38 31 37 34 30 33 35 39 36 86 69 62 68 65 61 64 66 60 67 28 87 21 27 24 20 23 25 29 26 46 84 48 40 47 44 41 43 45 49 93 98 89 95 88 97 94 90 96 91 82 16 18 10 17 14 11 13 15 19 12 02 53 63 22 42 92 32 76 71 78 77 72 74 80 79 70 75 73 
09 06 01 04 00 05 81 03 07 02 50 57 51 55 52 56 85 54 58 53 36 39 30 34 31 35 83 33 37 32 67 60 61 65 62 66 86 64 68 63 29 26 20 24 21 25 87 23 27 22 42 46 49 41 44 40 45 84 43 47 92 93 91 94 97 95 96 98 90 88 16 12 19 11 14 10 15 82 13 17 18 08 59 69 28 48 89 38 74 78 75 73 70 80 77 71 76 72 79 
07 02 05 00 01 03 06 81 04 08 58 53 56 52 51 54 57 85 55 59 32 37 35 31 30 33 36 83 34 38 63 68 66 62 61 64 67 86 65 69 27 22 25 21 20 23 26 87 24 28 48 42 47 45 40 41 43 46 84 44 89 92 88 96 95 94 90 93 98 97 12 18 17 15 10 11 13 16 82 14 19 09 50 60 29 49 91 39 80 75 72 79 76 77 73 78 74 70 71 
03 00 08 06 02 09 04 07 81 01 54 52 59 57 53 50 55 58 85 51 31 33 38 36 32 39 34 37 83 30 62 64 69 67 63 60 65 68 86 61 23 21 28 26 22 29 24 27 87 20 41 40 43 48 46 42 49 44 47 84 94 95 90 89 93 92 91 97 88 98 10 11 13 18 16 12 19 14 17 82 15 05 56 66 25 45 96 35 78 80 77 70 79 75 72 74 71 73 76 
02 03 04 09 07 00 05 01 08 81 53 54 55 50 58 52 56 51 59 85 33 32 34 39 37 31 35 30 38 83 64 63 65 60 68 62 66 61 69 86 22 23 24 29 27 21 25 20 28 87 84 43 42 44 49 47 40 45 41 48 98 90 92 97 91 88 95 96 94 89 13 82 12 14 19 17 10 15 11 18 16 06 57 67 26 46 93 36 70 79 71 80 75 76 74 73 72 78 77 
06 05 07 08 09 04 01 00 02 03 57 56 58 59 50 55 51 52 53 54 35 36 37 38 39 34 30 31 32 33 66 67 68 69 60 65 61 62 63 64 26 25 27 28 29 24 20 21 22 23 43 45 46 47 48 49 44 41 40 42 90 96 93 88 89 91 97 94 95 92 15 13 16 17 18 19 14 11 10 12 82 81 85 86 87 84 98 83 72 73 79 74 78 70 76 77 75 71 80 
26 25 27 28 29 24 20 21 22 23 16 15 17 18 19 14 11 10 12 13 66 67 68 69 60 65 61 62 63 64 45 46 47 48 49 44 41 40 42 43 77 76 78 79 71 75 70 72 73 74 33 35 36 37 38 39 34 30 31 32 54 56 57 58 59 50 55 51 52 53 96 90 93 88 89 91 97 94 95 92 98 87 82 84 80 83 85 86 00 02 08 03 07 01 05 06 04 09 81 
93 96 88 89 91 97 94 95 92 90 36 35 37 38 39 34 30 31 32 33 25 26 27 28 29 24 20 21 22 23 76 77 78 79 71 75 70 72 73 74 57 56 58 59 50 55 51 52 53 54 03 05 06 07 08 09 04 01 00 02 43 45 46 47 48 49 44 41 40 42 66 64 67 68 69 60 65 61 62 63 86 98 83 80 85 81 84 87 10 12 18 13 17 11 15 16 14 19 82 
67 66 68 69 60 65 61 62 63 64 06 05 07 08 09 04 01 00 02 03 96 93 88 89 91 97 94 95 92 90 56 57 58 59 50 55 51 52 53 54 46 45 47 48 49 44 41 40 42 43 13 15 16 17 18 19 14 11 10 12 74 76 77 78 79 71 75 70 72 73 25 23 26 27 28 29 24 20 21 22 87 86 81 85 84 82 80 98 31 32 38 33 37 30 35 36 34 39 83 
36 35 37 38 39 34 30 31 32 33 77 76 78 79 71 75 70 72 73 74 15 16 17 18 19 14 11 10 12 13 96 93 88 89 91 97 94 95 92 90 67 66 68 69 60 65 61 62 63 64 54 56 57 58 59 50 55 51 52 53 23 25 26 27 28 29 24 20 21 22 05 03 06 07 08 09 04 01 00 02 81 83 80 98 86 85 87 82 40 42 48 43 47 41 45 46 44 49 84 
16 15 17 18 19 14 11 10 12 13 46 45 47 48 49 44 41 40 42 43 05 06 07 08 09 04 01 00 02 03 25 26 27 28 29 24 20 21 22 23 93 96 88 89 91 97 94 95 92 90 74 76 77 78 79 71 75 70 72 73 64 66 67 68 69 60 65 61 62 63 35 33 36 37 38 39 34 30 31 32 83 82 84 87 98 80 86 81 52 53 59 54 58 51 56 57 55 50 85 
46 45 47 48 49 44 41 40 42 43 26 25 27 28 29 24 20 21 22 23 56 57 58 59 50 55 51 52 53 54 15 16 17 18 19 14 11 10 12 13 36 35 37 38 39 34 30 31 32 33 90 96 93 88 89 91 97 94 95 92 03 05 06 07 08 09 04 01 00 02 76 74 77 78 79 71 75 70 72 73 80 84 87 82 83 98 81 85 62 63 69 64 68 61 66 67 65 60 86 
77 76 78 79 71 75 70 72 73 74 93 96 88 89 91 97 94 95 92 90 45 46 47 48 49 44 41 40 42 43 35 36 37 38 39 34 30 31 32 33 06 05 07 08 09 04 01 00 02 03 64 66 67 68 69 60 65 61 62 63 13 15 16 17 18 19 14 11 10 12 56 54 57 58 59 50 55 51 52 53 85 80 98 83 81 86 82 84 21 22 28 23 27 20 25 26 24 29 87 
54 52 59 57 53 50 55 58 85 51 64 62 69 67 63 60 65 68 86 61 72 74 79 77 73 71 75 78 80 70 00 03 08 06 02 09 04 07 81 01 13 10 18 16 12 19 14 17 82 11 20 21 23 28 26 22 29 24 27 87 30 31 33 38 36 32 39 34 37 83 40 41 43 48 46 42 49 44 47 84 45 56 66 05 15 25 35 76 88 93 91 89 90 94 98 96 92 95 97 
53 54 55 50 58 52 56 51 59 85 63 64 65 60 68 62 66 61 69 86 74 73 75 71 78 72 76 70 79 80 03 02 04 09 07 00 05 01 08 81 12 13 14 19 17 10 15 11 18 82 87 23 22 24 29 27 21 25 20 28 83 33 32 34 39 37 31 35 30 38 43 84 42 44 49 47 40 45 41 48 46 57 67 06 16 26 36 77 95 89 97 88 93 90 92 98 91 96 94 
51 58 57 54 85 53 50 59 56 55 61 68 67 64 86 63 60 69 66 65 78 70 77 74 80 73 71 79 76 75 07 01 06 03 81 02 09 08 05 04 11 17 16 13 82 12 19 18 15 14 24 27 20 26 23 87 22 29 28 25 34 37 30 36 33 83 32 39 38 35 47 44 41 46 43 84 42 49 48 45 40 52 62 00 10 21 31 72 98 95 90 96 88 89 97 91 94 92 93 
55 59 54 51 56 85 53 57 52 50 65 69 64 61 66 86 63 67 62 60 79 75 74 70 76 80 73 77 72 71 08 04 03 01 05 81 02 06 00 09 14 18 13 11 15 82 12 16 10 19 29 28 24 23 20 25 87 22 26 21 39 38 34 33 30 35 83 32 36 31 48 49 44 43 41 45 84 42 46 40 47 58 68 07 17 27 37 78 97 92 88 91 98 96 93 90 89 94 95 
56 55 53 85 57 59 58 50 54 52 66 65 63 86 67 69 68 60 64 62 75 76 73 80 77 79 78 71 74 72 04 05 02 81 06 08 07 09 03 00 15 14 12 82 16 18 17 19 13 10 21 24 25 22 87 26 28 27 29 23 31 34 35 32 83 36 38 37 39 33 44 40 45 42 84 46 48 47 49 43 41 51 61 01 11 20 30 70 94 91 95 97 92 98 89 93 88 90 96 
58 53 56 52 51 54 57 85 55 59 68 63 66 62 61 64 67 86 65 69 73 78 76 72 70 74 77 80 75 79 02 07 05 00 01 03 06 81 04 08 17 12 15 10 11 13 16 82 14 18 28 22 27 25 21 20 23 26 87 24 38 32 37 35 31 30 33 36 83 34 42 48 47 45 40 41 43 46 84 44 49 50 60 09 19 29 39 71 96 88 94 95 89 93 91 92 97 98 90 
85 51 50 53 59 58 52 55 57 56 86 61 60 63 69 68 62 65 67 66 70 80 71 73 79 78 72 75 77 76 01 81 09 02 08 07 00 04 06 05 82 11 19 12 18 17 10 14 16 15 25 20 87 29 22 28 27 21 24 26 35 30 83 39 32 38 37 31 34 36 41 45 84 49 42 48 47 40 44 46 43 54 64 03 13 23 33 74 92 96 93 98 95 88 94 97 90 91 89 
52 50 85 56 54 57 59 53 51 58 62 60 86 66 64 67 69 63 61 68 71 72 80 76 74 77 79 73 70 78 09 00 81 05 03 06 08 02 01 07 10 19 82 15 13 16 18 12 11 17 27 29 21 87 25 23 26 28 22 20 37 39 31 83 35 33 36 38 32 30 49 47 40 84 45 43 46 48 42 41 44 55 65 04 14 24 34 75 89 90 92 93 94 97 96 95 98 88 91 
50 57 51 55 52 56 85 54 58 53 60 67 61 65 62 66 86 64 68 63 77 71 70 75 72 76 80 74 78 73 06 09 01 04 00 05 81 03 07 02 19 16 11 14 10 15 82 13 17 12 22 26 29 20 24 21 25 87 23 27 32 36 39 30 34 31 35 83 33 37 46 42 49 41 44 40 45 84 43 47 48 59 69 08 18 28 38 79 93 94 98 90 97 91 95 88 96 89 92 
59 85 52 58 55 51 54 56 50 57 69 86 62 68 65 61 64 66 60 67 80 79 72 78 75 70 74 76 71 77 81 08 00 07 04 01 03 05 09 06 18 82 10 17 14 11 13 15 19 16 26 87 28 21 27 24 20 23 25 29 36 83 38 31 37 34 30 33 35 39 84 46 48 40 47 44 41 43 45 49 42 53 63 02 12 22 32 73 91 98 89 92 96 95 90 94 93 97 88 
57 56 58 59 50 55 51 52 53 54 67 66 68 69 60 65 61 62 63 64 76 77 78 79 71 75 70 72 73 74 05 06 07 08 09 04 01 00 02 03 16 15 17 18 19 14 11 10 12 13 23 25 26 27 28 29 24 20 21 22 33 35 36 37 38 39 34 30 31 32 45 43 46 47 48 49 44 41 40 42 84 85 86 81 82 87 83 80 90 97 96 94 91 92 88 89 95 93 98 
