21 87 24 29 25 26 20 22 23 27 10 82 14 19 15 16 11 12 13 17 86 62 65 61 66 67 60 63 64 68 84 41 44 49 45 46 40 42 43 47 80 71 75 72 76 77 70 73 74 78 31 37 83 34 39 35 36 30 32 33 85 58 50 55 51 56 57 52 53 54 98 94 97 88 89 96 92 93 91 95 90 28 18 48 79 38 59 69 05 07 03 04 01 81 00 09 06 02 08 
87 20 28 25 27 24 23 21 26 22 82 11 18 15 17 14 13 10 16 12 60 86 69 66 68 65 64 62 67 63 40 84 48 45 47 44 43 41 46 42 70 80 79 76 78 75 74 71 77 73 83 32 30 38 35 37 34 33 31 36 52 53 85 59 56 58 55 54 50 57 93 98 91 90 96 97 88 95 94 92 89 29 19 49 72 39 51 61 07 02 06 08 03 01 81 05 04 00 09 
24 28 22 87 20 27 29 26 25 23 14 18 12 82 11 17 19 16 15 13 69 65 63 86 60 68 61 67 66 64 48 44 42 84 40 47 49 46 45 43 79 75 73 80 70 78 72 77 76 74 34 33 38 32 83 30 37 39 36 35 59 54 55 53 85 52 58 51 57 56 90 88 95 91 98 93 97 89 92 96 94 21 10 41 71 31 50 62 01 03 05 02 09 08 04 81 07 06 00 
29 25 87 23 26 21 27 28 22 24 19 15 82 13 16 10 17 18 12 14 66 61 86 64 67 62 68 69 63 65 45 49 84 43 46 41 47 48 42 44 76 72 80 74 77 71 78 79 73 75 39 34 35 83 33 36 31 37 38 32 56 55 51 85 54 57 50 58 59 53 96 89 88 98 95 92 94 97 90 91 93 20 11 40 70 30 52 60 06 04 02 81 07 05 09 03 00 08 01 
25 27 20 26 24 87 22 29 21 28 15 17 11 16 14 82 12 19 10 18 68 66 60 67 65 86 63 61 62 69 47 45 40 46 44 84 42 49 41 48 78 76 70 77 75 80 73 72 71 79 35 38 37 30 36 34 83 32 39 31 58 59 56 52 57 55 85 53 51 50 97 96 90 93 92 88 98 91 89 94 95 23 13 43 74 33 54 64 04 08 00 01 02 07 05 06 81 09 03 
26 24 27 21 87 25 28 23 29 20 16 14 17 10 82 15 18 13 19 11 65 67 68 62 86 66 69 64 61 60 44 46 47 41 84 45 48 43 49 40 75 77 78 71 80 76 79 74 72 70 36 30 34 37 31 83 35 38 33 39 55 52 57 58 50 85 56 59 54 51 88 92 93 97 94 98 96 90 95 89 91 22 12 42 73 32 53 63 81 01 09 07 08 04 06 00 05 03 02 
20 23 29 27 22 28 26 87 24 21 11 13 19 17 12 18 16 82 14 10 64 60 61 68 63 69 67 86 65 62 43 40 49 47 42 48 46 84 44 41 74 70 72 78 73 79 77 80 75 71 30 31 33 39 37 32 38 36 83 34 54 50 52 51 58 53 59 57 85 55 95 93 94 89 97 91 90 92 98 88 96 25 15 45 76 35 56 66 02 00 04 09 06 03 01 07 08 81 05 
22 21 26 28 29 23 87 27 20 25 12 10 16 18 19 13 82 17 11 15 62 63 67 69 61 64 86 68 60 66 41 42 46 48 49 43 84 47 40 45 71 73 77 79 72 74 80 78 70 76 32 35 31 36 38 39 33 83 37 30 50 56 53 57 59 51 54 85 58 52 94 91 96 92 90 89 95 98 97 93 88 24 14 44 75 34 55 65 09 05 01 06 81 00 02 08 03 07 04 
23 26 25 22 21 29 24 20 28 87 13 16 15 12 10 19 14 11 18 82 67 64 66 63 62 61 65 60 69 86 46 43 45 42 41 49 44 40 48 84 77 74 76 73 71 72 75 70 79 80 33 83 36 35 32 31 39 34 30 38 57 85 54 56 53 50 51 55 52 59 92 95 98 96 91 94 89 88 93 90 97 27 17 47 78 37 58 68 00 81 08 05 04 06 03 02 09 01 07 
27 22 23 24 28 20 21 25 87 29 17 12 13 14 18 11 10 15 82 19 63 68 64 65 69 60 62 66 86 61 42 47 43 44 48 40 41 45 84 49 73 78 74 75 79 70 71 76 80 72 37 39 32 33 34 38 30 31 35 83 53 51 58 54 55 59 52 50 56 85 91 97 89 95 88 90 93 94 96 98 92 26 16 46 77 36 57 67 08 09 81 03 00 02 07 04 01 05 06 
94 98 88 89 96 92 93 91 95 97 31 83 34 39 35 36 30 32 33 37 87 21 24 29 25 26 20 22 23 27 80 71 75 72 76 77 70 73 74 78 85 50 55 51 56 57 52 53 54 58 00 07 81 04 09 05 06 01 02 03 84 47 41 44 49 45 46 40 42 43 86 62 68 65 61 66 67 60 63 64 69 90 38 79 59 08 48 28 15 17 13 14 11 82 10 19 16 12 18 
98 93 90 96 97 88 95 94 92 91 83 30 38 35 37 34 33 31 36 32 20 87 28 25 27 24 23 21 26 22 70 80 79 76 78 75 74 71 77 73 52 85 59 56 58 55 54 50 57 53 81 02 01 08 05 07 04 03 00 06 40 42 84 48 45 47 44 43 41 46 60 86 63 69 66 68 65 64 62 67 61 89 39 72 51 09 49 29 17 12 16 18 13 11 82 15 14 10 19 
88 90 91 98 93 97 89 92 96 95 34 38 32 83 30 37 39 36 35 33 28 24 22 87 20 27 29 26 25 23 79 75 73 80 70 78 72 77 76 74 59 55 53 85 52 58 51 57 56 54 04 03 08 02 81 01 07 09 06 05 48 43 44 42 84 40 47 49 46 45 69 65 64 63 86 60 68 61 67 66 62 94 31 71 50 00 41 21 11 13 15 12 19 18 14 82 17 16 10 
89 96 98 95 92 94 97 90 91 88 39 35 83 33 36 31 37 38 32 34 25 29 87 23 26 21 27 28 22 24 76 72 80 74 77 71 78 79 73 75 56 51 85 54 57 50 58 59 53 55 09 04 05 81 03 06 00 07 08 02 45 44 49 84 43 46 41 47 48 42 66 61 65 86 64 67 62 68 69 63 60 93 30 70 52 01 40 20 16 14 12 82 17 15 19 13 10 18 11 
96 97 93 92 88 98 91 89 94 90 35 37 30 36 34 83 32 39 31 38 27 25 20 26 24 87 22 29 21 28 78 76 70 77 75 80 73 72 71 79 58 56 52 57 55 85 53 51 50 59 05 08 07 01 06 04 81 02 09 00 47 48 45 40 46 44 84 42 49 41 68 66 69 60 67 65 86 63 61 62 64 95 33 74 54 03 43 23 14 18 10 11 12 17 15 16 82 19 13 
92 88 97 94 98 96 90 95 89 93 36 34 37 31 83 35 38 33 39 30 24 26 27 21 87 25 28 23 29 20 75 77 78 71 80 76 79 74 72 70 55 57 58 50 85 56 59 54 51 52 06 01 04 07 00 81 05 08 03 09 44 40 46 47 41 84 45 48 43 49 65 67 60 68 62 86 66 69 64 61 63 91 32 73 53 02 42 22 82 11 19 17 18 14 16 10 15 13 12 
93 95 89 97 91 90 92 98 88 94 30 33 39 37 32 38 36 83 34 31 23 20 29 27 22 28 26 87 24 21 74 70 72 78 73 79 77 80 75 71 54 52 51 58 53 59 57 85 55 50 01 00 03 09 07 02 08 06 81 04 43 41 40 49 47 42 48 46 84 44 64 60 62 61 68 63 69 67 86 65 66 96 35 76 56 05 45 25 12 10 14 19 16 13 11 17 18 82 15 
91 94 92 90 89 95 98 97 93 96 32 31 36 38 39 33 83 37 30 35 21 22 26 28 29 23 87 27 20 25 71 73 77 79 72 74 80 78 70 76 50 53 57 59 51 54 85 58 52 56 02 05 00 06 08 09 03 81 07 01 41 45 42 46 48 49 43 84 47 40 62 63 66 67 69 61 64 86 68 60 65 88 34 75 55 04 44 24 19 15 11 16 82 10 12 18 13 17 14 
95 92 96 91 94 89 88 93 90 98 33 36 35 32 31 39 34 30 38 83 26 23 25 22 21 29 24 20 28 87 77 74 76 73 71 72 75 70 79 80 57 54 56 53 50 51 55 52 59 85 03 81 06 05 02 00 09 04 01 08 46 84 43 45 42 41 49 44 40 48 67 64 86 66 63 62 61 65 60 69 68 97 37 78 58 07 47 27 10 82 18 15 14 16 13 12 19 11 17 
97 91 95 88 90 93 94 96 98 89 37 32 33 34 38 30 31 35 83 39 22 27 23 24 28 20 21 25 87 29 73 78 74 75 79 70 71 76 80 72 53 58 54 55 59 52 50 56 85 51 07 09 02 03 04 08 01 00 05 81 42 49 47 43 44 48 40 41 45 84 63 68 61 64 65 69 60 62 66 86 67 92 36 77 57 06 46 26 18 19 82 13 10 12 17 14 11 15 16 
80 70 79 76 78 75 74 71 77 73 98 93 90 96 97 88 95 94 92 91 40 84 48 45 47 44 43 41 46 42 30 83 38 35 37 34 33 31 36 32 01 81 08 05 07 04 03 00 06 02 86 63 60 69 66 68 65 64 62 67 11 12 82 18 15 17 14 13 10 16 52 85 53 59 56 58 55 54 50 57 51 72 89 39 09 61 19 49 27 22 26 28 23 20 87 25 24 21 29 
71 80 75 72 76 77 70 73 74 78 94 98 88 89 96 92 93 91 95 97 84 41 44 49 45 46 40 42 43 47 83 31 34 39 35 36 30 32 33 37 81 00 04 09 05 06 01 02 03 07 62 68 86 65 61 66 67 60 63 64 82 17 10 14 19 15 16 11 12 13 85 50 58 55 51 56 57 52 53 54 59 79 90 38 08 69 18 48 25 27 23 24 20 87 21 29 26 22 28 
75 79 73 80 70 78 72 77 76 74 88 90 91 98 93 97 89 92 96 95 48 44 42 84 40 47 49 46 45 43 38 34 32 83 30 37 39 36 35 33 08 04 02 81 01 07 09 06 05 03 65 64 69 63 86 60 68 61 67 66 18 13 14 12 82 11 17 19 16 15 59 55 54 53 85 52 58 51 57 56 50 71 94 31 00 62 10 41 20 23 25 22 29 28 24 87 27 26 21 
72 76 80 74 77 71 78 79 73 75 89 96 98 95 92 94 97 90 91 88 45 49 84 43 46 41 47 48 42 44 35 39 83 33 36 31 37 38 32 34 05 09 81 03 06 00 07 08 02 04 61 65 66 86 64 67 62 68 69 63 15 14 19 82 13 16 10 17 18 12 56 51 55 85 54 57 50 58 59 53 52 70 93 30 01 60 11 40 26 24 22 87 27 25 29 23 21 28 20 
76 78 70 77 75 80 73 72 71 79 96 97 93 92 88 98 91 89 94 90 47 45 40 46 44 84 42 49 41 48 37 35 30 36 34 83 32 39 31 38 07 05 01 06 04 81 02 09 00 08 66 69 68 60 67 65 86 63 61 62 17 18 15 11 16 14 82 12 19 10 58 56 59 52 57 55 85 53 51 50 54 74 95 33 03 64 13 43 24 28 21 20 22 27 25 26 87 29 23 
77 75 78 71 80 76 79 74 72 70 92 88 97 94 98 96 90 95 89 93 44 46 47 41 84 45 48 43 49 40 34 36 37 31 83 35 38 33 39 30 04 06 07 00 81 05 08 03 09 01 67 60 65 68 62 86 66 69 64 61 14 11 16 17 10 82 15 18 13 19 55 57 52 58 50 85 56 59 54 51 53 73 91 32 02 63 12 42 87 20 29 27 28 24 26 21 25 23 22 
70 74 72 78 73 79 77 80 75 71 93 95 89 97 91 90 92 98 88 94 43 40 49 47 42 48 46 84 44 41 33 30 39 37 32 38 36 83 34 31 03 01 09 07 02 08 06 81 04 00 60 62 64 61 68 63 69 67 86 65 13 10 11 19 17 12 18 16 82 14 54 52 50 51 58 53 59 57 85 55 56 76 96 35 05 66 15 45 22 21 24 29 26 23 20 27 28 87 25 
73 71 77 79 72 74 80 78 70 76 91 94 92 90 89 95 98 97 93 96 41 42 46 48 49 43 84 47 40 45 31 32 36 38 39 33 83 37 30 35 00 02 06 08 09 03 81 07 01 05 63 66 62 67 69 61 64 86 68 60 10 15 12 16 18 19 13 82 17 11 50 53 56 57 59 51 54 85 58 52 55 75 88 34 04 65 14 44 29 25 20 26 87 21 22 28 23 27 24 
74 77 76 73 71 72 75 70 79 80 95 92 96 91 94 89 88 93 90 98 46 43 45 42 41 49 44 40 48 84 36 33 35 32 31 39 34 30 38 83 06 03 05 02 00 09 04 01 08 81 64 86 67 66 63 62 61 65 60 69 16 82 13 15 12 10 19 14 11 18 57 54 85 56 53 50 51 55 52 59 58 78 97 37 07 68 17 47 21 87 28 25 24 26 23 22 29 20 27 
78 73 74 75 79 70 71 76 80 72 97 91 95 88 90 93 94 96 98 89 42 47 43 44 48 40 41 45 84 49 32 37 33 34 38 30 31 35 83 39 02 07 03 04 08 01 00 05 81 09 68 61 63 64 65 69 60 62 66 86 12 19 17 13 14 18 11 10 15 82 53 58 51 54 55 59 52 50 56 85 57 77 92 36 06 67 16 46 28 29 87 23 21 22 27 24 20 25 26 
86 60 69 66 68 65 64 62 67 63 81 01 08 05 07 04 03 00 06 02 93 98 90 96 97 88 95 94 92 91 52 85 59 56 58 55 54 50 57 53 40 84 48 45 47 44 43 41 46 42 82 12 11 18 15 17 14 13 10 16 70 73 80 79 76 78 75 74 71 77 20 87 22 28 25 27 24 23 21 26 29 61 09 51 49 19 72 89 37 32 36 38 33 30 83 35 34 31 39 
62 86 65 61 66 67 60 63 64 68 00 81 04 09 05 06 01 02 03 07 98 94 88 89 96 92 93 91 95 97 85 50 55 51 56 57 52 53 54 58 84 41 44 49 45 46 40 42 43 47 10 17 82 14 19 15 16 11 12 13 80 78 71 75 72 76 77 70 73 74 87 21 27 24 29 25 26 20 22 23 28 69 08 59 48 18 79 90 35 37 33 34 30 83 31 39 36 32 38 
65 69 63 86 60 68 61 67 66 64 04 08 02 81 01 07 09 06 05 03 90 88 91 98 93 97 89 92 96 95 59 55 53 85 52 58 51 57 56 54 48 44 42 84 40 47 49 46 45 43 14 13 18 12 82 11 17 19 16 15 79 74 75 73 80 70 78 72 77 76 28 24 23 22 87 20 27 29 26 25 21 62 00 50 41 10 71 94 30 33 35 32 39 38 34 83 37 36 31 
61 66 86 64 67 62 68 69 63 65 09 05 81 03 06 00 07 08 02 04 96 89 98 95 92 94 97 90 91 88 56 51 85 54 57 50 58 59 53 55 45 49 84 43 46 41 47 48 42 44 19 14 15 82 13 16 10 17 18 12 76 75 72 80 74 77 71 78 79 73 25 29 24 87 23 26 21 27 28 22 20 60 01 52 40 11 70 93 36 34 32 83 37 35 39 33 31 38 30 
66 68 60 67 65 86 63 61 62 69 05 07 01 06 04 81 02 09 00 08 97 96 93 92 88 98 91 89 94 90 58 56 52 57 55 85 53 51 50 59 47 45 40 46 44 84 42 49 41 48 15 18 17 11 16 14 82 12 19 10 78 79 76 70 77 75 80 73 72 71 27 25 28 20 26 24 87 22 29 21 23 64 03 54 43 13 74 95 34 38 31 30 32 37 35 36 83 39 33 
67 65 68 62 86 66 69 64 61 60 06 04 07 00 81 05 08 03 09 01 88 92 97 94 98 96 90 95 89 93 55 57 58 50 85 56 59 54 51 52 44 46 47 41 84 45 48 43 49 40 16 11 14 17 10 82 15 18 13 19 75 70 77 78 71 80 76 79 74 72 24 26 20 27 21 87 25 28 23 29 22 63 02 53 42 12 73 91 83 30 39 37 38 34 36 31 35 33 32 
60 64 61 68 63 69 67 86 65 62 01 03 09 07 02 08 06 81 04 00 95 93 89 97 91 90 92 98 88 94 54 52 51 58 53 59 57 85 55 50 43 40 49 47 42 48 46 84 44 41 11 10 13 19 17 12 18 16 82 14 74 71 70 72 78 73 79 77 80 75 23 20 21 29 27 22 28 26 87 24 25 66 05 56 45 15 76 96 32 31 34 39 36 33 30 37 38 83 35 
63 62 67 69 61 64 86 68 60 66 02 00 06 08 09 03 81 07 01 05 94 91 92 90 89 95 98 97 93 96 50 53 57 59 51 54 85 58 52 56 41 42 46 48 49 43 84 47 40 45 12 15 10 16 18 19 13 82 17 11 71 76 73 77 79 72 74 80 78 70 21 22 25 26 28 29 23 87 27 20 24 65 04 55 44 14 75 88 39 35 30 36 83 31 32 38 33 37 34 
64 67 66 63 62 61 65 60 69 86 03 06 05 02 00 09 04 01 08 81 92 95 96 91 94 89 88 93 90 98 57 54 56 53 50 51 55 52 59 85 46 43 45 42 41 49 44 40 48 84 13 82 16 15 12 10 19 14 11 18 77 80 74 76 73 71 72 75 70 79 26 23 87 25 22 21 29 24 20 28 27 68 07 58 47 17 78 97 31 83 38 35 34 36 33 32 39 30 37 
68 63 64 65 69 60 62 66 86 61 07 02 03 04 08 01 00 05 81 09 91 97 95 88 90 93 94 96 98 89 53 58 54 55 59 52 50 56 85 51 42 47 43 44 48 40 41 45 84 49 17 19 12 13 14 18 11 10 15 82 73 72 78 74 75 79 70 71 76 80 22 27 29 23 24 28 20 21 25 87 26 67 06 57 46 16 77 92 38 39 83 33 31 32 37 34 30 35 36 
83 30 38 35 37 34 33 31 36 32 80 70 79 76 78 75 74 71 77 73 11 82 18 15 17 14 13 10 16 12 93 98 90 96 97 88 95 94 92 91 60 86 69 66 68 65 64 62 67 63 85 53 52 59 56 58 55 54 50 57 20 22 87 28 25 27 24 23 21 26 01 81 02 08 05 07 04 03 00 06 09 39 72 89 61 51 29 19 47 42 46 48 43 40 84 45 44 41 49 
31 83 34 39 35 36 30 32 33 37 71 80 75 72 76 77 70 73 74 78 82 10 14 19 15 16 11 12 13 17 98 94 88 89 96 92 93 91 95 97 86 62 65 61 66 67 60 63 64 68 50 58 85 55 51 56 57 52 53 54 87 27 21 24 29 25 26 20 22 23 81 00 07 04 09 05 06 01 02 03 08 38 79 90 69 59 28 18 45 47 43 44 40 84 41 49 46 42 48 
34 38 32 83 30 37 39 36 35 33 75 79 73 80 70 78 72 77 76 74 18 14 12 82 11 17 19 16 15 13 90 88 91 98 93 97 89 92 96 95 69 65 63 86 60 68 61 67 66 64 55 54 59 53 85 52 58 51 57 56 28 23 24 22 87 20 27 29 26 25 08 04 03 02 81 01 07 09 06 05 00 31 71 94 62 50 21 10 40 43 45 42 49 48 44 84 47 46 41 
39 35 83 33 36 31 37 38 32 34 72 76 80 74 77 71 78 79 73 75 15 19 82 13 16 10 17 18 12 14 96 89 98 95 92 94 97 90 91 88 66 61 86 64 67 62 68 69 63 65 51 55 56 85 54 57 50 58 59 53 25 24 29 87 23 26 21 27 28 22 05 09 04 81 03 06 00 07 08 02 01 30 70 93 60 52 20 11 46 44 42 84 47 45 49 43 41 48 40 
35 37 30 36 34 83 32 39 31 38 76 78 70 77 75 80 73 72 71 79 17 15 11 16 14 82 12 19 10 18 97 96 93 92 88 98 91 89 94 90 68 66 60 67 65 86 63 61 62 69 56 59 58 52 57 55 85 53 51 50 27 28 25 20 26 24 87 22 29 21 07 05 08 01 06 04 81 02 09 00 03 33 74 95 64 54 23 13 44 48 41 40 42 47 45 46 84 49 43 
36 34 37 31 83 35 38 33 39 30 77 75 78 71 80 76 79 74 72 70 14 16 17 10 82 15 18 13 19 11 88 92 97 94 98 96 90 95 89 93 65 67 68 62 86 66 69 64 61 60 57 52 55 58 50 85 56 59 54 51 24 20 26 27 21 87 25 28 23 29 04 06 01 07 00 81 05 08 03 09 02 32 73 91 63 53 22 12 84 40 49 47 48 44 46 41 45 43 42 
30 33 39 37 32 38 36 83 34 31 70 74 72 78 73 79 77 80 75 71 13 11 19 17 12 18 16 82 14 10 95 93 89 97 91 90 92 98 88 94 64 60 61 68 63 69 67 86 65 62 52 50 54 51 58 53 59 57 85 55 23 21 20 29 27 22 28 26 87 24 03 01 00 09 07 02 08 06 81 04 05 35 76 96 66 56 25 15 42 41 44 49 46 43 40 47 48 84 45 
32 31 36 38 39 33 83 37 30 35 73 71 77 79 72 74 80 78 70 76 10 12 16 18 19 13 82 17 11 15 94 91 92 90 89 95 98 97 93 96 62 63 67 69 61 64 86 68 60 66 53 56 50 57 59 51 54 85 58 52 21 25 22 26 28 29 23 87 27 20 00 02 05 06 08 09 03 81 07 01 04 34 75 88 65 55 24 14 49 45 40 46 84 41 42 48 43 47 44 
33 36 35 32 31 39 34 30 38 83 74 77 76 73 71 72 75 70 79 80 16 13 15 12 10 19 14 11 18 82 92 95 96 91 94 89 88 93 90 98 67 64 66 63 62 61 65 60 69 86 54 85 57 56 53 50 51 55 52 59 26 87 23 25 22 21 29 24 20 28 06 03 81 05 02 00 09 04 01 08 07 37 78 97 68 58 27 17 41 84 48 45 44 46 43 42 49 40 47 
37 32 33 34 38 30 31 35 83 39 78 73 74 75 79 70 71 76 80 72 12 17 13 14 18 11 10 15 82 19 91 97 95 88 90 93 94 96 98 89 63 68 64 65 69 60 62 66 86 61 58 51 53 54 55 59 52 50 56 85 22 29 27 23 24 28 20 21 25 87 02 07 09 03 04 08 01 00 05 81 06 36 77 92 67 57 26 16 48 49 84 43 41 42 47 44 40 45 46 
10 82 14 19 15 16 11 12 13 17 41 84 44 49 45 46 40 42 43 47 81 00 04 09 05 06 01 02 03 07 87 21 24 29 25 26 20 22 23 27 98 94 88 89 96 92 93 91 95 97 71 78 80 75 72 76 77 70 73 74 86 68 62 65 61 66 67 60 63 64 83 31 37 34 39 35 36 30 32 33 38 18 48 28 90 79 69 08 56 58 54 55 52 85 50 51 57 53 59 
17 12 13 14 18 11 10 15 82 19 47 42 43 44 48 40 41 45 84 49 02 07 03 04 08 01 00 05 81 09 22 27 23 24 28 20 21 25 87 29 91 97 95 88 90 93 94 96 98 89 78 72 73 74 75 79 70 71 76 80 63 61 68 64 65 69 60 62 66 86 32 37 39 33 34 38 30 31 35 83 36 16 46 26 92 77 67 06 59 51 85 54 50 53 58 55 52 56 57 
82 11 18 15 17 14 13 10 16 12 84 40 48 45 47 44 43 41 46 42 01 81 08 05 07 04 03 00 06 02 20 87 28 25 27 24 23 21 26 22 93 98 90 96 97 88 95 94 92 91 80 73 70 79 76 78 75 74 71 77 60 63 86 69 66 68 65 64 62 67 30 83 32 38 35 37 34 33 31 36 39 19 49 29 89 72 61 09 58 53 57 59 54 52 85 56 55 50 51 
14 18 12 82 11 17 19 16 15 13 44 48 42 84 40 47 49 46 45 43 08 04 02 81 01 07 09 06 05 03 28 24 22 87 20 27 29 26 25 23 90 88 91 98 93 97 89 92 96 95 75 74 79 73 80 70 78 72 77 76 69 64 65 63 86 60 68 61 67 66 38 34 33 32 83 30 37 39 36 35 31 10 41 21 94 71 62 00 52 54 56 53 51 59 55 85 58 57 50 
19 15 82 13 16 10 17 18 12 14 49 45 84 43 46 41 47 48 42 44 05 09 81 03 06 00 07 08 02 04 25 29 87 23 26 21 27 28 22 24 96 89 98 95 92 94 97 90 91 88 72 75 76 80 74 77 71 78 79 73 66 65 61 86 64 67 62 68 69 63 35 39 34 83 33 36 31 37 38 32 30 11 40 20 93 70 60 01 57 55 53 85 58 56 51 54 50 59 52 
15 17 11 16 14 82 12 19 10 18 45 47 40 46 44 84 42 49 41 48 07 05 01 06 04 81 02 09 00 08 27 25 20 26 24 87 22 29 21 28 97 96 93 92 88 98 91 89 94 90 76 79 78 70 77 75 80 73 72 71 68 69 66 60 67 65 86 63 61 62 37 35 38 30 36 34 83 32 39 31 33 13 43 23 95 74 64 03 55 59 50 52 53 58 56 57 85 51 54 
16 14 17 10 82 15 18 13 19 11 46 44 47 41 84 45 48 43 49 40 04 06 07 00 81 05 08 03 09 01 24 26 27 21 87 25 28 23 29 20 88 92 97 94 98 96 90 95 89 93 77 70 75 78 71 80 76 79 74 72 65 60 67 68 62 86 66 69 64 61 34 36 30 37 31 83 35 38 33 39 32 12 42 22 91 73 63 02 85 52 51 58 59 55 57 50 56 54 53 
11 13 19 17 12 18 16 82 14 10 40 43 49 47 42 48 46 84 44 41 03 01 09 07 02 08 06 81 04 00 23 20 29 27 22 28 26 87 24 21 95 93 89 97 91 90 92 98 88 94 70 71 74 72 78 73 79 77 80 75 64 62 60 61 68 63 69 67 86 65 33 30 31 39 37 32 38 36 83 34 35 15 45 25 96 76 66 05 53 50 55 51 57 54 52 58 59 85 56 
12 10 16 18 19 13 82 17 11 15 42 41 46 48 49 43 84 47 40 45 00 02 06 08 09 03 81 07 01 05 21 22 26 28 29 23 87 27 20 25 94 91 92 90 89 95 98 97 93 96 73 76 71 77 79 72 74 80 78 70 62 66 63 67 69 61 64 86 68 60 31 32 35 36 38 39 33 83 37 30 34 14 44 24 88 75 65 04 51 56 52 57 85 50 53 59 54 58 55 
13 16 15 12 10 19 14 11 18 82 43 46 45 42 41 49 44 40 48 84 06 03 05 02 00 09 04 01 08 81 26 23 25 22 21 29 24 20 28 87 92 95 96 91 94 89 88 93 90 98 74 80 77 76 73 71 72 75 70 79 67 86 64 66 63 62 61 65 60 69 36 33 83 35 32 31 39 34 30 38 37 17 47 27 97 78 68 07 50 85 59 56 55 57 54 53 51 52 58 
84 40 48 45 47 44 43 41 46 42 87 20 28 25 27 24 23 21 26 22 52 85 59 56 58 55 54 50 57 53 11 82 18 15 17 14 13 10 16 12 30 83 38 35 37 34 33 31 36 32 98 91 93 90 96 97 88 95 94 92 01 02 81 08 05 07 04 03 00 06 70 80 73 79 76 78 75 74 71 77 72 49 29 19 39 89 09 51 68 63 67 69 64 60 86 66 65 62 61 
47 42 43 44 48 40 41 45 84 49 27 22 23 24 28 20 21 25 87 29 53 58 54 55 59 52 50 56 85 51 12 17 13 14 18 11 10 15 82 19 32 37 33 34 38 30 31 35 83 39 97 89 91 95 88 90 93 94 96 98 02 09 07 03 04 08 01 00 05 81 73 78 72 74 75 79 70 71 76 80 77 46 26 16 36 92 06 57 69 61 86 64 62 63 68 65 60 66 67 
41 84 44 49 45 46 40 42 43 47 21 87 24 29 25 26 20 22 23 27 85 50 55 51 56 57 52 53 54 58 82 10 14 19 15 16 11 12 13 17 83 31 34 39 35 36 30 32 33 37 94 97 98 88 89 96 92 93 91 95 81 07 00 04 09 05 06 01 02 03 80 71 78 75 72 76 77 70 73 74 79 48 28 18 38 90 08 59 66 68 64 65 60 86 62 61 67 63 69 
44 48 42 84 40 47 49 46 45 43 24 28 22 87 20 27 29 26 25 23 59 55 53 85 52 58 51 57 56 54 18 14 12 82 11 17 19 16 15 13 38 34 32 83 30 37 39 36 35 33 88 95 90 91 98 93 97 89 92 96 08 03 04 02 81 01 07 09 06 05 79 75 74 73 80 70 78 72 77 76 71 41 21 10 31 94 00 50 60 64 66 63 61 69 65 86 68 67 62 
49 45 84 43 46 41 47 48 42 44 29 25 87 23 26 21 27 28 22 24 56 51 85 54 57 50 58 59 53 55 15 19 82 13 16 10 17 18 12 14 35 39 83 33 36 31 37 38 32 34 89 88 96 98 95 92 94 97 90 91 05 04 09 81 03 06 00 07 08 02 76 72 75 80 74 77 71 78 79 73 70 40 20 11 30 93 01 52 67 65 63 86 68 66 61 64 62 69 60 
45 47 40 46 44 84 42 49 41 48 25 27 20 26 24 87 22 29 21 28 58 56 52 57 55 85 53 51 50 59 17 15 11 16 14 82 12 19 10 18 37 35 30 36 34 83 32 39 31 38 96 90 97 93 92 88 98 91 89 94 07 08 05 01 06 04 81 02 09 00 78 76 79 70 77 75 80 73 72 71 74 43 23 13 33 95 03 54 65 69 62 60 63 68 66 67 86 61 64 
46 44 47 41 84 45 48 43 49 40 26 24 27 21 87 25 28 23 29 20 55 57 58 50 85 56 59 54 51 52 14 16 17 10 82 15 18 13 19 11 34 36 37 31 83 35 38 33 39 30 92 93 88 97 94 98 96 90 95 89 04 01 06 07 00 81 05 08 03 09 75 77 70 78 71 80 76 79 74 72 73 42 22 12 32 91 02 53 86 60 61 68 69 65 67 62 66 64 63 
40 43 49 47 42 48 46 84 44 41 20 23 29 27 22 28 26 87 24 21 54 52 51 58 53 59 57 85 55 50 13 11 19 17 12 18 16 82 14 10 33 30 39 37 32 38 36 83 34 31 93 94 95 89 97 91 90 92 98 88 03 00 01 09 07 02 08 06 81 04 74 70 71 72 78 73 79 77 80 75 76 45 25 15 35 96 05 56 63 62 65 61 67 64 60 68 69 86 66 
42 41 46 48 49 43 84 47 40 45 22 21 26 28 29 23 87 27 20 25 50 53 57 59 51 54 85 58 52 56 10 12 16 18 19 13 82 17 11 15 31 32 36 38 39 33 83 37 30 35 91 96 94 92 90 89 95 98 97 93 00 05 02 06 08 09 03 81 07 01 71 73 76 77 79 72 74 80 78 70 75 44 24 14 34 88 04 55 61 66 60 67 86 62 63 69 64 68 65 
43 46 45 42 41 49 44 40 48 84 23 26 25 22 21 29 24 20 28 87 57 54 56 53 50 51 55 52 59 85 16 13 15 12 10 19 14 11 18 82 36 33 35 32 31 39 34 30 38 83 95 98 92 96 91 94 89 88 93 90 06 81 03 05 02 00 09 04 01 08 77 74 80 76 73 71 72 75 70 79 78 47 27 17 37 97 07 58 62 86 69 66 65 67 64 63 61 60 68 
81 01 08 05 07 04 03 00 06 02 85 52 59 56 58 55 54 50 57 53 30 83 38 35 37 34 33 31 36 32 60 86 69 66 68 65 64 62 67 63 20 87 28 25 27 24 23 21 26 22 84 42 40 48 45 47 44 43 41 46 93 91 98 90 96 97 88 95 94 92 11 82 12 18 15 17 14 13 10 16 19 09 51 61 29 49 89 39 78 73 77 79 74 70 80 76 75 71 72 
00 81 04 09 05 06 01 02 03 07 50 85 55 51 56 57 52 53 54 58 83 31 34 39 35 36 30 32 33 37 86 62 65 61 66 67 60 63 64 68 87 21 24 29 25 26 20 22 23 27 41 47 84 44 49 45 46 40 42 43 98 97 94 88 89 96 92 93 91 95 82 10 17 14 19 15 16 11 12 13 18 08 59 69 28 48 90 38 76 78 74 75 70 80 71 72 77 73 79 
07 02 03 04 08 01 00 05 81 09 58 53 54 55 59 52 50 56 85 51 32 37 33 34 38 30 31 35 83 39 63 68 64 65 69 60 62 66 86 61 22 27 23 24 28 20 21 25 87 29 47 49 42 43 44 48 40 41 45 84 91 89 97 95 88 90 93 94 96 98 12 17 19 13 14 18 11 10 15 82 16 06 57 67 26 46 92 36 79 72 80 74 71 73 78 75 70 76 77 
04 08 02 81 01 07 09 06 05 03 55 59 53 85 52 58 51 57 56 54 38 34 32 83 30 37 39 36 35 33 69 65 63 86 60 68 61 67 66 64 28 24 22 87 20 27 29 26 25 23 44 43 48 42 84 40 47 49 46 45 90 95 88 91 98 93 97 89 92 96 18 14 13 12 82 11 17 19 16 15 10 00 50 62 21 41 94 31 70 74 76 73 72 79 75 80 78 77 71 
09 05 81 03 06 00 07 08 02 04 51 56 85 54 57 50 58 59 53 55 35 39 83 33 36 31 37 38 32 34 66 61 86 64 67 62 68 69 63 65 25 29 87 23 26 21 27 28 22 24 49 44 45 84 43 46 41 47 48 42 96 88 89 98 95 92 94 97 90 91 15 19 14 82 13 16 10 17 18 12 11 01 52 60 20 40 93 30 77 75 73 80 78 76 72 74 71 79 70 
05 07 01 06 04 81 02 09 00 08 56 58 52 57 55 85 53 51 50 59 37 35 30 36 34 83 32 39 31 38 68 66 60 67 65 86 63 61 62 69 27 25 20 26 24 87 22 29 21 28 45 48 47 40 46 44 84 42 49 41 97 90 96 93 92 88 98 91 89 94 17 15 18 11 16 14 82 12 19 10 13 03 54 64 23 43 95 33 75 79 71 70 73 78 76 77 80 72 74 
06 04 07 00 81 05 08 03 09 01 57 55 58 50 85 56 59 54 51 52 34 36 37 31 83 35 38 33 39 30 65 67 68 62 86 66 69 64 61 60 24 26 27 21 87 25 28 23 29 20 46 40 44 47 41 84 45 48 43 49 88 93 92 97 94 98 96 90 95 89 14 16 11 17 10 82 15 18 13 19 12 02 53 63 22 42 91 32 80 70 72 78 79 75 77 71 76 74 73 
01 03 09 07 02 08 06 81 04 00 52 54 51 58 53 59 57 85 55 50 33 30 39 37 32 38 36 83 34 31 64 60 61 68 63 69 67 86 65 62 23 20 29 27 22 28 26 87 24 21 40 41 43 49 47 42 48 46 84 44 95 94 93 89 97 91 90 92 98 88 13 11 10 19 17 12 18 16 82 14 15 05 56 66 25 45 96 35 73 71 75 72 77 74 70 78 79 80 76 
02 00 06 08 09 03 81 07 01 05 53 50 57 59 51 54 85 58 52 56 31 32 36 38 39 33 83 37 30 35 62 63 67 69 61 64 86 68 60 66 21 22 26 28 29 23 87 27 20 25 42 45 41 46 48 49 43 84 47 40 94 96 91 92 90 89 95 98 97 93 10 12 15 16 18 19 13 82 17 11 14 04 55 65 24 44 88 34 72 76 70 77 80 71 73 79 74 78 75 
03 06 05 02 00 09 04 01 08 81 54 57 56 53 50 51 55 52 59 85 36 33 35 32 31 39 34 30 38 83 67 64 66 63 62 61 65 60 69 86 26 23 25 22 21 29 24 20 28 87 43 84 46 45 42 41 49 44 40 48 92 98 95 96 91 94 89 88 93 90 16 13 82 15 12 10 19 14 11 18 17 07 58 68 27 47 97 37 71 80 79 76 75 77 74 73 72 70 78 
08 09 00 01 03 02 05 04 07 06 59 51 50 52 54 53 56 55 58 57 39 38 31 30 33 32 35 34 37 36 61 69 62 60 64 63 66 65 68 67 29 28 21 20 23 22 25 24 27 26 48 46 49 41 40 43 42 45 44 47 89 92 90 94 93 95 91 96 88 97 19 18 16 10 11 13 12 15 14 17 82 81 85 86 87 84 98 83 74 77 78 71 76 72 79 70 73 75 80 
28 29 21 20 23 22 25 24 27 26 18 19 10 11 13 12 15 14 17 16 61 69 62 60 64 63 66 65 68 67 49 48 41 40 43 42 45 44 47 46 72 79 71 70 74 73 76 75 78 77 38 36 39 31 30 33 32 35 34 37 51 57 59 50 52 54 53 56 55 58 89 90 92 94 93 95 91 96 88 97 98 87 82 84 80 83 85 86 03 06 07 00 05 09 08 01 02 04 81 
90 89 94 93 95 91 96 88 97 92 38 39 31 30 33 32 35 34 37 36 29 28 21 20 23 22 25 24 27 26 72 79 71 70 74 73 76 75 78 77 51 59 50 52 54 53 56 55 58 57 08 06 09 00 01 03 02 05 04 07 49 46 48 41 40 43 42 45 44 47 61 69 67 62 60 64 63 66 65 68 86 98 83 80 85 81 84 87 13 16 17 10 15 19 18 11 12 14 82 
69 61 62 60 64 63 66 65 68 67 08 09 00 01 03 02 05 04 07 06 89 90 94 93 95 91 96 88 97 92 51 59 50 52 54 53 56 55 58 57 49 48 41 40 43 42 45 44 47 46 18 16 19 10 11 13 12 15 14 17 72 77 79 71 70 74 73 76 75 78 29 28 26 21 20 23 22 25 24 27 87 86 81 85 84 82 80 98 33 36 37 31 35 39 38 30 32 34 83 
38 39 31 30 33 32 35 34 37 36 79 72 71 70 74 73 76 75 78 77 19 18 10 11 13 12 15 14 17 16 89 90 94 93 95 91 96 88 97 92 61 69 62 60 64 63 66 65 68 67 59 57 51 50 52 54 53 56 55 58 29 26 28 21 20 23 22 25 24 27 09 08 06 00 01 03 02 05 04 07 81 83 80 98 86 85 87 82 43 46 47 41 45 49 48 40 42 44 84 
18 19 10 11 13 12 15 14 17 16 48 49 41 40 43 42 45 44 47 46 09 08 00 01 03 02 05 04 07 06 29 28 21 20 23 22 25 24 27 26 89 90 94 93 95 91 96 88 97 92 79 77 72 71 70 74 73 76 75 78 61 67 69 62 60 64 63 66 65 68 39 38 36 31 30 33 32 35 34 37 83 82 84 87 98 80 86 81 54 57 58 50 56 51 59 52 53 55 85 
48 49 41 40 43 42 45 44 47 46 28 29 21 20 23 22 25 24 27 26 51 59 50 52 54 53 56 55 58 57 19 18 10 11 13 12 15 14 17 16 39 38 31 30 33 32 35 34 37 36 90 92 89 94 93 95 91 96 88 97 09 06 08 00 01 03 02 05 04 07 72 79 77 71 70 74 73 76 75 78 80 84 87 82 83 98 81 85 64 67 68 62 66 61 69 60 63 65 86 
79 72 71 70 74 73 76 75 78 77 90 89 94 93 95 91 96 88 97 92 49 48 41 40 43 42 45 44 47 46 39 38 31 30 33 32 35 34 37 36 09 08 00 01 03 02 05 04 07 06 69 67 61 62 60 64 63 66 65 68 19 16 18 10 11 13 12 15 14 17 51 59 57 50 52 54 53 56 55 58 85 80 98 83 81 86 82 84 23 26 27 21 25 29 28 20 22 24 87 
56 58 52 57 55 85 53 51 50 59 66 68 60 67 65 86 63 61 62 69 78 76 70 77 75 80 73 72 71 79 07 05 01 06 04 81 02 09 00 08 17 15 11 16 14 82 12 19 10 18 25 28 27 20 26 24 87 22 29 21 37 38 35 30 36 34 83 32 39 31 47 45 48 40 46 44 84 42 49 41 43 54 64 03 13 23 33 74 88 96 98 89 97 90 95 93 92 94 91 
58 53 54 55 59 52 50 56 85 51 68 63 64 65 69 60 62 66 86 61 73 78 74 75 79 70 71 76 80 72 02 07 03 04 08 01 00 05 81 09 12 17 13 14 18 11 10 15 82 19 27 29 22 23 24 28 20 21 25 87 32 39 37 33 34 38 30 31 35 83 42 47 49 43 44 48 40 41 45 84 46 57 67 06 16 26 36 77 92 89 94 90 96 88 93 98 95 91 97 
54 57 56 53 50 51 55 52 59 85 64 67 66 63 62 61 65 60 69 86 77 74 76 73 71 72 75 70 79 80 06 03 05 02 00 09 04 01 08 81 16 13 15 12 10 19 14 11 18 82 23 87 26 25 22 21 29 24 20 28 36 83 33 35 32 31 39 34 30 38 46 43 84 45 42 41 49 44 40 48 47 58 68 07 17 27 37 78 91 93 90 98 95 94 96 89 97 88 92 
55 59 53 85 52 58 51 57 56 54 65 69 63 86 60 68 61 67 66 64 79 75 73 80 70 78 72 77 76 74 08 04 02 81 01 07 09 06 05 03 18 14 12 82 11 17 19 16 15 13 24 23 28 22 87 20 27 29 26 25 38 33 34 32 83 30 37 39 36 35 48 44 43 42 84 40 47 49 46 45 41 50 62 00 10 21 31 71 96 94 92 91 98 97 90 88 89 95 93 
52 54 51 58 53 59 57 85 55 50 60 64 61 68 63 69 67 86 65 62 74 70 72 78 73 79 77 80 75 71 03 01 09 07 02 08 06 81 04 00 13 11 19 17 12 18 16 82 14 10 20 21 23 29 27 22 28 26 87 24 33 31 30 39 37 32 38 36 83 34 43 40 41 49 47 42 48 46 84 44 45 56 66 05 15 25 35 76 94 95 89 93 92 98 97 96 91 90 88 
85 52 59 56 58 55 54 50 57 53 86 60 69 66 68 65 64 62 67 63 70 80 79 76 78 75 74 71 77 73 01 81 08 05 07 04 03 00 06 02 11 82 18 15 17 14 13 10 16 12 87 22 20 28 25 27 24 23 21 26 30 32 83 38 35 37 34 33 31 36 40 84 42 48 45 47 44 43 41 46 49 51 61 09 19 29 39 72 98 92 96 95 88 93 91 97 94 89 90 
50 85 55 51 56 57 52 53 54 58 62 86 65 61 66 67 60 63 64 68 80 71 75 72 76 77 70 73 74 78 81 00 04 09 05 06 01 02 03 07 82 10 14 19 15 16 11 12 13 17 21 27 87 24 29 25 26 20 22 23 83 37 31 34 39 35 36 30 32 33 84 41 47 44 49 45 46 40 42 43 48 59 69 08 18 28 38 79 93 88 97 92 90 95 94 91 98 96 89 
51 56 85 54 57 50 58 59 53 55 61 66 86 64 67 62 68 69 63 65 76 72 80 74 77 71 78 79 73 75 05 09 81 03 06 00 07 08 02 04 15 19 82 13 16 10 17 18 12 14 29 24 25 87 23 26 21 27 28 22 35 34 39 83 33 36 31 37 38 32 45 49 44 84 43 46 41 47 48 42 40 52 60 01 11 20 30 70 90 97 93 96 91 89 92 95 88 98 94 
57 55 58 50 85 56 59 54 51 52 67 65 68 62 86 66 69 64 61 60 75 77 78 71 80 76 79 74 72 70 04 06 07 00 81 05 08 03 09 01 14 16 17 10 82 15 18 13 19 11 26 20 24 27 21 87 25 28 23 29 34 30 36 37 31 83 35 38 33 39 44 46 40 47 41 84 45 48 43 49 42 53 63 02 12 22 32 73 97 98 88 94 93 91 89 90 96 92 95 
53 50 57 59 51 54 85 58 52 56 63 62 67 69 61 64 86 68 60 66 71 73 77 79 72 74 80 78 70 76 00 02 06 08 09 03 81 07 01 05 10 12 16 18 19 13 82 17 11 15 22 25 21 26 28 29 23 87 27 20 31 35 32 36 38 39 33 83 37 30 41 42 45 46 48 49 43 84 47 40 44 55 65 04 14 24 34 75 95 90 91 88 89 92 98 94 93 97 96 
59 51 50 52 54 53 56 55 58 57 69 61 62 60 64 63 66 65 68 67 72 79 71 70 74 73 76 75 78 77 09 08 00 01 03 02 05 04 07 06 19 18 10 11 13 12 15 14 17 16 28 26 29 21 20 23 22 25 24 27 39 36 38 31 30 33 32 35 34 37 49 48 46 41 40 43 42 45 44 47 84 85 86 81 82 87 83 80 89 91 95 97 94 96 88 92 90 93 98 
