20 23 63 29 28 22 25 21 26 24 14 11 13 65 19 18 12 15 10 16 79 81 80 98 86 85 77 82 78 83 43 44 42 62 49 48 40 45 41 46 70 71 69 61 76 75 67 72 68 73 33 34 32 66 39 38 30 35 31 36 27 96 74 84 37 17 47 88 93 90 87 89 97 92 94 91 95 53 54 52 64 59 58 50 55 51 56 6  60 5  0  3  2  8  7  1  4  9  57 
25 22 24 63 21 29 23 26 20 27 17 15 12 14 65 10 19 13 16 11 82 84 77 81 98 78 86 80 83 79 40 47 45 44 62 41 49 43 46 42 67 74 72 71 61 68 76 70 73 69 30 37 35 34 66 31 39 33 36 32 28 97 75 85 38 18 48 92 96 94 93 87 91 89 88 95 90 50 57 55 54 64 51 59 53 56 52 7  3  0  4  6  1  60 9  8  2  5  58 
28 26 23 25 63 20 21 24 27 22 12 18 16 13 15 65 11 10 14 17 85 77 83 80 82 98 79 78 81 84 46 40 48 43 45 62 42 41 44 47 73 67 75 70 72 61 69 68 71 74 36 30 38 33 35 66 32 31 34 37 29 89 76 86 39 19 49 95 92 97 88 94 87 90 91 93 96 56 50 58 53 55 64 52 51 54 57 8  2  6  7  1  5  4  60 0  9  3  59 
23 29 27 24 26 63 22 20 25 28 18 13 19 17 14 16 65 12 11 15 80 85 86 84 81 83 98 77 79 82 49 48 43 47 44 46 62 40 42 45 76 75 70 74 71 73 61 67 69 72 39 38 33 37 34 36 66 30 32 35 21 91 68 78 31 10 41 89 97 88 96 93 95 87 92 90 94 59 58 53 57 54 56 64 50 52 55 9  6  4  2  7  8  3  5  60 1  0  51 
29 24 21 28 25 27 63 23 22 26 16 19 14 10 18 15 17 65 13 12 86 83 81 78 85 82 84 98 80 77 44 46 49 41 48 45 47 62 43 40 71 73 76 68 75 72 74 61 70 67 34 36 39 31 38 35 37 66 33 30 20 90 69 79 32 11 42 93 95 89 91 97 94 96 87 88 92 54 56 59 51 58 55 57 64 53 50 0  9  1  8  5  3  7  4  6  60 2  52 
27 21 25 20 29 26 28 63 24 23 13 17 10 15 11 19 16 18 65 14 84 80 78 82 79 86 83 85 98 81 41 43 47 45 42 49 46 48 62 44 68 70 74 72 69 76 73 75 61 71 31 33 37 35 32 39 36 38 66 34 22 92 67 77 30 12 40 91 88 96 94 90 89 95 97 87 93 51 53 57 55 52 59 56 58 64 54 1  4  3  6  2  9  0  8  5  7  60 50 
24 28 20 26 22 21 27 29 63 25 15 14 18 11 16 12 10 17 19 65 81 82 85 79 83 77 78 84 86 98 48 45 44 42 46 40 41 47 49 62 75 72 71 69 73 67 68 74 76 61 38 35 34 32 36 30 31 37 39 66 23 88 70 80 33 13 43 97 94 93 90 95 92 91 96 89 87 58 55 54 52 56 50 51 57 59 64 2  0  60 3  4  7  5  1  9  6  8  53 
26 25 29 22 27 23 20 28 21 63 65 16 15 19 12 17 13 11 18 10 83 98 82 86 77 84 80 79 85 78 45 62 46 49 40 47 43 42 48 41 72 61 73 76 67 74 70 69 75 68 35 66 36 39 30 37 33 32 38 31 24 93 71 81 34 14 44 94 87 95 89 92 96 88 90 97 91 55 64 56 59 50 57 53 52 58 51 3  8  9  5  60 4  1  6  2  0  7  54 
63 27 26 21 23 28 24 22 29 20 11 65 17 16 10 13 18 14 12 19 98 79 84 83 78 80 85 81 77 86 47 42 62 46 41 43 48 44 40 49 74 69 61 73 68 70 75 71 67 76 37 32 66 36 31 33 38 34 30 39 25 94 72 82 35 15 45 96 90 87 95 91 88 97 93 92 89 57 52 64 56 51 53 58 54 50 59 4  5  8  60 0  6  9  2  7  3  1  55 
22 63 28 27 20 24 29 25 23 21 10 12 65 18 17 11 14 19 15 13 77 78 98 85 84 79 81 86 82 80 62 41 40 48 47 42 44 49 45 43 61 68 67 75 74 69 71 76 72 70 66 31 30 38 37 32 34 39 35 33 26 95 73 83 36 16 46 87 91 92 97 96 90 93 89 94 88 64 51 50 58 57 52 54 59 55 53 5  7  2  1  9  60 6  0  3  8  4  56 
92 87 97 96 90 93 89 94 88 91 31 30 66 38 37 32 34 39 35 33 22 21 63 28 27 20 24 29 25 23 61 68 67 75 74 69 71 76 72 70 64 51 50 58 57 52 54 59 55 53 60 9  1  7  6  0  3  8  4  2  95 83 56 26 5  36 73 98 78 77 85 84 79 81 86 82 80 62 41 40 48 47 42 44 49 45 43 16 18 13 12 10 65 17 11 14 19 15 46 
90 88 87 89 97 92 94 91 95 93 34 32 33 66 39 38 30 35 31 36 20 24 23 63 29 28 22 25 21 26 70 71 69 61 76 75 67 72 68 73 53 54 52 64 59 58 50 55 51 56 2  3  0  60 8  7  1  4  9  5  96 84 57 27 6  37 74 80 81 79 98 86 85 77 82 78 83 43 44 42 62 49 48 40 45 41 46 17 65 16 11 14 13 19 18 12 15 10 47 
94 92 93 87 91 89 88 95 90 96 37 35 30 34 66 31 39 33 36 32 25 27 22 24 63 21 29 23 26 20 67 74 72 71 61 68 76 70 73 69 50 57 55 54 64 51 59 53 56 52 1  6  4  3  60 9  8  2  5  0  97 85 58 28 7  38 75 77 84 82 81 98 78 86 80 83 79 40 47 45 44 62 41 49 43 46 42 18 14 11 15 17 12 65 10 19 13 16 48 
97 95 88 94 87 90 91 93 96 92 30 38 36 33 35 66 32 31 34 37 28 22 26 23 25 63 20 21 24 27 73 67 75 70 72 61 69 68 71 74 56 50 58 53 55 64 52 51 54 57 5  1  7  2  4  60 0  9  3  6  89 86 59 29 8  39 76 83 77 85 80 82 98 79 78 81 84 46 40 48 43 45 62 42 41 44 47 19 13 17 18 12 16 15 65 11 10 14 49 
88 89 96 93 95 87 92 90 94 97 38 33 39 37 34 36 66 30 32 35 23 28 29 27 24 26 63 22 20 25 76 75 70 74 71 73 61 67 69 72 59 58 53 57 54 56 64 50 52 55 8  7  2  6  3  5  60 1  0  4  91 78 51 21 9  31 68 86 85 80 84 81 83 98 77 79 82 49 48 43 47 44 46 62 40 42 45 10 17 15 13 18 19 14 16 65 12 11 41 
89 93 91 97 94 96 87 88 92 95 36 39 34 31 38 35 37 66 33 30 29 26 24 21 28 25 27 63 23 22 71 73 76 68 75 72 74 61 70 67 54 56 59 51 58 55 57 64 53 50 3  5  8  9  7  4  6  60 2  1  90 79 52 20 0  32 69 81 83 86 78 85 82 84 98 80 77 44 46 49 41 48 45 47 62 43 40 11 10 12 19 16 14 18 15 17 65 13 42 
96 91 94 90 89 95 97 87 93 88 33 37 31 35 32 39 36 38 66 34 27 23 21 25 20 29 26 28 63 24 68 70 74 72 69 76 73 75 61 71 51 53 57 55 52 59 56 58 64 54 9  2  6  4  0  8  5  7  60 3  92 77 50 22 1  30 67 78 80 84 82 79 86 83 85 98 81 41 43 47 45 42 49 46 48 62 44 12 15 14 17 13 10 11 19 16 18 65 40 
93 97 90 95 92 91 96 89 87 94 35 34 38 32 36 30 31 37 39 66 24 25 28 20 26 22 21 27 29 63 75 72 71 69 73 67 68 74 76 61 58 55 54 52 56 50 51 57 59 64 7  4  3  0  5  1  9  6  8  60 88 80 53 23 2  33 70 85 82 81 79 83 77 78 84 86 98 48 45 44 42 46 40 41 47 49 62 13 11 65 14 15 18 16 12 10 17 19 43 
95 94 89 92 96 88 90 97 91 87 66 36 35 39 30 37 33 32 38 31 26 63 25 29 22 27 23 20 28 21 72 61 73 76 67 74 70 69 75 68 55 64 56 59 50 57 53 52 58 51 4  60 5  8  1  6  2  0  7  9  93 81 54 24 3  34 71 82 98 83 86 77 84 80 79 85 78 45 62 46 49 40 47 43 42 48 41 14 19 10 16 65 15 12 17 13 11 18 44 
87 96 95 91 88 97 93 92 89 90 32 66 37 36 31 33 38 34 30 39 63 20 27 26 21 23 28 24 22 29 74 69 61 73 68 70 75 71 67 76 57 52 64 56 51 53 58 54 50 59 6  0  60 5  9  2  7  3  1  8  94 82 55 25 4  35 72 84 79 98 83 78 80 85 81 77 86 47 42 62 46 41 43 48 44 40 49 15 16 19 65 11 17 10 13 18 14 12 45 
69 70 61 76 75 67 72 68 73 71 93 90 88 87 89 97 92 94 91 95 42 44 43 62 49 48 40 45 41 46 33 34 32 66 39 38 30 35 31 36 2  3  0  60 8  7  1  4  9  5  80 81 79 98 86 85 77 82 78 83 74 57 6  47 84 96 37 53 54 52 64 59 58 50 55 51 56 13 14 11 65 19 18 12 15 10 16 27 63 26 20 24 23 29 28 22 25 21 17 
67 61 75 74 69 71 76 72 70 68 91 92 87 97 96 90 93 89 94 88 40 41 62 48 47 42 44 49 45 43 66 31 30 38 37 32 34 39 35 33 60 9  1  7  6  0  3  8  4  2  98 78 77 85 84 79 81 86 82 80 73 56 5  46 83 95 36 64 51 50 58 57 52 54 59 55 53 65 10 12 18 17 11 14 19 15 13 26 28 23 22 21 63 27 20 24 29 25 16 
72 67 71 61 68 76 70 73 69 74 96 94 92 93 87 91 89 88 95 90 45 47 40 44 62 41 49 43 46 42 30 37 35 34 66 31 39 33 36 32 1  6  4  3  60 9  8  2  5  0  77 84 82 81 98 78 86 80 83 79 75 58 7  48 85 97 38 50 57 55 54 64 51 59 53 56 52 12 17 15 14 65 10 19 13 16 11 28 24 20 25 27 22 63 21 29 23 26 18 
75 73 70 72 61 69 68 71 74 67 92 97 95 88 94 87 90 91 93 96 48 40 46 43 45 62 42 41 44 47 36 30 38 33 35 66 32 31 34 37 5  1  7  2  4  60 0  9  3  6  83 77 85 80 82 98 79 78 81 84 76 59 8  49 86 89 39 56 50 58 53 55 64 52 51 54 57 16 12 18 13 15 65 11 10 14 17 29 23 27 28 22 26 25 63 20 21 24 19 
70 76 74 71 73 61 67 69 72 75 97 88 89 96 93 95 87 92 90 94 43 48 49 47 44 46 62 40 42 45 39 38 33 37 34 36 66 30 32 35 8  7  2  6  3  5  60 1  0  4  86 85 80 84 81 83 98 77 79 82 68 51 9  41 78 91 31 59 58 53 57 54 56 64 50 52 55 19 18 13 17 14 16 65 12 11 15 21 27 25 23 28 29 24 26 63 22 20 10 
76 71 68 75 72 74 61 70 67 73 95 89 93 91 97 94 96 87 88 92 49 46 44 41 48 45 47 62 43 40 34 36 39 31 38 35 37 66 33 30 3  5  8  9  7  4  6  60 2  1  81 83 86 78 85 82 84 98 80 77 69 52 0  42 79 90 32 54 56 59 51 58 55 57 64 53 50 14 16 19 10 18 15 17 65 13 12 20 21 22 29 26 24 28 25 27 63 23 11 
74 68 72 69 76 73 75 61 71 70 88 96 91 94 90 89 95 97 87 93 47 43 41 45 42 49 46 48 62 44 31 33 37 35 32 39 36 38 66 34 9  2  6  4  0  8  5  7  60 3  78 80 84 82 79 86 83 85 98 81 67 50 1  40 77 92 30 51 53 57 55 52 59 56 58 64 54 10 13 17 15 11 19 16 18 65 14 22 25 24 27 23 21 20 29 26 28 63 12 
71 75 69 73 67 68 74 76 61 72 94 93 97 90 95 92 91 96 89 87 44 45 48 42 46 40 41 47 49 62 38 35 34 32 36 30 31 37 39 66 7  4  3  0  5  1  9  6  8  60 85 82 81 79 83 77 78 84 86 98 70 53 2  43 80 88 33 58 55 54 52 56 50 51 57 59 64 18 15 14 11 16 12 10 17 19 65 23 20 63 24 25 28 26 22 21 27 29 13 
73 72 76 67 74 70 69 75 68 61 87 95 94 89 92 96 88 90 97 91 46 62 45 49 40 47 43 42 48 41 35 66 36 39 30 37 33 32 38 31 4  60 5  8  1  6  2  0  7  9  82 98 83 86 77 84 80 79 85 78 71 54 3  44 81 93 34 55 64 56 59 50 57 53 52 58 51 15 65 16 19 12 17 13 11 18 10 24 29 21 26 63 25 22 27 23 20 28 14 
61 74 73 68 70 75 71 67 76 69 90 87 96 95 91 88 97 93 92 89 62 42 47 46 41 43 48 44 40 49 37 32 66 36 31 33 38 34 30 39 6  0  60 5  9  2  7  3  1  8  84 79 98 83 78 80 85 81 77 86 72 55 4  45 82 94 35 57 52 64 56 51 53 58 54 50 59 17 11 65 16 10 13 18 14 12 19 25 26 29 63 20 27 21 23 28 24 22 15 
82 77 81 98 78 86 80 83 79 84 6  4  1  3  60 9  8  2  5  0  94 96 92 93 87 91 89 88 95 90 50 57 55 54 64 51 59 53 56 52 40 47 45 44 62 41 49 43 46 42 12 17 15 14 65 10 19 13 16 11 85 28 48 97 18 7  58 22 27 25 24 63 21 29 23 26 20 67 74 72 71 61 68 76 70 73 69 38 34 32 35 37 30 66 31 39 33 36 75 
77 98 85 84 79 81 86 82 80 78 9  1  60 7  6  0  3  8  4  2  92 91 87 97 96 90 93 89 94 88 64 51 50 58 57 52 54 59 55 53 62 41 40 48 47 42 44 49 45 43 65 10 12 18 17 11 14 19 15 13 83 26 46 95 16 5  56 63 21 22 28 27 20 24 29 25 23 61 68 67 75 74 69 71 76 72 70 36 38 33 30 31 66 37 32 34 39 35 73 
79 80 98 86 85 77 82 78 83 81 3  0  2  60 8  7  1  4  9  5  90 93 88 87 89 97 92 94 91 95 53 54 52 64 59 58 50 55 51 56 43 44 42 62 49 48 40 45 41 46 13 14 11 65 19 18 12 15 10 16 84 27 47 96 17 6  57 23 24 20 63 29 28 22 25 21 26 70 71 69 61 76 75 67 72 68 73 37 66 36 32 34 33 39 38 30 35 31 74 
85 83 80 82 98 79 78 81 84 77 1  7  5  2  4  60 0  9  3  6  97 92 95 88 94 87 90 91 93 96 56 50 58 53 55 64 52 51 54 57 46 40 48 43 45 62 42 41 44 47 16 12 18 13 15 65 11 10 14 17 86 29 49 89 19 8  59 26 22 28 23 25 63 20 21 24 27 73 67 75 70 72 61 69 68 71 74 39 33 37 38 30 36 35 66 32 31 34 76 
80 86 84 81 83 98 77 79 82 85 7  2  8  6  3  5  60 1  0  4  88 97 89 96 93 95 87 92 90 94 59 58 53 57 54 56 64 50 52 55 49 48 43 47 44 46 62 40 42 45 19 18 13 17 14 16 65 12 11 15 78 21 41 91 10 9  51 29 28 23 27 24 26 63 22 20 25 76 75 70 74 71 73 61 67 69 72 31 37 35 33 38 39 34 36 66 30 32 68 
86 81 78 85 82 84 98 80 77 83 5  8  3  9  7  4  6  60 2  1  89 95 93 91 97 94 96 87 88 92 54 56 59 51 58 55 57 64 53 50 44 46 49 41 48 45 47 62 43 40 14 16 19 10 18 15 17 65 13 12 79 20 42 90 11 0  52 24 26 29 21 28 25 27 63 23 22 71 73 76 68 75 72 74 61 70 67 32 31 30 39 36 34 38 35 37 66 33 69 
84 78 82 79 86 83 85 98 81 80 2  6  9  4  0  8  5  7  60 3  96 88 91 94 90 89 95 97 87 93 51 53 57 55 52 59 56 58 64 54 41 43 47 45 42 49 46 48 62 44 10 13 17 15 11 19 16 18 65 14 77 22 40 92 12 1  50 21 23 27 25 20 29 26 28 63 24 68 70 74 72 69 76 73 75 61 71 30 35 34 37 33 31 32 39 36 38 66 67 
81 85 79 83 77 78 84 86 98 82 4  3  7  0  5  1  9  6  8  60 93 94 97 90 95 92 91 96 89 87 58 55 54 52 56 50 51 57 59 64 48 45 44 42 46 40 41 47 49 62 18 15 14 11 16 12 10 17 19 65 80 23 43 88 13 2  53 28 25 24 20 26 22 21 27 29 63 75 72 71 69 73 67 68 74 76 61 33 32 66 34 35 38 36 30 31 37 39 70 
83 82 86 77 84 80 79 85 78 98 60 5  4  8  1  6  2  0  7  9  95 87 94 89 92 96 88 90 97 91 55 64 56 59 50 57 53 52 58 51 45 62 46 49 40 47 43 42 48 41 15 65 16 19 12 17 13 11 18 10 81 24 44 93 14 3  54 25 63 26 29 22 27 23 20 28 21 72 61 73 76 67 74 70 69 75 68 34 39 31 36 66 35 30 37 33 32 38 71 
98 84 83 78 80 85 81 77 86 79 0  60 6  5  9  2  7  3  1  8  87 90 96 95 91 88 97 93 92 89 57 52 64 56 51 53 58 54 50 59 47 42 62 46 41 43 48 44 40 49 17 11 65 16 10 13 18 14 12 19 82 25 45 94 15 4  55 27 20 63 26 21 23 28 24 22 29 74 69 61 73 68 70 75 71 67 76 35 36 39 66 32 37 31 33 38 34 30 72 
35 30 34 66 31 39 33 36 32 37 74 72 67 71 61 68 76 70 73 69 15 17 12 14 65 10 19 13 16 11 92 96 94 93 87 91 89 88 95 90 77 84 82 81 98 78 86 80 83 79 50 57 55 54 64 51 59 53 56 52 38 7  85 18 58 75 97 1  6  4  3  60 9  8  2  5  0  22 27 25 24 63 21 29 23 26 20 48 44 42 45 47 40 62 41 49 43 46 28 
30 66 38 37 32 34 39 35 33 31 68 67 61 75 74 69 71 76 72 70 12 10 65 18 17 11 14 19 15 13 87 91 92 97 96 90 93 89 94 88 98 78 77 85 84 79 81 86 82 80 64 51 50 58 57 52 54 59 55 53 36 5  83 16 56 73 95 60 9  1  7  6  0  3  8  4  2  63 21 22 28 27 20 24 29 25 23 46 48 43 40 41 62 47 42 44 49 45 26 
32 33 66 39 38 30 35 31 36 34 71 69 70 61 76 75 67 72 68 73 11 14 13 65 19 18 12 15 10 16 88 93 90 87 89 97 92 94 91 95 80 81 79 98 86 85 77 82 78 83 53 54 52 64 59 58 50 55 51 56 37 6  84 17 57 74 96 2  3  0  60 8  7  1  4  9  5  23 24 20 63 29 28 22 25 21 26 47 62 46 42 44 43 49 48 40 45 41 27 
38 36 33 35 66 32 31 34 37 30 67 75 73 70 72 61 69 68 71 74 18 12 16 13 15 65 11 10 14 17 95 92 97 88 94 87 90 91 93 96 83 77 85 80 82 98 79 78 81 84 56 50 58 53 55 64 52 51 54 57 39 8  86 19 59 76 89 5  1  7  2  4  60 0  9  3  6  26 22 28 23 25 63 20 21 24 27 49 43 47 48 40 46 45 62 42 41 44 29 
33 39 37 34 36 66 30 32 35 38 75 70 76 74 71 73 61 67 69 72 13 18 19 17 14 16 65 12 11 15 89 97 88 96 93 95 87 92 90 94 86 85 80 84 81 83 98 77 79 82 59 58 53 57 54 56 64 50 52 55 31 9  78 10 51 68 91 8  7  2  6  3  5  60 1  0  4  29 28 23 27 24 26 63 22 20 25 41 47 45 43 48 49 44 46 62 40 42 21 
39 34 31 38 35 37 66 33 30 36 73 76 71 68 75 72 74 61 70 67 19 16 14 10 18 15 17 65 13 12 93 95 89 91 97 94 96 87 88 92 81 83 86 78 85 82 84 98 80 77 54 56 59 51 58 55 57 64 53 50 32 0  79 11 52 69 90 3  5  8  9  7  4  6  60 2  1  24 26 29 21 28 25 27 63 23 22 42 41 40 49 46 44 48 45 47 62 43 20 
37 31 35 32 39 36 38 66 34 33 70 74 68 72 69 76 73 75 61 71 17 13 10 15 11 19 16 18 65 14 91 88 96 94 90 89 95 97 87 93 78 80 84 82 79 86 83 85 98 81 51 53 57 55 52 59 56 58 64 54 30 1  77 12 50 67 92 9  2  6  4  0  8  5  7  60 3  21 23 27 25 20 29 26 28 63 24 40 45 44 47 43 41 42 49 46 48 62 22 
34 38 32 36 30 31 37 39 66 35 72 71 75 69 73 67 68 74 76 61 14 15 18 11 16 12 10 17 19 65 97 94 93 90 95 92 91 96 89 87 85 82 81 79 83 77 78 84 86 98 58 55 54 52 56 50 51 57 59 64 33 2  80 13 53 70 88 7  4  3  0  5  1  9  6  8  60 28 25 24 20 26 22 21 27 29 63 43 42 62 44 45 48 46 40 41 47 49 23 
36 35 39 30 37 33 32 38 31 66 61 73 72 76 67 74 70 69 75 68 16 65 15 19 12 17 13 11 18 10 94 87 95 89 92 96 88 90 97 91 82 98 83 86 77 84 80 79 85 78 55 64 56 59 50 57 53 52 58 51 34 3  81 14 54 71 93 4  60 5  8  1  6  2  0  7  9  25 63 26 29 22 27 23 20 28 21 44 49 41 46 62 45 40 47 43 42 48 24 
66 37 36 31 33 38 34 30 39 32 69 61 74 73 68 70 75 71 67 76 65 11 17 16 10 13 18 14 12 19 96 90 87 95 91 88 97 93 92 89 84 79 98 83 78 80 85 81 77 86 57 52 64 56 51 53 58 54 50 59 35 4  82 15 55 72 94 6  0  60 5  9  2  7  3  1  8  27 20 63 26 21 23 28 24 22 29 45 46 49 62 42 47 41 43 48 44 40 25 
15 12 14 65 10 19 13 16 11 17 47 45 40 44 62 41 49 43 46 42 4  6  1  3  60 9  8  2  5  0  22 27 25 24 63 21 29 23 26 20 92 96 94 93 87 91 89 88 95 90 67 74 72 71 61 68 76 70 73 69 18 38 97 7  75 48 28 30 37 35 34 66 31 39 33 36 32 77 84 82 81 98 78 86 80 83 79 58 54 52 55 57 50 64 51 59 53 56 85 
12 65 18 17 11 14 19 15 13 10 41 40 62 48 47 42 44 49 45 43 1  9  60 7  6  0  3  8  4  2  63 21 22 28 27 20 24 29 25 23 87 91 92 97 96 90 93 89 94 88 61 68 67 75 74 69 71 76 72 70 16 36 95 5  73 46 26 66 31 30 38 37 32 34 39 35 33 98 78 77 85 84 79 81 86 82 80 56 58 53 50 51 64 57 52 54 59 55 83 
11 13 65 19 18 12 15 10 16 14 44 42 43 62 49 48 40 45 41 46 0  3  2  60 8  7  1  4  9  5  23 24 20 63 29 28 22 25 21 26 88 93 90 87 89 97 92 94 91 95 70 71 69 61 76 75 67 72 68 73 17 37 96 6  74 47 27 33 34 32 66 39 38 30 35 31 36 80 81 79 98 86 85 77 82 78 83 57 64 56 52 54 53 59 58 50 55 51 84 
18 16 13 15 65 11 10 14 17 12 40 48 46 43 45 62 42 41 44 47 7  1  5  2  4  60 0  9  3  6  26 22 28 23 25 63 20 21 24 27 95 92 97 88 94 87 90 91 93 96 73 67 75 70 72 61 69 68 71 74 19 39 89 8  76 49 29 36 30 38 33 35 66 32 31 34 37 83 77 85 80 82 98 79 78 81 84 59 53 57 58 50 56 55 64 52 51 54 86 
13 19 17 14 16 65 12 11 15 18 48 43 49 47 44 46 62 40 42 45 2  7  8  6  3  5  60 1  0  4  29 28 23 27 24 26 63 22 20 25 89 97 88 96 93 95 87 92 90 94 76 75 70 74 71 73 61 67 69 72 10 31 91 9  68 41 21 39 38 33 37 34 36 66 30 32 35 86 85 80 84 81 83 98 77 79 82 51 57 55 53 58 59 54 56 64 50 52 78 
19 14 10 18 15 17 65 13 12 16 46 49 44 41 48 45 47 62 43 40 8  5  3  9  7  4  6  60 2  1  24 26 29 21 28 25 27 63 23 22 93 95 89 91 97 94 96 87 88 92 71 73 76 68 75 72 74 61 70 67 11 32 90 0  69 42 20 34 36 39 31 38 35 37 66 33 30 81 83 86 78 85 82 84 98 80 77 52 51 50 59 56 54 58 55 57 64 53 79 
17 10 15 11 19 16 18 65 14 13 43 47 41 45 42 49 46 48 62 44 6  2  9  4  0  8  5  7  60 3  21 23 27 25 20 29 26 28 63 24 91 88 96 94 90 89 95 97 87 93 68 70 74 72 69 76 73 75 61 71 12 30 92 1  67 40 22 31 33 37 35 32 39 36 38 66 34 78 80 84 82 79 86 83 85 98 81 50 55 54 57 53 51 52 59 56 58 64 77 
14 18 11 16 12 10 17 19 65 15 45 44 48 42 46 40 41 47 49 62 3  4  7  0  5  1  9  6  8  60 28 25 24 20 26 22 21 27 29 63 97 94 93 90 95 92 91 96 89 87 75 72 71 69 73 67 68 74 76 61 13 33 88 2  70 43 23 38 35 34 32 36 30 31 37 39 66 85 82 81 79 83 77 78 84 86 98 53 52 64 54 55 58 56 50 51 57 59 80 
16 15 19 12 17 13 11 18 10 65 62 46 45 49 40 47 43 42 48 41 5  60 4  8  1  6  2  0  7  9  25 63 26 29 22 27 23 20 28 21 94 87 95 89 92 96 88 90 97 91 72 61 73 76 67 74 70 69 75 68 14 34 93 3  71 44 24 35 66 36 39 30 37 33 32 38 31 82 98 83 86 77 84 80 79 85 78 54 59 51 56 64 55 50 57 53 52 58 81 
65 17 16 10 13 18 14 12 19 11 42 62 47 46 41 43 48 44 40 49 60 0  6  5  9  2  7  3  1  8  27 20 63 26 21 23 28 24 22 29 96 90 87 95 91 88 97 93 92 89 74 69 61 73 68 70 75 71 67 76 15 35 94 4  72 45 25 37 32 66 36 31 33 38 34 30 39 84 79 98 83 78 80 85 81 77 86 55 56 59 64 52 57 51 53 58 54 50 82 
21 20 22 23 24 25 26 27 28 29 19 10 11 12 13 14 15 16 17 18 78 86 79 77 80 81 82 83 84 85 42 49 41 40 43 44 45 46 47 48 69 76 68 67 70 71 72 73 74 75 32 39 31 30 33 34 35 36 37 38 62 61 66 64 87 63 65 90 89 91 92 88 93 94 95 96 97 52 59 51 50 53 54 55 56 57 58 98 1  7  9  8  0  2  3  4  5  6  60 
9  0  1  2  3  4  5  6  7  8  59 51 52 50 53 54 55 56 57 58 31 39 32 30 33 34 35 36 37 38 79 86 78 77 80 81 82 83 84 85 20 29 21 22 23 24 25 26 27 28 42 49 41 40 43 44 45 46 47 48 98 63 62 87 65 60 64 11 19 10 12 13 14 15 16 17 18 90 89 91 92 88 93 94 95 96 97 66 67 75 68 76 69 70 71 72 73 74 61 
31 32 30 33 34 35 36 37 38 39 76 68 69 67 70 71 72 73 74 75 10 19 11 12 13 14 15 16 17 18 90 89 91 92 88 93 94 95 96 97 79 86 78 77 80 81 82 83 84 85 52 59 51 50 53 54 55 56 57 58 87 98 64 63 60 66 61 0  8  9  1  2  3  4  5  6  7  20 29 21 22 23 24 25 26 27 28 65 40 48 41 49 42 43 44 45 46 47 62 
68 69 67 70 71 72 73 74 75 76 89 91 90 92 88 93 94 95 96 97 41 49 42 40 43 44 45 46 47 48 32 39 31 30 33 34 35 36 37 38 0  8  9  1  2  3  4  5  6  7  79 86 78 77 80 81 82 83 84 85 66 60 98 65 64 61 87 52 59 51 50 53 54 55 56 57 58 11 19 10 12 13 14 15 16 17 18 62 22 28 21 29 20 23 24 25 26 27 63 
10 11 12 13 14 15 16 17 18 19 49 41 42 40 43 44 45 46 47 48 9  8  0  1  2  3  4  5  6  7  20 29 21 22 23 24 25 26 27 28 90 89 91 92 88 93 94 95 96 97 69 76 68 67 70 71 72 73 74 75 63 87 61 98 66 65 62 32 39 31 30 33 34 35 36 37 38 79 86 78 77 80 81 82 83 84 85 60 50 58 51 59 52 53 54 55 56 57 64 
91 90 92 88 93 94 95 96 97 89 39 31 32 30 33 34 35 36 37 38 21 29 20 22 23 24 25 26 27 28 69 76 68 67 70 71 72 73 74 75 52 59 51 50 53 54 55 56 57 58 0  8  9  1  2  3  4  5  6  7  61 64 60 62 98 87 66 79 86 78 77 80 81 82 83 84 85 42 49 41 40 43 44 45 46 47 48 63 12 18 10 19 11 13 14 15 16 17 65 
78 79 77 80 81 82 83 84 85 86 8  9  0  1  2  3  4  5  6  7  91 89 90 92 88 93 94 95 96 97 52 59 51 50 53 54 55 56 57 58 42 49 41 40 43 44 45 46 47 48 11 19 10 12 13 14 15 16 17 18 64 62 65 61 63 98 60 20 29 21 22 23 24 25 26 27 28 69 76 68 67 70 71 72 73 74 75 87 30 38 31 39 32 33 34 35 36 37 66 
4  1  3  60 9  8  2  5  0  6  57 55 50 54 64 51 59 53 56 52 35 37 30 34 66 31 39 33 36 32 77 84 82 81 98 78 86 80 83 79 22 27 25 24 63 21 29 23 26 20 40 47 45 44 62 41 49 43 46 42 7  18 28 38 48 58 85 12 17 15 14 65 10 19 13 16 11 92 96 94 93 87 91 89 88 95 90 75 71 69 72 74 67 61 68 76 70 73 97 
1  60 7  6  0  3  8  4  2  9  51 50 64 58 57 52 54 59 55 53 30 31 66 38 37 32 34 39 35 33 98 78 77 85 84 79 81 86 82 80 63 21 22 28 27 20 24 29 25 23 62 41 40 48 47 42 44 49 45 43 5  16 26 36 46 56 83 65 10 12 18 17 11 14 19 15 13 87 91 92 97 96 90 93 89 94 88 73 75 70 67 68 61 74 69 71 76 72 95 
0  2  60 8  7  1  4  9  5  3  54 52 53 64 59 58 50 55 51 56 32 34 33 66 39 38 30 35 31 36 80 81 79 98 86 85 77 82 78 83 23 24 20 63 29 28 22 25 21 26 43 44 42 62 49 48 40 45 41 46 6  17 27 37 47 57 84 13 14 11 65 19 18 12 15 10 16 88 93 90 87 89 97 92 94 91 95 74 61 73 69 71 70 76 75 67 72 68 96 
7  5  2  4  60 0  9  3  6  1  50 58 56 53 55 64 52 51 54 57 38 30 36 33 35 66 32 31 34 37 83 77 85 80 82 98 79 78 81 84 26 22 28 23 25 63 20 21 24 27 46 40 48 43 45 62 42 41 44 47 8  19 29 39 49 59 86 16 12 18 13 15 65 11 10 14 17 95 92 97 88 94 87 90 91 93 96 76 70 74 75 67 73 72 61 69 68 71 89 
2  8  6  3  5  60 1  0  4  7  58 53 59 57 54 56 64 50 52 55 33 38 39 37 34 36 66 30 32 35 86 85 80 84 81 83 98 77 79 82 29 28 23 27 24 26 63 22 20 25 49 48 43 47 44 46 62 40 42 45 9  10 21 31 41 51 78 19 18 13 17 14 16 65 12 11 15 89 97 88 96 93 95 87 92 90 94 68 74 72 70 75 76 71 73 61 67 69 91 
8  3  9  7  4  6  60 2  1  5  56 59 54 51 58 55 57 64 53 50 39 36 34 31 38 35 37 66 33 30 81 83 86 78 85 82 84 98 80 77 24 26 29 21 28 25 27 63 23 22 44 46 49 41 48 45 47 62 43 40 0  11 20 32 42 52 79 14 16 19 10 18 15 17 65 13 12 93 95 89 91 97 94 96 87 88 92 69 68 67 76 73 71 75 72 74 61 70 90 
6  9  4  0  8  5  7  60 3  2  53 57 51 55 52 59 56 58 64 54 37 33 31 35 32 39 36 38 66 34 78 80 84 82 79 86 83 85 98 81 21 23 27 25 20 29 26 28 63 24 41 43 47 45 42 49 46 48 62 44 1  12 22 30 40 50 77 10 13 17 15 11 19 16 18 65 14 91 88 96 94 90 89 95 97 87 93 67 72 71 74 70 68 69 76 73 75 61 92 
3  7  0  5  1  9  6  8  60 4  55 54 58 52 56 50 51 57 59 64 34 35 38 32 36 30 31 37 39 66 85 82 81 79 83 77 78 84 86 98 28 25 24 20 26 22 21 27 29 63 48 45 44 42 46 40 41 47 49 62 2  13 23 33 43 53 80 18 15 14 11 16 12 10 17 19 65 97 94 93 90 95 92 91 96 89 87 70 69 61 71 72 75 73 67 68 74 76 88 
5  4  8  1  6  2  0  7  9  60 64 56 55 59 50 57 53 52 58 51 36 66 35 39 30 37 33 32 38 31 82 98 83 86 77 84 80 79 85 78 25 63 26 29 22 27 23 20 28 21 45 62 46 49 40 47 43 42 48 41 3  14 24 34 44 54 81 15 65 16 19 12 17 13 11 18 10 94 87 95 89 92 96 88 90 97 91 71 76 68 73 61 72 67 74 70 69 75 93 
60 6  5  9  2  7  3  1  8  0  52 64 57 56 51 53 58 54 50 59 66 32 37 36 31 33 38 34 30 39 84 79 98 83 78 80 85 81 77 86 27 20 63 26 21 23 28 24 22 29 47 42 62 46 41 43 48 44 40 49 4  15 25 35 45 55 82 17 11 65 16 10 13 18 14 12 19 96 90 87 95 91 88 97 93 92 89 72 73 76 61 69 74 68 70 75 71 67 94 
45 40 44 62 41 49 43 46 42 47 27 25 22 24 63 21 29 23 26 20 55 57 50 54 64 51 59 53 56 52 12 17 15 14 65 10 19 13 16 11 30 37 35 34 66 31 39 33 36 32 92 96 94 93 87 91 89 88 95 90 48 75 38 58 97 28 18 67 74 72 71 61 68 76 70 73 69 1  6  4  3  60 9  8  2  5  0  85 81 79 82 84 77 98 78 86 80 83 7  
40 62 48 47 42 44 49 45 43 41 21 22 63 28 27 20 24 29 25 23 50 51 64 58 57 52 54 59 55 53 65 10 12 18 17 11 14 19 15 13 66 31 30 38 37 32 34 39 35 33 87 91 92 97 96 90 93 89 94 88 46 73 36 56 95 26 16 61 68 67 75 74 69 71 76 72 70 60 9  1  7  6  0  3  8  4  2  83 85 80 77 78 98 84 79 81 86 82 5  
42 43 62 49 48 40 45 41 46 44 24 20 23 63 29 28 22 25 21 26 52 54 53 64 59 58 50 55 51 56 13 14 11 65 19 18 12 15 10 16 33 34 32 66 39 38 30 35 31 36 88 93 90 87 89 97 92 94 91 95 47 74 37 57 96 27 17 70 71 69 61 76 75 67 72 68 73 2  3  0  60 8  7  1  4  9  5  84 98 83 79 81 80 86 85 77 82 78 6  
48 46 43 45 62 42 41 44 47 40 22 28 26 23 25 63 20 21 24 27 58 50 56 53 55 64 52 51 54 57 16 12 18 13 15 65 11 10 14 17 36 30 38 33 35 66 32 31 34 37 95 92 97 88 94 87 90 91 93 96 49 76 39 59 89 29 19 73 67 75 70 72 61 69 68 71 74 5  1  7  2  4  60 0  9  3  6  86 80 84 85 77 83 82 98 79 78 81 8  
43 49 47 44 46 62 40 42 45 48 28 23 29 27 24 26 63 22 20 25 53 58 59 57 54 56 64 50 52 55 19 18 13 17 14 16 65 12 11 15 39 38 33 37 34 36 66 30 32 35 89 97 88 96 93 95 87 92 90 94 41 68 31 51 91 21 10 76 75 70 74 71 73 61 67 69 72 8  7  2  6  3  5  60 1  0  4  78 84 82 80 85 86 81 83 98 77 79 9  
49 44 41 48 45 47 62 43 40 46 26 29 24 21 28 25 27 63 23 22 59 56 54 51 58 55 57 64 53 50 14 16 19 10 18 15 17 65 13 12 34 36 39 31 38 35 37 66 33 30 93 95 89 91 97 94 96 87 88 92 42 69 32 52 90 20 11 71 73 76 68 75 72 74 61 70 67 3  5  8  9  7  4  6  60 2  1  79 78 77 86 83 81 85 82 84 98 80 0  
47 41 45 42 49 46 48 62 44 43 23 27 21 25 20 29 26 28 63 24 57 53 51 55 52 59 56 58 64 54 10 13 17 15 11 19 16 18 65 14 31 33 37 35 32 39 36 38 66 34 91 88 96 94 90 89 95 97 87 93 40 67 30 50 92 22 12 68 70 74 72 69 76 73 75 61 71 9  2  6  4  0  8  5  7  60 3  77 82 81 84 80 78 79 86 83 85 98 1  
44 48 42 46 40 41 47 49 62 45 25 24 28 20 26 22 21 27 29 63 54 55 58 52 56 50 51 57 59 64 18 15 14 11 16 12 10 17 19 65 38 35 34 32 36 30 31 37 39 66 97 94 93 90 95 92 91 96 89 87 43 70 33 53 88 23 13 75 72 71 69 73 67 68 74 76 61 7  4  3  0  5  1  9  6  8  60 80 79 98 81 82 85 83 77 78 84 86 2  
46 45 49 40 47 43 42 48 41 62 63 26 25 29 22 27 23 20 28 21 56 64 55 59 50 57 53 52 58 51 15 65 16 19 12 17 13 11 18 10 35 66 36 39 30 37 33 32 38 31 94 87 95 89 92 96 88 90 97 91 44 71 34 54 93 24 14 72 61 73 76 67 74 70 69 75 68 4  60 5  8  1  6  2  0  7  9  81 86 78 83 98 82 77 84 80 79 85 3  
62 47 46 41 43 48 44 40 49 42 20 63 27 26 21 23 28 24 22 29 64 52 57 56 51 53 58 54 50 59 17 11 65 16 10 13 18 14 12 19 37 32 66 36 31 33 38 34 30 39 96 90 87 95 91 88 97 93 92 89 45 72 35 55 94 25 15 74 69 61 73 68 70 75 71 67 76 6  0  60 5  9  2  7  3  1  8  82 83 86 98 79 84 78 80 85 81 77 4  
51 52 50 53 54 55 56 57 58 59 86 78 79 77 80 81 82 83 84 85 68 76 69 67 70 71 72 73 74 75 0  8  9  1  2  3  4  5  6  7  11 19 10 12 13 14 15 16 17 18 20 29 21 22 23 24 25 26 27 28 60 65 63 66 62 64 98 42 49 41 40 43 44 45 46 47 48 32 39 31 30 33 34 35 36 37 38 61 92 97 91 89 90 88 93 94 95 96 87 
58 56 53 55 64 52 51 54 57 50 77 85 83 80 82 98 79 78 81 84 75 67 73 70 72 61 69 68 71 74 5  1  7  2  4  60 0  9  3  6  16 12 18 13 15 65 11 10 14 17 26 22 28 23 25 63 20 21 24 27 59 49 19 76 29 86 8  46 40 48 43 45 62 42 41 44 47 36 30 38 33 35 66 32 31 34 37 89 88 96 97 92 95 94 87 90 91 93 39 
64 57 56 51 53 58 54 50 59 52 79 98 84 83 78 80 85 81 77 86 61 69 74 73 68 70 75 71 67 76 6  0  60 5  9  2  7  3  1  8  17 11 65 16 10 13 18 14 12 19 27 20 63 26 21 23 28 24 22 29 55 45 15 72 25 82 4  47 42 62 46 41 43 48 44 40 49 37 32 66 36 31 33 38 34 30 39 94 95 89 87 90 96 91 88 97 93 92 35 
52 53 64 59 58 50 55 51 56 54 81 79 80 98 86 85 77 82 78 83 69 71 70 61 76 75 67 72 68 73 2  3  0  60 8  7  1  4  9  5  13 14 11 65 19 18 12 15 10 16 23 24 20 63 29 28 22 25 21 26 57 47 17 74 27 84 6  43 44 42 62 49 48 40 45 41 46 33 34 32 66 39 38 30 35 31 36 96 87 95 90 93 88 89 97 92 94 91 37 
50 64 58 57 52 54 59 55 53 51 78 77 98 85 84 79 81 86 82 80 67 68 61 75 74 69 71 76 72 70 60 9  1  7  6  0  3  8  4  2  65 10 12 18 17 11 14 19 15 13 63 21 22 28 27 20 24 29 25 23 56 46 16 73 26 83 5  62 41 40 48 47 42 44 49 45 43 66 31 30 38 37 32 34 39 35 33 95 97 88 92 91 87 96 90 93 89 94 36 
55 50 54 64 51 59 53 56 52 57 84 82 77 81 98 78 86 80 83 79 72 74 67 71 61 68 76 70 73 69 1  6  4  3  60 9  8  2  5  0  12 17 15 14 65 10 19 13 16 11 22 27 25 24 63 21 29 23 26 20 58 48 18 75 28 85 7  40 47 45 44 62 41 49 43 46 42 30 37 35 34 66 31 39 33 36 32 97 93 90 94 96 92 87 91 89 88 95 38 
53 59 57 54 56 64 50 52 55 58 85 80 86 84 81 83 98 77 79 82 70 75 76 74 71 73 61 67 69 72 8  7  2  6  3  5  60 1  0  4  19 18 13 17 14 16 65 12 11 15 29 28 23 27 24 26 63 22 20 25 51 41 10 68 21 78 9  49 48 43 47 44 46 62 40 42 45 39 38 33 37 34 36 66 30 32 35 91 96 94 88 97 89 93 95 87 92 90 31 
59 54 51 58 55 57 64 53 50 56 83 86 81 78 85 82 84 98 80 77 76 73 71 68 75 72 74 61 70 67 3  5  8  9  7  4  6  60 2  1  14 16 19 10 18 15 17 65 13 12 24 26 29 21 28 25 27 63 23 22 52 42 11 69 20 79 0  44 46 49 41 48 45 47 62 43 40 34 36 39 31 38 35 37 66 33 30 90 91 92 89 95 93 97 94 96 87 88 32 
57 51 55 52 59 56 58 64 54 53 80 84 78 82 79 86 83 85 98 81 74 70 68 72 69 76 73 75 61 71 9  2  6  4  0  8  5  7  60 3  10 13 17 15 11 19 16 18 65 14 21 23 27 25 20 29 26 28 63 24 50 40 12 67 22 77 1  41 43 47 45 42 49 46 48 62 44 31 33 37 35 32 39 36 38 66 34 92 94 93 96 88 91 90 89 95 97 87 30 
54 58 52 56 50 51 57 59 64 55 82 81 85 79 83 77 78 84 86 98 71 72 75 69 73 67 68 74 76 61 7  4  3  0  5  1  9  6  8  60 18 15 14 11 16 12 10 17 19 65 28 25 24 20 26 22 21 27 29 63 53 43 13 70 23 80 2  48 45 44 42 46 40 41 47 49 62 38 35 34 32 36 30 31 37 39 66 88 90 87 93 94 97 95 92 91 96 89 33 
56 55 59 50 57 53 52 58 51 64 98 83 82 86 77 84 80 79 85 78 73 61 72 76 67 74 70 69 75 68 4  60 5  8  1  6  2  0  7  9  15 65 16 19 12 17 13 11 18 10 25 63 26 29 22 27 23 20 28 21 54 44 14 71 24 81 3  45 62 46 49 40 47 43 42 48 41 35 66 36 39 30 37 33 32 38 31 93 89 91 95 87 94 92 96 88 90 97 34 
41 42 40 43 44 45 46 47 48 49 29 21 20 22 23 24 25 26 27 28 51 59 52 50 53 54 55 56 57 58 11 19 10 12 13 14 15 16 17 18 32 39 31 30 33 34 35 36 37 38 90 89 91 92 88 93 94 95 96 97 65 66 87 60 61 62 63 69 76 68 67 70 71 72 73 74 75 0  8  9  1  2  3  4  5  6  7  64 77 85 78 86 79 80 81 82 83 84 98 
