21 87 29 22 28 27 20 24 26 25 10 82 19 12 18 17 11 14 16 15 86 60 61 63 69 68 62 65 67 66 84 41 49 42 48 47 40 44 46 45 80 70 71 73 79 78 72 75 77 76 35 31 83 39 32 38 37 30 34 36 51 56 85 50 53 59 58 52 55 57 93 96 98 89 91 88 94 92 97 90 95 23 13 43 74 33 54 64 06 05 01 09 81 00 04 02 07 08 03 
29 20 87 25 23 26 28 22 21 27 19 11 82 15 13 16 18 12 10 17 62 61 86 66 64 67 69 63 60 68 40 49 84 45 43 46 48 42 41 47 72 71 80 76 74 77 79 73 70 78 37 39 30 83 35 33 36 38 32 31 50 58 52 85 56 54 57 59 53 51 89 94 92 98 96 95 90 88 91 93 97 24 14 44 75 34 55 65 00 07 08 81 01 09 02 05 06 03 04 
24 25 22 87 26 28 27 29 23 20 14 15 12 82 16 18 17 19 13 11 66 65 63 86 67 69 68 61 64 62 45 44 42 84 46 48 47 49 43 40 76 75 73 80 77 79 78 71 74 72 30 34 35 32 83 36 38 37 39 33 55 52 56 53 85 57 59 58 50 54 97 92 96 91 98 90 88 94 89 95 93 21 10 41 70 31 51 60 03 01 07 02 05 04 09 81 08 06 00 
27 21 26 23 87 22 29 28 25 24 17 10 16 13 82 12 19 18 15 14 60 68 67 64 86 63 61 69 66 65 41 47 46 43 84 42 49 48 45 44 70 78 77 74 80 73 71 79 76 75 34 37 31 36 33 83 32 39 38 35 58 55 51 57 54 85 53 50 59 56 94 97 93 90 95 98 91 89 88 96 92 20 11 40 72 30 52 62 05 04 09 06 00 07 08 03 02 81 01 
87 28 20 27 24 21 23 25 29 26 82 18 11 17 14 10 13 15 19 16 69 86 62 68 65 60 64 66 61 67 48 84 40 47 44 41 43 45 49 46 79 80 72 78 75 70 74 76 71 77 36 83 38 30 37 34 31 33 35 39 85 57 59 52 58 55 51 54 56 50 98 90 88 92 94 97 93 95 96 89 91 22 12 42 73 32 53 63 09 06 03 01 08 81 05 07 00 04 02 
26 29 21 24 20 25 87 23 27 22 16 19 10 14 11 15 82 13 17 12 61 67 60 65 62 66 86 64 68 63 49 46 41 44 40 45 84 43 47 42 71 77 70 75 72 76 80 74 78 73 32 36 39 31 34 30 35 83 33 37 57 53 50 51 55 52 56 85 54 58 90 91 89 93 97 92 96 98 95 94 88 28 18 48 79 38 59 69 07 02 81 00 09 06 03 04 05 01 08 
22 27 25 20 21 23 26 87 24 28 12 17 15 11 10 13 16 82 14 18 68 63 66 62 60 64 67 86 65 69 47 42 45 40 41 43 46 84 44 48 78 73 76 72 70 74 77 80 75 79 38 32 37 35 30 31 33 36 83 34 53 59 58 56 52 51 54 57 85 55 91 88 94 96 92 93 95 90 98 97 89 29 19 49 71 39 50 61 04 08 06 05 07 02 81 01 03 00 09 
20 23 28 26 22 29 24 27 87 21 11 13 18 16 12 19 14 17 82 10 64 62 69 67 63 61 65 68 86 60 43 40 48 46 42 49 44 47 84 41 74 72 79 77 73 71 75 78 80 70 31 30 33 38 36 32 39 34 37 83 52 51 54 59 57 53 50 55 58 85 92 93 95 88 90 91 89 97 94 98 96 25 15 45 76 35 56 66 81 00 04 08 03 01 07 06 09 02 05 
23 22 24 29 27 20 25 21 28 87 13 12 14 19 17 11 15 10 18 82 63 64 65 61 68 62 66 60 69 86 42 43 44 49 47 40 45 41 48 84 73 74 75 71 78 72 76 70 79 80 83 33 32 34 39 37 30 35 31 38 54 85 53 55 50 58 52 56 51 59 95 98 91 97 89 94 92 96 93 88 90 26 16 46 77 36 57 67 08 81 05 04 02 03 00 09 01 07 06 
28 24 23 21 25 87 22 26 20 29 18 14 13 10 15 82 12 16 11 19 65 69 64 60 66 86 63 67 62 61 44 48 43 41 45 84 42 46 40 49 75 79 74 70 76 80 73 77 72 71 39 38 34 33 31 35 83 32 36 30 59 50 55 54 51 56 85 53 57 52 88 89 97 95 93 96 98 91 90 92 94 27 17 47 78 37 58 68 01 09 02 03 04 08 06 00 81 05 07 
93 98 89 91 88 94 92 97 90 96 31 83 39 32 38 37 30 34 36 35 87 21 29 22 28 27 20 24 26 25 80 70 71 73 79 78 72 75 77 76 85 51 50 53 59 58 52 55 57 56 05 00 81 09 02 08 07 01 04 06 41 45 84 49 42 48 47 40 44 46 60 66 86 61 63 69 68 62 65 67 64 95 33 74 54 03 43 23 16 15 11 19 82 10 14 12 17 18 13 
89 92 98 96 95 90 88 91 93 94 39 30 83 35 33 36 38 32 31 37 20 29 87 25 23 26 28 22 21 27 72 71 80 76 74 77 79 73 70 78 52 50 85 56 54 57 59 53 51 58 07 09 01 81 05 03 06 08 02 00 49 47 40 84 45 43 46 48 42 41 61 68 62 86 66 64 67 69 63 60 65 97 34 75 55 04 44 24 10 17 18 82 11 19 12 15 16 13 14 
97 96 91 98 90 88 94 89 95 92 34 35 32 83 36 38 37 39 33 30 25 24 22 87 26 28 27 29 23 20 76 75 73 80 77 79 78 71 74 72 56 55 53 85 57 59 58 50 54 52 01 04 05 02 81 06 08 07 09 03 44 40 45 42 84 46 48 47 49 43 65 62 66 63 86 67 69 68 61 64 60 93 31 70 51 00 41 21 13 11 17 12 15 14 19 82 18 16 10 
94 93 90 95 98 91 89 88 96 97 37 31 36 33 83 32 39 38 35 34 21 27 26 23 87 22 29 28 25 24 70 78 77 74 80 73 71 79 76 75 51 58 57 54 85 53 50 59 56 55 04 07 00 06 03 81 02 09 08 05 47 44 41 46 43 84 42 49 48 45 68 65 60 67 64 86 63 61 69 66 62 92 30 72 52 01 40 20 15 14 19 16 10 17 18 13 12 82 11 
98 88 92 94 97 93 95 96 89 90 83 38 30 37 34 31 33 35 39 36 28 87 20 27 24 21 23 25 29 26 79 80 72 78 75 70 74 76 71 77 59 85 52 58 55 51 54 56 50 57 06 81 08 01 07 04 00 03 05 09 84 46 48 40 47 44 41 43 45 49 86 67 69 62 68 65 60 64 66 61 63 91 32 73 53 02 42 22 19 16 13 11 18 82 15 17 10 14 12 
90 89 93 97 92 96 98 95 94 91 36 39 31 34 30 35 83 33 37 32 29 26 21 24 20 25 87 23 27 22 71 77 70 75 72 76 80 74 78 73 50 57 51 55 52 56 85 54 58 53 02 06 09 00 04 01 05 81 03 07 46 42 49 41 44 40 45 84 43 47 67 63 61 60 65 62 66 86 64 68 69 88 38 79 59 08 48 28 17 12 82 10 19 16 13 14 15 11 18 
91 94 96 92 93 95 90 98 97 88 32 37 35 30 31 33 36 83 34 38 27 22 25 20 21 23 26 87 24 28 78 73 76 72 70 74 77 80 75 79 58 53 56 52 51 54 57 85 55 59 08 02 07 05 01 00 03 06 81 04 42 48 47 45 40 41 43 46 84 44 63 69 68 66 62 60 64 67 86 65 61 89 39 71 50 09 49 29 14 18 16 15 17 12 82 11 13 10 19 
92 95 88 90 91 89 97 94 98 93 30 33 38 36 32 39 34 37 83 31 23 20 28 26 22 29 24 27 87 21 74 72 79 77 73 71 75 78 80 70 54 52 59 57 53 50 55 58 85 51 00 01 03 08 06 02 09 04 07 81 40 41 43 48 46 42 49 44 47 84 62 60 64 69 67 63 61 65 68 86 66 96 35 76 56 05 45 25 82 10 14 18 13 11 17 16 19 12 15 
95 91 97 89 94 92 96 93 88 98 33 32 34 39 37 30 35 31 38 83 22 23 24 29 27 20 25 21 28 87 73 74 75 71 78 72 76 70 79 80 53 54 55 50 58 52 56 51 59 85 81 03 02 04 09 07 01 05 00 08 43 84 42 44 49 47 40 45 41 48 64 86 63 65 61 68 62 66 60 69 67 90 36 77 57 06 46 26 18 82 15 14 12 13 10 19 11 17 16 
88 97 95 93 96 98 91 90 92 89 38 34 33 31 35 83 32 36 30 39 24 28 23 21 25 87 22 26 20 29 75 79 74 70 76 80 73 77 72 71 55 59 54 51 56 85 53 57 52 50 09 08 04 03 00 05 81 02 06 01 48 49 44 43 41 45 84 42 46 40 69 61 65 64 60 66 86 63 67 62 68 94 37 78 58 07 47 27 11 19 12 13 14 18 16 10 82 15 17 
71 72 80 76 74 77 79 73 70 78 89 92 98 96 95 90 88 91 93 94 40 49 84 45 43 46 48 42 41 47 30 39 83 35 33 36 38 32 31 37 01 09 81 05 03 06 08 02 00 07 68 61 62 86 66 64 67 69 63 60 19 17 11 82 15 13 16 18 12 10 50 58 52 85 56 54 57 59 53 51 55 75 97 34 04 65 14 44 21 27 28 87 20 29 22 25 26 23 24 
70 80 71 73 79 78 72 75 77 76 93 98 89 91 88 94 92 97 90 96 84 41 49 42 48 47 40 44 46 45 83 31 39 32 38 37 30 34 36 35 81 00 09 02 08 07 01 04 06 05 66 60 86 61 63 69 68 62 65 67 10 15 82 19 12 18 17 11 14 16 51 56 85 50 53 59 58 52 55 57 54 74 95 33 03 64 13 43 26 25 20 29 87 21 24 22 27 28 23 
75 76 73 80 77 79 78 71 74 72 97 96 91 98 90 88 94 89 95 92 45 44 42 84 46 48 47 49 43 40 35 34 32 83 36 38 37 39 33 30 05 04 02 81 06 08 07 09 03 01 62 65 66 63 86 67 69 68 61 64 14 11 15 12 82 16 18 17 19 13 55 52 56 53 85 57 59 58 50 54 51 70 93 31 00 60 10 41 23 20 27 22 25 24 29 87 28 26 21 
78 70 77 74 80 73 71 79 76 75 94 93 90 95 98 91 89 88 96 97 41 47 46 43 84 42 49 48 45 44 31 37 36 33 83 32 39 38 35 34 00 07 06 03 81 02 09 08 05 04 65 68 60 67 64 86 63 61 69 66 17 14 10 16 13 82 12 19 18 15 58 55 51 57 54 85 53 50 59 56 52 72 92 30 01 62 11 40 25 24 29 26 21 27 28 23 22 87 20 
80 79 72 78 75 70 74 76 71 77 98 88 92 94 97 93 95 96 89 90 48 84 40 47 44 41 43 45 49 46 38 83 30 37 34 31 33 35 39 36 08 81 01 07 04 00 03 05 09 06 67 86 69 62 68 65 60 64 66 61 82 16 18 11 17 14 10 13 15 19 85 57 59 52 58 55 51 54 56 50 53 73 91 32 02 63 12 42 29 26 23 20 28 87 25 27 21 24 22 
77 71 70 75 72 76 80 74 78 73 90 89 93 97 92 96 98 95 94 91 49 46 41 44 40 45 84 43 47 42 39 36 31 34 30 35 83 33 37 32 09 06 00 04 01 05 81 03 07 02 63 67 61 60 65 62 66 86 64 68 16 12 19 10 14 11 15 82 13 17 57 53 50 51 55 52 56 85 54 58 59 79 88 38 08 69 18 48 27 22 87 21 29 26 23 24 25 20 28 
73 78 76 72 70 74 77 80 75 79 91 94 96 92 93 95 90 98 97 88 47 42 45 40 41 43 46 84 44 48 37 32 35 30 31 33 36 83 34 38 07 02 05 01 00 03 06 81 04 08 69 63 68 66 62 60 64 67 86 65 12 18 17 15 11 10 13 16 82 14 53 59 58 56 52 51 54 57 85 55 50 71 89 39 09 61 19 49 24 28 26 25 27 22 87 20 23 21 29 
72 74 79 77 73 71 75 78 80 70 92 95 88 90 91 89 97 94 98 93 43 40 48 46 42 49 44 47 84 41 33 30 38 36 32 39 34 37 83 31 03 01 08 06 02 09 04 07 81 00 60 62 64 69 67 63 61 65 68 86 11 10 13 18 16 12 19 14 17 82 52 51 54 59 57 53 50 55 58 85 56 76 96 35 05 66 15 45 87 21 24 28 23 20 27 26 29 22 25 
74 73 75 71 78 72 76 70 79 80 95 91 97 89 94 92 96 93 88 98 42 43 44 49 47 40 45 41 48 84 32 33 34 39 37 30 35 31 38 83 02 03 04 09 07 01 05 00 08 81 86 64 63 65 61 68 62 66 60 69 13 82 12 14 19 17 11 15 10 18 54 85 53 55 50 58 52 56 51 59 57 77 90 36 06 67 16 46 28 87 25 24 22 23 21 29 20 27 26 
79 75 74 70 76 80 73 77 72 71 88 97 95 93 96 98 91 90 92 89 44 48 43 41 45 84 42 46 40 49 34 38 33 31 35 83 32 36 30 39 04 08 03 00 05 81 02 06 01 09 61 69 65 64 60 66 86 63 67 62 18 19 14 13 10 15 82 12 16 11 59 50 55 54 51 56 85 53 57 52 58 78 94 37 07 68 17 47 20 29 22 23 24 28 26 21 87 25 27 
61 62 86 66 64 67 69 63 60 68 09 01 81 05 03 06 08 02 00 07 92 89 98 96 95 90 88 91 93 94 52 50 85 56 54 57 59 53 51 58 40 49 84 45 43 46 48 42 41 47 17 19 11 82 15 13 16 18 12 10 71 78 72 80 76 74 77 79 73 70 29 27 20 87 25 23 26 28 22 21 24 65 04 55 44 14 75 97 31 37 38 83 30 39 32 35 36 33 34 
60 86 61 63 69 68 62 65 67 66 00 81 09 02 08 07 01 04 06 05 98 93 89 91 88 94 92 97 90 96 85 51 50 53 59 58 52 55 57 56 84 41 49 42 48 47 40 44 46 45 15 10 82 19 12 18 17 11 14 16 70 76 80 71 73 79 78 72 75 77 21 25 87 29 22 28 27 20 24 26 23 64 03 54 43 13 74 95 36 35 30 39 83 31 34 32 37 38 33 
65 66 63 86 67 69 68 61 64 62 04 05 02 81 06 08 07 09 03 01 96 97 91 98 90 88 94 89 95 92 56 55 53 85 57 59 58 50 54 52 45 44 42 84 46 48 47 49 43 40 11 14 15 12 82 16 18 17 19 13 75 72 76 73 80 77 79 78 71 74 24 20 25 22 87 26 28 27 29 23 21 60 00 51 41 10 70 93 33 30 37 32 35 34 39 83 38 36 31 
68 60 67 64 86 63 61 69 66 65 07 00 06 03 81 02 09 08 05 04 93 94 90 95 98 91 89 88 96 97 51 58 57 54 85 53 50 59 56 55 41 47 46 43 84 42 49 48 45 44 14 17 10 16 13 82 12 19 18 15 78 75 70 77 74 80 73 71 79 76 27 24 21 26 23 87 22 29 28 25 20 62 01 52 40 11 72 92 35 34 39 36 31 37 38 33 32 83 30 
86 69 62 68 65 60 64 66 61 67 81 08 01 07 04 00 03 05 09 06 88 98 92 94 97 93 95 96 89 90 59 85 52 58 55 51 54 56 50 57 48 84 40 47 44 41 43 45 49 46 16 82 18 11 17 14 10 13 15 19 80 77 79 72 78 75 70 74 76 71 87 26 28 20 27 24 21 23 25 29 22 63 02 53 42 12 73 91 39 36 33 30 38 83 35 37 31 34 32 
67 61 60 65 62 66 86 64 68 63 06 09 00 04 01 05 81 03 07 02 89 90 93 97 92 96 98 95 94 91 50 57 51 55 52 56 85 54 58 53 49 46 41 44 40 45 84 43 47 42 12 16 19 10 14 11 15 82 13 17 77 73 71 70 75 72 76 80 74 78 26 22 29 21 24 20 25 87 23 27 28 69 08 59 48 18 79 88 37 32 83 31 39 36 33 34 35 30 38 
63 68 66 62 60 64 67 86 65 69 02 07 05 01 00 03 06 81 04 08 94 91 96 92 93 95 90 98 97 88 58 53 56 52 51 54 57 85 55 59 47 42 45 40 41 43 46 84 44 48 18 12 17 15 11 10 13 16 82 14 73 79 78 76 72 70 74 77 80 75 22 28 27 25 20 21 23 26 87 24 29 61 09 50 49 19 71 89 34 38 36 35 37 32 83 30 33 31 39 
62 64 69 67 63 61 65 68 86 60 01 03 08 06 02 09 04 07 81 00 95 92 88 90 91 89 97 94 98 93 54 52 59 57 53 50 55 58 85 51 43 40 48 46 42 49 44 47 84 41 10 11 13 18 16 12 19 14 17 82 72 70 74 79 77 73 71 75 78 80 20 21 23 28 26 22 29 24 27 87 25 66 05 56 45 15 76 96 83 31 34 38 33 30 37 36 39 32 35 
64 63 65 61 68 62 66 60 69 86 03 02 04 09 07 01 05 00 08 81 91 95 97 89 94 92 96 93 88 98 53 54 55 50 58 52 56 51 59 85 42 43 44 49 47 40 45 41 48 84 82 13 12 14 19 17 11 15 10 18 74 80 73 75 71 78 72 76 70 79 23 87 22 24 29 27 20 25 21 28 26 67 06 57 46 16 77 90 38 83 35 34 32 33 31 39 30 37 36 
69 65 64 60 66 86 63 67 62 61 08 04 03 00 05 81 02 06 01 09 97 88 95 93 96 98 91 90 92 89 55 59 54 51 56 85 53 57 52 50 44 48 43 41 45 84 42 46 40 49 19 18 14 13 10 15 82 12 16 11 79 71 75 74 70 76 80 73 77 72 28 29 24 23 21 25 87 22 26 20 27 68 07 58 47 17 78 94 30 39 32 33 34 38 36 31 83 35 37 
39 30 83 35 33 36 38 32 31 37 71 72 80 76 74 77 79 73 70 78 11 19 82 15 13 16 18 12 10 17 92 89 98 96 95 90 88 91 93 94 62 61 86 66 64 67 69 63 60 68 58 50 52 85 56 54 57 59 53 51 29 27 20 87 25 23 26 28 22 21 09 07 01 81 05 03 06 08 02 00 04 34 75 97 65 55 24 14 41 47 48 84 40 49 42 45 46 43 44 
31 83 39 32 38 37 30 34 36 35 70 80 71 73 79 78 72 75 77 76 82 10 19 12 18 17 11 14 16 15 98 93 89 91 88 94 92 97 90 96 86 60 61 63 69 68 62 65 67 66 56 51 85 50 53 59 58 52 55 57 21 25 87 29 22 28 27 20 24 26 00 05 81 09 02 08 07 01 04 06 03 33 74 95 64 54 23 13 46 45 40 49 84 41 44 42 47 48 43 
34 35 32 83 36 38 37 39 33 30 75 76 73 80 77 79 78 71 74 72 15 14 12 82 16 18 17 19 13 11 96 97 91 98 90 88 94 89 95 92 66 65 63 86 67 69 68 61 64 62 52 55 56 53 85 57 59 58 50 54 24 20 25 22 87 26 28 27 29 23 04 01 05 02 81 06 08 07 09 03 00 31 70 93 60 51 21 10 43 40 47 42 45 44 49 84 48 46 41 
37 31 36 33 83 32 39 38 35 34 78 70 77 74 80 73 71 79 76 75 10 17 16 13 82 12 19 18 15 14 93 94 90 95 98 91 89 88 96 97 60 68 67 64 86 63 61 69 66 65 55 58 51 57 54 85 53 50 59 56 27 24 21 26 23 87 22 29 28 25 07 04 00 06 03 81 02 09 08 05 01 30 72 92 62 52 20 11 45 44 49 46 41 47 48 43 42 84 40 
83 38 30 37 34 31 33 35 39 36 80 79 72 78 75 70 74 76 71 77 18 82 11 17 14 10 13 15 19 16 88 98 92 94 97 93 95 96 89 90 69 86 62 68 65 60 64 66 61 67 57 85 59 52 58 55 51 54 56 50 87 26 28 20 27 24 21 23 25 29 81 06 08 01 07 04 00 03 05 09 02 32 73 91 63 53 22 12 49 46 43 40 48 84 45 47 41 44 42 
36 39 31 34 30 35 83 33 37 32 77 71 70 75 72 76 80 74 78 73 19 16 10 14 11 15 82 13 17 12 89 90 93 97 92 96 98 95 94 91 61 67 60 65 62 66 86 64 68 63 53 57 50 51 55 52 56 85 54 58 26 22 29 21 24 20 25 87 23 27 06 02 09 00 04 01 05 81 03 07 08 38 79 88 69 59 28 18 47 42 84 41 49 46 43 44 45 40 48 
32 37 35 30 31 33 36 83 34 38 73 78 76 72 70 74 77 80 75 79 17 12 15 11 10 13 16 82 14 18 94 91 96 92 93 95 90 98 97 88 68 63 66 62 60 64 67 86 65 69 59 53 58 56 52 51 54 57 85 55 22 28 27 25 20 21 23 26 87 24 02 08 07 05 01 00 03 06 81 04 09 39 71 89 61 50 29 19 44 48 46 45 47 42 84 40 43 41 49 
30 33 38 36 32 39 34 37 83 31 72 74 79 77 73 71 75 78 80 70 13 11 18 16 12 19 14 17 82 10 95 92 88 90 91 89 97 94 98 93 64 62 69 67 63 61 65 68 86 60 51 52 54 59 57 53 50 55 58 85 20 21 23 28 26 22 29 24 27 87 01 00 03 08 06 02 09 04 07 81 05 35 76 96 66 56 25 15 84 41 44 48 43 40 47 46 49 42 45 
33 32 34 39 37 30 35 31 38 83 74 73 75 71 78 72 76 70 79 80 12 13 14 19 17 11 15 10 18 82 91 95 97 89 94 92 96 93 88 98 63 64 65 61 68 62 66 60 69 86 85 54 53 55 50 58 52 56 51 59 23 87 22 24 29 27 20 25 21 28 03 81 02 04 09 07 01 05 00 08 06 36 77 90 67 57 26 16 48 84 45 44 42 43 41 49 40 47 46 
38 34 33 31 35 83 32 36 30 39 79 75 74 70 76 80 73 77 72 71 14 18 13 10 15 82 12 16 11 19 97 88 95 93 96 98 91 90 92 89 65 69 64 60 66 86 63 67 62 61 50 59 55 54 51 56 85 53 57 52 28 29 24 23 21 25 87 22 26 20 08 09 04 03 00 05 81 02 06 01 07 37 78 94 68 58 27 17 40 49 42 43 44 48 46 41 84 45 47 
18 14 13 10 15 82 12 16 11 19 48 44 43 41 45 84 42 46 40 49 04 08 03 00 05 81 02 06 01 09 24 28 23 21 25 87 22 26 20 29 97 88 95 93 96 98 91 90 92 89 71 79 75 74 70 76 80 73 77 72 69 61 65 64 60 66 86 63 67 62 38 39 34 33 31 35 83 32 36 30 37 17 47 27 94 78 68 07 52 50 53 54 55 59 57 51 85 56 58 
10 82 19 12 18 17 11 14 16 15 41 84 49 42 48 47 40 44 46 45 81 00 09 02 08 07 01 04 06 05 87 21 29 22 28 27 20 24 26 25 98 93 89 91 88 94 92 97 90 96 76 70 80 71 73 79 78 72 75 77 60 66 86 61 63 69 68 62 65 67 31 35 83 39 32 38 37 30 34 36 33 13 43 23 95 74 64 03 57 56 52 50 85 51 55 53 58 59 54 
19 11 82 15 13 16 18 12 10 17 49 40 84 45 43 46 48 42 41 47 01 09 81 05 03 06 08 02 00 07 20 29 87 25 23 26 28 22 21 27 92 89 98 96 95 90 88 91 93 94 78 71 72 80 76 74 77 79 73 70 61 68 62 86 66 64 67 69 63 60 39 37 30 83 35 33 36 38 32 31 34 14 44 24 97 75 65 04 51 58 59 85 52 50 53 56 57 54 55 
14 15 12 82 16 18 17 19 13 11 44 45 42 84 46 48 47 49 43 40 05 04 02 81 06 08 07 09 03 01 25 24 22 87 26 28 27 29 23 20 96 97 91 98 90 88 94 89 95 92 72 75 76 73 80 77 79 78 71 74 65 62 66 63 86 67 69 68 61 64 34 30 35 32 83 36 38 37 39 33 31 10 41 21 93 70 60 00 54 52 58 53 56 55 50 85 59 57 51 
17 10 16 13 82 12 19 18 15 14 47 41 46 43 84 42 49 48 45 44 00 07 06 03 81 02 09 08 05 04 21 27 26 23 87 22 29 28 25 24 93 94 90 95 98 91 89 88 96 97 75 78 70 77 74 80 73 71 79 76 68 65 60 67 64 86 63 61 69 66 37 34 31 36 33 83 32 39 38 35 30 11 40 20 92 72 62 01 56 55 50 57 51 58 59 54 53 85 52 
82 18 11 17 14 10 13 15 19 16 84 48 40 47 44 41 43 45 49 46 08 81 01 07 04 00 03 05 09 06 28 87 20 27 24 21 23 25 29 26 88 98 92 94 97 93 95 96 89 90 77 80 79 72 78 75 70 74 76 71 86 67 69 62 68 65 60 64 66 61 83 36 38 30 37 34 31 33 35 39 32 12 42 22 91 73 63 02 50 57 54 52 59 85 56 58 51 55 53 
16 19 10 14 11 15 82 13 17 12 46 49 41 44 40 45 84 43 47 42 09 06 00 04 01 05 81 03 07 02 29 26 21 24 20 25 87 23 27 22 89 90 93 97 92 96 98 95 94 91 73 77 71 70 75 72 76 80 74 78 67 63 61 60 65 62 66 86 64 68 36 32 39 31 34 30 35 83 33 37 38 18 48 28 88 79 69 08 58 53 85 51 50 57 54 55 56 52 59 
12 17 15 11 10 13 16 82 14 18 42 47 45 40 41 43 46 84 44 48 07 02 05 01 00 03 06 81 04 08 27 22 25 20 21 23 26 87 24 28 94 91 96 92 93 95 90 98 97 88 79 73 78 76 72 70 74 77 80 75 63 69 68 66 62 60 64 67 86 65 32 38 37 35 30 31 33 36 83 34 39 19 49 29 89 71 61 09 55 59 57 56 58 53 85 52 54 51 50 
11 13 18 16 12 19 14 17 82 10 40 43 48 46 42 49 44 47 84 41 03 01 08 06 02 09 04 07 81 00 23 20 28 26 22 29 24 27 87 21 95 92 88 90 91 89 97 94 98 93 70 72 74 79 77 73 71 75 78 80 62 60 64 69 67 63 61 65 68 86 30 31 33 38 36 32 39 34 37 83 35 15 45 25 96 76 66 05 85 51 55 59 54 52 58 57 50 53 56 
13 12 14 19 17 11 15 10 18 82 43 42 44 49 47 40 45 41 48 84 02 03 04 09 07 01 05 00 08 81 22 23 24 29 27 20 25 21 28 87 91 95 97 89 94 92 96 93 88 98 80 74 73 75 71 78 72 76 70 79 64 86 63 65 61 68 62 66 60 69 33 83 32 34 39 37 30 35 31 38 36 16 46 26 90 77 67 06 59 85 56 55 53 54 51 50 52 58 57 
41 84 49 42 48 47 40 44 46 45 21 87 29 22 28 27 20 24 26 25 85 51 50 53 59 58 52 55 57 56 82 10 19 12 18 17 11 14 16 15 83 31 39 32 38 37 30 34 36 35 96 93 98 89 91 88 94 92 97 90 00 05 81 09 02 08 07 01 04 06 70 76 80 71 73 79 78 72 75 77 74 43 23 13 33 95 03 54 67 66 62 61 86 60 65 63 68 69 64 
48 44 43 41 45 84 42 46 40 49 28 24 23 21 25 87 22 26 20 29 55 59 54 51 56 85 53 57 52 50 14 18 13 10 15 82 12 16 11 19 34 38 33 31 35 83 32 36 30 39 89 88 97 95 93 96 98 91 90 92 08 09 04 03 00 05 81 02 06 01 79 71 75 74 70 76 80 73 77 72 78 47 27 17 37 94 07 58 62 61 63 64 65 69 67 60 86 66 68 
49 40 84 45 43 46 48 42 41 47 29 20 87 25 23 26 28 22 21 27 52 50 85 56 54 57 59 53 51 58 11 19 82 15 13 16 18 12 10 17 30 39 83 35 33 36 38 32 31 37 94 89 92 98 96 95 90 88 91 93 09 07 01 81 05 03 06 08 02 00 71 78 72 80 76 74 77 79 73 70 75 44 24 14 34 97 04 55 60 68 69 86 62 61 63 66 67 64 65 
44 45 42 84 46 48 47 49 43 40 24 25 22 87 26 28 27 29 23 20 56 55 53 85 57 59 58 50 54 52 15 14 12 82 16 18 17 19 13 11 35 34 32 83 36 38 37 39 33 30 92 97 96 91 98 90 88 94 89 95 04 01 05 02 81 06 08 07 09 03 75 72 76 73 80 77 79 78 71 74 70 41 21 10 31 93 00 51 64 62 68 63 66 65 61 86 69 67 60 
47 41 46 43 84 42 49 48 45 44 27 21 26 23 87 22 29 28 25 24 51 58 57 54 85 53 50 59 56 55 10 17 16 13 82 12 19 18 15 14 31 37 36 33 83 32 39 38 35 34 97 94 93 90 95 98 91 89 88 96 07 04 00 06 03 81 02 09 08 05 78 75 70 77 74 80 73 71 79 76 72 40 20 11 30 92 01 52 66 65 61 67 60 68 69 64 63 86 62 
84 48 40 47 44 41 43 45 49 46 87 28 20 27 24 21 23 25 29 26 59 85 52 58 55 51 54 56 50 57 18 82 11 17 14 10 13 15 19 16 38 83 30 37 34 31 33 35 39 36 90 98 88 92 94 97 93 95 96 89 81 06 08 01 07 04 00 03 05 09 80 77 79 72 78 75 70 74 76 71 73 42 22 12 32 91 02 53 61 67 64 62 69 86 66 68 60 65 63 
46 49 41 44 40 45 84 43 47 42 26 29 21 24 20 25 87 23 27 22 50 57 51 55 52 56 85 54 58 53 19 16 10 14 11 15 82 13 17 12 39 36 31 34 30 35 83 33 37 32 91 90 89 93 97 92 96 98 95 94 06 02 09 00 04 01 05 81 03 07 77 73 71 70 75 72 76 80 74 78 79 48 28 18 38 88 08 59 68 63 86 60 61 67 64 65 66 62 69 
42 47 45 40 41 43 46 84 44 48 22 27 25 20 21 23 26 87 24 28 58 53 56 52 51 54 57 85 55 59 17 12 15 11 10 13 16 82 14 18 37 32 35 30 31 33 36 83 34 38 88 91 94 96 92 93 95 90 98 97 02 08 07 05 01 00 03 06 81 04 73 79 78 76 72 70 74 77 80 75 71 49 29 19 39 89 09 50 65 69 67 66 68 63 86 62 64 60 61 
40 43 48 46 42 49 44 47 84 41 20 23 28 26 22 29 24 27 87 21 54 52 59 57 53 50 55 58 85 51 13 11 18 16 12 19 14 17 82 10 33 30 38 36 32 39 34 37 83 31 93 92 95 88 90 91 89 97 94 98 01 00 03 08 06 02 09 04 07 81 72 70 74 79 77 73 71 75 78 80 76 45 25 15 35 96 05 56 86 60 65 69 64 62 68 67 61 63 66 
43 42 44 49 47 40 45 41 48 84 23 22 24 29 27 20 25 21 28 87 53 54 55 50 58 52 56 51 59 85 12 13 14 19 17 11 15 10 18 82 32 33 34 39 37 30 35 31 38 83 98 95 91 97 89 94 92 96 93 88 03 81 02 04 09 07 01 05 00 08 74 80 73 75 71 78 72 76 70 79 77 46 26 16 36 90 06 57 69 86 66 65 63 64 60 61 62 68 67 
00 81 09 02 08 07 01 04 06 05 51 85 50 53 59 58 52 55 57 56 83 31 39 32 38 37 30 34 36 35 86 60 61 63 69 68 62 65 67 66 87 21 29 22 28 27 20 24 26 25 45 41 84 49 42 48 47 40 44 46 93 96 98 89 91 88 94 92 97 90 10 15 82 19 12 18 17 11 14 16 13 03 54 64 23 43 95 33 77 76 72 71 80 70 75 73 78 79 74 
08 04 03 00 05 81 02 06 01 09 59 55 54 51 56 85 53 57 52 50 34 38 33 31 35 83 32 36 30 39 65 69 64 60 66 86 63 67 62 61 24 28 23 21 25 87 22 26 20 29 49 48 44 43 41 45 84 42 46 40 88 89 97 95 93 96 98 91 90 92 18 19 14 13 10 15 82 12 16 11 17 07 58 68 27 47 94 37 72 71 73 74 75 79 77 70 80 76 78 
09 01 81 05 03 06 08 02 00 07 50 52 85 56 54 57 59 53 51 58 30 39 83 35 33 36 38 32 31 37 62 61 86 66 64 67 69 63 60 68 20 29 87 25 23 26 28 22 21 27 47 49 40 84 45 43 46 48 42 41 89 94 92 98 96 95 90 88 91 93 19 17 11 82 15 13 16 18 12 10 14 04 55 65 24 44 97 34 70 78 79 80 72 71 73 76 77 74 75 
04 05 02 81 06 08 07 09 03 01 55 56 53 85 57 59 58 50 54 52 35 34 32 83 36 38 37 39 33 30 66 65 63 86 67 69 68 61 64 62 25 24 22 87 26 28 27 29 23 20 40 44 45 42 84 46 48 47 49 43 97 92 96 91 98 90 88 94 89 95 14 11 15 12 82 16 18 17 19 13 10 00 51 60 21 41 93 31 74 72 78 73 76 75 71 80 79 77 70 
07 00 06 03 81 02 09 08 05 04 58 51 57 54 85 53 50 59 56 55 31 37 36 33 83 32 39 38 35 34 60 68 67 64 86 63 61 69 66 65 21 27 26 23 87 22 29 28 25 24 44 47 41 46 43 84 42 49 48 45 94 97 93 90 95 98 91 89 88 96 17 14 10 16 13 82 12 19 18 15 11 01 52 62 20 40 92 30 76 75 71 77 70 78 79 74 73 80 72 
81 08 01 07 04 00 03 05 09 06 85 59 52 58 55 51 54 56 50 57 38 83 30 37 34 31 33 35 39 36 69 86 62 68 65 60 64 66 61 67 28 87 20 27 24 21 23 25 29 26 46 84 48 40 47 44 41 43 45 49 98 90 88 92 94 97 93 95 96 89 82 16 18 11 17 14 10 13 15 19 12 02 53 63 22 42 91 32 71 77 74 72 79 80 76 78 70 75 73 
06 09 00 04 01 05 81 03 07 02 57 50 51 55 52 56 85 54 58 53 39 36 31 34 30 35 83 33 37 32 61 67 60 65 62 66 86 64 68 63 29 26 21 24 20 25 87 23 27 22 42 46 49 41 44 40 45 84 43 47 90 91 89 93 97 92 96 98 95 94 16 12 19 10 14 11 15 82 13 17 18 08 59 69 28 48 88 38 78 73 80 70 71 77 74 75 76 72 79 
02 07 05 01 00 03 06 81 04 08 53 58 56 52 51 54 57 85 55 59 37 32 35 30 31 33 36 83 34 38 68 63 66 62 60 64 67 86 65 69 27 22 25 20 21 23 26 87 24 28 48 42 47 45 40 41 43 46 84 44 91 88 94 96 92 93 95 90 98 97 12 18 17 15 11 10 13 16 82 14 19 09 50 61 29 49 89 39 75 79 77 76 78 73 80 72 74 70 71 
01 03 08 06 02 09 04 07 81 00 52 54 59 57 53 50 55 58 85 51 33 30 38 36 32 39 34 37 83 31 64 62 69 67 63 61 65 68 86 60 23 20 28 26 22 29 24 27 87 21 41 40 43 48 46 42 49 44 47 84 92 93 95 88 90 91 89 97 94 98 11 10 13 18 16 12 19 14 17 82 15 05 56 66 25 45 96 35 80 70 75 79 74 72 78 77 71 73 76 
03 02 04 09 07 01 05 00 08 81 54 53 55 50 58 52 56 51 59 85 32 33 34 39 37 30 35 31 38 83 63 64 65 61 68 62 66 60 69 86 22 23 24 29 27 20 25 21 28 87 84 43 42 44 49 47 40 45 41 48 95 98 91 97 89 94 92 96 93 88 13 82 12 14 19 17 11 15 10 18 16 06 57 67 26 46 90 36 79 80 76 75 73 74 70 71 72 78 77 
05 06 07 08 09 04 00 01 02 03 56 57 58 59 50 55 51 52 53 54 36 35 37 38 39 34 31 30 32 33 67 66 68 69 61 65 60 62 63 64 26 25 27 28 29 24 21 20 22 23 43 45 46 47 48 49 44 41 40 42 96 95 90 94 88 89 97 93 92 91 15 13 16 17 18 19 14 10 11 12 82 81 85 86 87 84 98 83 73 74 70 78 77 76 72 79 75 71 80 
25 26 27 28 29 24 21 20 22 23 15 16 17 18 19 14 10 11 12 13 67 66 68 69 61 65 60 62 63 64 46 45 47 48 49 44 41 40 42 43 77 76 78 79 71 75 70 72 73 74 33 35 36 37 38 39 34 31 30 32 56 54 57 58 59 50 55 51 52 53 96 95 90 94 88 89 97 93 92 91 98 87 82 84 80 83 85 86 02 03 00 07 06 05 01 08 04 09 81 
96 90 94 88 89 97 93 92 91 95 35 36 37 38 39 34 31 30 32 33 26 25 27 28 29 24 21 20 22 23 77 76 78 79 71 75 70 72 73 74 57 56 58 59 50 55 51 52 53 54 03 05 06 07 08 09 04 00 01 02 45 43 46 47 48 49 44 41 40 42 66 64 67 68 69 61 65 60 62 63 86 98 83 80 85 81 84 87 12 13 10 17 16 15 11 18 14 19 82 
66 67 68 69 61 65 60 62 63 64 05 06 07 08 09 04 00 01 02 03 90 96 94 88 89 97 93 92 91 95 57 56 58 59 50 55 51 52 53 54 46 45 47 48 49 44 41 40 42 43 13 15 16 17 18 19 14 10 11 12 76 74 77 78 79 71 75 70 72 73 25 23 26 27 28 29 24 21 20 22 87 86 81 85 84 82 80 98 32 33 31 37 36 35 30 38 34 39 83 
35 36 37 38 39 34 31 30 32 33 76 77 78 79 71 75 70 72 73 74 16 15 17 18 19 14 10 11 12 13 90 96 94 88 89 97 93 92 91 95 67 66 68 69 61 65 60 62 63 64 54 56 57 58 59 50 55 51 52 53 25 23 26 27 28 29 24 21 20 22 05 03 06 07 08 09 04 00 01 02 81 83 80 98 86 85 87 82 42 43 41 47 46 45 40 48 44 49 84 
15 16 17 18 19 14 10 11 12 13 45 46 47 48 49 44 41 40 42 43 06 05 07 08 09 04 00 01 02 03 26 25 27 28 29 24 21 20 22 23 90 96 94 88 89 97 93 92 91 95 74 76 77 78 79 71 75 70 72 73 66 64 67 68 69 61 65 60 62 63 35 33 36 37 38 39 34 31 30 32 83 82 84 87 98 80 86 81 53 54 51 58 57 56 52 59 55 50 85 
45 46 47 48 49 44 41 40 42 43 25 26 27 28 29 24 21 20 22 23 57 56 58 59 50 55 51 52 53 54 16 15 17 18 19 14 10 11 12 13 36 35 37 38 39 34 31 30 32 33 95 96 90 94 88 89 97 93 92 91 05 03 06 07 08 09 04 00 01 02 76 74 77 78 79 71 75 70 72 73 80 84 87 82 83 98 81 85 63 64 60 68 67 66 62 69 65 61 86 
76 77 78 79 71 75 70 72 73 74 96 90 94 88 89 97 93 92 91 95 46 45 47 48 49 44 41 40 42 43 36 35 37 38 39 34 31 30 32 33 06 05 07 08 09 04 00 01 02 03 64 66 67 68 69 61 65 60 62 63 15 13 16 17 18 19 14 10 11 12 56 54 57 58 59 50 55 51 52 53 85 80 98 83 81 86 82 84 22 23 21 27 26 25 20 28 24 29 87 
54 53 55 50 58 52 56 51 59 85 64 63 65 61 68 62 66 60 69 86 73 74 75 71 78 72 76 70 79 80 02 03 04 09 07 01 05 00 08 81 12 13 14 19 17 11 15 10 18 82 87 23 22 24 29 27 20 25 21 28 33 83 32 34 39 37 30 35 31 38 43 84 42 44 49 47 40 45 41 48 46 57 67 06 16 26 36 77 88 96 91 93 94 98 89 90 97 95 92 
59 55 54 51 56 85 53 57 52 50 69 65 64 60 66 86 63 67 62 61 75 79 74 70 76 80 73 77 72 71 04 08 03 00 05 81 02 06 01 09 14 18 13 10 15 82 12 16 11 19 29 28 24 23 21 25 87 22 26 20 38 39 34 33 31 35 83 32 36 30 48 49 44 43 41 45 84 42 46 40 47 58 68 07 17 27 37 78 96 89 93 88 98 97 95 92 90 94 91 
53 58 56 52 51 54 57 85 55 59 63 68 66 62 60 64 67 86 65 69 78 73 76 72 70 74 77 80 75 79 07 02 05 01 00 03 06 81 04 08 17 12 15 11 10 13 16 82 14 18 28 22 27 25 20 21 23 26 87 24 32 38 37 35 30 31 33 36 83 34 42 48 47 45 40 41 43 46 84 44 49 50 61 09 19 29 39 71 91 93 90 92 89 95 88 98 94 96 97 
55 56 53 85 57 59 58 50 54 52 65 66 63 86 67 69 68 61 64 62 76 75 73 80 77 79 78 71 74 72 05 04 02 81 06 08 07 09 03 01 15 14 12 82 16 18 17 19 13 11 20 24 25 22 87 26 28 27 29 23 34 30 35 32 83 36 38 37 39 33 44 40 45 42 84 46 48 47 49 43 41 51 60 00 10 21 31 70 93 88 92 91 95 94 96 97 98 89 90 
50 52 85 56 54 57 59 53 51 58 61 62 86 66 64 67 69 63 60 68 72 71 80 76 74 77 79 73 70 78 01 09 81 05 03 06 08 02 00 07 11 19 82 15 13 16 18 12 10 17 27 29 20 87 25 23 26 28 22 21 39 37 30 83 35 33 36 38 32 31 49 47 40 84 45 43 46 48 42 41 44 55 65 04 14 24 34 75 94 98 89 95 92 91 97 88 93 90 96 
51 85 50 53 59 58 52 55 57 56 60 86 61 63 69 68 62 65 67 66 80 70 71 73 79 78 72 75 77 76 81 00 09 02 08 07 01 04 06 05 82 10 19 12 18 17 11 14 16 15 25 21 87 29 22 28 27 20 24 26 31 35 83 39 32 38 37 30 34 36 41 45 84 49 42 48 47 40 44 46 43 54 64 03 13 23 33 74 98 97 95 94 91 93 90 96 88 92 89 
52 54 59 57 53 50 55 58 85 51 62 64 69 67 63 61 65 68 86 60 74 72 79 77 73 71 75 78 80 70 03 01 08 06 02 09 04 07 81 00 13 11 18 16 12 19 14 17 82 10 21 20 23 28 26 22 29 24 27 87 30 31 33 38 36 32 39 34 37 83 40 41 43 48 46 42 49 44 47 84 45 56 66 05 15 25 35 76 89 95 88 96 97 90 94 91 92 98 93 
58 51 57 54 85 53 50 59 56 55 68 60 67 64 86 63 61 69 66 65 70 78 77 74 80 73 71 79 76 75 00 07 06 03 81 02 09 08 05 04 10 17 16 13 82 12 19 18 15 14 24 27 21 26 23 87 22 29 28 25 37 34 31 36 33 83 32 39 38 35 47 44 41 46 43 84 42 49 48 45 40 52 62 01 11 20 30 72 90 92 98 97 88 96 91 95 89 93 94 
57 50 51 55 52 56 85 54 58 53 67 61 60 65 62 66 86 64 68 63 71 77 70 75 72 76 80 74 78 73 09 06 00 04 01 05 81 03 07 02 19 16 10 14 11 15 82 13 17 12 22 26 29 21 24 20 25 87 23 27 36 32 39 31 34 30 35 83 33 37 46 42 49 41 44 40 45 84 43 47 48 59 69 08 18 28 38 79 97 90 94 98 93 88 92 89 96 91 95 
85 59 52 58 55 51 54 56 50 57 86 69 62 68 65 60 64 66 61 67 79 80 72 78 75 70 74 76 71 77 08 81 01 07 04 00 03 05 09 06 18 82 11 17 14 10 13 15 19 16 26 87 28 20 27 24 21 23 25 29 83 36 38 30 37 34 31 33 35 39 84 46 48 40 47 44 41 43 45 49 42 53 63 02 12 22 32 73 95 94 96 89 90 92 98 93 91 97 88 
56 57 58 59 50 55 51 52 53 54 66 67 68 69 61 65 60 62 63 64 77 76 78 79 71 75 70 72 73 74 06 05 07 08 09 04 00 01 02 03 16 15 17 18 19 14 10 11 12 13 23 25 26 27 28 29 24 21 20 22 35 33 36 37 38 39 34 31 30 32 45 43 46 47 48 49 44 41 40 42 84 85 86 81 82 87 83 80 92 91 97 90 96 89 93 94 95 88 98 
