20 29 87 25 23 26 28 22 21 27 19 11 82 15 13 16 18 12 10 17 62 60 86 66 64 67 69 63 61 68 40 49 84 45 43 46 48 42 41 47 72 71 80 76 74 77 79 73 70 78 37 39 30 83 35 33 36 38 32 31 58 50 52 85 56 54 57 59 53 51 92 88 94 98 96 93 91 90 89 95 97 24 14 44 75 34 55 65 02 81 01 08 07 05 00 09 06 03 04 
87 21 29 22 28 27 20 24 26 25 10 82 19 12 18 17 11 14 16 15 86 61 60 63 69 68 62 65 67 66 84 41 49 42 48 47 40 44 46 45 80 70 71 73 79 78 72 75 77 76 35 31 83 39 32 38 37 30 34 36 56 51 85 50 53 59 58 52 55 57 95 96 98 92 89 90 88 94 97 91 93 23 13 43 74 33 54 64 04 09 06 00 05 02 81 01 07 08 03 
25 24 22 87 26 28 27 29 23 20 14 15 12 82 16 18 17 19 13 11 66 65 63 86 67 69 68 60 64 62 45 44 42 84 46 48 47 49 43 40 76 75 73 80 77 79 78 71 74 72 30 34 35 32 83 36 38 37 39 33 52 55 56 53 85 57 59 58 50 54 97 94 96 89 98 91 90 88 92 93 95 21 10 41 70 31 51 61 09 02 03 07 00 81 05 04 08 06 01 
21 27 26 23 87 22 29 28 25 24 17 10 16 13 82 12 19 18 15 14 61 68 67 64 86 63 60 69 66 65 41 47 46 43 84 42 49 48 45 44 70 78 77 74 80 73 71 79 76 75 34 37 31 36 33 83 32 39 38 35 55 58 51 57 54 85 53 50 59 56 88 97 95 91 93 98 89 92 90 96 94 20 11 40 72 30 52 62 08 06 05 09 04 03 01 07 02 81 00 
28 87 20 27 24 21 23 25 29 26 82 18 11 17 14 10 13 15 19 16 69 86 62 68 65 61 64 66 60 67 48 84 40 47 44 41 43 45 49 46 79 80 72 78 75 70 74 76 71 77 36 83 38 30 37 34 31 33 35 39 57 85 59 52 58 55 51 54 56 50 98 91 90 94 88 97 95 93 96 92 89 22 12 42 73 32 53 63 05 00 09 03 06 07 08 81 01 04 02 
29 26 21 24 20 25 87 23 27 22 16 19 10 14 11 15 82 13 17 12 60 67 61 65 62 66 86 64 68 63 49 46 41 44 40 45 84 43 47 42 71 77 70 75 72 76 80 74 78 73 32 36 39 31 34 30 35 83 33 37 53 57 50 51 55 52 56 85 54 58 91 89 92 95 97 94 96 98 93 88 90 28 18 48 79 38 59 69 03 01 07 81 02 04 09 06 05 00 08 
27 22 25 20 21 23 26 87 24 28 12 17 15 11 10 13 16 82 14 18 68 63 66 62 61 64 67 86 65 69 47 42 45 40 41 43 46 84 44 48 78 73 76 72 70 74 77 80 75 79 38 32 37 35 30 31 33 36 83 34 59 53 58 56 52 51 54 57 85 55 89 90 88 96 94 95 93 91 98 97 92 29 19 49 71 39 50 60 81 05 04 06 08 00 07 02 03 01 09 
23 20 28 26 22 29 24 27 87 21 11 13 18 16 12 19 14 17 82 10 64 62 69 67 63 60 65 68 86 61 43 40 48 46 42 49 44 47 84 41 74 72 79 77 73 71 75 78 80 70 31 30 33 38 36 32 39 34 37 83 51 52 54 59 57 53 50 55 58 85 94 95 93 90 91 89 92 97 88 98 96 25 15 45 76 35 56 66 07 08 81 04 01 06 03 00 09 02 05 
22 23 24 29 27 20 25 21 28 87 13 12 14 19 17 11 15 10 18 82 63 64 65 60 68 62 66 61 69 86 42 43 44 49 47 40 45 41 48 84 73 74 75 71 78 72 76 70 79 80 83 33 32 34 39 37 30 35 31 38 85 54 53 55 50 58 52 56 51 59 93 98 89 97 92 88 94 96 95 90 91 26 16 46 77 36 57 67 01 04 08 05 81 09 02 03 00 07 06 
24 28 23 21 25 87 22 26 20 29 18 14 13 10 15 82 12 16 11 19 65 69 64 61 66 86 63 67 62 60 44 48 43 41 45 84 42 46 40 49 75 79 74 70 76 80 73 77 72 71 39 38 34 33 31 35 83 32 36 30 50 59 55 54 51 56 85 53 57 52 90 92 97 93 95 96 98 89 91 94 88 27 17 47 78 37 58 68 06 03 00 02 09 01 04 08 81 05 07 
98 95 92 89 90 88 94 97 91 96 31 83 39 32 38 37 30 34 36 35 87 21 29 22 28 27 20 24 26 25 80 70 71 73 79 78 72 75 77 76 85 51 50 53 59 58 52 55 57 56 05 01 81 09 02 08 07 00 04 06 45 41 84 49 42 48 47 40 44 46 61 66 86 60 63 69 68 62 65 67 64 93 33 74 54 03 43 23 14 19 16 11 15 12 82 10 17 18 13 
94 92 98 96 93 91 90 89 95 88 39 30 83 35 33 36 38 32 31 37 20 29 87 25 23 26 28 22 21 27 72 71 80 76 74 77 79 73 70 78 52 50 85 56 54 57 59 53 51 58 07 09 00 81 05 03 06 08 02 01 47 49 40 84 45 43 46 48 42 41 60 68 62 86 66 64 67 69 63 61 65 97 34 75 55 04 44 24 12 82 10 18 17 15 11 19 16 13 14 
96 97 89 98 91 90 88 92 93 94 34 35 32 83 36 38 37 39 33 30 25 24 22 87 26 28 27 29 23 20 76 75 73 80 77 79 78 71 74 72 56 55 53 85 57 59 58 50 54 52 00 04 05 02 81 06 08 07 09 03 40 44 45 42 84 46 48 47 49 43 65 62 66 63 86 67 69 68 60 64 61 95 31 70 51 01 41 21 19 12 13 17 11 82 15 14 18 16 10 
95 88 91 93 98 89 92 90 96 97 37 31 36 33 83 32 39 38 35 34 21 27 26 23 87 22 29 28 25 24 70 78 77 74 80 73 71 79 76 75 51 58 57 54 85 53 50 59 56 55 04 07 01 06 03 81 02 09 08 05 44 47 41 46 43 84 42 49 48 45 68 65 61 67 64 86 63 60 69 66 62 94 30 72 52 00 40 20 18 16 15 19 14 13 10 17 12 82 11 
90 98 94 88 97 95 93 96 92 91 83 38 30 37 34 31 33 35 39 36 28 87 20 27 24 21 23 25 29 26 79 80 72 78 75 70 74 76 71 77 59 85 52 58 55 51 54 56 50 57 06 81 08 00 07 04 01 03 05 09 46 84 48 40 47 44 41 43 45 49 86 67 69 62 68 65 61 64 66 60 63 89 32 73 53 02 42 22 15 11 19 13 16 17 18 82 10 14 12 
92 91 95 97 94 96 98 93 88 89 36 39 31 34 30 35 83 33 37 32 29 26 21 24 20 25 87 23 27 22 71 77 70 75 72 76 80 74 78 73 50 57 51 55 52 56 85 54 58 53 02 06 09 01 04 00 05 81 03 07 42 46 49 41 44 40 45 84 43 47 67 63 60 61 65 62 66 86 64 68 69 90 38 79 59 08 48 28 13 10 17 82 12 14 19 16 15 11 18 
88 89 96 94 95 93 91 98 97 90 32 37 35 30 31 33 36 83 34 38 27 22 25 20 21 23 26 87 24 28 78 73 76 72 70 74 77 80 75 79 58 53 56 52 51 54 57 85 55 59 08 02 07 05 00 01 03 06 81 04 48 42 47 45 40 41 43 46 84 44 63 69 68 66 62 61 64 67 86 65 60 92 39 71 50 09 49 29 82 15 14 16 18 11 17 12 13 10 19 
93 94 90 91 89 92 97 88 98 95 30 33 38 36 32 39 34 37 83 31 23 20 28 26 22 29 24 27 87 21 74 72 79 77 73 71 75 78 80 70 54 52 59 57 53 50 55 58 85 51 01 00 03 08 06 02 09 04 07 81 41 40 43 48 46 42 49 44 47 84 62 61 64 69 67 63 60 65 68 86 66 96 35 76 56 05 45 25 17 18 82 14 10 16 13 11 19 12 15 
89 93 97 92 88 94 96 95 90 98 33 32 34 39 37 30 35 31 38 83 22 23 24 29 27 20 25 21 28 87 73 74 75 71 78 72 76 70 79 80 53 54 55 50 58 52 56 51 59 85 81 03 02 04 09 07 00 05 01 08 84 43 42 44 49 47 40 45 41 48 64 86 63 65 60 68 62 66 61 69 67 91 36 77 57 06 46 26 10 14 18 15 82 19 12 13 11 17 16 
97 90 93 95 96 98 89 91 94 92 38 34 33 31 35 83 32 36 30 39 24 28 23 21 25 87 22 26 20 29 75 79 74 70 76 80 73 77 72 71 55 59 54 51 56 85 53 57 52 50 09 08 04 03 01 05 81 02 06 00 49 48 44 43 41 45 84 42 46 40 69 60 65 64 61 66 86 63 67 62 68 88 37 78 58 07 47 27 16 13 11 12 19 10 14 18 82 15 17 
72 71 80 76 74 77 79 73 70 78 92 94 98 96 93 91 90 89 95 88 40 49 84 45 43 46 48 42 41 47 30 39 83 35 33 36 38 32 31 37 00 09 81 05 03 06 08 02 01 07 68 60 62 86 66 64 67 69 63 61 17 19 11 82 15 13 16 18 12 10 50 58 52 85 56 54 57 59 53 51 55 75 97 34 04 65 14 44 22 87 21 28 27 25 20 29 26 23 24 
80 70 71 73 79 78 72 75 77 76 95 98 92 89 90 88 94 97 91 96 84 41 49 42 48 47 40 44 46 45 83 31 39 32 38 37 30 34 36 35 81 01 09 02 08 07 00 04 06 05 66 61 86 60 63 69 68 62 65 67 15 10 82 19 12 18 17 11 14 16 51 56 85 50 53 59 58 52 55 57 54 74 93 33 03 64 13 43 24 29 26 20 25 22 87 21 27 28 23 
76 75 73 80 77 79 78 71 74 72 97 96 89 98 91 90 88 92 93 94 45 44 42 84 46 48 47 49 43 40 35 34 32 83 36 38 37 39 33 30 05 04 02 81 06 08 07 09 03 00 62 65 66 63 86 67 69 68 60 64 11 14 15 12 82 16 18 17 19 13 55 52 56 53 85 57 59 58 50 54 51 70 95 31 01 61 10 41 29 22 23 27 20 87 25 24 28 26 21 
70 78 77 74 80 73 71 79 76 75 88 95 91 93 98 89 92 90 96 97 41 47 46 43 84 42 49 48 45 44 31 37 36 33 83 32 39 38 35 34 01 07 06 03 81 02 09 08 05 04 65 68 61 67 64 86 63 60 69 66 14 17 10 16 13 82 12 19 18 15 58 55 51 57 54 85 53 50 59 56 52 72 94 30 00 62 11 40 28 26 25 29 24 23 21 27 22 87 20 
79 80 72 78 75 70 74 76 71 77 98 90 94 88 97 95 93 96 92 91 48 84 40 47 44 41 43 45 49 46 38 83 30 37 34 31 33 35 39 36 08 81 00 07 04 01 03 05 09 06 67 86 69 62 68 65 61 64 66 60 16 82 18 11 17 14 10 13 15 19 85 57 59 52 58 55 51 54 56 50 53 73 89 32 02 63 12 42 25 20 29 23 26 27 28 87 21 24 22 
71 77 70 75 72 76 80 74 78 73 91 92 95 97 94 96 98 93 88 89 49 46 41 44 40 45 84 43 47 42 39 36 31 34 30 35 83 33 37 32 09 06 01 04 00 05 81 03 07 02 63 67 60 61 65 62 66 86 64 68 12 16 19 10 14 11 15 82 13 17 57 53 50 51 55 52 56 85 54 58 59 79 90 38 08 69 18 48 23 21 27 87 22 24 29 26 25 20 28 
78 73 76 72 70 74 77 80 75 79 89 88 96 94 95 93 91 98 97 90 47 42 45 40 41 43 46 84 44 48 37 32 35 30 31 33 36 83 34 38 07 02 05 00 01 03 06 81 04 08 69 63 68 66 62 61 64 67 86 65 18 12 17 15 11 10 13 16 82 14 53 59 58 56 52 51 54 57 85 55 50 71 92 39 09 60 19 49 87 25 24 26 28 20 27 22 23 21 29 
74 72 79 77 73 71 75 78 80 70 94 93 90 91 89 92 97 88 98 95 43 40 48 46 42 49 44 47 84 41 33 30 38 36 32 39 34 37 83 31 03 00 08 06 02 09 04 07 81 01 61 62 64 69 67 63 60 65 68 86 10 11 13 18 16 12 19 14 17 82 52 51 54 59 57 53 50 55 58 85 56 76 96 35 05 66 15 45 27 28 87 24 21 26 23 20 29 22 25 
73 74 75 71 78 72 76 70 79 80 93 89 97 92 88 94 96 95 90 98 42 43 44 49 47 40 45 41 48 84 32 33 34 39 37 30 35 31 38 83 02 03 04 09 07 00 05 01 08 81 86 64 63 65 60 68 62 66 61 69 82 13 12 14 19 17 11 15 10 18 54 85 53 55 50 58 52 56 51 59 57 77 91 36 06 67 16 46 21 24 28 25 87 29 22 23 20 27 26 
75 79 74 70 76 80 73 77 72 71 90 97 93 95 96 98 89 91 94 92 44 48 43 41 45 84 42 46 40 49 34 38 33 31 35 83 32 36 30 39 04 08 03 01 05 81 02 06 00 09 60 69 65 64 61 66 86 63 67 62 19 18 14 13 10 15 82 12 16 11 59 50 55 54 51 56 85 53 57 52 58 78 88 37 07 68 17 47 26 23 20 22 29 21 24 28 87 25 27 
62 60 86 66 64 67 69 63 61 68 09 00 81 05 03 06 08 02 01 07 94 92 98 96 93 91 90 89 95 88 52 50 85 56 54 57 59 53 51 58 40 49 84 45 43 46 48 42 41 47 17 19 11 82 15 13 16 18 12 10 78 71 72 80 76 74 77 79 73 70 29 27 20 87 25 23 26 28 22 21 24 65 04 55 44 14 75 97 32 83 31 38 37 35 30 39 36 33 34 
86 61 60 63 69 68 62 65 67 66 01 81 09 02 08 07 00 04 06 05 98 95 92 89 90 88 94 97 91 96 85 51 50 53 59 58 52 55 57 56 84 41 49 42 48 47 40 44 46 45 15 10 82 19 12 18 17 11 14 16 76 70 80 71 73 79 78 72 75 77 21 25 87 29 22 28 27 20 24 26 23 64 03 54 43 13 74 93 34 39 36 30 35 32 83 31 37 38 33 
66 65 63 86 67 69 68 60 64 62 04 05 02 81 06 08 07 09 03 00 96 97 89 98 91 90 88 92 93 94 56 55 53 85 57 59 58 50 54 52 45 44 42 84 46 48 47 49 43 40 11 14 15 12 82 16 18 17 19 13 72 75 76 73 80 77 79 78 71 74 24 20 25 22 87 26 28 27 29 23 21 61 01 51 41 10 70 95 39 32 33 37 30 83 35 34 38 36 31 
61 68 67 64 86 63 60 69 66 65 07 01 06 03 81 02 09 08 05 04 95 88 91 93 98 89 92 90 96 97 51 58 57 54 85 53 50 59 56 55 41 47 46 43 84 42 49 48 45 44 14 17 10 16 13 82 12 19 18 15 75 78 70 77 74 80 73 71 79 76 27 24 21 26 23 87 22 29 28 25 20 62 00 52 40 11 72 94 38 36 35 39 34 33 31 37 32 83 30 
69 86 62 68 65 61 64 66 60 67 81 08 00 07 04 01 03 05 09 06 90 98 94 88 97 95 93 96 92 91 59 85 52 58 55 51 54 56 50 57 48 84 40 47 44 41 43 45 49 46 16 82 18 11 17 14 10 13 15 19 77 80 79 72 78 75 70 74 76 71 87 26 28 20 27 24 21 23 25 29 22 63 02 53 42 12 73 89 35 30 39 33 36 37 38 83 31 34 32 
60 67 61 65 62 66 86 64 68 63 06 09 01 04 00 05 81 03 07 02 92 91 95 97 94 96 98 93 88 89 50 57 51 55 52 56 85 54 58 53 49 46 41 44 40 45 84 43 47 42 12 16 19 10 14 11 15 82 13 17 73 77 71 70 75 72 76 80 74 78 26 22 29 21 24 20 25 87 23 27 28 69 08 59 48 18 79 90 33 31 37 83 32 34 39 36 35 30 38 
68 63 66 62 61 64 67 86 65 69 02 07 05 00 01 03 06 81 04 08 88 89 96 94 95 93 91 98 97 90 58 53 56 52 51 54 57 85 55 59 47 42 45 40 41 43 46 84 44 48 18 12 17 15 11 10 13 16 82 14 79 73 78 76 72 70 74 77 80 75 22 28 27 25 20 21 23 26 87 24 29 60 09 50 49 19 71 92 83 35 34 36 38 30 37 32 33 31 39 
64 62 69 67 63 60 65 68 86 61 00 03 08 06 02 09 04 07 81 01 93 94 90 91 89 92 97 88 98 95 54 52 59 57 53 50 55 58 85 51 43 40 48 46 42 49 44 47 84 41 10 11 13 18 16 12 19 14 17 82 70 72 74 79 77 73 71 75 78 80 20 21 23 28 26 22 29 24 27 87 25 66 05 56 45 15 76 96 37 38 83 34 31 36 33 30 39 32 35 
63 64 65 60 68 62 66 61 69 86 03 02 04 09 07 00 05 01 08 81 89 93 97 92 88 94 96 95 90 98 53 54 55 50 58 52 56 51 59 85 42 43 44 49 47 40 45 41 48 84 82 13 12 14 19 17 11 15 10 18 80 74 73 75 71 78 72 76 70 79 23 87 22 24 29 27 20 25 21 28 26 67 06 57 46 16 77 91 31 34 38 35 83 39 32 33 30 37 36 
65 69 64 61 66 86 63 67 62 60 08 04 03 01 05 81 02 06 00 09 97 90 93 95 96 98 89 91 94 92 55 59 54 51 56 85 53 57 52 50 44 48 43 41 45 84 42 46 40 49 19 18 14 13 10 15 82 12 16 11 71 79 75 74 70 76 80 73 77 72 28 29 24 23 21 25 87 22 26 20 27 68 07 58 47 17 78 88 36 33 30 32 39 31 34 38 83 35 37 
30 39 83 35 33 36 38 32 31 37 71 72 80 76 74 77 79 73 70 78 11 19 82 15 13 16 18 12 10 17 94 92 98 96 93 91 90 89 95 88 62 60 86 66 64 67 69 63 61 68 58 50 52 85 56 54 57 59 53 51 27 29 20 87 25 23 26 28 22 21 09 07 00 81 05 03 06 08 02 01 04 34 75 97 65 55 24 14 42 84 41 48 47 45 40 49 46 43 44 
83 31 39 32 38 37 30 34 36 35 70 80 71 73 79 78 72 75 77 76 82 10 19 12 18 17 11 14 16 15 98 95 92 89 90 88 94 97 91 96 86 61 60 63 69 68 62 65 67 66 56 51 85 50 53 59 58 52 55 57 25 21 87 29 22 28 27 20 24 26 01 05 81 09 02 08 07 00 04 06 03 33 74 93 64 54 23 13 44 49 46 40 45 42 84 41 47 48 43 
35 34 32 83 36 38 37 39 33 30 75 76 73 80 77 79 78 71 74 72 15 14 12 82 16 18 17 19 13 11 96 97 89 98 91 90 88 92 93 94 66 65 63 86 67 69 68 60 64 62 52 55 56 53 85 57 59 58 50 54 20 24 25 22 87 26 28 27 29 23 04 00 05 02 81 06 08 07 09 03 01 31 70 95 61 51 21 10 49 42 43 47 40 84 45 44 48 46 41 
31 37 36 33 83 32 39 38 35 34 78 70 77 74 80 73 71 79 76 75 10 17 16 13 82 12 19 18 15 14 95 88 91 93 98 89 92 90 96 97 61 68 67 64 86 63 60 69 66 65 55 58 51 57 54 85 53 50 59 56 24 27 21 26 23 87 22 29 28 25 07 04 01 06 03 81 02 09 08 05 00 30 72 94 62 52 20 11 48 46 45 49 44 43 41 47 42 84 40 
38 83 30 37 34 31 33 35 39 36 80 79 72 78 75 70 74 76 71 77 18 82 11 17 14 10 13 15 19 16 90 98 94 88 97 95 93 96 92 91 69 86 62 68 65 61 64 66 60 67 57 85 59 52 58 55 51 54 56 50 26 87 28 20 27 24 21 23 25 29 81 06 08 00 07 04 01 03 05 09 02 32 73 89 63 53 22 12 45 40 49 43 46 47 48 84 41 44 42 
39 36 31 34 30 35 83 33 37 32 77 71 70 75 72 76 80 74 78 73 19 16 10 14 11 15 82 13 17 12 92 91 95 97 94 96 98 93 88 89 60 67 61 65 62 66 86 64 68 63 53 57 50 51 55 52 56 85 54 58 22 26 29 21 24 20 25 87 23 27 06 02 09 01 04 00 05 81 03 07 08 38 79 90 69 59 28 18 43 41 47 84 42 44 49 46 45 40 48 
37 32 35 30 31 33 36 83 34 38 73 78 76 72 70 74 77 80 75 79 17 12 15 11 10 13 16 82 14 18 88 89 96 94 95 93 91 98 97 90 68 63 66 62 61 64 67 86 65 69 59 53 58 56 52 51 54 57 85 55 28 22 27 25 20 21 23 26 87 24 02 08 07 05 00 01 03 06 81 04 09 39 71 92 60 50 29 19 84 45 44 46 48 40 47 42 43 41 49 
33 30 38 36 32 39 34 37 83 31 72 74 79 77 73 71 75 78 80 70 13 11 18 16 12 19 14 17 82 10 93 94 90 91 89 92 97 88 98 95 64 62 69 67 63 60 65 68 86 61 51 52 54 59 57 53 50 55 58 85 21 20 23 28 26 22 29 24 27 87 00 01 03 08 06 02 09 04 07 81 05 35 76 96 66 56 25 15 47 48 84 44 41 46 43 40 49 42 45 
32 33 34 39 37 30 35 31 38 83 74 73 75 71 78 72 76 70 79 80 12 13 14 19 17 11 15 10 18 82 89 93 97 92 88 94 96 95 90 98 63 64 65 60 68 62 66 61 69 86 85 54 53 55 50 58 52 56 51 59 87 23 22 24 29 27 20 25 21 28 03 81 02 04 09 07 00 05 01 08 06 36 77 91 67 57 26 16 41 44 48 45 84 49 42 43 40 47 46 
34 38 33 31 35 83 32 36 30 39 79 75 74 70 76 80 73 77 72 71 14 18 13 10 15 82 12 16 11 19 97 90 93 95 96 98 89 91 94 92 65 69 64 61 66 86 63 67 62 60 50 59 55 54 51 56 85 53 57 52 29 28 24 23 21 25 87 22 26 20 08 09 04 03 01 05 81 02 06 00 07 37 78 88 68 58 27 17 46 43 40 42 49 41 44 48 84 45 47 
14 18 13 10 15 82 12 16 11 19 48 44 43 41 45 84 42 46 40 49 04 08 03 01 05 81 02 06 00 09 24 28 23 21 25 87 22 26 20 29 97 90 93 95 96 98 89 91 94 92 71 79 75 74 70 76 80 73 77 72 60 69 65 64 61 66 86 63 67 62 38 39 34 33 31 35 83 32 36 30 37 17 47 27 88 78 68 07 57 54 52 53 50 51 55 59 85 56 58 
82 10 19 12 18 17 11 14 16 15 41 84 49 42 48 47 40 44 46 45 81 01 09 02 08 07 00 04 06 05 87 21 29 22 28 27 20 24 26 25 98 95 92 89 90 88 94 97 91 96 76 70 80 71 73 79 78 72 75 77 66 61 86 60 63 69 68 62 65 67 31 35 83 39 32 38 37 30 34 36 33 13 43 23 93 74 64 03 55 50 57 52 56 53 85 51 58 59 54 
11 19 82 15 13 16 18 12 10 17 49 40 84 45 43 46 48 42 41 47 00 09 81 05 03 06 08 02 01 07 20 29 87 25 23 26 28 22 21 27 94 92 98 96 93 91 90 89 95 88 78 71 72 80 76 74 77 79 73 70 68 60 62 86 66 64 67 69 63 61 39 37 30 83 35 33 36 38 32 31 34 14 44 24 97 75 65 04 53 85 51 59 58 56 52 50 57 54 55 
15 14 12 82 16 18 17 19 13 11 44 45 42 84 46 48 47 49 43 40 05 04 02 81 06 08 07 09 03 00 25 24 22 87 26 28 27 29 23 20 96 97 89 98 91 90 88 92 93 94 72 75 76 73 80 77 79 78 71 74 62 65 66 63 86 67 69 68 60 64 34 30 35 32 83 36 38 37 39 33 31 10 41 21 95 70 61 01 50 53 54 58 52 85 56 55 59 57 51 
10 17 16 13 82 12 19 18 15 14 47 41 46 43 84 42 49 48 45 44 01 07 06 03 81 02 09 08 05 04 21 27 26 23 87 22 29 28 25 24 95 88 91 93 98 89 92 90 96 97 75 78 70 77 74 80 73 71 79 76 65 68 61 67 64 86 63 60 69 66 37 34 31 36 33 83 32 39 38 35 30 11 40 20 94 72 62 00 59 57 56 50 55 54 51 58 53 85 52 
18 82 11 17 14 10 13 15 19 16 84 48 40 47 44 41 43 45 49 46 08 81 00 07 04 01 03 05 09 06 28 87 20 27 24 21 23 25 29 26 90 98 94 88 97 95 93 96 92 91 77 80 79 72 78 75 70 74 76 71 67 86 69 62 68 65 61 64 66 60 83 36 38 30 37 34 31 33 35 39 32 12 42 22 89 73 63 02 56 52 50 54 57 58 59 85 51 55 53 
19 16 10 14 11 15 82 13 17 12 46 49 41 44 40 45 84 43 47 42 09 06 01 04 00 05 81 03 07 02 29 26 21 24 20 25 87 23 27 22 92 91 95 97 94 96 98 93 88 89 73 77 71 70 75 72 76 80 74 78 63 67 60 61 65 62 66 86 64 68 36 32 39 31 34 30 35 83 33 37 38 18 48 28 90 79 69 08 54 51 58 85 53 55 50 57 56 52 59 
17 12 15 11 10 13 16 82 14 18 42 47 45 40 41 43 46 84 44 48 07 02 05 00 01 03 06 81 04 08 27 22 25 20 21 23 26 87 24 28 88 89 96 94 95 93 91 98 97 90 79 73 78 76 72 70 74 77 80 75 69 63 68 66 62 61 64 67 86 65 32 38 37 35 30 31 33 36 83 34 39 19 49 29 92 71 60 09 85 56 55 57 59 52 58 53 54 51 50 
13 11 18 16 12 19 14 17 82 10 40 43 48 46 42 49 44 47 84 41 03 00 08 06 02 09 04 07 81 01 23 20 28 26 22 29 24 27 87 21 93 94 90 91 89 92 97 88 98 95 70 72 74 79 77 73 71 75 78 80 61 62 64 69 67 63 60 65 68 86 30 31 33 38 36 32 39 34 37 83 35 15 45 25 96 76 66 05 58 59 85 55 51 57 54 52 50 53 56 
12 13 14 19 17 11 15 10 18 82 43 42 44 49 47 40 45 41 48 84 02 03 04 09 07 00 05 01 08 81 22 23 24 29 27 20 25 21 28 87 89 93 97 92 88 94 96 95 90 98 80 74 73 75 71 78 72 76 70 79 86 64 63 65 60 68 62 66 61 69 33 83 32 34 39 37 30 35 31 38 36 16 46 26 91 77 67 06 51 55 59 56 85 50 53 54 52 58 57 
44 48 43 41 45 84 42 46 40 49 28 24 23 21 25 87 22 26 20 29 55 59 54 51 56 85 53 57 52 50 14 18 13 10 15 82 12 16 11 19 34 38 33 31 35 83 32 36 30 39 92 90 97 93 95 96 98 89 91 94 09 08 04 03 01 05 81 02 06 00 79 71 75 74 70 76 80 73 77 72 78 47 27 17 37 88 07 58 67 64 62 63 60 61 65 69 86 66 68 
84 41 49 42 48 47 40 44 46 45 21 87 29 22 28 27 20 24 26 25 85 51 50 53 59 58 52 55 57 56 82 10 19 12 18 17 11 14 16 15 83 31 39 32 38 37 30 34 36 35 96 95 98 92 89 90 88 94 97 91 05 01 81 09 02 08 07 00 04 06 70 76 80 71 73 79 78 72 75 77 74 43 23 13 33 93 03 54 65 60 67 62 66 63 86 61 68 69 64 
40 49 84 45 43 46 48 42 41 47 29 20 87 25 23 26 28 22 21 27 52 50 85 56 54 57 59 53 51 58 11 19 82 15 13 16 18 12 10 17 30 39 83 35 33 36 38 32 31 37 88 92 94 98 96 93 91 90 89 95 07 09 00 81 05 03 06 08 02 01 71 78 72 80 76 74 77 79 73 70 75 44 24 14 34 97 04 55 63 86 61 69 68 66 62 60 67 64 65 
45 44 42 84 46 48 47 49 43 40 24 25 22 87 26 28 27 29 23 20 56 55 53 85 57 59 58 50 54 52 15 14 12 82 16 18 17 19 13 11 35 34 32 83 36 38 37 39 33 30 94 97 96 89 98 91 90 88 92 93 00 04 05 02 81 06 08 07 09 03 75 72 76 73 80 77 79 78 71 74 70 41 21 10 31 95 01 51 60 63 64 68 62 86 66 65 69 67 61 
41 47 46 43 84 42 49 48 45 44 27 21 26 23 87 22 29 28 25 24 51 58 57 54 85 53 50 59 56 55 10 17 16 13 82 12 19 18 15 14 31 37 36 33 83 32 39 38 35 34 97 88 95 91 93 98 89 92 90 96 04 07 01 06 03 81 02 09 08 05 78 75 70 77 74 80 73 71 79 76 72 40 20 11 30 94 00 52 69 67 66 60 65 64 61 68 63 86 62 
48 84 40 47 44 41 43 45 49 46 87 28 20 27 24 21 23 25 29 26 59 85 52 58 55 51 54 56 50 57 18 82 11 17 14 10 13 15 19 16 38 83 30 37 34 31 33 35 39 36 91 98 90 94 88 97 95 93 96 92 06 81 08 00 07 04 01 03 05 09 80 77 79 72 78 75 70 74 76 71 73 42 22 12 32 89 02 53 66 62 60 64 67 68 69 86 61 65 63 
49 46 41 44 40 45 84 43 47 42 26 29 21 24 20 25 87 23 27 22 50 57 51 55 52 56 85 54 58 53 19 16 10 14 11 15 82 13 17 12 39 36 31 34 30 35 83 33 37 32 89 91 92 95 97 94 96 98 93 88 02 06 09 01 04 00 05 81 03 07 77 73 71 70 75 72 76 80 74 78 79 48 28 18 38 90 08 59 64 61 68 86 63 65 60 67 66 62 69 
47 42 45 40 41 43 46 84 44 48 22 27 25 20 21 23 26 87 24 28 58 53 56 52 51 54 57 85 55 59 17 12 15 11 10 13 16 82 14 18 37 32 35 30 31 33 36 83 34 38 90 89 88 96 94 95 93 91 98 97 08 02 07 05 00 01 03 06 81 04 73 79 78 76 72 70 74 77 80 75 71 49 29 19 39 92 09 50 86 66 65 67 69 62 68 63 64 61 60 
43 40 48 46 42 49 44 47 84 41 20 23 28 26 22 29 24 27 87 21 54 52 59 57 53 50 55 58 85 51 13 11 18 16 12 19 14 17 82 10 33 30 38 36 32 39 34 37 83 31 95 94 93 90 91 89 92 97 88 98 01 00 03 08 06 02 09 04 07 81 72 70 74 79 77 73 71 75 78 80 76 45 25 15 35 96 05 56 68 69 86 65 61 67 64 62 60 63 66 
42 43 44 49 47 40 45 41 48 84 23 22 24 29 27 20 25 21 28 87 53 54 55 50 58 52 56 51 59 85 12 13 14 19 17 11 15 10 18 82 32 33 34 39 37 30 35 31 38 83 98 93 89 97 92 88 94 96 95 90 81 03 02 04 09 07 00 05 01 08 74 80 73 75 71 78 72 76 70 79 77 46 26 16 36 91 06 57 61 65 69 66 86 60 63 64 62 68 67 
81 01 09 02 08 07 00 04 06 05 51 85 50 53 59 58 52 55 57 56 83 31 39 32 38 37 30 34 36 35 86 61 60 63 69 68 62 65 67 66 87 21 29 22 28 27 20 24 26 25 45 41 84 49 42 48 47 40 44 46 96 95 98 92 89 90 88 94 97 91 10 15 82 19 12 18 17 11 14 16 13 03 54 64 23 43 93 33 75 71 77 72 76 73 80 70 78 79 74 
04 08 03 01 05 81 02 06 00 09 59 55 54 51 56 85 53 57 52 50 34 38 33 31 35 83 32 36 30 39 65 69 64 61 66 86 63 67 62 60 24 28 23 21 25 87 22 26 20 29 49 48 44 43 41 45 84 42 46 40 92 90 97 93 95 96 98 89 91 94 18 19 14 13 10 15 82 12 16 11 17 07 58 68 27 47 88 37 77 74 72 73 71 70 75 79 80 76 78 
00 09 81 05 03 06 08 02 01 07 50 52 85 56 54 57 59 53 51 58 30 39 83 35 33 36 38 32 31 37 62 60 86 66 64 67 69 63 61 68 20 29 87 25 23 26 28 22 21 27 47 49 40 84 45 43 46 48 42 41 88 92 94 98 96 93 91 90 89 95 19 17 11 82 15 13 16 18 12 10 14 04 55 65 24 44 97 34 73 80 70 79 78 76 72 71 77 74 75 
05 04 02 81 06 08 07 09 03 00 55 56 53 85 57 59 58 50 54 52 35 34 32 83 36 38 37 39 33 30 66 65 63 86 67 69 68 60 64 62 25 24 22 87 26 28 27 29 23 20 40 44 45 42 84 46 48 47 49 43 94 97 96 89 98 91 90 88 92 93 14 11 15 12 82 16 18 17 19 13 10 01 51 61 21 41 95 31 71 73 74 78 72 80 76 75 79 77 70 
01 07 06 03 81 02 09 08 05 04 58 51 57 54 85 53 50 59 56 55 31 37 36 33 83 32 39 38 35 34 61 68 67 64 86 63 60 69 66 65 21 27 26 23 87 22 29 28 25 24 44 47 41 46 43 84 42 49 48 45 97 88 95 91 93 98 89 92 90 96 17 14 10 16 13 82 12 19 18 15 11 00 52 62 20 40 94 30 79 77 76 71 75 74 70 78 73 80 72 
08 81 00 07 04 01 03 05 09 06 85 59 52 58 55 51 54 56 50 57 38 83 30 37 34 31 33 35 39 36 69 86 62 68 65 61 64 66 60 67 28 87 20 27 24 21 23 25 29 26 46 84 48 40 47 44 41 43 45 49 91 98 90 94 88 97 95 93 96 92 82 16 18 11 17 14 10 13 15 19 12 02 53 63 22 42 89 32 76 72 71 74 77 78 79 80 70 75 73 
09 06 01 04 00 05 81 03 07 02 57 50 51 55 52 56 85 54 58 53 39 36 31 34 30 35 83 33 37 32 60 67 61 65 62 66 86 64 68 63 29 26 21 24 20 25 87 23 27 22 42 46 49 41 44 40 45 84 43 47 89 91 92 95 97 94 96 98 93 88 16 12 19 10 14 11 15 82 13 17 18 08 59 69 28 48 90 38 74 70 78 80 73 75 71 77 76 72 79 
07 02 05 00 01 03 06 81 04 08 53 58 56 52 51 54 57 85 55 59 37 32 35 30 31 33 36 83 34 38 68 63 66 62 61 64 67 86 65 69 27 22 25 20 21 23 26 87 24 28 48 42 47 45 40 41 43 46 84 44 90 89 88 96 94 95 93 91 98 97 12 18 17 15 11 10 13 16 82 14 19 09 50 60 29 49 92 39 80 76 75 77 79 72 78 73 74 70 71 
03 00 08 06 02 09 04 07 81 01 52 54 59 57 53 50 55 58 85 51 33 30 38 36 32 39 34 37 83 31 64 62 69 67 63 60 65 68 86 61 23 20 28 26 22 29 24 27 87 21 41 40 43 48 46 42 49 44 47 84 95 94 93 90 91 89 92 97 88 98 11 10 13 18 16 12 19 14 17 82 15 05 56 66 25 45 96 35 78 79 80 75 70 77 74 72 71 73 76 
02 03 04 09 07 00 05 01 08 81 54 53 55 50 58 52 56 51 59 85 32 33 34 39 37 30 35 31 38 83 63 64 65 60 68 62 66 61 69 86 22 23 24 29 27 20 25 21 28 87 84 43 42 44 49 47 40 45 41 48 98 93 89 97 92 88 94 96 95 90 13 82 12 14 19 17 11 15 10 18 16 06 57 67 26 46 91 36 70 75 79 76 80 71 73 74 72 78 77 
06 05 07 08 09 04 01 00 02 03 56 57 58 59 50 55 51 52 53 54 36 35 37 38 39 34 31 30 32 33 67 66 68 69 60 65 61 62 63 64 26 25 27 28 29 24 21 20 22 23 43 45 46 47 48 49 44 41 40 42 93 96 91 88 90 92 97 95 94 89 15 13 16 17 18 19 14 10 11 12 82 81 85 86 87 84 98 83 72 78 73 70 74 79 77 76 75 71 80 
26 25 27 28 29 24 21 20 22 23 15 16 17 18 19 14 10 11 12 13 67 66 68 69 60 65 61 62 63 64 46 45 47 48 49 44 41 40 42 43 77 76 78 79 71 75 70 72 73 74 33 35 36 37 38 39 34 31 30 32 54 56 57 58 59 50 55 51 52 53 96 93 91 88 90 92 97 95 94 89 98 87 82 84 80 83 85 86 00 07 02 01 03 08 06 05 04 09 81 
91 96 88 90 92 97 95 94 89 93 35 36 37 38 39 34 31 30 32 33 26 25 27 28 29 24 21 20 22 23 77 76 78 79 71 75 70 72 73 74 57 56 58 59 50 55 51 52 53 54 03 05 06 07 08 09 04 01 00 02 43 45 46 47 48 49 44 41 40 42 66 64 67 68 69 60 65 61 62 63 86 98 83 80 85 81 84 87 11 17 12 10 13 18 16 15 14 19 82 
67 66 68 69 60 65 61 62 63 64 05 06 07 08 09 04 01 00 02 03 91 96 88 90 92 97 95 94 89 93 57 56 58 59 50 55 51 52 53 54 46 45 47 48 49 44 41 40 42 43 13 15 16 17 18 19 14 10 11 12 74 76 77 78 79 71 75 70 72 73 25 23 26 27 28 29 24 21 20 22 87 86 81 85 84 82 80 98 30 37 32 31 33 38 36 35 34 39 83 
36 35 37 38 39 34 31 30 32 33 76 77 78 79 71 75 70 72 73 74 16 15 17 18 19 14 10 11 12 13 91 96 88 90 92 97 95 94 89 93 67 66 68 69 60 65 61 62 63 64 54 56 57 58 59 50 55 51 52 53 23 25 26 27 28 29 24 21 20 22 05 03 06 07 08 09 04 01 00 02 81 83 80 98 86 85 87 82 40 47 42 41 43 48 46 45 44 49 84 
16 15 17 18 19 14 10 11 12 13 45 46 47 48 49 44 41 40 42 43 06 05 07 08 09 04 01 00 02 03 26 25 27 28 29 24 21 20 22 23 91 96 88 90 92 97 95 94 89 93 74 76 77 78 79 71 75 70 72 73 64 66 67 68 69 60 65 61 62 63 35 33 36 37 38 39 34 31 30 32 83 82 84 87 98 80 86 81 52 58 53 51 54 59 57 56 55 50 85 
46 45 47 48 49 44 41 40 42 43 25 26 27 28 29 24 21 20 22 23 57 56 58 59 50 55 51 52 53 54 16 15 17 18 19 14 10 11 12 13 36 35 37 38 39 34 31 30 32 33 93 96 91 88 90 92 97 95 94 89 03 05 06 07 08 09 04 01 00 02 76 74 77 78 79 71 75 70 72 73 80 84 87 82 83 98 81 85 62 68 63 61 64 69 67 66 65 60 86 
77 76 78 79 71 75 70 72 73 74 96 91 88 90 92 97 95 94 89 93 46 45 47 48 49 44 41 40 42 43 36 35 37 38 39 34 31 30 32 33 06 05 07 08 09 04 01 00 02 03 64 66 67 68 69 60 65 61 62 63 13 15 16 17 18 19 14 10 11 12 56 54 57 58 59 50 55 51 52 53 85 80 98 83 81 86 82 84 20 27 22 21 23 28 26 25 24 29 87 
54 52 59 57 53 50 55 58 85 51 62 64 69 67 63 60 65 68 86 61 74 72 79 77 73 71 75 78 80 70 03 00 08 06 02 09 04 07 81 01 13 11 18 16 12 19 14 17 82 10 21 20 23 28 26 22 29 24 27 87 31 30 33 38 36 32 39 34 37 83 40 41 43 48 46 42 49 44 47 84 45 56 66 05 15 25 35 76 88 97 89 93 96 94 95 92 98 91 90 
56 55 53 85 57 59 58 50 54 52 65 66 63 86 67 69 68 60 64 62 76 75 73 80 77 79 78 71 74 72 05 04 02 81 06 08 07 09 03 00 15 14 12 82 16 18 17 19 13 11 20 24 25 22 87 26 28 27 29 23 30 34 35 32 83 36 38 37 39 33 44 40 45 42 84 46 48 47 49 43 41 51 61 01 10 21 31 70 91 89 96 97 88 90 92 98 94 95 93 
53 54 55 50 58 52 56 51 59 85 64 63 65 60 68 62 66 61 69 86 73 74 75 71 78 72 76 70 79 80 02 03 04 09 07 00 05 01 08 81 12 13 14 19 17 11 15 10 18 82 87 23 22 24 29 27 20 25 21 28 83 33 32 34 39 37 30 35 31 38 43 84 42 44 49 47 40 45 41 48 46 57 67 06 16 26 36 77 97 94 90 98 93 95 96 88 91 89 92 
58 53 56 52 51 54 57 85 55 59 63 68 66 62 61 64 67 86 65 69 78 73 76 72 70 74 77 80 75 79 07 02 05 00 01 03 06 81 04 08 17 12 15 11 10 13 16 82 14 18 28 22 27 25 20 21 23 26 87 24 38 32 37 35 30 31 33 36 83 34 42 48 47 45 40 41 43 46 84 44 49 50 60 09 19 29 39 71 94 95 92 91 98 96 93 97 89 90 88 
55 59 54 51 56 85 53 57 52 50 69 65 64 61 66 86 63 67 62 60 75 79 74 70 76 80 73 77 72 71 04 08 03 01 05 81 02 06 00 09 14 18 13 10 15 82 12 16 11 19 29 28 24 23 21 25 87 22 26 20 39 38 34 33 31 35 83 32 36 30 48 49 44 43 41 45 84 42 46 40 47 58 68 07 17 27 37 78 98 91 95 88 92 89 90 93 97 94 96 
51 58 57 54 85 53 50 59 56 55 68 61 67 64 86 63 60 69 66 65 70 78 77 74 80 73 71 79 76 75 01 07 06 03 81 02 09 08 05 04 10 17 16 13 82 12 19 18 15 14 24 27 21 26 23 87 22 29 28 25 34 37 31 36 33 83 32 39 38 35 47 44 41 46 43 84 42 49 48 45 40 52 62 00 11 20 30 72 95 96 88 89 91 93 98 94 90 92 97 
52 50 85 56 54 57 59 53 51 58 60 62 86 66 64 67 69 63 61 68 72 71 80 76 74 77 79 73 70 78 00 09 81 05 03 06 08 02 01 07 11 19 82 15 13 16 18 12 10 17 27 29 20 87 25 23 26 28 22 21 37 39 30 83 35 33 36 38 32 31 49 47 40 84 45 43 46 48 42 41 44 55 65 04 14 24 34 75 92 88 91 96 95 97 94 90 93 98 89 
85 51 50 53 59 58 52 55 57 56 61 86 60 63 69 68 62 65 67 66 80 70 71 73 79 78 72 75 77 76 81 01 09 02 08 07 00 04 06 05 82 10 19 12 18 17 11 14 16 15 25 21 87 29 22 28 27 20 24 26 35 31 83 39 32 38 37 30 34 36 41 45 84 49 42 48 47 40 44 46 43 54 64 03 13 23 33 74 96 93 97 90 89 98 91 95 92 88 94 
50 57 51 55 52 56 85 54 58 53 67 60 61 65 62 66 86 64 68 63 71 77 70 75 72 76 80 74 78 73 09 06 01 04 00 05 81 03 07 02 19 16 10 14 11 15 82 13 17 12 22 26 29 21 24 20 25 87 23 27 32 36 39 31 34 30 35 83 33 37 46 42 49 41 44 40 45 84 43 47 48 59 69 08 18 28 38 79 90 92 98 95 94 88 97 89 96 93 91 
59 85 52 58 55 51 54 56 50 57 86 69 62 68 65 61 64 66 60 67 79 80 72 78 75 70 74 76 71 77 08 81 00 07 04 01 03 05 09 06 18 82 11 17 14 10 13 15 19 16 26 87 28 20 27 24 21 23 25 29 36 83 38 30 37 34 31 33 35 39 84 46 48 40 47 44 41 43 45 49 42 53 63 02 12 22 32 73 93 98 94 92 90 91 89 96 88 97 95 
57 56 58 59 50 55 51 52 53 54 66 67 68 69 60 65 61 62 63 64 77 76 78 79 71 75 70 72 73 74 06 05 07 08 09 04 01 00 02 03 16 15 17 18 19 14 10 11 12 13 23 25 26 27 28 29 24 21 20 22 33 35 36 37 38 39 34 31 30 32 45 43 46 47 48 49 44 41 40 42 84 85 86 81 82 87 83 80 89 90 93 94 97 92 88 91 95 96 98 
