21 22 87 29 26 20 27 25 24 28 10 12 82 19 16 11 17 15 14 18 63 62 86 60 67 61 68 66 65 69 42 40 84 49 46 41 47 45 44 48 72 73 80 70 77 71 78 76 75 79 38 32 31 83 39 36 30 37 35 34 59 53 52 85 50 57 51 58 56 55 96 93 91 98 88 92 90 94 89 97 95 23 13 43 74 33 54 64 08 01 02 00 07 81 05 09 04 06 03 
87 20 28 25 21 26 29 23 27 24 82 11 18 15 10 16 19 13 17 14 61 86 69 66 62 67 60 64 68 65 41 84 48 45 40 46 49 43 47 44 80 71 79 76 72 77 70 74 78 75 34 30 83 38 35 31 36 39 33 37 55 51 85 59 56 52 57 50 54 58 97 90 98 96 89 91 92 88 95 94 93 22 12 42 73 32 53 63 04 06 01 81 09 08 03 05 07 00 02 
23 27 22 87 25 29 21 28 26 20 13 17 12 82 15 19 10 18 16 11 68 64 63 86 66 60 62 69 67 61 47 43 42 84 45 49 40 48 46 41 74 78 73 80 76 70 72 79 77 71 30 37 33 32 83 35 39 31 38 36 51 58 54 53 85 56 50 52 59 57 90 94 95 93 98 89 88 91 96 92 97 24 14 44 75 34 55 65 01 09 07 03 00 02 08 81 06 05 04 
28 26 24 23 87 21 25 22 29 27 18 16 14 13 82 10 15 12 19 17 67 69 65 64 86 62 66 63 60 68 46 48 44 43 84 40 45 42 49 47 79 77 75 74 80 72 76 73 70 78 37 36 38 34 33 83 31 35 32 39 58 57 59 55 54 85 52 56 53 50 94 92 96 97 95 98 91 89 93 88 90 20 11 41 71 30 51 61 07 00 06 08 05 04 02 03 09 81 01 
27 87 29 20 24 28 22 26 23 25 17 82 19 11 14 18 12 16 13 15 86 68 60 61 65 69 63 67 64 66 84 47 49 41 44 48 42 46 43 45 78 80 70 71 75 79 73 77 74 76 35 83 37 39 30 34 38 32 36 33 56 85 58 50 51 55 59 53 57 54 89 98 94 88 90 97 96 93 92 95 91 21 10 40 72 31 52 62 05 08 81 07 02 09 06 01 03 04 00 
22 29 20 28 23 25 87 24 21 26 12 19 11 18 13 15 82 14 10 16 60 63 61 69 64 66 86 65 62 67 49 42 41 48 43 45 84 44 40 46 73 70 71 79 74 76 80 75 72 77 36 39 32 30 38 33 35 83 34 31 57 50 53 51 59 54 56 85 55 52 92 88 93 90 96 95 89 98 97 91 94 27 17 47 78 37 58 68 06 05 09 02 81 01 04 08 00 03 07 
25 24 23 21 29 27 26 87 20 22 15 14 13 10 19 17 16 82 11 12 65 66 64 62 60 68 67 86 61 63 44 45 43 40 49 47 46 84 41 42 76 75 74 72 70 78 77 80 71 73 32 34 35 33 31 39 37 36 83 30 53 55 56 54 52 50 58 57 85 51 93 97 89 95 91 88 94 92 98 90 96 28 18 48 79 38 59 69 02 07 04 05 06 03 81 00 01 09 08 
20 25 26 24 22 23 28 27 87 21 11 15 16 14 12 13 18 17 82 10 66 61 67 65 63 64 69 68 86 62 45 41 46 44 42 43 48 47 84 40 71 76 77 75 73 74 79 78 80 72 31 35 30 36 34 32 33 38 37 83 52 56 51 57 55 53 54 59 58 85 91 89 90 92 97 93 95 96 94 98 88 29 19 49 70 39 50 60 00 03 05 01 08 06 07 04 81 02 09 
26 23 21 27 20 22 24 29 28 87 16 13 10 17 11 12 14 19 18 82 64 67 62 68 61 63 65 60 69 86 43 46 40 47 41 42 44 49 48 84 77 74 72 78 71 73 75 70 79 80 83 33 36 31 37 30 32 34 39 38 85 54 57 52 58 51 53 55 50 59 98 95 92 91 94 90 93 97 88 96 89 25 15 45 76 35 56 66 81 02 03 06 04 00 09 07 08 01 05 
24 21 27 22 28 87 23 20 25 29 14 10 17 12 18 82 13 11 15 19 62 65 68 63 69 86 64 61 66 60 40 44 47 42 48 84 43 41 45 49 75 72 78 73 79 80 74 71 76 70 39 31 34 37 32 38 83 33 30 35 50 52 55 58 53 59 85 54 51 56 88 91 97 94 93 96 98 95 90 89 92 26 16 46 77 36 57 67 09 81 00 04 03 07 01 02 05 08 06 
91 93 98 88 92 90 94 89 97 96 31 32 83 39 36 30 37 35 34 38 22 21 87 29 26 20 27 25 24 28 73 72 80 70 77 71 78 76 75 79 52 53 85 50 57 51 58 56 55 59 08 02 00 81 09 06 01 07 05 04 48 42 40 84 49 46 41 47 45 44 69 63 62 86 60 67 61 68 66 65 64 95 33 74 54 03 43 23 18 11 12 10 17 82 15 19 14 16 13 
98 90 96 89 91 92 88 95 94 97 83 30 38 35 31 36 39 33 37 34 20 87 28 25 21 26 29 23 27 24 71 80 79 76 72 77 70 74 78 75 85 51 59 56 52 57 50 54 58 55 04 01 81 08 05 00 06 09 03 07 44 41 84 48 45 40 46 49 43 47 65 61 86 69 66 62 67 60 64 68 63 93 32 73 53 02 42 22 14 16 11 82 19 18 13 15 17 10 12 
95 94 93 98 89 88 91 96 92 90 33 37 32 83 35 39 31 38 36 30 27 23 22 87 25 29 21 28 26 20 78 74 73 80 76 70 72 79 77 71 54 58 53 85 56 50 52 59 57 51 01 07 03 02 81 05 09 00 08 06 41 47 43 42 84 45 49 40 48 46 61 68 64 63 86 66 60 62 69 67 65 97 34 75 55 04 44 24 11 19 17 13 10 12 18 82 16 15 14 
96 92 97 95 98 91 89 93 88 94 38 36 34 33 83 31 35 32 39 37 26 28 24 23 87 21 25 22 29 27 77 79 75 74 80 72 76 73 70 78 59 57 55 54 85 52 56 53 50 58 07 06 08 04 03 81 00 05 02 09 47 46 48 44 43 84 40 45 42 49 68 67 69 65 64 86 62 66 63 60 61 90 30 71 51 01 41 20 17 10 16 18 15 14 12 13 19 82 11 
94 98 88 90 97 96 93 92 95 89 37 83 39 30 34 38 32 36 33 35 87 27 29 20 24 28 22 26 23 25 80 78 70 71 75 79 73 77 74 76 58 85 50 51 55 59 53 57 54 56 05 81 07 09 01 04 08 02 06 03 45 84 47 49 41 44 48 42 46 43 66 86 68 60 61 65 69 63 67 64 62 91 31 72 52 00 40 21 15 18 82 17 12 19 16 11 13 14 10 
93 88 90 96 95 89 98 97 91 92 32 39 30 38 33 35 83 34 31 36 29 22 20 28 23 25 87 24 21 26 70 73 71 79 74 76 80 75 72 77 53 50 51 59 54 56 85 55 52 57 06 09 02 01 08 03 05 81 04 00 46 49 42 41 48 43 45 84 44 40 67 60 63 61 69 64 66 86 65 62 68 94 37 78 58 07 47 27 16 15 19 12 82 11 14 18 10 13 17 
89 97 95 91 88 94 92 98 90 93 35 34 33 31 39 37 36 83 30 32 24 25 23 21 29 27 26 87 20 22 75 76 74 72 70 78 77 80 71 73 56 55 54 52 50 58 57 85 51 53 02 04 05 03 00 09 07 06 81 01 42 44 45 43 40 49 47 46 84 41 63 65 66 64 62 60 68 67 86 61 69 96 38 79 59 08 48 28 12 17 14 15 16 13 82 10 11 19 18 
90 89 92 97 93 95 96 94 98 91 30 35 36 34 32 33 38 37 83 31 25 20 26 24 22 23 28 27 87 21 76 71 77 75 73 74 79 78 80 72 51 56 57 55 53 54 59 58 85 52 00 05 01 06 04 02 03 08 07 81 40 45 41 46 44 42 43 48 47 84 62 66 61 67 65 63 64 69 68 86 60 88 39 70 50 09 49 29 10 13 15 11 18 16 17 14 82 12 19 
92 95 91 94 90 93 97 88 96 98 36 33 31 37 30 32 34 39 38 83 23 26 21 27 20 22 24 29 28 87 74 77 72 78 71 73 75 70 79 80 57 54 52 58 51 53 55 50 59 85 81 03 06 00 07 01 02 04 09 08 84 43 46 40 47 41 42 44 49 48 86 64 67 62 68 61 63 65 60 69 66 89 35 76 56 05 45 25 82 12 13 16 14 10 19 17 18 11 15 
97 91 94 93 96 98 95 90 89 88 34 31 37 32 38 83 33 30 35 39 21 24 27 22 28 87 23 20 25 29 72 75 78 73 79 80 74 71 76 70 55 52 58 53 59 85 54 51 56 50 09 00 04 07 02 08 81 03 01 05 49 40 44 47 42 48 84 43 41 45 60 62 65 68 63 69 86 64 61 66 67 92 36 77 57 06 46 26 19 82 10 14 13 17 11 12 15 18 16 
80 71 79 76 72 77 70 74 78 75 98 90 96 89 91 92 88 95 94 97 41 84 48 45 40 46 49 43 47 44 30 83 38 35 31 36 39 33 37 34 81 01 08 05 00 06 09 03 07 04 65 61 86 69 66 62 67 60 64 68 14 11 82 18 15 10 16 19 13 17 55 51 85 59 56 52 57 50 54 58 53 73 93 32 02 63 12 42 24 26 20 87 29 28 23 25 27 21 22 
72 73 80 70 77 71 78 76 75 79 91 93 98 88 92 90 94 89 97 96 42 40 84 49 46 41 47 45 44 48 32 31 83 39 36 30 37 35 34 38 00 02 81 09 06 01 07 05 04 08 69 63 62 86 60 67 61 68 66 65 18 12 10 82 19 16 11 17 15 14 59 53 52 85 50 57 51 58 56 55 54 74 95 33 03 64 13 43 28 20 22 21 27 87 25 29 24 26 23 
74 78 73 80 76 70 72 79 77 71 95 94 93 98 89 88 91 96 92 90 47 43 42 84 45 49 40 48 46 41 37 33 32 83 35 39 31 38 36 30 03 07 02 81 05 09 00 08 06 01 61 68 64 63 86 66 60 62 69 67 11 17 13 12 82 15 19 10 18 16 51 58 54 53 85 56 50 52 59 57 55 75 97 34 04 65 14 44 20 29 27 23 21 22 28 87 26 25 24 
79 77 75 74 80 72 76 73 70 78 96 92 97 95 98 91 89 93 88 94 46 48 44 43 84 40 45 42 49 47 36 38 34 33 83 31 35 32 39 37 08 06 04 03 81 00 05 02 09 07 68 67 69 65 64 86 62 66 63 60 17 16 18 14 13 82 10 15 12 19 58 57 59 55 54 85 52 56 53 50 51 71 90 30 01 61 11 41 27 21 26 28 25 24 22 23 29 87 20 
78 80 70 71 75 79 73 77 74 76 94 98 88 90 97 96 93 92 95 89 84 47 49 41 44 48 42 46 43 45 83 37 39 30 34 38 32 36 33 35 07 81 09 01 04 08 02 06 03 05 66 86 68 60 61 65 69 63 67 64 15 82 17 19 11 14 18 12 16 13 56 85 58 50 51 55 59 53 57 54 52 72 91 31 00 62 10 40 25 28 87 27 22 29 26 20 23 24 21 
73 70 71 79 74 76 80 75 72 77 93 88 90 96 95 89 98 97 91 92 49 42 41 48 43 45 84 44 40 46 39 32 30 38 33 35 83 34 31 36 02 09 01 08 03 05 81 04 00 06 67 60 63 61 69 64 66 86 65 62 16 19 12 11 18 13 15 82 14 10 57 50 53 51 59 54 56 85 55 52 58 78 94 37 07 68 17 47 26 25 29 22 87 20 24 28 21 23 27 
76 75 74 72 70 78 77 80 71 73 89 97 95 91 88 94 92 98 90 93 44 45 43 40 49 47 46 84 41 42 34 35 33 31 39 37 36 83 30 32 05 04 03 00 09 07 06 81 01 02 63 65 66 64 62 60 68 67 86 61 12 14 15 13 10 19 17 16 82 11 53 55 56 54 52 50 58 57 85 51 59 79 96 38 08 69 18 48 22 27 24 25 26 23 87 21 20 29 28 
71 76 77 75 73 74 79 78 80 72 90 89 92 97 93 95 96 94 98 91 45 41 46 44 42 43 48 47 84 40 35 30 36 34 32 33 38 37 83 31 01 05 06 04 02 03 08 07 81 00 62 66 61 67 65 63 64 69 68 86 10 15 11 16 14 12 13 18 17 82 52 56 51 57 55 53 54 59 58 85 50 70 88 39 09 60 19 49 21 23 25 20 28 26 27 24 87 22 29 
77 74 72 78 71 73 75 70 79 80 92 95 91 94 90 93 97 88 96 98 43 46 40 47 41 42 44 49 48 84 33 36 31 37 30 32 34 39 38 83 06 03 00 07 01 02 04 09 08 81 86 64 67 62 68 61 63 65 60 69 82 13 16 10 17 11 12 14 19 18 85 54 57 52 58 51 53 55 50 59 56 76 89 35 05 66 15 45 87 22 23 26 24 21 29 27 28 20 25 
75 72 78 73 79 80 74 71 76 70 97 91 94 93 96 98 95 90 89 88 40 44 47 42 48 84 43 41 45 49 31 34 37 32 38 83 33 30 35 39 04 00 07 02 08 81 03 01 05 09 60 62 65 68 63 69 86 64 61 66 19 10 14 17 12 18 82 13 11 15 50 52 55 58 53 59 85 54 51 56 57 77 92 36 06 67 16 46 29 87 21 24 23 27 20 22 25 28 26 
86 61 69 66 62 67 60 64 68 65 81 01 08 05 00 06 09 03 07 04 90 98 96 89 91 92 88 95 94 97 51 85 59 56 52 57 50 54 58 55 84 41 48 45 40 46 49 43 47 44 14 11 82 18 15 10 16 19 13 17 75 71 80 79 76 72 77 70 74 78 24 20 87 28 25 21 26 29 23 27 22 63 02 53 42 12 73 93 34 36 30 83 39 38 33 35 37 31 32 
62 63 86 60 67 61 68 66 65 69 00 02 81 09 06 01 07 05 04 08 93 91 98 88 92 90 94 89 97 96 53 52 85 50 57 51 58 56 55 59 40 42 84 49 46 41 47 45 44 48 18 12 10 82 19 16 11 17 15 14 79 73 72 80 70 77 71 78 76 75 28 22 21 87 29 26 20 27 25 24 23 64 03 54 43 13 74 95 38 30 32 31 37 83 35 39 34 36 33 
64 68 63 86 66 60 62 69 67 61 03 07 02 81 05 09 00 08 06 01 94 95 93 98 89 88 91 96 92 90 58 54 53 85 56 50 52 59 57 51 43 47 42 84 45 49 40 48 46 41 11 17 13 12 82 15 19 10 18 16 71 78 74 73 80 76 70 72 79 77 20 27 23 22 87 25 29 21 28 26 24 65 04 55 44 14 75 97 30 39 37 33 31 32 38 83 36 35 34 
69 67 65 64 86 62 66 63 60 68 08 06 04 03 81 00 05 02 09 07 92 96 97 95 98 91 89 93 88 94 57 59 55 54 85 52 56 53 50 58 48 46 44 43 84 40 45 42 49 47 17 16 18 14 13 82 10 15 12 19 78 77 79 75 74 80 72 76 73 70 27 26 28 24 23 87 21 25 22 29 20 61 01 51 41 11 71 90 37 31 36 38 35 34 32 33 39 83 30 
68 86 60 61 65 69 63 67 64 66 07 81 09 01 04 08 02 06 03 05 98 94 88 90 97 96 93 92 95 89 85 58 50 51 55 59 53 57 54 56 47 84 49 41 44 48 42 46 43 45 15 82 17 19 11 14 18 12 16 13 76 80 78 70 71 75 79 73 77 74 25 87 27 29 20 24 28 22 26 23 21 62 00 52 40 10 72 91 35 38 83 37 32 39 36 30 33 34 31 
63 60 61 69 64 66 86 65 62 67 02 09 01 08 03 05 81 04 00 06 88 93 90 96 95 89 98 97 91 92 50 53 51 59 54 56 85 55 52 57 42 49 41 48 43 45 84 44 40 46 16 19 12 11 18 13 15 82 14 10 77 70 73 71 79 74 76 80 75 72 26 29 22 20 28 23 25 87 24 21 27 68 07 58 47 17 78 94 36 35 39 32 83 30 34 38 31 33 37 
66 65 64 62 60 68 67 86 61 63 05 04 03 00 09 07 06 81 01 02 97 89 95 91 88 94 92 98 90 93 55 56 54 52 50 58 57 85 51 53 45 44 43 40 49 47 46 84 41 42 12 14 15 13 10 19 17 16 82 11 73 75 76 74 72 70 78 77 80 71 22 24 25 23 21 29 27 26 87 20 28 69 08 59 48 18 79 96 32 37 34 35 36 33 83 31 30 39 38 
61 66 67 65 63 64 69 68 86 62 01 05 06 04 02 03 08 07 81 00 89 90 92 97 93 95 96 94 98 91 56 51 57 55 53 54 59 58 85 52 41 45 46 44 42 43 48 47 84 40 10 15 11 16 14 12 13 18 17 82 72 76 71 77 75 73 74 79 78 80 21 25 20 26 24 22 23 28 27 87 29 60 09 50 49 19 70 88 31 33 35 30 38 36 37 34 83 32 39 
67 64 62 68 61 63 65 60 69 86 06 03 00 07 01 02 04 09 08 81 95 92 91 94 90 93 97 88 96 98 54 57 52 58 51 53 55 50 59 85 46 43 40 47 41 42 44 49 48 84 82 13 16 10 17 11 12 14 19 18 80 74 77 72 78 71 73 75 70 79 87 23 26 21 27 20 22 24 29 28 25 66 05 56 45 15 76 89 83 32 33 36 34 31 39 37 38 30 35 
65 62 68 63 69 86 64 61 66 60 04 00 07 02 08 81 03 01 05 09 91 97 94 93 96 98 95 90 89 88 52 55 58 53 59 85 54 51 56 50 44 40 47 42 48 84 43 41 45 49 19 10 14 17 12 18 82 13 11 15 70 72 75 78 73 79 80 74 71 76 29 21 24 27 22 28 87 23 20 25 26 67 06 57 46 16 77 92 39 83 31 34 33 37 30 32 35 38 36 
31 32 83 39 36 30 37 35 34 38 72 73 80 70 77 71 78 76 75 79 12 10 82 19 16 11 17 15 14 18 93 91 98 88 92 90 94 89 97 96 62 63 86 60 67 61 68 66 65 69 59 53 52 85 50 57 51 58 56 55 28 22 21 87 29 26 20 27 25 24 08 02 00 81 09 06 01 07 05 04 03 33 74 95 64 54 23 13 48 41 42 40 47 84 45 49 44 46 43 
83 30 38 35 31 36 39 33 37 34 80 71 79 76 72 77 70 74 78 75 11 82 18 15 10 16 19 13 17 14 90 98 96 89 91 92 88 95 94 97 86 61 69 66 62 67 60 64 68 65 55 51 85 59 56 52 57 50 54 58 24 20 87 28 25 21 26 29 23 27 04 01 81 08 05 00 06 09 03 07 02 32 73 93 63 53 22 12 44 46 41 84 49 48 43 45 47 40 42 
33 37 32 83 35 39 31 38 36 30 74 78 73 80 76 70 72 79 77 71 17 13 12 82 15 19 10 18 16 11 94 95 93 98 89 88 91 96 92 90 64 68 63 86 66 60 62 69 67 61 51 58 54 53 85 56 50 52 59 57 20 27 23 22 87 25 29 21 28 26 01 07 03 02 81 05 09 00 08 06 04 34 75 97 65 55 24 14 41 49 47 43 40 42 48 84 46 45 44 
38 36 34 33 83 31 35 32 39 37 79 77 75 74 80 72 76 73 70 78 16 18 14 13 82 10 15 12 19 17 92 96 97 95 98 91 89 93 88 94 69 67 65 64 86 62 66 63 60 68 58 57 59 55 54 85 52 56 53 50 27 26 28 24 23 87 21 25 22 29 07 06 08 04 03 81 00 05 02 09 01 30 71 90 61 51 20 11 47 40 46 48 45 44 42 43 49 84 41 
37 83 39 30 34 38 32 36 33 35 78 80 70 71 75 79 73 77 74 76 82 17 19 11 14 18 12 16 13 15 98 94 88 90 97 96 93 92 95 89 68 86 60 61 65 69 63 67 64 66 56 85 58 50 51 55 59 53 57 54 25 87 27 29 20 24 28 22 26 23 05 81 07 09 01 04 08 02 06 03 00 31 72 91 62 52 21 10 45 48 84 47 42 49 46 41 43 44 40 
32 39 30 38 33 35 83 34 31 36 73 70 71 79 74 76 80 75 72 77 19 12 11 18 13 15 82 14 10 16 88 93 90 96 95 89 98 97 91 92 63 60 61 69 64 66 86 65 62 67 57 50 53 51 59 54 56 85 55 52 26 29 22 20 28 23 25 87 24 21 06 09 02 01 08 03 05 81 04 00 07 37 78 94 68 58 27 17 46 45 49 42 84 41 44 48 40 43 47 
35 34 33 31 39 37 36 83 30 32 76 75 74 72 70 78 77 80 71 73 14 15 13 10 19 17 16 82 11 12 97 89 95 91 88 94 92 98 90 93 66 65 64 62 60 68 67 86 61 63 53 55 56 54 52 50 58 57 85 51 22 24 25 23 21 29 27 26 87 20 02 04 05 03 00 09 07 06 81 01 08 38 79 96 69 59 28 18 42 47 44 45 46 43 84 40 41 49 48 
30 35 36 34 32 33 38 37 83 31 71 76 77 75 73 74 79 78 80 72 15 11 16 14 12 13 18 17 82 10 89 90 92 97 93 95 96 94 98 91 61 66 67 65 63 64 69 68 86 62 52 56 51 57 55 53 54 59 58 85 21 25 20 26 24 22 23 28 27 87 00 05 01 06 04 02 03 08 07 81 09 39 70 88 60 50 29 19 40 43 45 41 48 46 47 44 84 42 49 
36 33 31 37 30 32 34 39 38 83 77 74 72 78 71 73 75 70 79 80 13 16 10 17 11 12 14 19 18 82 95 92 91 94 90 93 97 88 96 98 67 64 62 68 61 63 65 60 69 86 85 54 57 52 58 51 53 55 50 59 87 23 26 21 27 20 22 24 29 28 81 03 06 00 07 01 02 04 09 08 05 35 76 89 66 56 25 15 84 42 43 46 44 40 49 47 48 41 45 
34 31 37 32 38 83 33 30 35 39 75 72 78 73 79 80 74 71 76 70 10 14 17 12 18 82 13 11 15 19 91 97 94 93 96 98 95 90 89 88 65 62 68 63 69 86 64 61 66 60 50 52 55 58 53 59 85 54 51 56 29 21 24 27 22 28 87 23 20 25 09 00 04 07 02 08 81 03 01 05 06 36 77 92 67 57 26 16 49 84 40 44 43 47 41 42 45 48 46 
14 10 17 12 18 82 13 11 15 19 44 40 47 42 48 84 43 41 45 49 00 04 07 02 08 81 03 01 05 09 21 24 27 22 28 87 23 20 25 29 97 91 94 93 96 98 95 90 89 88 70 72 75 78 73 79 80 74 71 76 60 62 65 68 63 69 86 64 61 66 39 31 34 37 32 38 83 33 30 35 36 16 46 26 92 77 67 06 50 85 52 55 54 58 51 53 56 59 57 
82 11 18 15 10 16 19 13 17 14 84 41 48 45 40 46 49 43 47 44 01 81 08 05 00 06 09 03 07 04 20 87 28 25 21 26 29 23 27 24 98 90 96 89 91 92 88 95 94 97 75 71 80 79 76 72 77 70 74 78 65 61 86 69 66 62 67 60 64 68 34 30 83 38 35 31 36 39 33 37 32 12 42 22 93 73 63 02 55 57 51 85 50 59 54 56 58 52 53 
10 12 82 19 16 11 17 15 14 18 40 42 84 49 46 41 47 45 44 48 02 00 81 09 06 01 07 05 04 08 22 21 87 29 26 20 27 25 24 28 91 93 98 88 92 90 94 89 97 96 79 73 72 80 70 77 71 78 76 75 69 63 62 86 60 67 61 68 66 65 38 32 31 83 39 36 30 37 35 34 33 13 43 23 95 74 64 03 59 51 53 52 58 85 56 50 55 57 54 
13 17 12 82 15 19 10 18 16 11 43 47 42 84 45 49 40 48 46 41 07 03 02 81 05 09 00 08 06 01 27 23 22 87 25 29 21 28 26 20 95 94 93 98 89 88 91 96 92 90 71 78 74 73 80 76 70 72 79 77 61 68 64 63 86 66 60 62 69 67 30 37 33 32 83 35 39 31 38 36 34 14 44 24 97 75 65 04 51 50 58 54 52 53 59 85 57 56 55 
18 16 14 13 82 10 15 12 19 17 48 46 44 43 84 40 45 42 49 47 06 08 04 03 81 00 05 02 09 07 26 28 24 23 87 21 25 22 29 27 96 92 97 95 98 91 89 93 88 94 78 77 79 75 74 80 72 76 73 70 68 67 69 65 64 86 62 66 63 60 37 36 38 34 33 83 31 35 32 39 30 11 41 20 90 71 61 01 58 52 57 59 56 55 53 54 50 85 51 
17 82 19 11 14 18 12 16 13 15 47 84 49 41 44 48 42 46 43 45 81 07 09 01 04 08 02 06 03 05 87 27 29 20 24 28 22 26 23 25 94 98 88 90 97 96 93 92 95 89 76 80 78 70 71 75 79 73 77 74 66 86 68 60 61 65 69 63 67 64 35 83 37 39 30 34 38 32 36 33 31 10 40 21 91 72 62 00 56 59 85 58 53 50 57 51 54 55 52 
12 19 11 18 13 15 82 14 10 16 42 49 41 48 43 45 84 44 40 46 09 02 01 08 03 05 81 04 00 06 29 22 20 28 23 25 87 24 21 26 93 88 90 96 95 89 98 97 91 92 77 70 73 71 79 74 76 80 75 72 67 60 63 61 69 64 66 86 65 62 36 39 32 30 38 33 35 83 34 31 37 17 47 27 94 78 68 07 57 56 50 53 85 51 55 59 52 54 58 
15 14 13 10 19 17 16 82 11 12 45 44 43 40 49 47 46 84 41 42 04 05 03 00 09 07 06 81 01 02 24 25 23 21 29 27 26 87 20 22 89 97 95 91 88 94 92 98 90 93 73 75 76 74 72 70 78 77 80 71 63 65 66 64 62 60 68 67 86 61 32 34 35 33 31 39 37 36 83 30 38 18 48 28 96 79 69 08 53 58 55 56 57 54 85 52 51 50 59 
11 15 16 14 12 13 18 17 82 10 41 45 46 44 42 43 48 47 84 40 05 01 06 04 02 03 08 07 81 00 25 20 26 24 22 23 28 27 87 21 90 89 92 97 93 95 96 94 98 91 72 76 71 77 75 73 74 79 78 80 62 66 61 67 65 63 64 69 68 86 31 35 30 36 34 32 33 38 37 83 39 19 49 29 88 70 60 09 52 54 56 51 59 57 58 55 85 53 50 
16 13 10 17 11 12 14 19 18 82 46 43 40 47 41 42 44 49 48 84 03 06 00 07 01 02 04 09 08 81 23 26 21 27 20 22 24 29 28 87 92 95 91 94 90 93 97 88 96 98 80 74 77 72 78 71 73 75 70 79 86 64 67 62 68 61 63 65 60 69 83 33 36 31 37 30 32 34 39 38 35 15 45 25 89 76 66 05 85 53 54 57 55 52 50 58 59 51 56 
44 40 47 42 48 84 43 41 45 49 24 21 27 22 28 87 23 20 25 29 52 55 58 53 59 85 54 51 56 50 10 14 17 12 18 82 13 11 15 19 34 31 37 32 38 83 33 30 35 39 88 91 97 94 93 96 98 95 90 89 09 00 04 07 02 08 81 03 01 05 70 72 75 78 73 79 80 74 71 76 77 46 26 16 36 92 06 57 60 86 62 65 64 68 61 63 66 69 67 
84 41 48 45 40 46 49 43 47 44 87 20 28 25 21 26 29 23 27 24 51 85 59 56 52 57 50 54 58 55 11 82 18 15 10 16 19 13 17 14 83 30 38 35 31 36 39 33 37 34 97 90 98 96 89 91 92 88 95 94 04 01 81 08 05 00 06 09 03 07 75 71 80 79 76 72 77 70 74 78 73 42 22 12 32 93 02 53 65 67 61 86 60 69 64 66 68 62 63 
40 42 84 49 46 41 47 45 44 48 21 22 87 29 26 20 27 25 24 28 53 52 85 50 57 51 58 56 55 59 12 10 82 19 16 11 17 15 14 18 31 32 83 39 36 30 37 35 34 38 96 93 91 98 88 92 90 94 89 97 08 02 00 81 09 06 01 07 05 04 79 73 72 80 70 77 71 78 76 75 74 43 23 13 33 95 03 54 69 61 63 62 68 86 66 60 65 67 64 
43 47 42 84 45 49 40 48 46 41 23 27 22 87 25 29 21 28 26 20 58 54 53 85 56 50 52 59 57 51 17 13 12 82 15 19 10 18 16 11 33 37 32 83 35 39 31 38 36 30 90 94 95 93 98 89 88 91 96 92 01 07 03 02 81 05 09 00 08 06 71 78 74 73 80 76 70 72 79 77 75 44 24 14 34 97 04 55 61 60 68 64 62 63 69 86 67 66 65 
48 46 44 43 84 40 45 42 49 47 28 26 24 23 87 21 25 22 29 27 57 59 55 54 85 52 56 53 50 58 16 18 14 13 82 10 15 12 19 17 38 36 34 33 83 31 35 32 39 37 94 92 96 97 95 98 91 89 93 88 07 06 08 04 03 81 00 05 02 09 78 77 79 75 74 80 72 76 73 70 71 41 20 11 30 90 01 51 68 62 67 69 66 65 63 64 60 86 61 
47 84 49 41 44 48 42 46 43 45 27 87 29 20 24 28 22 26 23 25 85 58 50 51 55 59 53 57 54 56 82 17 19 11 14 18 12 16 13 15 37 83 39 30 34 38 32 36 33 35 89 98 94 88 90 97 96 93 92 95 05 81 07 09 01 04 08 02 06 03 76 80 78 70 71 75 79 73 77 74 72 40 21 10 31 91 00 52 66 69 86 68 63 60 67 61 64 65 62 
42 49 41 48 43 45 84 44 40 46 22 29 20 28 23 25 87 24 21 26 50 53 51 59 54 56 85 55 52 57 19 12 11 18 13 15 82 14 10 16 32 39 30 38 33 35 83 34 31 36 92 88 93 90 96 95 89 98 97 91 06 09 02 01 08 03 05 81 04 00 77 70 73 71 79 74 76 80 75 72 78 47 27 17 37 94 07 58 67 66 60 63 86 61 65 69 62 64 68 
45 44 43 40 49 47 46 84 41 42 25 24 23 21 29 27 26 87 20 22 55 56 54 52 50 58 57 85 51 53 14 15 13 10 19 17 16 82 11 12 35 34 33 31 39 37 36 83 30 32 93 97 89 95 91 88 94 92 98 90 02 04 05 03 00 09 07 06 81 01 73 75 76 74 72 70 78 77 80 71 79 48 28 18 38 96 08 59 63 68 65 66 67 64 86 62 61 60 69 
41 45 46 44 42 43 48 47 84 40 20 25 26 24 22 23 28 27 87 21 56 51 57 55 53 54 59 58 85 52 15 11 16 14 12 13 18 17 82 10 30 35 36 34 32 33 38 37 83 31 91 89 90 92 97 93 95 96 94 98 00 05 01 06 04 02 03 08 07 81 72 76 71 77 75 73 74 79 78 80 70 49 29 19 39 88 09 50 62 64 66 61 69 67 68 65 86 63 60 
46 43 40 47 41 42 44 49 48 84 26 23 21 27 20 22 24 29 28 87 54 57 52 58 51 53 55 50 59 85 13 16 10 17 11 12 14 19 18 82 36 33 31 37 30 32 34 39 38 83 98 95 92 91 94 90 93 97 88 96 81 03 06 00 07 01 02 04 09 08 80 74 77 72 78 71 73 75 70 79 76 45 25 15 35 89 05 56 86 63 64 67 65 62 60 68 69 61 66 
04 00 07 02 08 81 03 01 05 09 55 52 58 53 59 85 54 51 56 50 31 34 37 32 38 83 33 30 35 39 62 65 68 63 69 86 64 61 66 60 24 21 27 22 28 87 23 20 25 29 49 40 44 47 42 48 84 43 41 45 88 91 97 94 93 96 98 95 90 89 19 10 14 17 12 18 82 13 11 15 16 06 57 67 26 46 92 36 70 80 72 75 74 78 71 73 76 79 77 
81 01 08 05 00 06 09 03 07 04 85 51 59 56 52 57 50 54 58 55 30 83 38 35 31 36 39 33 37 34 61 86 69 66 62 67 60 64 68 65 87 20 28 25 21 26 29 23 27 24 44 41 84 48 45 40 46 49 43 47 97 90 98 96 89 91 92 88 95 94 14 11 82 18 15 10 16 19 13 17 12 02 53 63 22 42 93 32 75 77 71 80 70 79 74 76 78 72 73 
00 02 81 09 06 01 07 05 04 08 52 53 85 50 57 51 58 56 55 59 32 31 83 39 36 30 37 35 34 38 63 62 86 60 67 61 68 66 65 69 21 22 87 29 26 20 27 25 24 28 48 42 40 84 49 46 41 47 45 44 96 93 91 98 88 92 90 94 89 97 18 12 10 82 19 16 11 17 15 14 13 03 54 64 23 43 95 33 79 71 73 72 78 80 76 70 75 77 74 
03 07 02 81 05 09 00 08 06 01 54 58 53 85 56 50 52 59 57 51 37 33 32 83 35 39 31 38 36 30 68 64 63 86 66 60 62 69 67 61 23 27 22 87 25 29 21 28 26 20 41 47 43 42 84 45 49 40 48 46 90 94 95 93 98 89 88 91 96 92 11 17 13 12 82 15 19 10 18 16 14 04 55 65 24 44 97 34 71 70 78 74 72 73 79 80 77 76 75 
08 06 04 03 81 00 05 02 09 07 59 57 55 54 85 52 56 53 50 58 36 38 34 33 83 31 35 32 39 37 67 69 65 64 86 62 66 63 60 68 28 26 24 23 87 21 25 22 29 27 47 46 48 44 43 84 40 45 42 49 94 92 96 97 95 98 91 89 93 88 17 16 18 14 13 82 10 15 12 19 11 01 51 61 20 41 90 30 78 72 77 79 76 75 73 74 70 80 71 
07 81 09 01 04 08 02 06 03 05 58 85 50 51 55 59 53 57 54 56 83 37 39 30 34 38 32 36 33 35 86 68 60 61 65 69 63 67 64 66 27 87 29 20 24 28 22 26 23 25 45 84 47 49 41 44 48 42 46 43 89 98 94 88 90 97 96 93 92 95 15 82 17 19 11 14 18 12 16 13 10 00 52 62 21 40 91 31 76 79 80 78 73 70 77 71 74 75 72 
02 09 01 08 03 05 81 04 00 06 53 50 51 59 54 56 85 55 52 57 39 32 30 38 33 35 83 34 31 36 60 63 61 69 64 66 86 65 62 67 22 29 20 28 23 25 87 24 21 26 46 49 42 41 48 43 45 84 44 40 92 88 93 90 96 95 89 98 97 91 16 19 12 11 18 13 15 82 14 10 17 07 58 68 27 47 94 37 77 76 70 73 80 71 75 79 72 74 78 
05 04 03 00 09 07 06 81 01 02 56 55 54 52 50 58 57 85 51 53 34 35 33 31 39 37 36 83 30 32 65 66 64 62 60 68 67 86 61 63 25 24 23 21 29 27 26 87 20 22 42 44 45 43 40 49 47 46 84 41 93 97 89 95 91 88 94 92 98 90 12 14 15 13 10 19 17 16 82 11 18 08 59 69 28 48 96 38 73 78 75 76 77 74 80 72 71 70 79 
01 05 06 04 02 03 08 07 81 00 51 56 57 55 53 54 59 58 85 52 35 30 36 34 32 33 38 37 83 31 66 61 67 65 63 64 69 68 86 62 20 25 26 24 22 23 28 27 87 21 40 45 41 46 44 42 43 48 47 84 91 89 90 92 97 93 95 96 94 98 10 15 11 16 14 12 13 18 17 82 19 09 50 60 29 49 88 39 72 74 76 71 79 77 78 75 80 73 70 
06 03 00 07 01 02 04 09 08 81 57 54 52 58 51 53 55 50 59 85 33 36 31 37 30 32 34 39 38 83 64 67 62 68 61 63 65 60 69 86 26 23 21 27 20 22 24 29 28 87 84 43 46 40 47 41 42 44 49 48 98 95 92 91 94 90 93 97 88 96 82 13 16 10 17 11 12 14 19 18 15 05 56 66 25 45 89 35 80 73 74 77 75 72 70 78 79 71 76 
09 08 05 06 07 04 01 00 02 03 50 59 56 57 58 55 51 52 53 54 38 39 35 36 37 34 30 31 32 33 69 60 66 67 68 65 61 62 63 64 29 28 25 26 27 24 20 21 22 23 43 48 49 45 46 47 44 41 40 42 95 96 88 89 92 94 97 90 91 93 13 18 19 15 16 17 14 11 10 12 82 81 85 86 87 84 98 83 74 75 79 70 71 76 72 77 73 78 80 
29 28 25 26 27 24 20 21 22 23 19 18 15 16 17 14 11 10 12 13 69 60 66 67 68 65 61 62 63 64 48 49 45 46 47 44 41 40 42 43 70 79 76 77 78 75 71 72 73 74 33 38 39 35 36 37 34 30 31 32 54 59 50 56 57 58 55 51 52 53 95 96 88 89 92 94 97 90 91 93 98 87 82 84 80 83 85 86 03 04 08 09 01 05 00 06 02 07 81 
88 96 89 92 94 97 90 91 93 95 39 38 35 36 37 34 30 31 32 33 28 29 25 26 27 24 20 21 22 23 79 70 76 77 78 75 71 72 73 74 50 59 56 57 58 55 51 52 53 54 03 08 09 05 06 07 04 01 00 02 43 48 49 45 46 47 44 41 40 42 64 69 60 66 67 68 65 61 62 63 86 98 83 80 85 81 84 87 13 14 18 19 11 15 10 16 12 17 82 
60 69 66 67 68 65 61 62 63 64 09 08 05 06 07 04 01 00 02 03 96 88 89 92 94 97 90 91 93 95 59 50 56 57 58 55 51 52 53 54 49 48 45 46 47 44 41 40 42 43 13 18 19 15 16 17 14 11 10 12 74 79 70 76 77 78 75 71 72 73 23 28 29 25 26 27 24 20 21 22 87 86 81 85 84 82 80 98 33 34 38 39 30 35 31 36 32 37 83 
39 38 35 36 37 34 30 31 32 33 70 79 76 77 78 75 71 72 73 74 18 19 15 16 17 14 11 10 12 13 96 88 89 92 94 97 90 91 93 95 60 69 66 67 68 65 61 62 63 64 54 59 50 56 57 58 55 51 52 53 23 28 29 25 26 27 24 20 21 22 03 08 09 05 06 07 04 01 00 02 81 83 80 98 86 85 87 82 43 44 48 49 41 45 40 46 42 47 84 
19 18 15 16 17 14 11 10 12 13 49 48 45 46 47 44 41 40 42 43 08 09 05 06 07 04 01 00 02 03 28 29 25 26 27 24 20 21 22 23 88 96 89 92 94 97 90 91 93 95 74 79 70 76 77 78 75 71 72 73 64 69 60 66 67 68 65 61 62 63 33 38 39 35 36 37 34 30 31 32 83 82 84 87 98 80 86 81 54 55 59 50 51 56 52 57 53 58 85 
49 48 45 46 47 44 41 40 42 43 29 28 25 26 27 24 20 21 22 23 59 50 56 57 58 55 51 52 53 54 18 19 15 16 17 14 11 10 12 13 39 38 35 36 37 34 30 31 32 33 95 96 88 89 92 94 97 90 91 93 03 08 09 05 06 07 04 01 00 02 74 79 70 76 77 78 75 71 72 73 80 84 87 82 83 98 81 85 64 65 69 60 61 66 62 67 63 68 86 
70 79 76 77 78 75 71 72 73 74 88 96 89 92 94 97 90 91 93 95 48 49 45 46 47 44 41 40 42 43 38 39 35 36 37 34 30 31 32 33 09 08 05 06 07 04 01 00 02 03 64 69 60 66 67 68 65 61 62 63 13 18 19 15 16 17 14 11 10 12 54 59 50 56 57 58 55 51 52 53 85 80 98 83 81 86 82 84 23 24 28 29 20 25 21 26 22 27 87 
55 52 58 53 59 85 54 51 56 50 65 62 68 63 69 86 64 61 66 60 72 75 78 73 79 80 74 71 76 70 00 04 07 02 08 81 03 01 05 09 14 10 17 12 18 82 13 11 15 19 29 21 24 27 22 28 87 23 20 25 39 31 34 37 32 38 83 33 30 35 49 40 44 47 42 48 84 43 41 45 46 57 67 06 16 26 36 77 88 91 95 93 96 98 92 89 90 94 97 
53 50 51 59 54 56 85 55 52 57 63 60 61 69 64 66 86 65 62 67 70 73 71 79 74 76 80 75 72 77 09 02 01 08 03 05 81 04 00 06 12 19 11 18 13 15 82 14 10 16 26 29 22 20 28 23 25 87 24 21 36 39 32 30 38 33 35 83 34 31 46 49 42 41 48 43 45 84 44 40 47 58 68 07 17 27 37 78 91 89 96 97 93 95 88 98 94 92 90 
85 51 59 56 52 57 50 54 58 55 86 61 69 66 62 67 60 64 68 65 71 80 79 76 72 77 70 74 78 75 01 81 08 05 00 06 09 03 07 04 82 11 18 15 10 16 19 13 17 14 24 20 87 28 25 21 26 29 23 27 34 30 83 38 35 31 36 39 33 37 44 41 84 48 45 40 46 49 43 47 42 53 63 02 12 22 32 73 95 96 90 92 94 97 98 93 91 89 88 
52 53 85 50 57 51 58 56 55 59 62 63 86 60 67 61 68 66 65 69 73 72 80 70 77 71 78 76 75 79 02 00 81 09 06 01 07 05 04 08 10 12 82 19 16 11 17 15 14 18 28 22 21 87 29 26 20 27 25 24 38 32 31 83 39 36 30 37 35 34 48 42 40 84 49 46 41 47 45 44 43 54 64 03 13 23 33 74 93 97 92 91 88 94 96 90 98 95 89 
56 55 54 52 50 58 57 85 51 53 66 65 64 62 60 68 67 86 61 63 75 76 74 72 70 78 77 80 71 73 04 05 03 00 09 07 06 81 01 02 15 14 13 10 19 17 16 82 11 12 22 24 25 23 21 29 27 26 87 20 32 34 35 33 31 39 37 36 83 30 42 44 45 43 40 49 47 46 84 41 48 59 69 08 18 28 38 79 96 93 94 88 92 90 95 97 89 98 91 
54 58 53 85 56 50 52 59 57 51 64 68 63 86 66 60 62 69 67 61 78 74 73 80 76 70 72 79 77 71 07 03 02 81 05 09 00 08 06 01 13 17 12 82 15 19 10 18 16 11 20 27 23 22 87 25 29 21 28 26 30 37 33 32 83 35 39 31 38 36 41 47 43 42 84 45 49 40 48 46 44 55 65 04 14 24 34 75 98 95 97 94 90 93 89 96 88 91 92 
51 56 57 55 53 54 59 58 85 52 61 66 67 65 63 64 69 68 86 62 76 71 77 75 73 74 79 78 80 72 05 01 06 04 02 03 08 07 81 00 11 15 16 14 12 13 18 17 82 10 21 25 20 26 24 22 23 28 27 87 31 35 30 36 34 32 33 38 37 83 40 45 41 46 44 42 43 48 47 84 49 50 60 09 19 29 39 70 92 88 98 96 95 89 94 91 97 90 93 
59 57 55 54 85 52 56 53 50 58 69 67 65 64 86 62 66 63 60 68 77 79 75 74 80 72 76 73 70 78 06 08 04 03 81 00 05 02 09 07 18 16 14 13 82 10 15 12 19 17 27 26 28 24 23 87 21 25 22 29 37 36 38 34 33 83 31 35 32 39 47 46 48 44 43 84 40 45 42 49 41 51 61 01 11 20 30 71 89 98 93 90 97 96 91 95 92 88 94 
57 54 52 58 51 53 55 50 59 85 67 64 62 68 61 63 65 60 69 86 74 77 72 78 71 73 75 70 79 80 03 06 00 07 01 02 04 09 08 81 16 13 10 17 11 12 14 19 18 82 87 23 26 21 27 20 22 24 29 28 83 33 36 31 37 30 32 34 39 38 84 43 46 40 47 41 42 44 49 48 45 56 66 05 15 25 35 76 90 94 91 98 89 88 97 92 96 93 95 
58 85 50 51 55 59 53 57 54 56 68 86 60 61 65 69 63 67 64 66 80 78 70 71 75 79 73 77 74 76 81 07 09 01 04 08 02 06 03 05 17 82 19 11 14 18 12 16 13 15 25 87 27 29 20 24 28 22 26 23 35 83 37 39 30 34 38 32 36 33 45 84 47 49 41 44 48 42 46 43 40 52 62 00 10 21 31 72 94 92 89 95 98 91 90 88 93 97 96 
50 59 56 57 58 55 51 52 53 54 60 69 66 67 68 65 61 62 63 64 79 70 76 77 78 75 71 72 73 74 08 09 05 06 07 04 01 00 02 03 19 18 15 16 17 14 11 10 12 13 23 28 29 25 26 27 24 20 21 22 33 38 39 35 36 37 34 30 31 32 43 48 49 45 46 47 44 41 40 42 84 85 86 81 82 87 83 80 97 90 88 89 91 92 93 94 95 96 98 
