21 87 28 25 20 26 29 23 27 24 10 82 18 15 11 16 19 13 17 14 86 60 69 66 62 67 61 64 68 65 84 41 48 45 40 46 49 43 47 44 80 70 79 76 72 77 71 74 78 75 34 31 83 38 35 30 36 39 33 37 51 55 85 59 56 52 57 50 54 58 95 97 98 96 88 94 89 91 92 90 93 22 12 42 73 32 53 63 06 09 03 04 05 08 81 00 07 01 02 
22 20 87 29 26 21 27 25 24 28 12 11 82 19 16 10 17 15 14 18 62 63 86 61 67 60 68 66 65 69 40 42 84 49 46 41 47 45 44 48 72 73 80 71 77 70 78 76 75 79 38 32 30 83 39 36 31 37 35 34 53 59 52 85 50 57 51 58 56 55 93 96 94 98 91 89 95 90 88 97 92 23 13 43 74 33 54 64 00 07 05 08 09 81 01 02 04 06 03 
27 23 22 87 25 29 20 28 26 21 17 13 12 82 15 19 11 18 16 10 64 68 63 86 66 61 62 69 67 60 43 47 42 84 45 49 40 48 46 41 74 78 73 80 76 71 72 79 77 70 31 37 33 32 83 35 39 30 38 36 58 51 54 53 85 56 50 52 59 57 90 95 92 93 98 88 91 94 96 89 97 24 14 44 75 34 55 65 09 01 08 00 81 02 03 07 06 05 04 
26 28 24 23 87 20 25 22 29 27 16 18 14 13 82 11 15 12 19 17 69 67 65 64 86 62 66 63 61 68 48 46 44 43 84 40 45 42 49 47 79 77 75 74 80 72 76 73 71 78 37 36 38 34 33 83 30 35 32 39 57 58 59 55 54 85 52 56 53 50 89 90 96 97 92 98 94 88 93 91 95 21 10 41 70 31 51 60 01 05 02 07 03 04 08 06 09 81 00 
87 27 29 21 24 28 22 26 23 25 82 17 19 10 14 18 12 16 13 15 68 86 61 60 65 69 63 67 64 66 47 84 49 41 44 48 42 46 43 45 78 80 71 70 75 79 73 77 74 76 35 83 37 39 31 34 38 32 36 33 85 56 58 50 51 55 59 53 57 54 98 88 90 91 95 97 96 93 89 92 94 20 11 40 72 30 52 62 08 02 06 05 00 09 07 81 03 04 01 
29 22 21 28 23 25 87 24 20 26 19 12 10 18 13 15 82 14 11 16 63 61 60 69 64 66 86 65 62 67 42 49 41 48 43 45 84 44 40 46 73 71 70 79 74 76 80 75 72 77 36 39 32 31 38 33 35 83 34 30 50 57 53 51 59 54 56 85 55 52 91 89 93 95 96 92 88 98 97 94 90 27 17 47 78 37 58 68 05 81 04 06 08 00 02 09 01 03 07 
24 25 23 20 29 27 26 87 21 22 14 15 13 11 19 17 16 82 10 12 66 65 64 62 61 68 67 86 60 63 45 44 43 40 49 47 46 84 41 42 76 75 74 72 71 78 77 80 70 73 32 34 35 33 30 39 37 36 83 31 55 53 56 54 52 50 58 57 85 51 97 93 88 92 94 91 90 89 98 95 96 28 18 48 79 38 59 69 07 06 81 02 01 03 05 04 00 09 08 
25 21 26 24 22 23 28 27 87 20 15 10 16 14 12 13 18 17 82 11 60 66 67 65 63 64 69 68 86 62 41 45 46 44 42 43 48 47 84 40 70 76 77 75 73 74 79 78 80 72 30 35 31 36 34 32 33 38 37 83 56 52 51 57 55 53 54 59 58 85 88 94 95 89 97 93 92 96 90 98 91 29 19 49 71 39 50 61 03 08 07 01 04 06 00 05 81 02 09 
23 26 20 27 21 22 24 29 28 87 13 16 11 17 10 12 14 19 18 82 67 64 62 68 60 63 65 61 69 86 46 43 40 47 41 42 44 49 48 84 77 74 72 78 70 73 75 71 79 80 83 33 36 30 37 31 32 34 39 38 54 85 57 52 58 51 53 55 50 59 92 98 89 94 90 95 93 97 91 96 88 25 15 45 76 35 56 66 02 04 09 81 07 01 06 03 08 00 05 
20 24 27 22 28 87 23 21 25 29 11 14 17 12 18 82 13 10 15 19 65 62 68 63 69 86 64 60 66 61 44 40 47 42 48 84 43 41 45 49 75 72 78 73 79 80 74 70 76 71 39 30 34 37 32 38 83 33 31 35 52 50 55 58 53 59 85 54 51 56 94 91 97 90 93 96 98 92 95 88 89 26 16 46 77 36 57 67 81 03 00 09 02 07 04 01 05 08 06 
95 98 96 88 94 89 91 92 90 97 31 83 38 35 30 36 39 33 37 34 87 21 28 25 20 26 29 23 27 24 80 70 79 76 72 77 71 74 78 75 85 51 59 56 52 57 50 54 58 55 04 00 81 08 05 01 06 09 03 07 41 44 84 48 45 40 46 49 43 47 60 65 86 69 66 62 67 61 64 68 63 93 32 73 53 02 42 22 16 19 13 14 15 18 82 10 17 11 12 
93 94 98 91 89 95 90 88 97 96 32 30 83 39 36 31 37 35 34 38 20 22 87 29 26 21 27 25 24 28 72 73 80 71 77 70 78 76 75 79 52 53 85 50 57 51 58 56 55 59 08 02 01 81 09 06 00 07 05 04 42 48 40 84 49 46 41 47 45 44 63 69 62 86 61 67 60 68 66 65 64 92 33 74 54 03 43 23 10 17 15 18 19 82 11 12 14 16 13 
90 92 93 98 88 91 94 96 89 95 37 33 32 83 35 39 30 38 36 31 23 27 22 87 25 29 20 28 26 21 74 78 73 80 76 71 72 79 77 70 54 58 53 85 56 50 52 59 57 51 00 07 03 02 81 05 09 01 08 06 47 41 43 42 84 45 49 40 48 46 68 60 64 63 86 66 61 62 69 67 65 97 34 75 55 04 44 24 19 11 18 10 82 12 13 17 16 15 14 
89 96 97 92 98 94 88 93 91 90 36 38 34 33 83 30 35 32 39 37 28 26 24 23 87 20 25 22 29 27 79 77 75 74 80 72 76 73 71 78 59 57 55 54 85 52 56 53 50 58 07 06 08 04 03 81 01 05 02 09 46 47 48 44 43 84 40 45 42 49 67 68 69 65 64 86 62 66 63 61 60 95 31 70 51 00 41 21 11 15 12 17 13 14 18 16 19 82 10 
98 90 91 95 97 96 93 89 92 88 83 37 39 31 34 38 32 36 33 35 27 87 29 21 24 28 22 26 23 25 78 80 71 70 75 79 73 77 74 76 58 85 50 51 55 59 53 57 54 56 05 81 07 09 00 04 08 02 06 03 84 45 47 49 41 44 48 42 46 43 86 66 68 61 60 65 69 63 67 64 62 94 30 72 52 01 40 20 18 12 16 15 10 19 17 82 13 14 11 
91 93 95 96 92 88 98 97 94 89 39 32 31 38 33 35 83 34 30 36 22 29 21 28 23 25 87 24 20 26 73 71 70 79 74 76 80 75 72 77 53 50 51 59 54 56 85 55 52 57 06 09 02 00 08 03 05 81 04 01 49 46 42 41 48 43 45 84 44 40 61 67 63 60 69 64 66 86 65 62 68 90 37 78 58 07 47 27 15 82 14 16 18 10 12 19 11 13 17 
97 88 92 94 91 90 89 98 95 93 34 35 33 30 39 37 36 83 31 32 25 24 23 20 29 27 26 87 21 22 76 75 74 72 71 78 77 80 70 73 56 55 54 52 50 58 57 85 51 53 02 04 05 03 01 09 07 06 81 00 44 42 45 43 40 49 47 46 84 41 65 63 66 64 62 61 68 67 86 60 69 96 38 79 59 08 48 28 17 16 82 12 11 13 15 14 10 19 18 
88 95 89 97 93 92 96 90 98 94 35 31 36 34 32 33 38 37 83 30 21 25 26 24 22 23 28 27 87 20 70 76 77 75 73 74 79 78 80 72 51 56 57 55 53 54 59 58 85 52 01 05 00 06 04 02 03 08 07 81 45 40 41 46 44 42 43 48 47 84 66 62 60 67 65 63 64 69 68 86 61 91 39 71 50 09 49 29 13 18 17 11 14 16 10 15 82 12 19 
92 89 94 90 95 93 97 91 96 98 33 36 30 37 31 32 34 39 38 83 26 23 20 27 21 22 24 29 28 87 77 74 72 78 70 73 75 71 79 80 57 54 52 58 51 53 55 50 59 85 81 03 06 01 07 00 02 04 09 08 43 84 46 40 47 41 42 44 49 48 64 86 67 62 68 60 63 65 61 69 66 88 35 76 56 05 45 25 12 14 19 82 17 11 16 13 18 10 15 
94 97 90 93 96 98 92 95 88 91 30 34 37 32 38 83 33 31 35 39 24 20 27 22 28 87 23 21 25 29 75 72 78 73 79 80 74 70 76 71 55 52 58 53 59 85 54 51 56 50 09 01 04 07 02 08 81 03 00 05 40 49 44 47 42 48 84 43 41 45 62 61 65 68 63 69 86 64 60 66 67 89 36 77 57 06 46 26 82 13 10 19 12 17 14 11 15 18 16 
73 72 80 71 77 70 78 76 75 79 93 94 98 91 89 95 90 88 97 96 40 42 84 49 46 41 47 45 44 48 30 32 83 39 36 31 37 35 34 38 01 02 81 09 06 00 07 05 04 08 69 63 62 86 61 67 60 68 66 65 12 18 11 82 19 16 10 17 15 14 53 59 52 85 50 57 51 58 56 55 54 74 92 33 03 64 13 43 21 27 25 28 29 87 20 22 24 26 23 
70 80 79 76 72 77 71 74 78 75 95 98 96 88 94 89 91 92 90 97 84 41 48 45 40 46 49 43 47 44 83 31 38 35 30 36 39 33 37 34 81 00 08 05 01 06 09 03 07 04 65 60 86 69 66 62 67 61 64 68 10 14 82 18 15 11 16 19 13 17 51 55 85 59 56 52 57 50 54 58 53 73 93 32 02 63 12 42 26 29 23 24 25 28 87 21 27 20 22 
78 74 73 80 76 71 72 79 77 70 90 92 93 98 88 91 94 96 89 95 43 47 42 84 45 49 40 48 46 41 33 37 32 83 35 39 30 38 36 31 03 07 02 81 05 09 01 08 06 00 60 68 64 63 86 66 61 62 69 67 17 10 13 12 82 15 19 11 18 16 58 51 54 53 85 56 50 52 59 57 55 75 97 34 04 65 14 44 29 20 28 21 87 22 23 27 26 25 24 
77 79 75 74 80 72 76 73 71 78 89 96 97 92 98 94 88 93 91 90 48 46 44 43 84 40 45 42 49 47 38 36 34 33 83 30 35 32 39 37 08 06 04 03 81 01 05 02 09 07 68 67 69 65 64 86 62 66 63 61 16 17 18 14 13 82 11 15 12 19 57 58 59 55 54 85 52 56 53 50 51 70 95 31 00 60 10 41 20 25 22 27 23 24 28 26 29 87 21 
80 78 71 70 75 79 73 77 74 76 98 90 91 95 97 96 93 89 92 88 47 84 49 41 44 48 42 46 43 45 37 83 39 31 34 38 32 36 33 35 07 81 09 00 04 08 02 06 03 05 66 86 68 61 60 65 69 63 67 64 82 15 17 19 10 14 18 12 16 13 85 56 58 50 51 55 59 53 57 54 52 72 94 30 01 62 11 40 28 22 26 25 21 29 27 87 23 24 20 
71 73 70 79 74 76 80 75 72 77 91 93 95 96 92 88 98 97 94 89 42 49 41 48 43 45 84 44 40 46 32 39 31 38 33 35 83 34 30 36 02 09 00 08 03 05 81 04 01 06 67 61 63 60 69 64 66 86 65 62 19 16 12 10 18 13 15 82 14 11 50 57 53 51 59 54 56 85 55 52 58 78 90 37 07 68 17 47 25 87 24 26 28 21 22 29 20 23 27 
75 76 74 72 71 78 77 80 70 73 97 88 92 94 91 90 89 98 95 93 45 44 43 40 49 47 46 84 41 42 35 34 33 30 39 37 36 83 31 32 05 04 03 01 09 07 06 81 00 02 63 65 66 64 62 61 68 67 86 60 14 12 15 13 11 19 17 16 82 10 55 53 56 54 52 50 58 57 85 51 59 79 96 38 08 69 18 48 27 26 87 22 20 23 25 24 21 29 28 
76 70 77 75 73 74 79 78 80 72 88 95 89 97 93 92 96 90 98 94 41 45 46 44 42 43 48 47 84 40 31 35 36 34 32 33 38 37 83 30 00 05 06 04 02 03 08 07 81 01 62 66 60 67 65 63 64 69 68 86 15 11 10 16 14 12 13 18 17 82 56 52 51 57 55 53 54 59 58 85 50 71 91 39 09 61 19 49 23 28 27 20 24 26 21 25 87 22 29 
74 77 72 78 70 73 75 71 79 80 92 89 94 90 95 93 97 91 96 98 46 43 40 47 41 42 44 49 48 84 36 33 30 37 31 32 34 39 38 83 06 03 01 07 00 02 04 09 08 81 86 64 67 62 68 60 63 65 61 69 13 82 16 11 17 10 12 14 19 18 54 85 57 52 58 51 53 55 50 59 56 76 88 35 05 66 15 45 22 24 29 87 27 20 26 23 28 21 25 
72 75 78 73 79 80 74 70 76 71 94 97 90 93 96 98 92 95 88 91 44 40 47 42 48 84 43 41 45 49 34 30 37 32 38 83 33 31 35 39 04 01 07 02 08 81 03 00 05 09 61 62 65 68 63 69 86 64 60 66 11 19 14 17 12 18 82 13 10 15 52 50 55 58 53 59 85 54 51 56 57 77 89 36 06 67 16 46 87 23 21 29 22 27 24 20 25 28 26 
63 62 86 61 67 60 68 66 65 69 02 01 81 09 06 00 07 05 04 08 94 93 98 91 89 95 90 88 97 96 52 53 85 50 57 51 58 56 55 59 40 42 84 49 46 41 47 45 44 48 18 12 11 82 19 16 10 17 15 14 73 79 72 80 71 77 70 78 76 75 22 28 20 87 29 26 21 27 25 24 23 64 03 54 43 13 74 92 31 37 35 38 39 83 30 32 34 36 33 
60 86 69 66 62 67 61 64 68 65 00 81 08 05 01 06 09 03 07 04 98 95 96 88 94 89 91 92 90 97 85 51 59 56 52 57 50 54 58 55 84 41 48 45 40 46 49 43 47 44 14 10 82 18 15 11 16 19 13 17 70 75 80 79 76 72 77 71 74 78 21 24 87 28 25 20 26 29 23 27 22 63 02 53 42 12 73 93 36 39 33 34 35 38 83 31 37 30 32 
68 64 63 86 66 61 62 69 67 60 07 03 02 81 05 09 01 08 06 00 92 90 93 98 88 91 94 96 89 95 54 58 53 85 56 50 52 59 57 51 43 47 42 84 45 49 40 48 46 41 10 17 13 12 82 15 19 11 18 16 78 70 74 73 80 76 71 72 79 77 27 21 23 22 87 25 29 20 28 26 24 65 04 55 44 14 75 97 39 30 38 31 83 32 33 37 36 35 34 
67 69 65 64 86 62 66 63 61 68 06 08 04 03 81 01 05 02 09 07 96 89 97 92 98 94 88 93 91 90 59 57 55 54 85 52 56 53 50 58 48 46 44 43 84 40 45 42 49 47 17 16 18 14 13 82 11 15 12 19 77 78 79 75 74 80 72 76 73 71 26 27 28 24 23 87 20 25 22 29 21 60 00 51 41 10 70 95 30 35 32 37 33 34 38 36 39 83 31 
86 68 61 60 65 69 63 67 64 66 81 07 09 00 04 08 02 06 03 05 90 98 91 95 97 96 93 89 92 88 58 85 50 51 55 59 53 57 54 56 47 84 49 41 44 48 42 46 43 45 15 82 17 19 10 14 18 12 16 13 80 76 78 71 70 75 79 73 77 74 87 25 27 29 21 24 28 22 26 23 20 62 01 52 40 11 72 94 38 32 36 35 31 39 37 83 33 34 30 
61 63 60 69 64 66 86 65 62 67 09 02 00 08 03 05 81 04 01 06 93 91 95 96 92 88 98 97 94 89 53 50 51 59 54 56 85 55 52 57 42 49 41 48 43 45 84 44 40 46 16 19 12 10 18 13 15 82 14 11 71 77 73 70 79 74 76 80 75 72 29 26 22 21 28 23 25 87 24 20 27 68 07 58 47 17 78 90 35 83 34 36 38 31 32 39 30 33 37 
65 66 64 62 61 68 67 86 60 63 04 05 03 01 09 07 06 81 00 02 88 97 92 94 91 90 89 98 95 93 56 55 54 52 50 58 57 85 51 53 45 44 43 40 49 47 46 84 41 42 12 14 15 13 11 19 17 16 82 10 75 73 76 74 72 71 78 77 80 70 24 22 25 23 20 29 27 26 87 21 28 69 08 59 48 18 79 96 37 36 83 32 30 33 35 34 31 39 38 
66 60 67 65 63 64 69 68 86 62 05 00 06 04 02 03 08 07 81 01 95 88 89 97 93 92 96 90 98 94 51 56 57 55 53 54 59 58 85 52 41 45 46 44 42 43 48 47 84 40 11 15 10 16 14 12 13 18 17 82 76 72 70 77 75 73 74 79 78 80 25 20 21 26 24 22 23 28 27 87 29 61 09 50 49 19 71 91 33 38 37 30 34 36 31 35 83 32 39 
64 67 62 68 60 63 65 61 69 86 03 06 01 07 00 02 04 09 08 81 89 92 94 90 95 93 97 91 96 98 57 54 52 58 51 53 55 50 59 85 46 43 40 47 41 42 44 49 48 84 82 13 16 11 17 10 12 14 19 18 74 80 77 72 78 70 73 75 71 79 23 87 26 20 27 21 22 24 29 28 25 66 05 56 45 15 76 88 32 34 39 83 37 30 36 33 38 31 35 
62 65 68 63 69 86 64 60 66 61 01 04 07 02 08 81 03 00 05 09 97 94 90 93 96 98 92 95 88 91 55 52 58 53 59 85 54 51 56 50 44 40 47 42 48 84 43 41 45 49 19 11 14 17 12 18 82 13 10 15 72 71 75 78 73 79 80 74 70 76 20 29 24 27 22 28 87 23 21 25 26 67 06 57 46 16 77 89 83 33 31 39 32 37 34 30 35 38 36 
32 30 83 39 36 31 37 35 34 38 73 72 80 71 77 70 78 76 75 79 11 12 82 19 16 10 17 15 14 18 94 93 98 91 89 95 90 88 97 96 62 63 86 61 67 60 68 66 65 69 59 53 52 85 50 57 51 58 56 55 22 28 20 87 29 26 21 27 25 24 02 08 01 81 09 06 00 07 05 04 03 33 74 92 64 54 23 13 41 47 45 48 49 84 40 42 44 46 43 
31 83 38 35 30 36 39 33 37 34 70 80 79 76 72 77 71 74 78 75 82 10 18 15 11 16 19 13 17 14 98 95 96 88 94 89 91 92 90 97 86 60 69 66 62 67 61 64 68 65 55 51 85 59 56 52 57 50 54 58 21 24 87 28 25 20 26 29 23 27 00 04 81 08 05 01 06 09 03 07 02 32 73 93 63 53 22 12 46 49 43 44 45 48 84 41 47 40 42 
37 33 32 83 35 39 30 38 36 31 78 74 73 80 76 71 72 79 77 70 13 17 12 82 15 19 11 18 16 10 92 90 93 98 88 91 94 96 89 95 64 68 63 86 66 61 62 69 67 60 51 58 54 53 85 56 50 52 59 57 27 21 23 22 87 25 29 20 28 26 07 00 03 02 81 05 09 01 08 06 04 34 75 97 65 55 24 14 49 40 48 41 84 42 43 47 46 45 44 
36 38 34 33 83 30 35 32 39 37 77 79 75 74 80 72 76 73 71 78 18 16 14 13 82 11 15 12 19 17 96 89 97 92 98 94 88 93 91 90 69 67 65 64 86 62 66 63 61 68 58 57 59 55 54 85 52 56 53 50 26 27 28 24 23 87 20 25 22 29 06 07 08 04 03 81 01 05 02 09 00 31 70 95 60 51 21 10 40 45 42 47 43 44 48 46 49 84 41 
83 37 39 31 34 38 32 36 33 35 80 78 71 70 75 79 73 77 74 76 17 82 19 10 14 18 12 16 13 15 90 98 91 95 97 96 93 89 92 88 68 86 61 60 65 69 63 67 64 66 56 85 58 50 51 55 59 53 57 54 87 25 27 29 21 24 28 22 26 23 81 05 07 09 00 04 08 02 06 03 01 30 72 94 62 52 20 11 48 42 46 45 41 49 47 84 43 44 40 
39 32 31 38 33 35 83 34 30 36 71 73 70 79 74 76 80 75 72 77 12 19 10 18 13 15 82 14 11 16 93 91 95 96 92 88 98 97 94 89 63 61 60 69 64 66 86 65 62 67 57 50 53 51 59 54 56 85 55 52 29 26 22 21 28 23 25 87 24 20 09 06 02 00 08 03 05 81 04 01 07 37 78 90 68 58 27 17 45 84 44 46 48 41 42 49 40 43 47 
34 35 33 30 39 37 36 83 31 32 75 76 74 72 71 78 77 80 70 73 15 14 13 11 19 17 16 82 10 12 88 97 92 94 91 90 89 98 95 93 66 65 64 62 61 68 67 86 60 63 53 55 56 54 52 50 58 57 85 51 24 22 25 23 20 29 27 26 87 21 04 02 05 03 01 09 07 06 81 00 08 38 79 96 69 59 28 18 47 46 84 42 40 43 45 44 41 49 48 
35 31 36 34 32 33 38 37 83 30 76 70 77 75 73 74 79 78 80 72 10 15 16 14 12 13 18 17 82 11 95 88 89 97 93 92 96 90 98 94 60 66 67 65 63 64 69 68 86 62 52 56 51 57 55 53 54 59 58 85 25 20 21 26 24 22 23 28 27 87 05 01 00 06 04 02 03 08 07 81 09 39 71 91 61 50 29 19 43 48 47 40 44 46 41 45 84 42 49 
33 36 30 37 31 32 34 39 38 83 74 77 72 78 70 73 75 71 79 80 16 13 11 17 10 12 14 19 18 82 89 92 94 90 95 93 97 91 96 98 67 64 62 68 60 63 65 61 69 86 85 54 57 52 58 51 53 55 50 59 23 87 26 20 27 21 22 24 29 28 03 81 06 01 07 00 02 04 09 08 05 35 76 88 66 56 25 15 42 44 49 84 47 40 46 43 48 41 45 
30 34 37 32 38 83 33 31 35 39 72 75 78 73 79 80 74 70 76 71 14 11 17 12 18 82 13 10 15 19 97 94 90 93 96 98 92 95 88 91 65 62 68 63 69 86 64 60 66 61 50 52 55 58 53 59 85 54 51 56 20 29 24 27 22 28 87 23 21 25 01 09 04 07 02 08 81 03 00 05 06 36 77 89 67 57 26 16 84 43 41 49 42 47 44 40 45 48 46 
11 14 17 12 18 82 13 10 15 19 40 44 47 42 48 84 43 41 45 49 04 01 07 02 08 81 03 00 05 09 24 20 27 22 28 87 23 21 25 29 97 94 90 93 96 98 92 95 88 91 71 72 75 78 73 79 80 74 70 76 62 61 65 68 63 69 86 64 60 66 30 39 34 37 32 38 83 33 31 35 36 16 46 26 89 77 67 06 85 54 51 50 53 58 55 52 56 59 57 
10 82 18 15 11 16 19 13 17 14 41 84 48 45 40 46 49 43 47 44 81 00 08 05 01 06 09 03 07 04 87 21 28 25 20 26 29 23 27 24 98 95 96 88 94 89 91 92 90 97 75 70 80 79 76 72 77 71 74 78 60 65 86 69 66 62 67 61 64 68 31 34 83 38 35 30 36 39 33 37 32 12 42 22 93 73 63 02 57 50 54 55 56 59 85 51 58 52 53 
12 11 82 19 16 10 17 15 14 18 42 40 84 49 46 41 47 45 44 48 01 02 81 09 06 00 07 05 04 08 20 22 87 29 26 21 27 25 24 28 94 93 98 91 89 95 90 88 97 96 79 73 72 80 71 77 70 78 76 75 63 69 62 86 61 67 60 68 66 65 32 38 30 83 39 36 31 37 35 34 33 13 43 23 92 74 64 03 51 58 56 59 50 85 52 53 55 57 54 
17 13 12 82 15 19 11 18 16 10 47 43 42 84 45 49 40 48 46 41 03 07 02 81 05 09 01 08 06 00 23 27 22 87 25 29 20 28 26 21 92 90 93 98 88 91 94 96 89 95 70 78 74 73 80 76 71 72 79 77 68 60 64 63 86 66 61 62 69 67 37 31 33 32 83 35 39 30 38 36 34 14 44 24 97 75 65 04 50 52 59 51 85 53 54 58 57 56 55 
16 18 14 13 82 11 15 12 19 17 46 48 44 43 84 40 45 42 49 47 08 06 04 03 81 01 05 02 09 07 28 26 24 23 87 20 25 22 29 27 96 89 97 92 98 94 88 93 91 90 78 77 79 75 74 80 72 76 73 71 67 68 69 65 64 86 62 66 63 61 36 37 38 34 33 83 30 35 32 39 31 10 41 21 95 70 60 00 52 56 53 58 54 55 59 57 50 85 51 
82 17 19 10 14 18 12 16 13 15 84 47 49 41 44 48 42 46 43 45 07 81 09 00 04 08 02 06 03 05 27 87 29 21 24 28 22 26 23 25 90 98 91 95 97 96 93 89 92 88 76 80 78 71 70 75 79 73 77 74 86 66 68 61 60 65 69 63 67 64 83 35 37 39 31 34 38 32 36 33 30 11 40 20 94 72 62 01 59 53 57 56 51 50 58 85 54 55 52 
19 12 10 18 13 15 82 14 11 16 49 42 41 48 43 45 84 44 40 46 02 09 00 08 03 05 81 04 01 06 22 29 21 28 23 25 87 24 20 26 93 91 95 96 92 88 98 97 94 89 77 71 73 70 79 74 76 80 75 72 61 67 63 60 69 64 66 86 65 62 39 36 32 31 38 33 35 83 34 30 37 17 47 27 90 78 68 07 56 85 55 57 59 51 53 50 52 54 58 
14 15 13 11 19 17 16 82 10 12 44 45 43 40 49 47 46 84 41 42 05 04 03 01 09 07 06 81 00 02 25 24 23 20 29 27 26 87 21 22 88 97 92 94 91 90 89 98 95 93 73 75 76 74 72 71 78 77 80 70 65 63 66 64 62 61 68 67 86 60 34 32 35 33 30 39 37 36 83 31 38 18 48 28 96 79 69 08 58 57 85 53 52 54 56 55 51 50 59 
15 10 16 14 12 13 18 17 82 11 45 41 46 44 42 43 48 47 84 40 00 05 06 04 02 03 08 07 81 01 21 25 26 24 22 23 28 27 87 20 95 88 89 97 93 92 96 90 98 94 72 76 70 77 75 73 74 79 78 80 66 62 60 67 65 63 64 69 68 86 35 30 31 36 34 32 33 38 37 83 39 19 49 29 91 71 61 09 54 59 58 52 55 57 51 56 85 53 50 
13 16 11 17 10 12 14 19 18 82 43 46 40 47 41 42 44 49 48 84 06 03 01 07 00 02 04 09 08 81 26 23 20 27 21 22 24 29 28 87 89 92 94 90 95 93 97 91 96 98 80 74 77 72 78 70 73 75 71 79 64 86 67 62 68 60 63 65 61 69 33 83 36 30 37 31 32 34 39 38 35 15 45 25 88 76 66 05 53 55 50 85 58 52 57 54 59 51 56 
41 84 48 45 40 46 49 43 47 44 21 87 28 25 20 26 29 23 27 24 85 51 59 56 52 57 50 54 58 55 82 10 18 15 11 16 19 13 17 14 83 31 38 35 30 36 39 33 37 34 97 95 98 96 88 94 89 91 92 90 00 04 81 08 05 01 06 09 03 07 70 75 80 79 76 72 77 71 74 78 73 42 22 12 32 93 02 53 67 61 64 65 66 69 86 60 68 62 63 
40 44 47 42 48 84 43 41 45 49 20 24 27 22 28 87 23 21 25 29 55 52 58 53 59 85 54 51 56 50 14 11 17 12 18 82 13 10 15 19 34 30 37 32 38 83 33 31 35 39 91 94 97 90 93 96 98 92 95 88 01 09 04 07 02 08 81 03 00 05 72 71 75 78 73 79 80 74 70 76 77 46 26 16 36 89 06 57 86 64 60 61 63 68 65 62 66 69 67 
42 40 84 49 46 41 47 45 44 48 22 20 87 29 26 21 27 25 24 28 52 53 85 50 57 51 58 56 55 59 11 12 82 19 16 10 17 15 14 18 30 32 83 39 36 31 37 35 34 38 96 93 94 98 91 89 95 90 88 97 02 08 01 81 09 06 00 07 05 04 73 79 72 80 71 77 70 78 76 75 74 43 23 13 33 92 03 54 60 68 66 69 61 86 62 63 65 67 64 
47 43 42 84 45 49 40 48 46 41 27 23 22 87 25 29 20 28 26 21 54 58 53 85 56 50 52 59 57 51 13 17 12 82 15 19 11 18 16 10 33 37 32 83 35 39 30 38 36 31 95 90 92 93 98 88 91 94 96 89 07 00 03 02 81 05 09 01 08 06 78 70 74 73 80 76 71 72 79 77 75 44 24 14 34 97 04 55 61 62 69 60 86 63 64 68 67 66 65 
46 48 44 43 84 40 45 42 49 47 26 28 24 23 87 20 25 22 29 27 59 57 55 54 85 52 56 53 50 58 18 16 14 13 82 11 15 12 19 17 38 36 34 33 83 30 35 32 39 37 90 89 96 97 92 98 94 88 93 91 06 07 08 04 03 81 01 05 02 09 77 78 79 75 74 80 72 76 73 71 70 41 21 10 31 95 00 51 62 66 63 68 64 65 69 67 61 86 60 
84 47 49 41 44 48 42 46 43 45 87 27 29 21 24 28 22 26 23 25 58 85 50 51 55 59 53 57 54 56 17 82 19 10 14 18 12 16 13 15 37 83 39 31 34 38 32 36 33 35 88 98 90 91 95 97 96 93 89 92 81 05 07 09 00 04 08 02 06 03 80 76 78 71 70 75 79 73 77 74 72 40 20 11 30 94 01 52 69 63 67 66 60 61 68 86 64 65 62 
49 42 41 48 43 45 84 44 40 46 29 22 21 28 23 25 87 24 20 26 53 50 51 59 54 56 85 55 52 57 12 19 10 18 13 15 82 14 11 16 32 39 31 38 33 35 83 34 30 36 89 91 93 95 96 92 88 98 97 94 09 06 02 00 08 03 05 81 04 01 71 77 73 70 79 74 76 80 75 72 78 47 27 17 37 90 07 58 66 86 65 67 69 60 63 61 62 64 68 
44 45 43 40 49 47 46 84 41 42 24 25 23 20 29 27 26 87 21 22 56 55 54 52 50 58 57 85 51 53 15 14 13 11 19 17 16 82 10 12 35 34 33 30 39 37 36 83 31 32 93 97 88 92 94 91 90 89 98 95 04 02 05 03 01 09 07 06 81 00 75 73 76 74 72 71 78 77 80 70 79 48 28 18 38 96 08 59 68 67 86 63 62 64 66 65 60 61 69 
45 41 46 44 42 43 48 47 84 40 25 21 26 24 22 23 28 27 87 20 51 56 57 55 53 54 59 58 85 52 10 15 16 14 12 13 18 17 82 11 31 35 36 34 32 33 38 37 83 30 94 88 95 89 97 93 92 96 90 98 05 01 00 06 04 02 03 08 07 81 76 72 70 77 75 73 74 79 78 80 71 49 29 19 39 91 09 50 64 69 68 62 65 67 60 66 86 63 61 
43 46 40 47 41 42 44 49 48 84 23 26 20 27 21 22 24 29 28 87 57 54 52 58 51 53 55 50 59 85 16 13 11 17 10 12 14 19 18 82 36 33 30 37 31 32 34 39 38 83 98 92 89 94 90 95 93 97 91 96 03 81 06 01 07 00 02 04 09 08 74 80 77 72 78 70 73 75 71 79 76 45 25 15 35 88 05 56 63 65 61 86 68 62 67 64 69 60 66 
00 81 08 05 01 06 09 03 07 04 51 85 59 56 52 57 50 54 58 55 83 31 38 35 30 36 39 33 37 34 86 60 69 66 62 67 61 64 68 65 87 21 28 25 20 26 29 23 27 24 44 41 84 48 45 40 46 49 43 47 95 97 98 96 88 94 89 91 92 90 10 14 82 18 15 11 16 19 13 17 12 02 53 63 22 42 93 32 77 71 74 75 76 79 80 70 78 72 73 
01 04 07 02 08 81 03 00 05 09 52 55 58 53 59 85 54 51 56 50 34 30 37 32 38 83 33 31 35 39 65 62 68 63 69 86 64 60 66 61 24 20 27 22 28 87 23 21 25 29 49 40 44 47 42 48 84 43 41 45 94 91 97 90 93 96 98 92 95 88 11 19 14 17 12 18 82 13 10 15 16 06 57 67 26 46 89 36 80 74 70 71 73 78 75 72 76 79 77 
02 01 81 09 06 00 07 05 04 08 53 52 85 50 57 51 58 56 55 59 30 32 83 39 36 31 37 35 34 38 62 63 86 61 67 60 68 66 65 69 20 22 87 29 26 21 27 25 24 28 48 42 40 84 49 46 41 47 45 44 93 96 94 98 91 89 95 90 88 97 12 18 11 82 19 16 10 17 15 14 13 03 54 64 23 43 92 33 70 78 76 79 71 80 72 73 75 77 74 
07 03 02 81 05 09 01 08 06 00 58 54 53 85 56 50 52 59 57 51 33 37 32 83 35 39 30 38 36 31 64 68 63 86 66 61 62 69 67 60 23 27 22 87 25 29 20 28 26 21 41 47 43 42 84 45 49 40 48 46 90 95 92 93 98 88 91 94 96 89 17 10 13 12 82 15 19 11 18 16 14 04 55 65 24 44 97 34 71 72 79 70 80 73 74 78 77 76 75 
06 08 04 03 81 01 05 02 09 07 57 59 55 54 85 52 56 53 50 58 38 36 34 33 83 30 35 32 39 37 69 67 65 64 86 62 66 63 61 68 28 26 24 23 87 20 25 22 29 27 47 46 48 44 43 84 40 45 42 49 89 90 96 97 92 98 94 88 93 91 16 17 18 14 13 82 11 15 12 19 10 00 51 60 21 41 95 31 72 76 73 78 74 75 79 77 71 80 70 
81 07 09 00 04 08 02 06 03 05 85 58 50 51 55 59 53 57 54 56 37 83 39 31 34 38 32 36 33 35 68 86 61 60 65 69 63 67 64 66 27 87 29 21 24 28 22 26 23 25 45 84 47 49 41 44 48 42 46 43 98 88 90 91 95 97 96 93 89 92 82 15 17 19 10 14 18 12 16 13 11 01 52 62 20 40 94 30 79 73 77 76 70 71 78 80 74 75 72 
09 02 00 08 03 05 81 04 01 06 50 53 51 59 54 56 85 55 52 57 32 39 31 38 33 35 83 34 30 36 63 61 60 69 64 66 86 65 62 67 22 29 21 28 23 25 87 24 20 26 46 49 42 41 48 43 45 84 44 40 91 89 93 95 96 92 88 98 97 94 19 16 12 10 18 13 15 82 14 11 17 07 58 68 27 47 90 37 76 80 75 77 79 70 73 71 72 74 78 
04 05 03 01 09 07 06 81 00 02 55 56 54 52 50 58 57 85 51 53 35 34 33 30 39 37 36 83 31 32 66 65 64 62 61 68 67 86 60 63 25 24 23 20 29 27 26 87 21 22 42 44 45 43 40 49 47 46 84 41 97 93 88 92 94 91 90 89 98 95 14 12 15 13 11 19 17 16 82 10 18 08 59 69 28 48 96 38 78 77 80 73 72 74 76 75 70 71 79 
05 00 06 04 02 03 08 07 81 01 56 51 57 55 53 54 59 58 85 52 31 35 36 34 32 33 38 37 83 30 60 66 67 65 63 64 69 68 86 62 21 25 26 24 22 23 28 27 87 20 40 45 41 46 44 42 43 48 47 84 88 94 95 89 97 93 92 96 90 98 15 11 10 16 14 12 13 18 17 82 19 09 50 61 29 49 91 39 74 79 78 72 75 77 70 76 80 73 71 
03 06 01 07 00 02 04 09 08 81 54 57 52 58 51 53 55 50 59 85 36 33 30 37 31 32 34 39 38 83 67 64 62 68 60 63 65 61 69 86 26 23 20 27 21 22 24 29 28 87 84 43 46 40 47 41 42 44 49 48 92 98 89 94 90 95 93 97 91 96 13 82 16 11 17 10 12 14 19 18 15 05 56 66 25 45 88 35 73 75 71 80 78 72 77 74 79 70 76 
08 09 05 06 07 04 00 01 02 03 59 50 56 57 58 55 51 52 53 54 39 38 35 36 37 34 31 30 32 33 61 69 66 67 68 65 60 62 63 64 29 28 25 26 27 24 21 20 22 23 43 48 49 45 46 47 44 41 40 42 96 92 91 88 89 90 97 95 94 93 18 13 19 15 16 17 14 10 11 12 82 81 85 86 87 84 98 83 75 70 72 74 77 76 71 79 73 78 80 
28 29 25 26 27 24 21 20 22 23 18 19 15 16 17 14 10 11 12 13 61 69 66 67 68 65 60 62 63 64 49 48 45 46 47 44 41 40 42 43 71 79 76 77 78 75 70 72 73 74 33 38 39 35 36 37 34 31 30 32 59 54 50 56 57 58 55 51 52 53 96 92 91 88 89 90 97 95 94 93 98 87 82 84 80 83 85 86 04 00 01 03 06 05 09 08 02 07 81 
96 91 88 89 90 97 95 94 93 92 38 39 35 36 37 34 31 30 32 33 29 28 25 26 27 24 21 20 22 23 71 79 76 77 78 75 70 72 73 74 50 59 56 57 58 55 51 52 53 54 03 08 09 05 06 07 04 00 01 02 48 43 49 45 46 47 44 41 40 42 69 64 61 66 67 68 65 60 62 63 86 98 83 80 85 81 84 87 14 10 11 13 16 15 19 18 12 17 82 
69 61 66 67 68 65 60 62 63 64 08 09 05 06 07 04 00 01 02 03 91 96 88 89 90 97 95 94 93 92 50 59 56 57 58 55 51 52 53 54 49 48 45 46 47 44 41 40 42 43 13 18 19 15 16 17 14 10 11 12 79 74 71 76 77 78 75 70 72 73 28 23 29 25 26 27 24 21 20 22 87 86 81 85 84 82 80 98 34 31 30 33 36 35 39 38 32 37 83 
38 39 35 36 37 34 31 30 32 33 79 71 76 77 78 75 70 72 73 74 19 18 15 16 17 14 10 11 12 13 91 96 88 89 90 97 95 94 93 92 61 69 66 67 68 65 60 62 63 64 54 59 50 56 57 58 55 51 52 53 28 23 29 25 26 27 24 21 20 22 08 03 09 05 06 07 04 00 01 02 81 83 80 98 86 85 87 82 44 41 40 43 46 45 49 48 42 47 84 
18 19 15 16 17 14 10 11 12 13 48 49 45 46 47 44 41 40 42 43 09 08 05 06 07 04 00 01 02 03 29 28 25 26 27 24 21 20 22 23 91 96 88 89 90 97 95 94 93 92 74 79 71 76 77 78 75 70 72 73 69 64 61 66 67 68 65 60 62 63 38 33 39 35 36 37 34 31 30 32 83 82 84 87 98 80 86 81 55 51 52 54 57 56 50 59 53 58 85 
48 49 45 46 47 44 41 40 42 43 28 29 25 26 27 24 21 20 22 23 50 59 56 57 58 55 51 52 53 54 19 18 15 16 17 14 10 11 12 13 39 38 35 36 37 34 31 30 32 33 92 96 91 88 89 90 97 95 94 93 08 03 09 05 06 07 04 00 01 02 79 74 71 76 77 78 75 70 72 73 80 84 87 82 83 98 81 85 65 60 62 64 67 66 61 69 63 68 86 
79 71 76 77 78 75 70 72 73 74 96 91 88 89 90 97 95 94 93 92 49 48 45 46 47 44 41 40 42 43 39 38 35 36 37 34 31 30 32 33 09 08 05 06 07 04 00 01 02 03 64 69 61 66 67 68 65 60 62 63 18 13 19 15 16 17 14 10 11 12 59 54 50 56 57 58 55 51 52 53 85 80 98 83 81 86 82 84 24 21 20 23 26 25 29 28 22 27 87 
50 53 51 59 54 56 85 55 52 57 61 63 60 69 64 66 86 65 62 67 73 71 70 79 74 76 80 75 72 77 02 09 00 08 03 05 81 04 01 06 12 19 10 18 13 15 82 14 11 16 26 29 22 21 28 23 25 87 24 20 39 36 32 31 38 33 35 83 34 30 49 46 42 41 48 43 45 84 44 40 47 58 68 07 17 27 37 78 88 91 98 95 97 94 96 93 92 90 89 
55 56 54 52 50 58 57 85 51 53 65 66 64 62 61 68 67 86 60 63 76 75 74 72 71 78 77 80 70 73 05 04 03 01 09 07 06 81 00 02 15 14 13 11 19 17 16 82 10 12 22 24 25 23 20 29 27 26 87 21 34 32 35 33 30 39 37 36 83 31 44 42 45 43 40 49 47 46 84 41 48 59 69 08 18 28 38 79 94 89 88 97 93 91 92 96 98 95 90 
56 51 57 55 53 54 59 58 85 52 66 60 67 65 63 64 69 68 86 62 70 76 77 75 73 74 79 78 80 72 00 05 06 04 02 03 08 07 81 01 10 15 16 14 12 13 18 17 82 11 20 25 21 26 24 22 23 28 27 87 35 30 31 36 34 32 33 38 37 83 45 40 41 46 44 42 43 48 47 84 49 50 61 09 19 29 39 71 95 93 90 98 88 97 91 94 89 92 96 
52 55 58 53 59 85 54 51 56 50 62 65 68 63 69 86 64 60 66 61 75 72 78 73 79 80 74 70 76 71 04 01 07 02 08 81 03 00 05 09 14 11 17 12 18 82 13 10 15 19 29 20 24 27 22 28 87 23 21 25 30 39 34 37 32 38 83 33 31 35 40 49 44 47 42 48 84 43 41 45 46 57 67 06 16 26 36 77 96 98 93 91 89 92 95 90 97 94 88 
57 59 55 54 85 52 56 53 50 58 67 69 65 64 86 62 66 63 61 68 79 77 75 74 80 72 76 73 71 78 08 06 04 03 81 01 05 02 09 07 18 16 14 13 82 11 15 12 19 17 27 26 28 24 23 87 20 25 22 29 36 37 38 34 33 83 30 35 32 39 46 47 48 44 43 84 40 45 42 49 41 51 60 00 10 21 31 70 89 95 91 96 92 90 88 98 94 93 97 
58 54 53 85 56 50 52 59 57 51 68 64 63 86 66 61 62 69 67 60 74 78 73 80 76 71 72 79 77 70 03 07 02 81 05 09 01 08 06 00 13 17 12 82 15 19 11 18 16 10 21 27 23 22 87 25 29 20 28 26 37 31 33 32 83 35 39 30 38 36 47 41 43 42 84 45 49 40 48 46 44 55 65 04 14 24 34 75 97 96 95 88 94 93 89 91 90 98 92 
53 52 85 50 57 51 58 56 55 59 63 62 86 61 67 60 68 66 65 69 72 73 80 71 77 70 78 76 75 79 01 02 81 09 06 00 07 05 04 08 11 12 82 19 16 10 17 15 14 18 28 22 20 87 29 26 21 27 25 24 32 38 30 83 39 36 31 37 35 34 42 48 40 84 49 46 41 47 45 44 43 54 64 03 13 23 33 74 90 97 89 92 98 95 94 88 91 96 93 
51 85 59 56 52 57 50 54 58 55 60 86 69 66 62 67 61 64 68 65 80 70 79 76 72 77 71 74 78 75 81 00 08 05 01 06 09 03 07 04 82 10 18 15 11 16 19 13 17 14 24 21 87 28 25 20 26 29 23 27 31 34 83 38 35 30 36 39 33 37 41 44 84 48 45 40 46 49 43 47 42 53 63 02 12 22 32 73 92 88 96 89 90 98 97 95 93 91 94 
54 57 52 58 51 53 55 50 59 85 64 67 62 68 60 63 65 61 69 86 77 74 72 78 70 73 75 71 79 80 06 03 01 07 00 02 04 09 08 81 16 13 11 17 10 12 14 19 18 82 87 23 26 20 27 21 22 24 29 28 33 83 36 30 37 31 32 34 39 38 43 84 46 40 47 41 42 44 49 48 45 56 66 05 15 25 35 76 98 94 92 90 95 88 93 97 96 89 91 
85 58 50 51 55 59 53 57 54 56 86 68 61 60 65 69 63 67 64 66 78 80 71 70 75 79 73 77 74 76 07 81 09 00 04 08 02 06 03 05 17 82 19 10 14 18 12 16 13 15 25 87 27 29 21 24 28 22 26 23 83 35 37 39 31 34 38 32 36 33 84 45 47 49 41 44 48 42 46 43 40 52 62 01 11 20 30 72 91 90 94 93 96 89 98 92 88 97 95 
59 50 56 57 58 55 51 52 53 54 69 61 66 67 68 65 60 62 63 64 71 79 76 77 78 75 70 72 73 74 09 08 05 06 07 04 00 01 02 03 19 18 15 16 17 14 10 11 12 13 23 28 29 25 26 27 24 21 20 22 38 33 39 35 36 37 34 31 30 32 48 43 49 45 46 47 44 41 40 42 84 85 86 81 82 87 83 80 93 92 97 94 91 96 90 89 95 88 98 
