3  89 2  7  5  1  4  6  24 25 26 27 28 29 30 31 64 88 69 68 65 71 66 70 18 16 19 23 17 97 22 21 9  10 11 12 13 14 15 8  51 53 93 50 49 54 52 55 62 56 95 61 60 57 63 58 34 36 90 33 32 37 35 38 82 86 85 81 84 80 91 83 41 43 94 40 47 44 42 45 76 72 73 77 79 96 75 78 87 0  98 74 20 59 48 39 46 67 92 
0  2  6  4  7  3  5  89 26 92 31 30 27 25 28 24 88 68 67 64 70 65 69 71 17 21 23 97 20 19 16 22 8  14 9  13 15 98 12 11 49 55 50 54 48 93 53 52 95 59 58 63 61 56 60 62 90 39 38 35 33 36 32 34 91 85 84 87 86 82 80 81 94 46 45 42 40 43 47 41 77 75 72 79 76 74 73 96 83 1  10 78 18 57 51 37 44 66 29 
89 7  4  3  1  6  0  5  27 24 30 25 29 31 92 28 71 65 88 70 69 66 64 67 19 20 21 22 23 16 17 18 10 12 98 9  8  13 11 14 93 48 55 52 50 53 49 51 61 62 63 56 57 58 59 60 33 34 35 36 37 38 39 32 87 91 80 85 82 81 83 86 40 41 42 43 44 45 46 47 73 78 74 72 75 79 96 77 84 2  15 76 97 95 54 90 94 68 26 
1  6  89 5  4  0  7  2  31 29 24 28 30 92 27 26 68 64 66 88 71 70 67 65 20 22 97 19 18 23 21 16 11 98 8  15 12 10 13 9  48 52 54 93 51 50 55 53 58 57 62 60 63 59 61 95 38 37 34 32 35 39 33 90 80 84 86 83 85 91 82 87 45 44 41 47 42 46 40 94 79 73 75 76 77 78 72 74 81 3  14 96 17 56 49 36 43 69 25 
7  3  0  89 6  5  2  1  25 27 92 24 31 28 26 29 66 69 65 67 88 64 71 68 21 97 18 17 22 20 23 19 12 9  15 10 14 8  98 13 55 54 51 49 52 48 50 93 56 61 59 62 58 60 95 57 36 33 39 34 38 32 90 37 84 83 81 80 87 85 86 91 43 40 46 41 45 47 94 44 74 77 76 78 96 75 79 72 82 4  11 73 16 63 53 35 42 70 30 
4  0  1  2  89 7  6  3  92 30 29 26 24 27 31 25 69 67 70 66 68 88 65 64 22 19 17 20 16 18 97 23 13 8  12 14 98 11 10 15 52 93 49 48 53 51 54 50 59 63 57 95 62 61 58 56 39 35 37 90 34 33 38 36 86 81 87 82 83 84 85 80 46 42 44 94 41 40 45 43 78 79 77 96 74 73 76 75 91 5  9  72 21 60 55 32 47 71 28 
2  4  5  0  3  89 1  7  30 26 28 92 25 24 29 27 65 70 68 71 67 69 88 66 23 18 22 16 97 21 20 17 14 13 10 8  11 15 9  98 50 51 52 53 54 55 48 49 63 95 60 59 56 62 57 61 35 90 32 39 36 34 37 33 83 80 82 84 91 87 81 85 42 94 47 46 43 41 44 40 72 96 78 75 73 76 74 79 86 6  12 77 19 58 93 38 45 64 31 
5  1  3  6  2  4  89 0  29 28 25 31 26 30 24 92 67 66 71 69 64 68 70 88 16 23 20 18 21 17 19 97 15 11 13 98 10 9  14 12 53 50 48 51 55 49 93 54 57 60 56 58 95 63 62 59 37 32 36 38 90 35 34 39 85 87 83 91 81 86 84 82 44 47 43 45 94 42 41 46 96 76 79 74 78 72 77 73 80 7  8  75 22 61 52 33 40 65 27 
86 91 80 83 87 84 81 82 10 9  14 12 15 11 13 98 75 73 76 72 74 96 79 78 51 53 93 50 49 54 52 55 59 95 56 63 60 58 61 57 66 70 64 88 69 68 65 71 19 18 23 21 16 20 22 97 2  0  6  4  7  3  5  89 24 92 29 28 25 31 26 30 33 34 35 36 37 38 39 32 47 43 44 40 42 94 46 41 27 85 62 45 48 17 67 1  90 77 8  
84 82 91 87 81 85 83 80 98 11 10 15 13 8  12 14 72 75 79 73 96 78 77 74 48 52 54 93 51 50 55 53 56 62 57 61 63 95 60 59 67 65 68 64 66 88 71 70 97 20 19 16 22 17 21 23 89 3  2  7  5  1  4  6  31 25 92 30 29 26 24 27 32 38 33 37 39 90 36 35 42 44 46 47 40 41 43 45 28 86 58 94 49 18 69 0  34 76 9  
82 87 83 84 85 80 86 81 15 98 12 11 8  14 9  13 78 96 75 74 79 77 72 76 54 49 53 55 93 52 51 48 62 61 58 56 59 63 57 95 68 69 70 71 64 65 66 67 16 97 21 20 17 23 18 22 7  89 4  3  1  6  0  5  28 24 26 92 31 30 27 25 37 32 36 38 90 35 34 39 46 45 94 44 43 40 41 47 29 91 60 42 50 19 88 2  33 73 10 
85 80 82 81 83 86 87 91 14 8  98 13 12 9  15 10 73 72 77 75 78 74 76 96 49 55 50 54 48 93 53 52 57 58 59 60 61 62 63 56 69 71 88 68 67 64 70 65 23 17 97 22 21 18 16 19 6  1  89 5  4  0  7  2  26 29 25 27 92 24 31 28 35 90 32 39 36 34 37 33 40 46 43 42 47 45 44 94 30 84 95 41 51 20 66 3  38 79 11 
87 84 86 82 80 81 91 85 11 15 9  98 14 13 10 8  77 79 96 76 75 72 78 73 53 50 48 51 55 49 93 54 61 56 60 62 95 59 58 63 70 88 67 66 71 69 64 68 20 16 18 97 23 22 19 17 3  7  0  89 6  5  2  1  29 27 30 26 28 92 25 24 38 37 34 32 35 39 33 90 94 47 42 45 41 43 40 44 31 83 57 46 52 21 65 4  36 74 12 
83 86 85 91 82 87 80 84 9  12 8  10 98 15 14 11 79 76 74 77 73 75 96 72 55 54 51 49 52 48 50 93 63 59 61 95 58 57 62 60 71 68 66 69 65 67 88 64 18 21 17 19 97 16 23 20 0  4  1  2  89 7  6  3  25 30 28 31 27 29 92 26 34 36 90 33 32 37 35 38 45 40 47 41 94 46 42 43 24 81 56 44 53 22 70 5  39 78 13 
91 83 81 86 84 82 85 87 12 10 13 9  11 98 8  15 96 74 73 78 76 79 75 77 93 48 55 52 50 53 49 51 95 63 62 59 57 60 56 58 64 67 71 65 88 70 69 66 21 19 22 18 20 97 17 16 4  2  5  0  3  89 1  7  27 26 31 29 24 28 30 92 36 33 39 34 38 32 90 37 44 41 45 43 46 42 94 40 25 80 61 47 54 23 68 6  35 72 14 
81 85 84 80 91 83 82 86 8  13 11 14 10 12 98 9  76 77 78 79 72 73 74 75 52 93 49 48 53 51 54 50 60 57 63 58 62 56 95 61 65 64 69 67 70 66 68 88 17 22 20 23 19 21 97 18 1  5  3  6  2  4  89 0  92 28 27 24 30 25 29 31 90 39 38 35 33 36 32 34 41 42 40 94 45 44 47 46 26 87 59 43 55 16 71 7  37 96 15 
47 44 43 45 94 42 41 46 6  1  89 5  4  0  7  2  18 17 22 20 23 19 21 97 11 13 98 10 9  14 12 15 83 86 87 91 80 85 82 81 56 60 62 95 59 58 63 61 25 27 92 24 31 28 26 29 72 77 75 78 74 76 96 73 90 37 36 33 39 34 38 32 70 68 71 67 69 88 66 65 49 54 50 48 51 55 93 53 35 40 84 52 8  30 57 79 64 16 3  
46 94 45 42 40 43 47 41 4  2  5  0  3  89 1  7  97 19 18 23 21 16 20 22 14 9  13 15 98 12 11 8  84 82 85 87 83 91 81 86 58 59 60 61 62 63 56 57 31 29 24 28 30 92 27 26 74 73 78 76 79 75 77 96 33 90 38 37 34 32 35 39 69 65 67 88 64 71 68 66 93 52 55 50 54 48 53 49 36 44 80 51 10 25 95 72 70 17 6  
43 41 94 40 47 44 42 45 7  89 4  3  1  6  0  5  23 97 20 19 16 22 17 21 10 11 12 13 14 15 8  9  85 80 86 81 87 82 83 84 95 56 63 60 58 61 57 59 26 92 31 30 27 25 28 24 96 75 74 79 77 72 76 78 32 34 90 39 38 35 33 36 66 71 69 64 68 70 88 67 54 55 53 93 50 49 52 51 37 46 91 48 98 29 62 73 65 18 2  
41 40 42 43 44 45 46 47 3  7  0  89 6  5  2  1  22 16 97 21 20 17 23 18 12 98 9  8  13 11 14 10 80 81 91 85 84 87 86 82 63 62 59 57 60 56 58 95 30 26 28 92 25 24 29 27 79 96 76 75 72 78 73 77 37 33 35 90 32 39 36 34 64 66 88 71 70 67 65 68 53 51 48 55 52 50 49 93 38 94 83 54 15 31 61 74 69 19 4  
44 45 41 47 42 46 40 94 5  6  7  1  0  2  3  4  19 23 17 97 22 21 18 16 98 8  15 12 10 13 9  11 86 91 84 83 81 80 87 85 62 57 61 63 95 60 59 56 24 25 26 27 28 29 30 31 78 72 96 77 76 73 79 74 35 38 34 36 90 33 32 37 67 70 66 68 88 65 64 69 50 53 52 54 93 51 55 48 39 43 82 49 14 92 58 75 71 20 89 
40 43 46 41 45 47 94 44 89 3  2  7  5  1  4  6  17 20 16 18 97 23 22 19 9  15 10 14 8  98 13 12 81 85 83 80 82 84 91 87 59 61 95 58 57 62 60 63 92 30 29 26 24 27 31 25 75 79 73 96 78 77 74 72 38 36 39 35 37 90 34 33 71 64 65 66 67 68 69 70 48 93 54 51 49 52 50 55 32 42 86 53 11 28 56 76 88 21 0  
42 46 44 94 41 40 45 43 2  0  6  4  7  3  5  89 20 18 21 17 19 97 16 23 8  12 14 98 11 10 15 13 87 84 81 82 91 86 80 83 57 63 58 62 56 95 61 60 29 28 25 31 26 30 24 92 73 76 72 74 96 79 78 75 34 39 37 32 36 38 90 35 65 88 70 69 66 64 67 71 51 50 93 49 48 53 54 52 33 47 85 55 9  27 59 77 68 22 1  
94 42 47 46 43 41 44 40 0  4  1  2  89 7  6  3  16 21 19 22 18 20 97 17 13 10 8  11 15 9  98 14 82 87 80 84 86 83 85 91 60 95 57 56 61 59 62 58 28 31 27 29 92 26 25 30 76 74 77 73 75 96 72 79 36 35 32 38 33 37 39 90 88 69 68 65 71 66 70 64 55 49 51 52 53 54 48 50 34 45 81 93 12 24 63 78 67 23 5  
78 77 79 72 73 74 75 76 37 32 36 38 90 35 34 39 59 57 60 56 58 95 63 62 26 25 30 28 31 27 29 92 2  4  89 0  1  5  3  6  12 98 9  8  13 11 14 10 83 91 81 86 84 82 85 87 66 71 69 64 68 70 88 67 47 41 94 46 45 42 40 43 93 51 50 55 53 48 52 54 16 18 20 21 22 23 17 19 44 96 7  97 24 80 15 65 49 61 33 
72 78 96 77 76 73 79 74 32 38 33 37 39 90 36 35 63 60 58 61 57 59 95 56 92 27 26 31 29 24 28 30 0  2  3  4  5  6  7  1  10 11 12 13 14 15 8  9  91 86 80 83 87 84 81 82 71 64 65 66 67 68 69 70 45 43 46 42 44 94 41 40 51 55 49 93 54 53 50 48 97 21 16 19 23 17 22 18 47 75 89 20 25 85 98 88 52 62 34 
96 79 76 75 72 78 73 77 36 33 39 34 38 32 90 37 57 56 61 59 62 58 60 95 31 92 28 27 24 30 25 29 6  5  2  1  3  7  0  89 13 10 8  11 15 9  98 14 81 80 87 85 86 91 84 83 69 65 67 88 64 71 68 66 40 94 45 44 41 47 42 46 50 49 54 52 55 51 53 93 21 17 18 22 16 97 20 23 43 74 4  19 26 82 12 70 48 63 35 
77 72 75 78 74 76 96 73 38 37 34 32 35 39 33 90 95 58 57 62 60 63 59 61 30 24 92 29 28 25 31 26 4  0  7  2  6  1  89 5  9  15 10 14 8  98 13 12 86 83 85 91 82 87 80 84 64 66 88 71 70 67 65 68 44 40 42 94 47 46 43 41 55 93 52 51 48 54 49 53 20 19 97 18 17 22 23 21 45 79 3  16 27 81 11 69 50 56 36 
76 73 72 74 96 79 78 75 90 39 38 35 33 36 32 34 62 95 59 58 63 61 56 60 27 31 25 92 30 29 26 24 7  3  5  89 2  0  6  4  11 13 98 10 9  14 12 15 84 87 86 82 80 81 91 85 68 67 64 70 65 69 71 88 46 47 40 41 42 43 44 45 53 54 55 48 49 50 51 52 17 97 23 20 18 21 19 16 94 77 1  22 28 83 8  66 93 57 37 
73 74 78 76 79 75 77 96 35 90 32 39 36 34 37 33 61 63 95 60 59 56 62 57 25 28 24 26 92 31 30 27 3  89 1  7  4  2  5  0  98 8  15 12 10 13 9  11 82 84 91 87 81 85 83 80 70 68 71 67 69 88 66 65 94 44 43 40 46 41 45 47 48 53 51 54 50 52 93 49 23 16 22 97 19 18 21 20 42 72 6  17 29 86 14 64 55 58 38 
79 75 73 96 78 77 74 72 34 36 90 33 32 37 35 38 58 62 56 95 61 60 57 63 28 26 29 25 27 92 24 31 5  1  4  6  89 3  2  7  8  12 14 98 11 10 15 13 85 81 84 80 91 83 82 86 88 69 68 65 71 66 70 64 43 42 47 45 40 44 46 94 52 50 53 49 51 93 48 55 18 23 19 17 20 16 97 22 41 76 0  21 30 87 9  67 54 59 39 
74 76 77 73 75 96 72 79 39 35 37 90 34 33 38 36 56 59 63 57 95 62 61 58 24 29 27 30 26 28 92 25 89 7  6  3  0  4  1  2  15 14 11 9  12 8  10 98 87 82 83 84 85 80 86 81 67 70 66 68 88 65 64 69 42 45 41 43 94 40 47 44 54 48 93 53 52 49 55 50 22 20 17 16 21 19 18 97 46 78 5  23 31 91 13 71 51 60 32 
71 66 69 64 68 70 88 67 40 41 42 43 44 45 46 47 8  11 15 9  98 14 13 10 80 86 81 87 82 83 84 85 34 33 38 36 39 35 37 90 31 92 28 27 24 30 25 29 4  2  5  0  3  89 1  7  49 52 48 50 93 55 54 51 77 96 74 73 78 76 79 75 23 17 97 22 21 18 16 19 61 59 56 63 60 58 57 95 72 65 32 62 91 6  26 53 20 12 94 
65 69 67 88 64 71 68 66 42 94 47 46 43 41 44 40 11 9  12 8  10 98 15 14 82 85 87 83 91 81 86 84 90 35 34 39 37 32 36 38 24 29 27 30 26 28 92 25 5  6  7  1  0  2  3  4  48 53 51 54 50 52 93 49 79 74 78 72 96 77 76 73 97 20 19 16 22 17 21 23 63 57 59 60 61 62 56 58 75 70 33 95 80 89 31 55 18 13 45 
88 65 70 69 66 64 67 71 94 46 45 42 40 43 47 41 15 12 10 13 9  11 98 8  84 81 82 91 86 80 83 87 39 90 36 35 32 38 33 37 25 28 24 26 92 31 30 27 6  1  89 5  4  0  7  2  53 54 55 48 49 50 51 52 96 73 72 77 75 78 74 76 20 16 18 97 23 22 19 17 95 60 63 58 62 56 61 57 79 68 34 59 85 3  29 93 21 14 44 
70 67 66 68 88 65 64 69 47 45 40 44 46 94 43 42 9  8  13 11 14 10 12 98 91 84 83 81 80 87 85 86 38 32 90 37 36 33 39 34 26 25 30 28 31 27 29 92 7  89 4  3  1  6  0  5  51 55 49 93 54 53 50 48 76 78 96 75 74 79 77 72 19 18 23 21 16 20 22 97 60 56 57 61 63 95 59 62 73 71 35 58 82 2  24 52 17 15 41 
69 88 68 65 71 66 70 64 46 42 44 94 41 40 45 43 98 10 9  14 12 15 11 13 87 80 84 86 83 85 91 82 35 39 33 90 38 37 34 32 27 31 25 92 30 29 26 24 1  5  3  6  2  4  89 0  54 48 93 53 52 49 55 50 75 76 77 78 79 72 73 74 16 97 21 20 17 23 18 22 59 58 95 57 56 61 62 60 96 67 36 63 81 7  28 51 19 8  47 
66 64 88 71 70 67 65 68 43 40 46 41 45 47 94 44 14 98 11 10 15 13 8  12 81 91 85 84 87 86 82 80 33 36 32 34 90 39 38 35 28 26 29 25 27 92 24 31 0  4  1  2  89 7  6  3  50 49 54 52 55 51 53 93 72 79 76 74 77 73 75 96 22 23 16 17 18 19 20 21 56 95 62 59 57 60 58 63 78 69 37 61 83 5  30 48 97 9  42 
64 71 65 66 67 68 69 70 41 43 94 40 47 44 42 45 13 15 98 12 11 8  14 9  85 83 80 82 84 91 87 81 36 34 37 33 35 90 32 39 29 30 31 24 25 26 27 28 2  0  6  4  7  3  5  89 52 50 53 49 51 93 48 55 78 75 73 76 72 74 96 79 17 22 20 23 19 21 97 18 62 63 61 95 58 57 60 59 77 88 38 56 86 1  92 54 16 10 46 
67 68 64 70 65 69 71 88 44 47 43 45 94 42 41 46 10 14 8  98 13 12 9  15 83 82 86 85 81 84 80 91 32 37 35 38 34 36 90 33 30 24 92 29 28 25 31 26 3  7  0  89 6  5  2  1  93 51 50 55 53 48 52 54 73 77 79 96 76 75 72 78 21 19 22 18 20 97 17 16 57 62 58 56 59 63 95 61 74 66 39 60 87 4  27 49 23 11 40 
9  10 14 12 15 11 13 98 19 18 23 21 16 20 22 97 39 37 32 36 38 90 35 34 96 72 79 76 74 77 73 75 52 49 55 50 54 48 93 53 42 41 46 44 47 43 45 94 66 71 69 64 68 70 88 67 29 28 25 31 26 30 24 92 62 59 57 60 56 58 95 63 80 85 82 81 83 86 87 91 7  0  3  4  5  6  1  2  61 8  51 89 78 65 40 27 84 33 17 
12 9  8  10 98 15 14 11 18 21 17 19 97 16 23 20 35 32 38 33 37 39 90 36 75 77 96 74 73 78 76 79 50 52 93 49 48 53 51 54 94 43 42 47 45 40 44 46 71 64 65 66 67 68 69 70 28 31 27 29 92 26 25 30 56 63 60 58 61 57 59 95 85 81 84 80 91 83 82 86 89 4  7  2  6  1  5  0  62 13 55 3  72 88 41 24 87 34 22 
8  14 98 13 12 9  15 10 23 17 97 22 21 18 16 19 37 36 33 39 34 38 32 90 74 75 76 77 78 79 72 73 53 48 52 54 93 51 50 55 47 94 44 43 40 46 41 45 69 65 67 88 64 71 68 66 25 27 92 24 31 28 26 29 95 57 56 61 59 62 58 60 82 84 91 87 81 85 83 80 4  1  0  5  7  89 3  6  63 11 49 2  96 70 42 30 86 35 20 
10 12 13 9  11 98 8  15 21 19 22 18 20 97 17 16 90 38 37 34 32 35 39 33 79 78 75 73 76 72 74 96 49 50 51 52 53 54 55 48 46 40 94 45 44 41 47 42 64 66 88 71 70 67 65 68 31 29 24 28 30 92 27 26 61 95 58 57 62 60 63 59 81 80 87 85 86 91 84 83 3  2  89 0  1  5  6  4  56 14 93 7  77 69 43 25 82 36 23 
98 15 12 11 8  14 9  13 16 97 21 20 17 23 18 22 34 90 39 38 35 33 36 32 77 74 72 75 79 73 96 78 51 93 48 55 52 50 53 49 43 47 41 94 46 45 42 40 68 67 64 70 65 69 71 88 26 92 31 30 27 25 28 24 60 62 95 59 58 63 61 56 83 91 81 86 84 82 85 87 1  89 6  3  0  4  2  7  57 10 54 5  76 66 44 29 80 37 19 
15 11 9  98 14 13 10 8  20 16 18 97 23 22 19 17 33 35 90 32 39 36 34 37 72 76 78 96 75 74 79 77 93 55 54 51 49 52 48 50 41 44 40 42 94 47 46 43 70 68 71 67 69 88 66 65 30 26 28 92 25 24 29 27 57 61 63 95 60 59 56 62 86 83 85 91 82 87 80 84 6  7  5  89 2  0  4  3  58 12 53 1  73 64 45 31 81 38 21 
14 13 15 8  9  10 11 12 22 23 16 17 18 19 20 21 38 34 36 90 33 32 37 35 76 96 73 72 77 75 78 74 48 54 49 53 55 93 52 51 44 42 45 41 43 94 40 47 88 69 68 65 71 66 70 64 24 25 26 27 28 29 30 31 63 58 62 56 95 61 60 57 87 82 83 84 85 80 86 81 0  6  2  1  3  7  89 5  59 98 50 4  79 67 46 92 91 39 97 
11 98 10 15 13 8  12 14 97 20 19 16 22 17 21 23 36 39 35 37 90 34 33 38 78 73 77 79 96 76 75 72 55 51 53 93 50 49 54 52 40 45 43 46 42 44 94 41 67 70 66 68 88 65 64 69 92 30 29 26 24 27 31 25 58 56 59 63 57 95 62 61 91 86 80 83 87 84 81 82 5  3  1  7  4  2  0  89 60 9  48 6  74 71 47 28 85 32 18 
26 30 28 92 25 24 29 27 56 61 59 62 58 60 95 57 94 45 44 41 47 42 46 40 64 67 71 65 88 70 69 66 23 22 19 17 20 16 18 97 75 77 96 74 73 78 76 79 50 49 54 52 55 51 53 93 81 80 87 85 86 91 84 83 11 12 13 14 15 8  9  10 0  4  1  2  89 7  6  3  38 33 32 34 90 39 35 36 98 31 21 37 68 48 72 82 5  43 63 
24 27 30 25 29 31 92 28 57 60 56 58 95 63 62 59 41 94 46 45 42 40 43 47 68 69 70 71 64 65 66 67 19 21 97 18 17 22 20 23 72 76 78 96 75 74 79 77 93 51 50 55 53 48 52 54 83 91 81 86 84 82 85 87 8  15 12 10 13 9  11 98 3  7  0  89 6  5  2  1  90 32 35 38 34 36 33 37 14 26 16 39 88 49 73 80 4  44 61 
27 25 92 24 31 28 26 29 58 57 62 60 63 59 61 95 40 42 94 47 46 43 41 44 70 88 67 66 71 69 64 68 21 18 16 19 23 17 97 22 78 73 77 79 96 76 75 72 55 93 52 51 48 54 49 53 86 83 85 91 82 87 80 84 14 11 9  12 8  10 98 15 89 3  2  7  5  1  4  6  35 37 39 32 33 34 36 38 13 30 20 90 65 50 74 81 0  45 56 
31 28 27 29 92 26 25 30 59 63 57 95 62 61 58 56 45 41 43 94 40 47 44 42 88 66 65 70 68 71 67 69 97 16 23 20 18 21 17 19 73 79 74 78 72 96 77 76 54 48 93 53 52 49 55 50 87 82 83 84 85 80 86 81 9  13 15 98 12 11 8  14 1  5  3  6  2  4  89 0  34 35 33 90 38 37 32 39 10 24 22 36 64 51 75 91 7  46 60 
25 24 26 27 28 29 30 31 60 58 61 57 59 95 56 63 43 46 42 44 94 41 40 45 67 65 68 64 66 88 71 70 18 19 20 21 22 23 16 17 77 74 72 75 79 73 96 78 51 55 49 93 54 53 50 48 91 86 80 83 87 84 81 82 13 98 10 9  14 12 15 11 7  89 4  3  1  6  0  5  39 38 90 37 36 33 34 32 8  92 97 35 69 52 76 85 2  47 62 
92 26 31 30 27 25 28 24 61 62 63 56 57 58 59 60 46 44 47 43 45 94 42 41 66 70 64 88 69 68 65 71 17 23 18 22 16 97 21 20 79 78 75 73 76 72 74 96 49 52 48 50 93 55 54 51 80 85 82 81 83 86 87 91 15 10 14 8  98 13 12 9  4  2  5  0  3  89 1  7  37 34 38 36 39 35 90 33 11 29 19 32 67 53 77 84 6  40 95 
30 92 29 26 24 27 31 25 62 56 95 61 60 57 63 58 42 47 45 40 44 46 94 43 71 68 66 69 65 67 88 64 22 17 21 23 97 20 19 16 96 72 79 76 74 77 73 75 52 50 53 49 51 93 48 55 85 81 84 80 91 83 82 86 98 9  8  13 11 14 10 12 2  0  6  4  7  3  5  89 32 36 37 33 35 90 39 34 15 28 18 38 70 54 78 87 1  41 59 
29 31 24 28 30 92 27 26 63 95 60 59 56 62 57 61 44 43 40 46 41 45 47 94 69 71 88 68 67 64 70 65 20 97 17 16 21 19 22 18 76 96 73 72 77 75 78 74 48 53 51 54 50 52 93 49 82 84 91 87 81 85 83 80 12 14 98 11 10 15 13 8  5  6  7  1  0  2  3  4  36 90 34 39 37 32 38 35 9  25 23 33 66 55 79 86 89 42 58 
97 16 21 20 17 23 18 22 65 88 70 69 66 64 67 71 91 80 85 82 81 83 86 87 37 35 38 34 36 90 33 32 77 72 76 78 96 75 74 79 3  5  89 2  0  6  4  7  44 47 43 45 94 42 41 46 58 57 62 60 63 59 61 95 52 54 93 51 50 55 53 48 11 15 9  98 14 13 10 8  29 24 31 25 92 30 26 27 49 19 73 28 39 40 1  56 12 84 68 
23 22 16 17 18 19 20 21 71 64 65 66 67 68 69 70 82 91 86 80 83 87 84 81 39 33 90 38 37 34 32 35 76 73 79 74 78 72 96 77 1  4  6  89 3  2  7  5  46 42 44 94 41 40 45 43 95 59 58 63 61 56 60 62 55 50 54 48 93 53 52 49 8  13 11 14 10 12 98 9  92 31 26 29 25 27 24 28 51 97 75 30 36 47 0  57 15 85 88 
22 17 20 23 19 21 97 18 66 71 69 64 68 70 88 67 87 83 91 81 86 84 82 85 90 36 35 32 38 33 37 39 73 74 75 76 77 78 79 72 6  0  5  7  89 4  3  1  94 46 45 42 40 43 47 41 63 95 60 59 56 62 57 61 51 52 53 54 55 48 49 50 14 8  98 13 12 9  15 10 26 28 30 31 24 25 27 29 93 16 96 92 34 44 2  58 11 80 65 
19 21 22 18 20 97 17 16 70 68 71 67 69 88 66 65 80 82 84 91 87 81 85 83 36 32 34 90 39 38 35 33 79 75 77 96 74 73 78 76 0  7  2  6  1  89 5  4  43 40 46 41 45 47 94 44 62 56 95 61 60 57 63 58 53 93 50 49 54 52 55 51 9  12 8  10 98 15 14 11 25 26 24 92 29 28 31 30 48 23 72 27 37 42 3  59 13 86 64 
17 23 97 22 21 18 16 19 64 66 88 71 70 67 65 68 84 86 83 85 91 82 87 80 35 34 39 37 32 36 38 90 74 76 96 73 72 77 75 78 5  2  1  3  7  0  89 6  42 94 47 46 43 41 44 40 59 63 57 95 62 61 58 56 93 49 48 53 51 54 50 52 13 14 15 8  9  10 11 12 30 29 92 28 27 24 25 31 55 20 79 26 33 45 4  60 98 81 69 
20 97 19 16 22 17 21 23 88 69 68 65 71 66 70 64 86 85 81 84 80 91 83 82 32 90 37 36 33 39 34 38 78 77 74 72 75 79 73 96 7  6  3  0  4  1  2  89 47 45 40 44 46 94 43 42 57 60 56 58 95 63 62 59 50 48 51 55 49 93 54 53 15 98 12 11 8  14 9  13 28 25 29 27 30 26 92 24 52 18 76 31 35 41 5  61 10 87 67 
16 20 18 97 23 22 19 17 69 65 67 88 64 71 68 66 83 81 80 87 85 86 91 84 38 39 32 33 34 35 36 37 72 78 73 77 79 96 76 75 89 1  7  4  2  5  0  3  45 44 41 47 42 46 40 94 60 58 61 57 59 95 56 63 49 53 55 93 52 51 48 54 98 11 10 15 13 8  12 14 31 27 28 24 26 92 30 25 50 21 74 29 90 43 6  62 9  82 70 
18 19 23 21 16 20 22 97 68 67 64 70 65 69 71 88 85 84 87 86 82 80 81 91 33 38 36 39 35 37 90 34 96 79 78 75 73 76 72 74 4  89 0  1  5  3  6  2  40 41 42 43 44 45 46 47 56 61 59 62 58 60 95 57 54 51 49 52 48 50 93 55 12 10 13 9  11 98 8  15 27 92 25 30 28 31 29 26 53 17 77 24 32 94 7  63 14 83 66 
48 54 93 53 52 49 55 50 73 76 72 74 96 79 78 75 92 29 28 25 31 26 30 24 7  6  3  0  4  1  2  89 41 40 45 43 46 42 44 94 83 82 86 85 81 84 80 91 37 32 36 38 90 35 34 39 19 18 23 21 16 20 22 97 66 65 70 68 71 67 69 88 61 62 63 56 57 58 59 60 8  98 14 11 9  12 10 15 64 51 47 13 5  33 87 17 95 27 77 
93 55 52 51 48 54 49 53 78 72 96 77 76 73 79 74 31 24 25 26 27 28 29 30 0  7  2  6  1  89 5  4  42 46 40 94 45 44 41 47 85 83 80 82 84 91 87 81 34 36 90 33 32 37 35 38 22 23 16 17 18 19 20 21 88 67 66 71 69 64 68 70 59 63 57 95 62 61 58 56 98 12 15 10 14 8  13 9  65 50 43 11 3  39 86 97 60 92 75 
53 48 51 54 50 52 93 49 76 74 77 73 75 96 72 79 30 28 31 27 29 92 26 25 89 1  7  4  2  5  0  3  43 41 44 40 42 94 47 46 91 84 83 81 80 87 85 86 32 38 33 37 39 90 36 35 18 21 17 19 97 16 23 20 71 88 68 67 64 70 65 69 62 56 95 61 60 57 63 58 13 11 8  15 12 10 9  98 66 55 45 14 6  34 82 22 59 24 78 
52 49 48 50 93 55 54 51 79 96 76 75 72 78 73 77 27 30 26 28 92 25 24 29 6  0  5  7  89 4  3  1  44 45 46 47 40 41 42 43 82 85 87 83 91 81 86 84 35 90 32 39 36 34 37 33 20 16 18 97 23 22 19 17 70 64 88 69 68 65 71 66 58 57 62 60 63 59 61 95 12 8  9  13 15 98 11 14 67 53 94 10 2  38 80 21 56 31 74 
49 50 54 52 55 51 53 93 75 79 73 96 78 77 74 72 25 92 30 29 26 24 27 31 5  2  1  3  7  0  89 6  45 47 94 44 43 40 46 41 87 80 84 86 83 85 91 82 39 35 37 90 34 33 38 36 97 20 19 16 22 17 21 23 67 71 65 88 70 69 66 64 60 58 61 57 59 95 56 63 9  14 10 8  11 15 98 13 68 48 42 12 4  32 81 18 62 28 76 
55 51 49 93 54 53 50 48 77 78 79 72 73 74 75 76 28 27 24 30 25 29 31 92 2  3  4  5  6  7  1  0  46 94 43 42 47 45 40 44 80 86 81 87 82 83 84 85 33 34 35 36 37 38 39 32 17 22 20 23 19 21 97 18 65 68 64 66 88 71 70 67 95 59 58 63 61 56 60 62 15 9  11 12 13 14 8  10 69 52 41 98 89 90 91 16 57 26 96 
50 52 53 49 51 93 48 55 96 75 74 79 77 72 76 78 24 26 92 31 30 27 25 28 1  4  6  89 3  2  7  5  47 44 42 45 41 43 94 40 84 81 82 91 86 80 83 87 90 39 38 35 33 36 32 34 16 97 21 20 17 23 18 22 68 66 69 65 67 88 64 71 57 60 56 58 95 63 62 59 10 13 12 14 98 11 15 8  70 54 46 9  0  37 85 19 61 29 73 
54 53 55 48 49 50 51 52 74 73 78 76 79 75 77 96 26 31 29 24 28 30 92 27 3  5  89 2  0  6  4  7  40 43 47 41 94 46 45 42 86 87 91 80 85 82 81 83 38 37 34 32 35 39 33 90 21 19 22 18 20 97 17 16 64 69 67 70 66 68 88 65 56 61 59 62 58 60 95 57 14 15 13 98 10 9  12 11 71 93 44 8  1  36 84 23 63 25 72 
37 38 34 32 35 39 33 90 82 84 91 87 81 85 83 80 93 50 49 54 52 55 51 53 56 60 62 95 59 58 63 61 30 92 27 26 31 29 24 28 18 16 19 23 17 97 22 21 98 11 10 15 13 8  12 14 43 40 46 41 45 47 94 44 6  3  0  4  1  2  89 7  74 73 78 76 79 75 77 96 69 68 88 67 66 71 64 70 5  36 25 65 57 9  20 42 72 48 86 
39 90 38 35 33 36 32 34 80 85 82 81 83 86 87 91 54 93 51 50 55 53 48 52 57 63 58 62 56 95 61 60 27 25 28 24 26 92 31 30 20 22 97 19 18 23 21 16 14 8  98 13 12 9  15 10 44 47 43 45 94 42 41 46 2  1  3  7  0  89 6  5  96 75 74 79 77 72 76 78 66 88 64 69 67 70 68 65 4  37 29 71 59 11 17 40 73 49 84 
90 35 32 39 36 34 37 33 81 80 87 85 86 91 84 83 53 55 93 52 51 48 54 49 58 59 60 61 62 63 56 57 25 24 29 27 30 26 28 92 97 17 16 21 19 22 18 20 13 14 15 8  9  10 11 12 45 44 41 47 42 46 40 94 4  6  89 3  2  7  5  1  79 96 76 75 72 78 73 77 64 65 71 88 68 67 70 69 0  38 31 66 95 98 23 43 74 50 82 
36 34 90 33 32 37 35 38 91 86 80 83 87 84 81 82 50 54 48 93 53 52 49 55 59 61 95 58 57 62 60 63 28 29 30 31 24 25 26 27 17 21 23 97 20 19 16 22 10 9  14 12 15 11 13 98 46 42 44 94 41 40 45 43 89 0  1  5  3  6  2  4  78 72 96 77 76 73 79 74 67 64 68 66 69 65 88 71 7  39 92 70 56 8  18 47 75 51 85 
35 39 37 90 34 33 38 36 85 81 84 80 91 83 82 86 48 51 55 49 93 54 53 50 60 95 57 56 61 59 62 58 24 27 31 25 92 30 29 26 16 23 20 18 21 17 19 97 8  13 11 14 10 12 98 9  47 45 40 44 46 94 43 42 0  5  7  89 4  3  1  6  75 79 73 96 78 77 74 72 71 69 66 65 70 68 67 88 2  32 28 64 63 15 22 41 76 52 87 
32 37 36 38 90 35 34 39 84 87 86 82 80 81 91 85 51 49 52 48 50 93 55 54 61 58 56 59 63 57 95 62 26 30 24 92 29 28 25 31 21 97 18 17 22 20 23 19 11 15 9  98 14 13 10 8  40 41 42 43 44 45 46 47 1  7  4  2  5  0  3  89 73 76 72 74 96 79 78 75 65 67 69 70 71 64 66 68 6  33 27 88 60 12 16 94 77 53 83 
38 32 33 37 39 90 36 35 87 82 83 84 85 80 86 81 55 52 50 53 49 51 93 48 62 57 61 63 95 60 59 56 92 26 25 30 28 31 27 29 19 20 21 22 23 16 17 18 15 98 12 11 8  14 9  13 41 43 94 40 47 44 42 45 5  89 2  0  6  4  7  3  76 74 77 73 75 96 72 79 88 70 65 68 64 66 71 67 1  34 24 69 58 10 97 46 78 54 91 
33 36 39 34 38 32 90 37 86 83 85 91 82 87 80 84 49 48 53 51 54 50 52 93 63 62 59 57 60 56 58 95 31 28 26 29 25 27 92 24 22 19 17 20 16 18 97 23 9  12 8  10 98 15 14 11 42 94 47 46 43 41 44 40 3  4  5  6  7  1  0  2  72 77 75 78 74 76 96 73 70 66 67 71 65 88 69 64 89 35 30 68 61 13 21 45 79 55 81 
63 59 57 95 62 61 58 56 51 55 49 93 54 53 50 48 5  7  89 4  3  1  6  0  46 40 94 45 44 41 47 42 88 65 64 69 67 70 66 68 90 36 35 32 38 33 37 39 96 75 74 79 77 72 76 78 8  13 11 14 10 12 98 9  18 22 16 97 21 20 17 23 29 28 25 31 26 30 24 92 81 84 85 87 83 91 86 82 19 60 71 80 43 73 34 15 27 2  52 
59 95 58 63 61 56 60 62 93 51 50 55 53 48 52 54 1  3  7  0  89 6  5  2  94 43 42 47 45 40 44 46 65 69 71 88 68 67 64 70 35 34 39 37 32 36 38 90 79 96 76 75 72 78 73 77 14 8  98 13 12 9  15 10 19 17 20 16 18 97 23 22 31 29 24 28 30 92 27 26 85 82 80 84 86 83 91 87 21 57 66 81 41 74 33 11 25 4  49 
60 57 56 58 95 63 62 59 49 52 48 50 93 55 54 51 7  4  2  5  0  3  89 1  44 42 45 41 43 94 40 47 68 70 88 67 66 71 69 64 38 39 32 33 34 35 36 37 74 73 78 76 79 75 77 96 11 15 9  98 14 13 10 8  17 16 21 19 22 18 20 97 25 27 92 24 31 28 26 29 87 86 84 83 81 80 85 91 23 61 65 82 46 72 90 12 30 6  53 
56 62 95 61 60 57 63 58 54 48 93 53 52 49 55 50 0  1  5  3  6  2  4  89 41 44 40 42 94 47 46 43 71 66 70 64 88 69 68 65 33 38 36 39 35 37 90 34 77 78 79 72 73 74 75 76 10 9  14 12 15 11 13 98 97 18 17 22 20 23 19 21 26 92 31 30 27 25 28 24 86 80 91 85 84 87 82 81 16 59 67 83 45 96 32 8  29 7  51 
58 60 61 57 59 95 56 63 52 50 53 49 51 93 48 55 89 2  0  6  4  7  3  5  47 94 44 43 40 46 41 45 67 68 69 70 71 64 65 66 37 35 38 34 36 90 33 32 73 76 72 74 96 79 78 75 15 98 12 11 8  14 9  13 22 97 19 18 23 21 16 20 27 24 30 25 29 31 92 28 82 83 87 91 80 85 81 86 17 62 88 84 42 77 39 10 26 1  54 
95 63 60 59 56 62 57 61 55 93 52 51 48 54 49 53 6  89 3  2  7  5  1  4  42 41 46 44 47 43 45 94 69 88 66 65 70 68 71 67 39 33 90 38 37 34 32 35 75 79 73 96 78 77 74 72 13 14 15 8  9  10 11 12 21 23 97 20 19 16 22 17 28 31 27 29 92 26 25 30 80 87 81 82 91 86 83 84 18 58 64 85 40 76 36 98 24 0  50 
62 61 63 56 57 58 59 60 53 54 55 48 49 50 51 52 2  6  1  89 5  4  0  7  40 45 43 46 42 44 94 41 66 64 67 71 65 88 70 69 36 32 34 90 39 38 35 33 72 77 75 78 74 76 96 73 12 10 13 9  11 98 8  15 16 19 23 17 97 22 21 18 30 26 28 92 25 24 29 27 91 81 83 80 82 84 87 85 20 95 68 86 47 79 37 14 31 3  93 
57 58 62 60 63 59 61 95 50 49 54 52 55 51 53 93 3  0  4  1  2  89 7  6  45 46 47 40 41 42 43 44 70 67 65 68 64 66 88 71 32 90 37 36 33 39 34 38 76 74 77 73 75 96 72 79 98 11 10 15 13 8  12 14 23 20 18 21 17 19 97 16 24 25 26 27 28 29 30 31 84 91 82 86 85 81 80 83 22 56 69 87 94 78 35 9  92 5  48 
51 93 50 55 53 48 52 54 72 77 75 78 74 76 96 73 29 25 27 92 24 31 28 26 4  89 0  1  5  3  6  2  94 42 41 46 44 47 43 45 81 91 85 84 87 86 82 80 36 33 39 34 38 32 90 37 23 17 97 22 21 18 16 19 69 70 71 64 65 66 67 68 63 95 60 59 56 62 57 61 11 10 98 9  8  13 14 12 88 49 40 15 7  35 83 20 58 30 79 
6  5  7  1  0  2  3  4  28 31 27 29 92 26 25 30 70 71 64 65 66 67 68 69 97 17 16 21 19 22 18 20 98 15 14 11 9  12 8  10 54 49 53 55 93 52 51 48 60 58 61 57 59 95 56 63 32 38 33 37 39 90 36 35 81 82 91 86 80 83 87 84 47 45 40 44 46 94 43 42 75 74 96 73 72 77 78 76 85 89 13 79 23 62 50 34 41 88 24 
68 70 71 67 69 88 66 65 45 44 41 47 42 46 40 94 12 13 14 15 8  9  10 11 86 87 91 80 85 82 81 83 37 38 39 32 33 34 35 36 92 27 26 31 29 24 28 30 89 3  2  7  5  1  4  6  55 93 52 51 48 54 49 53 74 72 75 79 73 96 78 77 18 21 17 19 97 16 23 20 58 61 60 62 95 59 63 56 76 64 90 57 84 0  25 50 22 98 43 
61 56 59 62 58 60 95 57 48 53 51 54 50 52 93 49 4  5  6  7  1  0  2  3  43 47 41 94 46 45 42 40 64 71 68 66 69 65 67 88 34 37 33 35 90 32 39 36 78 72 96 77 76 73 79 74 9  12 8  10 98 15 14 11 20 21 22 23 16 17 18 19 92 30 29 26 24 27 31 25 83 85 86 81 87 82 84 80 97 63 70 91 44 75 38 13 28 89 55 
75 96 74 79 77 72 76 78 33 34 35 36 37 38 39 32 60 61 62 63 56 57 58 59 29 30 31 24 25 26 27 28 1  6  0  5  7  89 4  3  14 9  13 15 98 12 11 8  80 85 82 81 83 86 87 91 65 88 70 69 66 64 67 71 41 46 44 47 43 45 94 42 49 52 48 50 93 55 54 51 19 22 21 23 97 20 16 17 40 73 2  18 92 84 10 68 53 95 90 
28 29 25 31 26 30 24 92 95 59 58 63 61 56 60 62 47 40 41 42 43 44 45 46 65 64 69 67 70 66 68 88 16 20 22 97 19 18 23 21 74 75 76 77 78 79 72 73 53 54 55 48 49 50 51 52 84 87 86 82 80 81 91 85 10 8  11 15 9  98 14 13 6  1  89 5  4  0  7  2  33 39 36 35 32 38 37 90 12 27 17 34 71 93 96 83 3  94 57 
13 8  11 14 10 12 98 9  17 22 20 23 19 21 97 18 32 33 34 35 36 37 38 39 73 79 74 78 72 96 77 76 54 53 50 48 51 55 49 93 45 46 47 40 41 42 43 44 65 88 70 69 66 64 67 71 27 24 30 25 29 31 92 28 59 60 61 62 63 56 57 58 84 87 86 82 80 81 91 85 2  5  4  6  89 3  7  1  95 15 52 0  75 68 94 26 83 90 16 
21 18 17 19 97 16 23 20 67 70 66 68 88 65 64 69 81 87 82 83 84 85 80 86 34 37 33 35 90 32 39 36 75 96 72 79 76 74 77 73 2  3  4  5  6  7  1  0  41 43 94 40 47 44 42 45 61 62 63 56 57 58 59 60 48 55 52 50 53 49 51 93 10 9  14 12 15 11 13 98 24 30 27 26 31 29 28 92 54 22 78 25 38 46 89 95 8  91 71 
34 33 35 36 37 38 39 32 83 91 81 86 84 82 85 87 52 53 54 55 48 49 50 51 95 56 63 60 58 61 57 59 29 31 92 28 27 24 30 25 23 18 22 16 97 21 20 17 12 10 13 9  11 98 8  15 94 46 45 42 40 43 47 41 7  2  6  1  89 5  4  0  77 78 79 72 73 74 75 76 68 71 70 64 88 69 65 66 3  90 26 67 62 14 19 44 96 93 80 
45 47 40 44 46 94 43 42 1  5  3  6  2  4  89 0  21 22 23 16 17 18 19 20 15 14 11 9  12 8  10 98 91 83 82 86 85 81 84 80 61 58 56 59 63 57 95 62 27 24 30 25 29 31 92 28 77 78 79 72 73 74 75 76 39 32 33 34 35 36 37 38 68 67 64 70 65 69 71 88 52 48 49 53 55 93 51 54 90 41 87 50 13 26 60 96 66 97 7  
80 81 87 85 86 91 84 83 13 14 15 8  9  10 11 12 74 78 72 96 77 76 73 79 50 51 52 53 54 55 48 49 58 60 95 57 56 61 59 62 88 66 65 70 68 71 67 69 22 23 16 17 18 19 20 21 5  6  7  1  0  2  3  4  30 31 24 25 26 27 28 29 39 35 37 90 34 33 38 36 43 94 41 46 44 47 45 42 92 82 63 40 93 97 64 89 32 75 98 
