3  96 2  7  5  1  4  6  97 56 63 60 58 61 57 59 71 98 68 67 64 70 65 69 77 75 78 74 76 95 73 72 81 85 87 91 84 83 80 86 55 53 48 52 54 89 51 50 27 28 29 30 31 24 25 26 37 32 36 38 92 35 34 39 42 46 40 90 45 44 41 47 15 13 8  12 14 94 11 10 20 93 17 16 21 19 22 18 79 88 49 23 82 66 62 9  0  33 43 
0  2  6  4  7  3  5  96 57 63 58 62 56 97 61 60 70 64 98 69 68 65 71 66 95 76 75 72 78 73 77 79 84 86 91 83 82 87 85 80 52 55 51 53 89 50 49 54 29 88 26 25 30 28 31 27 33 34 35 36 37 38 39 32 44 45 46 47 40 41 42 43 9  11 94 8  15 12 10 13 93 16 23 20 18 21 17 19 74 24 48 22 81 67 59 14 1  92 90 
96 7  4  3  1  6  0  5  62 57 61 63 97 60 59 56 64 69 67 70 66 68 98 65 76 72 74 95 79 78 75 73 87 82 86 80 91 85 84 81 51 48 54 49 53 55 89 52 30 27 25 28 24 26 88 31 39 35 37 92 34 33 38 36 45 47 90 44 43 40 46 41 10 94 15 14 11 9  12 8  19 21 93 18 17 22 20 23 77 29 50 16 83 71 58 13 2  32 42 
1  6  96 5  4  0  7  2  61 58 56 59 63 57 97 62 65 68 64 66 98 71 70 67 73 78 76 79 75 77 95 74 82 80 83 87 81 91 86 85 53 52 49 55 50 54 48 89 26 24 27 31 25 88 30 29 92 39 38 35 33 36 32 34 41 40 45 43 46 42 44 90 14 10 12 94 9  8  13 11 16 20 22 93 19 18 23 21 72 28 51 17 84 69 60 15 3  37 47 
7  3  0  96 6  5  2  1  58 59 60 61 62 63 56 57 66 65 70 68 71 67 69 98 79 73 95 78 77 74 72 75 86 83 81 84 80 82 91 87 89 54 53 50 48 51 55 49 28 30 88 27 26 31 29 24 36 33 39 34 38 32 92 37 43 41 44 40 42 90 47 46 8  9  10 11 12 13 14 15 22 17 21 23 93 20 19 16 76 25 52 18 85 64 97 94 4  35 45 
4  0  1  2  96 7  6  3  56 60 62 97 59 58 63 61 67 71 65 98 70 69 66 64 74 77 73 75 95 72 79 76 80 87 84 82 85 81 83 91 50 89 55 54 51 49 52 48 88 25 24 29 27 30 26 28 35 92 32 39 36 34 37 33 90 42 41 46 44 47 43 45 94 14 13 10 8  11 15 9  17 23 18 22 16 93 21 20 78 31 53 19 86 68 57 12 5  38 40 
2  4  5  0  3  96 1  7  59 61 97 58 57 62 60 63 68 66 69 65 67 98 64 71 78 79 72 73 74 75 76 77 91 81 80 85 83 86 82 84 49 51 89 48 55 52 50 53 25 29 31 88 28 27 24 30 32 38 33 37 39 92 36 35 40 43 47 41 90 46 45 42 13 12 9  15 10 14 8  94 21 18 16 19 23 17 93 22 95 26 54 20 87 70 56 11 6  34 44 
5  1  3  6  2  4  96 0  63 62 59 57 60 56 58 97 69 70 71 64 65 66 67 68 72 95 77 76 73 79 74 78 85 91 82 81 86 84 87 83 54 50 52 89 49 48 53 51 24 31 28 26 29 25 27 88 38 37 34 32 35 39 33 92 47 44 42 45 41 43 90 40 12 15 11 13 94 10 9  14 23 22 19 17 20 16 18 93 75 30 55 21 80 98 61 8  7  36 46 
17 93 16 21 19 22 18 20 10 9  14 12 15 11 13 94 40 43 47 41 90 46 45 42 5  0  3  96 1  7  4  2  64 65 66 67 68 69 70 71 87 83 85 91 82 81 86 84 35 32 38 33 37 39 92 36 51 50 55 53 48 52 54 89 95 76 75 72 78 73 77 79 24 27 31 25 88 30 29 26 59 60 61 62 63 56 57 58 6  34 80 97 98 44 8  28 23 49 74 
16 18 19 23 17 93 22 21 94 11 10 15 13 8  12 14 47 44 42 45 41 43 90 40 3  6  2  4  96 0  1  5  67 64 70 65 69 71 98 68 80 86 81 85 87 91 84 83 92 38 37 34 32 35 39 33 50 53 49 51 89 48 55 52 75 74 79 77 72 76 78 95 27 25 28 24 26 88 31 30 63 58 62 56 97 61 60 57 7  36 82 59 66 46 9  29 20 54 73 
21 17 23 93 20 19 16 22 15 94 12 11 8  14 9  13 44 45 46 47 40 41 42 43 6  4  7  3  5  96 2  0  71 69 64 68 70 98 67 66 81 82 83 84 85 86 87 80 32 33 34 35 36 37 38 39 55 49 89 54 53 50 48 51 74 77 73 75 95 72 79 76 31 28 26 29 25 27 88 24 57 61 63 97 60 59 56 62 1  92 91 58 65 90 10 30 18 52 78 
19 22 17 20 16 18 93 23 14 8  94 13 12 9  15 10 42 46 40 90 45 44 41 47 2  7  5  1  4  6  96 3  65 67 98 64 71 68 66 69 82 84 91 81 80 85 83 86 39 37 32 36 38 92 35 34 53 51 54 50 52 89 49 48 79 73 95 78 77 74 72 75 25 24 29 27 30 26 28 88 97 57 56 61 59 62 58 60 0  33 87 63 70 43 11 31 21 55 76 
22 20 93 19 18 23 21 16 11 15 9  94 14 13 10 8  45 47 90 44 43 40 46 41 4  3  1  6  0  5  7  96 98 70 69 66 64 67 71 65 83 91 80 87 84 82 85 81 36 39 35 37 92 34 33 38 48 89 53 52 49 55 50 54 77 75 78 74 76 95 73 72 88 26 25 30 28 31 27 29 62 59 57 60 56 58 97 63 2  32 86 61 68 42 12 24 17 51 79 
18 23 22 16 93 21 20 17 9  12 8  10 94 15 14 11 41 40 45 43 46 42 44 90 96 5  4  0  7  2  6  1  70 66 68 98 65 64 69 67 84 81 87 82 86 80 91 85 34 92 39 38 35 33 36 32 52 48 50 89 55 54 51 49 72 95 77 76 73 79 74 78 30 88 27 26 31 29 24 28 61 97 58 57 62 60 63 59 3  37 83 56 71 47 13 25 19 53 75 
20 19 21 22 23 16 17 18 12 10 13 9  11 94 8  15 43 41 44 40 42 90 47 46 0  96 6  5  2  1  3  7  69 68 65 71 66 70 64 98 85 80 84 86 91 83 82 87 37 36 33 39 34 38 32 92 54 55 48 49 50 51 52 53 76 72 74 95 79 78 75 73 29 31 88 28 27 24 30 25 58 56 59 63 57 97 62 61 4  35 81 60 67 45 14 26 93 89 77 
93 21 18 17 22 20 23 19 8  13 11 14 10 12 94 9  90 42 41 46 44 47 43 45 1  2  96 7  6  3  0  4  66 98 71 70 67 65 68 64 86 85 82 80 83 87 81 91 33 35 92 32 39 36 34 37 89 52 51 48 54 49 53 55 78 79 72 73 74 75 76 77 26 30 24 88 29 28 25 31 56 63 60 58 61 57 59 97 5  38 84 62 69 40 15 27 16 50 95 
29 25 31 88 28 27 24 30 55 50 54 48 89 53 52 49 18 17 22 20 23 19 21 93 15 11 13 94 10 9  14 12 5  2  1  3  7  0  96 6  76 75 72 78 73 77 79 95 65 69 71 98 68 67 64 70 47 42 46 40 90 45 44 41 61 59 62 58 60 97 57 56 91 85 84 81 87 82 86 80 33 92 38 37 34 32 35 39 8  66 74 36 4  16 51 83 26 43 63 
28 27 29 30 31 24 25 26 54 51 49 52 48 50 89 55 93 19 18 23 21 16 20 22 12 9  15 10 14 8  94 13 2  3  4  5  6  7  1  0  73 95 78 77 74 72 75 79 67 68 69 70 71 64 65 66 40 47 44 42 45 41 43 90 56 97 61 60 57 63 58 62 81 91 86 85 82 80 83 87 36 35 32 38 33 37 39 92 11 98 76 34 96 17 53 84 88 46 59 
25 88 24 29 27 30 26 28 51 52 53 54 55 48 49 50 23 93 20 19 16 22 17 21 10 12 94 9  8  13 11 14 1  4  6  96 3  2  7  5  79 72 73 74 75 76 77 78 98 65 64 69 67 70 66 68 41 45 47 90 44 43 40 46 60 56 58 97 63 62 59 57 80 82 91 87 86 83 81 84 32 34 92 39 38 35 33 36 15 71 95 37 0  18 89 85 31 42 61 
31 24 28 26 29 25 27 88 49 53 55 89 52 51 48 54 22 16 93 21 20 17 23 18 13 8  12 14 94 11 10 15 3  5  96 2  0  6  4  7  74 79 77 72 76 78 95 75 64 71 68 66 69 65 67 98 42 40 43 47 41 90 46 45 62 63 56 57 58 59 60 61 85 81 83 91 80 87 84 82 34 39 37 32 36 38 92 35 9  70 73 33 1  19 50 86 30 44 97 
26 31 30 24 88 29 28 25 52 54 89 51 50 55 53 48 19 23 17 93 22 21 18 16 9  10 11 12 13 14 15 8  7  6  3  0  4  1  2  96 78 76 79 75 77 95 74 73 71 66 70 64 98 69 68 65 43 44 45 46 47 40 41 42 97 60 59 56 62 57 61 63 83 86 82 84 91 81 80 85 92 37 36 33 39 34 38 32 94 67 72 35 5  20 49 87 27 90 58 
30 28 88 27 26 31 29 24 48 55 52 50 53 49 51 89 17 20 16 18 93 23 22 19 11 94 8  15 12 10 13 9  0  7  2  6  1  96 5  4  72 74 95 79 78 75 73 76 68 70 98 67 66 71 69 64 44 46 90 43 42 47 45 40 59 58 63 61 56 60 62 97 86 84 87 83 85 91 82 81 39 32 33 34 35 36 37 38 14 65 77 92 3  21 54 80 25 41 57 
24 26 27 31 25 88 30 29 50 48 51 55 49 89 54 53 20 18 21 17 19 93 16 23 94 15 14 11 9  12 8  10 96 1  7  4  2  5  0  3  95 77 76 73 79 74 78 72 66 64 67 71 65 98 70 69 45 90 42 41 46 44 47 43 58 61 57 59 97 56 63 60 82 87 85 80 84 86 91 83 38 36 39 35 37 92 34 33 13 68 75 32 6  22 52 81 28 40 62 
88 29 26 25 30 28 31 27 89 49 48 53 51 54 50 52 16 21 19 22 18 20 93 17 8  14 9  13 15 94 12 11 6  0  5  7  96 4  3  1  77 73 75 95 72 79 76 74 69 98 66 65 70 68 71 67 46 43 41 44 40 42 90 47 63 57 97 62 61 58 56 59 84 83 80 86 81 85 87 91 35 38 34 36 92 33 32 37 10 64 78 39 2  23 55 82 24 45 60 
35 33 92 32 39 36 34 37 83 81 84 80 82 91 87 86 60 56 58 97 63 62 59 57 26 25 30 28 31 27 29 88 21 20 17 23 18 22 16 93 0  3  96 1  7  4  2  5  46 41 45 47 90 44 43 40 72 77 75 78 74 76 95 73 15 11 13 94 10 9  14 12 66 70 64 98 69 68 65 71 51 49 52 48 50 89 55 54 24 42 6  53 19 61 85 67 38 79 8  
39 36 35 37 92 34 33 38 84 85 86 87 80 81 82 83 57 62 60 63 59 61 97 58 88 27 26 31 29 24 28 30 20 23 19 21 93 18 17 22 7  5  1  4  6  96 3  2  44 90 41 40 45 43 46 42 78 72 95 77 76 73 79 74 12 9  15 10 14 8  94 13 98 66 65 70 68 71 67 69 53 55 89 52 51 48 54 49 25 47 0  50 16 56 91 64 32 75 11 
33 32 34 35 36 37 38 39 85 87 91 84 83 80 86 81 63 57 97 62 61 58 56 59 31 88 28 27 24 30 25 29 17 19 93 16 23 20 18 21 2  96 7  6  3  0  4  1  47 46 43 41 44 40 42 90 73 76 72 74 95 79 78 75 10 12 94 9  8  13 11 14 71 68 66 69 65 67 98 64 89 50 49 54 52 55 51 53 26 45 5  48 22 60 82 70 92 77 15 
92 34 39 38 35 33 36 32 86 91 83 82 87 85 80 84 58 61 57 59 97 56 63 60 30 24 88 29 28 25 31 26 23 21 16 20 22 93 19 18 6  2  4  96 0  1  5  3  43 45 90 42 41 46 44 47 77 78 79 72 73 74 75 76 13 8  12 14 94 11 10 15 70 98 67 66 71 69 64 68 50 54 48 89 53 52 49 55 27 40 7  51 17 62 81 65 37 95 9  
38 92 37 34 32 35 39 33 87 84 82 85 81 83 91 80 62 63 56 57 58 59 60 61 27 31 25 88 30 29 26 24 18 93 23 22 19 17 20 16 1  0  2  3  4  5  6  7  45 42 40 43 47 41 90 46 79 95 76 75 72 78 73 77 9  10 11 12 13 14 15 8  67 65 68 64 66 98 71 70 49 48 53 51 54 50 52 89 28 44 96 55 21 97 86 69 36 74 94 
37 39 32 36 38 92 35 34 80 83 87 81 91 86 85 82 56 97 61 60 57 63 58 62 25 28 24 26 88 31 30 27 22 18 20 93 17 16 21 19 96 6  5  2  1  3  7  0  90 40 47 44 42 45 41 43 95 75 74 79 77 72 76 78 11 94 8  15 12 10 13 9  65 64 69 67 70 66 68 98 54 89 51 50 55 53 48 52 29 46 4  49 23 59 84 71 33 73 14 
34 38 36 92 33 32 37 35 81 80 85 83 86 82 84 91 97 60 59 56 62 57 61 63 28 26 29 25 27 88 24 31 16 17 18 19 20 21 22 23 5  4  0  7  2  6  1  96 42 43 44 45 46 47 40 41 76 74 77 73 75 95 72 79 94 15 14 11 9  12 8  10 68 69 70 71 64 65 66 67 52 53 54 55 48 49 50 51 30 90 3  89 93 58 87 98 39 78 13 
32 35 38 33 37 39 92 36 82 86 80 91 85 84 81 87 61 59 62 58 60 97 57 56 24 29 27 30 26 28 88 25 93 22 21 18 16 19 23 17 4  7  3  5  96 2  0  6  41 47 42 46 40 90 45 44 75 79 73 95 78 77 74 72 8  14 9  13 15 94 12 11 64 67 71 65 98 70 69 66 55 52 50 53 49 51 89 48 31 43 1  54 20 63 83 68 34 76 10 
42 45 40 43 47 41 90 46 4  6  96 3  2  7  5  1  53 49 51 89 48 55 52 50 64 69 67 70 66 68 98 65 34 33 38 36 39 35 37 92 88 28 27 24 30 25 29 31 57 56 61 59 62 58 60 97 11 8  14 9  13 15 94 12 84 87 83 85 91 82 81 86 18 22 16 93 21 20 17 23 76 78 95 75 74 79 77 72 71 63 26 73 32 54 0  19 44 10 80 
43 42 44 45 46 47 40 41 2  1  3  7  0  96 6  5  54 52 55 51 53 89 50 49 71 98 68 67 64 70 65 69 92 35 34 39 37 32 36 38 25 30 28 31 27 29 88 26 56 59 63 57 97 62 61 58 14 10 12 94 9  8  13 11 80 81 82 83 84 85 86 87 16 19 23 17 93 22 21 18 77 95 74 73 78 76 79 75 66 60 24 72 33 48 4  20 90 15 91 
44 40 46 90 43 42 47 45 5  96 2  0  6  4  7  3  55 48 49 50 51 52 53 54 68 66 69 65 67 98 64 71 39 92 36 35 32 38 33 37 24 88 29 28 25 31 26 30 61 63 97 60 59 56 62 57 10 94 15 14 11 9  12 8  82 91 87 86 83 81 84 80 19 17 20 16 18 93 23 22 78 75 73 76 72 74 95 79 70 58 27 77 34 89 1  21 41 13 85 
45 43 90 42 41 46 44 47 0  5  7  96 4  3  1  6  48 50 89 55 54 51 49 52 66 65 70 68 71 67 69 98 38 32 92 37 36 33 39 34 29 27 30 26 28 88 25 24 59 57 60 56 58 97 63 62 12 15 11 13 94 10 9  14 91 86 85 82 80 83 87 81 23 20 18 21 17 19 93 16 79 74 78 72 95 77 76 73 64 61 31 75 35 53 2  22 40 8  84 
46 47 43 41 44 40 42 90 3  4  5  6  7  1  0  2  49 89 54 53 50 48 51 55 69 70 71 64 65 66 67 68 35 39 33 92 38 37 34 32 27 26 31 29 24 28 30 88 62 97 59 58 63 61 56 60 94 14 13 10 8  11 15 9  87 85 80 84 86 91 83 82 17 16 21 19 22 18 20 93 72 79 76 74 77 73 75 95 98 57 25 78 36 52 96 23 45 12 81 
47 41 42 46 40 90 45 44 96 0  1  5  3  6  2  4  50 55 53 48 52 54 89 51 65 68 64 66 98 71 70 67 33 36 32 34 92 39 38 35 30 31 24 25 26 27 28 29 58 62 56 97 61 60 57 63 9  11 94 8  15 12 10 13 86 82 84 91 81 80 85 83 93 18 17 22 20 23 19 21 73 77 79 95 76 75 72 78 69 59 88 74 37 49 7  16 43 14 87 
40 90 47 44 42 45 41 43 1  7  4  2  5  0  3  96 51 54 50 52 89 49 48 53 67 71 65 98 70 69 66 64 36 34 37 33 35 92 32 39 26 29 25 27 88 24 31 28 60 61 62 63 56 57 58 59 8  9  10 11 12 13 14 15 83 80 86 81 85 87 91 84 22 93 19 18 23 21 16 20 74 72 75 79 73 95 78 77 68 97 30 76 38 55 6  17 46 94 82 
41 46 45 47 90 44 43 40 7  2  6  1  96 5  4  0  52 51 48 54 49 53 55 89 98 67 66 71 69 64 68 70 32 37 35 38 34 36 92 33 28 24 26 88 31 30 27 25 97 58 57 62 60 63 59 61 13 12 9  15 10 14 8  94 81 83 91 80 87 84 82 85 21 23 93 20 19 16 22 17 75 76 77 78 79 72 73 74 65 56 29 95 39 50 3  18 42 11 86 
8  15 9  10 11 12 13 14 33 38 36 39 35 37 92 34 7  1  0  2  3  4  5  6  60 56 58 97 63 62 59 57 78 77 74 72 75 79 73 95 42 41 46 44 47 43 45 90 81 86 84 87 83 85 91 82 69 71 98 68 67 64 70 65 16 21 19 22 18 20 93 17 48 89 53 52 49 55 50 54 88 24 31 28 26 29 25 27 61 80 40 30 76 96 32 51 94 66 23 
13 94 12 9  15 10 14 8  38 39 32 33 34 35 36 37 2  7  5  1  4  6  96 3  97 60 59 56 62 57 61 63 73 74 75 76 77 78 79 72 90 43 42 47 45 40 44 46 80 91 85 84 81 87 82 86 64 67 71 65 98 70 69 66 22 16 93 21 20 17 23 18 55 49 89 54 53 50 48 51 31 30 27 25 28 24 26 88 58 83 41 29 95 0  92 52 11 68 19 
11 12 8  14 9  13 15 94 36 32 34 92 39 38 35 33 6  4  7  3  5  96 2  0  57 62 60 63 59 61 97 58 77 72 76 78 95 75 74 79 47 90 44 43 40 46 41 45 85 83 86 82 84 91 81 80 68 69 70 71 64 65 66 67 17 20 16 18 93 23 22 19 52 48 50 89 55 54 51 49 30 25 29 31 88 28 27 24 56 87 42 26 73 1  37 53 10 98 21 
14 11 10 12 94 9  8  13 39 33 92 38 37 34 32 35 1  2  96 7  6  3  0  4  56 97 61 60 57 63 58 62 79 75 77 95 74 73 78 76 46 40 90 45 44 41 47 42 83 82 87 85 80 84 86 91 70 98 67 66 71 69 64 68 21 22 23 16 17 18 19 20 50 53 49 51 89 48 55 52 27 29 88 26 25 30 28 31 59 81 43 24 72 5  36 54 15 65 93 
10 8  94 15 14 11 9  12 35 34 39 37 32 36 38 92 96 5  4  0  7  2  6  1  61 59 62 58 60 97 57 56 95 79 78 75 73 76 72 74 43 47 41 90 46 45 42 40 86 87 80 81 82 83 84 85 98 66 65 70 68 71 67 69 23 93 20 19 16 22 17 21 53 51 54 50 52 89 49 48 25 31 26 30 24 88 29 28 63 91 44 27 77 3  33 55 13 64 18 
12 14 15 11 13 94 10 9  37 35 38 34 36 92 33 32 5  0  3  96 1  7  4  2  59 58 63 61 56 60 62 97 76 73 79 74 78 72 95 77 41 44 40 42 90 47 46 43 82 85 81 83 91 80 87 84 67 65 68 64 66 98 71 70 93 19 18 23 21 16 20 22 49 54 52 55 51 53 89 50 28 88 25 24 29 27 30 26 57 86 45 31 75 6  39 48 8  69 17 
94 9  14 13 10 8  11 15 92 36 35 32 38 33 37 39 4  3  1  6  0  5  7  96 62 63 56 57 58 59 60 61 75 95 72 79 76 74 77 73 44 42 45 41 43 90 40 47 84 80 82 91 87 86 83 81 66 70 64 98 69 68 65 71 20 18 21 17 19 93 16 23 51 50 55 53 48 52 54 89 24 28 30 88 27 26 31 29 97 85 46 25 78 2  34 49 12 67 22 
9  13 11 94 8  15 12 10 34 37 33 35 92 32 39 36 0  96 6  5  2  1  3  7  58 61 57 59 97 56 63 60 72 78 73 77 79 95 76 75 40 45 43 46 42 44 90 41 91 84 83 80 86 81 85 87 71 68 66 69 65 67 98 64 19 23 17 93 22 21 18 16 89 52 51 48 54 49 53 55 26 27 28 29 30 31 24 25 62 82 47 88 74 4  38 50 14 70 20 
60 63 58 61 57 59 97 56 29 24 28 30 88 27 26 31 72 95 77 76 73 79 74 78 23 93 20 19 16 22 17 21 44 43 40 46 41 45 47 90 71 65 98 70 69 66 64 67 50 49 54 52 55 51 53 89 81 91 86 85 82 80 83 87 3  6  2  4  96 0  1  5  36 33 39 34 38 32 92 37 8  94 13 12 9  15 10 14 18 48 68 11 42 75 25 35 62 84 7  
59 56 63 57 97 62 61 58 27 88 24 31 28 26 29 25 74 77 73 75 95 72 79 76 17 20 16 18 93 23 22 19 42 47 45 40 44 46 90 43 65 70 68 71 67 69 98 66 89 51 50 55 53 48 52 54 82 87 85 80 84 86 91 83 1  2  96 7  6  3  0  4  38 37 34 32 35 39 33 92 12 8  10 94 15 14 11 9  21 49 64 13 41 78 30 36 60 81 5  
56 57 61 59 62 58 60 97 30 29 26 24 27 31 25 88 95 76 75 72 78 73 77 79 93 19 18 23 21 16 20 22 45 41 43 90 40 47 44 42 98 68 67 64 70 65 69 71 55 89 52 51 48 54 49 53 83 86 82 84 91 81 80 85 6  4  7  3  5  96 2  0  92 39 38 35 33 36 32 34 14 15 8  9  10 11 12 13 17 50 66 94 46 74 28 37 63 87 1  
62 58 56 97 61 60 57 63 26 28 88 25 24 29 27 30 79 73 95 78 77 74 72 75 22 16 93 21 20 17 23 18 41 90 46 45 42 40 43 47 70 71 64 65 66 67 68 69 54 48 89 53 52 49 55 50 84 83 80 86 81 85 87 91 0  96 6  5  2  1  3  7  35 92 32 39 36 34 37 33 94 12 11 8  14 9  13 15 19 51 98 10 44 76 31 38 59 82 4  
57 59 60 56 58 97 63 62 28 25 31 26 30 24 88 29 78 79 72 73 74 75 76 77 21 22 23 16 17 18 19 20 43 46 42 44 90 41 40 45 69 67 70 66 68 98 65 64 51 55 49 89 54 53 50 48 85 81 83 91 80 87 84 82 5  0  3  96 1  7  4  2  34 36 92 33 32 37 35 38 11 10 15 13 8  12 14 94 93 52 71 9  47 95 27 39 61 86 6  
61 60 62 63 56 57 58 59 88 31 30 27 25 28 24 26 75 74 79 77 72 76 78 95 18 17 22 20 23 19 21 93 90 45 44 41 47 42 46 40 66 69 65 67 98 64 71 68 49 52 48 50 89 55 54 51 86 84 87 83 85 91 82 81 7  1  0  2  3  4  5  6  39 35 37 92 34 33 38 36 10 13 9  11 94 8  15 12 16 53 70 14 43 73 29 32 97 80 96 
63 61 97 60 59 56 62 57 25 26 27 28 29 30 31 24 73 78 76 79 75 77 95 74 16 21 19 22 18 20 93 17 40 42 90 47 46 43 41 44 64 98 69 68 65 71 66 70 52 50 53 49 51 89 48 55 87 80 81 82 83 84 85 86 96 5  4  0  7  2  6  1  37 32 36 38 92 35 34 39 15 9  94 14 13 10 8  11 23 54 67 12 45 72 88 33 58 91 3  
97 62 59 58 63 61 56 60 24 30 25 29 31 88 28 27 76 72 74 95 79 78 75 73 19 23 17 93 22 21 18 16 47 40 41 42 43 44 45 46 67 66 71 69 64 68 70 98 48 53 51 54 50 52 89 49 80 82 91 87 86 83 81 84 4  3  1  6  0  5  7  96 32 38 33 37 39 92 36 35 13 11 14 10 12 94 9  8  20 55 65 15 90 77 26 34 57 85 2  
71 64 68 66 69 65 67 98 76 95 73 72 77 75 78 74 37 34 32 35 39 33 92 38 91 86 85 82 80 83 87 81 24 25 26 27 28 29 30 31 10 11 12 13 14 15 8  9  93 17 16 21 19 22 18 20 58 57 62 60 63 59 61 97 53 49 51 89 48 55 52 50 3  2  7  5  1  4  6  96 43 90 40 47 44 42 45 41 84 23 94 46 88 36 79 0  70 56 54 
64 66 67 71 65 98 70 69 79 78 75 73 76 72 74 95 39 38 35 33 36 32 34 92 80 81 82 83 84 85 86 87 26 88 31 30 27 25 28 24 8  12 14 94 11 10 15 13 21 93 18 17 22 20 23 19 97 59 58 63 61 56 60 62 48 50 89 55 54 51 49 52 96 4  3  1  6  0  5  7  42 44 90 41 40 45 43 46 91 16 9  47 29 37 77 2  68 57 53 
65 98 64 69 67 70 66 68 75 77 95 74 73 78 76 79 92 32 39 36 34 37 33 35 87 85 80 84 86 91 83 82 88 30 29 26 24 27 31 25 11 13 94 10 9  14 12 15 20 22 93 19 18 23 21 16 63 97 60 59 56 62 57 61 52 51 48 54 49 53 55 89 1  96 5  4  0  7  2  6  47 43 45 90 42 41 46 44 81 17 8  40 28 38 72 3  71 58 50 
66 71 70 64 98 69 68 65 77 74 72 75 79 73 95 78 36 92 33 32 37 35 38 34 84 87 83 85 91 82 81 86 31 29 24 28 30 88 27 26 15 14 11 9  12 8  10 94 17 21 23 93 20 19 16 22 62 56 97 61 60 57 63 58 54 52 55 51 53 89 50 49 7  0  96 6  5  2  1  3  45 40 44 46 90 43 42 47 80 18 13 41 25 39 76 4  67 59 48 
67 70 65 68 64 66 98 71 95 72 79 76 74 77 73 75 35 37 92 34 33 38 36 39 82 91 87 86 83 81 84 80 30 26 28 88 25 24 29 27 9  15 10 14 8  94 13 12 23 18 22 16 93 21 20 17 59 63 57 97 62 61 58 56 89 53 52 49 55 50 54 48 4  1  2  96 7  6  3  0  40 46 41 45 47 90 44 43 85 19 11 42 31 32 78 5  69 60 51 
68 67 69 70 71 64 65 66 74 75 76 77 78 79 72 73 32 36 38 92 35 34 39 37 85 84 81 87 82 86 80 91 27 24 30 25 29 31 88 28 94 8  15 12 10 13 9  11 18 16 19 23 17 93 22 21 57 60 56 58 97 63 62 59 51 54 50 52 89 49 48 53 2  5  0  3  96 1  7  4  44 41 47 42 46 40 90 45 83 20 14 43 26 33 95 6  98 61 55 
69 65 71 98 68 67 64 70 73 79 74 78 72 95 77 76 38 33 37 39 92 36 35 32 81 83 91 80 87 84 82 85 25 27 88 24 31 28 26 29 14 9  13 15 94 12 11 8  22 19 17 20 16 18 93 23 60 58 61 57 59 97 56 63 50 55 53 48 52 54 89 51 5  3  6  2  4  96 0  1  46 45 42 40 43 47 41 90 86 21 10 44 30 34 75 7  66 62 49 
70 68 98 67 66 71 69 64 78 73 77 79 95 76 75 72 33 39 34 38 32 92 37 36 83 80 86 81 85 87 91 84 28 31 27 29 88 26 25 30 13 10 8  11 15 9  94 14 16 23 20 18 21 17 19 93 56 61 59 62 58 60 97 57 55 48 49 50 51 52 53 54 0  6  4  7  3  5  96 2  90 47 46 43 41 44 40 42 82 22 12 45 24 35 74 1  65 63 89 
78 74 72 95 77 76 73 79 17 18 19 20 21 22 23 16 85 84 81 87 82 86 80 91 44 45 46 47 40 41 42 43 54 49 53 55 89 52 51 48 38 35 33 36 32 34 92 39 10 15 13 8  12 14 94 11 25 24 29 27 30 26 28 88 66 65 70 68 71 67 69 98 97 59 58 63 61 56 60 62 6  96 3  2  7  5  1  4  90 9  37 0  50 83 93 57 75 31 64 
77 76 78 79 72 73 74 75 19 93 16 23 20 18 21 17 91 86 85 82 80 83 87 81 43 41 44 40 42 90 47 46 49 55 50 54 48 89 53 52 32 39 36 34 37 33 35 92 14 12 15 11 13 94 10 9  27 25 28 24 26 88 31 30 98 67 66 71 69 64 68 70 63 97 60 59 56 62 57 61 0  1  5  3  6  2  4  96 45 8  38 7  51 84 22 58 95 29 65 
74 95 73 78 76 79 75 77 93 23 22 19 17 20 16 18 82 91 87 86 83 81 84 80 40 43 47 41 90 46 45 42 53 50 48 51 55 49 89 54 92 33 32 37 35 38 34 36 8  10 94 15 14 11 9  12 88 26 25 30 28 31 27 29 71 98 68 67 64 70 65 69 62 56 97 61 60 57 63 58 5  7  96 4  3  1  6  0  44 13 39 2  52 85 21 59 72 24 66 
72 73 77 75 78 74 76 95 16 22 17 21 23 93 20 19 81 83 91 80 87 84 82 85 46 90 43 42 47 45 40 44 55 54 51 49 52 48 50 89 37 92 34 33 38 36 39 35 94 13 12 9  15 10 14 8  24 27 31 25 88 30 29 26 70 64 98 69 68 65 71 66 59 63 57 97 62 61 58 56 7  4  2  5  0  3  96 1  41 11 32 6  53 86 18 60 79 28 67 
75 72 79 73 95 78 77 74 23 19 21 93 18 17 22 20 86 82 84 91 81 80 85 83 41 40 45 43 46 42 44 90 89 48 55 52 50 53 49 51 36 38 92 35 34 39 37 32 13 9  11 94 8  15 12 10 31 28 26 29 25 27 88 24 67 71 65 98 70 69 66 64 57 60 56 58 97 63 62 59 96 2  0  6  4  7  3  5  47 14 33 1  54 87 16 61 76 30 68 
79 77 95 76 75 72 78 73 20 17 23 18 22 16 93 21 84 87 83 85 91 82 81 86 45 47 90 44 43 40 46 41 52 89 49 48 53 51 54 50 33 37 39 92 36 35 32 38 12 11 8  14 9  13 15 94 28 29 30 31 24 25 26 27 65 68 64 66 98 71 70 67 60 58 61 57 59 97 56 63 4  5  6  7  1  0  2  3  42 10 34 96 55 80 19 62 74 88 69 
73 75 76 72 74 95 79 78 18 20 93 17 16 21 19 22 87 85 80 84 86 91 83 82 47 44 42 45 41 43 90 40 51 53 89 50 49 54 52 55 39 34 38 32 92 37 36 33 9  94 14 13 10 8  11 15 26 30 24 88 29 28 25 31 68 66 69 65 67 98 64 71 56 61 59 62 58 60 97 57 3  0  4  1  2  96 7  6  46 12 35 5  48 81 23 63 77 27 70 
95 78 75 74 79 77 72 76 21 16 20 22 93 19 18 23 83 80 86 81 85 87 91 84 90 42 41 46 44 47 43 45 48 52 54 89 51 50 55 53 34 32 35 39 33 92 38 37 15 8  9  10 11 12 13 14 29 31 88 28 27 24 30 25 64 69 67 70 66 68 98 65 58 57 62 60 63 59 61 97 1  3  7  0  96 6  5  2  40 94 36 4  49 82 17 56 73 26 71 
81 87 91 86 85 82 80 83 47 45 40 44 46 90 43 42 24 29 27 30 26 28 88 25 49 89 54 53 50 48 51 55 10 14 8  94 13 12 9  15 56 58 97 63 62 59 57 60 4  2  5  0  3  96 1  7  22 93 19 18 23 21 16 20 92 32 39 36 34 37 33 35 74 73 78 76 79 75 77 95 69 66 64 67 71 65 98 70 52 6  61 68 11 31 41 72 84 17 38 
87 86 80 81 82 83 84 85 41 43 90 40 47 44 42 45 26 25 30 28 31 27 29 88 50 55 53 48 52 54 89 51 8  11 15 9  94 14 13 10 57 97 62 61 58 56 59 63 0  4  1  2  96 7  6  3  20 21 22 23 16 17 18 19 34 35 36 37 38 39 32 33 95 75 74 79 77 72 76 78 65 71 66 70 64 98 69 68 49 5  60 67 12 24 46 73 91 93 92 
82 83 87 85 80 84 86 91 90 46 45 42 40 43 47 41 88 27 26 31 29 24 28 30 51 54 50 52 89 49 48 53 11 9  12 8  10 94 15 14 58 63 61 56 60 62 97 59 7  96 4  3  1  6  0  5  23 20 18 21 17 19 93 16 33 39 34 38 32 92 37 36 79 95 76 75 72 78 73 77 67 69 98 66 65 70 68 71 55 2  57 64 13 25 44 74 81 22 35 
86 81 84 87 83 85 91 82 46 42 44 90 41 40 45 43 31 88 28 27 24 30 25 29 52 51 48 54 49 53 55 89 15 12 10 13 9  11 94 8  59 62 58 60 97 57 56 61 2  0  6  4  7  3  5  96 19 17 20 16 18 93 23 22 38 33 37 39 92 36 35 32 78 72 95 77 76 73 79 74 98 64 71 68 66 69 65 67 50 1  63 70 14 26 47 75 80 21 34 
80 84 82 91 87 86 83 81 45 44 41 47 42 46 40 90 30 24 88 29 28 25 31 26 53 49 51 89 48 55 52 50 9  8  13 11 14 10 12 94 60 59 56 62 57 61 63 97 6  1  96 5  4  0  7  2  21 23 93 20 19 16 22 17 36 92 33 32 37 35 38 34 75 79 73 95 78 77 74 72 64 68 70 98 67 66 71 69 54 3  58 65 15 27 43 76 85 18 39 
91 80 85 84 81 87 82 86 42 90 47 46 43 41 44 40 27 31 25 88 30 29 26 24 54 52 55 51 53 89 50 49 94 10 9  14 12 15 11 13 61 57 59 97 56 63 60 58 1  5  3  6  2  4  96 0  93 18 17 22 20 23 19 21 39 38 35 33 36 32 34 92 73 76 72 74 95 79 78 75 71 70 67 65 68 64 66 98 48 7  62 69 8  28 45 77 83 16 37 
85 82 81 83 91 80 87 84 40 41 42 43 44 45 46 47 25 28 24 26 88 31 30 27 55 48 49 50 51 52 53 54 14 94 11 10 15 13 8  12 62 60 63 59 61 97 58 57 96 3  2  7  5  1  4  6  18 22 16 93 21 20 17 23 35 37 92 34 33 38 36 39 76 74 77 73 75 95 72 79 68 98 65 64 69 67 70 66 89 0  56 71 9  29 90 78 86 19 32 
84 91 83 80 86 81 85 87 43 40 46 41 45 47 90 44 28 26 29 25 27 88 24 31 48 50 89 55 54 51 49 52 13 15 94 12 11 8  14 9  63 56 57 58 59 60 61 62 5  6  7  1  0  2  3  4  17 16 21 19 22 18 20 93 37 34 32 35 39 33 92 38 72 77 75 78 74 76 95 73 66 67 68 69 70 71 64 65 53 96 97 98 10 30 42 79 82 23 36 
55 51 49 89 54 53 50 48 67 98 64 71 68 66 69 65 10 12 94 9  8  13 11 14 32 36 38 92 35 34 39 37 56 62 57 61 63 97 60 59 22 23 16 17 18 19 20 21 75 73 76 72 74 95 79 78 96 4  3  1  6  0  5  7  88 27 26 31 29 24 28 30 42 40 43 47 41 90 46 45 82 81 86 84 87 83 85 91 33 77 93 80 58 15 70 44 52 2  25 
48 54 89 53 52 49 55 50 71 67 69 98 66 65 70 68 12 9  15 10 14 8  94 13 36 92 33 32 37 35 38 34 97 63 62 59 57 60 56 58 16 93 21 20 17 23 18 22 74 78 72 95 77 76 73 79 5  3  6  2  4  96 0  1  27 31 25 88 30 29 26 24 46 43 41 44 40 42 90 47 91 83 82 87 85 80 84 86 39 75 19 81 61 11 64 45 51 7  28 
49 50 54 52 55 51 53 89 65 66 67 68 69 70 71 64 94 15 14 11 9  12 8  10 38 33 37 39 92 36 35 32 61 56 60 62 97 59 58 63 93 20 19 16 22 17 21 23 79 76 74 77 73 75 95 72 4  1  2  96 7  6  3  0  26 25 30 28 31 27 29 88 40 47 44 42 45 41 43 90 87 91 84 83 80 86 81 85 34 78 18 82 57 13 98 46 48 5  24 
50 52 53 49 51 89 48 55 98 71 70 67 65 68 64 66 9  10 11 12 13 14 15 8  92 32 39 36 34 37 33 35 60 57 63 58 62 56 97 61 21 19 22 18 20 93 17 16 77 79 95 76 75 72 78 73 0  6  4  7  3  5  96 2  31 88 28 27 24 30 25 29 90 41 40 45 43 46 42 44 86 80 91 85 84 81 87 82 38 74 23 83 59 94 69 47 54 1  26 
51 89 50 55 53 48 52 54 70 69 66 64 67 71 65 98 8  14 9  13 15 94 12 11 35 37 92 34 33 38 36 39 57 58 59 60 61 62 63 56 20 16 18 93 23 22 19 17 72 75 79 73 95 78 77 74 7  0  96 6  5  2  1  3  29 30 31 24 25 26 27 28 45 90 42 41 46 44 47 43 83 87 81 91 86 85 82 80 32 76 21 84 97 10 68 40 49 4  88 
52 49 48 50 89 55 54 51 69 64 68 70 98 67 66 71 13 8  12 14 94 11 10 15 34 35 36 37 38 39 32 33 63 59 61 97 58 57 62 60 17 22 20 23 19 21 93 18 76 77 78 79 72 73 74 75 2  5  0  3  96 1  7  4  24 29 27 30 26 28 88 25 44 46 90 43 42 47 45 40 81 84 80 82 91 87 86 83 92 95 16 85 56 9  65 41 53 6  31 
53 48 51 54 50 52 89 49 66 68 98 65 64 69 67 70 11 94 8  15 12 10 13 9  39 38 35 33 36 32 34 92 58 60 97 57 56 61 59 62 23 17 93 22 21 18 16 19 78 95 75 74 79 77 72 76 6  7  1  0  2  3  4  5  28 26 29 25 27 88 24 31 41 45 47 90 44 43 40 46 84 82 85 81 83 91 80 87 37 73 20 86 63 14 71 42 55 96 30 
54 53 55 48 49 50 51 52 64 70 65 69 71 98 68 67 14 13 10 8  11 15 9  94 37 34 32 35 39 33 92 38 62 61 58 56 59 63 57 97 18 21 17 19 93 16 23 20 95 74 73 78 76 79 75 77 1  96 5  4  0  7  2  6  30 24 88 29 28 25 31 26 47 42 46 40 90 45 44 41 80 85 83 86 82 84 91 81 36 72 22 87 60 12 66 43 89 3  27 
36 37 33 39 34 38 32 92 91 82 81 86 84 87 83 85 59 58 63 61 56 60 62 97 29 30 31 24 25 26 27 28 19 16 22 17 21 23 93 20 3  1  6  0  5  7  96 4  40 44 46 90 43 42 47 45 74 73 78 76 79 75 77 95 14 13 10 8  11 15 9  94 69 71 98 68 67 64 70 65 48 51 55 49 89 54 53 50 88 41 2  52 18 57 80 66 35 72 12 
58 97 57 62 60 63 59 61 31 27 29 88 26 25 30 28 77 75 78 74 76 95 73 72 20 18 21 17 19 93 16 23 46 44 47 43 45 90 42 41 68 64 66 98 71 70 67 65 53 54 55 48 49 50 51 52 91 85 84 81 87 82 86 80 2  7  5  1  4  6  96 3  33 34 35 36 37 38 39 32 9  14 12 15 11 13 94 10 22 89 69 8  40 79 24 92 56 83 0  
15 10 13 8  12 14 94 11 32 92 37 36 33 39 34 38 3  6  2  4  96 0  1  5  63 57 97 62 61 58 56 59 74 76 95 73 72 77 75 78 45 46 47 40 41 42 43 44 87 81 91 86 85 82 80 83 65 64 69 67 70 66 68 98 18 17 22 20 23 19 21 93 54 55 48 49 50 51 52 53 29 26 24 27 31 25 88 30 60 84 90 28 79 7  35 89 9  71 16 
89 55 52 51 48 54 49 53 68 65 71 66 70 64 98 69 15 11 13 94 10 9  14 12 33 39 34 38 32 92 37 36 59 97 56 63 60 58 61 57 19 18 23 21 16 20 22 93 73 72 77 75 78 74 76 95 3  2  7  5  1  4  6  96 25 28 24 26 88 31 30 27 43 44 45 46 47 40 41 42 85 86 87 80 81 82 83 84 35 79 17 91 62 8  67 90 50 0  29 
90 44 41 40 45 43 46 42 6  3  0  4  1  2  96 7  89 53 52 49 55 50 54 48 70 64 98 69 68 65 71 66 37 38 39 32 33 34 35 36 31 25 88 30 29 26 24 27 63 60 58 61 57 59 97 56 15 13 8  12 14 94 11 10 85 84 81 87 82 86 80 91 20 21 22 23 16 17 18 19 95 73 72 77 75 78 74 76 67 62 28 79 92 51 5  93 47 9  83 
27 30 25 28 24 26 88 31 53 89 50 49 54 52 55 51 21 22 23 16 17 18 19 20 14 13 10 8  11 15 9  94 4  96 0  1  5  3  6  2  75 78 74 76 95 73 72 77 70 67 65 68 64 66 98 71 90 41 40 45 43 46 42 44 57 62 60 63 59 61 97 58 87 80 81 82 83 84 85 86 37 33 35 92 32 39 36 34 12 69 79 38 7  93 48 91 29 47 56 
23 16 20 18 21 17 19 93 13 14 15 8  9  10 11 12 46 90 43 42 47 45 40 44 7  1  0  2  3  4  5  6  68 71 67 69 98 66 65 70 91 87 86 83 81 84 80 82 38 34 36 92 33 32 37 35 49 54 52 55 51 53 89 50 73 78 76 79 75 77 95 74 28 29 30 31 24 25 26 27 60 62 97 59 58 63 61 56 96 39 85 57 64 41 94 88 22 48 72 
83 85 86 82 84 91 81 80 44 47 43 45 90 42 41 46 29 30 31 24 25 26 27 28 89 53 52 49 55 50 54 48 12 13 14 15 8  9  10 11 97 61 60 57 63 58 62 56 3  7  0  96 6  5  2  1  16 19 23 17 93 22 21 18 32 36 38 92 35 34 39 37 77 78 79 72 73 74 75 76 70 65 69 71 98 68 67 64 51 4  59 66 94 88 40 95 87 20 33 
6  5  7  1  0  2  3  4  60 97 57 56 61 59 62 58 98 67 66 71 69 64 68 70 75 74 79 77 72 76 78 95 83 84 85 86 87 80 81 82 48 49 50 51 52 53 54 55 31 26 30 24 88 29 28 25 34 36 92 33 32 37 35 38 46 90 43 42 47 45 40 44 11 8  14 9  13 15 94 12 18 19 20 21 22 23 16 17 73 27 89 93 91 65 63 10 96 39 41 
98 69 66 65 70 68 71 67 72 76 78 95 75 74 79 77 34 35 36 37 38 39 32 33 86 82 84 91 81 80 85 83 29 28 25 31 26 30 24 88 12 94 9  8  13 11 14 10 19 20 21 22 23 16 17 18 61 62 63 56 57 58 59 60 49 89 54 53 50 48 51 55 6  7  1  0  2  3  4  5  41 42 43 44 45 46 47 40 87 93 15 90 27 92 73 96 64 97 52 
76 79 74 77 73 75 95 72 22 21 18 16 19 23 17 93 80 81 82 83 84 85 86 87 42 46 40 90 45 44 41 47 50 51 52 53 54 55 48 49 35 36 37 38 39 32 33 34 11 14 10 12 94 9  8  13 30 88 27 26 31 29 24 28 69 70 71 64 65 66 67 68 61 62 63 56 57 58 59 60 2  6  1  96 5  4  0  7  43 15 92 3  89 91 20 97 78 25 98 
