3  91 2  7  5  1  4  6  84 85 86 87 80 81 82 83 96 54 53 50 48 51 55 49 68 66 69 65 67 92 64 71 25 27 93 24 31 28 26 29 73 78 76 79 75 77 94 74 59 60 61 62 63 56 57 58 9  11 90 8  15 12 10 13 45 95 42 41 46 44 47 43 98 19 18 23 21 16 20 22 32 33 34 35 36 37 38 39 97 14 88 0  40 70 17 72 89 30 52 
0  2  6  4  7  3  5  91 80 83 87 81 88 86 85 82 52 55 51 53 96 50 49 54 69 70 71 64 65 66 67 68 24 25 26 27 28 29 30 31 77 75 78 74 76 94 73 72 57 61 63 89 60 59 56 62 90 14 13 10 8  11 15 9  42 40 43 47 41 95 46 45 17 20 16 18 98 23 22 19 38 34 36 97 33 32 37 35 39 12 84 1  44 92 21 79 58 93 48 
91 7  4  3  1  6  0  5  86 88 83 82 87 85 80 84 49 51 96 48 55 52 50 53 65 68 64 66 92 71 70 67 26 93 31 30 27 25 28 24 75 74 79 77 72 76 78 94 89 57 56 61 59 62 58 60 8  9  10 11 12 13 14 15 41 45 47 95 44 43 40 46 22 16 98 21 20 17 23 18 97 38 37 34 32 35 39 33 36 90 81 2  42 69 19 73 63 29 54 
1  6  91 5  4  0  7  2  88 82 81 86 84 87 83 85 48 49 50 51 52 53 54 55 71 92 68 67 64 70 65 69 27 24 30 25 29 31 93 28 94 76 75 72 78 73 77 79 56 63 60 58 61 57 59 89 13 12 9  15 10 14 8  90 43 44 45 46 47 40 41 42 21 22 23 16 17 18 19 20 37 36 33 39 34 38 32 97 35 11 80 3  95 66 98 74 62 26 96 
7  3  0  91 6  5  2  1  83 81 84 80 82 88 87 86 53 52 49 55 50 54 48 96 66 65 70 68 71 67 69 92 28 31 27 29 93 26 25 30 72 94 77 76 73 79 74 78 63 58 62 56 89 61 60 57 11 8  14 9  13 15 90 12 95 41 40 45 43 46 42 44 18 17 22 20 23 19 21 98 36 39 35 37 97 34 33 38 32 10 85 4  47 64 16 75 59 24 51 
4  0  1  2  91 7  6  3  82 86 80 88 85 84 81 87 51 48 54 49 53 55 96 52 70 64 92 69 68 65 71 66 29 28 25 31 26 30 24 93 79 73 94 78 77 74 72 75 60 62 89 59 58 63 61 56 14 10 12 90 9  8  13 11 40 47 44 42 45 41 43 95 16 21 19 22 18 20 98 17 33 35 97 32 39 36 34 37 38 15 83 5  46 67 23 76 57 27 50 
2  4  5  0  3  91 1  7  87 84 82 85 81 83 88 80 54 50 52 96 49 48 53 51 64 69 67 70 66 68 92 65 30 26 28 93 25 24 29 27 76 72 74 94 79 78 75 73 58 56 59 63 57 89 62 61 10 90 15 14 11 9  12 8  47 42 46 40 95 45 44 41 19 23 17 98 22 21 18 16 39 37 32 36 38 97 35 34 33 13 86 6  43 71 20 77 60 31 55 
5  1  3  6  2  4  91 0  85 87 88 84 83 80 86 81 50 96 55 54 51 49 52 48 92 67 66 71 69 64 68 70 31 29 24 28 30 93 27 26 74 77 73 75 94 72 79 76 61 89 58 57 62 60 63 59 12 15 11 13 90 10 9  14 44 46 95 43 42 47 45 40 23 98 20 19 16 22 17 21 34 97 39 38 35 33 36 32 37 8  82 7  41 65 18 78 56 25 53 
65 66 70 68 71 67 69 92 10 9  14 12 15 11 13 90 34 32 35 39 33 97 38 37 80 82 88 87 86 83 81 84 95 44 43 40 46 41 45 47 56 58 89 63 62 59 57 60 0  5  7  91 4  3  1  6  52 51 48 54 49 53 55 96 94 74 73 78 76 79 75 77 24 93 29 28 25 31 26 30 19 21 98 18 17 22 20 23 16 50 8  64 72 85 27 61 2  42 36 
68 65 64 66 92 71 70 67 90 11 10 15 13 8  12 14 35 36 37 38 39 32 33 34 82 87 85 80 84 86 88 83 41 46 44 47 43 45 95 42 61 57 59 89 56 63 60 58 4  6  91 3  2  7  5  1  51 54 50 52 96 49 48 53 74 78 72 94 77 76 73 79 29 27 30 26 28 93 25 24 17 23 18 22 16 98 21 20 19 55 9  69 75 81 31 62 0  40 97 
64 70 92 69 68 65 71 66 15 90 12 11 8  14 9  13 36 38 97 35 34 39 37 32 88 85 84 81 87 82 86 80 40 95 45 44 41 47 42 46 59 62 58 60 89 57 56 61 1  7  4  2  5  0  3  91 48 50 96 55 54 51 49 52 73 72 77 75 78 74 76 94 27 26 31 29 24 28 30 93 20 98 17 16 21 19 22 18 23 53 10 67 79 83 25 63 6  43 33 
66 68 69 65 67 92 64 71 14 8  90 13 12 9  15 10 37 97 34 33 38 36 39 35 87 80 81 82 83 84 85 86 45 43 46 42 44 95 41 40 62 60 63 59 61 89 58 57 2  1  3  7  0  91 6  5  54 52 55 51 53 96 50 49 78 94 75 74 79 77 72 76 30 31 24 25 26 27 28 29 16 20 22 98 19 18 23 21 17 48 11 70 73 88 93 56 4  47 32 
92 71 68 67 64 70 65 69 11 15 9  90 14 13 10 8  38 35 33 36 32 34 97 39 86 84 87 83 85 88 82 81 43 42 47 45 40 44 46 95 58 63 61 56 60 62 89 59 91 0  1  5  3  6  2  4  49 96 54 53 50 48 51 55 76 77 78 79 72 73 74 75 26 29 25 27 93 24 31 28 18 19 20 21 22 23 16 17 98 52 12 66 94 80 30 57 7  41 37 
71 67 65 92 70 69 66 64 9  12 8  10 90 15 14 11 39 34 38 32 97 37 36 33 83 86 82 84 88 81 80 85 46 47 40 41 42 43 44 45 60 59 56 62 57 61 63 89 7  2  6  1  91 5  4  0  53 49 51 96 48 55 52 50 79 76 74 77 73 75 94 72 28 24 26 93 31 30 27 25 98 16 23 20 18 21 17 19 22 54 13 68 78 87 29 58 3  95 35 
70 69 71 64 65 66 67 68 12 10 13 9  11 90 8  15 32 39 36 34 37 33 35 97 81 88 86 85 82 80 83 87 42 45 41 43 95 40 47 44 89 61 60 57 63 58 62 56 6  3  0  4  1  2  91 7  55 48 49 50 51 52 53 54 75 73 76 72 74 94 79 78 93 28 27 24 30 25 29 31 23 22 19 17 20 16 18 98 21 96 14 92 77 84 26 59 5  46 38 
67 92 66 71 69 64 68 70 8  13 11 14 10 12 90 9  33 37 39 97 36 35 32 38 84 83 80 86 81 85 87 88 44 40 42 95 47 46 43 41 57 89 62 61 58 56 59 63 3  4  5  6  7  1  0  2  96 53 52 49 55 50 54 48 77 79 94 76 75 72 78 73 25 30 28 31 27 29 93 26 22 17 21 23 98 20 19 16 18 51 15 65 74 82 24 60 91 45 34 
85 88 84 81 87 82 86 80 52 53 54 55 48 49 50 51 18 17 22 20 23 19 21 98 90 14 13 10 8  11 15 9  73 94 78 77 74 72 75 79 2  7  5  1  4  6  91 3  71 66 70 64 92 69 68 65 38 33 37 39 97 36 35 32 62 56 89 61 60 57 63 58 43 41 44 40 42 95 47 46 28 30 93 27 26 31 29 24 25 34 96 83 59 12 45 0  67 76 16 
88 81 86 85 82 80 83 87 54 96 51 50 55 53 48 52 98 19 18 23 21 16 20 22 10 90 15 14 11 9  12 8  75 78 74 76 94 73 72 77 4  3  1  6  0  5  7  91 67 68 69 70 71 64 65 66 39 38 35 33 36 32 34 97 61 62 63 56 57 58 59 60 46 95 43 42 47 45 40 44 25 29 31 93 28 27 24 30 26 37 49 84 89 13 41 2  92 79 17 
82 80 88 87 86 83 81 84 96 50 49 54 52 55 51 53 23 98 20 19 16 22 17 21 9  11 90 8  15 12 10 13 94 77 76 73 79 74 78 72 91 5  4  0  7  2  6  1  69 92 66 65 70 68 71 67 32 36 38 97 35 34 39 37 58 57 62 60 63 59 61 89 42 46 40 95 45 44 41 47 31 26 30 24 93 29 28 25 27 33 48 85 56 14 43 3  64 75 18 
81 85 83 88 80 87 84 82 51 49 52 48 50 96 55 54 22 16 98 21 20 17 23 18 14 10 12 90 9  8  13 11 72 74 94 79 78 75 73 76 0  91 6  5  2  1  3  7  92 65 64 69 67 70 66 68 33 39 34 38 32 97 37 36 56 61 59 62 58 60 89 57 44 45 46 47 40 41 42 43 26 24 27 31 25 93 30 29 28 35 53 86 63 15 95 4  71 77 19 
86 83 82 84 88 81 80 85 50 54 48 96 53 52 49 55 19 23 17 98 22 21 18 16 12 15 11 13 90 10 9  14 79 72 73 74 75 76 77 78 1  2  91 7  6  3  0  4  66 64 67 71 65 92 70 69 34 35 36 37 38 39 32 33 59 63 57 89 62 61 58 56 95 42 41 46 44 47 43 45 30 27 25 28 24 26 93 31 29 97 51 87 60 8  40 5  68 94 20 
84 86 87 83 85 88 82 81 55 52 50 53 49 51 96 48 17 20 16 18 98 23 22 19 15 13 8  12 14 90 11 10 76 75 72 78 73 77 79 94 5  0  3  91 1  7  4  2  65 69 71 92 68 67 64 70 35 37 97 34 33 38 36 39 63 89 60 59 56 62 57 61 41 40 45 43 46 42 44 95 24 31 28 26 29 25 27 93 30 32 54 80 58 9  47 6  66 74 21 
87 82 85 80 84 86 88 83 53 55 96 52 51 48 54 49 20 18 21 17 19 98 16 23 11 8  14 9  13 15 90 12 74 79 77 72 76 78 94 75 3  6  2  4  91 0  1  5  70 67 65 68 64 66 92 71 36 97 33 32 37 35 38 34 57 60 56 58 89 63 62 59 40 43 47 41 95 46 45 42 93 25 24 29 27 30 26 28 31 39 50 81 61 10 44 7  69 73 22 
83 84 80 86 81 85 87 88 48 51 55 49 96 54 53 50 16 21 19 22 18 20 98 17 13 12 9  15 10 14 8  90 77 73 75 94 72 79 76 74 6  4  7  3  5  91 2  0  68 70 92 67 66 71 69 64 37 34 32 35 39 33 97 38 89 59 58 63 61 56 60 62 45 47 95 44 43 40 46 41 29 93 26 25 30 28 31 27 24 36 52 82 57 11 42 1  65 78 23 
16 17 21 19 22 18 20 98 42 95 47 46 43 41 44 40 62 63 56 57 58 59 60 61 26 25 30 28 31 27 29 93 84 88 81 80 85 83 86 82 52 49 55 50 54 48 96 53 33 35 97 32 39 36 34 37 76 77 78 79 72 73 74 75 13 12 9  15 10 14 8  90 68 64 66 92 71 70 67 65 4  6  91 3  2  7  5  1  0  94 45 23 11 24 69 51 38 87 89 
18 98 17 22 20 23 19 21 45 44 41 47 42 46 40 95 58 61 57 59 89 56 63 60 93 27 26 31 29 24 28 30 88 80 87 84 82 85 81 83 96 55 54 51 49 52 48 50 36 39 35 37 97 34 33 38 75 73 76 72 74 94 79 78 90 14 13 10 8  11 15 9  71 65 92 70 69 66 64 67 7  2  6  1  91 5  4  0  3  77 43 16 12 25 68 53 32 86 62 
98 22 19 18 23 21 16 20 41 43 95 40 47 44 42 45 60 56 58 89 63 62 59 57 31 93 28 27 24 30 25 29 81 87 82 86 80 88 85 84 49 50 51 52 53 54 55 48 32 33 34 35 36 37 38 39 72 75 79 73 94 78 77 74 10 90 15 14 11 9  12 8  67 66 71 69 64 68 70 92 3  4  5  6  7  1  0  2  91 76 46 17 13 26 65 96 97 83 61 
23 21 98 20 19 16 22 17 43 40 46 41 45 47 95 44 89 60 59 56 62 57 61 63 30 24 93 29 28 25 31 26 80 84 86 88 83 82 87 85 48 54 49 53 55 96 52 51 34 97 39 38 35 33 36 32 78 94 75 74 79 77 72 76 9  11 90 8  15 12 10 13 69 67 70 66 68 92 65 64 5  91 2  0  6  4  7  3  1  73 42 18 14 27 71 50 37 81 58 
22 18 16 98 21 20 17 23 95 46 45 42 40 43 47 41 57 62 60 63 59 61 89 58 27 31 25 93 30 29 26 24 85 82 80 83 87 81 88 86 53 48 52 54 96 51 50 55 97 38 37 34 32 35 39 33 73 72 77 75 78 74 76 94 14 10 12 90 9  8  13 11 92 68 67 64 70 65 69 71 91 0  1  5  3  6  2  4  7  79 44 19 15 28 66 49 36 84 56 
19 16 23 17 98 22 21 18 40 41 42 43 44 45 46 47 56 89 61 60 57 63 58 62 25 28 24 26 93 31 30 27 83 85 88 82 81 86 84 87 51 96 48 55 52 50 53 49 39 37 32 36 38 97 35 34 77 79 94 76 75 72 78 73 12 15 11 13 90 10 9  14 66 69 65 67 92 64 71 68 2  1  3  7  0  91 6  5  4  74 95 20 8  29 70 54 33 80 59 
17 19 20 16 18 98 23 22 47 45 40 44 46 95 43 42 61 59 62 58 60 89 57 56 28 26 29 25 27 93 24 31 86 81 85 87 88 84 83 80 54 53 50 48 51 55 49 96 38 34 36 97 33 32 37 35 79 76 74 77 73 75 94 72 15 13 8  12 14 90 11 10 65 70 68 71 67 69 92 66 0  5  7  91 4  3  1  6  2  78 41 21 9  30 64 52 39 82 63 
20 23 18 21 17 19 98 16 44 47 43 45 95 42 41 46 59 58 63 61 56 60 62 89 24 29 27 30 26 28 93 25 82 83 84 85 86 87 80 81 50 52 96 49 48 53 51 54 35 32 38 33 37 39 97 36 94 74 73 78 76 79 75 77 11 8  14 9  13 15 90 12 70 71 64 65 66 67 68 69 6  3  0  4  1  2  91 7  5  72 40 22 10 31 92 55 34 88 57 
79 77 94 76 75 72 78 73 91 1  7  4  2  5  0  3  87 85 80 84 86 88 83 82 89 59 58 63 61 56 60 62 34 33 38 36 39 35 37 97 93 29 28 25 31 26 30 24 45 40 44 46 95 43 42 47 64 69 67 70 66 68 92 65 22 98 19 18 23 21 16 20 52 55 51 53 96 50 49 54 10 13 9  11 90 8  15 12 14 71 6  74 17 57 48 27 41 32 81 
78 74 72 94 77 76 73 79 0  7  2  6  1  91 5  4  88 86 85 82 80 83 87 81 57 60 56 58 89 63 62 59 97 35 34 39 37 32 36 38 25 93 30 29 26 24 27 31 40 46 41 45 47 95 44 43 71 92 68 67 64 70 65 69 17 16 21 19 22 18 20 98 50 96 55 54 51 49 52 48 13 11 14 10 12 90 9  8  15 66 3  75 23 61 53 28 42 33 84 
75 72 79 73 94 78 77 74 1  4  6  91 3  2  7  5  84 87 83 85 88 82 81 86 56 61 59 62 58 60 89 57 39 97 36 35 32 38 33 37 24 26 93 31 30 27 25 28 44 41 47 42 46 40 95 45 68 66 69 65 67 92 64 71 21 23 98 20 19 16 22 17 53 52 49 55 50 54 48 96 9  14 12 15 11 13 90 10 8  70 0  76 18 63 51 29 43 34 80 
73 75 76 72 74 94 79 78 5  2  1  3  7  0  91 6  83 80 86 81 85 87 88 84 61 62 63 56 57 58 59 60 38 32 97 37 36 33 39 34 29 25 27 93 24 31 28 26 46 45 42 40 43 47 41 95 66 65 70 68 71 67 69 92 23 20 18 21 17 19 98 16 49 51 96 48 55 52 50 53 11 10 15 13 8  12 14 90 9  64 4  77 22 89 54 30 44 35 82 
76 79 74 77 73 75 94 72 3  5  91 2  0  6  4  7  80 81 82 83 84 85 86 87 59 63 57 89 62 61 58 56 35 39 33 97 38 37 34 32 27 30 26 28 93 25 24 29 95 47 46 43 41 44 40 42 69 70 71 64 65 66 67 68 98 18 17 22 20 23 19 21 51 48 54 49 53 55 96 52 90 12 11 8  14 9  13 15 10 92 1  78 16 60 50 31 45 36 88 
72 73 77 75 78 74 76 94 6  0  5  7  91 4  3  1  86 82 84 88 81 80 85 83 62 56 89 61 60 57 63 58 33 36 32 34 97 39 38 35 30 28 31 27 29 93 26 25 43 95 40 47 44 42 45 41 65 68 64 66 92 71 70 67 20 21 22 23 16 17 18 19 96 54 53 50 48 51 55 49 8  90 13 12 9  15 10 14 11 69 2  79 98 59 52 24 46 37 87 
74 94 73 78 76 79 75 77 2  3  4  5  6  7  1  0  81 83 88 80 87 84 82 85 58 57 62 60 63 59 61 89 36 34 37 33 35 97 32 39 26 31 29 24 28 30 93 27 42 44 95 41 40 45 43 46 67 71 65 92 70 69 66 64 19 17 20 16 18 98 23 22 48 49 50 51 52 53 54 55 15 9  90 14 13 10 8  11 12 68 91 72 21 56 96 25 47 38 86 
94 78 75 74 79 77 72 76 4  91 0  1  5  3  6  2  85 84 81 87 82 86 80 88 60 58 61 57 59 89 56 63 32 37 35 38 34 36 97 33 28 27 24 30 25 29 31 93 47 43 45 95 42 41 46 44 92 67 66 71 69 64 68 70 16 19 23 17 98 22 21 18 55 53 48 52 54 96 51 50 12 8  10 90 15 14 11 9  13 65 7  73 20 62 49 26 40 39 83 
89 63 60 59 56 62 57 61 66 67 68 69 70 71 64 65 11 90 8  15 12 10 13 9  0  4  1  2  91 7  6  3  18 23 21 16 20 22 98 19 42 41 46 44 47 43 45 95 74 75 76 77 78 79 72 73 88 85 84 81 87 82 86 80 24 29 27 30 26 28 93 25 97 33 32 37 35 38 34 36 48 53 51 54 50 52 96 49 55 83 92 58 31 5  39 40 94 17 14 
56 62 89 61 60 57 63 58 67 69 92 66 65 70 68 71 15 11 13 90 10 9  14 12 7  91 4  3  1  6  0  5  20 19 16 22 17 21 23 98 95 43 42 47 45 40 44 46 76 94 73 72 77 75 78 74 82 87 85 80 84 86 88 83 28 26 29 25 27 93 24 31 37 97 34 33 38 36 39 35 51 55 49 96 54 53 50 48 52 81 64 59 30 2  32 41 79 18 8  
63 59 57 89 62 61 58 56 68 92 65 64 69 67 70 66 9  10 11 12 13 14 15 8  2  0  6  4  7  3  5  91 98 21 20 17 23 18 22 16 47 95 44 43 40 46 41 45 94 72 79 76 74 77 73 75 81 88 86 85 82 80 83 87 30 24 93 29 28 25 31 26 36 38 97 35 34 39 37 32 55 96 52 51 48 54 49 53 50 84 71 60 27 1  33 42 78 19 90 
60 57 56 58 89 63 62 59 69 66 64 67 71 65 92 70 90 15 14 11 9  12 8  10 6  1  91 5  4  0  7  2  17 98 22 21 18 16 19 23 46 40 95 45 44 41 47 42 73 79 74 78 72 94 77 76 86 84 87 83 85 88 82 81 93 27 26 31 29 24 28 30 33 37 39 97 36 35 32 38 49 52 48 50 96 55 54 51 53 80 68 61 25 3  34 43 75 20 13 
58 60 61 57 59 89 56 63 70 65 69 71 92 68 67 64 14 13 10 8  11 15 9  90 1  5  3  6  2  4  91 0  16 18 98 23 22 19 17 20 43 47 41 95 46 45 42 40 72 76 78 94 75 74 79 77 84 83 80 86 81 85 87 88 27 31 25 93 30 29 26 24 39 34 38 32 97 37 36 33 96 51 50 55 53 48 52 54 49 82 66 62 28 7  35 44 73 21 12 
61 56 59 62 58 60 89 57 71 70 67 65 68 64 66 92 13 8  12 14 90 11 10 15 91 3  2  7  5  1  4  6  21 17 19 98 16 23 20 18 41 44 40 42 95 47 46 43 77 74 72 75 79 73 94 78 87 80 81 82 83 84 85 86 26 25 30 28 31 27 29 93 34 32 35 39 33 97 38 37 54 48 96 53 52 49 55 50 51 88 69 63 24 0  36 45 76 22 9  
57 58 62 60 63 59 61 89 64 68 70 92 67 66 71 69 10 12 90 9  8  13 11 14 5  6  7  1  0  2  3  4  19 22 18 20 98 17 16 21 44 42 45 41 43 95 40 47 75 77 94 74 73 78 76 79 83 86 82 84 88 81 80 85 31 93 28 27 24 30 25 29 38 35 33 36 32 34 97 39 53 54 55 48 49 50 51 52 96 87 65 56 26 91 37 46 72 23 15 
59 89 58 63 61 56 60 62 65 71 66 70 64 92 69 68 8  14 9  13 15 90 12 11 4  2  5  0  3  91 1  7  22 20 23 19 21 98 18 17 40 45 43 46 42 44 95 41 78 73 77 79 94 76 75 72 85 81 83 88 80 87 84 82 29 30 31 24 25 26 27 28 32 39 36 34 37 33 35 97 50 49 54 52 55 51 53 96 48 86 67 57 93 6  38 47 74 16 10 
39 33 34 38 32 97 37 36 93 24 31 28 26 29 25 27 76 74 77 73 75 94 72 79 20 21 22 23 16 17 18 19 68 71 67 69 92 66 65 70 90 8  15 12 10 13 9  11 50 49 54 52 55 51 53 96 41 45 47 95 44 43 40 46 87 80 81 82 83 84 85 86 2  5  0  3  91 1  7  4  60 62 89 59 58 63 61 56 57 42 30 35 88 98 6  14 48 64 78 
34 37 32 35 39 33 97 38 28 93 25 24 29 27 30 26 74 73 78 76 79 75 77 94 18 22 16 98 21 20 17 23 64 65 66 67 68 69 70 71 15 14 11 9  12 8  10 90 96 51 50 55 53 48 52 54 40 47 44 42 45 41 43 95 85 81 83 88 80 87 84 82 5  3  6  2  4  91 0  1  56 63 60 58 61 57 59 89 62 46 31 36 86 19 7  13 49 92 72 
38 39 35 33 36 32 34 97 27 29 93 26 25 30 28 31 77 78 79 72 73 74 75 76 21 23 98 20 19 16 22 17 66 92 71 70 67 65 68 64 14 9  13 15 90 12 11 8  55 96 52 51 48 54 49 53 45 95 42 41 46 44 47 43 80 82 88 87 86 83 81 84 0  6  4  7  3  5  91 2  58 56 59 63 57 89 62 61 60 40 24 37 85 18 1  10 50 69 94 
32 97 39 36 34 37 33 35 24 28 30 93 27 26 31 29 73 76 72 74 94 79 78 75 17 16 21 19 22 18 20 98 92 70 69 66 64 67 71 65 11 13 90 10 9  14 12 15 54 48 96 53 52 49 55 50 43 44 45 46 47 40 41 42 84 83 80 86 81 85 87 88 3  2  7  5  1  4  6  91 89 57 56 61 59 62 58 60 63 95 25 38 82 23 0  8  51 68 77 
97 36 33 32 37 35 38 34 30 25 29 31 93 28 27 24 75 79 73 94 78 77 74 72 19 17 20 16 18 98 23 22 71 69 64 68 70 92 67 66 9  15 10 14 8  90 13 12 51 55 49 96 54 53 50 48 46 43 41 44 40 42 95 47 86 84 87 83 85 88 82 81 91 4  3  1  6  0  5  7  63 58 62 56 89 61 60 57 59 45 26 39 80 21 2  11 52 65 76 
37 35 97 34 33 38 36 39 25 31 26 30 24 93 29 28 94 75 74 79 77 72 76 78 98 18 17 22 20 23 19 21 70 66 68 92 65 64 69 67 12 90 9  8  13 11 14 10 49 52 48 50 96 55 54 51 42 40 43 47 41 95 46 45 88 85 84 81 87 82 86 80 1  91 5  4  0  7  2  6  62 59 57 60 56 58 89 63 61 44 27 32 83 16 3  15 53 71 73 
36 32 38 97 35 34 39 37 29 26 24 27 31 25 93 30 72 77 75 78 74 76 94 73 16 19 23 17 98 22 21 18 67 64 70 65 69 71 92 68 8  12 14 90 11 10 15 13 52 50 53 49 51 96 48 55 44 46 95 43 42 47 45 40 83 86 82 84 88 81 80 85 7  0  91 6  5  2  1  3  59 60 61 62 63 56 57 58 89 41 28 33 87 20 4  9  54 66 79 
33 38 37 39 97 36 35 32 31 30 27 25 28 24 26 93 79 94 76 75 72 78 73 77 23 20 18 21 17 19 98 16 65 67 92 64 71 68 66 69 10 11 12 13 14 15 8  9  48 53 51 54 50 52 96 49 95 41 40 45 43 46 42 44 82 87 85 80 84 86 88 83 4  1  2  91 7  6  3  0  57 61 63 89 60 59 56 62 58 47 29 34 81 22 5  90 55 70 74 
25 26 30 28 31 27 29 93 76 73 79 74 78 72 94 77 4  1  2  91 7  6  3  0  41 45 47 95 44 43 40 46 9  13 15 90 12 11 8  14 38 97 35 34 39 37 32 36 22 17 21 23 98 20 19 16 58 57 62 60 63 59 61 89 54 52 55 51 53 96 50 49 81 83 88 80 87 84 82 85 92 65 64 69 67 70 66 68 71 56 75 24 48 42 86 33 18 10 5  
27 93 26 31 29 24 28 30 75 94 72 79 76 74 77 73 7  0  91 6  5  2  1  3  46 43 41 44 40 42 95 47 13 90 10 9  14 12 15 11 32 35 39 33 97 38 37 34 20 98 17 16 21 19 22 18 89 59 58 63 61 56 60 62 49 96 54 53 50 48 51 55 87 85 80 84 86 88 83 82 70 67 65 68 64 66 92 71 69 57 78 25 52 45 81 36 23 8  4  
93 31 28 27 24 30 25 29 72 78 73 77 79 94 76 75 3  2  7  5  1  4  6  91 44 46 95 43 42 47 45 40 15 10 14 8  90 13 12 9  97 34 33 38 36 39 35 37 23 22 19 17 20 16 18 98 63 89 60 59 56 62 57 61 53 49 51 96 48 55 52 50 82 88 87 86 83 81 84 80 69 92 66 65 70 68 71 67 64 58 74 26 54 41 85 32 21 11 0  
24 30 93 29 28 25 31 26 78 77 74 72 75 79 73 94 5  3  6  2  4  91 0  1  47 42 46 40 95 45 44 41 90 9  8  13 11 14 10 12 37 39 97 36 35 32 38 33 19 21 98 18 17 22 20 23 62 56 89 61 60 57 63 58 55 48 49 50 51 52 53 54 86 82 84 88 81 80 85 83 66 64 67 71 65 92 70 69 68 59 76 27 96 43 87 34 16 15 7  
31 27 25 93 30 29 26 24 73 74 75 76 77 78 79 72 91 4  3  1  6  0  5  7  43 44 45 46 47 40 41 42 12 14 90 11 10 15 13 8  36 37 38 39 32 33 34 35 21 18 16 19 23 17 98 22 59 63 57 89 62 61 58 56 96 53 52 49 55 50 54 48 80 81 82 83 84 85 86 87 64 71 68 66 69 65 67 92 70 60 94 28 51 95 88 97 20 9  2  
28 25 24 26 93 31 30 27 77 72 76 78 94 75 74 79 2  5  0  3  91 1  7  4  45 95 42 41 46 44 47 43 11 12 13 14 15 8  9  10 33 32 37 35 38 34 36 97 98 16 23 20 18 21 17 19 57 60 56 58 89 63 62 59 52 51 48 54 49 53 55 96 88 86 85 82 80 83 87 81 67 68 69 70 71 64 65 66 92 61 73 29 50 40 84 39 22 90 6  
26 28 29 25 27 93 24 31 79 75 77 94 74 73 78 76 0  6  4  7  3  5  91 2  95 41 40 45 43 46 42 44 8  15 12 10 13 9  11 90 39 36 34 37 33 35 97 32 18 19 20 21 22 23 16 17 60 58 61 57 59 89 56 63 51 54 50 52 96 49 48 53 85 84 81 87 82 86 80 88 71 66 70 64 92 69 68 65 67 62 72 30 55 47 83 38 98 14 1  
29 24 27 30 26 28 93 25 94 79 78 75 73 76 72 74 6  7  1  0  2  3  4  5  42 40 43 47 41 95 46 45 14 11 9  12 8  10 90 15 34 38 32 97 37 36 33 39 17 23 18 22 16 98 21 20 56 61 59 62 58 60 89 57 48 50 96 55 54 51 49 52 84 87 83 85 88 82 81 86 65 69 71 92 68 67 64 70 66 63 77 31 53 44 80 35 19 13 91 
51 52 48 54 49 53 55 96 22 21 18 16 19 23 17 98 47 44 42 45 41 43 95 40 32 36 38 97 35 34 39 37 6  2  4  91 0  1  5  3  87 83 85 88 82 81 86 84 90 12 11 8  14 9  13 15 31 93 28 27 24 30 25 29 66 65 70 68 71 67 69 92 62 63 56 57 58 59 60 61 79 78 75 73 76 72 74 94 77 26 20 50 64 33 89 80 10 7  46 
53 96 52 49 55 50 54 48 20 17 23 18 22 16 98 21 41 40 45 43 46 42 44 95 37 34 32 35 39 33 97 38 2  91 7  6  3  0  4  1  86 85 82 80 83 87 81 88 9  14 12 15 11 13 90 10 29 30 31 24 25 26 27 28 92 67 66 71 69 64 68 70 58 61 57 59 89 56 63 60 72 76 78 94 75 74 79 77 73 93 19 51 65 36 62 84 8  5  47 
96 49 54 53 50 48 51 55 23 19 21 98 18 17 22 20 95 42 41 46 44 47 43 45 35 37 97 34 33 38 36 39 4  7  3  5  91 2  0  6  83 88 80 87 84 82 85 81 8  90 13 12 9  15 10 14 24 29 27 30 26 28 93 25 71 92 68 67 64 70 65 69 60 56 58 89 63 62 59 57 73 79 74 78 72 94 77 76 75 31 16 52 66 32 61 86 11 1  40 
50 48 96 55 54 51 49 52 19 98 16 23 20 18 21 17 46 95 43 42 47 45 40 44 38 33 37 39 97 36 35 32 91 6  5  2  1  3  7  0  81 82 83 84 85 86 87 80 13 11 14 10 12 90 9  8  28 26 29 25 27 93 24 31 70 64 92 69 68 65 71 66 89 60 59 56 62 57 61 63 74 75 76 77 78 79 72 73 94 30 22 53 67 34 58 88 15 4  41 
49 53 51 96 48 55 52 50 21 16 20 22 98 19 18 23 45 47 95 44 43 40 46 41 34 35 36 37 38 39 32 33 0  3  91 1  7  4  2  5  84 81 87 82 86 80 88 85 11 10 15 13 8  12 14 90 30 24 93 29 28 25 31 26 67 71 65 92 70 69 66 64 57 62 60 63 59 61 89 58 75 77 94 74 73 78 76 79 72 27 17 54 68 97 56 83 9  6  42 
54 51 50 52 96 49 48 53 98 23 22 19 17 20 16 18 42 46 40 95 45 44 41 47 36 97 33 32 37 35 38 34 1  0  2  3  4  5  6  7  80 86 81 85 87 88 84 83 14 15 8  9  10 11 12 13 93 27 26 31 29 24 28 30 65 68 64 66 92 71 70 67 56 89 61 60 57 63 58 62 76 94 73 72 77 75 78 74 79 25 21 55 69 39 59 82 90 91 43 
52 54 55 51 53 96 50 49 18 20 98 17 16 21 19 22 40 43 47 41 95 46 45 42 97 32 39 36 34 37 33 35 5  4  0  7  2  6  1  91 82 84 88 81 80 85 83 86 10 13 9  11 90 8  15 12 27 31 25 93 30 29 26 24 68 66 69 65 67 92 64 71 61 59 62 58 60 89 57 56 77 74 72 75 79 73 94 78 76 28 23 48 70 38 63 87 14 3  44 
55 50 53 48 52 54 96 51 17 18 19 20 21 22 23 16 43 41 44 40 42 95 47 46 33 39 34 38 32 97 37 36 3  1  6  0  5  7  91 4  88 87 86 83 81 84 80 82 12 8  10 90 15 14 11 9  26 25 30 28 31 27 29 93 64 69 67 70 66 68 92 65 59 58 63 61 56 60 62 89 78 73 77 79 94 76 75 72 74 24 98 49 71 35 57 85 13 2  45 
14 90 13 10 8  11 15 9  32 34 97 39 38 35 33 36 31 25 93 30 29 26 24 27 55 48 49 50 51 52 53 54 62 58 60 89 57 56 61 59 64 66 92 71 70 67 65 68 86 80 88 85 84 81 87 82 23 20 18 21 17 19 98 16 7  91 4  3  1  6  0  5  74 73 78 76 79 75 77 94 95 47 46 43 41 44 40 42 45 22 37 12 2  96 72 69 83 63 28 
90 10 15 14 11 9  12 8  97 37 36 33 39 34 38 32 27 26 31 29 24 28 30 93 50 55 53 48 52 54 96 51 61 60 57 63 58 62 56 89 70 68 71 67 69 92 66 65 83 87 81 88 86 85 82 80 21 23 98 20 19 16 22 17 3  7  0  91 6  5  2  1  94 75 74 79 77 72 76 78 45 40 44 46 95 43 42 47 41 18 35 13 4  49 73 64 84 59 25 
11 9  90 8  15 12 10 13 37 33 35 97 32 39 36 34 29 27 30 26 28 93 25 24 54 52 55 51 53 96 50 49 58 89 63 62 59 57 60 56 65 92 70 69 66 64 67 71 81 84 80 82 88 87 86 83 16 19 23 17 98 22 21 18 5  6  7  1  0  2  3  4  79 94 76 75 72 78 73 77 44 41 47 42 46 40 95 45 43 20 38 14 91 48 74 68 85 61 31 
10 14 12 90 9  8  13 11 36 35 32 38 33 37 39 97 93 28 27 24 30 25 29 31 48 50 96 55 54 51 49 52 56 57 58 59 60 61 62 63 69 65 67 92 64 71 68 66 84 82 85 81 83 88 80 87 20 21 22 23 16 17 18 19 91 3  2  7  5  1  4  6  78 72 94 77 76 73 79 74 41 42 43 44 45 46 47 40 95 98 34 15 0  53 75 70 86 89 26 
15 12 11 13 90 10 9  14 33 97 38 37 34 32 35 39 26 29 25 27 93 24 31 28 96 53 52 49 55 50 54 48 59 56 62 57 61 63 89 60 71 64 65 66 67 68 69 70 80 85 83 86 82 84 88 81 22 98 19 18 23 21 16 20 2  0  6  4  7  3  5  91 75 79 73 94 78 77 74 72 47 43 45 95 42 41 46 44 40 17 36 8  1  51 76 92 87 58 30 
13 15 8  12 14 90 11 10 39 32 33 34 35 36 37 38 25 30 28 31 27 29 93 26 53 49 51 96 48 55 52 50 63 61 56 60 62 89 59 58 92 69 68 65 71 66 70 64 82 81 86 84 87 83 85 88 98 18 17 22 20 23 19 21 0  4  1  2  91 7  6  3  73 76 72 74 94 79 78 75 42 44 95 41 40 45 43 46 47 16 97 9  5  54 77 67 80 57 24 
8  11 14 9  13 15 90 12 34 39 37 32 36 38 97 35 30 31 24 25 26 27 28 29 52 51 48 54 49 53 55 96 57 59 89 56 63 60 58 61 68 67 64 70 65 69 71 92 88 83 82 87 85 80 84 86 19 17 20 16 18 98 23 22 6  1  91 5  4  0  7  2  76 74 77 73 75 94 72 79 46 45 42 40 43 47 41 95 44 21 33 10 3  50 78 66 81 62 93 
12 13 9  15 10 14 8  90 38 36 39 35 37 97 34 33 28 24 26 93 31 30 27 25 49 96 54 53 50 48 51 55 89 62 61 58 56 59 63 57 67 70 66 68 92 65 64 69 87 88 84 83 80 86 81 85 18 22 16 98 21 20 17 23 4  2  5  0  3  91 1  7  72 77 75 78 74 76 94 73 40 46 41 45 47 95 44 43 42 19 32 11 6  52 79 71 82 60 29 
42 47 46 40 95 45 44 41 60 89 57 56 61 59 62 58 92 68 67 64 70 65 69 71 72 75 79 73 94 78 77 74 55 54 51 49 52 48 50 96 18 21 17 19 98 16 23 20 31 26 30 24 93 29 28 25 3  7  0  91 6  5  2  1  39 38 35 33 36 32 34 97 15 11 13 90 10 9  14 12 82 81 86 84 87 83 85 88 80 4  63 43 37 76 8  22 27 53 66 
46 44 95 43 42 47 45 40 56 60 62 89 59 58 63 61 68 64 66 92 71 70 67 65 77 79 94 76 75 72 78 73 53 50 48 51 55 49 96 54 17 22 20 23 19 21 98 18 25 29 31 93 28 27 24 30 2  0  6  4  7  3  5  91 34 35 36 37 38 39 32 33 11 90 8  15 12 10 13 9  88 83 82 87 85 80 84 86 81 1  57 41 97 74 14 16 26 52 69 
40 42 43 47 41 95 46 45 58 59 60 61 62 63 56 57 67 66 71 69 64 68 70 92 75 73 76 72 74 94 79 78 48 52 54 96 51 50 55 53 22 23 16 17 18 19 20 21 93 25 24 29 27 30 26 28 7  91 4  3  1  6  0  5  38 33 37 39 97 36 35 32 13 8  12 14 90 11 10 15 87 88 84 83 80 86 81 85 82 2  89 44 34 77 9  98 31 49 65 
95 45 42 41 46 44 47 43 89 56 63 60 58 61 57 59 64 92 69 68 65 71 66 70 78 94 75 74 79 77 72 76 52 96 49 48 53 51 54 50 20 16 18 98 23 22 19 17 30 27 25 28 24 26 93 31 5  6  7  1  0  2  3  4  32 36 38 97 35 34 39 37 90 15 14 11 9  12 8  10 86 80 88 85 84 81 87 82 83 91 62 40 33 73 13 21 29 55 67 
45 41 47 95 44 43 40 46 63 62 59 57 60 56 58 89 70 71 64 65 66 67 68 69 74 78 72 94 77 76 73 79 54 49 53 55 96 52 51 48 23 17 98 22 21 18 16 19 29 93 26 25 30 28 31 27 1  5  3  6  2  4  91 0  97 32 39 36 34 37 33 35 10 12 90 9  8  13 11 14 83 87 81 88 86 85 82 80 84 7  61 42 38 75 15 20 24 50 92 
44 43 45 46 47 40 41 42 62 57 61 63 89 60 59 56 65 70 68 71 67 69 92 66 76 77 78 79 72 73 74 75 96 48 55 52 50 53 49 51 19 18 23 21 16 20 22 98 26 24 27 31 25 93 30 29 4  2  5  0  3  91 1  7  37 34 32 35 39 33 97 38 9  10 11 12 13 14 15 8  81 84 80 82 88 87 86 83 85 6  58 95 36 94 90 17 28 54 64 
41 95 40 45 43 46 42 44 59 61 89 58 57 62 60 63 69 67 70 66 68 92 65 64 94 74 73 78 76 79 75 77 51 53 96 50 49 54 52 55 21 19 22 18 20 98 17 16 24 31 28 26 29 25 27 93 6  1  91 5  4  0  7  2  36 97 33 32 37 35 38 34 14 13 10 8  11 15 9  90 84 82 85 81 83 88 80 87 86 3  56 47 39 72 12 23 30 48 71 
47 40 44 42 45 41 43 95 57 63 58 62 56 89 61 60 71 65 92 70 69 66 64 67 73 72 77 75 78 74 76 94 50 51 52 53 54 55 48 49 98 20 19 16 22 17 21 23 27 28 29 30 31 24 25 26 91 3  2  7  5  1  4  6  33 39 34 38 32 97 37 36 12 9  15 10 14 8  90 13 80 85 83 86 82 84 88 81 87 0  59 46 35 79 11 18 93 96 68 
43 46 41 44 40 42 95 47 61 58 56 59 63 57 89 62 66 69 65 67 92 64 71 68 79 76 74 77 73 75 94 72 49 55 50 54 48 96 53 52 16 98 21 20 17 23 18 22 28 30 93 27 26 31 29 24 0  4  1  2  91 7  6  3  35 37 97 34 33 38 36 39 8  14 9  13 15 90 12 11 85 86 87 80 81 82 83 84 88 5  60 45 32 78 10 19 25 51 70 
30 29 31 24 25 26 27 28 74 76 94 73 72 77 75 78 1  91 5  4  0  7  2  6  40 47 44 42 45 41 43 95 10 8  11 15 9  90 14 13 35 33 36 32 34 97 39 38 16 20 22 98 19 18 23 21 61 62 63 56 57 58 59 60 50 55 53 48 52 54 96 51 83 80 86 81 85 87 88 84 68 70 92 67 66 71 69 64 65 89 79 93 49 46 82 37 17 12 3  
69 64 67 70 66 68 92 65 13 14 15 8  9  10 11 12 97 33 32 37 35 38 34 36 85 81 83 88 80 87 84 82 47 41 95 46 45 42 40 43 63 56 57 58 59 60 61 62 5  91 2  0  6  4  7  3  50 55 53 48 52 54 96 51 72 75 79 73 94 78 77 74 31 25 93 30 29 26 24 27 21 18 16 19 23 17 98 22 20 49 90 71 76 86 28 89 1  44 39 
6  5  7  1  0  2  3  4  81 80 85 83 86 82 84 88 55 53 48 52 54 96 51 50 67 71 65 92 70 69 66 64 93 30 29 26 24 27 31 25 78 79 72 73 74 75 76 77 62 59 57 60 56 58 89 63 15 13 8  12 14 90 11 10 46 43 41 44 40 42 95 47 20 18 21 17 19 98 16 23 35 32 38 33 37 39 97 36 34 9  87 91 45 68 22 94 61 28 49 
48 55 49 50 51 52 53 54 16 22 17 21 23 98 20 19 44 45 46 47 40 41 42 43 39 38 35 33 36 32 34 97 7  5  1  4  6  91 3  2  85 80 84 86 88 83 82 87 15 9  90 14 13 10 8  11 25 28 24 26 93 31 30 27 69 70 71 64 65 66 67 68 63 57 89 62 61 58 56 59 94 72 79 76 74 77 73 75 78 29 18 96 92 37 60 81 12 0  95 
21 20 22 23 16 17 18 19 46 42 44 95 41 40 45 43 63 57 89 62 61 58 56 59 29 30 31 24 25 26 27 28 87 86 83 81 84 80 82 88 55 51 53 96 50 49 54 52 37 36 33 39 34 38 32 97 74 78 72 94 77 76 73 79 8  9  10 11 12 13 14 15 64 92 69 68 65 71 66 70 1  7  4  2  5  0  3  91 6  75 47 98 90 93 67 48 35 85 60 
9  8  10 11 12 13 14 15 35 38 34 36 97 33 32 37 24 93 29 28 25 31 26 30 51 54 50 52 96 49 48 53 60 63 59 61 89 58 57 62 66 71 69 64 68 70 92 67 85 86 87 80 81 82 83 84 17 16 21 19 22 18 20 98 1  5  3  6  2  4  91 0  77 78 79 72 73 74 75 76 43 95 40 47 44 42 45 41 46 23 39 90 7  55 94 65 88 56 27 
62 61 63 56 57 58 59 60 92 64 71 68 66 69 65 67 12 9  15 10 14 8  90 13 3  7  0  91 6  5  2  1  23 16 17 18 19 20 21 22 45 46 47 40 41 42 43 44 79 78 75 73 76 72 74 94 80 82 88 87 86 83 81 84 25 28 24 26 93 31 30 27 35 36 37 38 39 32 33 34 52 50 53 49 51 96 48 55 54 85 70 89 29 4  97 95 77 98 11 
35 34 36 37 38 39 32 33 26 27 28 29 30 31 24 25 78 72 94 77 76 73 79 74 22 98 19 18 23 21 16 20 69 68 65 71 66 70 64 92 13 10 8  11 15 9  90 14 53 54 55 48 49 50 51 52 47 42 46 40 95 45 44 41 81 88 86 85 82 80 83 87 6  7  1  0  2  3  4  5  61 89 58 57 62 60 63 59 56 43 93 97 84 17 91 12 96 67 75 
77 76 78 79 72 73 74 75 7  6  3  0  4  1  2  91 82 88 87 86 83 81 84 80 63 89 60 59 56 62 57 61 37 38 39 32 33 34 35 36 31 24 25 26 27 28 29 30 41 42 43 44 45 46 47 40 70 64 92 69 68 65 71 66 18 22 16 98 21 20 17 23 54 50 52 96 49 48 53 51 14 15 8  9  10 11 12 13 90 67 5  94 19 58 55 93 95 97 85 
80 87 81 82 83 84 85 86 49 48 53 51 54 50 52 96 21 22 23 16 17 18 19 20 8  9  10 11 12 13 14 15 78 76 79 75 77 94 74 73 7  1  0  2  3  4  5  6  64 71 68 66 69 65 67 92 97 32 39 36 34 37 33 35 60 58 61 57 59 89 56 63 47 44 42 45 41 43 95 40 27 28 29 30 31 24 25 26 93 38 55 88 62 90 46 91 70 72 98 
