3  88 2  7  5  1  4  6  76 72 74 98 79 78 75 73 85 83 84 86 80 82 92 81 57 91 62 61 58 56 59 63 69 68 65 71 66 70 64 90 50 53 49 51 94 48 55 52 11 10 15 13 8  12 14 97 17 19 95 16 23 20 18 21 43 40 46 41 45 47 93 44 29 27 30 26 28 96 25 24 34 32 39 38 89 36 35 33 0  67 42 22 37 54 9  87 60 77 31 
0  2  6  4  7  3  5  88 75 74 79 77 72 76 78 98 83 86 87 85 81 80 84 82 63 56 57 58 59 60 61 62 64 65 66 67 68 69 70 71 49 54 52 55 51 53 94 50 10 13 9  11 97 8  15 12 20 23 19 21 95 18 17 22 41 43 93 40 47 44 42 45 28 24 26 96 31 30 27 25 37 89 33 39 36 32 34 38 1  90 46 16 35 48 14 92 91 73 29 
88 7  4  3  1  6  0  5  77 75 78 74 76 98 73 72 82 80 83 81 84 92 85 87 91 61 60 57 63 58 62 56 67 64 70 65 69 71 90 68 51 50 55 53 48 52 54 94 12 8  10 97 15 14 11 9  23 21 16 20 22 95 19 18 93 46 45 42 40 43 47 41 30 31 24 25 26 27 28 29 32 39 34 35 33 38 36 37 2  66 44 17 89 49 13 86 59 79 96 
1  6  88 5  4  0  7  2  78 79 72 73 74 75 76 77 86 85 92 83 82 81 87 80 62 60 63 59 61 91 58 57 70 66 68 90 65 64 69 67 52 48 50 94 55 54 51 49 13 11 14 10 12 97 9  8  18 95 23 22 19 17 20 16 40 41 42 43 44 45 46 47 31 25 96 30 29 26 24 27 35 36 38 33 32 89 37 39 3  71 93 21 34 53 15 84 56 98 28 
7  3  0  88 6  5  2  1  79 73 98 78 77 74 72 75 92 84 80 87 83 85 82 86 61 57 59 91 56 63 60 58 66 90 71 70 67 65 68 64 53 51 54 50 52 94 49 48 14 15 8  9  10 11 12 13 22 18 20 95 17 16 21 19 47 45 40 44 46 93 43 42 24 96 29 28 25 31 26 30 39 34 32 36 37 35 38 89 4  69 41 23 33 55 97 81 62 76 27 
4  0  1  2  88 7  6  3  72 98 77 76 73 79 74 78 84 87 81 92 86 83 80 85 58 63 61 56 60 62 91 59 68 71 67 69 90 66 65 70 54 55 48 49 50 51 52 53 15 9  97 14 13 10 8  11 16 17 18 19 20 21 22 23 44 47 43 45 93 42 41 46 25 30 28 31 27 29 96 26 33 37 89 32 35 34 39 36 5  64 40 95 38 94 12 82 57 75 24 
2  4  5  0  3  88 1  7  73 78 76 79 75 77 98 74 80 81 86 82 87 84 83 92 56 58 91 63 62 59 57 60 90 70 69 66 64 67 71 65 55 49 94 54 53 50 48 51 8  97 13 12 9  15 10 14 95 22 21 18 16 19 23 17 42 93 47 46 43 41 44 40 26 29 25 27 96 24 31 28 89 33 37 34 38 39 32 35 6  68 45 20 36 52 11 85 61 72 30 
5  1  3  6  2  4  88 0  74 77 73 75 98 72 79 76 87 92 82 84 85 86 81 83 59 62 58 60 91 57 56 61 65 67 90 64 71 68 66 69 48 94 53 52 49 55 50 54 9  14 12 15 11 13 97 10 21 20 17 23 18 22 16 95 45 44 41 47 42 46 40 93 27 26 31 29 24 28 30 96 38 35 36 89 34 37 33 32 7  70 43 19 39 51 8  80 63 78 25 
23 22 16 17 18 19 20 21 10 9  14 12 15 11 13 97 34 37 33 35 89 32 39 36 86 81 83 87 92 82 84 85 60 57 63 58 62 56 91 61 3  7  0  88 6  5  2  1  45 47 93 44 43 40 46 41 72 76 78 98 75 74 79 77 28 29 30 31 24 25 26 27 90 69 68 65 71 66 70 64 55 54 49 50 48 53 51 52 95 59 96 73 94 4  42 38 80 8  67 
16 20 18 95 23 22 19 17 97 11 10 15 13 8  12 14 89 36 35 32 38 33 37 39 82 92 81 85 83 84 86 80 61 56 60 62 91 59 58 63 2  0  6  4  7  3  5  88 43 41 44 40 42 93 47 46 78 73 77 79 98 76 75 72 96 26 25 30 28 31 27 29 65 90 70 69 66 64 67 71 48 52 94 55 50 49 54 51 21 57 24 74 53 1  45 34 87 9  68 
17 23 95 22 21 18 16 19 15 97 12 11 8  14 9  13 39 33 89 38 37 34 32 35 87 86 84 81 82 85 80 92 62 61 58 56 59 63 57 91 7  88 4  3  1  6  0  5  46 93 43 42 47 45 40 44 73 79 74 78 72 98 77 76 25 24 29 27 30 26 28 96 64 66 90 71 70 67 65 68 49 55 54 53 94 51 50 48 20 60 31 75 52 2  41 36 83 10 69 
18 19 23 21 16 20 22 95 14 8  97 13 12 9  15 10 38 39 32 33 34 35 36 37 84 83 92 80 81 86 82 87 63 59 61 91 58 57 62 60 5  6  7  1  0  2  3  4  42 46 40 93 45 44 41 47 77 74 72 75 79 73 98 78 24 27 31 25 96 30 29 26 69 65 67 90 64 71 68 66 50 51 53 48 55 94 52 54 17 56 28 76 49 88 43 89 85 11 70 
19 21 22 18 20 95 17 16 11 15 9  97 14 13 10 8  35 34 39 37 32 36 38 89 83 80 85 84 87 81 92 86 56 62 57 61 63 91 60 59 1  5  3  6  2  4  88 0  44 45 46 47 40 41 42 43 79 78 75 73 76 72 74 98 29 31 96 28 27 24 30 25 67 70 66 68 90 65 64 69 51 53 50 52 54 48 94 49 23 58 26 77 55 7  93 33 82 12 71 
20 95 19 16 22 17 21 23 9  12 8  10 97 15 14 11 33 38 36 39 35 37 89 34 92 85 87 82 80 83 81 84 57 58 59 60 61 62 63 56 4  2  5  0  3  88 1  7  93 42 41 46 44 47 43 45 98 72 79 76 74 77 73 75 27 25 28 24 26 96 31 30 70 68 71 67 69 90 66 65 52 94 48 54 51 55 49 53 18 91 29 78 50 6  40 32 86 13 64 
21 18 17 19 95 16 23 20 12 10 13 9  11 97 8  15 36 32 34 89 39 38 35 33 80 84 82 83 86 87 85 81 58 60 91 57 56 61 59 62 6  1  88 5  4  0  7  2  41 40 45 43 46 42 44 93 76 98 73 72 77 75 78 74 30 96 27 26 31 29 24 28 66 71 69 64 68 70 90 67 53 50 51 94 49 52 48 55 22 63 25 79 54 3  47 37 92 14 65 
22 17 20 23 19 21 95 18 8  13 11 14 10 12 97 9  32 89 37 36 33 39 34 38 81 87 80 86 85 92 83 82 59 91 56 63 60 58 61 57 88 3  2  7  5  1  4  6  40 43 47 41 93 46 45 42 75 77 98 74 73 78 76 79 26 30 24 96 29 28 25 31 68 67 64 70 65 69 71 90 54 49 55 51 52 50 53 94 16 62 27 72 48 0  44 35 84 15 66 
42 44 45 41 43 93 40 47 65 67 90 64 71 68 66 69 18 17 22 20 23 19 21 95 88 7  6  3  0  4  1  2  48 51 55 49 94 54 53 50 13 9  11 97 8  15 12 10 91 56 63 60 58 61 57 59 31 26 30 24 96 29 28 25 92 87 86 84 81 82 85 80 38 89 35 34 39 37 32 36 74 78 98 73 76 75 72 77 46 52 83 27 79 14 62 16 5  70 33 
47 43 41 93 46 45 42 40 64 65 66 67 68 69 70 71 95 19 18 23 21 16 20 22 5  1  4  6  88 3  2  7  49 48 53 51 54 50 52 94 8  10 97 15 14 11 9  12 59 61 91 58 57 62 60 63 26 24 27 31 25 96 30 29 86 83 80 85 84 87 81 92 37 39 89 36 35 32 38 33 75 73 72 79 98 77 76 74 44 55 82 28 78 13 56 17 0  90 34 
45 40 43 46 42 44 93 41 69 68 65 71 66 70 64 90 23 95 20 19 16 22 17 21 4  0  7  2  6  1  88 5  50 54 48 94 53 52 49 55 12 11 8  14 9  13 15 97 58 59 60 61 62 63 56 57 30 27 25 28 24 26 96 31 83 85 82 86 92 84 80 87 34 38 32 89 37 36 33 39 76 77 79 74 73 98 78 72 47 51 81 29 75 10 91 18 3  67 35 
40 46 93 45 44 41 47 42 67 64 70 65 69 71 90 68 22 16 95 21 20 17 23 18 0  2  3  4  5  6  7  1  51 49 52 48 50 94 55 54 14 12 15 11 13 97 10 9  63 62 59 57 60 56 58 91 24 31 28 26 29 25 27 96 80 82 92 81 85 83 84 86 32 35 39 33 89 38 37 34 77 79 76 78 72 74 98 75 43 53 87 30 73 8  61 19 88 66 36 
44 41 40 42 93 47 46 43 70 66 68 90 65 64 69 67 19 23 17 95 22 21 18 16 7  3  5  88 2  0  6  4  52 53 54 55 48 49 50 51 97 13 12 9  15 10 14 8  61 58 56 59 63 57 91 62 96 25 24 29 27 30 26 28 85 86 81 83 87 92 82 84 35 33 36 32 34 89 39 38 78 98 74 72 77 73 75 79 45 94 80 31 76 11 60 20 1  71 37 
46 45 47 40 41 42 43 44 66 90 71 70 67 65 68 64 17 20 16 18 95 23 22 19 2  4  88 0  1  5  3  6  53 55 94 52 51 48 54 49 11 14 10 12 97 9  8  13 56 60 62 91 59 58 63 61 29 96 26 25 30 28 31 27 84 92 85 87 82 80 83 81 39 36 34 37 33 35 89 32 79 76 77 98 75 78 74 73 93 50 86 24 72 15 57 21 7  69 38 
93 47 44 43 40 46 41 45 68 71 67 69 90 66 65 70 20 18 21 17 19 95 16 23 6  5  2  1  3  7  0  88 54 94 51 50 55 53 48 52 10 15 13 8  12 14 97 11 60 91 57 56 61 59 62 58 28 30 96 27 26 31 29 24 87 84 83 92 80 81 86 82 33 32 37 35 38 34 36 89 72 75 73 77 78 76 79 98 42 49 85 25 74 9  63 22 4  64 39 
43 93 42 47 45 40 44 46 90 70 69 66 64 67 71 65 16 21 19 22 18 20 95 17 1  6  0  5  7  88 4  3  55 52 50 53 49 51 94 48 15 8  9  10 11 12 13 14 62 57 61 63 91 60 59 56 25 29 31 96 28 27 24 30 81 80 84 82 83 86 87 85 89 34 33 38 36 39 35 37 73 72 75 76 74 79 77 78 41 54 92 26 98 97 58 23 2  68 32 
39 34 37 32 36 38 89 35 3  4  5  6  7  1  0  2  69 64 68 70 90 67 66 71 26 25 30 28 31 27 29 96 40 47 44 42 45 41 43 93 85 92 83 82 81 87 80 86 18 17 22 20 23 19 21 95 54 50 52 94 49 48 53 51 75 76 77 78 79 72 73 74 15 12 10 13 9  11 97 8  60 59 62 63 61 58 56 57 33 46 98 55 91 84 16 65 24 88 14 
33 37 35 89 32 39 36 34 0  5  7  88 4  3  1  6  64 70 65 69 71 90 68 67 96 27 26 31 29 24 28 30 43 44 45 46 47 40 41 42 83 84 86 80 82 92 81 85 17 20 16 18 95 23 22 19 48 49 50 51 52 53 54 55 78 75 73 76 72 74 98 79 9  8  13 11 14 10 12 97 91 61 57 62 58 59 60 63 38 93 77 94 56 87 21 66 25 2  15 
89 33 38 37 34 32 35 39 4  6  88 3  2  7  5  1  68 65 71 66 70 64 90 69 31 96 28 27 24 30 25 29 47 42 46 40 93 45 44 41 84 80 87 83 85 82 86 92 22 16 95 21 20 17 23 18 94 54 53 50 48 51 55 49 74 72 75 79 73 98 78 77 97 10 9  14 12 15 11 13 57 91 61 59 56 60 62 58 36 43 76 52 63 81 19 67 26 0  8  
38 35 34 36 89 33 32 37 1  7  4  2  5  0  3  88 70 69 66 64 67 71 65 90 30 24 96 29 28 25 31 26 41 45 47 93 44 43 40 46 86 87 85 81 80 84 82 83 20 18 21 17 19 95 16 23 53 52 49 55 50 54 48 94 76 78 98 75 74 79 77 72 14 97 11 10 15 13 8  12 56 58 63 57 59 61 91 62 39 42 73 51 60 92 22 68 27 6  9  
37 89 36 33 39 34 38 32 2  1  3  7  0  88 6  5  90 71 70 67 65 68 64 66 27 31 25 96 30 29 26 24 93 41 40 45 43 46 42 44 80 83 81 84 92 85 87 82 23 95 20 19 16 22 17 21 52 55 51 53 94 50 49 54 98 73 72 77 75 78 74 76 13 15 97 12 11 8  14 9  61 57 91 60 63 62 59 56 35 47 79 48 58 86 18 69 28 4  10 
34 32 89 39 38 35 33 36 88 0  1  5  3  6  2  4  67 90 64 71 68 66 69 65 25 28 24 26 96 31 30 27 46 43 41 44 40 42 93 47 82 85 80 92 87 86 84 81 19 23 17 95 22 21 18 16 49 51 94 48 55 52 50 53 73 77 79 98 76 75 72 78 10 14 8  97 13 12 9  15 59 62 60 56 57 63 58 91 37 45 74 54 61 83 20 70 29 7  11 
32 39 33 34 35 36 37 38 7  2  6  1  88 5  4  0  66 68 90 65 64 69 67 70 28 26 29 25 27 96 24 31 45 93 42 41 46 44 47 43 92 82 84 85 86 81 83 87 21 22 23 16 17 18 19 20 55 53 48 52 54 94 51 50 72 79 76 74 77 73 75 98 8  11 15 9  97 14 13 10 62 60 59 58 91 56 63 61 89 40 78 49 57 80 95 71 30 3  12 
35 36 32 38 33 37 39 89 6  3  0  4  1  2  88 7  71 67 69 90 66 65 70 68 24 29 27 30 26 28 96 25 42 40 43 47 41 93 46 45 81 86 82 87 84 83 92 80 95 19 18 23 21 16 20 22 50 94 55 54 51 49 52 48 77 98 74 73 78 76 79 75 11 9  12 8  10 97 15 14 58 63 56 91 62 57 61 60 34 44 72 53 59 85 17 64 31 5  13 
14 11 10 12 97 9  8  13 96 29 28 25 31 26 30 24 6  88 3  2  7  5  1  4  55 54 51 49 52 48 50 94 34 33 38 36 39 35 37 89 98 78 77 74 72 75 79 73 70 69 66 64 67 71 65 90 40 42 93 47 46 43 41 44 59 58 63 61 56 60 62 91 92 81 85 83 84 86 80 82 18 19 21 16 23 95 20 22 15 32 57 45 17 76 68 0  53 27 87 
10 8  97 15 14 11 9  12 24 26 96 31 30 27 25 28 7  4  2  5  0  3  88 1  48 52 54 94 51 50 55 53 89 35 34 39 37 32 36 38 79 77 72 76 78 98 75 74 67 90 64 71 68 66 69 65 93 45 44 41 47 42 46 40 57 62 60 63 59 61 91 58 83 92 80 81 86 82 87 84 23 22 17 18 16 21 19 20 13 33 56 43 95 73 70 6  49 29 85 
12 14 15 11 13 97 10 9  31 24 25 26 27 28 29 30 1  3  7  0  88 6  5  2  49 55 50 54 48 94 53 52 39 89 36 35 32 38 33 37 78 74 76 98 73 72 77 75 65 66 67 68 69 70 71 64 45 41 43 93 40 47 44 42 60 56 58 91 63 62 59 57 82 86 92 84 80 87 83 85 21 18 19 95 17 20 16 23 8  34 61 46 22 79 90 4  51 96 81 
97 9  14 13 10 8  11 15 28 27 24 30 25 29 31 96 0  1  5  3  6  2  4  88 50 51 52 53 54 55 48 49 38 32 89 37 36 33 39 34 75 72 78 73 77 79 98 76 68 65 71 66 70 64 90 69 44 43 40 46 41 45 47 93 56 91 61 60 57 63 58 62 81 83 87 92 82 84 85 86 16 20 95 23 18 17 22 19 12 35 59 42 21 74 67 7  94 26 80 
9  13 11 97 8  15 12 10 26 31 29 24 28 30 96 27 2  6  1  88 5  4  0  7  51 53 94 50 49 54 52 55 35 39 33 89 38 37 34 32 73 75 98 72 79 76 74 77 64 70 65 69 71 90 68 67 41 93 46 45 42 40 43 47 58 61 57 59 91 56 63 60 87 80 86 85 92 83 82 81 20 95 16 22 19 23 17 21 14 36 62 44 18 78 66 3  48 25 84 
8  15 9  10 11 12 13 14 29 25 27 96 24 31 28 26 3  0  4  1  2  88 7  6  52 94 49 48 53 51 54 50 33 36 32 34 89 39 38 35 76 79 75 77 98 74 73 78 66 68 90 65 64 69 67 70 47 40 41 42 43 44 45 46 91 60 59 56 62 57 61 63 80 85 84 87 81 92 86 83 22 17 23 19 20 18 21 95 97 37 58 93 16 72 71 5  55 30 82 
13 97 12 9  15 10 14 8  25 96 30 29 26 24 27 31 4  5  6  7  1  0  2  3  53 50 48 51 55 49 94 54 36 34 37 33 35 89 32 39 72 73 74 75 76 77 78 79 90 71 70 67 65 68 64 66 42 47 45 40 44 46 93 43 63 57 91 62 61 58 56 59 86 84 81 82 85 80 92 87 95 16 20 17 21 22 23 18 11 38 60 41 19 98 69 88 52 28 83 
11 12 8  14 9  13 15 97 27 30 26 28 96 25 24 29 5  7  88 4  3  1  6  0  54 49 53 55 94 52 51 48 32 37 35 38 34 36 89 33 74 98 79 78 75 73 76 72 71 67 69 90 66 65 70 68 46 44 47 43 45 93 42 41 62 63 56 57 58 59 60 61 85 87 82 80 83 81 84 92 19 21 18 20 22 16 95 17 10 39 91 40 23 77 64 2  50 31 86 
26 25 27 28 29 30 31 24 57 58 59 60 61 62 63 56 72 74 98 79 78 75 73 76 18 19 20 21 22 23 16 17 4  6  88 3  2  7  5  1  42 41 46 44 47 43 45 93 80 81 86 82 87 84 83 92 71 68 66 69 65 67 90 64 38 33 37 39 89 36 35 32 52 54 94 51 50 55 53 48 97 9  13 10 14 15 8  11 96 0  34 70 12 40 85 77 95 91 49 
30 24 25 29 31 96 28 27 62 61 58 56 59 63 57 91 79 72 73 74 75 76 77 78 20 95 17 16 21 19 22 18 7  2  6  1  88 5  4  0  93 43 42 47 45 40 44 46 82 80 83 81 84 92 85 87 90 66 65 70 68 71 67 69 33 39 34 38 32 89 37 36 49 53 55 94 52 51 48 54 8  15 10 11 9  14 12 13 26 3  35 64 97 41 86 98 23 60 50 
24 29 28 30 96 27 26 31 60 57 63 58 62 56 91 61 76 75 72 78 73 77 79 98 95 16 23 20 18 21 17 19 3  4  5  6  7  1  0  2  47 93 44 43 40 46 41 45 92 84 80 87 83 85 82 86 68 69 70 71 64 65 66 67 37 34 32 35 39 33 89 38 55 50 54 48 94 53 52 49 15 10 8  12 13 11 14 97 25 88 36 90 9  42 81 74 22 59 51 
96 27 24 31 28 26 29 25 63 59 61 91 58 57 62 60 74 79 77 72 76 78 98 75 17 23 18 22 16 95 21 20 5  88 2  0  6  4  7  3  46 40 93 45 44 41 47 42 81 82 85 80 92 87 86 84 67 65 68 64 66 90 71 70 39 38 35 33 36 32 34 89 50 48 51 55 49 94 54 53 12 14 11 13 15 9  97 10 30 1  37 69 8  43 83 73 19 56 52 
29 30 26 24 27 31 25 96 59 91 56 63 60 58 61 57 77 73 75 98 72 79 76 74 16 20 22 95 19 18 23 21 88 0  1  5  3  6  2  4  43 47 41 93 46 45 42 40 85 83 84 86 80 82 92 81 64 67 71 65 90 70 69 66 89 32 39 36 34 37 33 35 54 51 49 52 48 50 94 55 10 8  15 14 97 12 11 9  28 7  38 68 13 44 87 78 17 62 53 
28 26 96 25 24 29 27 30 61 56 60 62 91 59 58 63 73 98 78 77 74 72 75 79 21 18 16 19 23 17 95 22 2  1  3  7  0  88 6  5  41 44 40 42 93 47 46 43 83 86 87 85 81 80 84 82 70 90 67 66 71 69 64 68 36 89 33 32 37 35 38 34 48 55 52 50 53 49 51 94 13 97 9  15 12 8  10 14 31 4  39 65 11 45 92 76 20 57 54 
25 28 31 26 30 24 96 29 91 63 62 59 57 60 56 58 75 78 74 76 98 73 72 77 19 21 95 18 17 22 20 23 0  5  7  88 4  3  1  6  44 42 45 41 43 93 40 47 84 87 81 92 86 83 80 85 65 64 69 67 70 66 68 90 35 37 89 34 33 38 36 39 94 49 48 53 51 54 50 52 9  13 97 8  11 10 15 12 27 2  32 71 14 46 82 79 16 61 55 
31 96 30 27 25 28 24 26 58 60 91 57 56 61 59 62 98 77 76 73 79 74 78 72 22 17 21 23 95 20 19 16 6  3  0  4  1  2  88 7  40 45 43 46 42 44 93 41 86 85 92 83 82 81 87 80 69 71 90 68 67 64 70 65 32 36 38 89 35 34 39 37 53 94 50 49 54 52 55 51 11 12 14 9  8  97 13 15 29 5  33 66 10 47 84 75 18 63 48 
63 56 60 58 61 57 59 91 35 39 33 89 38 37 34 32 41 40 45 43 46 42 44 93 8  15 12 10 13 9  11 97 78 79 72 73 74 75 76 77 70 65 69 71 90 68 67 64 50 49 54 52 55 51 53 94 92 86 83 80 85 84 87 81 3  1  6  0  5  7  88 4  21 95 18 17 22 20 23 19 31 96 27 25 30 26 28 24 62 98 2  82 29 66 48 47 14 36 16 
91 61 58 57 62 60 63 59 89 35 34 39 37 32 36 38 93 42 41 46 44 47 43 45 14 11 9  12 8  10 97 15 73 78 76 79 75 77 98 74 90 64 71 68 66 69 65 67 94 51 50 55 53 48 52 54 86 80 82 92 81 85 83 84 6  2  4  88 0  1  5  3  20 22 95 19 18 23 21 16 26 25 28 29 27 24 30 31 56 72 7  87 96 70 49 40 13 33 17 
60 59 61 62 63 56 57 58 32 37 35 38 34 36 89 33 46 93 43 42 47 45 40 44 9  13 15 97 12 11 8  14 77 75 78 74 76 98 73 72 67 69 90 66 65 70 68 71 55 94 52 51 48 54 49 53 83 82 81 87 80 86 85 92 2  88 7  6  3  0  4  1  17 21 23 95 20 19 16 22 30 24 29 31 25 27 96 28 91 79 5  84 26 64 50 41 10 39 18 
59 62 57 60 56 58 91 63 39 89 36 35 32 38 33 37 45 47 93 44 43 40 46 41 13 97 10 9  14 12 15 11 79 73 98 78 77 74 72 75 66 67 68 69 70 71 64 65 54 48 94 53 52 49 55 50 80 92 87 86 84 81 82 85 4  7  3  5  88 2  0  6  23 18 22 16 95 21 20 17 24 29 30 96 28 31 27 26 61 76 1  83 25 90 51 42 8  34 19 
56 58 59 63 57 91 62 61 36 34 37 33 35 89 32 39 42 46 40 93 45 44 41 47 15 10 14 8  97 13 12 9  98 76 75 72 78 73 77 79 71 70 67 65 68 64 66 90 51 55 49 94 54 53 50 48 85 81 80 84 82 83 86 87 88 6  5  2  1  3  7  0  18 16 19 23 17 95 22 21 96 27 31 28 24 25 26 29 60 74 4  92 30 69 52 43 11 38 20 
62 60 91 59 58 63 61 56 34 33 38 36 39 35 37 89 40 43 47 41 93 46 45 42 97 9  8  13 11 14 10 12 76 72 74 98 79 78 75 73 69 66 64 67 71 65 90 70 49 52 48 50 94 55 54 51 84 85 86 81 83 87 92 82 0  3  88 1  7  4  2  5  22 19 17 20 16 18 95 23 29 30 24 27 26 96 31 25 57 77 6  80 28 68 53 44 15 32 21 
57 91 56 61 59 62 58 60 37 38 39 32 33 34 35 36 43 41 44 40 42 93 47 46 12 14 97 11 10 15 13 8  75 74 79 77 72 76 78 98 64 68 70 90 67 66 71 69 52 50 53 49 51 94 48 55 87 83 85 82 86 92 84 80 1  0  2  3  4  5  6  7  16 23 20 18 21 17 19 95 28 26 25 24 96 30 29 27 63 73 88 81 31 65 54 45 9  89 22 
61 57 63 91 60 59 56 62 33 36 32 34 89 39 38 35 47 44 42 45 41 43 93 40 11 12 13 14 15 8  9  10 72 98 77 76 73 79 74 78 68 90 65 64 69 67 70 66 48 53 51 54 50 52 94 49 81 84 92 85 87 82 80 83 5  4  0  7  2  6  1  88 95 17 16 21 19 22 18 20 25 28 26 30 31 29 24 96 58 75 3  86 27 71 55 46 97 37 23 
70 71 67 65 68 64 66 90 81 85 83 84 86 80 82 92 9  14 12 15 11 13 97 10 76 77 78 79 72 73 74 75 16 19 23 17 95 22 21 18 28 25 31 26 30 24 96 29 33 38 36 39 35 37 89 34 58 57 62 60 63 59 61 91 51 94 48 55 52 50 53 49 6  0  5  7  88 4  3  1  42 44 41 43 45 47 93 40 69 20 54 56 46 27 32 8  98 87 2  
68 64 70 90 67 66 71 69 83 87 92 82 84 85 86 81 8  97 13 12 9  15 10 14 74 78 72 98 77 76 73 79 23 20 18 21 17 19 95 16 24 30 25 29 31 96 28 27 32 89 37 36 33 39 34 38 91 59 58 63 61 56 60 62 52 49 55 50 54 48 94 53 0  7  2  6  1  88 5  4  43 93 47 45 42 46 40 44 65 22 51 57 41 26 35 11 75 80 3  
71 65 66 70 64 90 69 68 87 82 80 83 81 84 92 85 13 11 14 10 12 97 9  8  77 79 98 76 75 72 78 73 20 21 22 23 16 17 18 19 26 28 96 25 24 29 27 30 37 35 38 34 36 89 33 32 63 91 60 59 56 62 57 61 53 48 52 54 94 51 50 55 5  2  1  3  7  0  88 6  44 41 42 93 40 43 47 46 67 95 49 58 45 31 39 15 74 86 4  
67 66 68 69 70 71 64 65 92 80 81 86 82 87 84 83 11 10 15 13 8  12 14 97 73 72 77 75 78 74 76 98 18 22 16 95 21 20 17 23 96 31 30 27 25 28 24 26 35 34 39 37 32 36 38 89 62 56 91 61 60 57 63 58 54 53 50 48 51 55 49 94 7  6  3  0  4  1  2  88 45 40 46 42 43 41 44 93 90 19 52 59 47 29 33 9  79 85 5  
69 67 90 66 65 70 68 71 82 83 86 87 85 81 80 84 14 15 8  9  10 11 12 13 75 73 76 72 74 98 79 78 21 23 95 20 19 16 22 17 31 27 29 96 26 25 30 28 38 39 32 33 34 35 36 37 59 63 57 91 62 61 58 56 55 51 53 94 50 49 54 52 88 1  7  4  2  5  0  3  46 45 40 41 47 44 42 43 64 18 48 60 93 24 89 97 77 92 6  
90 68 65 64 69 67 70 66 84 81 82 85 80 92 87 86 10 13 9  11 97 8  15 12 98 74 73 78 76 79 75 77 17 16 21 19 22 18 20 95 30 29 26 24 27 31 25 96 34 37 33 35 89 32 39 36 57 60 56 58 91 63 62 59 48 54 49 53 55 94 52 51 4  88 0  1  5  3  6  2  47 43 93 46 41 40 45 42 71 23 50 61 44 28 38 14 72 83 7  
66 69 64 67 71 65 90 70 85 84 87 81 92 86 83 80 12 8  10 97 15 14 11 9  72 75 79 73 98 78 77 74 19 17 20 16 18 95 23 22 27 96 24 31 28 26 29 25 36 32 34 89 39 38 35 33 60 58 61 57 59 91 56 63 49 50 51 52 53 54 55 48 3  5  88 2  0  6  4  7  40 46 45 44 93 42 41 47 68 21 94 62 43 30 37 13 76 82 1  
65 70 69 71 90 68 67 64 86 92 84 80 87 83 85 82 97 12 11 8  14 9  13 15 79 76 74 77 73 75 98 72 95 18 17 22 20 23 19 21 25 26 27 28 29 30 31 24 89 36 35 32 38 33 37 39 56 61 59 62 58 60 91 57 50 52 94 49 48 53 51 54 1  4  6  88 3  2  7  5  41 42 44 47 46 93 43 45 66 16 55 63 40 96 34 10 78 81 0  
98 74 79 78 75 73 76 72 44 46 93 43 42 47 45 40 48 53 51 54 50 52 94 49 32 39 36 34 37 33 35 89 87 82 80 83 81 84 92 85 20 16 18 95 23 22 19 17 28 31 27 29 96 26 25 30 14 13 10 8  11 15 9  97 66 65 70 68 71 67 69 90 63 61 56 60 62 91 59 58 5  1  6  2  3  0  4  88 77 86 64 12 7  21 24 55 38 41 57 
76 77 73 79 74 78 72 98 46 43 41 44 40 42 93 47 51 55 49 94 54 53 50 48 37 89 34 33 38 36 39 35 82 83 86 87 85 81 80 84 21 19 22 18 20 95 17 16 27 24 30 25 29 31 96 28 8  14 9  13 15 97 12 11 90 67 66 71 69 64 68 70 59 56 62 57 61 63 91 60 88 7  3  1  4  5  6  0  75 92 65 10 2  23 26 52 32 45 58 
75 73 98 72 79 76 74 77 93 41 40 45 43 46 42 44 55 94 52 51 48 54 49 53 35 36 37 38 39 32 33 34 80 86 85 92 83 82 81 87 22 23 16 17 18 19 20 21 24 25 26 27 28 29 30 31 97 15 14 11 9  12 8  10 71 90 68 67 64 70 65 69 61 60 57 63 58 62 56 91 2  4  0  3  5  7  88 1  78 84 66 13 6  95 96 50 89 47 59 
72 75 78 73 77 79 98 76 43 44 45 46 47 40 41 42 49 52 48 50 94 55 54 51 38 35 33 36 32 34 89 39 83 87 92 82 84 85 86 81 23 17 95 22 21 18 16 19 30 26 28 96 25 24 29 27 13 8  12 14 97 11 10 15 70 64 90 69 68 65 71 66 91 62 61 58 56 59 63 57 0  2  4  7  6  88 3  5  74 80 67 9  1  20 31 53 37 93 60 
78 98 77 74 72 75 79 73 42 40 43 47 41 93 46 45 94 51 50 55 53 48 52 54 34 32 35 39 33 89 38 37 81 85 83 84 86 80 82 92 16 95 21 20 17 23 18 22 25 27 96 24 31 28 26 29 12 9  15 10 14 8  97 13 67 71 65 90 70 69 66 64 58 91 63 62 59 57 60 56 6  5  1  0  7  4  2  3  76 87 68 11 88 19 30 49 36 44 61 
73 72 74 75 76 77 78 79 47 42 46 40 93 45 44 41 54 48 94 53 52 49 55 50 36 38 89 35 34 39 37 32 84 81 82 85 80 92 87 86 17 22 20 23 19 21 95 18 29 28 25 31 26 30 24 96 9  10 11 12 13 14 15 8  65 68 64 66 90 71 70 67 57 59 91 56 63 60 58 61 4  0  2  88 1  3  7  6  98 83 69 97 5  16 27 51 33 43 62 
77 79 72 76 78 98 75 74 45 93 42 41 46 44 47 43 53 54 55 48 49 50 51 52 89 33 32 37 35 38 34 36 92 80 81 86 82 87 84 83 18 21 17 19 95 16 23 20 31 29 24 28 30 96 27 26 15 11 13 97 10 9  14 12 68 66 69 65 67 90 64 71 62 58 60 91 57 56 61 59 7  3  88 6  0  1  5  2  73 85 70 8  4  22 25 94 39 40 63 
79 76 75 77 98 74 73 78 40 47 44 42 45 41 43 93 50 49 54 52 55 51 53 94 33 37 39 89 36 35 32 38 85 84 87 81 92 86 83 80 19 18 23 21 16 20 22 95 96 30 29 26 24 27 31 25 10 12 97 9  8  13 11 14 64 69 67 70 66 68 90 65 60 63 59 61 91 58 57 62 3  88 7  5  2  6  1  4  72 82 71 15 0  17 28 48 34 46 56 
82 92 84 85 86 81 83 87 53 55 94 52 51 48 54 49 96 30 29 26 24 27 31 25 93 47 46 43 41 44 40 42 11 15 9  97 14 13 10 8  58 56 59 63 57 91 62 61 1  3  7  0  88 6  5  2  34 36 89 33 32 37 35 38 17 18 19 20 21 22 23 16 74 73 78 76 79 75 77 98 66 69 67 71 64 70 65 90 80 12 95 39 68 60 4  28 45 50 72 
85 82 80 92 87 86 84 81 51 49 52 48 50 94 55 54 31 29 24 28 30 96 27 26 43 93 40 47 44 42 45 41 14 8  97 13 12 9  15 10 56 63 60 58 61 57 59 91 5  7  88 4  3  1  6  0  39 35 37 89 34 33 38 36 22 21 18 16 19 23 17 95 98 75 74 79 77 72 76 78 67 66 69 70 68 65 71 64 83 11 20 32 90 62 2  25 46 53 73 
80 84 87 83 85 82 86 92 54 94 51 50 55 53 48 52 30 26 28 96 25 24 29 27 42 44 93 41 40 45 43 46 10 9  14 12 15 11 13 97 59 60 61 62 63 56 57 58 3  0  4  1  2  88 7  6  37 32 36 38 89 35 34 39 20 17 23 18 22 16 95 21 79 98 76 75 72 78 73 77 68 64 90 67 70 69 66 71 81 8  19 33 65 91 5  31 47 49 74 
92 85 83 82 81 87 80 86 50 54 48 94 53 52 49 55 27 24 30 25 29 31 96 28 47 43 45 93 42 41 46 44 12 10 13 9  11 97 8  15 63 58 62 56 91 61 60 57 6  88 3  2  7  5  1  4  32 38 33 37 39 89 36 35 23 19 21 95 18 17 22 20 78 72 98 77 76 73 79 74 69 67 66 65 90 71 70 68 84 14 16 34 64 59 0  26 40 51 75 
87 86 85 81 80 84 82 83 52 53 54 55 48 49 50 51 25 27 96 24 31 28 26 29 45 40 44 46 93 43 42 47 97 11 10 15 13 8  12 14 57 61 63 91 60 59 56 62 2  6  1  88 5  4  0  7  36 33 39 34 38 32 89 37 19 95 16 23 20 18 21 17 75 79 73 98 78 77 74 72 70 71 65 68 67 90 64 66 92 9  22 35 69 58 3  30 41 94 76 
86 81 82 87 84 83 92 80 94 50 49 54 52 55 51 53 28 31 27 29 96 26 25 30 40 46 41 45 47 93 44 43 9  12 8  10 97 15 14 11 91 57 56 61 59 62 58 60 4  5  6  7  1  0  2  3  38 37 34 32 35 39 33 89 21 16 20 22 95 19 18 23 73 76 72 74 98 79 78 75 71 65 70 64 66 68 90 69 85 13 17 36 67 63 88 24 42 48 77 
84 83 86 80 82 92 81 85 49 48 53 51 54 50 52 94 24 25 26 27 28 29 30 31 44 41 47 42 46 40 93 45 8  13 11 14 10 12 97 9  62 59 57 60 56 58 91 63 88 2  0  6  4  7  3  5  89 39 38 35 33 36 32 34 95 23 22 19 17 20 16 18 76 74 77 73 75 98 72 79 64 90 68 66 71 67 69 65 87 15 21 37 70 61 1  96 43 55 78 
81 87 92 86 83 80 85 84 48 51 55 49 94 54 53 50 26 96 31 30 27 25 28 24 46 45 42 40 43 47 41 93 13 14 15 8  9  10 11 12 61 91 58 57 62 60 63 59 0  1  5  3  6  2  4  88 35 89 32 39 36 34 37 33 18 20 95 17 16 21 19 22 72 77 75 78 74 76 98 73 65 70 71 90 69 64 68 67 82 97 23 38 66 56 7  29 44 52 79 
48 52 50 94 55 54 51 49 95 18 17 22 20 23 19 21 57 63 58 62 56 91 61 60 66 69 65 67 90 64 71 68 25 96 30 29 26 24 27 31 33 89 38 37 34 32 35 39 73 98 78 77 74 72 75 79 6  4  7  3  5  88 2  0  12 97 9  8  13 11 14 10 41 47 42 46 40 93 45 44 82 92 85 86 84 87 81 83 53 28 15 1  80 36 76 59 70 16 43 
53 50 49 51 94 48 55 52 19 17 20 16 18 95 23 22 63 62 59 57 60 56 58 91 68 64 66 90 71 70 67 65 27 30 26 28 96 25 24 29 38 36 39 35 37 89 34 33 98 77 76 73 79 74 78 72 88 5  4  0  7  2  6  1  8  12 14 97 11 10 15 13 40 44 46 93 43 42 47 45 80 84 83 85 87 92 82 86 54 31 9  3  81 32 75 61 69 21 41 
54 49 52 55 51 53 94 50 23 20 18 21 17 19 95 16 62 57 61 63 91 60 59 56 65 70 68 71 67 69 90 66 24 26 96 31 30 27 25 28 39 32 33 34 35 36 37 38 77 73 75 98 72 79 76 74 2  7  5  1  4  6  88 3  97 8  15 12 10 13 9  11 43 45 93 42 41 46 44 47 81 87 86 83 92 84 80 85 48 29 14 0  82 89 78 58 64 22 40 
94 48 53 52 49 55 50 54 20 21 22 23 16 17 18 19 61 58 56 59 63 57 91 62 67 66 71 69 64 68 70 90 26 31 29 24 28 30 96 27 89 37 36 33 39 34 38 32 75 78 74 76 98 73 72 77 1  2  88 7  6  3  0  4  11 13 97 10 9  14 12 15 44 93 41 40 45 43 46 42 85 82 92 87 80 81 86 84 51 25 8  5  83 35 79 60 65 95 47 
52 94 51 48 54 49 53 55 16 19 23 17 95 22 21 18 91 56 63 60 58 61 57 59 69 67 70 66 68 90 65 64 28 27 24 30 25 29 31 96 37 33 35 89 32 39 36 34 72 74 98 79 78 75 73 76 5  0  3  88 1  7  4  2  14 9  13 15 97 12 11 8  42 43 44 45 46 47 40 41 92 85 82 81 83 86 87 80 50 26 10 6  84 38 77 62 71 20 93 
55 54 48 49 50 51 52 53 17 16 21 19 22 18 20 95 59 61 91 58 57 62 60 63 71 65 90 70 69 66 64 67 30 28 31 27 29 96 26 25 32 34 89 39 38 35 33 36 76 75 72 78 73 77 79 98 0  88 6  5  2  1  3  7  13 10 8  11 15 9  97 14 47 46 43 41 44 40 42 93 86 81 87 84 82 80 83 92 94 24 12 4  85 37 74 56 68 23 45 
51 53 54 50 52 94 49 48 18 22 16 95 21 20 17 23 58 59 60 61 62 63 56 57 90 68 67 64 70 65 69 71 96 29 28 25 31 26 30 24 36 35 32 38 33 37 39 89 78 76 79 75 77 98 74 73 3  6  2  4  88 0  1  5  10 11 12 13 14 15 8  9  45 42 40 43 47 41 93 46 83 80 84 92 81 82 85 87 55 27 97 7  86 34 72 91 66 19 44 
50 51 55 53 48 52 54 94 21 23 95 20 19 16 22 17 56 60 62 91 59 58 63 61 64 90 69 68 65 71 66 70 31 24 25 26 27 28 29 30 35 38 34 36 89 33 32 37 74 79 77 72 76 78 98 75 7  1  0  2  3  4  5  6  15 14 11 9  12 8  10 97 46 41 45 47 93 44 43 40 84 83 80 82 86 85 92 81 49 96 13 88 87 39 73 57 67 18 42 
6  5  7  1  0  2  3  4  98 76 75 72 78 73 77 79 81 82 85 80 92 87 86 84 60 59 56 62 57 61 63 91 71 69 64 68 70 90 67 66 94 52 51 48 54 49 53 55 97 12 11 8  14 9  13 15 19 16 22 17 21 23 95 20 46 42 44 93 41 40 45 43 96 28 27 24 30 25 29 31 36 38 35 37 39 33 89 34 88 65 47 18 32 50 10 83 58 74 26 
15 10 13 8  12 14 97 11 30 28 31 27 29 96 26 25 88 2  0  6  4  7  3  5  94 48 55 52 50 53 49 51 37 38 39 32 33 34 35 36 77 76 73 79 74 78 72 98 69 64 68 70 90 67 66 71 43 46 42 44 93 41 40 45 61 59 62 58 60 91 57 56 84 82 83 86 87 85 81 80 17 23 22 21 95 19 18 16 9  89 63 47 20 75 65 1  54 24 92 
74 78 76 98 73 72 77 75 41 45 47 93 44 43 40 46 52 50 53 49 51 94 48 55 39 34 38 32 89 37 36 33 86 92 84 80 87 83 85 82 95 20 19 16 22 17 21 23 26 96 31 30 27 25 28 24 11 97 8  15 12 10 13 9  69 70 71 64 65 66 67 68 56 57 58 59 60 61 62 63 1  6  5  4  88 2  0  7  79 81 90 14 3  18 29 54 35 42 91 
64 90 71 68 66 69 65 67 80 86 85 92 83 82 81 87 15 9  97 14 13 10 8  11 78 98 75 74 79 77 72 76 22 95 19 18 23 21 16 20 29 24 28 30 96 27 26 31 39 33 89 38 37 34 32 35 61 62 63 56 57 58 59 60 94 55 54 51 49 52 48 50 2  3  4  5  6  7  1  0  93 47 43 40 44 45 46 41 70 17 53 91 42 25 36 12 73 84 88 
49 55 94 54 53 50 48 51 22 95 19 18 23 21 16 20 60 91 57 56 61 59 62 58 70 71 64 65 66 67 68 69 29 25 27 96 24 31 28 26 34 39 37 32 36 38 89 35 79 72 73 74 75 76 77 78 4  3  1  6  0  5  7  88 9  15 10 14 8  97 13 12 93 40 47 44 42 45 41 43 87 86 81 80 85 83 84 82 52 30 11 2  92 33 98 63 90 17 46 
27 31 29 96 26 25 30 28 56 62 57 61 63 91 60 59 78 76 79 75 77 98 74 73 23 22 19 17 20 16 18 95 1  7  4  2  5  0  3  88 45 46 47 40 41 42 43 44 87 92 82 84 85 86 81 83 66 70 64 90 69 68 65 71 34 35 36 37 38 39 32 33 51 52 53 54 55 48 49 50 14 11 12 97 10 13 9  8  24 6  89 67 15 93 80 72 21 58 94 
58 63 62 56 91 61 60 57 38 32 89 37 36 33 39 34 44 45 46 47 40 41 42 43 10 8  11 15 9  97 14 13 74 77 73 75 98 72 79 76 65 71 66 70 64 90 69 68 53 54 55 48 49 50 51 52 82 87 84 83 92 80 81 86 7  5  1  4  6  88 3  2  19 20 21 22 23 16 17 18 27 31 96 26 29 28 25 30 59 78 0  85 24 67 94 93 12 35 95 
41 42 46 44 47 43 45 93 71 69 64 68 70 90 67 66 21 22 23 16 17 18 19 20 3  88 1  7  4  2  5  0  94 50 49 54 52 55 51 53 9  97 14 13 10 8  11 15 57 63 58 62 56 91 61 60 27 28 29 30 31 24 25 26 82 81 87 80 86 85 92 83 36 37 38 39 32 33 34 35 98 74 78 75 79 72 73 76 40 48 84 96 77 12 59 95 6  65 89 
36 38 39 35 37 89 34 33 5  88 2  0  6  4  7  3  65 66 67 68 69 70 71 64 29 30 31 24 25 26 27 28 44 46 93 43 42 47 45 40 87 81 92 86 83 80 85 84 16 21 19 22 18 20 95 17 51 48 54 49 53 55 94 52 79 74 78 72 98 77 76 73 12 13 14 15 8  9  10 11 63 56 58 61 60 91 57 59 32 41 75 50 62 82 23 90 96 1  97 
95 16 21 20 17 23 18 22 13 14 15 8  9  10 11 12 37 35 38 34 36 89 33 32 85 82 86 92 84 80 87 83 91 63 62 59 57 60 56 58 0  4  1  2  88 7  6  3  47 44 42 45 41 43 93 40 74 75 76 77 78 79 72 73 31 28 26 29 25 27 96 24 71 64 65 66 67 68 69 70 94 48 52 49 53 54 55 50 19 61 30 98 51 5  46 39 81 97 90 
83 80 81 84 92 85 87 82 55 52 50 53 49 51 94 48 29 28 25 31 26 30 24 96 41 42 43 44 45 46 47 40 15 97 12 11 8  14 9  13 60 62 91 59 58 63 61 56 7  4  2  5  0  3  88 1  33 34 35 36 37 38 39 32 16 22 17 21 23 95 20 19 77 78 79 72 73 74 75 76 90 68 64 69 65 66 67 70 86 10 18 89 71 57 6  27 93 54 98 
