3  95 2  7  5  1  4  6  44 94 41 40 45 43 46 42 10 92 15 14 11 9  12 8  20 23 19 21 93 18 17 22 82 85 81 83 97 80 87 84 62 59 57 60 56 58 91 63 30 24 90 29 28 25 31 26 77 79 89 76 75 72 78 73 33 32 37 35 38 34 36 98 64 71 68 66 69 65 67 88 54 52 55 51 53 96 50 49 39 70 16 74 47 13 61 0  27 48 86 
0  2  6  4  7  3  5  95 40 44 46 94 43 42 47 45 12 15 11 13 92 10 9  14 16 17 18 19 20 21 22 23 84 80 82 97 87 86 83 81 91 57 56 61 59 62 58 60 27 31 25 90 30 29 26 24 89 74 73 78 76 79 75 77 35 33 36 32 34 98 39 38 70 67 65 68 64 66 88 71 51 54 50 52 96 49 48 53 37 69 93 72 41 8  63 1  28 55 85 
95 7  4  3  1  6  0  5  46 41 45 47 94 44 43 40 13 12 9  15 10 14 8  92 22 18 20 93 17 16 21 19 85 83 86 82 84 97 81 80 61 91 58 57 62 60 63 59 26 25 30 28 31 27 29 90 76 77 78 79 72 73 74 75 36 37 38 39 32 33 34 35 88 65 64 69 67 70 66 68 50 55 53 48 52 54 96 51 98 71 23 89 42 11 56 2  24 49 87 
1  6  95 5  4  0  7  2  94 40 47 44 42 45 41 43 9  11 92 8  15 12 10 13 93 22 21 18 16 19 23 17 81 86 84 87 83 85 97 82 58 56 59 63 57 91 62 61 28 26 29 25 27 90 24 31 73 72 77 75 78 74 76 89 32 35 39 33 98 38 37 34 69 88 66 65 70 68 71 67 52 51 48 54 49 53 55 96 36 64 20 79 46 14 60 3  30 50 80 
7  3  0  95 6  5  2  1  43 45 94 42 41 46 44 47 11 8  14 9  13 15 92 12 19 16 22 17 21 23 93 20 83 82 87 85 80 84 86 97 56 63 60 58 61 57 59 91 90 27 26 31 29 24 28 30 79 76 74 77 73 75 89 72 34 38 32 98 37 36 33 39 68 70 88 67 66 71 69 64 96 53 52 49 55 50 54 48 35 65 18 78 40 10 62 4  25 51 81 
4  0  1  2  95 7  6  3  42 43 44 45 46 47 40 41 92 14 13 10 8  11 15 9  18 93 23 22 19 17 20 16 97 84 83 80 86 81 85 87 59 60 61 62 63 56 57 58 25 28 24 26 90 31 30 27 74 78 72 89 77 76 73 79 98 34 33 38 36 39 35 37 65 69 71 88 68 67 64 70 49 96 54 53 50 48 51 55 32 66 21 75 94 12 91 5  29 52 82 
2  4  5  0  3  95 1  7  47 46 43 41 44 40 42 94 8  9  10 11 12 13 14 15 23 21 16 20 22 93 19 18 80 97 85 84 81 87 82 86 63 58 62 56 91 61 60 57 24 29 27 30 26 28 90 25 78 89 75 74 79 77 72 76 39 36 34 37 33 35 98 32 71 66 70 64 88 69 68 65 48 50 96 55 54 51 49 52 38 67 17 73 45 92 59 6  31 53 83 
5  1  3  6  2  4  95 0  45 42 40 43 47 41 94 46 15 13 8  12 14 92 11 10 21 20 17 23 18 22 16 93 87 81 97 86 85 82 80 83 57 61 63 91 60 59 56 62 29 30 31 24 25 26 27 28 72 75 79 73 89 78 77 74 38 98 35 34 39 37 32 36 66 64 67 71 65 88 70 69 53 49 51 96 48 55 52 50 33 68 19 76 44 9  58 7  90 54 84 
71 65 66 70 64 88 69 68 10 9  14 12 15 11 13 92 25 31 26 30 24 90 29 28 2  5  0  3  95 1  7  4  16 23 20 18 21 17 19 93 52 96 49 48 53 51 54 50 91 60 59 56 62 57 61 63 33 34 35 36 37 38 39 32 81 84 80 82 97 87 86 83 42 94 47 46 43 41 44 40 74 79 77 72 76 78 89 75 85 45 6  98 8  27 55 67 58 73 22 
69 67 88 66 65 70 68 71 92 11 10 15 13 8  12 14 31 30 27 25 28 24 26 90 1  95 5  4  0  7  2  6  21 93 18 17 22 20 23 19 96 48 55 52 50 53 49 51 57 62 60 63 59 61 91 58 98 39 38 35 33 36 32 34 83 87 81 97 86 85 82 80 41 43 94 40 47 44 42 45 75 78 74 76 89 73 72 77 84 46 3  37 9  29 54 64 56 79 16 
64 88 71 68 66 69 65 67 15 92 12 11 8  14 9  13 26 27 28 29 30 31 24 25 3  2  7  5  1  4  6  95 19 20 21 22 23 16 17 18 49 55 50 54 48 96 53 52 56 91 61 60 57 63 58 62 38 37 34 32 35 39 33 98 97 83 82 87 85 80 84 86 46 42 44 94 41 40 45 43 76 75 72 78 73 77 79 89 81 47 0  36 10 90 51 70 59 74 93 
68 64 70 88 67 66 71 69 14 8  92 13 12 9  15 10 30 25 29 31 90 28 27 24 7  0  95 6  5  2  1  3  22 19 17 20 16 18 93 23 48 52 54 96 51 50 55 53 61 59 62 58 60 91 57 56 37 32 36 38 98 35 34 39 80 85 83 86 82 84 97 81 44 47 43 45 94 42 41 46 77 73 75 89 72 79 76 74 87 40 4  33 11 26 49 65 63 78 21 
70 71 67 65 68 64 66 88 11 15 9  92 14 13 10 8  24 28 30 90 27 26 31 29 0  6  4  7  3  5  95 2  18 16 19 23 17 93 22 21 53 50 48 51 55 49 96 54 59 58 63 61 56 60 62 91 34 36 98 33 32 37 35 38 87 97 84 83 80 86 81 85 47 45 40 44 46 94 43 42 78 76 79 75 77 89 74 73 82 41 1  39 12 25 52 69 57 72 20 
88 68 65 64 69 67 70 66 9  12 8  10 92 15 14 11 90 24 31 28 26 29 25 27 95 4  3  1  6  0  5  7  20 22 93 19 18 23 21 16 51 53 96 50 49 54 52 55 62 63 56 57 58 59 60 61 32 38 33 37 39 98 36 35 84 82 85 81 83 97 80 87 43 40 46 41 45 47 94 44 79 72 73 74 75 76 77 78 86 42 2  34 13 30 48 71 91 89 17 
67 66 68 69 70 71 64 65 12 10 13 9  11 92 8  15 29 26 24 27 31 25 90 30 6  7  1  0  2  3  4  5  93 17 16 21 19 22 18 20 54 49 53 55 96 52 51 48 58 61 57 59 91 56 63 60 35 98 32 39 36 34 37 33 82 81 86 84 87 83 85 97 45 44 41 47 42 46 40 94 72 74 89 79 78 75 73 76 80 43 95 38 14 28 50 88 62 77 23 
66 69 64 67 71 65 88 70 8  13 11 14 10 12 92 9  28 90 25 24 29 27 30 26 5  3  6  2  4  95 0  1  17 21 23 93 20 19 16 22 50 51 52 53 54 55 48 49 60 56 58 91 63 62 59 57 39 35 37 98 34 33 38 36 85 86 87 80 81 82 83 84 94 46 45 42 40 43 47 41 73 89 78 77 74 72 75 79 97 44 7  32 15 31 96 68 61 76 18 
77 76 78 79 72 73 74 75 82 81 86 84 87 83 85 97 18 17 22 20 23 19 21 93 96 51 50 55 53 48 52 54 57 58 59 60 61 62 63 56 67 64 70 65 69 71 88 68 1  95 5  4  0  7  2  6  9  15 10 14 8  92 13 12 90 29 28 25 31 26 30 24 38 33 37 39 98 36 35 32 40 44 46 94 43 42 47 45 27 34 49 11 80 16 66 89 3  41 91 
78 74 72 89 77 76 73 79 80 85 83 86 82 84 97 81 93 19 18 23 21 16 20 22 51 55 49 96 54 53 50 48 62 61 58 56 59 63 57 91 68 71 67 69 88 66 65 70 95 4  3  1  6  0  5  7  13 10 8  11 15 9  92 14 27 30 26 28 90 25 24 29 33 39 34 38 32 98 37 36 41 47 42 46 40 94 45 44 31 35 52 12 87 17 64 75 2  43 60 
79 77 89 76 75 72 78 73 83 87 81 97 86 85 82 80 23 93 20 19 16 22 17 21 50 49 54 52 55 51 53 96 60 57 63 58 62 56 91 61 69 68 65 71 66 70 64 88 5  3  6  2  4  95 0  1  15 14 11 9  12 8  10 92 26 31 29 24 28 30 90 27 37 34 32 35 39 33 98 38 42 43 44 45 46 47 40 41 25 36 48 13 84 18 67 74 7  94 59 
72 73 77 75 78 74 76 89 87 97 84 83 80 86 81 85 22 16 93 21 20 17 23 18 55 96 52 51 48 54 49 53 63 59 61 91 58 57 62 60 70 66 68 88 65 64 69 67 4  1  2  95 7  6  3  0  92 8  15 12 10 13 9  11 31 24 25 26 27 28 29 30 39 38 35 33 36 32 34 98 43 45 94 42 41 46 44 47 90 37 50 14 82 19 71 79 5  40 56 
73 75 76 72 74 89 79 78 81 84 80 82 97 87 86 83 19 23 17 93 22 21 18 16 53 54 55 48 49 50 51 52 59 91 56 63 60 58 61 57 71 69 64 68 70 88 67 66 0  6  4  7  3  5  95 2  12 92 9  8  13 11 14 10 29 25 27 90 24 31 28 26 98 32 39 36 34 37 33 35 44 94 41 40 45 43 46 42 30 38 96 15 85 20 65 77 1  47 62 
74 89 73 78 76 79 75 77 97 83 82 87 85 80 84 86 17 20 16 18 93 23 22 19 48 53 51 54 50 52 96 49 61 56 60 62 91 59 58 63 64 65 66 67 68 69 70 71 7  0  95 6  5  2  1  3  11 13 92 10 9  14 12 15 24 26 90 31 30 27 25 28 36 98 33 32 37 35 38 34 45 42 40 43 47 41 94 46 29 39 55 8  81 21 88 72 4  44 57 
75 72 79 73 89 78 77 74 86 80 97 85 84 81 87 82 20 18 21 17 19 93 16 23 52 50 53 49 51 96 48 55 91 63 62 59 57 60 56 58 65 67 88 64 71 68 66 69 2  5  0  3  95 1  7  4  8  12 14 92 11 10 15 13 28 27 24 30 25 29 31 90 35 37 98 34 33 38 36 39 46 41 45 47 94 44 43 40 26 32 54 9  83 22 70 76 6  42 61 
76 79 74 77 73 75 89 72 85 86 87 80 81 82 83 84 16 21 19 22 18 20 93 17 54 48 96 53 52 49 55 50 58 60 91 57 56 61 59 62 66 88 71 70 67 65 68 64 6  7  1  0  2  3  4  5  14 9  13 15 92 12 11 8  30 28 31 27 29 90 26 25 32 36 38 98 35 34 39 37 47 46 43 41 44 40 42 94 24 33 51 10 97 23 69 78 95 45 63 
57 58 62 60 63 59 61 91 76 75 72 78 73 77 79 89 98 37 36 33 39 34 38 32 26 25 30 28 31 27 29 90 14 15 8  9  10 11 12 13 93 19 18 23 21 16 20 22 81 85 87 97 84 83 80 86 70 65 69 71 88 68 67 64 45 42 40 43 47 41 94 46 50 49 54 52 55 51 53 96 2  95 7  6  3  0  4  1  44 48 24 66 74 35 17 56 82 5  92 
58 60 61 57 59 91 56 63 79 72 73 74 75 76 77 78 35 38 34 36 98 33 32 37 90 27 26 31 29 24 28 30 15 9  92 14 13 10 8  11 17 20 16 18 93 23 22 19 86 83 81 84 80 82 97 87 71 70 67 65 68 64 66 88 94 40 47 44 42 45 41 43 96 51 50 55 53 48 52 54 4  7  3  5  95 2  0  6  46 49 25 69 89 39 21 62 85 1  12 
59 91 58 63 61 56 60 62 75 78 74 76 89 73 72 77 34 39 37 32 36 38 98 35 31 90 28 27 24 30 25 29 8  92 13 12 9  15 10 14 16 21 19 22 18 20 93 17 84 86 97 83 82 87 85 80 64 68 70 88 67 66 71 69 42 43 44 45 46 47 40 41 55 96 52 51 48 54 49 53 95 6  5  2  1  3  7  0  94 50 26 65 79 33 23 57 81 4  11 
60 57 56 58 91 63 62 59 77 73 75 89 72 79 76 74 39 32 33 34 35 36 37 38 30 24 90 29 28 25 31 26 9  14 12 15 11 13 92 10 21 22 23 16 17 18 19 20 87 82 86 80 97 85 84 81 65 71 66 70 64 88 69 68 41 47 42 46 40 94 45 44 54 48 96 53 52 49 55 50 0  3  95 1  7  4  2  5  43 51 27 67 78 98 93 61 83 6  8  
61 56 59 62 58 60 91 57 89 77 76 73 79 74 78 72 37 33 35 98 32 39 36 34 27 31 25 90 30 29 26 24 10 13 9  11 92 8  15 12 19 23 17 93 22 21 18 16 83 84 85 86 87 80 81 82 66 67 68 69 70 71 64 65 46 41 45 47 94 44 43 40 51 55 49 96 54 53 50 48 1  0  2  3  4  5  6  7  42 52 28 88 75 38 20 63 97 95 14 
62 61 63 56 57 58 59 60 74 79 77 72 76 78 89 75 32 34 98 39 38 35 33 36 25 28 24 26 90 31 30 27 11 10 15 13 8  12 14 92 22 16 93 21 20 17 23 18 85 97 82 81 86 84 87 83 67 69 88 66 65 70 68 71 44 94 41 40 45 43 46 42 49 52 48 50 96 55 54 51 5  4  0  7  2  6  1  95 47 53 29 64 73 37 19 91 80 3  9  
63 59 57 91 62 61 58 56 73 89 78 77 74 72 75 79 36 35 32 38 33 37 39 98 28 26 29 25 27 90 24 31 12 8  10 92 15 14 11 9  18 17 22 20 23 19 21 93 97 81 80 85 83 86 82 84 68 88 65 64 69 67 70 66 47 46 43 41 44 40 42 94 52 50 53 49 51 96 48 55 3  1  6  0  5  7  95 4  45 54 30 71 76 34 16 60 87 2  13 
56 62 91 61 60 57 63 58 78 76 79 75 77 89 74 73 38 36 39 35 37 98 34 33 24 29 27 30 26 28 90 25 13 11 14 10 12 92 9  8  20 18 21 17 19 93 16 23 82 80 83 87 81 97 86 85 69 66 64 67 71 65 88 70 43 45 94 42 41 46 44 47 48 53 51 54 50 52 96 49 6  2  4  95 0  1  5  3  40 55 31 68 72 32 22 59 84 7  15 
19 20 16 22 17 21 23 93 88 67 66 71 69 64 68 70 41 44 40 42 94 47 46 43 82 80 83 87 81 97 86 85 34 33 38 36 39 35 37 98 30 25 29 31 90 28 27 24 13 92 10 9  14 12 15 11 50 54 48 96 53 52 49 55 89 77 76 73 79 74 78 72 7  0  95 6  5  2  1  3  58 91 63 62 59 57 60 56 75 4  84 51 65 45 26 18 8  61 32 
18 16 93 23 22 19 17 20 71 88 68 67 64 70 65 69 46 40 94 45 44 41 47 42 84 86 97 83 82 87 85 80 98 35 34 39 37 32 36 38 27 29 90 26 25 30 28 31 8  15 12 10 13 9  11 92 48 51 55 49 96 54 53 50 73 89 78 77 74 72 75 79 4  1  2  95 7  6  3  0  62 58 60 91 57 56 61 59 76 5  81 52 66 43 24 21 14 63 33 
23 18 21 16 20 22 93 19 70 64 88 69 68 65 71 66 44 42 45 41 43 94 40 47 97 81 80 85 83 86 82 84 39 98 36 35 32 38 33 37 25 31 26 30 24 90 29 28 12 14 92 11 10 15 13 8  51 49 52 48 50 96 55 54 72 74 89 79 78 75 73 76 2  5  0  3  95 1  7  4  56 57 58 59 60 61 62 63 77 6  87 53 67 46 27 17 9  91 34 
21 93 20 17 23 18 22 16 67 71 65 88 70 69 66 64 47 94 44 43 40 46 41 45 81 85 87 97 84 83 80 86 38 32 98 37 36 33 39 34 28 90 25 24 29 27 30 26 14 11 9  12 8  10 92 15 55 52 50 53 49 51 96 48 77 73 75 89 72 79 76 74 5  3  6  2  4  95 0  1  91 62 61 58 56 59 63 57 78 7  82 54 68 42 31 19 13 60 35 
16 23 17 18 19 20 21 22 65 68 64 66 88 71 70 67 43 47 41 94 46 45 42 40 80 87 84 82 85 81 83 97 35 39 33 98 38 37 34 32 24 28 30 90 27 26 31 29 92 9  8  13 11 14 10 12 49 48 53 51 54 50 52 96 75 78 74 76 89 73 72 77 0  6  4  7  3  5  95 2  61 60 57 63 58 62 56 91 79 1  86 55 69 44 25 93 15 59 36 
20 22 23 19 21 93 18 17 68 66 69 65 67 88 64 71 45 46 47 40 41 42 43 44 85 97 82 81 86 84 87 83 33 36 32 34 98 39 38 35 26 27 28 29 30 31 24 25 11 12 13 14 15 8  9  10 96 50 49 54 52 55 51 53 78 76 79 75 77 89 74 73 3  2  7  5  1  4  6  95 60 63 59 61 91 58 57 62 72 0  80 48 70 94 90 16 92 56 37 
22 19 18 20 93 17 16 21 64 69 67 70 66 68 88 65 94 43 42 47 45 40 44 46 83 84 85 86 87 80 81 82 36 34 37 33 35 98 32 39 90 24 31 28 26 29 25 27 10 8  11 15 9  92 14 13 54 96 51 50 55 53 48 52 74 79 77 72 76 78 89 75 95 4  3  1  6  0  5  7  57 59 91 56 63 60 58 61 73 2  97 49 71 41 30 23 12 62 38 
93 17 22 21 18 16 19 23 66 65 70 68 71 67 69 88 42 41 46 44 47 43 45 94 86 83 81 84 80 82 97 87 32 37 35 38 34 36 98 33 31 30 27 25 28 24 26 90 15 10 14 8  92 13 12 9  53 55 96 52 51 48 54 49 76 75 72 78 73 77 79 89 1  95 5  4  0  7  2  6  63 61 56 60 62 91 59 58 74 3  85 50 64 40 29 20 11 57 39 
35 39 37 98 34 33 38 36 93 16 23 20 18 21 17 19 4  6  95 3  2  7  5  1  75 79 73 89 78 77 74 72 53 52 49 55 50 54 48 96 42 41 46 44 47 43 45 94 71 66 70 64 88 69 68 65 25 24 29 27 30 26 28 90 57 59 91 56 63 60 58 61 87 82 86 80 97 85 84 81 92 11 10 15 13 8  12 14 62 83 76 31 22 0  40 32 67 9  51 
37 38 34 32 35 39 33 98 22 17 21 23 93 20 19 16 1  7  4  2  5  0  3  95 79 89 76 75 72 78 73 77 54 50 52 96 49 48 53 51 94 43 42 47 45 40 44 46 66 64 67 71 65 88 70 69 28 29 30 31 24 25 26 27 62 58 60 91 57 56 61 59 82 80 83 87 81 97 86 85 9  12 8  10 92 15 14 11 63 84 74 90 18 6  41 36 68 13 55 
98 35 32 39 36 34 37 33 21 18 16 19 23 17 93 22 2  1  3  7  0  95 6  5  73 76 72 74 89 79 78 75 55 53 48 52 54 96 51 50 47 94 44 43 40 46 41 45 70 67 65 68 64 66 88 71 24 27 31 25 90 30 29 26 60 63 59 61 91 58 57 62 86 83 81 84 80 82 97 87 8  13 11 14 10 12 92 9  56 85 77 28 20 4  42 38 69 15 49 
34 33 35 36 37 38 39 32 18 19 20 21 22 23 16 17 95 0  1  5  3  6  2  4  89 75 74 79 77 72 76 78 48 49 50 51 52 53 54 55 46 40 94 45 44 41 47 42 64 71 68 66 69 65 67 88 26 30 24 90 29 28 25 31 63 61 56 60 62 91 59 58 80 87 84 82 85 81 83 97 13 14 15 8  9  10 11 12 57 86 73 27 93 7  43 98 70 92 96 
33 36 39 34 38 32 98 37 16 20 22 93 19 18 23 21 7  2  6  1  95 5  4  0  78 72 89 77 76 73 79 74 49 51 96 48 55 52 50 53 43 47 41 94 46 45 42 40 88 65 64 69 67 70 66 68 90 26 25 30 28 31 27 29 59 56 62 57 61 63 91 60 97 81 80 85 83 86 82 84 11 15 9  92 14 13 10 8  58 87 75 24 17 3  44 35 71 12 54 
38 32 33 37 39 98 36 35 19 21 93 18 17 22 20 23 6  3  0  4  1  2  95 7  77 78 79 72 73 74 75 76 50 96 55 54 51 49 52 48 41 44 40 42 94 47 46 43 69 88 66 65 70 68 71 67 31 28 26 29 25 27 90 24 61 60 57 63 58 62 56 91 85 97 82 81 86 84 87 83 14 8  92 13 12 9  15 10 59 80 89 30 16 5  45 34 64 11 53 
36 34 98 33 32 37 35 38 23 22 19 17 20 16 18 93 3  4  5  6  7  1  0  2  74 73 78 76 79 75 77 89 51 48 54 49 53 55 96 52 44 42 45 41 43 94 40 47 68 70 88 67 66 71 69 64 30 90 27 26 31 29 24 28 91 62 61 58 56 59 63 57 84 86 97 83 82 87 85 80 10 9  14 12 15 11 13 92 60 81 72 25 21 95 46 39 65 8  50 
39 98 38 35 33 36 32 34 17 23 18 22 16 93 21 20 0  5  7  95 4  3  1  6  72 77 75 78 74 76 89 73 52 55 51 53 96 50 49 54 40 45 43 46 42 44 94 41 65 69 71 88 68 67 64 70 27 25 28 24 26 90 31 30 58 91 63 62 59 57 60 56 81 85 87 97 84 83 80 86 12 10 13 9  11 92 8  15 61 82 79 29 19 2  47 37 66 14 48 
45 94 44 41 47 42 46 40 30 28 31 27 29 90 26 25 60 62 91 59 58 63 61 56 67 68 69 70 71 64 65 66 1  6  0  5  7  95 4  3  76 89 73 72 77 75 78 74 50 49 54 52 55 51 53 96 87 86 83 81 84 80 82 97 19 21 93 18 17 22 20 23 10 8  11 15 9  92 14 13 39 36 34 37 33 35 98 32 16 12 88 85 24 57 79 43 48 38 2  
94 41 46 45 42 40 43 47 26 31 29 24 28 30 90 27 57 61 63 91 60 59 56 62 66 64 67 71 65 88 70 69 6  5  2  1  3  7  0  95 79 78 75 73 76 72 74 89 96 51 50 55 53 48 52 54 81 87 82 86 80 97 85 84 20 93 17 16 21 19 22 18 13 92 10 9  14 12 15 11 98 34 33 38 36 39 35 37 23 8  68 83 25 58 77 44 49 32 4  
42 40 94 47 46 43 41 44 28 27 24 30 25 29 31 90 63 58 62 56 91 61 60 57 71 66 70 64 88 69 68 65 0  2  3  4  5  6  7  1  75 77 89 74 73 78 76 79 55 96 52 51 48 54 49 53 97 80 87 84 82 85 81 83 21 18 16 19 23 17 93 22 9  13 15 92 12 11 8  14 36 37 38 39 32 33 34 35 20 10 67 86 26 59 72 45 50 98 95 
41 45 43 94 40 47 44 42 90 29 28 25 31 26 30 24 58 56 59 63 57 91 62 61 69 88 66 65 70 68 71 67 5  1  4  6  95 3  2  7  77 74 72 75 79 73 89 78 54 48 96 53 52 49 55 50 86 81 85 87 97 84 83 80 22 17 21 23 93 20 19 16 11 12 13 14 15 8  9  10 35 33 36 32 34 98 39 38 18 92 64 82 27 60 76 46 51 37 0  
46 43 42 44 94 41 40 45 25 90 30 29 26 24 27 31 62 59 57 60 56 58 91 63 64 71 68 66 69 65 67 88 7  3  5  95 2  0  6  4  89 72 79 76 74 77 73 75 51 55 49 96 54 53 50 48 85 82 80 83 87 81 97 86 23 22 19 17 20 16 18 93 92 9  8  13 11 14 10 12 32 35 39 33 98 38 37 34 21 15 70 84 28 61 78 47 52 36 1  
44 46 47 43 45 94 42 41 24 26 90 31 30 27 25 28 56 63 60 58 61 57 59 91 68 70 88 67 66 71 69 64 95 7  6  3  0  4  1  2  74 75 76 77 78 79 72 73 49 52 48 50 96 55 54 51 82 83 84 85 86 87 80 81 16 20 22 93 19 18 23 21 8  15 12 10 13 9  11 92 38 98 35 34 39 37 32 36 17 14 65 97 29 62 89 40 53 33 5  
47 42 45 40 44 46 94 43 29 25 27 90 24 31 28 26 91 57 56 61 59 62 58 60 70 67 65 68 64 66 88 71 4  0  7  2  6  1  95 5  73 79 74 78 72 89 77 76 52 50 53 49 51 96 48 55 80 84 86 97 83 82 87 85 17 23 18 22 16 93 21 20 15 10 14 8  92 13 12 9  33 32 37 35 38 34 36 98 19 11 69 81 30 63 75 41 54 39 3  
43 44 40 46 41 45 47 94 27 30 26 28 90 25 24 29 61 91 58 57 62 60 63 59 88 65 64 69 67 70 66 68 3  95 1  7  4  2  5  0  78 73 77 79 89 76 75 72 48 53 51 54 50 52 96 49 83 85 97 82 81 86 84 87 18 19 20 21 22 23 16 17 12 14 92 11 10 15 13 8  37 39 98 36 35 32 38 33 93 9  71 80 31 56 74 42 55 34 6  
87 81 82 86 80 97 85 84 1  0  2  3  4  5  6  7  65 67 88 64 71 68 66 69 35 37 98 34 33 38 36 39 73 75 89 72 79 76 74 77 14 10 12 92 9  8  13 11 42 94 47 46 43 41 44 40 58 57 62 60 63 59 61 91 50 55 53 48 52 54 96 51 17 19 93 16 23 20 18 21 27 30 26 28 90 25 24 29 49 22 32 56 95 70 15 83 45 31 78 
97 84 81 80 85 83 86 82 0  3  95 1  7  4  2  5  68 71 67 69 88 66 65 70 33 39 34 38 32 98 37 36 89 78 77 74 72 75 79 73 8  9  10 11 12 13 14 15 43 40 46 41 45 47 94 44 91 59 58 63 61 56 60 62 55 48 49 50 51 52 53 54 23 21 16 20 22 93 19 18 30 28 31 27 29 90 26 25 96 17 35 57 6  64 92 87 42 24 76 
84 80 86 97 83 82 87 85 2  95 7  6  3  0  4  1  64 65 66 67 68 69 70 71 36 98 33 32 37 35 38 34 78 74 76 89 73 72 77 75 92 14 13 10 8  11 15 9  44 47 43 45 94 42 41 46 63 91 60 59 56 62 57 61 53 49 51 96 48 55 52 50 18 93 23 22 19 17 20 16 26 31 29 24 28 30 90 27 54 21 39 58 5  88 12 81 40 25 79 
83 82 84 85 86 87 80 81 3  1  6  0  5  7  95 4  66 88 71 70 67 65 68 64 32 36 38 98 35 34 39 37 77 76 73 79 74 78 72 89 13 12 9  15 10 14 8  92 45 44 41 47 42 46 40 94 62 56 91 61 60 57 63 58 48 50 96 55 54 51 49 52 22 18 20 93 17 16 21 19 28 27 24 30 25 29 31 90 53 23 33 59 2  69 11 97 43 26 75 
80 97 87 84 82 85 81 83 4  7  3  5  95 2  0  6  88 70 69 66 64 67 71 65 34 35 36 37 38 39 32 33 74 89 79 78 75 73 76 72 12 15 11 13 92 10 9  14 46 42 44 94 41 40 45 43 59 63 57 91 62 61 58 56 52 51 48 54 49 53 55 96 16 17 18 19 20 21 22 23 90 29 28 25 31 26 30 24 50 93 98 60 1  68 8  86 47 27 77 
86 87 83 81 84 80 82 97 5  4  0  7  2  6  1  95 71 69 64 68 70 88 67 66 98 32 39 36 34 37 33 35 72 73 74 75 76 77 78 79 9  11 92 8  15 12 10 13 47 45 40 44 46 94 43 42 57 60 56 58 91 63 62 59 54 52 55 51 53 96 50 49 93 22 21 18 16 19 23 17 25 90 30 29 26 24 27 31 48 20 38 61 3  65 14 85 41 28 89 
81 86 85 87 97 84 83 80 6  2  4  95 0  1  5  3  70 66 68 88 65 64 69 67 39 38 35 33 36 32 34 98 75 72 78 73 77 79 89 76 15 13 8  12 14 92 11 10 40 41 42 43 44 45 46 47 60 58 61 57 59 91 56 63 96 53 52 49 55 50 54 48 21 20 17 23 18 22 16 93 24 26 90 31 30 27 25 28 51 19 37 62 7  71 9  82 94 29 74 
85 83 97 82 81 86 84 87 7  5  1  4  6  95 3  2  67 64 70 65 69 71 88 68 38 33 37 39 98 36 35 32 79 77 72 76 78 89 75 74 10 92 15 14 11 9  12 8  41 43 94 40 47 44 42 45 56 61 59 62 58 60 91 57 51 54 50 52 96 49 48 53 20 23 19 21 93 18 17 22 29 25 27 90 24 31 28 26 55 16 34 63 0  66 13 80 46 30 73 
30 26 24 90 29 28 25 31 51 54 50 52 96 49 48 53 77 74 72 75 79 73 89 78 11 12 13 14 15 8  9  10 94 41 40 45 43 46 42 44 85 84 81 87 82 86 80 97 37 34 32 35 39 33 98 38 1  5  3  6  2  4  95 0  66 65 70 68 71 67 69 88 56 91 61 60 57 63 58 62 17 23 18 22 16 93 21 20 64 59 92 7  55 76 83 27 36 19 47 
25 27 28 24 26 90 31 30 53 49 51 96 48 55 52 50 74 75 76 77 78 79 72 73 8  15 12 10 13 9  11 92 43 44 45 46 47 40 41 42 84 87 83 85 97 82 81 86 33 39 34 38 32 98 37 36 7  95 4  3  1  6  0  5  88 67 66 71 69 64 68 70 63 57 91 62 61 58 56 59 20 93 17 16 21 19 22 18 65 60 14 2  54 89 80 29 35 23 94 
29 28 30 31 24 25 26 27 96 53 52 49 55 50 54 48 72 76 78 89 75 74 79 77 14 11 9  12 8  10 92 15 42 40 43 47 41 94 46 45 81 83 97 80 87 84 82 85 35 37 98 34 33 38 36 39 4  2  5  0  3  95 1  7  71 88 68 67 64 70 65 69 60 56 58 91 63 62 59 57 16 20 22 93 19 18 23 21 66 61 13 6  51 73 86 90 32 17 44 
31 29 90 28 27 24 30 25 50 55 53 48 52 54 96 51 75 77 89 74 73 78 76 79 9  13 15 92 12 11 8  14 47 42 46 40 94 45 44 41 87 85 80 84 86 97 83 82 98 32 39 36 34 37 33 35 2  0  6  4  7  3  5  95 70 64 88 69 68 65 71 66 58 61 57 59 91 56 63 60 18 19 20 21 22 23 16 17 67 62 10 1  49 72 81 26 38 93 43 
90 30 27 26 31 29 24 28 49 96 54 53 50 48 51 55 79 78 75 73 76 72 74 89 13 92 10 9  14 12 15 11 45 94 42 41 46 44 47 43 82 97 87 86 83 81 84 80 32 36 38 98 35 34 39 37 5  6  7  1  0  2  3  4  67 71 65 88 70 69 66 64 61 59 62 58 60 91 57 56 93 16 23 20 18 21 17 19 68 63 8  95 52 77 85 25 33 22 40 
28 31 26 29 25 27 90 24 54 52 55 51 53 96 50 49 73 79 74 78 72 89 77 76 15 10 14 8  92 13 12 9  40 47 44 42 45 41 43 94 86 82 84 97 81 80 85 83 39 38 35 33 36 32 34 98 0  4  1  2  95 7  6  3  65 68 64 66 88 71 70 67 57 62 60 63 59 61 91 58 23 22 19 17 20 16 18 93 69 56 11 5  48 75 87 30 37 21 46 
27 24 31 25 90 30 29 26 52 51 48 54 49 53 55 96 89 72 79 76 74 77 73 75 92 9  8  13 11 14 10 12 44 46 94 43 42 47 45 40 80 81 82 83 84 85 86 87 36 98 33 32 37 35 38 34 3  7  0  95 6  5  2  1  68 66 69 65 67 88 64 71 59 58 63 61 56 60 62 91 22 17 21 23 93 20 19 16 70 57 15 4  50 78 97 28 39 18 41 
24 25 29 27 30 26 28 90 55 48 49 50 51 52 53 54 78 73 77 79 89 76 75 72 12 14 92 11 10 15 13 8  46 43 41 44 40 42 94 47 97 86 85 82 80 83 87 81 34 35 36 37 38 39 32 33 95 3  2  7  5  1  4  6  64 69 67 70 66 68 88 65 91 60 59 56 62 57 61 63 19 21 93 18 17 22 20 23 71 58 9  0  96 74 84 31 98 16 45 
53 52 54 55 48 49 50 51 39 36 34 37 33 35 98 32 97 86 85 82 80 83 87 81 91 60 59 56 62 57 61 63 27 24 30 25 29 31 90 28 2  1  3  7  0  95 6  5  16 17 18 19 20 21 22 23 43 46 42 44 94 41 40 45 14 8  92 13 12 9  15 10 74 73 78 76 79 75 77 89 68 66 69 65 67 88 64 71 11 72 58 47 38 84 4  96 93 70 26 
52 55 50 53 49 51 96 48 98 34 33 38 36 39 35 37 84 87 83 85 97 82 81 86 63 57 91 62 61 58 56 59 24 25 26 27 28 29 30 31 4  6  95 3  2  7  5  1  23 21 16 20 22 93 19 18 44 43 40 46 41 45 47 94 15 92 12 11 8  14 9  13 89 75 74 79 77 72 76 78 64 69 67 70 66 68 88 65 10 73 60 42 32 80 0  54 17 71 90 
49 51 52 48 50 96 55 54 36 37 38 39 32 33 34 35 83 80 86 81 85 87 97 84 62 63 56 57 58 59 60 61 30 26 28 90 25 24 29 27 95 0  1  5  3  6  2  4  20 23 19 21 93 18 17 22 45 41 43 94 40 47 44 42 8  13 11 14 10 12 92 9  79 89 76 75 72 78 73 77 66 65 70 68 71 67 69 88 15 74 91 46 98 82 7  53 16 64 31 
55 53 96 52 51 48 54 49 35 33 36 32 34 98 39 38 80 81 82 83 84 85 86 87 59 58 63 61 56 60 62 91 25 27 90 24 31 28 26 29 0  5  7  95 4  3  1  6  18 93 23 22 19 17 20 16 46 44 47 43 45 94 42 41 9  12 8  10 92 15 14 11 78 72 89 77 76 73 79 74 88 67 66 71 69 64 68 70 13 75 57 40 37 97 2  50 21 65 30 
50 96 49 54 52 55 51 53 32 35 39 33 98 38 37 34 86 82 84 97 81 80 85 83 57 62 60 63 59 61 91 58 29 28 25 31 26 30 24 90 1  7  4  2  5  0  3  95 21 20 17 23 18 22 16 93 47 40 41 42 43 44 45 46 10 9  14 12 15 11 13 92 75 79 73 89 78 77 74 72 71 88 68 67 64 70 65 69 8  76 56 94 36 87 6  48 19 66 27 
54 50 48 96 53 52 49 55 38 98 35 34 39 37 32 36 81 83 97 80 87 84 82 85 60 56 58 91 63 62 59 57 31 29 24 28 30 90 27 26 5  95 2  0  6  4  7  3  17 19 93 16 23 20 18 21 40 42 94 47 46 43 41 44 11 15 9  92 14 13 10 8  73 76 72 74 89 79 78 75 70 64 88 69 68 65 71 66 12 77 61 45 33 86 1  51 22 67 25 
48 49 53 51 54 50 52 96 33 32 37 35 38 34 36 98 85 84 81 87 82 86 80 97 56 91 61 60 57 63 58 62 90 30 29 26 24 27 31 25 3  4  5  6  7  1  0  2  19 16 22 17 21 23 93 20 41 94 46 45 42 40 43 47 12 10 13 9  11 92 8  15 76 74 77 73 75 89 72 79 67 71 65 88 70 69 66 64 14 78 59 44 39 83 95 55 18 68 28 
96 54 51 50 55 53 48 52 37 39 98 36 35 32 38 33 87 85 80 84 86 97 83 82 58 61 57 59 91 56 63 60 28 31 27 29 90 26 25 30 6  3  0  4  1  2  95 7  93 22 21 18 16 19 23 17 42 47 45 40 44 46 94 43 13 14 15 8  9  10 11 12 72 77 75 78 74 76 89 73 65 68 64 66 88 71 70 67 92 79 62 41 34 81 5  49 20 69 24 
9  14 13 15 92 12 11 8  57 59 91 56 63 60 58 61 52 96 49 48 53 51 54 50 42 94 47 46 43 41 44 40 70 71 64 65 66 67 68 69 35 38 34 36 98 33 32 37 73 76 72 74 89 79 78 75 23 16 17 18 19 20 21 22 5  4  0  7  2  6  1  95 31 90 28 27 24 30 25 29 82 81 86 84 87 83 85 97 3  26 45 93 62 55 39 10 77 80 88 
11 10 12 13 14 15 8  9  61 60 57 63 58 62 56 91 96 48 55 52 50 53 49 51 41 43 94 40 47 44 42 45 66 69 65 67 88 64 71 68 38 36 39 35 37 98 34 33 79 89 76 75 72 78 73 77 93 21 20 17 23 18 22 16 95 6  5  2  1  3  7  0  30 24 90 29 28 25 31 26 97 83 82 87 85 80 84 86 4  27 46 19 59 54 32 92 74 81 70 
92 12 9  8  13 11 14 10 63 61 56 60 62 91 59 58 49 55 50 54 48 96 53 52 46 42 44 94 41 40 45 43 68 64 66 88 71 70 67 65 34 39 37 32 36 38 98 35 74 73 78 76 79 75 77 89 20 19 16 22 17 21 23 93 2  95 7  6  3  0  4  1  27 31 25 90 30 29 26 24 87 97 84 83 80 86 81 85 5  28 47 18 57 51 33 15 72 82 69 
8  92 15 12 10 13 9  11 91 62 61 58 56 59 63 57 48 52 54 96 51 50 55 53 44 47 43 45 94 42 41 46 88 68 67 64 70 65 69 71 36 35 32 38 33 37 39 98 78 72 89 77 76 73 79 74 19 22 18 20 93 17 16 21 0  3  95 1  7  4  2  5  25 28 24 26 90 31 30 27 86 80 97 85 84 81 87 82 6  29 40 23 60 49 34 14 75 83 66 
15 9  10 14 8  92 13 12 60 63 59 61 91 58 57 62 53 50 48 51 55 49 96 54 47 45 40 44 46 94 43 42 65 70 68 71 67 69 88 66 98 37 36 33 39 34 38 32 72 77 75 78 74 76 89 73 16 18 93 23 22 19 17 20 6  2  4  95 0  1  5  3  28 26 29 25 27 90 24 31 83 87 81 97 86 85 82 80 7  30 41 21 56 52 35 11 79 84 64 
12 8  14 92 11 10 15 13 59 56 62 57 61 63 91 60 51 53 96 50 49 54 52 55 43 40 46 41 45 47 94 44 64 88 69 68 65 71 66 70 33 98 38 37 34 32 35 39 89 75 74 79 77 72 76 78 22 20 23 19 21 93 18 17 4  7  3  5  95 2  0  6  24 29 27 30 26 28 90 25 81 84 80 82 97 87 86 83 1  31 42 16 58 48 36 9  73 85 67 
10 13 8  11 15 9  92 14 56 57 58 59 60 61 62 63 54 49 53 55 96 52 51 48 45 44 41 47 42 46 40 94 69 67 70 66 68 88 65 64 32 34 98 39 38 35 33 36 77 78 79 72 73 74 75 76 17 93 22 21 18 16 19 23 7  5  1  4  6  95 3  2  26 25 30 28 31 27 29 90 84 82 85 81 83 97 80 87 0  24 43 20 91 50 37 12 89 86 71 
13 11 92 10 9  14 12 15 62 58 60 91 57 56 61 59 50 51 52 53 54 55 48 49 94 46 45 42 40 43 47 41 67 66 71 69 64 68 70 88 37 33 35 98 32 39 36 34 76 74 77 73 75 89 72 79 21 17 19 93 16 23 20 18 3  1  6  0  5  7  95 4  90 27 26 31 29 24 28 30 80 85 83 86 82 84 97 81 2  25 44 22 63 96 38 8  78 87 65 
26 90 25 30 28 31 27 29 48 50 96 55 54 51 49 52 76 89 73 72 77 75 78 74 10 8  11 15 9  92 14 13 41 45 47 94 44 43 40 46 83 80 86 81 85 87 97 84 38 33 37 39 98 36 35 32 6  1  95 5  4  0  7  2  69 70 71 64 65 66 67 68 62 63 56 57 58 59 60 61 21 18 16 19 23 17 93 22 88 91 12 3  53 79 82 24 34 20 42 
51 48 55 49 96 54 53 50 34 38 32 98 37 36 33 39 82 97 87 86 83 81 84 80 61 59 62 58 60 91 57 56 26 90 31 30 27 25 28 24 7  2  6  1  95 5  4  0  22 18 20 93 17 16 21 19 94 45 44 41 47 42 46 40 92 11 10 15 13 8  12 14 77 78 79 72 73 74 75 76 69 70 71 64 65 66 67 68 9  89 63 43 35 85 3  52 23 88 29 
91 63 60 59 56 62 57 61 72 74 89 79 78 75 73 76 33 98 38 37 34 32 35 39 29 30 31 24 25 26 27 28 92 12 11 8  14 9  13 15 23 93 20 19 16 22 17 21 80 87 84 82 85 81 83 97 88 64 71 68 66 69 65 67 40 44 46 94 43 42 47 45 53 54 55 48 49 50 51 52 7  5  1  4  6  95 3  2  41 96 90 70 77 36 18 58 86 0  10 
82 85 80 83 87 81 97 86 95 6  5  2  1  3  7  0  69 68 65 71 66 70 64 88 37 34 32 35 39 33 98 38 76 79 75 77 89 74 73 78 11 8  14 9  13 15 92 12 94 46 45 42 40 43 47 41 61 62 63 56 57 58 59 60 49 96 54 53 50 48 51 55 19 16 22 17 21 23 93 20 31 24 25 26 27 28 29 30 52 18 36 91 4  67 10 84 44 90 72 
65 70 69 71 88 68 67 64 13 14 15 8  9  10 11 12 27 29 90 26 25 30 28 31 4  1  2  95 7  6  3  0  23 18 22 16 93 21 20 17 55 54 51 49 52 48 50 96 63 57 91 62 61 58 56 59 36 33 39 34 38 32 98 37 86 80 97 85 84 81 87 82 40 41 42 43 44 45 46 47 89 77 76 73 79 74 78 72 83 94 5  35 92 24 53 66 60 75 19 
89 78 75 74 79 77 72 76 84 82 85 81 83 97 80 87 21 22 23 16 17 18 19 20 49 52 48 50 96 55 54 51 56 62 57 61 63 91 60 59 88 70 69 66 64 67 71 65 3  2  7  5  1  4  6  95 10 11 12 13 14 15 8  9  25 90 30 29 26 24 27 31 34 35 36 37 38 39 32 33 94 40 47 44 42 45 41 43 28 98 53 92 86 93 68 73 0  46 58 
32 37 36 38 98 35 34 39 20 93 17 16 21 19 22 18 5  95 2  0  6  4  7  3  76 74 77 73 75 89 72 79 96 54 53 50 48 51 55 49 45 46 47 40 41 42 43 44 67 68 69 70 71 64 65 66 29 31 90 28 27 24 30 25 56 57 58 59 60 61 62 63 83 84 85 86 87 80 81 82 15 92 12 11 8  14 9  13 91 97 78 26 23 1  94 33 88 10 52 
6  5  7  1  0  2  3  4  41 47 42 46 40 94 45 44 14 10 12 92 9  8  13 11 17 19 93 16 23 20 18 21 86 87 80 81 82 83 84 85 60 62 91 59 58 63 61 56 31 90 28 27 24 30 25 29 75 73 76 72 74 89 79 78 37 39 98 36 35 32 38 33 67 68 69 70 71 64 65 66 55 48 49 50 51 52 53 54 34 88 22 77 43 15 57 95 26 96 97 
40 47 41 42 43 44 45 46 31 24 25 26 27 28 29 30 59 60 61 62 63 56 57 58 65 69 71 88 68 67 64 70 2  4  95 0  1  5  3  6  72 76 78 89 75 74 79 77 53 54 55 48 49 50 51 52 84 97 81 80 85 83 86 82 93 16 23 20 18 21 17 19 14 11 9  12 8  10 92 15 34 38 32 98 37 36 33 39 22 13 66 87 90 91 73 94 96 35 7  
14 15 11 9  12 8  10 92 58 91 63 62 59 57 60 56 55 54 51 49 52 48 50 96 40 41 42 43 44 45 46 47 71 65 88 70 69 66 64 67 39 32 33 34 35 36 37 38 75 79 73 89 78 77 74 72 18 23 21 16 20 22 93 19 1  0  2  3  4  5  6  7  29 30 31 24 25 26 27 28 85 86 87 80 81 82 83 84 95 90 94 17 61 53 98 13 76 97 68 
17 21 19 93 16 23 20 18 69 70 71 64 65 66 67 68 40 45 43 46 42 44 94 41 87 82 86 80 97 85 84 81 37 38 39 32 33 34 35 36 29 26 24 27 31 25 90 30 9  13 15 92 12 11 8  14 52 53 54 55 48 49 50 51 79 72 73 74 75 76 77 78 6  7  1  0  2  3  4  5  59 56 62 57 61 63 91 60 89 95 83 96 88 47 28 22 10 58 98 
