34 23 20 21 18 22 32 0  3  2  4  1  26 28 48 27 29 25 45 47 31 44 46 42 39 38 41 35 40 37 24 13 19 5  43 10 8  11 6  9  7  33 16 17 30 14 15 12 36 
22 34 18 20 23 19 4  3  1  0  5  32 27 24 28 25 48 29 44 43 47 46 42 31 36 41 40 39 37 35 26 15 21 2  45 7  10 33 9  11 6  8  30 13 17 12 14 16 38 
21 19 34 23 22 20 2  32 4  1  0  5  29 27 26 48 24 28 42 44 45 31 47 43 41 37 35 38 39 36 25 12 18 3  46 9  6  10 33 8  11 7  13 14 15 30 16 17 40 
20 21 22 34 19 18 0  4  5  32 3  2  48 25 27 28 26 24 31 46 44 47 43 45 40 35 39 41 36 38 29 16 23 1  42 11 9  7  8  10 33 6  15 12 14 17 30 13 37 
19 22 23 18 34 21 5  1  32 3  2  4  25 26 24 29 28 48 46 45 43 42 31 47 38 40 37 36 35 39 27 14 20 0  44 6  7  8  11 33 9  10 17 15 13 16 12 30 41 
23 18 21 19 20 34 1  2  0  5  32 3  24 48 29 26 25 27 43 31 42 45 44 46 35 36 38 37 41 40 28 17 22 4  47 8  33 9  7  6  10 11 12 30 16 15 13 14 39 
48 29 27 26 25 28 30 14 12 15 17 16 2  4  32 0  1  3  38 39 35 41 40 37 22 21 20 34 18 23 5  10 24 13 36 43 47 42 44 46 45 31 11 8  33 6  7  9  19 
26 24 48 29 28 27 15 30 17 16 14 13 1  0  2  32 5  4  37 41 38 35 39 36 20 23 34 21 22 19 3  9  25 12 40 46 44 43 31 47 42 45 10 6  7  33 11 8  18 
24 28 29 25 48 26 13 16 30 12 15 17 3  2  5  1  4  32 40 38 36 37 35 39 21 18 23 19 34 22 0  6  27 14 41 44 45 47 42 31 46 43 8  7  10 11 9  33 20 
27 26 28 48 24 25 14 17 13 30 12 15 32 3  0  4  2  5  35 40 41 39 36 38 18 34 22 20 19 21 1  11 29 16 37 42 46 45 47 43 31 44 7  9  6  8  33 10 23 
29 25 26 24 27 48 16 15 14 13 30 12 5  32 1  2  3  0  36 35 37 38 41 40 34 19 21 23 20 18 4  8  28 17 39 47 31 46 45 44 43 42 9  33 11 7  10 6  22 
28 48 25 27 29 24 17 12 16 14 13 30 0  5  4  3  32 1  41 36 39 40 37 35 19 20 18 22 23 34 2  7  26 15 38 45 43 31 46 42 44 47 33 10 8  9  6  11 21 
6  7  8  33 10 9  41 39 36 35 40 38 31 46 44 47 45 43 32 3  0  4  5  2  12 30 17 14 13 15 42 23 11 37 1  29 25 26 28 24 48 27 21 18 20 22 34 19 16 
11 9  7  10 6  33 37 38 41 36 35 40 43 31 42 45 46 44 5  32 1  2  0  3  30 13 15 16 14 12 47 22 8  39 4  28 48 25 26 27 24 29 18 34 23 21 19 20 17 
33 11 6  7  9  8  35 41 40 38 39 37 45 47 31 44 42 46 2  4  32 0  3  1  17 15 14 30 12 16 43 19 10 36 5  24 28 29 27 25 26 48 23 22 34 20 21 18 13 
7  10 33 11 8  6  38 35 39 37 41 36 42 44 45 31 43 47 1  0  2  32 4  5  14 16 30 15 17 13 46 18 9  40 3  25 27 24 48 28 29 26 19 20 21 34 23 22 12 
8  33 9  6  11 10 39 40 37 41 36 35 44 43 47 46 31 42 0  5  4  3  1  32 13 14 12 17 16 30 45 21 7  38 2  26 24 48 25 29 27 28 34 19 22 18 20 23 15 
10 8  11 9  33 7  36 37 35 40 38 39 46 45 43 42 47 31 3  2  5  1  32 4  15 12 16 13 30 17 44 20 6  41 0  27 26 28 29 48 25 24 22 21 19 23 18 34 14 
41 38 39 35 36 40 27 28 24 48 25 26 34 18 20 22 21 19 33 9  6  8  10 7  46 31 47 44 43 45 23 1  37 29 11 16 12 15 17 13 30 14 2  3  0  4  32 5  42 
37 40 38 36 41 35 29 26 27 24 48 25 19 34 23 21 18 20 10 33 11 7  6  9  31 43 45 42 44 46 22 4  39 28 8  17 30 12 15 14 13 16 3  32 1  2  5  0  47 
35 37 41 38 40 39 48 27 25 26 28 29 21 22 34 20 23 18 7  8  33 6  9  11 47 45 44 31 46 42 19 5  36 24 10 13 17 16 14 12 15 30 1  4  32 0  2  3  43 
38 36 35 37 39 41 26 48 28 29 27 24 23 20 21 34 19 22 11 6  7  33 8  10 44 42 31 45 47 43 18 3  40 25 9  12 14 13 30 17 16 15 5  0  2  32 1  4  46 
36 39 37 40 35 38 24 29 48 25 26 28 18 21 19 23 22 34 9  7  10 11 33 8  45 46 42 43 31 47 20 0  41 27 6  14 15 17 16 30 12 13 4  2  5  1  3  32 44 
39 35 40 41 37 36 28 25 29 27 24 48 20 19 22 18 34 23 6  10 8  9  11 33 43 44 46 47 42 31 21 2  38 26 7  15 13 30 12 16 14 17 32 5  4  3  0  1  45 
16 12 15 13 14 30 42 45 44 43 31 46 10 33 11 7  9  6  24 48 29 26 27 25 32 5  2  1  0  3  8  39 17 47 28 22 34 18 21 20 19 23 40 35 37 38 36 41 4  
14 15 17 30 13 12 44 47 43 31 46 45 33 9  6  8  7  10 48 25 27 28 24 26 3  32 4  0  5  2  11 37 16 42 29 23 18 21 22 19 34 20 38 40 41 39 35 36 1  
15 13 30 16 17 14 45 31 47 42 44 43 11 6  7  33 10 8  29 27 26 48 28 24 0  1  32 2  4  5  9  40 12 46 25 18 20 19 34 22 23 21 36 41 38 35 37 39 3  
30 16 14 15 12 17 31 44 46 45 47 42 7  8  33 6  11 9  26 28 48 27 25 29 4  2  0  32 3  1  10 36 13 43 24 19 22 23 20 18 21 34 37 39 35 41 38 40 5  
13 17 16 12 30 15 43 42 31 46 45 47 9  7  10 11 8  33 25 26 24 29 48 28 2  3  1  5  32 4  6  41 14 44 27 20 21 22 23 34 18 19 39 38 36 37 40 35 0  
17 30 12 14 16 13 47 46 42 44 43 31 6  10 8  9  33 11 27 24 28 25 29 48 5  0  3  4  1  32 7  38 15 45 26 21 19 34 18 23 20 22 35 36 39 40 41 37 2  
9  6  10 8  7  11 40 36 38 39 37 41 47 42 46 43 44 45 4  1  3  5  2  0  16 17 13 12 15 14 33 35 30 31 48 34 29 27 24 26 28 25 20 23 18 19 22 21 32 
46 44 43 47 45 42 18 19 21 22 23 20 39 37 40 36 41 38 17 16 12 13 15 14 11 8  10 9  7  6  31 34 33 35 32 48 1  0  5  2  4  3  27 29 25 24 28 26 30 
18 20 19 22 21 23 3  5  2  4  1  0  28 29 25 24 27 26 47 42 46 43 45 44 37 39 36 40 38 41 34 32 35 48 33 30 11 6  10 7  8  9  14 16 12 13 17 15 31 
25 27 24 28 26 29 12 13 15 17 16 14 4  1  3  5  0  2  39 37 40 36 38 41 23 22 19 18 21 20 48 30 34 32 31 33 42 44 43 45 47 46 6  11 9  10 8  7  35 
40 41 36 39 38 37 25 24 26 28 29 27 22 23 18 19 20 21 8  11 9  10 7  6  42 47 43 46 45 44 35 48 31 34 30 32 16 14 13 15 17 12 0  1  3  5  4  2  33 
3  0  5  4  2  1  9  10 7  8  11 6  17 16 12 13 14 15 22 23 18 19 21 20 29 28 24 25 26 27 32 33 48 30 35 31 37 41 36 38 39 40 44 42 46 43 47 45 34 
1  3  2  5  0  32 11 7  6  10 33 9  13 30 16 15 12 14 19 34 23 21 20 18 48 24 26 29 27 25 17 47 4  8  22 39 35 40 38 41 36 37 46 31 42 45 43 44 28 
4  32 3  0  1  5  8  9  11 6  10 33 14 13 17 12 30 16 20 19 22 18 23 34 24 27 25 28 29 48 15 45 2  7  21 38 36 35 40 37 41 39 31 43 47 46 44 42 26 
2  5  32 1  4  0  7  33 8  11 6  10 16 14 15 30 13 17 23 20 21 34 22 19 27 29 48 26 28 24 12 46 3  9  18 40 41 36 35 39 37 38 43 44 45 31 42 47 25 
5  4  1  3  32 2  10 11 33 9  7  8  12 15 13 16 17 30 18 21 19 23 34 22 26 25 29 24 48 28 14 44 0  6  20 41 38 39 37 35 40 36 47 45 43 42 46 31 27 
0  2  4  32 5  3  6  8  10 33 9  7  30 12 14 17 15 13 34 18 20 22 19 21 25 48 28 27 24 26 16 42 1  11 23 37 40 38 39 36 35 41 45 46 44 47 31 43 29 
32 1  0  2  3  4  33 6  9  7  8  11 15 17 30 14 16 12 21 22 34 20 18 23 28 26 27 48 25 29 13 43 5  10 19 36 39 37 41 40 38 35 42 47 31 44 45 46 24 
47 31 46 44 42 43 22 18 23 20 19 34 41 36 39 40 35 37 14 13 17 12 16 30 10 6  9  8  11 33 38 26 45 21 15 2  5  32 3  1  0  4  48 24 28 25 27 29 7  
42 46 45 43 44 31 23 21 20 19 34 18 36 35 37 38 40 41 13 30 16 15 14 12 33 10 7  11 6  9  39 28 47 22 17 4  32 3  2  0  5  1  25 48 29 26 24 27 8  
31 42 44 45 46 47 34 20 18 21 22 23 38 39 35 41 37 40 15 17 30 14 12 16 8  7  6  33 9  11 36 24 43 19 13 5  4  1  0  3  2  32 29 28 48 27 26 25 10 
45 43 31 42 47 44 21 34 22 23 20 19 37 41 38 35 36 39 16 14 15 30 17 13 6  11 33 7  8  10 40 25 46 18 12 3  0  5  32 4  1  2  24 27 26 48 29 28 9  
44 45 47 31 43 46 20 22 19 34 18 21 35 40 41 39 38 36 30 12 14 17 13 15 9  33 8  6  10 7  37 29 42 23 16 1  3  2  4  5  32 0  26 25 27 28 48 24 11 
43 47 42 46 31 45 19 23 34 18 21 22 40 38 36 37 39 35 12 15 13 16 30 17 7  9  11 10 33 8  41 27 44 20 14 0  2  4  1  32 3  5  28 26 24 29 25 48 6  
12 14 13 17 15 16 46 43 45 47 42 44 8  11 9  10 6  7  28 29 25 24 26 27 1  4  5  3  2  0  30 31 32 33 34 35 23 20 19 21 22 18 41 37 40 36 39 38 48 
