47 36 2  5  0  6  4  42 20 1  25 18 34 48 38 35 7  30 22 46 14 29 31 41 10 44 32 23 13 12 40 45 8  17 37 24 28 43 26 11 19 16 27 21 15 39 33 3  9  
33 47 23 10 26 48 18 27 5  22 14 44 36 21 29 34 2  43 12 15 11 4  32 42 30 9  35 16 20 46 6  3  17 28 8  45 24 39 1  40 38 41 7  25 0  13 31 37 19 
5  20 47 3  6  2  0  35 45 21 41 26 13 23 46 39 36 8  25 11 42 15 30 32 37 1  43 33 24 14 7  29 44 9  18 38 19 17 48 27 12 31 34 16 40 28 10 4  22 
2  7  6  47 4  0  3  14 36 44 22 37 27 26 24 42 40 31 9  38 12 45 16 25 33 8  41 48 34 19 15 20 30 43 10 13 39 32 18 46 28 21 11 1  29 35 23 5  17 
4  29 3  0  47 5  2  28 15 31 43 23 38 10 27 19 45 1  32 34 39 7  44 17 26 16 9  37 46 35 20 40 21 25 48 11 14 22 33 13 42 8  24 30 36 12 18 6  41 
3  45 5  4  2  47 6  39 29 16 32 48 24 33 11 28 20 44 41 27 35 40 8  43 18 21 17 10 38 42 36 15 1  22 26 46 12 9  23 34 14 30 13 31 7  19 37 0  25 
0  15 4  6  5  3  47 19 40 30 17 33 46 37 34 12 29 21 43 13 28 36 1  9  48 31 22 18 11 39 45 7  16 41 23 27 42 25 10 24 35 44 38 8  20 14 26 2  32 
43 30 32 17 25 41 22 47 8  11 7  12 10 42 26 5  31 24 40 48 2  1  13 36 28 46 20 35 37 6  16 44 38 29 19 18 4  45 14 23 0  34 33 27 21 3  39 9  15 
23 2  48 33 18 26 37 11 47 9  12 8  7  1  45 27 6  32 19 29 46 3  41 14 31 17 42 21 36 38 0  5  43 39 30 20 13 35 44 15 24 25 40 22 4  34 16 10 28 
38 19 24 46 34 13 27 8  12 47 10 7  9  20 41 44 28 0  33 32 30 42 4  37 15 2  18 45 22 31 39 14 6  48 40 25 21 26 36 43 16 3  17 5  35 1  29 11 23 
28 17 39 19 42 35 14 10 9  7  47 11 8  34 21 37 43 29 2  16 33 25 45 5  38 40 3  13 44 23 32 22 15 0  46 1  26 4  27 31 48 20 30 36 41 18 24 12 6  
15 46 29 40 20 45 36 9  11 10 8  47 12 3  35 22 38 48 30 39 17 34 26 44 6  33 1  4  14 43 24 27 23 16 2  42 41 21 5  28 32 18 19 37 13 25 0  7  31 
31 33 16 30 1  21 44 7  10 12 11 9  47 25 4  36 23 39 46 0  40 18 35 27 43 19 34 41 5  15 48 37 28 24 17 3  45 13 22 6  29 42 2  14 26 20 32 8  38 
45 24 20 29 7  36 40 43 38 23 31 6  28 47 14 17 13 18 16 42 32 11 37 30 4  48 8  5  19 41 34 46 26 1  0  12 22 44 2  35 25 10 39 33 27 9  3  15 21 
1  26 44 21 30 8  31 29 48 39 24 32 0  17 47 15 18 14 13 5  45 33 12 38 25 35 46 9  6  20 37 23 42 27 41 2  7  11 43 3  36 19 4  28 10 40 22 16 34 
32 31 41 43 22 25 9  2  30 46 40 19 33 14 18 47 16 13 15 26 6  44 34 7  39 38 36 42 10 0  21 8  24 45 28 37 3  20 12 48 4  27 23 11 1  5  35 17 29 
10 5  33 37 48 23 26 34 3  25 42 1  20 16 15 13 47 17 14 40 27 0  43 35 8  22 39 31 45 11 2  4  9  19 44 29 38 28 21 7  46 32 36 41 6  24 30 18 12 
27 42 11 34 38 46 24 21 35 4  26 45 41 15 17 16 14 47 18 9  1  28 2  48 36 3  23 40 32 44 12 39 5  10 20 43 30 33 29 22 8  6  25 0  19 31 7  13 37 
19 9  28 12 35 39 42 37 22 36 5  27 44 13 16 18 17 15 47 31 10 41 29 3  46 7  4  24 1  33 43 25 40 6  11 21 48 0  34 30 23 45 8  20 32 26 38 14 2  
44 18 8  1  31 30 16 45 26 35 13 41 4  43 2  29 37 12 34 47 20 23 19 24 22 42 38 17 0  36 10 48 14 11 25 6  40 46 32 5  7  28 3  39 33 15 9  21 27 
17 8  43 9  41 32 25 5  44 27 36 14 37 35 48 3  30 38 7  23 47 21 24 20 19 11 45 39 18 2  31 1  46 15 12 26 0  29 42 33 6  13 10 34 16 4  28 22 40 
26 0  18 48 10 37 33 38 6  43 28 31 15 8  36 46 4  25 39 20 24 47 22 19 21 32 12 44 40 13 3  2  41 42 16 7  27 14 30 45 34 9  29 17 5  11 1  23 35 
34 35 27 13 46 11 38 16 39 0  48 29 32 40 9  31 42 5  26 22 21 19 47 23 20 4  33 7  43 1  14 28 3  37 45 17 8  10 15 25 44 2  41 6  12 30 36 24 18 
39 43 35 28 14 42 12 33 17 40 2  46 30 27 1  10 32 45 6  21 23 22 20 47 24 15 5  34 8  48 41 9  29 4  38 44 18 3  11 16 26 36 31 7  25 37 13 19 0  
7  27 40 36 29 15 45 25 34 18 1  3  42 0  28 41 11 33 44 19 22 24 23 21 47 37 16 6  35 9  46 13 10 30 5  39 43 31 4  12 17 48 14 26 38 32 2  20 8  
46 12 38 11 13 24 34 44 14 5  37 36 22 45 32 1  19 6  10 43 8  35 0  18 40 47 26 29 25 30 28 42 2  23 7  41 16 48 20 17 31 4  9  3  39 21 15 27 33 
35 32 42 39 12 14 19 23 43 15 6  38 31 11 44 33 41 20 0  1  48 9  36 2  13 29 47 27 30 26 25 17 45 3  24 8  37 5  46 21 18 7  16 40 22 10 34 28 4  
20 13 36 45 40 7  15 32 24 48 16 0  39 2  12 43 34 37 21 14 41 46 10 31 3  26 30 47 28 25 27 38 18 44 4  19 9  8  6  42 22 33 35 23 11 17 5  29 1  
16 23 21 31 44 1  8  40 33 19 46 17 2  22 3  7  48 35 38 4  15 37 42 11 32 28 27 25 47 29 26 10 39 13 43 5  20 34 9  0  45 14 6  12 18 36 41 30 24 
9  44 17 22 32 43 41 3  1  34 20 42 18 39 23 4  8  46 36 33 5  16 38 45 12 27 29 28 26 47 30 21 11 40 14 48 6  15 35 10 2  24 37 13 31 0  19 25 7  
37 3  10 18 23 33 48 13 4  41 35 21 45 31 40 24 5  9  42 7  34 6  17 39 44 25 28 30 29 27 47 0  22 12 1  15 46 19 16 36 11 43 20 32 2  38 8  26 14 
48 6  26 23 37 18 10 46 2  17 19 30 40 44 20 11 0  41 28 45 38 5  25 12 16 43 14 1  7  24 4  47 32 35 31 36 34 42 8  29 13 22 15 9  3  27 21 33 39 
11 14 46 27 24 38 13 1  42 3  18 20 25 29 43 21 12 2  37 17 44 39 6  26 7  5  48 15 41 8  19 35 47 33 36 32 31 23 45 9  30 0  22 4  28 16 40 34 10 
14 25 12 42 28 19 39 26 41 45 4  13 21 38 30 48 22 7  3  8  18 43 40 0  27 20 6  46 16 37 9  32 36 47 34 31 33 2  24 44 10 15 1  29 17 23 11 35 5  
40 11 15 7  45 29 20 22 27 37 44 5  14 4  39 25 46 23 8  28 9  13 48 1  2  10 21 0  42 17 38 34 33 31 47 35 32 16 3  19 43 26 12 18 24 41 6  36 30 
21 48 1  16 8  44 30 15 23 28 38 43 6  9  5  40 26 42 24 3  29 10 14 46 41 39 11 22 2  45 18 33 35 34 32 47 36 27 17 4  20 12 0  19 37 7  25 31 13 
25 21 22 41 17 9  43 0  16 24 29 39 48 19 10 6  1  27 45 37 4  30 11 15 42 13 40 12 23 3  44 31 34 36 35 33 47 7  28 18 5  46 26 38 8  2  14 32 20 
42 41 14 35 19 12 28 48 32 29 0  24 16 46 8  23 25 36 4  44 26 17 7  6  34 45 2  11 31 18 22 43 20 5  13 30 10 47 38 1  37 40 21 15 9  33 27 39 3  
29 38 45 15 36 20 7  17 46 33 30 2  19 5  42 9  24 26 31 35 43 27 18 8  0  23 44 3  12 32 13 11 48 21 6  14 25 1  47 39 41 37 28 10 34 22 4  40 16 
8  37 30 44 16 31 21 20 18 42 34 25 3  32 6  45 10 19 27 2  36 48 28 13 9  14 24 43 4  7  33 26 12 46 22 0  15 38 41 47 40 39 5  35 23 29 17 1  11 
22 1  9  25 43 17 32 4  21 13 45 35 26 28 33 0  44 11 20 10 3  31 46 29 14 34 15 19 48 5  8  16 27 7  42 23 2  40 39 37 47 38 18 24 30 6  12 41 36 
13 39 34 24 11 27 46 31 28 6  23 15 43 7  22 30 35 3  48 25 16 12 5  33 45 0  10 36 17 21 42 19 4  18 29 9  44 37 40 41 1  47 32 2  14 8  20 38 26 
30 10 31 8  21 16 1  36 37 14 27 22 5  41 0  20 33 28 11 6  7  26 39 34 17 12 13 32 3  40 23 18 19 38 9  4  29 24 25 2  15 35 48 46 44 47 42 43 45 
24 28 13 38 27 34 11 30 19 2  33 40 17 36 25 8  39 4  23 41 31 14 3  10 29 6  37 20 9  16 35 12 0  26 15 22 1  18 7  32 21 5  42 48 46 43 47 45 44 
18 4  37 26 33 10 23 24 0  32 39 16 29 30 7  38 3  22 35 36 13 2  9  28 1  41 19 8  15 34 5  6  25 14 21 40 11 12 31 20 27 17 47 42 48 45 43 44 46 
41 16 25 32 9  22 17 6  31 38 15 28 23 12 37 2  21 34 29 18 0  8  27 40 35 24 7  14 33 4  1  30 13 20 39 10 5  36 19 26 3  11 44 45 43 48 46 42 47 
36 34 7  20 15 40 29 41 13 26 21 4  35 6  19 32 27 10 1  12 25 38 33 16 5  18 31 2  39 22 11 24 37 8  3  28 17 30 0  14 9  23 46 44 45 42 48 47 43 
6  40 0  2  3  4  5  12 7  8  9  10 11 18 13 14 15 16 17 24 19 20 21 22 23 30 25 26 27 28 29 36 31 32 33 34 35 41 37 38 39 1  45 43 47 46 44 48 42 
12 22 19 14 39 28 35 18 25 20 3  34 1  24 31 26 9  40 5  30 37 32 15 4  11 36 0  38 21 10 17 41 7  2  27 16 23 6  13 8  33 29 43 47 42 44 45 46 48 
