22 48 18 31 39 14 47 05 37 45 28 01 08 40 32 27 35 04 44 43 00 23 21 19 34 10 29 07 09 38 26 25 42 36 30 02 16 13 46 11 06 17 41 20 24 15 03 33 12 
29 27 15 13 19 45 00 09 02 36 42 33 35 43 41 21 32 23 34 31 39 47 38 03 26 01 46 28 24 20 06 11 08 10 40 48 14 18 17 44 12 05 16 30 04 22 25 37 07 
03 23 13 48 27 07 28 08 41 02 30 10 47 16 35 43 34 24 40 14 42 37 31 39 44 36 04 20 05 21 17 15 11 46 12 22 33 00 29 25 26 45 06 38 19 32 18 09 01 
18 04 08 14 48 33 07 45 09 37 03 00 11 41 17 23 46 06 30 16 28 12 44 27 40 47 15 19 36 34 43 38 25 02 32 24 01 42 22 20 31 29 21 26 13 10 39 05 35 
46 13 22 09 15 08 21 12 42 10 36 04 01 00 37 18 24 44 05 39 06 31 03 30 32 33 17 43 07 16 41 45 26 38 48 34 47 20 35 27 25 19 11 14 40 02 29 28 23 
35 33 48 22 11 18 12 40 05 24 09 42 07 01 44 04 23 39 15 03 37 06 29 46 16 14 32 10 43 45 02 13 41 25 21 38 26 28 20 19 47 30 08 17 36 34 31 27 00 
28 36 33 10 32 48 17 06 23 08 45 12 39 46 03 35 38 14 00 27 13 44 09 15 05 18 47 40 20 41 01 02 34 26 11 43 29 19 31 42 24 21 22 25 16 07 37 04 30 
44 21 37 06 20 31 10 03 48 35 17 30 18 36 07 19 15 45 13 05 01 34 24 16 38 41 08 47 04 25 12 43 39 09 46 27 42 33 26 00 22 32 23 28 02 14 40 11 29 
07 43 19 36 05 11 44 13 04 48 23 18 00 14 38 08 26 16 42 46 31 40 10 32 17 35 02 30 06 09 39 37 45 34 25 28 22 21 47 29 01 27 15 03 41 12 33 24 20 
40 08 12 26 38 43 31 01 14 34 48 24 13 47 15 39 09 29 17 36 10 42 06 33 21 19 44 11 41 03 18 23 00 05 02 46 28 32 27 45 20 35 07 37 22 30 04 16 25 
13 41 46 07 29 19 03 14 35 15 06 48 30 18 45 16 40 10 20 24 04 01 02 44 22 11 38 05 47 43 28 26 12 37 39 09 21 23 33 32 42 25 00 27 34 17 36 08 31 
33 14 26 44 08 04 40 00 15 23 16 05 48 25 13 42 17 41 11 29 46 07 36 10 43 34 30 03 35 39 27 12 02 45 20 37 24 31 28 22 21 47 18 06 38 09 32 01 19 
32 22 34 29 43 41 25 48 01 16 24 17 02 12 31 14 47 18 37 07 40 03 42 36 11 44 20 38 08 00 46 06 04 23 09 15 19 45 30 33 27 28 10 39 21 35 05 13 26 
10 15 47 04 40 06 33 28 39 12 32 43 16 09 48 25 02 26 03 41 30 38 14 42 37 23 18 21 44 46 11 05 20 07 13 19 35 29 24 01 45 22 17 36 00 31 08 34 27 
12 11 05 45 34 22 14 17 33 40 07 21 46 04 10 48 31 03 29 02 44 25 08 26 47 00 37 15 39 13 36 24 28 43 41 16 20 27 23 30 35 42 19 01 09 06 38 18 32 
38 07 27 02 42 15 37 44 18 22 41 08 28 20 34 11 48 19 04 30 14 33 46 17 29 43 03 09 31 36 45 01 16 40 06 12 32 47 25 24 00 23 05 10 39 13 35 26 21 
42 39 16 32 03 36 05 33 43 13 27 37 09 34 25 06 12 48 26 35 38 17 41 07 18 15 00 44 22 04 20 46 10 19 47 08 45 24 21 31 30 01 14 40 23 29 11 02 28 
25 47 38 17 21 02 45 10 22 46 14 32 36 29 06 31 05 07 48 44 34 11 26 09 08 39 23 37 18 01 13 16 43 27 04 40 30 35 42 28 19 00 20 24 12 03 41 15 33 
14 31 03 39 18 42 34 38 11 27 44 15 21 48 20 05 19 02 08 17 35 46 32 41 10 06 43 29 12 24 09 40 36 13 28 45 23 01 00 47 33 26 04 07 37 16 30 25 22 
23 17 41 35 01 44 08 32 40 31 47 03 05 45 24 26 18 11 36 00 21 43 19 20 13 09 48 14 33 12 38 28 27 39 29 42 02 06 34 46 15 10 37 22 25 04 07 30 16 
19 16 31 11 44 24 30 47 06 04 33 36 29 15 08 40 45 01 25 22 23 20 43 00 14 48 12 32 17 27 42 09 37 28 38 41 18 46 07 03 34 02 39 21 26 05 10 35 13 
21 03 45 25 28 38 15 29 26 33 18 44 37 32 47 07 11 35 41 20 22 19 23 43 30 02 06 13 48 42 40 39 24 16 05 01 10 14 12 09 46 04 36 00 27 08 17 31 34 
43 35 04 18 41 27 26 15 44 39 31 25 32 08 30 38 33 47 10 21 19 00 20 22 06 03 34 48 16 37 24 42 13 01 45 36 46 12 05 17 07 09 40 23 28 11 14 29 02 
20 02 35 47 17 37 29 27 24 11 04 39 45 30 05 44 36 33 28 23 43 22 00 21 48 31 07 12 10 26 34 41 40 42 15 25 03 08 14 16 13 46 38 19 01 18 06 32 09 
06 25 36 23 45 20 16 42 32 30 12 34 40 33 00 02 43 38 22 37 29 41 47 31 28 46 24 01 27 08 48 19 07 11 18 03 09 44 04 15 17 14 13 35 05 21 26 39 10 
47 26 30 19 12 00 39 20 45 05 34 22 38 31 16 09 41 42 35 10 32 36 33 37 01 24 27 46 25 07 15 48 21 18 43 17 44 03 13 08 04 06 02 29 11 23 28 40 14 
39 24 43 37 23 09 20 02 21 41 19 45 04 38 42 30 29 13 12 33 07 32 40 47 25 28 01 26 46 48 14 10 15 22 35 18 05 11 03 06 44 16 34 31 08 00 27 36 17 
30 46 32 34 13 29 42 21 16 43 40 19 31 11 09 00 39 22 45 47 36 14 35 38 27 26 28 25 01 06 05 04 48 17 37 23 07 10 44 02 18 08 12 33 15 20 24 41 03 
41 28 39 42 31 16 02 36 20 29 22 13 43 37 21 45 08 12 23 40 47 30 17 35 46 27 25 24 26 05 00 03 14 48 33 04 15 34 11 07 10 44 09 32 18 19 01 38 06 
15 40 10 46 36 25 23 34 03 28 37 26 42 07 39 47 00 20 14 11 48 16 27 13 45 08 22 41 21 35 31 33 29 44 24 30 12 17 02 04 05 43 01 09 32 38 19 06 18 
48 05 25 38 24 17 13 41 47 21 00 07 06 27 22 01 03 46 39 26 09 08 12 04 19 20 36 45 37 30 33 44 35 32 42 31 43 15 10 34 16 18 28 02 29 40 23 14 11 
16 45 01 00 26 40 46 39 25 42 02 06 27 23 19 17 10 37 47 48 08 28 13 18 36 21 11 22 38 32 35 30 44 31 07 29 04 05 43 14 09 34 24 12 33 41 20 03 15 
02 00 20 21 06 47 36 19 28 17 46 41 26 42 12 10 01 40 27 34 05 48 18 24 39 38 45 23 15 33 32 29 31 35 14 44 11 09 08 43 03 13 25 16 30 37 22 07 04 
01 37 17 40 47 03 22 46 38 25 20 27 14 24 36 28 42 09 07 04 02 15 48 34 23 45 41 18 00 31 44 32 30 29 19 33 06 43 16 12 08 11 26 13 35 39 21 10 05 
37 44 09 27 10 28 48 35 07 47 11 38 34 02 01 36 13 30 43 42 17 29 39 06 00 05 40 04 19 18 21 22 46 08 16 14 25 26 45 23 32 31 03 41 20 33 15 12 24 
05 20 42 16 14 01 41 23 10 03 38 47 22 06 46 37 28 21 24 12 25 09 11 48 04 40 19 39 45 44 29 35 33 30 26 32 13 02 15 18 43 07 27 34 31 36 00 17 08 
04 42 06 08 35 23 43 26 30 44 29 09 17 28 18 34 21 25 46 45 27 02 05 01 31 13 14 16 32 19 10 07 47 00 22 11 37 39 48 40 38 36 33 15 03 24 12 20 41 
45 10 07 01 33 34 35 24 46 26 08 16 19 17 04 32 20 43 21 13 18 27 15 25 09 12 31 42 30 22 03 47 05 06 44 00 48 41 39 36 37 38 29 11 14 28 02 23 40 
11 34 24 05 09 46 27 18 29 00 43 20 10 44 33 13 06 28 31 08 26 45 01 12 35 32 42 02 03 15 19 14 17 21 23 47 40 38 36 48 41 39 30 04 07 25 16 22 37 
26 12 44 30 02 32 24 11 13 20 01 46 25 19 43 22 14 05 33 15 16 18 28 45 07 29 09 35 42 47 23 21 03 04 10 06 39 40 41 38 48 37 31 08 17 27 34 00 36 
24 29 21 43 00 30 11 31 12 14 25 35 44 22 26 46 27 15 02 28 45 04 34 05 42 17 16 33 13 10 08 20 23 47 03 07 41 36 40 37 39 48 32 18 06 01 09 19 38 
09 30 00 28 46 12 04 43 19 07 15 31 23 03 27 29 44 32 16 25 11 24 45 08 02 42 33 06 34 17 47 18 22 14 01 20 38 48 37 41 36 40 35 05 10 26 13 21 39 
34 38 29 24 04 05 01 25 08 32 26 11 33 35 28 15 30 27 18 09 12 13 16 02 41 37 39 36 40 23 22 00 19 20 31 21 17 07 06 10 14 03 48 46 44 47 42 43 45 
00 18 28 41 16 13 38 37 34 01 39 02 24 26 40 12 25 36 09 19 20 21 22 23 15 04 05 08 11 14 07 17 06 03 27 10 31 30 32 35 29 33 42 48 46 43 47 45 44 
17 09 40 15 22 21 18 04 00 38 05 23 41 39 11 20 37 08 19 06 03 10 07 14 12 16 13 34 02 29 30 31 32 33 36 35 27 25 01 26 28 24 47 42 48 45 43 44 46 
36 32 23 03 25 26 06 07 27 19 10 28 20 21 14 24 22 17 01 38 41 39 37 40 33 30 35 31 29 11 04 08 18 15 00 05 34 16 09 13 02 12 44 45 43 48 46 42 47 
08 01 14 33 37 39 32 30 36 06 35 40 03 10 29 41 07 31 38 18 15 05 04 11 24 25 26 27 28 02 16 34 09 12 17 13 00 22 19 21 23 20 46 44 45 42 48 47 43 
27 06 02 20 30 35 19 22 31 09 21 29 12 13 23 33 16 00 32 01 24 26 25 28 03 07 10 17 14 40 37 36 38 41 34 39 08 04 18 05 11 15 45 43 47 46 44 48 42 
31 19 11 12 07 10 09 16 17 18 13 14 15 05 02 03 04 34 06 32 33 35 30 29 20 22 21 00 23 28 25 27 01 24 08 26 36 37 38 39 40 41 43 47 42 44 45 46 48 
