01 03 48 04 02 00 24 31 46 27 34 43 06 25 20 09 28 23 44 37 08 47 40 11 30 19 38 33 22 41 18 45 14 21 42 17 12 07 32 15 10 35 16 29 36 13 26 39 05 
48 05 03 00 01 02 36 19 14 39 22 17 44 31 38 47 34 41 24 13 32 27 16 35 12 45 08 15 42 11 06 37 26 09 40 29 18 25 46 21 28 43 10 23 30 07 20 33 04 
04 02 00 48 05 03 18 13 38 21 16 41 30 37 46 33 40 43 12 31 26 15 34 29 44 07 14 47 10 17 36 25 08 39 28 11 24 45 20 27 42 23 22 35 06 19 32 09 01 
03 04 05 02 48 01 30 45 26 33 42 29 24 19 08 27 22 11 36 07 46 39 10 43 18 37 32 21 40 35 44 13 20 47 16 23 06 31 14 09 34 17 28 41 12 25 38 15 00 
05 00 04 01 03 48 12 37 20 15 40 23 36 45 32 39 42 35 30 25 14 33 28 17 06 13 46 09 16 43 24 07 38 27 10 41 44 19 26 47 22 29 34 11 18 31 08 21 02 
02 48 01 05 00 04 44 25 32 47 28 35 18 07 26 21 10 29 06 45 38 09 42 41 36 31 20 39 34 23 12 19 46 15 22 43 30 13 08 33 16 11 40 17 24 37 14 27 03 
34 22 16 42 40 28 11 48 09 07 06 08 35 05 47 37 36 32 29 03 33 13 12 26 41 02 21 31 30 38 23 04 15 45 44 20 43 00 27 19 18 46 24 14 17 01 39 25 10 
43 17 41 29 23 35 09 06 48 10 08 07 33 30 03 42 38 37 27 24 00 34 14 13 39 36 01 22 32 31 21 18 02 16 46 45 47 44 05 28 20 19 26 25 15 12 04 40 11 
24 36 18 30 12 44 08 10 07 48 11 09 38 34 31 00 43 39 14 28 25 05 35 15 32 40 37 04 23 33 46 22 19 01 17 47 20 42 45 03 29 21 41 27 26 16 13 02 06 
31 19 13 45 37 25 10 09 11 08 48 06 40 39 35 32 05 44 16 15 29 26 03 30 34 33 41 38 02 18 42 47 23 20 04 12 22 21 43 46 00 24 01 36 28 27 17 14 07 
46 14 38 26 20 32 07 11 10 06 09 48 45 41 40 30 33 03 31 17 16 24 27 00 19 35 34 36 39 01 13 43 42 18 21 02 25 23 22 44 47 05 15 04 37 29 28 12 08 
27 39 21 33 15 47 48 08 06 11 07 10 00 46 36 41 31 34 05 32 12 17 25 28 04 20 30 35 37 40 01 14 44 43 19 22 03 26 18 23 45 42 13 16 02 38 24 29 09 
28 34 40 22 42 10 43 02 33 25 24 46 17 48 15 13 12 14 41 01 47 07 06 38 35 04 39 19 18 32 11 03 27 37 36 08 29 05 21 45 44 26 30 20 23 00 09 31 16 
23 41 43 11 35 29 47 44 01 34 26 25 15 12 48 16 14 13 39 36 04 42 08 07 33 30 02 40 20 19 09 06 00 28 38 37 27 24 03 22 46 45 32 31 21 18 05 10 17 
06 44 30 24 36 18 26 42 45 04 35 27 14 16 13 48 17 15 08 40 37 02 43 09 20 34 31 01 41 21 38 10 07 05 29 39 46 28 25 00 23 47 11 33 32 22 19 03 12 
25 31 37 19 45 07 28 27 43 46 02 30 16 15 17 14 48 12 10 09 41 38 01 44 22 21 35 32 04 36 40 39 11 08 03 24 42 47 29 26 05 18 00 06 34 33 23 20 13 
20 38 46 08 32 26 31 29 28 44 47 01 13 17 16 12 15 48 45 11 10 36 39 04 37 23 22 30 33 02 25 41 40 06 09 00 19 43 42 24 27 03 21 05 07 35 34 18 14 
09 47 33 27 39 21 04 32 24 29 45 42 48 14 12 17 13 16 02 46 06 11 37 40 01 38 18 23 31 34 05 26 36 41 07 10 00 20 44 43 25 28 19 22 03 08 30 35 15 
40 16 34 10 28 42 35 01 27 45 44 32 43 03 39 31 30 46 23 48 21 19 18 20 11 00 47 13 12 08 41 05 09 25 24 38 17 04 33 07 06 14 36 26 29 02 15 37 22 
11 35 29 43 17 41 33 30 04 28 46 45 47 44 00 40 32 31 21 18 48 22 20 19 09 06 05 42 14 13 39 36 03 10 26 25 15 12 02 34 08 07 38 37 27 24 01 16 23 
44 24 12 36 30 06 46 34 31 02 29 47 32 42 45 05 41 33 20 22 19 48 23 21 14 10 07 03 43 15 26 40 37 00 11 27 08 16 13 01 35 09 17 39 38 28 25 04 18 
37 13 31 07 25 45 42 47 35 32 01 24 34 33 43 46 03 36 22 21 23 20 48 18 16 15 11 08 00 44 28 27 41 38 05 06 10 09 17 14 04 30 02 12 40 39 29 26 19 
08 32 26 46 14 38 25 43 42 30 33 04 37 35 34 44 47 00 19 23 22 18 21 48 45 17 16 06 09 05 07 29 28 36 39 03 31 11 10 12 15 02 27 01 13 41 40 24 20 
47 27 15 39 33 09 02 26 44 43 31 34 05 38 30 35 45 42 48 20 18 23 19 22 03 46 12 17 07 10 00 08 24 29 37 40 01 32 06 11 13 16 25 28 04 14 36 41 21 
22 42 10 40 16 34 23 05 39 13 12 20 41 00 33 45 44 38 43 04 09 37 36 46 29 48 27 25 24 26 17 02 47 19 18 14 11 01 15 31 30 08 06 32 35 03 21 07 28 
41 11 17 35 43 23 21 18 03 40 14 13 39 36 05 34 46 45 47 44 02 10 38 37 27 24 48 28 26 25 15 12 01 42 20 19 09 06 04 16 32 31 08 07 33 30 00 22 29 
30 12 44 18 06 36 14 22 19 00 41 15 46 40 37 03 35 47 38 42 45 01 11 39 26 28 25 48 29 27 20 16 13 04 43 21 32 10 07 02 17 33 23 09 08 34 31 05 24 
19 45 07 37 13 31 16 15 23 20 05 36 42 47 41 38 00 30 40 39 43 46 04 06 28 27 29 26 48 24 22 21 17 14 02 44 34 33 11 08 01 12 03 18 10 09 35 32 25 
38 08 14 32 46 20 37 17 16 18 21 03 31 43 42 36 39 05 07 41 40 44 47 02 25 29 28 24 27 48 45 23 22 12 15 01 13 35 34 06 09 04 33 00 19 11 10 30 26 
33 15 47 21 09 39 00 38 12 17 19 22 03 32 44 43 37 40 01 08 36 41 45 42 48 26 24 29 25 28 04 46 18 23 13 16 02 14 30 35 07 10 31 34 05 20 06 11 27 
42 40 28 16 10 22 17 00 21 37 36 14 29 01 09 19 18 26 11 02 39 45 44 08 43 05 15 07 06 46 35 48 33 31 30 32 23 03 47 25 24 20 12 38 41 04 27 13 34 
17 29 11 23 41 43 15 12 05 22 38 37 27 24 04 10 20 19 09 06 01 40 46 45 47 44 03 16 08 07 33 30 48 34 32 31 21 18 00 42 26 25 14 13 39 36 02 28 35 
18 06 36 44 24 12 38 16 13 03 23 39 20 28 25 02 11 21 46 10 07 04 41 47 08 42 45 00 17 09 32 34 31 48 35 33 26 22 19 05 43 27 29 15 14 40 37 01 30 
45 37 25 13 07 19 40 39 17 14 00 18 22 21 29 26 01 06 42 47 11 08 02 36 10 09 43 46 05 12 34 33 35 32 48 30 28 27 23 20 03 44 04 24 16 15 41 38 31 
14 26 08 20 38 46 19 41 40 12 15 05 07 23 22 24 27 04 37 43 42 06 09 01 13 11 10 44 47 03 31 35 34 30 33 48 45 29 28 18 21 00 39 02 25 17 16 36 32 
21 09 39 47 27 15 03 20 36 41 13 16 02 08 18 23 25 28 04 38 44 43 07 10 00 14 06 11 45 42 48 32 30 35 31 34 05 46 24 29 19 22 37 40 01 26 12 17 33 
10 28 42 34 22 16 29 04 47 31 30 26 23 02 27 07 06 20 35 00 15 25 24 32 17 03 09 45 44 14 43 01 21 13 12 46 41 48 39 37 36 38 18 08 11 05 33 19 40 
35 43 23 17 29 11 27 24 02 42 32 31 21 18 01 28 08 07 33 30 05 16 26 25 15 12 00 10 46 45 47 44 04 22 14 13 39 36 48 40 38 37 20 19 09 06 03 34 41 
12 18 24 06 44 30 32 28 25 01 43 33 08 22 19 04 29 09 26 34 31 03 17 27 46 16 13 05 11 47 14 42 45 02 23 15 38 40 37 48 41 39 35 21 20 10 07 00 36 
07 25 45 31 19 13 34 33 29 26 04 44 10 09 23 20 02 24 28 27 35 32 00 12 42 47 17 14 03 06 16 15 43 46 01 18 40 39 41 38 48 36 05 30 22 21 11 08 37 
32 46 20 14 26 08 45 35 34 24 27 02 25 11 10 18 21 01 13 29 28 30 33 05 07 43 42 12 15 00 19 17 16 44 47 04 37 41 40 36 39 48 09 03 31 23 22 06 38 
15 21 27 09 47 33 01 46 30 35 25 28 04 26 06 11 19 22 03 14 24 29 31 34 05 08 44 43 13 16 02 20 12 17 45 42 48 38 36 41 37 40 07 10 00 32 18 23 39 
26 20 32 38 08 14 13 23 22 36 39 00 19 29 28 06 09 02 25 35 34 12 15 03 31 41 40 18 21 04 37 11 10 24 27 05 07 17 16 30 33 01 47 48 45 43 42 44 46 
39 33 09 15 21 27 05 14 18 23 37 40 01 20 24 29 07 10 00 26 30 35 13 16 02 32 36 41 19 22 03 38 06 11 25 28 04 08 12 17 31 34 45 42 48 46 44 43 47 
16 10 22 28 34 40 41 03 15 19 18 38 11 04 21 25 24 08 17 05 27 31 30 14 23 01 33 37 36 20 29 00 39 07 06 26 35 02 09 13 12 32 44 46 43 48 47 45 42 
29 23 35 41 11 17 39 36 00 16 20 19 09 06 02 22 26 25 15 12 03 28 32 31 21 18 04 34 38 37 27 24 05 40 08 07 33 30 01 10 14 13 46 45 47 44 48 42 43 
36 30 06 12 18 24 20 40 37 05 17 21 26 10 07 01 23 27 32 16 13 00 29 33 38 22 19 02 35 39 08 28 25 03 41 09 14 34 31 04 11 15 43 47 46 42 45 48 44 
13 07 19 25 31 37 22 21 41 38 03 12 28 27 11 08 04 18 34 33 17 14 05 24 40 39 23 20 01 30 10 09 29 26 00 36 16 15 35 32 02 06 48 44 42 47 43 46 45 
00 01 02 03 04 05 06 07 08 09 10 11 12 13 14 15 16 17 18 19 20 21 22 23 24 25 26 27 28 29 30 31 32 33 34 35 36 37 38 39 40 41 42 43 44 45 46 47 48 
