42 25 18 23 39 19 16 20 24 22 44 07 00 02 06 47 46 08 10 09 01 26 28 27 34 43 38 36 48 32 35 29 33 37 40 31 15 30 12 14 45 13 03 41 04 05 21 17 11 
01 43 29 28 15 10 46 08 26 33 34 16 42 19 31 18 22 25 44 23 32 40 48 39 37 36 13 30 12 04 17 21 41 11 45 03 47 05 35 07 06 00 24 14 38 20 27 09 02 
16 23 42 24 38 20 19 17 21 44 25 02 07 05 47 00 10 09 08 03 46 27 26 04 43 28 41 48 40 22 06 01 34 36 39 18 13 12 45 11 15 14 29 37 33 35 32 31 30 
29 34 03 43 45 46 01 10 28 04 33 42 18 16 17 31 32 44 22 25 21 48 36 40 41 37 15 11 30 27 20 24 38 14 12 09 06 02 05 00 35 47 23 13 39 19 26 08 07 
32 36 21 48 47 44 22 25 40 41 37 46 01 10 03 29 33 43 34 28 04 45 12 15 11 30 00 05 35 38 09 27 14 02 06 24 18 20 17 16 31 42 26 07 13 08 39 23 19 
31 22 17 44 48 42 18 16 25 21 32 47 06 00 05 35 29 46 01 10 03 43 34 28 04 33 40 41 37 24 02 09 27 38 36 20 12 14 11 15 30 45 08 39 26 07 23 19 13 
18 44 31 25 40 16 42 19 23 32 22 00 47 07 35 06 01 10 46 08 29 28 43 26 33 34 39 37 36 21 05 03 04 41 48 17 45 11 30 13 12 15 09 38 27 02 24 20 14 
17 32 20 22 36 18 31 42 44 24 21 06 35 47 02 05 03 01 29 46 09 34 33 43 27 04 48 38 41 23 07 08 26 39 37 19 30 13 14 45 11 12 10 40 28 00 25 16 15 
03 33 09 34 12 01 29 46 43 27 04 18 31 42 20 17 21 22 32 44 24 36 37 48 38 41 45 14 11 26 19 23 39 13 30 08 35 07 02 47 05 06 25 15 40 16 28 10 00 
10 26 46 27 14 09 08 03 04 43 28 20 19 17 42 16 25 24 23 21 44 38 39 41 48 40 11 45 15 34 18 22 36 12 13 01 07 06 47 05 00 02 32 30 37 31 33 29 35 
46 28 01 26 13 08 10 09 27 34 43 19 16 20 18 42 44 23 25 24 22 39 40 38 36 48 14 12 45 33 31 32 37 30 15 29 00 35 06 02 47 07 21 11 41 17 04 03 05 
33 12 04 45 42 43 34 28 15 11 30 44 22 25 21 32 37 48 36 40 41 47 06 00 05 35 16 17 31 14 24 38 02 20 18 27 01 09 03 10 29 46 39 19 07 23 13 26 08 
34 45 33 15 16 28 43 26 13 30 12 25 44 23 32 22 36 40 48 39 37 00 47 07 35 06 19 31 18 11 21 41 05 17 42 04 46 03 29 08 01 10 38 20 02 24 14 27 09 
04 30 27 12 18 34 33 43 45 14 11 22 32 44 24 21 41 36 37 48 38 06 35 47 02 05 42 20 17 13 23 39 07 19 31 26 29 08 09 46 03 01 40 16 00 25 15 28 10 
28 13 43 14 20 27 26 04 11 45 15 24 23 21 44 25 40 38 39 41 48 02 07 05 47 00 17 42 16 12 22 36 06 18 19 34 08 01 46 03 10 09 37 31 35 32 30 33 29 
43 15 34 13 19 26 28 27 14 12 45 23 25 24 22 44 48 39 40 38 36 07 00 02 06 47 20 18 42 30 32 37 35 31 16 33 10 29 01 09 46 08 41 17 05 21 11 04 03 
48 00 36 07 08 39 40 38 02 06 47 26 28 27 34 43 45 13 15 14 12 19 16 20 18 42 09 01 46 35 33 30 31 29 10 37 25 32 22 24 44 23 11 03 17 04 05 41 21 
37 06 41 47 46 48 36 40 00 05 35 43 34 28 04 33 30 45 12 15 11 42 18 16 17 31 10 03 29 02 27 14 20 09 01 38 22 24 21 25 32 44 13 08 19 26 07 39 23 
36 47 37 00 10 40 48 39 07 35 06 28 43 26 33 34 12 15 45 13 30 16 42 19 31 18 08 29 01 05 04 11 17 03 46 41 44 21 32 23 22 25 14 09 20 27 02 38 24 
41 35 38 06 01 36 37 48 47 02 05 34 33 43 27 04 11 12 30 45 14 18 31 42 20 17 46 09 03 07 26 13 19 08 29 39 32 23 24 44 21 22 15 10 16 28 00 40 25 
40 07 48 02 09 38 39 41 05 47 00 27 26 04 43 28 15 14 13 11 45 20 19 17 42 16 03 46 10 06 34 12 18 01 08 36 23 22 44 21 25 24 30 29 31 33 35 37 32 
30 18 11 42 44 45 12 15 16 17 31 48 36 40 41 37 35 47 06 00 05 46 01 10 03 29 25 21 32 20 38 02 09 24 22 14 34 27 04 28 33 43 07 23 08 39 19 13 26 
12 42 30 16 25 15 45 13 19 31 18 40 48 39 37 36 06 00 47 07 35 10 46 08 29 01 23 32 22 17 41 05 03 21 44 11 43 04 33 26 34 28 02 24 09 38 20 14 27 
11 31 14 18 22 12 30 45 42 20 17 36 37 48 38 41 05 06 35 47 02 01 29 46 09 03 44 24 21 19 39 07 08 23 32 13 33 26 27 43 04 34 00 25 10 40 16 15 28 
15 19 45 20 24 14 13 11 17 42 16 38 39 41 48 40 00 02 07 05 47 09 08 03 46 10 21 44 25 18 36 06 01 22 23 12 26 34 43 04 28 27 35 32 29 37 31 30 33 
45 16 12 19 23 13 15 14 20 18 42 39 40 38 36 48 47 07 00 02 06 08 10 09 01 46 24 22 44 31 37 35 29 32 25 30 28 33 34 27 43 26 05 21 03 41 17 11 04 
21 37 24 36 06 22 32 44 48 38 41 01 29 46 09 03 04 34 33 43 27 12 30 45 14 11 47 02 05 39 08 26 13 07 35 23 31 19 20 42 17 18 28 00 15 10 40 25 16 
25 39 44 38 02 24 23 21 41 48 40 09 08 03 46 10 28 27 26 04 43 14 13 11 45 15 05 47 00 36 01 34 12 06 07 22 19 18 42 17 16 20 33 35 30 29 37 32 31 
44 40 22 39 07 23 25 24 38 36 48 08 10 09 01 46 43 26 28 27 34 13 15 14 12 45 02 06 47 37 29 33 30 35 00 32 16 31 18 20 42 19 04 05 11 03 41 21 17 
08 27 10 04 11 03 09 29 33 28 26 17 20 31 16 19 23 21 24 32 25 41 38 37 40 39 30 15 13 43 42 44 48 45 14 46 02 47 00 35 07 05 22 12 36 18 34 01 06 
26 14 28 11 17 04 27 33 30 15 13 21 24 32 25 23 39 41 38 37 40 05 02 35 00 07 31 16 19 45 44 48 47 42 20 43 09 46 10 29 08 03 36 18 06 22 12 34 01 
39 02 40 05 03 41 38 37 35 00 07 04 27 33 28 26 13 11 14 30 15 17 20 31 16 19 29 10 08 47 43 45 42 46 09 48 24 44 25 32 23 21 12 01 18 34 06 36 22 
13 20 15 17 21 11 14 30 31 16 19 41 38 37 40 39 07 05 02 35 00 03 09 29 10 08 32 25 23 42 48 47 46 44 24 45 27 43 28 33 26 04 06 22 01 36 18 12 34 
23 38 25 41 05 21 24 32 37 40 39 03 09 29 10 08 26 04 27 33 28 11 14 30 15 13 35 00 07 48 46 43 45 47 02 44 20 42 16 31 19 17 34 06 12 01 36 22 18 
22 48 32 40 00 25 44 23 39 37 36 10 46 08 29 01 34 28 43 26 33 15 45 13 30 12 07 35 06 41 03 04 11 05 47 21 42 17 31 19 18 16 27 02 14 09 38 24 20 
19 24 16 21 41 17 20 31 32 25 23 05 02 35 00 07 08 03 09 29 10 04 27 33 28 26 37 40 39 44 47 46 43 48 38 42 14 45 15 30 13 11 01 36 34 06 22 18 12 
06 46 35 10 28 00 47 07 08 29 01 15 45 13 30 12 18 16 42 19 31 25 44 23 32 22 26 33 34 03 11 17 21 04 43 05 39 40 36 37 41 48 20 27 24 14 09 02 38 
07 09 00 03 04 05 02 35 29 10 08 11 14 30 15 13 19 17 20 31 16 21 24 32 25 23 33 28 26 46 45 42 44 43 27 47 37 41 39 40 48 38 18 34 22 12 01 06 36 
00 08 47 09 27 02 07 05 03 46 10 14 13 11 45 15 16 20 19 17 42 24 23 21 44 25 04 43 28 01 12 18 22 34 26 06 41 38 40 48 36 39 31 33 32 30 29 35 37 
05 29 02 01 34 06 35 47 46 09 03 12 30 45 14 11 17 18 31 42 20 22 32 44 24 21 43 27 04 08 13 19 23 26 33 07 48 36 41 38 39 37 16 28 25 15 10 00 40 
47 10 06 08 26 07 00 02 09 01 46 13 15 14 12 45 42 19 16 20 18 23 25 24 22 44 27 34 43 29 30 31 32 33 28 35 38 39 48 36 37 40 17 04 21 11 03 05 41 
35 01 05 46 43 47 06 00 10 03 29 45 12 15 11 30 31 42 18 16 17 44 22 25 21 32 28 04 33 09 14 20 24 27 34 02 40 48 37 41 38 36 19 26 23 13 08 07 39 
38 05 39 35 29 37 41 36 06 07 02 33 04 34 26 27 14 30 11 12 13 31 17 18 19 20 01 08 09 00 28 15 16 10 03 40 21 25 23 22 24 32 45 46 42 43 47 48 44 
24 41 23 37 35 32 21 22 36 39 38 29 03 01 08 09 27 33 04 34 26 30 11 12 13 14 06 07 02 40 10 28 15 00 05 25 17 16 19 18 20 31 43 47 45 46 48 44 42 
14 17 13 31 32 30 11 12 18 19 20 37 41 36 39 38 02 35 05 06 07 29 03 01 08 09 22 23 24 16 40 00 10 25 21 15 04 28 26 34 27 33 47 44 46 48 42 45 43 
27 11 26 30 31 33 04 34 12 13 14 32 21 22 23 24 38 37 41 36 39 35 05 06 07 02 18 19 20 15 25 40 00 16 17 28 03 10 08 01 09 29 48 42 47 44 45 43 46 
09 04 08 33 30 29 03 01 34 26 27 31 17 18 19 20 24 32 21 22 23 37 41 36 39 38 12 13 14 28 16 25 40 15 11 10 05 00 07 06 02 35 44 45 48 42 43 46 47 
20 21 19 32 37 31 17 18 22 23 24 35 05 06 07 02 09 29 03 01 08 33 04 34 26 27 36 39 38 25 00 10 28 40 41 16 11 15 13 12 14 30 46 48 43 47 44 42 45 
02 03 07 29 33 35 05 06 01 08 09 30 11 12 13 14 20 31 17 18 19 32 21 22 23 24 34 26 27 10 15 16 25 28 04 00 36 37 38 39 40 41 42 43 44 45 46 47 48 
