32 34 31 30 33 41 48 43 44 47 42 46 19 21 22 23 18 39 11 06 07 37 09 08 00 04 01 36 02 05 38 16 12 13 14 15 35 45 20 10 03 17 29 40 27 25 28 26 24 
33 31 30 32 41 35 45 48 47 46 44 43 22 18 21 19 39 20 07 37 06 10 11 09 36 01 00 03 04 02 17 13 15 14 12 38 34 42 23 08 05 16 27 24 26 29 40 28 25 
35 32 33 41 34 31 44 42 43 48 46 45 18 20 39 21 23 19 37 08 10 09 06 07 05 36 03 02 00 01 13 12 17 15 38 16 30 47 22 11 04 14 28 29 40 26 25 24 27 
31 41 35 34 30 32 46 47 45 42 48 44 20 19 23 39 22 21 08 11 09 07 10 37 04 05 02 01 03 36 12 38 13 17 16 14 33 43 18 06 00 15 24 26 25 40 27 29 28 
41 30 32 33 35 34 42 45 46 43 47 48 21 39 18 22 20 23 06 10 37 08 07 11 03 00 36 05 01 04 16 14 38 12 15 17 31 44 19 09 02 13 26 25 28 27 24 40 29 
34 33 41 35 31 30 47 44 48 45 43 42 39 23 20 18 19 22 10 09 08 11 37 06 02 03 05 04 36 00 14 15 16 38 17 13 32 46 21 07 01 12 40 27 24 28 29 25 26 
19 22 18 20 21 39 00 03 36 01 05 02 48 44 46 42 45 43 27 24 28 29 25 40 12 17 13 38 15 14 07 11 06 37 09 08 23 04 47 26 16 10 30 34 41 35 33 31 32 
21 18 20 19 39 23 02 01 04 05 00 36 47 48 42 43 46 44 25 28 27 24 40 26 38 13 12 16 17 15 06 07 37 10 11 09 22 03 45 29 14 08 34 41 32 33 30 35 31 
22 21 39 23 18 20 03 02 05 36 04 01 42 46 48 47 44 45 29 40 26 25 24 28 15 16 14 17 38 12 08 10 09 11 37 06 19 00 43 27 13 07 31 35 33 41 32 34 30 
23 19 21 39 22 18 04 00 01 02 36 03 46 45 44 48 43 47 26 25 40 27 29 24 14 38 16 15 12 13 10 37 08 09 06 07 20 05 42 28 17 11 32 31 35 34 41 30 33 
18 39 23 22 20 19 01 36 00 04 03 05 43 42 47 45 48 46 24 26 29 40 28 27 17 14 15 13 16 38 09 08 11 07 10 37 21 02 44 25 12 06 35 33 30 32 31 41 34 
39 20 19 21 23 22 36 05 03 00 02 04 45 47 43 44 42 48 40 27 25 28 26 29 16 12 38 14 13 17 37 06 10 08 07 11 18 01 46 24 15 09 41 32 31 30 34 33 35 
12 17 38 15 14 13 24 28 40 25 26 27 06 10 37 07 08 09 46 48 43 45 47 44 32 33 34 35 31 41 18 23 19 39 21 20 16 29 11 42 30 22 01 02 03 05 36 04 00 
38 13 16 17 15 12 27 25 29 26 24 40 09 07 11 08 06 37 48 42 45 44 43 46 34 31 33 32 41 30 19 18 39 22 23 21 14 28 10 47 35 20 04 05 36 03 00 02 01 
15 16 17 38 12 14 28 27 26 40 29 25 10 09 08 37 11 07 43 45 48 42 46 47 41 35 30 31 32 34 20 22 21 23 39 19 13 24 06 44 33 18 03 00 04 01 02 36 05 
14 38 15 12 13 16 29 24 25 27 40 28 11 06 07 09 37 10 47 43 46 48 44 42 31 30 41 33 35 32 22 39 20 21 19 18 17 26 08 45 34 23 05 36 01 00 04 03 02 
17 14 13 16 38 15 25 40 24 29 28 26 07 37 06 11 10 08 45 44 42 47 48 43 30 32 35 41 34 33 21 20 23 18 22 39 12 27 09 46 31 19 36 01 02 04 05 00 03 
16 12 14 13 17 38 40 26 28 24 27 29 37 08 10 06 09 11 42 47 44 46 45 48 33 41 31 34 30 35 39 19 22 20 18 23 15 25 07 43 32 21 02 03 00 36 01 05 04 
40 25 28 29 27 24 39 18 19 22 23 21 33 31 35 30 32 41 13 15 17 14 12 38 45 48 47 46 44 43 02 01 03 00 36 05 26 20 34 16 42 04 09 06 08 11 37 10 07 
24 29 40 27 26 25 19 23 18 39 21 20 32 34 41 31 30 33 16 12 38 13 14 15 48 43 44 47 42 46 03 02 00 04 01 36 28 22 35 17 45 05 11 37 09 07 10 08 06 
27 28 29 40 24 26 21 22 20 23 39 19 34 33 30 41 35 31 15 16 14 38 17 13 47 44 48 45 43 42 05 04 36 01 00 03 25 18 32 12 46 02 37 09 06 10 11 07 08 
26 40 27 24 25 28 20 39 22 21 19 18 35 32 31 33 41 34 12 17 13 15 38 16 44 42 43 48 46 45 36 05 01 02 04 00 29 23 30 14 47 03 10 11 37 08 07 06 09 
29 26 25 28 40 27 23 20 21 18 22 39 31 41 32 35 34 30 38 13 12 17 16 14 46 47 45 42 48 44 04 00 05 36 03 02 24 19 33 15 43 01 06 08 07 37 09 11 10 
28 24 26 25 29 40 22 19 39 20 18 23 41 30 34 32 33 35 14 38 16 12 15 17 42 45 46 43 47 48 01 36 02 03 05 04 27 21 31 13 44 00 08 07 10 09 06 37 11 
06 09 11 07 37 10 32 35 31 41 33 30 24 29 25 40 27 26 03 00 36 01 05 02 19 22 39 18 20 21 46 44 48 42 45 43 08 34 28 04 23 47 14 16 38 17 15 13 12 
10 07 06 37 08 09 41 31 32 34 35 33 40 25 24 28 29 27 01 02 04 05 00 36 21 18 23 20 19 39 42 48 47 43 46 44 11 30 26 03 22 45 16 38 12 15 14 17 13 
37 11 07 06 10 08 33 34 30 35 41 32 27 28 26 29 40 24 02 03 05 36 04 01 22 21 20 39 23 18 48 46 42 47 44 45 09 31 25 00 19 43 13 17 15 38 12 16 14 
07 08 09 11 06 37 30 41 34 33 32 31 26 40 28 27 24 25 00 04 01 02 36 03 23 19 18 21 39 22 44 45 46 48 43 47 10 35 29 05 20 42 12 13 17 16 38 14 15 
08 06 37 10 09 11 35 30 33 31 34 41 29 26 27 25 28 40 36 01 00 04 03 05 18 39 19 23 22 20 47 42 43 45 48 46 07 32 24 02 21 44 17 15 14 12 13 38 16 
09 37 10 08 11 07 34 32 41 30 31 35 28 24 40 26 25 29 05 36 03 00 02 04 39 20 22 19 21 23 43 47 45 44 42 48 06 33 27 01 18 46 38 12 13 14 16 15 17 
45 43 42 46 47 48 38 17 14 13 12 16 02 03 05 04 36 00 34 33 30 35 41 32 10 09 08 37 11 07 26 27 28 40 29 25 44 15 01 31 06 24 22 19 23 18 21 39 20 
42 48 44 43 46 45 16 13 15 12 38 14 36 01 00 03 04 02 31 41 32 34 35 33 09 07 11 08 06 37 29 25 27 26 24 40 47 17 05 30 10 28 23 20 39 22 19 21 18 
48 46 45 47 44 43 12 15 16 17 13 38 00 04 01 36 02 05 35 32 31 41 33 30 06 10 37 07 08 09 40 28 24 25 26 27 42 14 03 34 11 29 18 21 22 20 39 23 19 
43 47 48 44 42 46 13 14 38 15 17 12 05 36 03 02 00 01 41 30 34 33 32 31 11 06 07 09 37 10 25 24 29 27 40 28 45 16 04 35 08 26 20 39 18 19 23 22 21 
44 45 47 48 43 42 14 12 17 38 16 15 04 05 02 01 03 36 30 35 33 31 34 41 07 37 06 11 10 08 24 40 25 29 28 26 46 13 00 32 09 27 39 18 21 23 20 19 22 
47 42 46 45 48 44 15 38 13 16 14 17 03 00 36 05 01 04 32 34 41 30 31 35 37 08 10 06 09 11 28 26 40 24 27 29 43 12 02 33 07 25 21 22 19 39 18 20 23 
30 35 34 31 32 33 43 46 42 44 45 47 23 22 19 20 21 18 09 07 11 06 08 10 01 02 04 00 05 03 15 17 14 16 13 12 41 48 39 37 36 38 25 28 29 24 26 27 40 
20 23 22 18 19 21 05 04 02 03 01 00 44 43 45 46 47 42 28 29 24 26 27 25 13 15 17 12 14 16 11 09 07 06 08 10 39 36 48 40 38 37 33 30 34 31 35 32 41 
13 15 12 14 16 17 26 29 27 28 25 24 08 11 09 10 07 06 44 46 47 43 42 45 35 34 32 30 33 31 23 21 18 19 20 22 38 40 37 48 41 39 00 04 05 02 03 01 36 
25 27 24 26 28 29 18 21 23 19 20 22 30 35 33 34 31 32 17 14 15 16 13 12 43 46 42 44 45 47 00 03 04 05 02 01 40 39 41 38 48 36 07 10 11 06 08 09 37 
11 10 08 09 07 06 31 33 35 32 30 34 25 27 29 24 26 28 04 05 02 03 01 00 20 23 21 22 18 19 45 43 44 46 47 42 37 41 40 36 39 48 15 14 16 13 17 12 38 
46 44 43 42 45 47 17 16 12 14 15 13 01 02 04 00 05 03 33 31 35 32 30 34 08 11 09 10 07 06 27 29 26 28 25 24 48 38 36 41 37 40 19 23 20 21 22 18 39 
01 04 05 36 02 03 11 09 37 10 06 08 14 16 13 12 17 38 23 18 22 20 39 21 29 27 40 28 24 26 31 34 30 32 35 41 00 07 15 19 25 33 48 46 44 47 42 43 45 
02 05 36 01 03 00 37 06 09 11 08 07 16 38 17 13 15 12 20 21 19 39 18 22 40 24 27 29 26 25 35 41 34 31 33 32 04 10 14 23 28 30 42 48 46 43 47 45 44 
03 36 01 02 00 04 09 08 06 37 07 10 38 12 15 17 14 13 39 22 23 18 21 19 27 26 24 40 25 28 33 32 41 35 30 31 05 11 16 20 29 34 47 42 48 45 43 44 46 
05 03 00 04 36 01 07 11 10 08 37 09 17 15 38 16 12 14 22 20 18 19 23 39 25 29 28 26 40 27 41 33 35 34 32 30 02 06 13 21 24 31 44 45 43 48 46 42 47 
36 00 04 05 01 02 10 37 11 07 09 06 15 14 12 38 13 16 19 39 21 23 20 18 28 40 29 25 27 24 32 30 33 41 31 34 03 08 17 22 26 35 46 44 45 42 48 47 43 
04 02 03 00 05 36 08 10 07 06 11 37 13 17 16 14 38 15 21 23 39 22 19 20 26 28 25 24 29 40 34 35 31 30 41 33 01 09 12 18 27 32 45 43 47 46 44 48 42 
00 01 02 03 04 05 06 07 08 09 10 11 12 13 14 15 16 17 18 19 20 21 22 23 24 25 26 27 28 29 30 31 32 33 34 35 36 37 38 39 40 41 43 47 42 44 45 46 48 
