48 01 04 00 05 03 37 39 46 38 41 36 10 11 07 06 08 42 47 16 12 17 15 14 23 18 21 19 43 22 27 26 28 44 24 25 32 45 35 34 31 33 40 13 20 29 30 09 02 
04 48 02 05 01 00 40 41 37 36 38 46 42 10 06 11 09 08 17 12 15 13 47 16 21 20 22 43 18 19 26 44 29 28 25 27 31 33 45 32 35 30 39 14 23 24 34 07 03 
01 05 48 03 00 02 46 40 36 41 39 38 11 06 09 07 42 10 15 14 16 47 12 13 20 43 23 22 19 21 25 27 44 26 29 24 34 35 31 30 32 45 37 17 18 28 33 08 04 
03 02 00 48 04 01 41 36 39 37 46 40 09 08 10 42 06 07 14 47 17 16 13 15 19 21 43 20 23 18 28 29 25 24 26 44 45 34 30 35 33 32 38 12 22 27 31 11 05 
02 04 03 01 48 05 39 38 40 46 36 37 08 42 11 10 07 09 13 15 47 14 17 12 22 23 19 18 20 43 44 28 24 29 27 26 35 30 33 31 45 34 41 16 21 25 32 06 00 
00 03 05 04 02 48 38 46 41 40 37 39 07 09 42 08 11 06 16 17 13 12 14 47 43 22 18 23 21 20 29 24 27 25 44 28 33 32 34 45 30 31 36 15 19 26 35 10 01 
19 22 43 23 21 20 48 00 05 04 01 03 12 47 16 13 17 14 30 33 35 45 32 34 06 07 08 09 10 11 36 40 37 38 46 39 24 44 28 25 29 26 02 31 42 41 27 15 18 
21 23 22 18 20 43 03 48 04 00 02 01 47 13 15 16 14 12 35 31 34 32 33 45 06 07 08 09 10 11 38 37 46 41 36 40 44 25 27 28 26 24 05 30 42 39 29 17 19 
43 19 18 21 22 23 02 01 48 03 04 05 16 15 14 17 47 13 45 35 32 31 30 33 06 07 08 09 10 11 39 36 38 40 41 46 28 27 26 29 44 25 00 34 42 37 24 12 20 
20 18 23 19 43 22 01 03 00 48 05 02 13 16 17 15 12 47 34 30 45 33 31 32 06 07 08 09 10 11 41 46 36 39 38 37 25 28 29 27 24 44 04 35 42 40 26 14 21 
23 20 21 43 18 19 04 05 01 02 48 00 17 14 47 12 16 15 33 45 31 35 34 30 06 07 08 09 10 11 37 41 39 46 40 38 29 26 44 24 28 27 03 32 42 36 25 13 22 
18 43 20 22 19 21 00 04 02 05 03 48 14 12 13 47 15 17 31 32 30 34 45 35 06 07 08 09 10 11 46 39 40 36 37 41 26 24 25 44 27 29 01 33 42 38 28 16 23 
28 44 29 27 26 25 30 45 34 31 35 32 48 05 04 03 00 02 18 43 22 19 23 20 36 39 41 46 38 40 12 13 14 15 16 17 06 10 07 08 42 09 33 21 37 47 11 01 24 
29 28 24 26 44 27 45 31 33 34 32 30 02 48 03 05 01 00 43 19 21 22 20 18 41 37 40 38 39 46 12 13 14 15 16 17 08 07 42 11 06 10 35 23 36 47 09 04 25 
25 24 27 28 29 44 34 33 32 35 45 31 01 00 48 02 03 04 22 21 20 23 43 19 46 41 38 37 36 39 12 13 14 15 16 17 09 06 08 10 11 42 30 18 40 47 07 05 26 
24 29 25 44 28 26 31 34 35 33 30 45 00 02 05 48 04 01 19 22 23 21 18 43 40 36 46 39 37 38 12 13 14 15 16 17 11 42 06 09 08 07 32 20 41 47 10 03 27 
26 27 44 24 25 29 35 32 45 30 34 33 03 04 00 01 48 05 23 20 43 18 22 21 39 46 37 41 40 36 12 13 14 15 16 17 07 11 09 42 10 08 31 19 38 47 06 02 28 
44 26 28 25 27 24 32 30 31 45 33 35 05 03 01 04 02 48 20 18 19 43 21 23 37 38 36 40 46 41 12 13 14 15 16 17 42 09 10 06 07 11 34 22 39 47 08 00 29 
45 35 33 32 31 34 12 16 13 14 47 15 36 46 40 37 41 38 48 04 03 02 05 01 24 44 28 25 29 26 06 09 11 42 08 10 18 19 20 21 22 23 17 00 27 07 43 39 30 
34 30 32 45 33 35 14 13 47 17 12 16 46 37 39 40 38 36 01 48 02 04 00 05 44 25 27 28 26 24 11 07 10 08 09 42 18 19 20 21 22 23 15 03 29 06 43 41 31 
30 33 34 35 45 31 15 12 14 16 17 47 40 39 38 41 46 37 00 05 48 01 02 03 28 27 26 29 44 25 42 11 08 07 06 09 18 19 20 21 22 23 13 04 24 10 43 36 32 
35 31 45 34 32 30 17 47 12 15 14 13 37 40 41 39 36 46 05 01 04 48 03 00 25 28 29 27 24 44 10 06 42 09 07 08 18 19 20 21 22 23 16 02 26 11 43 38 33 
33 45 30 31 35 32 13 17 15 47 16 14 41 38 46 36 40 39 02 03 05 00 48 04 29 26 44 24 28 27 09 42 07 11 10 06 18 19 20 21 22 23 12 01 25 08 43 37 34 
32 34 31 33 30 45 47 15 16 12 13 17 38 36 37 46 39 41 04 02 00 03 01 48 26 24 25 44 27 29 07 08 06 10 42 11 18 19 20 21 22 23 14 05 28 09 43 40 35 
41 39 38 37 40 46 24 25 26 27 28 29 18 22 19 20 43 21 06 42 10 07 11 08 48 03 02 01 04 00 30 45 34 31 35 32 12 15 17 47 14 16 44 09 05 33 13 23 36 
36 38 46 39 41 40 24 25 26 27 28 29 20 19 43 23 18 22 42 07 09 10 08 06 00 48 01 03 05 04 45 31 33 34 32 30 17 13 16 14 15 47 44 11 02 35 12 21 37 
39 40 41 46 37 36 24 25 26 27 28 29 21 18 20 22 23 43 10 09 08 11 42 07 05 04 48 00 01 02 34 33 32 35 45 31 47 17 14 13 12 15 44 06 03 30 16 19 38 
37 46 40 38 36 41 24 25 26 27 28 29 23 43 18 21 20 19 07 10 11 09 06 42 04 00 03 48 02 05 31 34 35 33 30 45 16 12 47 15 13 14 44 08 01 32 17 22 39 
46 36 37 41 38 39 24 25 26 27 28 29 19 23 21 43 22 20 11 08 42 06 10 09 01 02 04 05 48 03 35 32 45 30 34 33 15 47 13 17 16 12 44 07 00 31 14 18 40 
40 37 39 36 46 38 24 25 26 27 28 29 43 21 22 18 19 23 08 06 07 42 09 11 03 01 05 02 00 48 32 30 31 45 33 35 13 14 12 16 47 17 44 10 04 34 15 20 41 
09 08 07 10 42 11 18 21 23 43 20 22 30 31 32 33 34 35 24 28 25 26 44 27 12 47 16 13 17 14 48 02 01 00 03 05 36 46 40 37 41 38 19 29 15 04 39 45 06 
08 42 09 11 10 06 23 19 22 20 21 43 30 31 32 33 34 35 26 25 44 29 24 28 47 13 15 16 14 12 05 48 00 02 04 03 46 37 39 40 38 36 18 27 17 01 41 45 07 
10 11 42 07 06 09 43 23 20 19 18 21 30 31 32 33 34 35 27 24 26 28 29 44 16 15 14 17 47 13 04 03 48 05 00 01 40 39 38 41 46 37 22 25 12 02 36 45 08 
42 10 08 06 11 07 22 18 43 21 19 20 30 31 32 33 34 35 29 44 24 27 26 25 13 16 17 15 12 47 03 05 02 48 01 04 37 40 41 39 36 46 23 28 14 00 38 45 09 
06 07 11 08 09 42 21 43 19 23 22 18 30 31 32 33 34 35 25 29 27 44 28 26 17 14 47 12 16 15 00 01 03 04 48 02 41 38 46 36 40 39 20 24 13 05 37 45 10 
07 09 06 42 08 10 19 20 18 22 43 23 30 31 32 33 34 35 44 27 28 24 25 29 14 12 13 47 15 17 02 00 04 01 05 48 38 36 37 46 39 41 21 26 16 03 40 45 11 
14 13 16 47 17 15 06 42 10 07 11 08 24 27 29 44 26 28 36 37 38 39 40 41 30 34 31 32 45 33 18 43 22 19 23 20 48 01 00 05 02 04 09 46 35 21 03 25 12 
47 15 17 16 12 14 42 07 09 10 08 06 29 25 28 26 27 44 36 37 38 39 40 41 32 31 45 35 30 34 43 19 21 22 20 18 04 48 05 01 03 02 11 46 33 23 00 24 13 
17 47 13 12 15 16 10 09 08 11 42 07 44 29 26 25 24 27 36 37 38 39 40 41 33 30 32 34 35 45 22 21 20 23 43 19 03 02 48 04 05 00 06 46 31 18 01 28 14 
16 14 12 17 13 47 07 10 11 09 06 42 28 24 44 27 25 26 36 37 38 39 40 41 35 45 30 33 32 31 19 22 23 21 18 43 02 04 01 48 00 03 08 46 34 20 05 29 15 
13 17 14 15 47 12 11 08 42 06 10 09 27 44 25 29 28 24 36 37 38 39 40 41 31 35 33 45 34 32 23 20 43 18 22 21 05 00 02 03 48 01 07 46 30 19 04 26 16 
15 12 47 14 16 13 08 06 07 42 09 11 25 26 24 28 44 29 36 37 38 39 40 41 45 33 34 30 31 35 20 18 19 43 21 23 01 05 03 00 04 48 10 46 32 22 02 27 17 
22 21 19 20 23 18 05 02 03 01 00 04 15 17 12 14 13 16 32 34 33 30 35 31 06 07 08 09 10 11 40 38 41 37 39 36 27 29 24 26 25 28 48 45 42 46 44 47 43 
31 32 35 30 34 33 16 14 17 13 15 12 39 41 36 38 37 40 03 00 01 05 04 02 27 29 24 26 25 28 08 10 09 06 11 07 18 19 20 21 22 23 47 48 44 42 43 46 45 
38 41 36 40 39 37 24 25 26 27 28 29 22 20 23 19 21 18 09 11 06 08 07 10 02 05 00 04 03 01 33 35 30 32 31 34 14 16 15 12 17 13 44 42 48 45 47 43 46 
11 06 10 09 07 08 20 22 21 18 23 19 30 31 32 33 34 35 28 26 29 25 27 24 15 17 12 14 13 16 01 04 05 03 02 00 39 41 36 38 37 40 43 44 47 48 46 45 42 
12 16 15 13 14 17 09 11 06 08 07 10 26 28 27 24 29 25 36 37 38 39 40 41 34 32 35 31 33 30 21 23 18 20 19 22 00 03 04 02 01 05 42 46 45 43 48 44 47 
27 25 26 29 24 28 33 35 30 32 31 34 04 01 02 00 05 03 21 23 18 20 19 22 38 40 39 36 41 37 12 13 14 15 16 17 10 08 11 07 09 06 45 43 46 47 42 48 44 
05 00 01 02 03 04 36 37 38 39 40 41 06 07 08 09 10 11 12 13 14 15 16 17 18 19 20 21 22 23 24 25 26 27 28 29 30 31 32 33 34 35 46 47 43 44 45 42 48 
