48 46 45 44 47 43 37 07 11 08 09 06 27 24 40 25 29 28 00 01 03 41 05 02 32 34 31 35 30 36 21 23 18 22 39 20 19 10 26 04 33 42 17 14 12 38 16 15 13 
42 48 44 47 43 46 10 09 08 37 11 07 24 25 26 28 27 40 03 02 01 04 41 05 36 35 30 31 32 33 20 39 23 18 19 22 21 06 29 00 34 45 16 12 17 13 15 38 14 
43 47 48 42 45 44 11 10 07 09 06 37 26 29 25 27 40 24 41 00 04 02 01 03 31 36 34 33 35 30 39 22 20 21 18 19 23 08 28 05 32 46 14 38 13 16 12 17 15 
47 44 46 48 42 45 09 37 06 07 10 08 40 26 24 29 28 27 05 04 41 01 03 00 35 32 33 36 34 31 23 20 21 19 22 39 18 11 25 02 30 43 13 15 38 17 14 12 16 
44 45 43 46 48 42 07 08 10 06 37 11 28 40 27 26 25 29 02 41 05 03 00 04 34 30 36 32 33 35 18 21 19 39 20 23 22 09 24 01 31 47 38 16 15 12 13 14 17 
45 42 47 43 46 48 06 11 37 10 08 09 25 28 29 40 24 26 01 05 02 00 04 41 33 31 32 30 36 34 22 19 39 23 21 18 20 07 27 03 35 44 15 17 16 14 38 13 12 
40 28 29 27 24 25 48 44 43 46 47 45 12 17 38 16 14 15 34 31 35 36 32 30 08 06 09 07 11 37 00 05 02 01 41 03 04 42 13 33 10 26 22 21 20 39 18 23 19 
24 27 28 40 26 29 47 48 45 44 42 46 38 13 17 14 15 12 32 33 36 31 35 34 07 08 10 37 06 09 05 03 00 04 01 41 02 43 16 30 11 25 19 23 39 22 21 20 18 
29 26 24 25 28 40 45 43 48 42 46 47 16 15 14 38 17 13 31 32 30 34 33 36 10 09 08 11 37 06 01 04 41 05 00 02 03 44 12 35 07 27 23 22 18 21 39 19 20 
26 40 27 24 25 28 42 47 46 48 43 44 17 16 13 15 12 38 35 30 31 33 36 32 37 07 11 09 08 10 03 41 05 02 04 01 00 45 14 34 06 29 18 20 22 19 23 39 21 
27 29 25 28 40 26 44 46 42 45 48 43 15 38 12 13 16 14 30 36 32 35 34 33 06 11 37 08 10 07 02 00 04 41 03 05 01 47 17 31 09 24 39 18 23 20 19 21 22 
25 24 40 26 29 27 43 42 44 47 45 48 13 14 16 12 38 17 36 34 33 30 31 35 09 37 06 10 07 11 41 01 03 00 02 04 05 46 15 32 08 28 21 39 19 18 20 22 23 
09 07 08 37 10 06 31 36 34 35 33 32 48 42 47 45 46 44 23 19 39 22 20 21 03 05 04 41 00 01 15 12 14 13 17 38 16 30 43 18 02 11 26 28 40 24 29 27 25 
07 06 11 08 37 10 35 32 33 34 36 30 46 48 44 42 43 45 18 39 23 20 21 19 00 02 41 05 04 03 16 14 13 38 12 15 17 31 47 22 01 09 40 25 28 27 26 29 24 
37 08 06 07 09 11 36 35 30 32 31 34 44 47 48 43 45 46 21 22 20 39 23 18 05 00 01 03 02 41 14 15 16 17 38 12 13 33 42 19 04 10 24 29 27 40 25 28 26 
06 10 09 11 08 37 34 30 36 33 32 31 43 46 45 48 47 42 22 23 18 21 19 39 04 01 05 02 41 00 17 13 38 15 14 16 12 35 44 20 03 07 28 24 25 29 40 26 27 
11 09 37 10 06 07 30 33 35 31 34 36 42 45 43 44 48 47 39 21 19 18 22 20 01 41 00 04 03 02 38 17 12 14 16 13 15 32 46 23 05 08 29 40 26 25 27 24 28 
10 37 07 09 11 08 33 31 32 36 30 35 47 43 42 46 44 48 20 18 22 19 39 23 41 03 02 01 05 04 12 38 15 16 13 17 14 34 45 21 00 06 25 27 24 26 28 40 29 
18 22 39 19 21 20 16 13 12 17 14 38 04 00 02 03 41 01 48 45 42 43 47 44 24 40 29 26 27 25 37 09 07 06 11 10 08 15 05 46 28 23 34 36 33 30 35 31 32 
20 21 18 23 39 19 12 15 13 14 38 16 05 41 03 04 02 00 43 48 46 44 45 42 29 25 40 28 26 27 11 06 10 37 07 08 09 17 01 47 24 22 36 30 32 35 33 34 31 
22 20 23 39 19 21 17 38 14 12 13 15 41 04 01 00 05 03 46 42 48 47 44 45 27 28 26 40 29 24 08 07 06 10 09 37 11 16 02 43 25 18 33 32 36 31 34 35 30 
39 23 21 20 22 18 38 12 16 15 17 14 03 01 41 02 00 05 45 47 44 48 46 43 28 29 24 27 25 40 06 08 11 09 37 07 10 13 04 42 26 19 31 34 35 36 30 32 33 
19 39 20 22 18 23 13 17 15 38 16 12 01 02 04 05 03 41 44 43 47 42 48 46 40 27 25 24 28 26 07 37 08 11 10 09 06 14 00 45 29 21 30 35 31 33 32 36 34 
21 19 22 18 23 39 14 16 38 13 15 17 02 05 00 41 01 04 47 46 43 45 42 48 26 24 28 25 40 29 09 10 37 08 06 11 07 12 03 44 27 20 32 31 30 34 36 33 35 
13 38 12 17 16 15 26 24 28 40 25 27 22 18 19 23 20 39 07 11 09 10 37 08 48 44 43 47 46 42 35 36 32 30 33 31 34 29 21 06 45 14 02 03 01 04 05 41 00 
16 17 38 13 14 12 25 26 27 24 29 40 19 21 18 20 39 22 37 06 10 11 09 07 47 48 45 42 44 43 36 31 35 34 30 33 32 28 23 08 46 15 00 41 04 02 03 01 05 
12 14 16 15 38 13 27 28 26 29 40 25 23 39 20 19 18 21 11 37 08 07 06 10 45 43 48 46 42 44 30 34 33 36 35 32 31 24 22 09 47 17 41 02 05 03 04 00 01 
17 12 15 38 13 14 24 40 29 27 26 28 39 19 22 21 23 20 08 10 37 09 07 06 44 46 42 48 45 47 32 35 34 33 31 36 30 25 18 11 43 16 04 05 41 01 00 03 02 
14 13 17 16 15 38 29 25 40 26 28 24 18 23 21 39 22 19 09 08 11 06 10 37 42 47 46 43 48 45 31 33 36 32 34 30 35 27 20 07 44 12 05 01 02 00 41 04 03 
38 15 14 12 17 16 40 27 25 28 24 29 20 22 39 18 21 23 06 09 07 37 08 11 46 45 47 44 43 48 34 32 30 31 36 35 33 26 19 10 42 13 01 00 03 41 02 05 04 
02 01 41 04 00 03 18 19 20 22 21 39 33 34 30 35 36 31 40 29 26 25 24 27 17 38 14 13 12 16 48 47 44 45 43 42 46 23 32 28 15 05 06 37 10 11 07 09 08 
04 41 03 01 02 05 19 22 23 39 18 20 31 30 33 32 35 36 27 25 24 26 40 28 38 12 16 17 15 13 44 48 46 43 42 47 45 21 34 29 14 00 11 07 09 10 08 37 06 
00 04 01 02 05 41 21 18 39 19 23 22 30 32 34 36 31 33 24 28 25 29 26 40 13 17 15 16 38 14 47 42 48 46 45 43 44 20 35 27 12 03 08 09 11 06 37 10 07 
03 00 02 05 41 04 20 23 19 21 39 18 32 36 35 33 30 34 25 40 28 27 29 26 14 16 38 15 13 12 43 45 42 48 44 46 47 22 31 24 17 01 37 11 08 07 10 06 09 
41 05 00 03 01 02 39 20 18 23 22 21 35 31 36 30 34 32 29 24 27 40 28 25 15 14 17 12 16 38 45 46 43 47 48 44 42 19 33 26 13 04 09 06 07 37 11 08 10 
01 03 05 41 04 00 22 39 21 20 19 23 36 33 31 34 32 35 28 26 40 24 27 29 12 15 13 38 14 17 46 44 45 42 47 48 43 18 30 25 16 02 10 08 37 09 06 07 11 
05 02 04 00 03 01 23 21 22 18 20 19 34 35 32 31 33 30 26 27 29 28 25 24 16 13 12 14 17 15 42 43 47 44 46 45 48 39 36 40 38 41 07 10 06 08 09 11 37 
28 25 26 29 27 24 46 45 47 43 44 42 14 12 15 17 13 16 33 35 34 32 30 31 11 10 07 06 09 08 04 02 01 03 05 00 41 48 38 36 37 40 20 19 21 23 22 18 39 
08 11 10 06 07 09 32 34 31 30 35 33 45 44 46 47 42 43 19 20 21 23 18 22 02 04 03 00 01 05 13 16 17 12 15 14 38 36 48 39 41 37 27 26 29 28 24 25 40 
23 18 19 21 20 22 15 14 17 16 12 13 00 03 05 01 04 02 42 44 45 46 43 47 25 26 27 29 24 28 10 11 09 07 08 06 37 38 41 48 40 39 35 33 34 32 31 30 36 
15 16 13 14 12 17 28 29 24 25 27 26 21 20 23 22 19 18 10 07 06 08 11 09 43 42 44 45 47 46 33 30 31 35 32 34 36 40 39 37 48 38 03 04 00 05 01 02 41 
46 43 42 45 44 47 08 06 09 11 07 10 29 27 28 24 26 25 04 03 00 05 02 01 30 33 35 34 31 32 19 18 22 20 23 21 39 37 40 41 36 48 12 13 14 15 17 16 38 
35 34 30 32 36 33 03 05 04 00 41 02 08 37 07 10 11 06 16 38 15 12 14 13 21 18 39 23 19 20 25 29 26 40 27 28 24 01 09 17 22 31 43 45 48 46 44 42 47 
30 31 36 33 34 35 02 04 03 01 00 41 10 06 11 07 37 09 38 14 13 16 17 12 22 39 21 19 20 18 40 24 27 29 25 26 28 05 08 15 23 32 48 47 45 42 43 44 46 
31 35 32 36 33 34 01 41 00 03 04 05 37 10 09 06 08 07 15 13 38 17 12 14 20 23 19 39 21 22 28 27 29 26 24 40 25 02 11 16 18 30 46 44 42 48 47 45 43 
36 32 34 35 31 30 41 03 02 05 01 00 07 09 37 11 06 08 14 17 12 38 15 16 23 21 22 20 18 39 29 28 25 24 40 27 26 04 10 13 19 33 45 46 47 44 48 43 42 
34 33 31 30 32 36 00 02 41 04 05 01 11 08 06 37 09 10 17 15 16 14 13 38 19 22 23 18 39 21 24 26 40 28 29 25 27 03 07 12 20 35 47 42 46 43 45 48 44 
33 36 35 31 30 32 04 01 05 41 02 03 09 11 10 08 07 37 12 16 17 13 38 15 39 20 18 22 23 19 27 40 28 25 26 24 29 00 06 14 21 34 44 48 43 47 42 46 45 
32 30 33 34 35 31 05 00 01 02 03 04 06 07 08 09 10 11 13 12 14 15 16 17 18 19 20 21 22 23 26 25 24 27 28 29 40 41 37 38 39 36 42 43 44 45 46 47 48 
