44 48 46 43 42 47 01 00 02 05 36 03 33 31 35 32 30 37 21 18 38 22 20 19 16 12 15 41 13 17 11 40 06 10 09 08 45 07 23 14 04 34 25 39 28 26 27 29 24 
46 42 48 45 47 43 04 02 01 03 00 36 37 34 32 31 33 35 20 22 19 38 23 21 12 17 13 16 41 14 10 09 40 07 11 06 44 08 18 15 05 30 29 26 27 28 24 39 25 
47 45 43 48 44 46 36 05 03 02 04 01 31 37 30 33 32 34 22 21 23 20 38 18 15 13 12 14 17 41 06 07 10 40 08 11 42 09 19 16 00 35 28 24 29 25 39 27 26 
45 46 44 47 48 42 02 36 00 04 03 05 30 32 37 35 34 33 19 23 22 18 21 38 41 16 14 13 15 12 09 06 08 11 40 07 43 10 20 17 01 31 24 29 26 39 28 25 27 
43 44 45 42 46 48 00 03 36 01 05 04 34 35 33 37 31 30 38 20 18 23 19 22 13 41 17 15 14 16 40 08 07 09 06 10 47 11 21 12 02 32 27 25 39 29 26 24 28 
48 47 42 44 43 45 05 01 04 36 02 00 35 30 31 34 37 32 23 38 21 19 18 20 17 14 41 12 16 15 07 11 09 08 10 40 46 06 22 13 03 33 39 28 24 27 25 26 29 
07 06 08 11 40 09 47 48 42 45 46 44 15 12 41 16 14 13 26 24 29 25 28 39 36 00 04 03 05 02 19 22 18 21 38 23 10 20 27 01 43 17 34 33 35 37 32 30 31 
10 08 07 09 06 40 42 46 48 43 44 45 14 16 13 41 17 15 39 27 25 24 26 29 03 36 01 05 04 00 38 18 23 19 22 20 11 21 28 02 47 12 31 30 37 33 35 34 32 
40 11 09 08 10 07 44 43 45 48 47 42 16 15 17 14 41 12 24 39 28 26 25 27 01 04 36 02 00 05 23 21 19 18 20 38 06 22 29 03 46 13 37 32 34 31 30 35 33 
08 40 06 10 09 11 43 42 47 44 48 46 13 17 16 12 15 41 28 25 39 29 27 26 00 02 05 36 03 01 21 38 22 20 19 18 07 23 24 04 45 14 30 37 32 35 31 33 34 
06 09 40 07 11 10 45 47 43 46 42 48 41 14 12 17 13 16 27 29 26 39 24 28 02 01 03 00 36 04 20 19 38 23 21 22 08 18 25 05 44 15 33 35 31 32 34 37 30 
11 07 10 40 08 06 48 44 46 47 45 43 17 41 15 13 12 14 29 28 24 27 39 25 05 03 02 04 01 36 22 23 20 38 18 21 09 19 26 00 42 16 32 34 33 30 37 31 35 
28 24 27 39 25 29 38 18 22 21 23 20 43 48 44 46 47 45 13 12 14 17 41 15 08 06 11 07 10 40 33 34 31 37 30 32 26 35 16 09 19 42 02 04 03 05 36 01 00 
24 29 25 28 39 26 21 38 19 23 22 18 44 47 48 42 45 46 16 14 13 15 12 41 40 09 07 06 08 11 35 33 30 32 37 34 27 31 17 10 20 43 04 03 00 36 02 05 01 
27 25 24 26 29 39 19 22 38 20 18 23 45 42 46 48 43 44 41 17 15 14 16 13 06 40 10 08 07 09 37 30 34 35 33 31 28 32 12 11 21 47 01 05 36 03 00 04 02 
39 28 26 25 27 24 18 20 23 38 21 19 42 44 43 45 48 47 14 41 12 16 15 17 10 07 40 11 09 08 34 32 35 30 31 37 29 33 13 06 22 46 36 02 04 01 05 00 03 
25 39 29 27 26 28 20 19 21 18 38 22 46 43 42 47 44 48 12 15 41 13 17 16 09 11 08 40 06 10 32 37 33 31 35 30 24 34 14 07 23 45 05 36 02 00 01 03 04 
29 26 39 24 28 27 23 21 20 22 19 38 48 45 47 43 46 42 17 13 16 41 14 12 11 10 06 09 40 07 31 35 37 34 32 33 25 30 15 08 18 44 03 00 01 02 04 36 05 
41 12 16 15 17 14 30 31 34 37 32 35 19 18 20 23 38 21 45 48 47 42 44 43 27 24 39 28 26 25 04 02 00 05 01 36 13 03 46 29 33 22 40 11 07 10 08 09 06 
15 41 13 17 16 12 31 35 32 30 37 33 22 20 19 21 18 38 47 44 48 46 43 42 26 28 25 39 29 27 02 36 03 01 00 05 14 04 45 24 34 23 08 40 11 09 10 06 07 
13 16 41 14 12 17 34 32 31 33 35 37 38 23 21 20 22 19 43 46 42 48 45 47 28 27 29 26 39 24 01 00 36 04 02 03 15 05 44 25 30 18 06 09 10 11 07 40 08 
12 14 17 41 15 13 37 30 33 32 34 31 20 38 18 22 21 23 46 47 45 43 48 44 25 29 28 24 27 39 03 04 01 36 05 02 16 00 42 26 35 19 11 07 06 08 40 10 09 
14 13 15 12 41 16 32 37 35 34 33 30 18 21 38 19 23 22 42 45 46 44 47 48 39 26 24 29 25 28 00 03 05 02 36 04 17 01 43 27 31 20 07 06 09 40 11 08 10 
17 15 14 16 13 41 35 33 37 31 30 34 23 19 22 38 20 18 48 43 44 45 42 46 29 39 27 25 24 26 36 05 04 00 03 01 12 02 47 28 32 21 10 08 40 06 09 07 11 
20 18 23 19 22 38 09 06 40 10 08 07 04 00 03 36 01 05 37 31 30 34 35 33 46 48 43 44 45 42 39 25 24 26 29 27 21 28 32 47 11 02 17 15 41 13 16 14 12 
38 21 19 18 20 23 08 10 07 40 11 09 00 05 01 04 36 02 34 37 32 35 30 31 43 45 48 47 42 44 24 28 26 25 27 39 22 29 33 46 06 03 41 12 14 17 15 16 13 
18 38 22 20 19 21 10 09 11 08 40 06 03 01 00 02 05 36 32 30 37 33 31 35 42 47 44 48 46 43 28 39 29 27 26 25 23 24 34 45 07 04 15 41 12 16 17 13 14 
22 19 38 23 21 20 07 11 10 06 09 40 36 04 02 01 03 00 31 33 35 37 34 32 47 43 46 42 48 45 27 26 39 24 28 29 18 25 30 44 08 05 13 16 17 12 14 41 15 
21 23 20 38 18 22 40 08 06 11 07 10 01 36 05 03 02 04 33 32 34 31 37 30 44 46 47 45 43 48 29 24 27 39 25 28 19 26 35 42 09 00 12 14 13 15 41 17 16 
23 22 18 21 38 19 11 40 09 07 06 08 05 02 36 00 04 03 35 34 33 30 32 37 48 42 45 46 44 47 26 29 25 28 39 24 20 27 31 43 10 01 14 13 16 41 12 15 17 
36 02 00 05 01 04 15 17 14 41 12 16 26 25 27 24 39 28 07 40 11 09 08 10 31 34 37 32 35 30 45 47 42 44 43 48 03 46 06 33 13 29 38 21 23 20 18 19 22 
03 00 36 04 02 01 14 12 17 13 16 41 39 24 28 27 29 26 10 06 09 40 07 11 32 31 33 35 37 34 43 42 48 45 47 46 05 44 08 30 15 25 22 19 20 21 23 38 18 
02 04 01 36 05 03 41 15 13 12 14 17 27 39 25 29 28 24 06 11 07 10 40 08 30 33 32 34 31 37 46 45 43 48 44 47 00 42 09 35 16 26 21 23 22 18 38 20 19 
04 03 05 02 36 00 12 41 16 14 13 15 25 28 39 26 24 29 09 07 06 08 11 40 37 35 34 33 30 32 42 46 44 47 48 45 01 43 10 31 17 27 23 22 19 38 21 18 20 
01 05 04 00 03 36 16 13 41 17 15 14 24 26 29 39 27 25 40 10 08 07 09 06 33 37 31 30 34 35 48 44 45 42 46 43 02 47 11 32 12 28 20 18 38 22 19 23 21 
05 36 03 01 00 02 17 16 12 15 41 13 29 27 26 28 25 39 11 08 40 06 10 09 35 32 30 37 33 31 47 48 46 43 42 44 04 45 07 34 14 24 18 38 21 19 20 22 23 
42 43 47 46 45 44 03 04 05 00 01 02 32 33 34 30 35 31 18 19 20 21 22 23 14 15 16 17 12 13 08 10 11 06 07 09 48 40 38 41 36 37 26 27 25 24 29 28 39 
00 01 02 03 04 05 13 14 15 16 17 12 28 29 24 25 26 27 08 09 10 11 06 07 34 30 35 31 32 33 44 43 47 46 45 42 36 48 40 37 41 39 19 20 18 23 22 21 38 
16 17 12 13 14 15 33 34 30 35 31 32 21 22 23 18 19 20 44 42 43 47 46 45 24 25 26 27 28 29 05 01 02 03 04 00 41 36 48 39 37 38 09 10 08 07 06 11 40 
19 20 21 22 23 18 06 07 08 09 10 11 02 03 04 05 00 01 30 35 31 32 33 34 45 44 42 43 47 46 25 27 28 29 24 26 38 39 37 48 40 36 16 17 15 14 13 12 41 
09 10 11 06 07 08 46 45 44 42 43 47 12 13 14 15 16 17 25 26 27 28 29 24 04 05 00 01 02 03 18 20 21 22 23 19 40 38 39 36 48 41 35 31 30 34 33 32 37 
26 27 28 29 24 25 22 23 18 19 20 21 47 46 45 44 42 43 15 16 17 12 13 14 07 08 09 10 11 06 30 31 32 33 34 35 39 37 41 40 38 48 00 01 05 04 03 02 36 
30 37 33 31 35 32 27 26 28 25 39 29 06 10 09 11 08 40 02 05 36 03 01 00 19 21 18 38 22 20 12 41 13 17 16 15 34 14 04 23 24 07 48 46 44 47 42 43 45 
33 35 37 34 32 31 24 28 27 29 26 39 40 07 11 10 06 09 01 03 00 36 04 02 21 20 22 19 38 23 17 16 41 14 12 13 30 15 05 18 25 08 42 48 46 43 47 45 44 
37 32 35 30 31 34 25 27 24 39 28 26 09 08 10 07 40 11 04 36 02 00 05 01 20 23 38 21 19 18 14 12 16 15 17 41 33 13 03 22 29 06 47 42 48 45 43 44 46 
31 30 34 35 33 37 26 29 39 27 25 24 07 09 06 40 10 08 36 01 05 04 00 03 22 38 20 18 23 19 41 15 14 16 13 17 32 12 02 21 28 11 44 45 43 48 46 42 47 
34 33 30 32 37 35 28 39 26 24 29 25 08 11 40 09 07 06 00 04 03 05 02 36 38 19 23 22 18 21 16 13 15 12 41 14 31 17 01 20 27 10 46 44 45 42 48 47 43 
32 34 31 37 30 33 39 25 29 28 24 27 10 40 08 06 11 07 03 02 04 01 36 05 18 22 21 23 20 38 13 14 17 41 15 12 35 16 00 19 26 09 45 43 47 46 44 48 42 
35 31 32 33 34 30 29 24 25 26 27 28 11 06 07 08 09 10 05 00 01 02 03 04 23 18 19 20 21 22 15 17 12 13 14 16 37 41 36 38 39 40 43 47 42 44 45 46 48 
