12 16 14 45 17 13 05 02 47 03 00 01 29 44 24 27 26 25 08 06 48 07 11 09 42 41 37 36 39 38 33 32 34 31 43 30 23 46 20 19 21 18 22 35 40 28 10 15 04 
45 15 17 16 13 12 00 04 02 01 03 47 28 29 25 24 27 44 07 10 06 48 08 11 41 40 36 42 37 39 43 30 33 35 31 34 22 23 19 46 20 21 18 32 38 26 09 14 05 
16 14 13 15 12 45 03 05 04 47 01 02 26 28 44 25 24 29 48 09 10 06 07 08 40 38 42 41 36 37 31 34 43 32 35 33 18 22 46 23 19 20 21 30 39 27 11 17 00 
14 13 45 17 16 15 47 03 00 04 02 05 24 27 28 29 44 26 10 08 11 09 06 48 39 37 40 38 41 42 32 43 35 34 30 31 20 21 22 18 23 46 19 33 36 25 07 12 01 
13 45 15 12 14 17 04 47 01 00 05 03 44 25 27 26 28 24 11 48 07 08 09 10 36 42 39 37 38 40 34 35 30 43 33 32 46 19 21 20 18 22 23 31 41 29 06 16 02 
15 17 12 14 45 16 01 00 05 02 47 04 27 26 29 44 25 28 06 11 09 10 48 07 38 39 41 40 42 36 35 33 31 30 32 43 21 18 23 22 46 19 20 34 37 24 08 13 03 
06 09 08 10 07 48 13 14 15 45 12 16 18 22 46 19 20 23 43 32 35 31 33 34 04 05 47 02 01 03 29 24 44 26 28 25 38 40 42 41 36 37 39 27 00 21 30 11 17 
48 10 11 06 08 07 17 15 16 12 13 45 22 23 19 20 21 46 33 35 31 43 34 30 02 04 01 47 03 00 44 27 25 28 29 24 40 41 36 42 37 39 38 26 05 18 32 09 14 
09 08 48 11 06 10 45 13 17 15 16 14 20 21 22 23 46 18 35 34 30 32 31 43 00 03 04 05 02 47 26 44 28 24 27 29 37 39 40 38 41 42 36 25 01 19 33 07 12 
10 11 07 09 48 06 12 17 14 16 45 15 21 18 23 46 19 22 31 30 32 35 43 33 05 00 02 04 47 01 28 25 29 27 26 44 39 38 41 40 42 36 37 24 03 20 34 08 13 
08 48 10 07 09 11 15 45 12 17 14 13 46 19 21 18 22 20 30 43 33 34 32 35 01 47 00 03 05 04 24 28 27 44 25 26 42 36 39 37 38 40 41 29 02 23 31 06 16 
07 06 09 48 11 08 14 16 45 13 17 12 23 46 20 21 18 19 34 31 43 33 30 32 47 02 03 01 00 05 25 26 24 29 44 27 41 42 37 36 39 38 40 28 04 22 35 10 15 
46 22 21 23 20 19 27 28 29 25 24 44 15 16 12 13 17 45 36 40 41 42 37 39 31 35 33 43 34 30 47 00 01 04 02 03 10 06 07 48 08 11 09 05 32 14 38 18 26 
18 20 46 21 23 22 44 24 27 28 29 26 13 17 15 16 45 14 40 37 39 38 41 42 30 34 35 32 31 43 05 47 04 03 00 02 08 11 10 09 06 48 07 01 33 12 36 19 25 
22 21 19 18 46 23 25 27 26 29 44 28 17 14 16 45 12 15 41 39 38 40 42 36 32 30 31 35 43 33 04 01 02 00 05 47 11 09 06 10 48 07 08 03 34 13 37 20 24 
20 46 22 19 18 21 28 44 25 27 26 24 45 12 17 14 15 13 39 42 36 37 38 40 33 43 30 34 32 35 03 04 00 47 01 05 48 07 11 08 09 10 06 02 31 16 41 23 29 
23 18 20 22 19 46 24 26 28 44 25 29 14 15 45 12 13 16 42 38 40 41 36 37 35 32 43 31 33 34 02 03 47 05 04 01 09 10 48 06 07 08 11 00 30 17 39 21 27 
19 23 18 46 21 20 26 29 44 24 27 25 16 45 13 17 14 12 37 41 42 36 39 38 43 31 34 33 30 32 01 05 03 02 47 00 06 48 08 07 11 09 10 04 35 15 40 22 28 
04 00 01 05 47 02 36 39 38 41 42 40 30 32 31 43 33 35 16 17 14 15 45 12 18 21 23 22 46 19 10 07 06 11 09 48 27 26 29 28 44 25 24 08 20 34 13 03 37 
47 04 00 02 03 01 39 40 41 36 37 42 35 31 33 34 30 43 12 15 16 45 13 17 23 22 19 46 20 21 48 11 07 10 06 08 28 29 25 44 24 27 26 09 18 32 14 05 38 
05 03 47 00 02 04 42 37 39 40 41 38 34 30 35 31 43 32 15 13 17 14 16 45 21 20 22 18 23 46 09 48 10 08 11 06 24 27 28 26 29 44 25 07 19 33 12 01 36 
01 02 05 47 00 03 38 41 42 37 39 36 31 43 34 30 32 33 13 16 45 12 17 14 46 23 20 19 21 18 07 09 08 06 48 11 29 44 24 25 27 26 28 10 22 35 15 04 40 
03 47 04 01 05 00 40 42 36 39 38 37 43 33 30 32 35 34 17 45 12 13 14 15 19 46 21 20 18 22 08 10 11 48 07 09 44 25 27 24 26 28 29 06 23 31 16 02 41 
02 05 03 04 01 47 37 38 40 42 36 41 32 35 43 33 34 31 45 14 15 16 12 13 22 18 46 23 19 20 06 08 48 09 10 07 26 28 44 29 25 24 27 11 21 30 17 00 39 
32 34 43 30 31 35 48 08 11 10 06 09 37 39 40 41 42 38 28 24 27 26 29 44 17 13 15 14 16 45 18 46 22 20 21 23 03 00 04 05 02 47 01 19 12 36 25 33 07 
43 35 30 31 34 33 11 10 06 07 08 48 40 41 36 37 39 42 25 28 29 44 24 27 16 15 12 45 13 17 46 21 19 22 23 20 04 02 01 47 03 00 05 18 14 38 26 32 09 
35 30 33 32 43 31 07 11 09 06 48 10 39 38 41 42 36 40 29 27 26 28 44 25 14 17 16 15 45 12 22 19 23 21 18 46 00 05 02 04 47 01 03 20 13 37 24 34 08 
33 31 32 43 30 34 09 06 48 08 11 07 41 42 37 39 38 36 24 29 44 25 27 26 45 16 13 12 17 14 19 18 20 23 46 21 02 47 03 01 00 05 04 22 15 40 28 35 10 
34 43 35 33 32 30 10 48 07 11 09 08 42 36 39 38 40 37 27 44 25 24 26 28 12 45 17 13 14 15 20 22 21 46 19 18 47 01 00 03 05 04 02 23 16 41 29 31 06 
31 32 34 35 33 43 08 09 10 48 07 06 38 40 42 36 37 41 44 26 28 29 25 24 15 14 45 16 12 13 23 20 46 18 22 19 05 04 47 02 01 03 00 21 17 39 27 30 11 
36 41 38 42 39 37 18 23 46 20 21 19 06 48 08 11 09 07 03 02 47 01 00 05 44 29 24 25 27 26 12 14 13 16 45 17 31 43 34 33 30 32 35 15 28 10 04 40 22 
41 38 37 40 36 42 20 18 22 46 19 23 09 10 48 07 08 06 47 05 04 02 01 03 28 26 44 29 25 24 16 13 45 14 15 12 32 35 43 31 33 34 30 17 27 11 00 39 21 
40 39 36 38 42 41 19 21 18 23 46 22 11 09 06 48 07 10 02 00 05 04 47 01 26 27 29 28 44 25 15 12 16 17 14 45 30 32 31 35 43 33 34 13 24 08 03 37 20 
42 40 39 41 37 36 21 22 23 19 20 46 10 06 07 08 11 48 01 04 02 47 03 00 29 28 25 44 24 27 45 17 12 15 16 13 35 31 33 43 34 30 32 14 26 09 05 38 18 
38 37 42 39 41 40 46 20 21 22 23 18 08 11 10 06 48 09 04 03 00 05 02 47 27 24 28 26 29 44 14 45 15 13 17 16 34 30 35 32 31 43 33 12 25 07 01 36 19 
37 42 40 36 38 39 22 46 19 21 18 20 48 07 11 09 10 08 00 47 01 03 05 04 25 44 27 24 26 28 13 15 17 45 12 14 43 33 30 34 32 35 31 16 29 06 02 41 23 
44 28 27 29 24 25 30 35 31 33 34 43 04 02 01 03 00 47 19 22 23 46 20 21 06 10 07 48 08 11 42 39 36 40 41 37 15 16 12 45 13 17 14 38 09 05 18 26 32 
26 24 44 27 29 28 43 34 30 35 31 32 03 00 04 02 47 05 22 20 21 18 23 46 11 08 10 09 06 48 38 42 40 37 39 41 13 17 15 14 16 45 12 36 07 01 19 25 33 
28 27 25 26 44 29 33 30 32 31 43 35 00 05 02 47 01 04 23 21 18 22 46 19 09 11 06 10 48 07 40 36 41 39 38 42 17 14 16 15 45 12 13 37 08 03 20 24 34 
25 29 26 44 27 24 32 31 43 34 30 33 02 47 03 00 05 01 20 23 46 19 21 18 48 06 08 07 11 09 36 38 37 41 42 39 16 45 13 12 17 14 15 40 10 04 22 28 35 
24 44 28 25 26 27 35 43 33 30 32 34 47 01 00 05 04 03 21 46 19 20 18 22 07 48 11 08 09 10 37 40 39 42 36 38 45 12 17 13 14 15 16 41 06 02 23 29 31 
29 26 24 28 25 44 34 32 35 43 33 31 05 04 47 01 03 02 46 18 22 23 19 20 10 09 48 06 07 08 41 37 42 38 40 36 14 15 45 16 12 13 17 39 11 00 21 27 30 
27 25 29 24 28 26 31 33 34 32 35 30 01 03 05 04 02 00 18 19 20 21 22 23 08 07 09 11 10 06 39 41 38 36 37 40 12 13 14 17 15 16 45 46 42 43 47 48 44 
39 36 41 37 40 38 23 19 20 18 22 21 07 08 09 10 06 11 05 01 03 00 04 02 24 25 26 27 28 29 17 16 14 12 13 15 33 34 32 30 35 31 43 47 45 46 48 44 42 
30 33 31 34 35 32 06 07 08 09 10 11 36 37 38 40 41 39 26 25 24 27 28 29 13 12 14 17 15 16 21 23 18 19 20 22 01 03 05 00 04 02 47 44 46 48 42 45 43 
21 19 23 20 22 18 29 25 24 26 28 27 12 13 14 15 16 17 38 36 37 39 40 41 34 33 32 30 35 31 00 02 05 01 03 04 07 08 09 11 10 06 48 42 47 44 45 43 46 
00 01 02 03 04 05 41 36 37 38 40 39 33 34 32 35 31 30 14 12 13 17 15 16 20 19 18 21 22 23 11 06 09 07 08 10 25 24 26 27 28 29 44 45 48 42 43 46 47 
17 12 16 13 15 14 02 01 03 05 04 00 25 24 26 28 29 27 09 07 08 11 10 06 37 36 38 39 40 41 30 31 32 33 34 35 19 20 18 21 22 23 46 48 43 47 44 42 45 
11 07 06 08 10 09 16 12 13 14 15 17 19 20 18 22 23 21 32 33 34 30 35 31 03 01 05 00 04 02 27 29 26 25 24 28 36 37 38 39 40 41 42 43 44 45 46 47 48 
