29 26 12 10 15 13 11 09 14 35 36 37 38 39 40 34 31 00 32 41 33 30 01 06 04 02 07 05 03 08 28 24 27 23 48 44 42 45 43 46 47 25 21 19 22 20 18 17 16 
23 27 14 12 10 15 13 11 09 39 40 34 35 36 37 38 32 41 33 30 01 31 00 07 05 03 08 06 04 02 29 25 28 24 43 46 47 48 44 42 45 26 17 22 18 16 21 20 19 
07 03 35 38 34 37 40 36 39 43 46 47 48 44 42 45 29 27 25 23 28 26 24 11 12 13 14 15 09 10 08 05 02 06 21 19 17 22 20 18 16 04 41 01 30 00 33 32 31 
06 02 34 37 40 36 39 35 38 48 44 42 45 43 46 47 27 25 23 28 26 24 29 14 15 09 10 11 12 13 07 04 08 05 20 18 16 21 19 17 22 03 33 31 01 32 30 41 00 
05 08 40 36 39 35 38 34 37 45 43 46 47 48 44 42 25 23 28 26 24 29 27 10 11 12 13 14 15 09 06 03 07 04 19 17 22 20 18 16 21 02 30 00 31 41 01 33 32 
04 07 39 35 38 34 37 40 36 47 48 44 42 45 43 46 23 28 26 24 29 27 25 13 14 15 09 10 11 12 05 02 06 03 18 16 21 19 17 22 20 08 01 32 00 33 31 30 41 
03 06 38 34 37 40 36 39 35 42 45 43 46 47 48 44 28 26 24 29 27 25 23 09 10 11 12 13 14 15 04 08 05 02 17 22 20 18 16 21 19 07 31 41 32 30 00 01 33 
02 05 37 40 36 39 35 38 34 46 47 48 44 42 45 43 26 24 29 27 25 23 28 12 13 14 15 09 10 11 03 07 04 08 16 21 19 17 22 20 18 06 00 33 41 01 32 31 30 
08 04 36 39 35 38 34 37 40 44 42 45 43 46 47 48 24 29 27 25 23 28 26 15 09 10 11 12 13 14 02 06 03 07 22 20 18 16 21 19 17 05 32 30 33 31 41 00 01 
16 22 25 23 28 26 24 29 27 05 08 04 07 03 06 02 43 46 47 48 44 42 45 41 01 32 30 00 33 31 18 19 20 21 09 13 10 14 11 15 12 17 38 36 39 37 35 34 40 
19 18 24 29 27 25 23 28 26 04 07 03 06 02 05 08 48 44 42 45 43 46 47 01 32 30 00 33 31 41 21 22 16 17 15 12 09 13 10 14 11 20 35 40 36 34 39 38 37 
22 21 23 28 26 24 29 27 25 03 06 02 05 08 04 07 45 43 46 47 48 44 42 32 30 00 33 31 41 01 17 18 19 20 14 11 15 12 09 13 10 16 39 37 40 38 36 35 34 
18 17 29 27 25 23 28 26 24 02 05 08 04 07 03 06 47 48 44 42 45 43 46 30 00 33 31 41 01 32 20 21 22 16 13 10 14 11 15 12 09 19 36 34 37 35 40 39 38 
21 20 28 26 24 29 27 25 23 08 04 07 03 06 02 05 42 45 43 46 47 48 44 00 33 31 41 01 32 30 16 17 18 19 12 09 13 10 14 11 15 22 40 38 34 39 37 36 35 
17 16 27 25 23 28 26 24 29 07 03 06 02 05 08 04 46 47 48 44 42 45 43 33 31 41 01 32 30 00 19 20 21 22 11 15 12 09 13 10 14 18 37 35 38 36 34 40 39 
20 19 26 24 29 27 25 23 28 06 02 05 08 04 07 03 44 42 45 43 46 47 48 31 41 01 32 30 00 33 22 16 17 18 10 14 11 15 12 09 13 21 34 39 35 40 38 37 36 
35 37 22 19 16 20 17 21 18 32 30 00 33 31 41 01 12 15 11 14 10 13 09 43 46 47 48 44 42 45 38 36 34 39 27 28 29 23 24 25 26 40 08 06 02 07 05 04 03 
40 35 21 18 22 19 16 20 17 31 41 01 32 30 00 33 11 14 10 13 09 12 15 48 44 42 45 43 46 47 36 34 39 37 23 24 25 26 27 28 29 38 05 03 06 04 02 08 07 
38 40 20 17 21 18 22 19 16 30 00 33 31 41 01 32 10 13 09 12 15 11 14 45 43 46 47 48 44 42 34 39 37 35 26 27 28 29 23 24 25 36 02 07 03 08 06 05 04 
36 38 19 16 20 17 21 18 22 41 01 32 30 00 33 31 09 12 15 11 14 10 13 47 48 44 42 45 43 46 39 37 35 40 29 23 24 25 26 27 28 34 06 04 07 05 03 02 08 
34 36 18 22 19 16 20 17 21 00 33 31 41 01 32 30 15 11 14 10 13 09 12 42 45 43 46 47 48 44 37 35 40 38 25 26 27 28 29 23 24 39 03 08 04 02 07 06 05 
39 34 17 21 18 22 19 16 20 01 32 30 00 33 31 41 14 10 13 09 12 15 11 46 47 48 44 42 45 43 35 40 38 36 28 29 23 24 25 26 27 37 07 05 08 06 04 03 02 
37 39 16 20 17 21 18 22 19 33 31 41 01 32 30 00 13 09 12 15 11 14 10 44 42 45 43 46 47 48 40 38 36 34 24 25 26 27 28 29 23 35 04 02 05 03 08 07 06 
42 44 32 33 01 00 41 30 31 29 26 23 27 24 28 25 34 39 37 35 40 38 36 19 22 18 21 17 20 16 43 46 47 48 04 02 07 05 03 08 06 45 15 13 09 14 12 11 10 
46 43 00 41 30 31 32 33 01 28 25 29 26 23 27 24 40 38 36 34 39 37 35 18 21 17 20 16 19 22 48 44 42 45 02 07 05 03 08 06 04 47 12 10 13 11 09 15 14 
44 48 31 32 33 01 00 41 30 27 24 28 25 29 26 23 39 37 35 40 38 36 34 17 20 16 19 22 18 21 45 43 46 47 07 05 03 08 06 04 02 42 09 14 10 15 13 12 11 
43 45 01 00 41 30 31 32 33 26 23 27 24 28 25 29 38 36 34 39 37 35 40 16 19 22 18 21 17 20 47 48 44 42 05 03 08 06 04 02 07 46 13 11 14 12 10 09 15 
48 47 30 31 32 33 01 00 41 25 29 26 23 27 24 28 37 35 40 38 36 34 39 22 18 21 17 20 16 19 42 45 43 46 03 08 06 04 02 07 05 44 10 15 11 09 14 13 12 
45 42 33 01 00 41 30 31 32 24 28 25 29 26 23 27 36 34 39 37 35 40 38 21 17 20 16 19 22 18 46 47 48 44 08 06 04 02 07 05 03 43 14 12 15 13 11 10 09 
47 46 41 30 31 32 33 01 00 23 27 24 28 25 29 26 35 40 38 36 34 39 37 20 16 19 22 18 21 17 44 42 45 43 06 04 02 07 05 03 08 48 11 09 12 10 15 14 13 
27 24 15 13 11 09 14 12 10 34 35 36 37 38 39 40 41 33 30 01 31 00 32 04 02 07 05 03 08 06 26 29 25 28 47 48 44 42 45 43 46 23 22 20 16 21 19 18 17 
26 23 13 11 09 14 12 10 15 37 38 39 40 34 35 36 00 32 41 33 30 01 31 03 08 06 04 02 07 05 25 28 24 27 42 45 43 46 47 48 44 29 19 17 20 18 16 22 21 
25 29 11 09 14 12 10 15 13 40 34 35 36 37 38 39 01 31 00 32 41 33 30 02 07 05 03 08 06 04 24 27 23 26 46 47 48 44 42 45 43 28 16 21 17 22 20 19 18 
24 28 09 14 12 10 15 13 11 36 37 38 39 40 34 35 33 30 01 31 00 32 41 08 06 04 02 07 05 03 23 26 29 25 44 42 45 43 46 47 48 27 20 18 21 19 17 16 22 
13 15 45 43 46 47 48 44 42 18 16 21 19 17 22 20 03 04 05 06 07 08 02 36 40 37 34 38 35 39 09 14 12 10 30 33 41 32 00 31 01 11 23 28 24 29 27 26 25 
12 14 47 48 44 42 45 43 46 16 21 19 17 22 20 18 06 07 08 02 03 04 05 35 39 36 40 37 34 38 15 13 11 09 41 32 00 31 01 30 33 10 27 25 28 26 24 23 29 
11 13 42 45 43 46 47 48 44 21 19 17 22 20 18 16 02 03 04 05 06 07 08 34 38 35 39 36 40 37 14 12 10 15 00 31 01 30 33 41 32 09 24 29 25 23 28 27 26 
10 12 46 47 48 44 42 45 43 19 17 22 20 18 16 21 05 06 07 08 02 03 04 40 37 34 38 35 39 36 13 11 09 14 01 30 33 41 32 00 31 15 28 26 29 27 25 24 23 
09 11 44 42 45 43 46 47 48 17 22 20 18 16 21 19 08 02 03 04 05 06 07 39 36 40 37 34 38 35 12 10 15 13 33 41 32 00 31 01 30 14 25 23 26 24 29 28 27 
15 10 43 46 47 48 44 42 45 22 20 18 16 21 19 17 04 05 06 07 08 02 03 38 35 39 36 40 37 34 11 09 14 12 32 00 31 01 30 33 41 13 29 27 23 28 26 25 24 
14 09 48 44 42 45 43 46 47 20 18 16 21 19 17 22 07 08 02 03 04 05 06 37 34 38 35 39 36 40 10 15 13 11 31 01 30 33 41 32 00 12 26 24 27 25 23 29 28 
28 25 10 15 13 11 09 14 12 38 39 40 34 35 36 37 30 01 31 00 32 41 33 05 03 08 06 04 02 07 27 23 26 29 45 43 46 47 48 44 42 24 18 16 19 17 22 21 20 
32 31 06 07 08 02 03 04 05 13 14 15 09 10 11 12 20 21 22 16 17 18 19 27 28 29 23 24 25 26 01 00 41 30 38 39 40 34 35 36 37 33 45 46 42 43 47 48 44 
30 41 04 05 06 07 08 02 03 11 12 13 14 15 09 10 18 19 20 21 22 16 17 25 26 27 28 29 23 24 32 33 01 00 36 37 38 39 40 34 35 31 43 47 45 46 48 44 42 
33 32 07 08 02 03 04 05 06 14 15 09 10 11 12 13 21 22 16 17 18 19 20 28 29 23 24 25 26 27 00 41 30 31 39 40 34 35 36 37 38 01 47 44 46 48 42 45 43 
31 30 05 06 07 08 02 03 04 12 13 14 15 09 10 11 19 20 21 22 16 17 18 26 27 28 29 23 24 25 33 01 00 41 37 38 39 40 34 35 36 32 48 42 47 44 45 43 46 
41 00 03 04 05 06 07 08 02 10 11 12 13 14 15 09 17 18 19 20 21 22 16 24 25 26 27 28 29 23 31 32 33 01 35 36 37 38 39 40 34 30 44 45 48 42 43 46 47 
00 01 02 03 04 05 06 07 08 09 10 11 12 13 14 15 16 17 18 19 20 21 22 23 24 25 26 27 28 29 30 31 32 33 34 35 36 37 38 39 40 41 46 48 43 47 44 42 45 
01 33 08 02 03 04 05 06 07 15 09 10 11 12 13 14 22 16 17 18 19 20 21 29 23 24 25 26 27 28 41 30 31 32 40 34 35 36 37 38 39 00 42 43 44 45 46 47 48 
