37 34 48 11 27 08 26 22 01 43 23 15 20 28 31 42 35 33 38 16 07 44 29 21 00 03 25 47 41 09 32 10 19 45 17 02 14 40 13 46 04 39 06 12 36 05 18 24 30 
48 06 22 14 19 27 09 30 46 03 00 31 02 12 47 16 08 01 39 05 43 40 32 13 21 36 45 34 20 37 15 24 42 10 26 07 33 18 44 28 38 25 23 29 11 04 35 17 41 
17 39 20 48 36 34 10 21 41 38 44 12 40 15 35 08 45 24 03 27 23 26 46 05 16 09 29 14 42 30 22 02 04 32 47 06 28 33 11 00 43 18 37 25 19 01 07 31 13 
22 17 24 09 48 19 01 04 34 06 33 46 13 11 03 05 15 47 37 29 16 36 02 43 31 23 28 18 39 42 07 41 40 12 27 44 25 35 10 30 21 45 20 32 08 00 38 14 26 
24 08 11 31 40 48 43 20 12 41 19 03 42 38 30 23 25 34 44 32 18 35 13 10 47 26 36 04 01 22 45 14 06 29 07 16 46 00 05 17 37 28 09 15 39 02 21 27 33 
39 48 31 36 14 23 35 44 15 07 18 26 11 45 27 37 12 38 41 46 02 01 24 20 17 42 21 13 06 00 29 47 33 19 05 08 04 43 09 25 30 32 40 28 22 03 10 34 16 
02 47 13 06 08 04 17 48 27 01 24 32 23 46 09 07 18 14 29 42 15 31 36 00 11 43 39 19 05 26 35 45 21 25 30 20 41 44 33 37 12 38 28 22 16 10 40 03 34 
42 18 40 20 25 33 21 36 48 16 32 13 27 06 43 28 00 31 15 24 45 03 14 19 02 12 44 22 26 07 09 30 47 34 38 01 39 05 46 10 08 37 17 04 35 11 41 29 23 
13 40 45 29 39 00 38 03 25 48 35 21 26 34 37 44 04 15 08 10 19 47 23 27 32 28 31 46 11 02 14 22 01 42 41 33 20 16 07 43 17 09 36 30 24 06 12 18 05 
11 09 00 47 05 16 03 27 29 14 48 24 10 21 17 20 46 06 34 39 04 32 42 12 22 02 35 08 43 18 28 33 41 38 45 30 40 15 23 26 44 36 25 19 13 07 37 01 31 
28 23 30 21 42 37 13 29 16 18 39 48 25 04 34 24 09 43 01 17 22 12 27 45 19 41 40 05 15 47 31 35 10 06 33 46 07 11 03 36 02 44 14 00 38 08 26 32 20 
36 32 04 37 16 45 48 38 18 35 01 28 44 00 12 41 31 40 47 20 24 11 07 22 46 08 06 29 25 03 42 26 05 17 19 10 43 14 30 23 13 34 39 33 27 09 15 21 02 
33 43 07 18 32 17 41 42 39 25 30 20 35 48 02 19 05 26 23 47 21 37 12 14 29 45 09 01 24 08 04 44 27 31 36 38 11 46 15 13 06 00 03 10 40 16 34 22 28 
44 36 10 00 31 21 39 05 45 22 38 07 09 30 48 40 26 37 27 06 42 34 08 01 15 24 47 28 32 19 33 18 46 16 14 25 02 12 43 03 20 13 35 23 29 17 04 41 11 
25 03 46 17 15 26 14 16 07 47 11 02 32 22 01 48 29 09 20 34 37 45 41 33 38 10 19 42 04 27 08 40 13 43 35 39 00 28 31 44 23 21 30 24 05 12 36 06 18 
29 21 14 43 30 10 28 33 23 26 42 36 22 02 41 38 48 05 40 15 17 20 47 18 03 27 04 32 45 24 34 39 11 00 44 12 16 09 35 08 46 06 01 07 37 13 31 19 25 
34 04 18 39 44 07 19 35 10 36 02 45 37 41 40 06 33 48 31 11 03 24 09 42 25 29 16 12 27 46 13 17 22 30 21 43 01 23 28 05 15 47 38 20 32 14 00 26 08 
12 14 41 01 28 46 47 08 05 17 13 10 48 32 06 29 19 03 45 26 30 23 31 40 42 00 18 35 07 16 43 38 24 11 37 34 44 20 36 04 25 22 33 27 02 15 39 09 21 
09 42 37 12 26 35 04 46 21 19 05 08 29 44 39 13 06 00 11 48 33 25 30 38 41 47 27 07 18 14 23 43 15 01 24 32 17 45 02 31 36 20 34 03 10 22 16 28 40 
45 30 28 08 01 09 33 18 43 34 26 37 15 24 46 22 20 25 02 12 48 10 38 07 39 05 42 16 00 13 27 06 44 03 32 19 21 36 47 40 14 31 11 41 17 23 29 35 04 
01 22 47 04 33 20 32 40 13 44 41 09 00 10 19 43 11 39 14 28 31 48 17 02 26 16 07 45 35 21 38 34 37 46 23 27 08 03 25 42 29 15 12 36 30 18 06 05 24 
41 15 38 42 06 40 22 02 11 00 46 18 16 09 04 32 44 36 28 33 35 08 48 30 10 21 23 26 47 12 03 27 17 20 43 05 34 39 29 14 45 24 31 01 07 19 13 25 37 
03 11 06 33 45 25 31 41 40 30 21 43 19 23 28 12 27 46 07 35 10 05 15 48 13 04 34 36 02 44 01 29 16 24 09 47 37 17 22 18 39 42 08 26 14 20 32 38 00 
30 00 23 19 03 47 44 26 06 29 37 16 43 08 36 04 07 22 48 14 05 17 25 34 45 38 12 41 13 40 46 20 18 35 31 28 42 32 24 11 01 10 15 39 33 21 09 02 27 
27 46 25 30 00 29 23 45 33 13 06 14 41 43 21 31 36 20 17 44 09 19 05 32 04 48 15 37 12 38 11 42 02 07 18 26 35 47 39 01 24 08 16 34 03 28 22 40 10 
43 24 16 38 07 15 27 06 47 10 20 25 39 05 44 34 14 19 21 36 46 28 26 37 33 18 48 03 08 31 02 12 45 40 00 13 09 30 42 22 32 01 04 35 23 41 17 11 29 
19 10 44 35 02 14 00 34 37 42 17 39 08 16 07 46 41 27 32 03 25 43 04 09 20 40 13 48 23 15 26 28 31 47 29 21 38 22 01 45 11 33 18 06 12 24 05 30 36 
04 33 32 46 24 28 16 09 17 20 45 30 34 39 23 26 43 18 22 02 29 14 44 06 40 15 11 00 48 05 10 21 35 08 42 36 03 27 41 38 47 12 13 31 01 25 19 37 07 
10 35 12 27 43 13 07 23 28 24 09 47 31 17 22 36 02 44 25 41 40 18 39 46 01 11 03 30 21 45 37 04 34 05 15 42 19 29 16 06 33 48 00 38 20 26 14 08 32 
18 26 35 25 34 43 46 32 30 23 07 22 45 20 05 17 01 28 42 08 12 41 37 16 44 14 24 11 19 10 48 00 36 04 13 40 47 38 06 29 31 03 02 21 09 33 27 39 15 
21 44 01 24 38 11 29 43 02 37 12 00 17 47 15 25 30 32 04 45 39 07 18 08 35 46 33 31 36 20 41 48 09 13 06 14 23 42 27 19 05 26 10 40 28 34 03 16 22 
46 12 34 32 13 02 15 24 44 40 08 01 21 36 42 03 38 07 33 18 47 22 00 31 09 30 43 10 14 25 39 05 48 28 20 37 27 06 45 16 26 19 41 17 04 29 11 23 35 
31 28 43 41 21 38 20 10 19 46 29 33 14 03 25 45 23 02 26 40 13 42 11 15 08 22 01 44 17 39 00 16 07 48 04 09 32 34 37 47 35 27 05 18 06 30 24 36 12 
35 27 08 44 18 03 40 15 04 32 43 05 28 33 29 14 47 12 10 21 11 00 45 36 34 39 41 38 46 06 16 09 23 26 48 24 22 02 17 20 42 30 07 37 25 31 01 13 19 
16 29 05 15 46 31 37 11 03 12 27 44 01 35 10 18 39 42 19 04 34 30 21 47 07 17 22 06 33 48 25 23 28 36 02 45 13 41 40 24 09 43 26 14 00 32 08 20 38 
06 20 29 13 10 42 45 00 24 11 25 34 47 14 18 35 37 16 46 38 36 04 19 03 43 32 05 17 31 28 44 08 30 23 01 22 48 26 12 41 07 40 27 02 21 39 33 15 09 
15 45 19 05 20 41 11 47 09 31 36 38 04 42 33 01 24 08 35 43 27 13 06 26 23 44 02 25 30 32 17 46 39 37 12 00 29 48 21 07 18 14 22 16 34 40 28 10 03 
47 05 03 26 37 39 02 12 42 28 14 19 33 18 45 10 32 13 09 30 44 16 20 25 27 06 46 40 38 01 21 36 43 22 08 31 15 24 48 34 00 07 29 11 41 35 23 04 17 
07 16 42 23 09 32 08 28 31 45 04 27 38 40 13 47 17 21 00 22 01 46 35 39 14 34 37 43 29 33 20 03 25 44 11 15 26 10 19 48 41 02 24 05 18 36 30 12 06 
23 02 26 45 12 22 34 39 35 08 47 06 03 27 11 00 42 30 16 09 41 38 43 24 28 33 17 20 44 36 40 15 29 14 46 18 10 21 04 32 48 05 19 13 31 37 25 07 01 
40 41 36 02 47 01 25 17 22 05 15 42 07 29 16 30 21 45 13 23 28 06 33 44 37 35 10 24 09 43 19 11 03 18 39 48 31 04 34 12 27 46 32 08 26 38 20 00 14 
05 38 17 07 22 44 42 14 36 04 31 40 46 26 24 11 13 10 43 00 06 29 01 28 48 20 30 23 37 34 47 32 12 41 25 03 45 08 18 35 19 16 21 09 15 27 02 33 39 
32 25 15 28 29 12 30 19 00 33 22 04 24 07 20 27 10 23 36 01 26 39 03 41 06 31 38 09 34 17 18 37 14 21 40 11 05 13 08 02 16 35 48 46 44 47 42 43 45 
08 19 39 22 11 36 24 13 38 27 16 35 05 37 32 02 40 29 30 07 14 33 10 17 12 01 20 15 03 04 06 25 00 09 28 41 18 31 26 21 34 23 42 48 46 43 47 45 44 
26 13 33 16 41 30 05 31 20 02 34 23 18 25 08 21 28 11 24 37 00 27 40 04 36 07 32 39 10 35 12 19 38 15 22 17 06 01 14 09 03 29 47 42 48 45 43 44 46 
38 07 21 10 35 18 12 37 26 15 40 41 36 31 00 39 34 04 06 13 32 09 16 29 05 19 14 02 22 11 24 01 08 27 03 23 30 25 20 33 28 17 44 45 43 48 46 42 47 
20 37 09 40 23 06 36 25 14 39 28 17 30 01 38 33 03 35 12 31 08 15 34 11 18 13 00 21 16 41 05 07 26 02 10 29 24 19 32 27 22 04 46 44 45 42 48 47 43 
00 01 02 03 04 05 06 07 08 09 10 11 12 13 14 15 16 17 18 19 20 21 22 23 24 25 26 27 28 29 30 31 32 33 34 35 36 37 38 39 40 41 45 43 47 46 44 48 42 
14 31 27 34 17 24 18 01 32 21 03 29 06 19 26 09 22 41 05 25 38 02 28 35 30 37 08 33 40 23 36 13 20 39 16 04 12 07 00 15 10 11 43 47 42 44 45 46 48 
