46 20 22 18 21 19 25 45 28 27 26 24 48 00 01 03 05 02 07 44 09 11 06 08 36 43 40 38 37 39 12 15 16 13 42 14 47 34 35 33 30 32 04 31 29 41 10 17 23 
21 46 20 19 23 22 28 26 27 45 29 25 02 03 48 01 00 04 11 08 44 09 07 10 40 39 38 43 36 41 16 17 14 12 15 42 32 33 47 35 34 31 05 30 24 37 06 13 18 
23 21 46 22 18 20 27 29 45 26 24 28 04 01 02 48 03 05 09 10 08 44 11 06 38 41 43 39 40 37 14 13 42 16 17 15 31 35 32 47 33 30 00 34 25 36 07 12 19 
19 18 23 46 22 21 26 25 29 24 28 45 00 02 05 04 48 03 08 07 06 10 44 11 39 36 41 37 43 40 15 16 17 42 12 13 34 32 30 31 47 33 01 35 27 38 09 14 20 
20 22 19 23 46 18 24 27 25 28 45 29 01 05 03 00 04 48 06 09 11 07 10 44 37 38 36 40 41 43 13 42 12 17 14 16 35 30 33 34 31 47 02 32 26 39 08 15 21 
18 23 21 20 19 46 45 24 26 29 25 27 05 48 04 02 01 00 44 06 10 08 09 07 43 37 39 41 38 36 42 12 15 14 13 17 30 47 31 32 35 34 03 33 28 40 11 16 22 
06 10 08 09 07 44 43 37 39 41 36 38 18 46 23 21 20 19 45 24 29 26 27 25 47 30 32 31 35 34 48 00 02 01 05 04 13 42 17 15 14 12 22 16 40 33 28 03 11 
44 09 11 06 08 07 36 43 40 38 39 37 46 19 20 22 18 21 25 45 27 28 24 26 34 47 33 35 30 32 00 02 03 05 48 01 42 12 14 16 13 15 23 17 41 31 29 04 10 
10 08 44 11 06 09 38 41 43 39 37 40 23 20 21 46 22 18 27 29 26 45 28 24 35 31 47 32 33 30 01 05 48 03 04 02 17 14 15 42 16 13 19 12 36 34 25 00 07 
08 44 09 07 10 11 40 39 38 43 41 36 21 22 46 20 19 23 28 26 45 27 25 29 33 32 35 47 34 31 03 04 01 00 02 48 15 16 42 14 12 17 18 13 37 30 24 05 06 
09 11 07 10 44 06 37 38 36 40 43 41 20 18 22 19 23 46 24 27 28 25 29 45 30 35 34 33 31 47 05 48 00 04 01 03 14 13 16 12 17 42 21 15 39 32 26 02 08 
07 06 10 44 11 08 39 36 41 37 40 43 19 21 18 23 46 22 26 25 24 29 45 28 32 34 31 30 47 33 02 03 04 48 00 05 12 15 13 17 42 16 20 14 38 35 27 01 09 
43 38 40 37 39 36 12 42 16 14 15 13 45 25 27 28 24 26 34 47 35 33 30 32 00 48 03 01 05 02 07 08 11 06 44 09 46 19 20 22 18 21 29 23 17 04 31 10 41 
37 41 39 38 36 43 42 13 15 17 12 14 24 45 29 26 27 25 47 30 31 32 35 34 48 05 02 04 01 00 44 07 08 09 06 10 18 46 23 21 20 19 28 22 16 03 33 11 40 
39 43 38 36 41 40 16 15 14 42 17 12 26 28 45 27 25 29 33 32 47 35 34 31 03 02 01 48 00 04 11 10 09 07 08 44 21 22 46 20 19 23 24 18 13 05 30 06 37 
41 39 43 40 37 38 14 17 42 15 13 16 29 27 26 45 28 24 35 31 32 47 33 30 01 04 48 02 03 05 09 06 44 11 10 08 23 20 21 46 22 18 25 19 12 00 34 07 36 
36 37 41 43 40 39 15 12 17 13 16 42 25 26 24 29 45 28 32 34 30 31 47 33 02 00 04 05 48 03 08 11 10 44 07 06 19 21 18 23 46 22 27 20 14 01 35 09 38 
38 40 36 41 43 37 13 14 12 16 42 17 27 24 28 25 29 45 30 35 33 34 31 47 05 01 00 03 04 48 06 44 07 10 09 11 20 18 22 19 23 46 26 21 15 02 32 08 39 
30 31 32 35 34 47 48 05 02 04 00 01 37 43 41 39 38 36 42 13 17 15 14 12 46 18 21 23 20 19 45 25 26 27 24 29 06 44 10 08 09 07 40 11 03 22 16 28 33 
47 35 33 30 32 34 00 48 03 01 02 05 43 36 38 40 37 39 12 42 14 16 13 15 19 46 22 20 18 21 25 26 28 24 45 27 44 07 09 11 06 08 41 10 04 23 17 29 31 
32 47 35 34 31 33 03 02 01 48 04 00 39 40 43 38 36 41 16 15 42 14 12 17 22 21 20 46 19 23 28 29 27 25 26 45 08 11 44 09 07 10 37 06 05 18 13 24 30 
31 32 47 33 30 35 01 04 48 02 05 03 41 38 39 43 40 37 14 17 15 42 16 13 20 23 46 21 22 18 27 24 45 28 29 26 10 09 08 44 11 06 36 07 00 19 12 25 34 
34 30 31 47 33 32 02 00 04 05 03 48 36 39 37 41 43 40 15 12 13 17 42 16 21 19 23 18 46 22 26 28 29 45 25 24 07 08 06 10 44 11 38 09 01 20 14 27 35 
35 33 34 31 47 30 05 01 00 03 48 04 38 37 40 36 41 43 13 14 16 12 17 42 18 20 19 22 23 46 24 45 25 29 27 28 09 06 11 07 10 44 39 08 02 21 15 26 32 
13 17 15 14 12 42 46 18 21 23 19 20 30 47 31 32 35 34 48 05 04 02 01 00 44 06 08 10 09 07 43 36 39 38 37 41 24 45 29 26 27 25 33 28 22 11 03 40 16 
42 14 16 13 15 12 19 46 22 20 21 18 47 34 35 33 30 32 00 48 01 03 05 02 07 44 11 09 06 08 36 39 40 37 43 38 45 25 27 28 24 26 31 29 23 10 04 41 17 
17 15 42 16 13 14 20 23 46 21 18 22 31 35 32 47 33 30 01 04 02 48 03 05 09 10 44 08 11 06 38 37 43 40 41 39 29 27 26 45 28 24 34 25 19 07 00 36 12 
15 42 14 12 17 16 22 21 20 46 23 19 32 33 47 35 34 31 03 02 48 01 00 04 11 08 09 44 07 10 40 41 38 36 39 43 26 28 45 27 25 29 30 24 18 06 05 37 13 
12 13 17 42 16 15 21 19 23 18 22 46 34 32 30 31 47 33 02 00 05 04 48 03 08 07 10 06 44 11 39 40 41 43 36 37 25 26 24 29 45 28 35 27 20 09 01 38 14 
14 16 12 17 42 13 18 20 19 22 46 23 35 30 33 34 31 47 05 01 03 00 04 48 06 09 07 11 10 44 37 43 36 41 38 40 27 24 28 25 29 45 32 26 21 08 02 39 15 
05 04 02 01 00 48 44 06 08 10 07 09 13 42 17 15 14 12 46 18 23 21 20 19 45 24 26 29 27 25 47 34 32 35 30 31 37 43 41 39 38 36 16 40 11 28 22 33 03 
01 03 00 04 48 05 06 09 07 11 44 10 14 13 16 12 17 42 18 20 22 19 23 46 24 27 25 28 29 45 30 47 34 31 35 33 38 37 40 36 41 43 15 39 08 26 21 32 02 
04 02 48 03 05 01 09 10 44 08 06 11 17 14 15 42 16 13 20 23 21 46 22 18 27 29 45 26 28 24 35 30 47 33 31 32 41 38 39 43 40 37 12 36 07 25 19 34 00 
00 05 04 48 03 02 08 07 10 06 11 44 12 15 13 17 42 16 21 19 18 23 46 22 26 25 29 24 45 28 32 33 31 47 34 30 36 39 37 41 43 40 14 38 09 27 20 35 01 
48 01 03 05 02 00 07 44 11 09 08 06 42 12 14 16 13 15 19 46 20 22 18 21 25 45 28 27 24 26 34 32 33 30 47 35 43 36 38 40 37 39 17 41 10 29 23 31 04 
02 48 01 00 04 03 11 08 09 44 10 07 15 16 42 14 12 17 22 21 46 20 19 23 28 26 27 45 25 29 33 31 35 34 32 47 39 40 43 38 36 41 13 37 06 24 18 30 05 
45 27 28 24 26 25 34 47 33 35 32 30 44 07 09 11 06 08 36 43 38 40 37 39 12 42 16 14 13 15 19 21 22 18 46 20 48 00 01 03 05 02 10 04 31 17 41 23 29 
24 29 26 27 25 45 47 30 32 31 34 35 06 44 10 08 09 07 43 37 41 39 38 36 42 13 15 17 14 12 46 19 21 20 18 23 05 48 04 02 01 00 11 03 33 16 40 22 28 
26 45 27 25 29 28 33 32 35 47 31 34 08 11 44 09 07 10 40 39 43 38 36 41 16 15 14 42 12 17 22 23 20 19 21 46 02 03 48 01 00 04 06 05 30 13 37 18 24 
29 26 45 28 24 27 35 31 47 32 30 33 10 09 08 44 11 06 38 41 39 43 40 37 14 17 42 15 16 13 20 18 46 22 23 21 04 01 02 48 03 05 07 00 34 12 36 19 25 
25 24 29 45 28 26 32 34 31 30 33 47 07 08 06 10 44 11 39 36 37 41 43 40 15 12 17 13 42 16 21 22 23 46 19 18 00 02 05 04 48 03 09 01 35 14 38 20 27 
27 28 25 29 45 24 30 35 34 33 47 31 09 06 11 07 10 44 37 38 40 36 41 43 13 14 12 16 17 42 18 46 19 23 20 22 01 05 03 00 04 48 08 02 32 15 39 21 26 
40 36 37 39 38 41 17 16 13 12 14 15 28 29 25 24 26 27 31 33 34 30 32 35 04 03 05 00 02 01 10 09 06 08 11 07 22 23 19 18 21 20 48 46 44 47 42 43 45 
28 25 24 26 27 29 31 33 30 34 35 32 11 10 07 06 08 09 41 40 36 37 39 38 17 16 13 12 15 14 23 20 18 21 22 19 03 04 00 05 02 01 42 48 46 43 47 45 44 
11 07 06 08 09 10 41 40 37 36 38 39 22 23 19 18 21 20 29 28 25 24 26 27 31 33 30 34 32 35 04 01 05 02 03 00 16 17 12 13 15 14 47 42 48 45 43 44 46 
16 12 13 15 14 17 23 22 18 19 20 21 33 31 34 30 32 35 04 03 00 05 02 01 10 11 06 07 08 09 41 38 37 39 40 36 28 29 25 24 26 27 44 45 43 48 46 42 47 
33 34 30 32 35 31 04 03 05 00 01 02 40 41 36 37 39 38 17 16 12 13 15 14 23 22 18 19 21 20 29 27 24 26 28 25 11 10 07 06 08 09 46 44 45 42 48 47 43 
03 00 05 02 01 04 10 11 06 07 09 08 16 17 12 13 15 14 23 22 19 18 21 20 29 28 24 25 26 27 31 35 30 32 33 34 40 41 36 37 39 38 45 43 47 46 44 48 42 
22 19 18 21 20 23 29 28 24 25 27 26 03 04 00 05 02 01 10 11 07 06 08 09 41 40 37 36 39 38 17 14 13 15 16 12 33 31 34 30 32 35 43 47 42 44 45 46 48 
