47 18 02 05 00 06 04 48 26 17 07 36 28 44 08 29 13 24 10 43 32 01 19 12 34 42 14 11 25 41 16 46 38 23 31 30 40 45 20 35 37 22 27 21 15 39 33 03 09 
09 47 05 28 20 42 24 21 11 16 02 48 06 33 17 04 26 46 30 03 23 34 08 44 12 15 29 22 32 45 36 27 35 10 14 43 18 39 01 40 38 41 00 31 19 25 13 37 07 
05 38 47 03 06 02 00 29 43 27 18 08 31 11 45 09 30 14 19 35 44 33 41 20 07 17 46 15 12 26 37 01 48 39 24 32 25 23 42 21 36 13 40 10 22 16 28 04 34 
02 31 06 47 04 00 03 32 30 44 28 13 09 20 12 42 10 25 15 08 36 45 34 37 21 38 18 48 16 07 27 26 41 43 40 19 33 14 24 46 22 39 17 35 11 23 01 05 29 
04 23 03 00 47 05 02 10 33 25 45 29 14 16 21 07 46 11 26 22 09 31 42 35 38 28 39 13 43 17 08 34 27 37 44 01 20 40 15 19 48 32 24 30 36 12 18 06 41 
03 43 05 04 02 47 06 15 11 34 26 42 30 27 17 22 08 48 12 39 23 10 32 46 36 09 29 40 14 44 18 21 35 28 38 45 41 33 01 16 20 24 07 37 25 31 19 00 13 
00 21 04 06 05 03 47 25 16 12 35 27 46 07 28 18 23 09 43 31 40 24 11 33 48 13 10 30 01 15 45 37 22 36 29 39 42 19 34 41 17 44 32 14 38 26 08 02 20 
45 36 26 01 00 24 28 47 08 11 07 12 10 48 32 23 13 41 34 44 14 35 19 30 16 43 38 05 25 18 40 42 20 17 31 06 22 46 02 29 37 04 33 27 21 03 39 09 15 
29 38 42 27 41 02 19 11 47 09 12 08 07 35 43 33 24 14 37 17 45 15 36 20 25 01 44 39 06 26 13 23 46 21 18 32 00 05 48 03 30 31 04 16 28 22 34 10 40 
20 25 30 46 28 37 03 08 12 47 10 07 09 38 36 44 34 19 15 26 18 42 16 31 21 14 41 45 40 00 27 02 24 48 22 13 33 32 06 43 04 39 23 01 17 29 05 11 35 
04 05 21 25 48 29 38 10 09 07 47 11 08 16 39 31 45 35 20 22 27 13 46 17 32 28 15 37 42 01 02 34 03 19 43 23 14 40 33 00 44 26 30 36 41 18 24 12 06 
39 45 05 22 26 43 30 09 11 10 08 47 12 21 17 40 32 42 36 33 23 28 14 48 18 03 29 16 38 46 41 15 35 04 20 44 24 27 01 34 02 06 13 00 31 37 25 07 19 
25 03 40 06 23 27 44 07 10 12 11 09 47 31 22 18 01 33 46 13 34 24 29 15 43 37 04 30 17 39 48 19 16 36 05 21 45 00 28 41 35 42 38 20 02 32 14 08 26 
46 12 08 35 00 41 10 45 32 05 07 30 34 47 14 17 13 18 16 48 38 29 19 06 40 44 20 01 25 36 22 43 02 11 31 24 04 42 26 23 37 28 39 33 27 09 03 15 21 
11 38 48 09 36 02 37 35 42 33 06 08 25 17 47 15 18 14 13 01 43 39 30 20 00 23 45 21 41 26 31 05 44 03 12 32 19 29 46 27 24 07 10 22 34 28 40 16 04 
38 19 12 43 10 31 03 26 36 46 34 00 09 14 18 47 16 13 15 02 41 44 40 25 21 32 24 42 22 37 27 20 06 45 04 07 33 08 30 48 28 39 29 05 23 35 11 17 01 
04 29 39 07 44 11 32 10 27 31 48 35 02 16 15 13 47 17 14 22 03 37 45 01 26 28 33 19 46 23 38 34 21 00 42 05 08 40 09 25 43 20 36 41 06 24 30 18 12 
33 44 05 40 08 45 12 03 11 28 32 43 36 15 17 16 14 47 18 27 23 04 38 42 41 39 29 34 20 48 24 09 35 22 02 46 06 21 01 10 26 30 19 07 37 00 31 13 25 
07 27 34 06 01 09 42 31 04 12 29 33 44 13 16 18 17 15 47 37 28 24 05 39 46 19 40 30 35 21 43 00 10 36 23 03 48 25 22 41 11 45 02 26 08 38 20 14 32 
42 30 32 29 00 18 34 46 14 01 07 06 16 45 38 11 13 36 40 47 20 23 19 24 22 48 02 35 25 12 04 44 26 05 31 41 28 43 08 17 37 10 03 39 33 15 09 21 27 
35 38 46 33 30 02 13 17 48 15 41 08 00 01 42 39 12 14 31 23 47 21 24 20 19 05 43 03 36 26 07 29 45 27 06 32 37 11 44 09 18 25 16 28 40 34 04 22 10 
14 13 36 48 34 25 03 02 18 43 16 37 09 32 41 46 40 07 15 20 24 47 22 19 21 08 06 44 04 31 27 38 30 42 28 00 33 26 12 45 10 39 35 11 29 01 17 23 05 
04 11 15 31 43 35 26 10 03 13 44 17 38 16 33 37 48 01 08 22 21 19 47 23 20 28 09 00 45 05 32 34 39 25 46 29 02 40 27 07 42 14 41 06 12 30 36 24 18 
27 46 05 16 32 44 36 39 11 04 14 45 18 09 17 34 38 43 41 21 23 22 20 47 24 33 29 10 02 42 06 03 35 40 26 48 30 15 01 28 08 12 25 13 00 07 37 19 31 
31 09 28 06 17 33 45 13 40 12 05 15 42 37 10 18 35 39 44 19 22 24 23 21 47 00 34 30 11 03 46 25 04 36 01 27 43 07 16 41 29 48 08 32 14 02 26 20 38 
43 06 14 23 00 36 16 42 38 35 07 24 40 46 20 05 13 12 22 45 02 17 19 41 04 47 26 29 25 30 28 48 08 01 31 18 10 44 32 11 37 34 09 03 39 21 15 27 33 
17 38 44 15 24 02 31 01 46 39 36 08 19 23 48 21 06 14 07 05 42 03 18 20 37 29 47 27 30 26 25 11 43 09 41 32 13 35 45 33 12 00 22 34 04 40 10 28 16 
32 07 18 45 16 19 03 20 41 48 40 31 09 08 24 43 22 00 15 38 06 46 04 13 21 26 30 47 28 25 27 14 12 44 10 37 33 02 36 42 34 39 01 17 35 05 23 29 11 
04 35 33 13 42 17 20 10 21 37 43 01 32 16 09 19 44 23 02 22 39 00 48 05 14 28 27 25 47 29 26 34 15 07 45 11 38 40 03 31 46 08 06 12 18 36 41 30 24 
21 48 05 34 14 46 18 33 11 22 38 44 41 03 17 10 20 45 24 15 23 40 02 43 06 27 29 28 26 47 30 39 35 16 08 42 12 09 01 04 32 36 31 19 07 13 00 25 37 
13 33 22 06 35 15 48 37 34 12 23 39 45 19 04 18 11 21 42 00 16 24 01 03 44 25 28 30 29 27 47 07 40 36 17 09 46 31 10 41 05 43 14 38 20 08 32 26 02 
44 24 38 17 00 12 40 43 20 29 07 41 22 42 02 01 13 30 04 46 26 11 19 18 28 45 08 23 25 06 10 47 32 35 31 36 34 48 14 05 37 16 15 09 03 27 21 33 39 
01 38 45 39 18 02 07 23 44 21 30 08 37 05 46 03 41 14 25 29 48 27 12 20 13 11 42 09 24 26 00 35 47 33 36 32 31 17 43 15 06 19 28 40 10 04 16 34 22 
08 00 41 42 40 13 03 38 24 45 22 25 09 26 06 48 04 37 15 14 30 43 28 07 21 02 12 46 10 19 27 32 36 47 34 31 33 20 18 44 16 39 05 23 01 11 29 35 17 
04 17 09 37 46 01 14 10 39 19 42 23 26 16 27 00 43 05 38 22 15 25 44 29 08 28 03 07 48 11 20 34 33 31 47 35 32 40 21 13 45 02 12 18 24 41 06 36 30 
15 42 05 10 38 48 41 27 11 40 20 46 24 39 17 28 02 44 06 09 23 16 26 45 30 21 29 04 08 43 12 33 35 34 32 47 36 03 01 22 14 18 37 25 13 19 07 31 00 
37 15 16 06 11 39 43 19 28 12 01 21 48 00 40 18 29 03 45 25 10 24 17 27 42 07 22 30 05 09 44 31 34 36 35 33 47 13 04 41 23 46 20 02 26 14 38 32 08 
48 41 20 11 00 30 22 44 02 23 07 18 04 43 26 35 13 06 28 42 08 05 19 36 10 46 32 17 25 24 34 45 14 29 31 12 16 47 38 01 37 40 21 15 09 33 27 39 03 
23 38 43 21 12 02 25 05 45 03 24 08 13 29 44 27 36 14 00 11 46 09 06 20 31 35 48 33 18 26 19 17 42 15 30 32 07 01 47 39 41 37 34 04 16 10 22 40 28 
26 37 24 44 22 07 03 14 06 42 04 19 09 02 30 45 28 31 15 32 12 48 10 00 21 20 36 43 34 13 27 08 18 46 16 25 33 38 41 47 40 39 11 29 05 17 35 01 23 
04 01 27 19 45 23 08 10 15 00 46 05 20 16 03 25 42 29 32 22 33 07 43 11 02 28 21 31 44 35 14 34 09 13 48 17 26 40 39 37 47 38 18 24 30 06 12 41 36 
19 39 10 06 29 21 46 00 22 12 17 03 43 25 34 18 05 27 48 07 04 24 35 09 45 31 16 30 23 33 42 13 28 36 11 15 44 37 40 41 01 47 26 08 32 20 02 38 14 
30 04 37 14 21 10 35 36 00 20 27 16 01 41 07 26 33 22 05 06 13 32 39 28 11 12 19 38 03 34 17 18 25 02 09 40 23 24 31 08 15 29 48 46 44 47 42 43 45 
24 34 07 32 27 40 17 30 13 38 33 04 23 36 19 02 39 10 29 41 25 08 03 16 35 06 31 14 09 22 01 12 37 20 15 28 05 18 00 26 21 11 42 48 46 43 47 45 44 
18 22 19 08 33 28 01 24 25 14 39 34 05 30 31 20 03 40 11 36 37 26 09 04 17 41 00 32 15 10 23 06 07 38 21 16 29 12 13 02 27 35 47 42 48 45 43 44 46 
41 28 13 20 09 34 29 06 19 26 15 40 35 12 25 32 21 04 01 18 31 38 27 10 05 24 37 02 33 16 11 30 00 08 39 22 17 36 07 14 03 23 44 45 43 48 46 42 47 
36 16 25 38 15 22 11 41 31 02 21 28 17 06 37 08 27 34 23 12 00 14 33 40 29 18 07 20 39 04 35 24 13 26 03 10 01 30 19 32 09 05 46 44 45 42 48 47 43 
06 40 00 02 03 04 05 12 07 08 09 10 11 18 13 14 15 16 17 24 19 20 21 22 23 30 25 26 27 28 29 36 31 32 33 34 35 41 37 38 39 01 45 43 47 46 44 48 42 
12 10 31 26 39 16 23 18 37 32 03 22 29 24 00 38 09 28 35 30 07 02 15 34 01 36 13 08 21 40 05 41 19 14 27 04 11 06 25 20 33 17 43 47 42 44 45 46 48 
