47 25 02 05 00 06 04 46 36 19 07 01 32 39 45 37 26 14 12 13 10 43 08 33 21 28 20 17 48 15 40 11 35 27 24 42 22 29 18 41 34 44 31 23 38 16 09 03 30 
28 47 24 06 11 30 45 14 32 12 26 16 46 42 35 10 13 19 31 03 48 00 25 20 33 18 23 44 21 04 27 34 05 09 43 07 17 39 01 40 38 41 15 36 29 02 08 37 22 
05 35 47 03 06 02 00 33 45 31 20 08 41 07 40 43 38 27 15 22 14 11 48 09 34 01 29 21 18 42 16 23 12 36 28 19 44 46 30 13 37 26 25 17 32 10 39 04 24 
02 38 06 47 04 00 03 37 34 43 32 21 09 16 08 01 48 39 28 35 23 15 12 42 10 17 41 30 22 13 44 46 24 07 31 29 20 27 45 25 14 36 19 11 26 40 33 05 18 
04 15 03 00 47 05 02 10 38 35 48 33 22 29 17 09 41 42 40 11 36 24 16 07 44 46 18 37 25 23 14 21 45 19 08 32 30 31 28 43 26 39 13 01 20 34 27 06 12 
03 27 05 04 02 47 06 23 11 39 36 42 34 01 30 18 10 37 44 46 12 31 19 17 08 15 45 13 38 26 24 25 22 43 20 09 33 40 32 29 48 16 07 35 14 28 21 00 41 
00 42 04 06 05 03 47 35 24 12 40 31 44 46 41 25 13 11 38 09 45 07 32 20 18 19 16 43 14 39 27 34 26 23 48 21 10 17 01 33 30 28 37 29 08 22 15 02 36 
48 17 36 26 00 13 32 47 08 11 07 12 10 24 43 22 40 14 34 27 39 46 37 18 21 28 01 04 44 02 33 05 35 20 25 45 29 15 19 41 06 42 38 16 30 31 23 09 03 
33 00 42 31 27 02 14 11 47 09 12 08 07 35 19 48 23 01 15 22 28 40 45 38 13 34 29 41 05 46 03 30 06 36 21 26 43 44 16 20 37 18 04 32 39 24 25 10 17 
15 38 34 44 32 28 03 08 12 47 10 07 09 16 36 20 42 24 41 14 23 29 01 43 39 04 35 30 37 06 45 48 25 00 31 22 27 13 46 17 21 02 18 19 05 26 40 11 33 
04 22 16 35 46 33 29 10 09 07 47 11 08 37 17 31 21 44 19 40 15 24 30 41 48 43 05 36 25 38 00 28 42 26 02 32 23 03 14 45 18 39 34 27 13 01 06 12 20 
30 13 05 17 36 45 34 09 11 10 08 47 12 20 38 18 32 22 46 42 01 16 19 25 37 02 48 06 31 26 39 24 29 44 27 03 33 40 04 15 43 23 21 41 35 00 14 07 28 
35 48 25 06 18 31 43 07 10 12 11 09 47 45 21 39 13 33 23 38 44 41 17 20 26 40 03 42 00 32 27 34 19 30 46 28 04 24 01 05 16 14 29 02 22 15 36 08 37 
41 45 32 06 19 38 48 21 25 12 05 23 42 47 14 17 13 18 16 30 43 28 10 20 40 33 09 46 07 24 27 34 11 03 44 00 39 04 01 26 31 35 08 22 36 37 29 15 02 
42 32 37 33 00 20 39 44 22 26 07 06 24 17 47 15 18 14 13 01 25 48 29 11 21 28 34 10 45 08 19 40 35 12 04 46 02 36 05 41 27 43 03 38 09 30 31 16 23 
40 28 44 38 34 02 21 19 46 23 27 08 00 14 18 47 16 13 15 22 41 26 42 30 12 20 29 35 11 43 09 03 01 36 07 05 45 48 31 06 37 33 24 25 04 32 10 17 39 
22 38 01 46 39 35 03 02 20 45 24 28 09 16 15 13 47 17 14 07 23 37 27 44 25 10 21 30 36 12 48 43 04 41 31 08 06 34 42 32 00 29 40 33 19 11 05 18 26 
04 02 23 41 45 40 36 10 03 21 43 19 29 15 17 16 14 47 18 26 08 24 38 28 46 42 11 22 25 31 07 00 48 05 37 32 09 30 35 44 33 39 27 12 01 06 20 13 34 
31 34 05 24 37 43 01 30 11 04 22 48 20 13 16 18 17 15 47 45 27 09 19 39 29 08 44 12 23 26 32 10 02 42 06 38 33 40 25 36 46 03 35 00 28 21 41 14 07 
38 06 05 25 08 48 12 03 11 32 37 45 01 27 31 18 04 29 42 47 20 23 19 24 22 36 43 34 16 26 10 39 15 46 13 30 33 40 17 02 44 09 14 28 41 07 35 21 00 
07 46 39 06 26 09 42 41 04 12 33 38 43 44 28 32 13 05 30 23 47 21 24 20 19 11 31 48 35 17 27 34 40 16 45 14 25 10 01 18 03 00 02 08 15 36 37 22 29 
44 04 08 40 00 27 10 48 37 05 07 34 39 25 46 29 33 14 06 20 24 47 22 19 21 28 12 32 42 36 18 26 35 01 17 43 15 02 11 41 13 45 30 31 03 38 16 23 09 
11 14 46 09 01 02 28 40 42 38 06 08 35 00 26 45 30 34 15 22 21 19 47 23 20 13 29 07 33 44 31 16 27 36 41 18 48 43 03 12 37 05 10 39 25 17 04 24 32 
29 38 12 45 10 41 03 36 01 44 39 00 09 16 02 27 43 25 35 21 23 22 20 47 24 32 14 30 08 34 46 42 17 28 31 37 13 06 48 04 07 15 33 18 11 05 26 19 40 
04 08 30 07 43 11 37 10 31 41 46 40 02 36 17 03 28 48 26 19 22 24 23 21 47 45 33 15 25 09 35 14 44 18 29 32 38 16 00 42 05 39 01 06 34 27 12 20 13 
04 36 31 14 48 18 08 10 23 00 44 05 15 02 17 38 07 45 11 33 37 24 03 35 42 47 26 29 25 30 28 41 43 40 22 32 16 09 21 46 19 39 20 34 12 13 01 27 06 
09 20 05 32 15 42 13 16 11 24 02 46 06 12 03 18 39 08 43 44 34 38 19 04 36 29 47 27 30 26 25 17 37 48 01 23 33 40 10 22 45 31 00 14 21 41 07 28 35 
14 43 10 06 33 16 44 00 17 12 19 03 45 48 07 04 13 40 09 31 46 35 39 20 05 26 30 47 28 25 27 34 18 38 42 41 24 32 01 11 23 21 36 37 02 08 22 29 15 
46 24 15 11 00 34 17 43 02 18 07 20 04 10 42 08 05 14 01 06 32 45 36 40 21 28 27 25 47 29 26 19 35 13 39 44 37 22 33 41 12 48 16 09 31 23 03 30 38 
18 07 45 16 12 02 35 05 48 03 13 08 21 41 11 44 09 06 15 22 00 33 43 31 01 27 29 28 26 47 30 38 20 36 14 40 46 42 23 34 37 19 39 24 17 04 32 25 10 
36 38 13 43 17 07 03 22 06 42 04 14 09 16 37 12 46 10 00 41 23 02 34 48 32 25 28 30 29 27 47 45 39 21 31 15 01 20 44 24 35 08 11 05 40 33 18 26 19 
37 38 20 48 24 14 03 15 27 46 25 41 09 16 29 06 44 04 21 00 23 08 13 45 17 39 07 30 02 01 42 47 32 35 31 36 34 12 43 10 28 22 26 40 18 19 11 33 05 
04 29 38 21 42 19 15 10 16 28 45 26 37 22 17 30 00 46 05 18 02 24 09 14 43 44 40 08 25 03 41 35 47 33 36 32 31 23 07 48 11 39 06 20 27 12 13 34 01 
16 12 05 39 22 44 20 38 11 17 29 43 27 06 23 18 25 02 45 48 13 03 19 10 15 37 46 01 09 26 04 32 36 47 34 31 33 40 24 08 42 30 41 07 00 14 28 35 21 
21 44 17 06 40 23 46 28 39 12 18 30 48 43 00 24 13 26 03 16 42 14 04 20 11 05 38 45 41 10 27 34 33 31 47 35 32 25 01 19 09 07 22 15 37 29 02 36 08 
45 10 22 18 00 01 24 42 29 40 07 13 25 04 48 02 19 14 27 12 17 44 15 05 21 28 06 39 43 37 11 33 35 34 32 47 36 08 26 41 20 46 09 30 23 03 38 31 16 
19 21 43 23 13 02 41 26 44 30 01 08 14 28 05 42 03 20 15 22 07 18 46 16 06 12 29 00 40 48 38 31 34 36 35 33 47 45 09 27 37 11 17 04 10 39 24 32 25 
26 41 48 30 20 02 07 18 43 16 34 08 28 21 33 46 31 12 15 22 35 05 44 03 27 06 29 14 19 45 23 09 13 36 00 11 42 47 38 01 37 40 32 10 24 25 17 39 04 
08 38 27 42 25 21 03 29 13 48 17 35 09 16 22 34 45 32 07 28 23 36 06 46 04 24 00 30 15 20 43 44 10 14 31 02 12 01 47 39 41 37 05 26 33 18 19 40 11 
04 37 09 28 44 26 22 10 30 14 42 18 36 08 17 23 35 43 33 05 29 24 31 00 45 48 19 02 25 16 21 07 46 11 15 32 03 38 41 47 40 39 12 13 06 20 34 01 27 
23 01 05 10 29 46 27 31 11 25 15 44 13 34 09 18 24 36 48 43 06 30 19 32 02 22 42 20 03 26 17 04 08 45 12 16 33 40 39 37 47 38 28 21 07 35 00 41 14 
43 39 29 19 00 12 25 45 15 33 07 27 17 32 44 36 11 14 20 34 04 42 02 26 21 28 13 24 46 22 05 18 35 06 10 48 08 37 40 41 01 47 23 03 16 09 30 38 31 
34 18 28 22 16 10 40 01 00 15 31 24 26 11 06 21 37 30 32 17 05 27 07 36 38 23 04 33 13 41 08 29 03 39 19 12 14 35 02 09 25 20 45 46 42 43 47 48 44 
20 33 14 08 38 32 26 13 35 22 30 39 05 19 01 28 36 09 04 25 11 34 41 15 03 31 17 40 12 21 02 37 23 10 18 27 00 07 29 16 24 06 43 47 45 46 48 44 42 
01 26 35 29 23 17 11 27 41 02 16 32 19 33 12 00 22 38 25 39 18 06 28 08 31 09 24 05 34 14 37 15 30 04 40 20 07 21 36 03 10 13 47 44 46 48 42 45 43 
13 05 07 37 31 25 19 34 21 29 38 04 18 40 27 35 08 03 24 10 33 01 14 02 30 16 39 11 20 00 36 22 09 17 26 06 41 28 15 23 32 12 48 42 47 44 45 43 46 
12 11 41 36 30 24 18 20 28 37 03 17 33 26 34 07 02 23 39 32 40 13 00 29 09 38 10 19 06 35 15 08 16 25 05 01 21 14 22 31 04 27 44 45 48 42 43 46 47 
06 40 00 02 03 04 05 12 07 08 09 10 11 18 13 14 15 16 17 24 19 20 21 22 23 30 25 26 27 28 29 36 31 32 33 34 35 41 37 38 39 01 46 48 43 47 44 42 45 
27 19 21 15 09 39 33 06 14 36 23 25 40 05 20 41 29 31 10 04 26 12 35 37 16 03 32 18 01 07 22 02 38 24 11 13 28 00 08 30 17 34 42 43 44 45 46 47 48 
