47 04 02 05 00 01 10 43 37 26 21 34 17 24 45 08 33 28 06 12 25 46 15 40 35 41 13 32 44 22 11 18 07 20 39 42 29 36 19 14 27 48 09 23 38 30 31 03 16 
00 47 04 01 05 03 42 41 25 20 33 16 48 43 07 32 27 40 23 30 45 14 39 34 11 18 31 46 21 10 06 12 19 38 44 28 17 24 13 26 09 35 15 29 08 36 37 02 22 
05 00 47 03 01 02 28 18 45 38 27 22 35 41 19 46 09 34 29 36 07 26 44 16 06 12 37 14 33 42 23 30 13 08 21 40 48 43 31 20 15 11 39 17 32 24 25 04 10 
02 03 01 47 04 00 16 36 13 46 39 28 23 30 37 20 44 10 35 41 31 08 27 42 17 24 07 38 15 34 48 43 25 14 09 22 06 12 45 32 21 29 33 11 26 18 19 05 40 
04 02 03 00 47 05 22 24 31 14 44 40 29 36 25 38 21 42 11 18 37 32 09 28 48 43 19 08 39 16 35 41 45 26 15 10 23 30 07 46 33 17 27 06 20 12 13 01 34 
03 01 05 04 02 47 34 30 19 32 15 42 06 12 31 26 39 22 48 43 13 38 33 10 29 36 45 20 09 40 17 24 37 46 27 16 11 18 25 08 44 23 21 35 14 41 07 00 28 
07 45 25 13 19 31 47 21 17 34 26 03 43 44 35 10 20 05 30 09 48 28 32 01 18 33 23 42 14 04 12 27 11 16 46 00 24 39 06 40 38 41 08 36 22 15 29 37 02 
44 39 15 33 21 27 24 47 08 11 07 12 10 04 46 29 19 41 34 01 32 48 37 18 28 00 20 17 45 36 40 05 14 06 25 43 22 02 26 35 13 42 31 16 23 03 38 09 30 
40 28 42 16 34 22 14 11 47 09 12 08 07 35 05 44 30 20 37 29 00 33 43 38 13 06 02 21 18 46 31 23 01 15 41 26 45 48 03 27 36 19 24 25 39 17 04 10 32 
29 23 06 48 17 35 31 08 12 47 10 07 09 38 36 01 42 25 21 14 30 02 34 45 39 32 41 03 22 13 44 46 24 00 16 37 27 20 43 04 28 15 40 33 05 26 18 11 19 
24 36 30 41 43 18 29 10 09 07 47 11 08 22 39 31 00 48 26 40 15 25 03 35 46 42 33 37 04 23 14 28 44 19 02 17 38 16 21 45 05 32 01 20 13 34 27 12 06 
31 13 19 25 37 45 01 09 11 10 08 47 12 27 23 40 32 02 43 44 06 16 26 04 36 15 48 34 38 05 24 39 29 42 20 03 18 33 17 22 46 30 14 41 28 21 35 07 00 
14 46 32 20 26 38 44 07 10 12 11 09 47 45 28 24 06 33 03 31 42 41 17 27 05 19 16 43 35 39 01 13 40 30 48 21 04 25 34 18 23 00 29 02 36 37 22 08 15 
21 44 39 27 33 09 43 00 32 06 19 30 42 47 14 17 13 18 16 03 46 35 25 12 40 05 38 48 07 24 34 01 26 23 45 41 10 04 20 11 31 28 37 22 29 02 08 15 36 
42 10 22 40 28 34 32 48 02 33 41 20 25 17 47 15 18 14 13 06 04 44 36 26 07 35 01 39 43 08 19 11 00 27 24 46 37 29 05 21 12 45 30 31 09 23 03 16 38 
11 35 48 23 06 29 07 26 43 03 34 37 21 14 18 47 16 13 15 08 41 05 42 31 27 20 36 00 40 45 09 38 12 02 28 19 44 46 30 01 22 33 10 39 04 32 24 17 25 
36 30 12 43 24 41 23 22 27 45 04 35 38 16 15 13 47 17 14 28 09 37 01 48 32 10 21 31 02 06 46 42 39 07 03 29 20 34 44 25 00 08 05 26 19 40 33 18 11 
25 37 31 07 45 19 02 39 23 28 46 05 36 15 17 16 14 47 18 33 29 10 38 00 43 44 11 22 32 03 41 21 48 40 08 04 30 09 35 42 26 24 20 12 34 27 06 13 01 
38 20 26 32 08 46 27 31 40 24 29 44 01 13 16 18 17 15 47 45 34 30 11 39 02 37 42 12 23 33 04 25 22 43 06 09 05 19 10 36 48 03 35 00 41 07 28 14 21 
09 27 33 39 15 44 12 03 26 17 37 43 34 01 38 11 25 36 42 47 20 23 19 24 22 02 46 06 31 18 10 04 08 48 13 30 40 05 32 29 45 16 07 28 35 00 14 21 41 
28 42 10 34 40 16 46 35 04 27 18 38 45 48 00 39 12 26 31 23 47 21 24 20 19 11 03 44 41 32 13 06 05 09 43 14 25 17 01 33 30 07 36 37 15 29 02 22 08 
48 17 29 11 35 06 25 46 36 05 28 13 39 32 43 02 40 07 27 20 24 47 22 19 21 14 12 04 42 37 33 26 41 01 10 45 15 08 18 00 34 44 16 09 03 38 30 23 31 
18 41 43 30 12 36 35 40 44 31 01 29 14 28 33 45 03 06 08 22 21 19 47 23 20 34 15 07 05 48 38 16 27 37 00 11 46 42 09 13 02 26 04 32 25 10 39 24 17 
37 31 13 45 25 07 03 15 06 42 32 00 30 09 29 34 46 04 41 21 23 22 20 47 24 39 35 16 08 01 43 44 17 28 38 02 12 27 48 10 14 36 26 18 40 33 11 19 05 
32 08 38 14 46 26 15 25 16 41 48 33 02 37 10 30 35 44 05 19 22 24 23 21 47 45 40 36 17 09 00 07 42 18 29 39 03 31 28 43 11 04 06 01 12 13 34 20 27 
39 15 09 21 44 33 36 04 38 35 45 18 22 02 32 23 07 43 40 05 08 17 31 41 42 47 26 29 25 30 28 00 46 11 37 24 16 03 14 48 19 10 13 34 06 01 20 27 12 
16 34 40 10 22 42 20 23 05 39 36 46 13 06 03 33 24 08 45 48 01 09 18 32 37 29 47 27 30 26 25 17 02 44 12 38 19 11 04 15 43 31 41 07 21 35 00 28 14 
35 48 17 06 11 23 45 14 24 01 40 31 44 46 41 04 34 19 09 38 43 00 10 13 33 26 30 47 28 25 27 20 18 03 42 07 39 32 12 05 16 21 22 15 02 08 36 29 37 
43 24 36 18 41 12 17 42 15 19 00 06 32 10 44 37 05 35 20 34 39 45 02 11 14 28 27 25 47 29 26 40 21 13 04 48 08 22 33 07 01 46 03 38 31 16 09 30 23 
19 07 45 31 13 37 00 33 48 16 20 02 41 21 11 42 38 01 36 15 35 40 46 03 12 27 29 28 26 47 30 09 06 22 14 05 43 44 23 34 08 18 32 24 10 39 17 25 04 
08 38 20 46 32 14 09 37 34 43 17 21 03 31 22 12 48 39 00 07 16 36 06 44 04 25 28 30 29 27 47 45 10 41 23 15 01 13 42 24 35 02 11 05 18 19 40 26 33 
15 09 27 44 39 21 30 02 20 48 25 41 16 03 08 06 45 24 28 00 38 29 13 43 10 04 14 23 37 12 42 47 32 35 31 36 34 01 46 17 07 22 19 40 11 05 26 33 18 
10 22 16 28 42 40 08 17 03 21 43 26 37 29 04 09 41 46 19 11 02 39 30 14 45 48 05 15 24 38 07 35 47 33 36 32 31 23 00 44 18 25 12 13 27 06 01 34 20 
23 06 11 17 29 48 13 38 18 04 22 45 27 20 30 05 10 37 44 46 12 03 40 25 15 08 43 01 16 19 39 32 36 47 34 31 33 26 24 02 42 09 28 21 00 14 41 35 07 
41 43 24 12 18 30 48 28 39 13 05 23 46 42 21 25 01 11 38 16 44 07 04 06 26 40 09 45 00 17 20 34 33 31 47 35 32 10 27 19 03 14 02 08 37 22 15 36 29 
45 25 37 19 07 13 04 44 29 40 14 01 24 39 48 22 26 00 12 27 17 42 08 05 41 21 06 10 46 02 18 33 35 34 32 47 36 15 11 28 20 43 38 30 16 09 23 31 03 
26 14 46 38 20 08 21 19 42 30 06 15 00 07 40 43 23 27 02 37 28 18 48 09 01 13 22 41 11 44 03 31 34 36 35 33 47 45 16 12 29 05 17 04 24 25 10 32 39 
33 21 44 09 27 15 41 05 46 23 13 36 28 00 26 48 31 12 22 02 14 11 45 30 34 01 08 35 19 43 16 03 20 29 07 18 42 47 38 06 37 40 25 10 17 04 32 39 24 
22 16 34 42 10 28 38 29 01 44 24 14 31 23 02 27 43 32 07 35 03 15 12 46 25 17 00 09 36 20 45 48 04 21 30 08 13 06 47 39 41 37 18 19 33 11 05 40 26 
17 29 23 35 48 11 37 32 30 00 42 19 15 08 24 03 28 45 33 26 36 04 16 07 44 46 18 02 10 31 21 14 43 05 22 25 09 38 41 47 40 39 34 27 01 20 12 06 13 
30 12 18 24 36 43 06 16 33 25 02 48 20 34 09 19 04 29 46 42 27 31 05 17 08 22 44 13 03 11 32 10 15 45 01 23 26 40 39 37 47 38 00 14 07 28 21 41 35 
46 32 08 26 14 20 39 45 22 18 35 27 04 25 42 36 11 21 01 13 10 43 29 33 00 07 34 24 48 15 05 19 28 12 17 44 02 37 40 41 06 47 23 03 30 31 16 38 09 
12 18 41 36 30 24 11 34 21 37 03 17 26 40 27 07 02 23 32 10 33 13 00 29 38 16 39 19 01 35 08 22 09 25 05 06 14 28 15 31 04 20 45 46 42 43 47 48 44 
20 26 14 08 38 32 33 13 28 36 23 39 05 19 34 41 29 09 04 25 40 12 35 15 03 31 10 18 06 21 02 37 16 24 11 27 00 07 22 30 17 01 43 47 45 46 48 44 42 
06 11 35 29 23 17 19 20 41 02 16 25 33 26 12 00 22 31 39 32 18 01 28 37 09 38 24 05 34 07 15 08 30 04 40 13 21 14 36 03 10 27 47 44 46 48 42 45 43 
27 33 21 15 09 39 18 01 14 29 31 24 40 05 20 35 37 30 10 04 26 06 07 36 16 03 32 11 13 41 22 02 38 17 19 12 28 00 08 23 25 34 48 42 47 44 45 43 46 
34 40 28 22 16 10 26 06 00 15 30 32 19 11 01 21 36 38 25 17 05 27 41 08 31 23 04 33 12 14 37 29 03 39 18 20 07 35 02 09 24 13 44 45 48 42 43 46 47 
01 05 00 02 03 04 40 12 07 08 09 10 11 18 13 14 15 16 17 24 19 20 21 22 23 30 25 26 27 28 29 36 31 32 33 34 35 41 37 38 39 06 46 48 43 47 44 42 45 
13 19 07 37 31 25 05 27 35 22 38 04 18 33 06 28 08 03 24 39 11 34 14 02 30 09 17 40 20 00 36 15 23 10 26 01 41 21 29 16 32 12 42 43 44 45 46 47 48 
