48 36 2  5  0  6  4  43 20 1  25 18 34 42 38 35 7  30 22 47 14 29 31 41 10 45 32 23 13 12 40 44 8  17 37 24 28 46 26 11 19 16 9  27 39 15 21 33 3
33 48 23 10 26 42 18 27 5  22 14 45 36 21 29 34 2  46 12 15 11 4  32 43 30 9  35 16 20 47 6  3  17 28 8  44 24 39 1  40 38 41 19 7  13 0  25 31 37
5  20 48 3  6  2  0  35 44 21 41 26 13 23 47 39 36 8  25 11 43 15 30 32 37 1  46 33 24 14 7  29 45 9  18 38 19 17 42 27 12 31 22 34 28 40 16 10 4
2  7  6  48 4  0  3  14 36 45 22 37 27 26 24 43 40 31 9  38 12 44 16 25 33 8  41 42 34 19 15 20 30 46 10 13 39 32 18 47 28 21 17 11 35 29 1  23 5
4  29 3  0  48 5  2  28 15 31 46 23 38 10 27 19 44 1  32 34 39 7  45 17 26 16 9  37 47 35 20 40 21 25 42 11 14 22 33 13 43 8  41 24 12 36 30 18 6
3  44 5  4  2  48 6  39 29 16 32 42 24 33 11 28 20 45 41 27 35 40 8  46 18 21 17 10 38 43 36 15 1  22 26 47 12 9  23 34 14 30 25 13 19 7  31 37 0
0  15 4  6  5  3  48 19 40 30 17 33 47 37 34 12 29 21 46 13 28 36 1  9  42 31 22 18 11 39 44 7  16 41 23 27 43 25 10 24 35 45 32 38 14 20 8  26 2
46 30 32 17 25 41 22 48 8  11 7  12 10 43 26 5  31 24 40 42 2  1  13 36 28 47 20 35 37 6  16 45 38 29 19 18 4  44 14 23 0  34 15 33 3  21 27 39 9
23 2  42 33 18 26 37 11 48 9  12 8  7  1  44 27 6  32 19 29 47 3  41 14 31 17 43 21 36 38 0  5  46 39 30 20 13 35 45 15 24 25 28 40 34 4  22 16 10
38 19 24 47 34 13 27 8  12 48 10 7  9  20 41 45 28 0  33 32 30 43 4  37 15 2  18 44 22 31 39 14 6  42 40 25 21 26 36 46 16 3  23 17 1  35 5  29 11
28 17 39 19 43 35 14 10 9  7  48 11 8  34 21 37 46 29 2  16 33 25 44 5  38 40 3  13 45 23 32 22 15 0  47 1  26 4  27 31 42 20 6  30 18 41 36 24 12
15 47 29 40 20 44 36 9  11 10 8  48 12 3  35 22 38 42 30 39 17 34 26 45 6  33 1  4  14 46 24 27 23 16 2  43 41 21 5  28 32 18 31 19 25 13 37 0  7
31 33 16 30 1  21 45 7  10 12 11 9  48 25 4  36 23 39 47 0  40 18 35 27 46 19 34 41 5  15 42 37 28 24 17 3  44 13 22 6  29 43 38 2  20 26 14 32 8
44 24 20 29 7  36 40 46 38 23 31 6  28 48 14 17 13 18 16 43 32 11 37 30 4  42 8  5  19 41 34 47 26 1  0  12 22 45 2  35 25 10 21 39 9  27 33 3  15
1  26 45 21 30 8  31 29 42 39 24 32 0  17 48 15 18 14 13 5  44 33 12 38 25 35 47 9  6  20 37 23 43 27 41 2  7  11 46 3  36 19 34 4  40 10 28 22 16
32 31 41 46 22 25 9  2  30 47 40 19 33 14 18 48 16 13 15 26 6  45 34 7  39 38 36 43 10 0  21 8  24 44 28 37 3  20 12 42 4  27 29 23 5  1  11 35 17
10 5  33 37 42 23 26 34 3  25 43 1  20 16 15 13 48 17 14 40 27 0  46 35 8  22 39 31 44 11 2  4  9  19 45 29 38 28 21 7  47 32 12 36 24 6  41 30 18
27 43 11 34 38 47 24 21 35 4  26 44 41 15 17 16 14 48 18 9  1  28 2  42 36 3  23 40 32 45 12 39 5  10 20 46 30 33 29 22 8  6  37 25 31 19 0  7  13
19 9  28 12 35 39 43 37 22 36 5  27 45 13 16 18 17 15 48 31 10 41 29 3  47 7  4  24 1  33 46 25 40 6  11 21 42 0  34 30 23 44 2  8  26 32 20 38 14
45 18 8  1  31 30 16 44 26 35 13 41 4  46 2  29 37 12 34 48 20 23 19 24 22 43 38 17 0  36 10 42 14 11 25 6  40 47 32 5  7  28 27 3  15 33 39 9  21
17 8  46 9  41 32 25 5  45 27 36 14 37 35 42 3  30 38 7  23 48 21 24 20 19 11 44 39 18 2  31 1  47 15 12 26 0  29 43 33 6  13 40 10 4  16 34 28 22
26 0  18 42 10 37 33 38 6  46 28 31 15 8  36 47 4  25 39 20 24 48 22 19 21 32 12 45 40 13 3  2  41 43 16 7  27 14 30 44 34 9  35 29 11 5  17 1  23
34 35 27 13 47 11 38 16 39 0  42 29 32 40 9  31 43 5  26 22 21 19 48 23 20 4  33 7  46 1  14 28 3  37 44 17 8  10 15 25 45 2  18 41 30 12 6  36 24
39 46 35 28 14 43 12 33 17 40 2  47 30 27 1  10 32 44 6  21 23 22 20 48 24 15 5  34 8  42 41 9  29 4  38 45 18 3  11 16 26 36 0  31 37 25 7  13 19
7  27 40 36 29 15 44 25 34 18 1  3  43 0  28 41 11 33 45 19 22 24 23 21 48 37 16 6  35 9  47 13 10 30 5  39 46 31 4  12 17 42 8  14 32 38 26 2  20
47 12 38 11 13 24 34 45 14 5  37 36 22 44 32 1  19 6  10 46 8  35 0  18 40 48 26 29 25 30 28 43 2  23 7  41 16 42 20 17 31 4  33 9  21 39 3  15 27
35 32 43 39 12 14 19 23 46 15 6  38 31 11 45 33 41 20 0  1  42 9  36 2  13 29 48 27 30 26 25 17 44 3  24 8  37 5  47 21 18 7  4  16 10 22 40 34 28
20 13 36 44 40 7  15 32 24 42 16 0  39 2  12 46 34 37 21 14 41 47 10 31 3  26 30 48 28 25 27 38 18 45 4  19 9  8  6  43 22 33 1  35 17 11 23 5  29
16 23 21 31 45 1  8  40 33 19 47 17 2  22 3  7  42 35 38 4  15 37 43 11 32 28 27 25 48 29 26 10 39 13 46 5  20 34 9  0  44 14 24 6  36 18 12 41 30
9  45 17 22 32 46 41 3  1  34 20 43 18 39 23 4  8  47 36 33 5  16 38 44 12 27 29 28 26 48 30 21 11 40 14 42 6  15 35 10 2  24 7  37 0  31 13 19 25
37 3  10 18 23 33 42 13 4  41 35 21 44 31 40 24 5  9  43 7  34 6  17 39 45 25 28 30 29 27 48 0  22 12 1  15 47 19 16 36 11 46 14 20 38 2  32 8  26
42 6  26 23 37 18 10 47 2  17 19 30 40 45 20 11 0  41 28 44 38 5  25 12 16 46 14 1  7  24 4  48 32 35 31 36 34 43 8  29 13 22 39 15 27 3  9  21 33
11 14 47 27 24 38 13 1  43 3  18 20 25 29 46 21 12 2  37 17 45 39 6  26 7  5  42 15 41 8  19 35 48 33 36 32 31 23 44 9  30 0  10 22 16 28 4  40 34
14 25 12 43 28 19 39 26 41 44 4  13 21 38 30 42 22 7  3  8  18 46 40 0  27 20 6  47 16 37 9  32 36 48 34 31 33 2  24 45 10 15 5  1  23 17 29 11 35
40 11 15 7  44 29 20 22 27 37 45 5  14 4  39 25 47 23 8  28 9  13 42 1  2  10 21 0  43 17 38 34 33 31 48 35 32 16 3  19 46 26 30 12 41 24 18 6  36
21 42 1  16 8  45 30 15 23 28 38 46 6  9  5  40 26 43 24 3  29 10 14 47 41 39 11 22 2  44 18 33 35 34 32 48 36 27 17 4  20 12 13 0  7  37 19 25 31
25 21 22 41 17 9  46 0  16 24 29 39 42 19 10 6  1  27 44 37 4  30 11 15 43 13 40 12 23 3  45 31 34 36 35 33 48 7  28 18 5  47 20 26 2  8  38 14 32
43 41 14 35 19 12 28 42 32 29 0  24 16 47 8  23 25 36 4  45 26 17 7  6  34 44 2  11 31 18 22 46 20 5  13 30 10 48 38 1  37 40 3  21 33 9  15 27 39
29 38 44 15 36 20 7  17 47 33 30 2  19 5  43 9  24 26 31 35 46 27 18 8  0  23 45 3  12 32 13 11 42 21 6  14 25 1  48 39 41 37 16 28 22 34 10 4  40
8  37 30 45 16 31 21 20 18 43 34 25 3  32 6  44 10 19 27 2  36 42 28 13 9  14 24 46 4  7  33 26 12 47 22 0  15 38 41 48 40 39 11 5  29 23 35 17 1
22 1  9  25 46 17 32 4  21 13 44 35 26 28 33 0  45 11 20 10 3  31 47 29 14 34 15 19 42 5  8  16 27 7  43 23 2  40 39 37 48 38 36 18 6  30 24 12 41
13 39 34 24 11 27 47 31 28 6  23 15 46 7  22 30 35 3  42 25 16 12 5  33 44 0  10 36 17 21 43 19 4  18 29 9  45 37 40 41 1  48 26 32 8  14 2  20 38
12 22 19 14 39 28 35 18 25 20 3  34 1  24 31 26 9  40 5  30 37 32 15 4  11 36 0  38 21 10 17 41 7  2  27 16 23 6  13 8  33 29 48 45 42 46 44 47 43
30 10 31 8  21 16 1  36 37 14 27 22 5  41 0  20 33 28 11 6  7  26 39 34 17 12 13 32 3  40 23 18 19 38 9  4  29 24 25 2  15 35 47 48 44 42 43 46 45
41 16 25 32 9  22 17 6  31 38 15 28 23 12 37 2  21 34 29 18 0  8  27 40 35 24 7  14 33 4  1  30 13 20 39 10 5  36 19 26 3  11 44 42 48 45 47 43 46
18 4  37 26 33 10 23 24 0  32 39 16 29 30 7  38 3  22 35 36 13 2  9  28 1  41 19 8  15 34 5  6  25 14 21 40 11 12 31 20 27 17 43 44 47 48 46 45 42
24 28 13 38 27 34 11 30 19 2  33 40 17 36 25 8  39 4  23 41 31 14 3  10 29 6  37 20 9  16 35 12 0  26 15 22 1  18 7  32 21 5  42 46 45 43 48 44 47
36 34 7  20 15 40 29 41 13 26 21 4  35 6  19 32 27 10 1  12 25 38 33 16 5  18 31 2  39 22 11 24 37 8  3  28 17 30 0  14 9  23 45 43 46 47 42 48 44
6  40 0  2  3  4  5  12 7  8  9  10 11 18 13 14 15 16 17 24 19 20 21 22 23 30 25 26 27 28 29 36 31 32 33 34 35 41 37 38 39 1  46 47 43 44 45 42 48
