47 24 2  32 20 39 17 46 15 11 40 13 19 37 48 21 38 34 1  10 43 35 8  12 0  26 30 45 22 25 14 7  6  31 44 28 18 27 33 4  42 5  36 9  16 3  29 41 23
0  46 4  19 38 16 45 14 10 39 12 23 36 48 20 37 33 11 9  47 34 31 30 1  25 29 44 40 24 13 18 5  41 42 27 17 26 32 3  43 7  6  15 35 21 28 2  8  22
25 14 43 36 33 21 40 18 47 16 1  22 15 20 38 48 3  39 35 0  11 42 44 9  13 2  27 12 46 23 26 6  8  7  32 45 29 19 28 34 5  41 10 31 37 17 4  30 24
8  36 13 42 4  14 16 15 6  46 37 27 7  29 2  26 43 24 20 41 22 33 1  48 30 0  9  21 19 44 10 17 40 3  35 39 47 31 34 23 28 45 5  38 18 11 25 12 32
37 28 9  34 44 5  15 17 16 7  47 38 11 8  30 41 27 42 25 21 31 23 29 0  48 12 2  10 3  20 45 46 18 22 4  36 40 43 32 35 24 14 39 13 6  19 1  26 33
29 39 38 24 35 45 6  16 18 17 8  43 46 1  9  12 31 28 44 26 3  32 25 30 2  48 13 41 11 4  21 15 47 19 23 5  37 22 42 33 36 10 14 27 40 7  20 0  34
40 42 30 33 25 36 46 7  17 19 18 9  3  47 0  10 13 32 29 45 27 4  37 26 12 41 48 14 31 1  5  11 16 43 20 24 6  38 23 44 34 39 28 2  15 22 8  21 35
44 10 22 5  34 26 37 47 8  18 20 19 6  4  43 2  11 14 33 30 46 28 35 38 27 13 31 48 15 32 0  40 1  17 42 21 25 7  39 24 45 12 41 3  29 16 23 9  36
11 20 45 29 6  35 27 38 43 9  19 21 2  7  5  42 41 1  15 34 12 47 46 36 39 28 14 32 48 16 33 13 22 0  18 44 3  26 8  40 25 23 4  10 31 30 17 24 37
21 3  1  43 30 7  36 28 39 42 10 20 34 41 8  6  44 31 0  16 35 13 26 47 37 40 29 15 33 48 17 24 14 23 2  19 45 4  27 9  22 46 11 25 5  32 12 18 38
4  21 3  14 42 12 8  37 29 40 44 11 18 35 31 9  7  45 32 2  17 36 23 27 43 38 22 30 16 34 48 47 25 15 24 41 20 46 5  28 10 0  26 19 1  6  33 13 39
3  1  5  37 15 44 13 9  38 30 22 45 48 19 36 32 10 8  46 33 41 18 11 24 28 42 39 23 12 17 35 2  43 26 16 25 31 21 47 6  29 4  20 14 27 0  7  34 40
9  6  32 17 22 47 26 41 12 10 2  42 45 13 23 25 24 15 43 1  36 11 38 4  35 44 33 29 5  31 8  21 48 39 3  18 30 28 46 19 16 37 40 34 0  14 27 20 7
7  44 10 1  18 23 43 27 31 13 11 41 9  46 14 24 26 25 16 42 0  37 17 39 5  36 45 34 30 6  32 38 3  48 40 4  19 12 29 47 20 33 35 21 22 2  15 28 8
45 31 8  38 0  19 24 42 28 32 14 1  33 10 47 15 25 27 26 17 44 2  21 18 40 6  37 46 35 12 7  34 39 4  48 22 5  20 13 30 43 11 3  29 36 23 41 16 9
32 0  46 41 39 2  20 25 44 29 33 15 8  34 11 43 16 26 28 27 18 45 42 3  19 22 7  38 47 36 13 1  35 40 5  48 23 6  21 14 12 9  30 17 4  37 24 31 10
2  16 33 46 31 40 41 21 26 45 30 34 14 9  35 1  42 17 27 29 28 19 13 44 4  20 23 8  39 43 37 10 0  36 22 6  48 24 7  3  15 47 18 32 12 5  38 25 11
17 35 41 20 47 32 22 31 3  27 46 12 38 15 10 36 0  44 18 28 30 29 16 14 45 5  21 24 9  40 42 43 11 2  37 23 7  48 25 8  4  34 33 26 19 13 6  39 1
36 13 18 30 21 43 33 23 32 4  28 47 44 39 16 11 37 2  45 19 29 12 5  17 15 46 6  3  25 10 22 35 42 1  41 38 24 8  48 26 9  31 27 40 34 20 14 7  0
14 43 37 13 12 3  42 34 24 33 5  29 23 45 40 17 1  38 41 46 20 30 10 6  18 16 47 7  4  26 11 32 36 44 0  31 39 25 9  48 27 19 22 8  28 35 21 15 2
42 30 15 12 14 13 4  44 35 25 34 6  1  24 46 22 18 0  39 31 47 21 28 11 7  19 17 43 8  5  27 20 33 37 45 2  32 40 26 10 48 38 9  16 23 29 36 3  41
12 7  44 3  13 15 14 5  45 36 26 35 28 0  25 47 23 19 2  40 32 43 48 29 1  8  20 18 42 9  6  39 21 34 38 46 41 33 22 27 11 16 17 4  10 24 30 37 31
38 40 42 16 19 8  0  12 48 41 13 28 21 27 32 44 36 6  22 20 5  46 43 23 33 35 34 25 45 3  1  26 2  14 11 47 9  39 15 7  18 29 37 24 30 10 31 4  17
22 29 39 47 17 20 9  2  13 48 31 14 0  3  28 33 45 37 7  23 21 6  19 42 24 34 36 35 26 46 4  30 27 41 15 1  43 10 40 16 8  44 25 5  38 12 11 32 18
30 15 23 7  43 18 21 10 41 14 48 32 5  2  4  29 34 46 38 8  24 3  9  20 44 25 35 37 36 27 47 45 12 28 31 16 0  42 11 22 17 40 6  33 26 39 13 1  19
16 33 12 4  8  42 19 3  11 31 15 48 43 6  41 5  30 35 47 39 9  25 18 10 21 45 26 36 38 37 28 22 46 13 29 32 17 2  44 1  23 24 34 0  7  27 40 14 20
34 48 17 26 5  9  44 20 4  1  32 16 29 42 7  31 6  12 36 43 40 10 24 19 11 3  46 27 37 39 38 25 23 47 14 30 33 18 41 45 0  13 2  15 35 8  28 22 21
48 17 35 11 27 6  10 45 21 5  0  33 39 30 44 8  32 7  13 37 42 22 2  25 20 1  4  47 28 38 40 14 26 24 43 15 12 34 19 31 46 18 16 23 41 36 9  29 3
18 34 48 23 1  28 7  11 46 3  6  2  22 40 12 45 9  33 8  14 38 44 47 41 26 21 0  5  43 29 39 19 15 27 25 42 16 13 35 20 32 36 24 30 17 31 37 10 4
35 41 19 45 24 0  29 8  1  47 4  7  40 23 22 13 46 10 34 9  15 39 33 43 31 27 3  2  6  42 30 37 20 16 28 26 44 17 14 36 21 48 12 11 25 18 32 38 5
31 8  36 40 46 25 2  30 9  0  43 5  12 22 24 23 14 47 11 35 10 16 3  34 42 32 28 4  41 7  44 48 38 21 17 29 27 45 18 15 37 20 1  39 13 26 19 33 6
24 2  16 0  45 38 35 4  23 20 42 18 25 28 17 3  40 48 5  22 37 41 36 7  46 11 15 31 29 14 43 44 32 8  10 9  34 47 12 21 30 27 13 6  33 1  39 19 26
41 19 25 31 2  46 39 36 5  24 21 44 42 26 29 18 4  22 48 6  23 38 12 37 8  47 1  16 32 30 15 28 45 33 9  11 10 35 43 13 3  17 7  20 14 34 0  40 27
20 45 31 39 32 41 47 40 37 6  25 3  16 44 27 30 19 5  23 48 7  24 4  13 38 9  43 0  17 33 12 18 29 46 34 10 1  11 36 42 14 26 21 22 8  15 35 2  28
46 4  21 25 40 33 31 43 22 38 7  26 13 17 45 28 12 20 6  24 48 8  15 5  14 39 10 42 2  18 34 27 19 30 47 35 11 0  1  37 44 32 23 41 3  9  16 36 29
5  27 47 9  26 22 34 32 42 23 39 8  35 14 18 46 29 13 21 7  25 48 45 16 6  15 40 11 44 41 19 33 28 20 12 43 36 1  2  0  38 3  31 37 24 4  10 17 30
28 9  6  48 10 27 23 35 33 44 24 40 20 36 15 19 47 30 14 3  8  26 39 46 17 7  16 22 1  45 31 4  34 29 21 13 42 37 0  41 2  43 38 18 32 25 5  11 12
10 22 29 27 48 11 28 24 36 34 45 25 32 21 37 16 20 43 12 15 4  9  41 40 47 18 8  17 23 0  46 42 5  35 30 3  14 44 38 2  31 7  19 1  39 33 26 6  13
23 26 11 10 28 48 1  29 25 37 35 46 47 33 3  38 17 21 42 13 16 5  32 31 22 43 19 9  18 24 2  8  44 6  36 12 4  15 45 39 41 30 0  7  20 40 34 27 14
27 47 24 6  11 29 48 0  30 26 38 36 41 43 34 4  39 18 3  44 14 17 31 33 32 23 42 20 10 19 25 12 9  45 7  37 13 5  16 46 40 1  8  28 2  21 22 35 15
43 37 28 18 7  1  30 48 2  12 27 39 26 31 42 35 5  40 19 4  45 15 22 32 34 33 24 44 21 11 20 0  13 10 46 8  38 14 6  17 47 25 29 36 9  41 3  23 16
15 23 26 44 37 34 3  22 19 43 17 0  27 16 21 39 48 4  40 36 2  1  6  45 10 14 41 28 13 47 24 31 7  9  8  33 46 30 20 29 35 42 32 12 11 38 18 5  25
33 12 7  21 36 30 25 1  20 8  23 17 37 32 19 27 15 41 24 38 6  14 34 22 3  31 11 13 40 28 9  29 4  18 39 0  35 16 10 5  26 2  48 46 44 47 42 43 45
6  32 0  35 29 24 11 19 7  22 16 30 31 18 26 14 2  23 37 5  13 20 40 21 41 10 12 39 27 8  36 3  17 38 1  34 15 9  4  25 33 28 42 48 46 43 47 45 44
13 18 34 15 3  37 12 26 0  21 9  24 10 38 33 20 28 16 31 25 39 7  27 35 23 4  32 1  14 22 29 41 30 5  19 40 2  36 17 11 6  8  47 42 48 45 43 44 46
19 25 14 8  16 4  38 13 27 2  3  10 30 11 39 34 21 29 17 32 26 40 7  28 36 24 5  33 0  15 23 9  31 12 6  20 22 41 37 18 1  35 44 45 43 48 46 42 47
26 11 20 22 9  17 5  39 14 28 41 4  24 12 1  40 35 3  30 18 33 27 0  8  29 37 25 6  34 2  16 36 10 32 13 7  21 23 31 38 19 15 46 44 45 42 48 47 43
1  5  27 28 23 10 18 6  40 15 29 31 17 25 13 0  22 36 4  12 19 34 20 2  9  30 38 26 7  35 41 16 37 11 33 14 8  3  24 32 39 21 45 43 47 46 44 48 42
39 38 40 2  41 31 32 33 34 35 36 37 4  5  6  7  8  9  10 11 1  0  14 15 16 17 18 19 20 21 3  23 24 25 26 27 28 29 30 12 13 22 43 47 42 44 45 46 48
