34 15 20 30 39 0  9  11 33 13 35 36 42 47 48 17 7  10 27 1  25 12 43 45 38 21 2  41 14 37 16 24 8  23 6  44 46 22 29 32 18 28 40 4  26 3  19 5  31 
32 16 34 39 1  24 10 28 11 23 36 12 45 48 44 6  8  33 38 0  41 13 46 43 15 37 18 7  22 9  20 2  17 14 29 42 47 35 25 27 30 21 3  19 40 4  5  31 26 
16 27 15 2  18 39 21 10 9  36 14 22 48 43 46 7  25 37 34 30 6  35 42 44 32 11 0  29 13 28 38 1  41 12 8  47 45 23 17 20 24 33 31 40 5  26 3  4  19 
22 13 14 10 28 11 40 3  19 1  2  24 20 38 15 46 48 31 36 9  42 0  32 34 12 5  33 44 30 4  23 37 47 39 43 16 27 18 45 35 21 26 29 41 6  25 7  8  17 
14 12 23 9  11 33 26 40 4  30 0  1  16 27 38 44 45 5  35 37 46 39 34 20 36 19 10 43 2  3  13 21 42 18 48 15 32 24 47 22 28 31 7  17 41 8  6  29 25 
13 35 12 21 10 9  5  31 40 0  18 2  38 34 32 48 42 4  14 28 43 24 16 15 22 3  37 45 39 26 36 11 44 1  47 27 20 30 46 23 33 19 41 8  25 7  17 6  29 
6  41 29 16 32 34 13 22 14 47 48 42 3  5  19 33 37 23 8  15 11 43 26 40 7  36 20 10 45 12 25 38 28 44 9  4  31 46 21 17 27 35 39 1  24 2  18 0  30 
41 17 7  15 34 20 12 14 23 43 46 48 26 4  3  10 21 13 29 38 33 42 5  31 6  35 16 9  44 36 8  27 11 47 37 40 19 45 28 25 32 22 30 39 0  24 2  1  18 
25 8  41 27 16 15 35 13 12 48 44 45 4  31 5  37 11 36 6  32 9  46 40 3  17 14 38 21 43 22 7  34 10 42 28 19 26 47 33 29 20 23 2  18 39 1  0  30 24 
5  40 31 48 42 47 34 20 15 6  17 7  37 9  33 1  30 27 4  43 2  25 11 10 3  38 45 18 41 16 26 44 39 8  0  28 21 29 24 19 46 32 36 12 23 14 22 13 35 
40 19 3  46 48 43 16 15 27 8  7  25 21 37 10 2  0  34 31 42 39 6  33 9  5  32 44 1  29 38 4  47 24 41 18 11 28 17 30 26 45 20 35 36 13 23 14 12 22 
26 4  40 44 45 48 32 34 16 29 6  8  11 28 37 24 1  38 5  46 30 41 9  21 19 15 43 39 7  20 3  42 0  17 2  10 33 25 18 31 47 27 14 22 36 12 13 35 23 
33 11 9  41 8  25 48 44 45 3  26 4  1  30 0  36 12 46 37 6  13 31 39 2  10 43 17 22 40 42 21 7  14 5  23 18 24 19 35 28 29 47 15 20 38 16 34 32 27 
9  10 21 29 41 6  47 48 42 5  4  31 2  0  18 35 36 43 28 8  12 3  24 39 37 45 7  14 19 44 11 25 23 40 13 1  30 26 22 33 17 46 38 16 27 15 20 34 32 
11 28 10 7  17 41 43 46 48 19 3  5  24 1  2  14 22 42 9  29 35 40 0  30 33 44 6  13 4  47 37 8  12 26 36 39 18 31 23 21 25 45 32 38 34 27 15 16 20 
43 48 46 14 23 12 39 2  18 38 15 20 6  17 7  3  26 30 42 13 5  32 41 8  44 0  35 31 34 1  47 36 40 16 4  25 29 27 19 45 22 24 33 37 9  28 10 11 21 
48 45 44 13 12 35 24 39 1  27 38 16 8  7  25 5  4  0  46 36 40 34 29 41 43 18 14 3  20 2  42 22 19 15 31 6  17 32 26 47 23 30 10 21 37 11 9  33 28 
29 7  25 34 38 27 14 36 35 45 43 47 31 3  40 28 10 22 17 20 21 44 19 5  8  13 32 11 48 23 41 16 37 46 33 26 4  42 9  6  15 12 0  24 18 30 39 2  1  
15 32 38 24 2  30 28 9  37 35 23 14 47 45 43 41 29 21 20 18 17 22 44 48 34 33 1  6  12 11 27 39 25 36 7  46 42 13 8  16 0  10 5  26 19 31 40 3  4  
23 36 13 37 33 10 31 26 3  2  39 30 15 32 27 43 47 19 22 21 44 18 20 16 35 4  9  48 0  40 12 28 46 24 45 38 34 1  42 14 11 5  6  25 17 29 41 7  8  
45 47 43 36 35 14 30 24 2  32 27 15 41 25 6  40 31 18 44 22 19 20 17 29 48 1  13 5  16 39 46 23 26 38 3  8  7  34 4  42 12 0  9  28 21 33 37 10 11 
31 3  26 43 47 45 15 38 32 7  41 29 10 33 28 0  39 20 19 44 18 17 21 11 4  34 48 30 6  27 40 46 1  25 24 37 9  8  2  5  42 16 13 23 22 35 36 14 12 
10 33 37 25 7  29 45 43 47 26 5  40 30 2  39 23 14 44 21 17 22 19 18 0  9  48 8  12 31 46 28 41 36 4  35 24 1  3  13 11 6  42 34 27 20 32 38 15 16 
21 37 11 17 29 8  46 47 44 40 31 3  39 18 1  22 35 45 33 41 36 5  30 24 28 42 25 23 26 48 10 6  13 19 12 2  0  4  14 9  7  43 27 15 32 38 16 20 34 
20 38 16 18 30 1  37 33 10 12 22 35 44 46 47 8  41 9  32 39 29 36 45 42 27 28 24 25 23 21 15 0  7  13 17 48 43 14 6  34 2  11 26 3  31 40 4  19 5  
8  29 17 32 15 38 22 12 36 46 47 44 40 19 4  21 33 35 41 34 37 45 31 26 25 23 27 28 42 14 6  20 9  48 11 3  5  43 10 7  16 13 24 2  30 39 1  18 0  
36 14 35 11 37 21 4  19 31 18 1  39 32 16 20 47 44 40 13 33 45 30 38 27 23 26 28 42 24 5  22 10 48 2  46 34 15 0  43 12 9  3  25 7  29 41 8  17 6  
46 44 47 12 36 22 1  18 30 16 20 32 7  41 29 4  40 39 45 35 31 38 6  25 42 24 23 26 27 0  48 14 3  34 19 17 8  15 5  43 13 2  28 10 33 37 11 21 9  
4  31 19 47 44 46 20 16 38 17 8  41 33 11 21 30 2  32 40 45 0  29 37 28 26 27 42 24 25 15 5  48 18 7  39 9  10 6  1  3  43 34 23 14 35 36 12 22 13 
17 25 6  38 20 16 36 23 13 42 45 46 5  40 26 9  28 12 7  27 10 48 4  19 41 22 15 37 47 35 29 32 33 43 21 31 3  44 11 8  34 14 18 30 1  0  24 39 2  
38 34 27 0  24 18 11 37 21 22 13 23 46 42 45 25 6  28 16 2  8  14 48 47 20 10 39 17 36 33 32 30 29 35 41 43 44 12 7  15 1  9  19 31 4  5  26 40 3  
12 22 36 28 9  37 19 5  26 39 24 0  27 20 34 45 46 3  23 11 48 1  15 38 14 40 21 47 18 31 35 33 43 30 42 32 16 2  44 13 10 4  17 29 8  6  25 41 7  
42 46 45 23 13 36 18 0  24 20 34 27 17 8  41 26 5  2  48 12 4  15 25 7  47 39 22 19 38 30 43 35 31 32 40 29 6  16 3  44 14 1  21 33 11 9  28 37 10 
19 26 5  45 46 42 38 27 34 41 25 6  28 21 9  39 18 16 3  48 24 8  10 37 40 20 47 2  17 32 31 43 30 29 1  33 11 7  0  4  44 15 22 35 12 13 23 36 14 
47 42 48 22 14 13 0  30 39 34 32 38 29 6  8  19 3  1  43 23 26 16 7  17 45 2  36 40 15 24 44 12 4  27 5  41 25 20 31 46 35 18 37 11 28 10 21 9  33 
37 9  28 6  25 17 42 45 46 4  40 19 0  39 24 13 23 48 11 7  14 26 1  18 21 47 41 36 3  43 33 29 35 31 22 30 2  5  12 10 8  44 20 32 16 34 27 38 15 
28 21 33 8  6  7  44 42 43 31 19 26 18 24 30 12 13 47 10 25 23 4  2  1  11 46 29 35 5  45 9  17 22 3  14 0  39 40 36 37 41 48 16 34 15 20 32 27 38 
3  5  4  42 43 44 27 32 20 25 29 17 9  10 11 18 24 15 26 47 1  7  28 33 31 16 46 0  8  34 19 45 2  6  30 21 37 41 39 40 48 38 12 13 14 22 35 23 36 
44 43 42 35 22 23 2  1  0  15 16 34 25 29 17 31 19 24 47 14 3  27 8  6  46 30 12 4  32 18 45 13 5  20 26 7  41 38 40 48 36 39 11 9  10 21 33 28 37 
27 20 32 1  0  2  33 21 28 14 12 13 43 44 42 29 17 11 15 24 7  23 47 46 16 9  30 8  35 10 34 18 6  22 25 45 48 36 41 38 39 37 4  5  3  19 31 26 40 
35 23 22 33 21 28 3  4  5  24 30 18 34 15 16 42 43 26 12 10 47 2  27 32 13 31 11 46 1  19 14 9  45 0  44 20 38 39 48 36 37 40 8  6  7  17 29 25 41 
7  6  8  20 27 32 23 35 22 44 42 43 19 26 31 11 9  14 25 16 28 47 3  4  29 12 34 33 46 13 17 15 21 45 10 5  40 48 37 41 38 36 1  0  2  18 30 24 39 
30 0  39 40 5  31 29 41 6  33 37 9  13 35 36 38 34 7  2  3  15 10 14 23 24 25 26 27 28 8  1  4  16 11 32 12 22 21 20 18 19 17 45 46 42 43 47 48 44 
2  39 18 19 40 3  7  17 41 10 21 37 36 14 22 20 38 6  0  5  34 9  13 12 1  8  4  16 11 29 30 31 32 33 15 35 23 28 27 24 26 25 43 47 45 46 48 44 42 
39 24 1  4  26 40 41 8  25 37 11 28 23 36 12 16 27 17 18 19 20 21 22 14 2  7  3  15 10 6  0  5  34 9  38 13 35 33 32 30 31 29 47 44 46 48 42 45 43 
18 1  30 31 4  19 17 29 8  21 33 11 12 22 35 32 16 25 24 26 27 28 23 13 0  6  5  34 9  41 39 40 38 37 20 36 14 10 15 2  3  7  48 42 47 44 45 43 46 
24 30 2  3  31 26 25 7  29 28 10 33 35 23 14 15 32 8  1  4  16 11 12 36 39 41 40 38 37 17 18 19 20 21 27 22 13 9  34 0  5  6  44 45 48 42 43 46 47 
0  18 24 26 19 5  6  25 17 9  28 21 22 13 23 27 20 41 39 40 38 37 36 35 30 29 31 32 33 7  2  3  15 10 34 14 12 11 16 1  4  8  46 48 43 47 44 42 45 
1  2  0  5  3  4  8  6  7  11 9  10 14 12 13 34 15 29 30 31 32 33 35 22 18 17 19 20 21 25 24 26 27 28 16 23 36 37 38 39 40 41 42 43 44 45 46 47 48 
