29 28 30 31 32 13 14 15 16 17 18 12 39 40 34 35 36 37 38 1  0  2  3  4  41 33 6  7  8  9  10 11 5  27 43 48 45 47 42 46 44 26 21 24 23 19 22 20 25 
32 31 26 27 28 16 17 18 12 13 14 15 35 36 37 38 39 40 34 3  4  41 33 1  0  2  9  10 11 5  6  7  8  30 47 42 46 44 43 48 45 29 24 20 19 22 25 23 21 
26 32 27 28 29 17 18 12 13 14 15 16 36 37 38 39 40 34 35 4  41 33 1  0  2  3  10 11 5  6  7  8  9  31 42 46 44 43 48 45 47 30 25 21 20 23 19 24 22 
30 29 31 32 26 14 15 16 17 18 12 13 40 34 35 36 37 38 39 0  2  3  4  41 33 1  7  8  9  10 11 5  6  28 48 45 47 42 46 44 43 27 22 25 24 20 23 21 19 
27 26 28 29 30 18 12 13 14 15 16 17 37 38 39 40 34 35 36 41 33 1  0  2  3  4  11 5  6  7  8  9  10 32 46 44 43 48 45 47 42 31 19 22 21 24 20 25 23 
7  6  8  9  10 38 39 40 34 35 36 37 47 42 46 44 43 48 45 26 27 28 29 30 31 32 12 13 14 15 16 17 18 5  22 23 24 25 19 20 21 11 1  3  2  41 0  33 4  
11 10 5  6  7  35 36 37 38 39 40 34 43 48 45 47 42 46 44 30 31 32 26 27 28 29 16 17 18 12 13 14 15 9  19 20 21 22 23 24 25 8  4  1  33 2  41 3  0  
8  7  9  10 11 39 40 34 35 36 37 38 42 46 44 43 48 45 47 27 28 29 30 31 32 26 13 14 15 16 17 18 12 6  23 24 25 19 20 21 22 5  0  4  3  33 2  1  41 
5  11 6  7  8  36 37 38 39 40 34 35 48 45 47 42 46 44 43 31 32 26 27 28 29 30 17 18 12 13 14 15 16 10 20 21 22 23 24 25 19 9  41 0  1  3  33 4  2  
9  8  10 11 5  40 34 35 36 37 38 39 46 44 43 48 45 47 42 28 29 30 31 32 26 27 14 15 16 17 18 12 13 7  24 25 19 20 21 22 23 6  2  41 4  1  3  0  33 
6  5  7  8  9  37 38 39 40 34 35 36 45 47 42 46 44 43 48 32 26 27 28 29 30 31 18 12 13 14 15 16 17 11 21 22 23 24 25 19 20 10 33 2  0  4  1  41 3  
10 9  11 5  6  34 35 36 37 38 39 40 44 43 48 45 47 42 46 29 30 31 32 26 27 28 15 16 17 18 12 13 14 8  25 19 20 21 22 23 24 7  3  33 41 0  4  2  1  
21 20 22 23 24 26 27 28 29 30 31 32 5  6  7  8  9  10 11 47 42 46 44 43 48 45 33 1  0  2  3  4  41 19 15 16 17 18 12 13 14 25 39 35 34 37 40 38 36 
25 24 19 20 21 30 31 32 26 27 28 29 9  10 11 5  6  7  8  43 48 45 47 42 46 44 3  4  41 33 1  0  2  23 12 13 14 15 16 17 18 22 36 39 38 34 37 35 40 
22 21 23 24 25 27 28 29 30 31 32 26 6  7  8  9  10 11 5  42 46 44 43 48 45 47 1  0  2  3  4  41 33 20 16 17 18 12 13 14 15 19 40 36 35 38 34 39 37 
19 25 20 21 22 31 32 26 27 28 29 30 10 11 5  6  7  8  9  48 45 47 42 46 44 43 4  41 33 1  0  2  3  24 13 14 15 16 17 18 12 23 37 40 39 35 38 36 34 
23 22 24 25 19 28 29 30 31 32 26 27 7  8  9  10 11 5  6  46 44 43 48 45 47 42 0  2  3  4  41 33 1  21 17 18 12 13 14 15 16 20 34 37 36 39 35 40 38 
20 19 21 22 23 32 26 27 28 29 30 31 11 5  6  7  8  9  10 45 47 42 46 44 43 48 41 33 1  0  2  3  4  25 14 15 16 17 18 12 13 24 38 34 40 36 39 37 35 
24 23 25 19 20 29 30 31 32 26 27 28 8  9  10 11 5  6  7  44 43 48 45 47 42 46 2  3  4  41 33 1  0  22 18 12 13 14 15 16 17 21 35 38 37 40 36 34 39 
40 39 34 35 36 19 20 21 22 23 24 25 33 1  0  2  3  4  41 12 13 14 15 16 17 18 47 42 46 44 43 48 45 38 29 30 31 32 26 27 28 37 6  9  8  11 7  5  10 
37 36 38 39 40 23 24 25 19 20 21 22 3  4  41 33 1  0  2  16 17 18 12 13 14 15 43 48 45 47 42 46 44 35 26 27 28 29 30 31 32 34 10 6  5  8  11 9  7  
34 40 35 36 37 20 21 22 23 24 25 19 1  0  2  3  4  41 33 13 14 15 16 17 18 12 42 46 44 43 48 45 47 39 30 31 32 26 27 28 29 38 7  10 9  5  8  6  11 
38 37 39 40 34 24 25 19 20 21 22 23 4  41 33 1  0  2  3  17 18 12 13 14 15 16 48 45 47 42 46 44 43 36 27 28 29 30 31 32 26 35 11 7  6  9  5  10 8  
35 34 36 37 38 21 22 23 24 25 19 20 0  2  3  4  41 33 1  14 15 16 17 18 12 13 46 44 43 48 45 47 42 40 31 32 26 27 28 29 30 39 8  11 10 6  9  7  5  
39 38 40 34 35 25 19 20 21 22 23 24 41 33 1  0  2  3  4  18 12 13 14 15 16 17 45 47 42 46 44 43 48 37 28 29 30 31 32 26 27 36 5  8  7  10 6  11 9  
36 35 37 38 39 22 23 24 25 19 20 21 2  3  4  41 33 1  0  15 16 17 18 12 13 14 44 43 48 45 47 42 46 34 32 26 27 28 29 30 31 40 9  5  11 7  10 8  6  
46 42 44 43 48 33 1  0  2  3  4  41 26 27 28 29 30 31 32 38 39 40 34 35 36 37 19 20 21 22 23 24 25 47 8  9  10 11 5  6  7  45 13 16 15 18 14 12 17 
45 48 47 42 46 3  4  41 33 1  0  2  30 31 32 26 27 28 29 35 36 37 38 39 40 34 23 24 25 19 20 21 22 43 5  6  7  8  9  10 11 44 17 13 12 15 18 16 14 
44 46 43 48 45 1  0  2  3  4  41 33 27 28 29 30 31 32 26 39 40 34 35 36 37 38 20 21 22 23 24 25 19 42 9  10 11 5  6  7  8  47 14 17 16 12 15 13 18 
47 45 42 46 44 4  41 33 1  0  2  3  31 32 26 27 28 29 30 36 37 38 39 40 34 35 24 25 19 20 21 22 23 48 6  7  8  9  10 11 5  43 18 14 13 16 12 17 15 
43 44 48 45 47 0  2  3  4  41 33 1  28 29 30 31 32 26 27 40 34 35 36 37 38 39 21 22 23 24 25 19 20 46 10 11 5  6  7  8  9  42 15 18 17 13 16 14 12 
42 47 46 44 43 41 33 1  0  2  3  4  32 26 27 28 29 30 31 37 38 39 40 34 35 36 25 19 20 21 22 23 24 45 7  8  9  10 11 5  6  48 12 15 14 17 13 18 16 
48 43 45 47 42 2  3  4  41 33 1  0  29 30 31 32 26 27 28 34 35 36 37 38 39 40 22 23 24 25 19 20 21 44 11 5  6  7  8  9  10 46 16 12 18 14 17 15 13 
28 27 29 30 31 12 13 14 15 16 17 18 38 39 40 34 35 36 37 33 1  0  2  3  4  41 5  6  7  8  9  10 11 26 44 43 48 45 47 42 46 32 20 23 22 25 21 19 24 
12 18 13 14 15 48 45 47 42 46 44 43 24 25 19 20 21 22 23 10 11 5  6  7  8  9  36 37 38 39 40 34 35 17 1  0  2  3  4  41 33 16 32 28 27 30 26 31 29 
16 15 17 18 12 46 44 43 48 45 47 42 21 22 23 24 25 19 20 7  8  9  10 11 5  6  40 34 35 36 37 38 39 14 4  41 33 1  0  2  3  13 29 32 31 27 30 28 26 
13 12 14 15 16 45 47 42 46 44 43 48 25 19 20 21 22 23 24 11 5  6  7  8  9  10 37 38 39 40 34 35 36 18 0  2  3  4  41 33 1  17 26 29 28 31 27 32 30 
17 16 18 12 13 44 43 48 45 47 42 46 22 23 24 25 19 20 21 8  9  10 11 5  6  7  34 35 36 37 38 39 40 15 41 33 1  0  2  3  4  14 30 26 32 28 31 29 27 
14 13 15 16 17 47 42 46 44 43 48 45 19 20 21 22 23 24 25 5  6  7  8  9  10 11 38 39 40 34 35 36 37 12 2  3  4  41 33 1  0  18 27 30 29 32 28 26 31 
18 17 12 13 14 43 48 45 47 42 46 44 23 24 25 19 20 21 22 9  10 11 5  6  7  8  35 36 37 38 39 40 34 16 33 1  0  2  3  4  41 15 31 27 26 29 32 30 28 
15 14 16 17 18 42 46 44 43 48 45 47 20 21 22 23 24 25 19 6  7  8  9  10 11 5  39 40 34 35 36 37 38 13 3  4  41 33 1  0  2  12 28 31 30 26 29 27 32 
31 30 32 26 27 15 16 17 18 12 13 14 34 35 36 37 38 39 40 2  3  4  41 33 1  0  8  9  10 11 5  6  7  29 45 47 42 46 44 43 48 28 23 19 25 21 24 22 20 
41 4  33 1  0  9  10 11 5  6  7  8  16 17 18 12 13 14 15 23 24 25 19 20 21 22 30 31 32 26 27 28 29 3  38 39 40 34 35 36 37 2  45 46 42 43 47 48 44 
3  2  4  41 33 7  8  9  10 11 5  6  14 15 16 17 18 12 13 21 22 23 24 25 19 20 28 29 30 31 32 26 27 0  36 37 38 39 40 34 35 1  43 47 45 46 48 44 42 
33 41 1  0  2  10 11 5  6  7  8  9  17 18 12 13 14 15 16 24 25 19 20 21 22 23 31 32 26 27 28 29 30 4  39 40 34 35 36 37 38 3  47 44 46 48 42 45 43 
4  3  41 33 1  8  9  10 11 5  6  7  15 16 17 18 12 13 14 22 23 24 25 19 20 21 29 30 31 32 26 27 28 2  37 38 39 40 34 35 36 0  48 42 47 44 45 43 46 
2  0  3  4  41 6  7  8  9  10 11 5  13 14 15 16 17 18 12 20 21 22 23 24 25 19 27 28 29 30 31 32 26 1  35 36 37 38 39 40 34 33 44 45 48 42 43 46 47 
0  1  2  3  4  5  6  7  8  9  10 11 12 13 14 15 16 17 18 19 20 21 22 23 24 25 26 27 28 29 30 31 32 33 34 35 36 37 38 39 40 41 46 48 43 47 44 42 45 
1  33 0  2  3  11 5  6  7  8  9  10 18 12 13 14 15 16 17 25 19 20 21 22 23 24 32 26 27 28 29 30 31 41 40 34 35 36 37 38 39 4  42 43 44 45 46 47 48 
