39 37 36 40 38 35 41 46 48 45 44 47 43 42 31 33 28 34 32 30 29 0  1  6  5  4  3  2  13 9  10 8  11 7  12 19 17 15 16 18 20 14 27 21 26 22 23 24 25 
38 35 41 39 37 36 40 44 45 47 43 42 48 46 29 30 33 31 28 34 32 4  5  3  2  1  0  6  7  11 12 9  13 10 8  17 14 19 15 16 18 20 23 25 21 24 26 27 22 
37 36 40 38 35 41 39 43 47 42 48 46 45 44 32 34 30 29 33 31 28 1  2  0  6  5  4  3  10 13 8  11 7  12 9  14 20 17 19 15 16 18 26 22 25 27 21 23 24 
35 41 39 37 36 40 38 48 42 46 45 44 47 43 28 31 34 32 30 29 33 5  6  4  3  2  1  0  12 7  9  13 10 8  11 20 18 14 17 19 15 16 21 24 22 23 25 26 27 
36 40 38 35 41 39 37 45 46 44 47 43 42 48 33 29 31 28 34 32 30 2  3  1  0  6  5  4  8  10 11 7  12 9  13 18 16 20 14 17 19 15 25 27 24 26 22 21 23 
41 39 37 36 40 38 35 47 44 43 42 48 46 45 30 32 29 33 31 28 34 6  0  5  4  3  2  1  9  12 13 10 8  11 7  16 15 18 20 14 17 19 22 23 27 21 24 25 26 
40 38 35 41 39 37 36 42 43 48 46 45 44 47 34 28 32 30 29 33 31 3  4  2  1  0  6  5  11 8  7  12 9  13 10 15 19 16 18 20 14 17 24 26 23 25 27 22 21 
30 31 32 33 34 29 28 6  4  1  3  5  0  2  44 47 45 46 48 42 43 15 17 18 14 19 16 20 24 25 23 21 22 27 26 11 13 9  8  12 10 7  41 38 39 35 40 36 37 
28 30 31 32 33 34 29 5  3  0  2  4  6  1  42 48 43 47 44 45 46 18 15 14 19 16 20 17 25 26 24 23 21 22 27 8  9  12 10 7  13 11 35 40 41 38 36 37 39 
31 32 33 34 29 28 30 0  5  2  4  6  1  3  48 46 42 43 47 44 45 17 20 15 18 14 19 16 23 24 21 22 27 26 25 7  10 13 11 9  8  12 39 35 37 41 38 40 36 
32 33 34 29 28 30 31 1  6  3  5  0  2  4  47 43 44 45 46 48 42 20 16 17 15 18 14 19 21 23 22 27 26 25 24 12 8  10 7  13 11 9  37 41 36 39 35 38 40 
33 34 29 28 30 31 32 2  0  4  6  1  3  5  46 45 48 42 43 47 44 16 19 20 17 15 18 14 22 21 27 26 25 24 23 9  11 8  12 10 7  13 36 39 40 37 41 35 38 
34 29 28 30 31 32 33 3  1  5  0  2  4  6  43 42 47 44 45 46 48 19 14 16 20 17 15 18 27 22 26 25 24 23 21 13 7  11 9  8  12 10 40 37 38 36 39 41 35 
29 28 30 31 32 33 34 4  2  6  1  3  5  0  45 44 46 48 42 43 47 14 18 19 16 20 17 15 26 27 25 24 23 21 22 10 12 7  13 11 9  8  38 36 35 40 37 39 41 
15 17 20 16 19 14 18 22 23 26 24 21 27 25 13 8  12 11 10 9  7  41 39 35 38 40 36 37 42 45 44 48 47 46 43 33 30 28 32 29 31 34 6  4  0  5  3  2  1  
17 20 16 19 14 18 15 27 21 25 23 22 26 24 10 11 9  7  8  13 12 39 37 41 35 38 40 36 44 42 48 47 46 43 45 34 31 30 33 28 32 29 0  5  1  6  4  3  2  
18 15 17 20 16 19 14 21 24 27 25 23 22 26 9  10 7  8  13 12 11 35 41 38 40 36 37 39 45 43 42 44 48 47 46 32 28 29 31 34 30 33 5  3  6  4  2  1  0  
14 18 15 17 20 16 19 23 25 22 26 24 21 27 12 13 11 10 9  7  8  38 35 40 36 37 39 41 43 46 45 42 44 48 47 31 29 34 30 33 28 32 4  2  5  3  1  0  6  
19 14 18 15 17 20 16 24 26 21 27 25 23 22 7  9  8  13 12 11 10 40 38 36 37 39 41 35 46 47 43 45 42 44 48 30 34 33 28 32 29 31 3  1  4  2  0  6  5  
16 19 14 18 15 17 20 25 27 23 22 26 24 21 11 12 10 9  7  8  13 36 40 37 39 41 35 38 47 48 46 43 45 42 44 28 33 32 29 31 34 30 2  0  3  1  6  5  4  
20 16 19 14 18 15 17 26 22 24 21 27 25 23 8  7  13 12 11 10 9  37 36 39 41 35 38 40 48 44 47 46 43 45 42 29 32 31 34 30 33 28 1  6  2  0  5  4  3  
9  13 10 8  11 7  12 35 40 39 36 38 41 37 24 21 26 22 23 25 27 28 30 29 34 33 32 31 2  1  3  4  5  6  0  47 42 45 48 43 44 46 18 19 15 14 16 20 17 
11 7  12 9  13 10 8  36 39 38 41 37 40 35 27 25 21 24 26 22 23 33 34 32 31 30 28 29 6  5  0  1  2  3  4  42 46 47 45 48 43 44 16 17 19 20 15 18 14 
8  11 7  12 9  13 10 37 41 40 35 39 36 38 22 26 23 25 27 21 24 32 33 31 30 28 29 34 5  4  6  0  1  2  3  45 47 48 43 44 46 42 20 15 16 17 18 14 19 
12 9  13 10 8  11 7  38 36 41 37 40 35 39 25 23 27 21 24 26 22 29 28 34 33 32 31 30 1  0  2  3  4  5  6  48 45 43 44 46 42 47 14 16 18 19 20 17 15 
10 8  11 7  12 9  13 39 35 36 38 41 37 40 21 27 24 26 22 23 25 31 32 30 28 29 34 33 4  3  5  6  0  1  2  43 48 44 46 42 47 45 17 18 20 15 14 19 16 
7  12 9  13 10 8  11 40 37 35 39 36 38 41 26 24 22 23 25 27 21 34 29 33 32 31 30 28 0  6  1  2  3  4  5  44 43 46 42 47 45 48 19 20 14 16 17 15 18 
13 10 8  11 7  12 9  41 38 37 40 35 39 36 23 22 25 27 21 24 26 30 31 28 29 34 33 32 3  2  4  5  6  0  1  46 44 42 47 45 48 43 15 14 17 18 19 16 20 
23 21 22 27 26 25 24 30 29 32 34 28 31 33 38 41 36 39 35 40 37 44 48 42 45 43 46 47 19 16 14 18 15 17 20 0  4  3  6  2  5  1  13 12 10 9  7  11 8  
27 26 25 24 23 21 22 33 31 29 30 32 34 28 39 36 35 40 37 41 38 46 43 47 48 44 42 45 15 18 17 20 16 19 14 3  0  6  2  5  1  4  11 10 7  8  13 9  12 
26 25 24 23 21 22 27 34 32 28 31 33 29 30 37 40 41 38 36 39 35 43 45 46 47 48 44 42 17 15 20 16 19 14 18 4  1  0  3  6  2  5  7  8  12 11 10 13 9  
21 22 27 26 25 24 23 31 28 33 29 30 32 34 35 39 40 37 41 38 36 48 47 44 42 45 43 46 14 19 18 15 17 20 16 1  5  4  0  3  6  2  10 9  8  13 12 7  11 
25 24 23 21 22 27 26 29 33 30 32 34 28 31 36 38 39 35 40 37 41 45 42 43 46 47 48 44 20 17 16 19 14 18 15 5  2  1  4  0  3  6  12 11 9  7  8  10 13 
22 27 26 25 24 23 21 32 30 34 28 31 33 29 41 37 38 36 39 35 40 47 46 48 44 42 45 43 18 14 15 17 20 16 19 2  6  5  1  4  0  3  8  13 11 10 9  12 7  
24 23 21 22 27 26 25 28 34 31 33 29 30 32 40 35 37 41 38 36 39 42 44 45 43 46 47 48 16 20 19 14 18 15 17 6  3  2  5  1  4  0  9  7  13 12 11 8  10 
46 43 45 42 44 48 47 16 17 14 15 20 19 18 0  2  5  3  1  6  4  11 7  8  10 13 9  12 41 35 39 37 36 40 38 24 27 22 25 21 26 23 33 31 34 32 30 28 29 
45 42 44 48 47 46 43 14 16 15 20 19 18 17 2  4  0  5  3  1  6  12 9  7  11 8  10 13 37 39 36 40 38 35 41 21 25 26 23 27 24 22 29 33 28 34 32 31 30 
48 47 46 43 45 42 44 17 18 16 14 15 20 19 5  0  3  1  6  4  2  10 8  13 9  12 7  11 38 40 35 41 39 37 36 26 21 23 27 24 22 25 31 28 32 30 29 34 33 
42 44 48 47 46 43 45 18 19 17 16 14 15 20 3  5  1  6  4  2  0  9  13 12 7  11 8  10 36 37 40 38 35 41 39 22 24 25 21 26 23 27 28 34 30 29 33 32 31 
43 45 42 44 48 47 46 19 20 18 17 16 14 15 1  3  6  4  2  0  5  7  12 11 8  10 13 9  39 41 37 36 40 38 35 23 26 27 24 22 25 21 34 32 29 33 31 30 28 
47 46 43 45 42 44 48 20 15 19 18 17 16 14 6  1  4  2  0  5  3  8  11 10 13 9  12 7  35 38 41 39 37 36 40 25 22 21 26 23 27 24 32 30 33 31 28 29 34 
44 48 47 46 43 45 42 15 14 20 19 18 17 16 4  6  2  0  5  3  1  13 10 9  12 7  11 8  40 36 38 35 41 39 37 27 23 24 22 25 21 26 30 29 31 28 34 33 32 
1  2  3  4  5  6  0  7  8  9  10 11 12 13 20 19 15 14 16 17 18 26 25 27 22 21 23 24 31 30 32 33 34 29 28 38 37 39 40 41 36 35 45 46 42 43 47 48 44 
0  1  2  3  4  5  6  11 10 12 13 8  7  9  17 16 18 19 20 15 14 27 26 22 21 23 24 25 30 28 31 32 33 34 29 40 39 41 36 35 37 38 43 47 45 46 48 44 42 
5  6  0  1  2  3  4  10 9  11 12 13 8  7  18 17 19 20 15 14 16 21 22 23 24 25 26 27 29 34 28 30 31 32 33 37 35 38 39 40 41 36 47 44 46 48 42 45 43 
4  5  6  0  1  2  3  13 12 8  7  9  10 11 14 15 16 17 18 19 20 23 21 24 25 26 27 22 34 33 29 28 30 31 32 39 38 40 41 36 35 37 48 42 47 44 45 43 46 
3  4  5  6  0  1  2  9  7  10 11 12 13 8  19 18 20 15 14 16 17 24 23 25 26 27 22 21 33 32 34 29 28 30 31 41 40 36 35 37 38 39 44 45 48 42 43 46 47 
6  0  1  2  3  4  5  8  13 7  9  10 11 12 15 20 14 16 17 18 19 22 27 21 23 24 25 26 28 29 30 31 32 33 34 36 41 35 37 38 39 40 46 48 43 47 44 42 45 
2  3  4  5  6  0  1  12 11 13 8  7  9  10 16 14 17 18 19 20 15 25 24 26 27 22 21 23 32 31 33 34 29 28 30 35 36 37 38 39 40 41 42 43 44 45 46 47 48 
