31 33 34 30 35 47 8  48 9  10 7  6  44 26 28 27 29 24 4  5  43 1  0  3  19 21 20 42 18 23 40 41 37 39 38 46 14 17 13 12 45 15 2  32 22 25 16 36 11 
47 32 35 34 31 33 48 9  11 6  8  7  24 29 44 28 27 25 0  1  3  43 5  2  21 20 23 18 22 42 38 36 40 37 46 41 12 45 16 17 13 14 4  30 19 26 15 39 10 
35 47 30 32 34 31 7  8  48 11 6  10 28 25 27 29 26 44 2  0  1  5  4  43 22 19 21 23 42 20 37 46 39 36 40 38 15 12 45 14 17 16 3  33 18 24 13 41 9  
33 30 31 35 47 32 9  11 10 7  48 8  25 27 24 44 28 26 5  43 2  3  1  4  20 23 42 22 19 18 46 39 38 40 41 36 17 13 15 45 16 12 0  34 21 29 14 37 6  
32 34 47 31 33 30 11 10 6  8  9  48 26 28 25 24 44 29 1  3  4  2  43 0  23 42 18 19 21 22 41 37 46 38 36 39 45 16 14 13 15 17 5  35 20 27 12 40 7  
30 35 33 47 32 34 10 6  7  48 11 9  29 44 26 25 24 27 43 2  0  4  3  5  42 18 22 21 20 19 36 40 41 46 39 37 13 15 12 16 14 45 1  31 23 28 17 38 8  
17 13 14 15 12 45 31 47 33 30 35 34 48 10 8  7  6  9  26 27 44 28 29 24 4  0  5  43 3  1  20 18 21 19 23 42 37 38 41 40 46 39 25 16 2  11 36 22 32 
15 12 13 45 16 14 30 34 35 47 32 33 6  48 10 11 9  7  44 25 29 26 24 27 43 3  2  0  5  4  22 20 18 42 19 21 41 39 40 36 37 46 28 17 1  8  38 23 31 
45 16 12 14 17 13 47 33 32 34 31 35 9  6  48 8  7  11 29 28 24 44 27 25 0  5  1  3  2  43 23 22 20 21 42 18 40 46 36 38 41 37 26 15 4  10 39 19 30 
13 15 17 12 45 16 33 32 30 35 47 31 11 7  9  48 8  10 27 44 25 24 28 26 5  1  43 2  4  3  42 19 23 20 18 22 38 41 39 46 36 40 29 14 0  6  37 21 34 
16 14 45 17 13 15 32 30 34 31 33 47 10 8  11 9  48 6  28 24 26 25 44 29 1  43 3  4  0  2  18 21 42 23 22 19 46 36 37 41 39 38 27 12 5  7  40 20 35 
12 45 15 16 14 17 35 31 47 32 34 30 8  11 7  6  10 48 25 29 28 27 26 44 2  4  0  1  43 5  21 42 19 22 20 23 39 40 46 37 38 36 24 13 3  9  41 18 33 
39 40 41 46 36 37 15 14 12 45 16 13 34 47 30 32 33 35 48 11 6  10 9  7  44 24 25 29 27 26 2  5  3  43 4  0  18 19 20 22 21 42 8  38 28 31 23 1  17 
41 39 38 40 46 36 13 16 15 12 45 17 32 35 33 47 31 30 7  48 11 9  8  10 27 28 44 25 26 24 43 4  1  5  3  2  23 18 19 42 22 20 6  37 29 34 21 0  14 
38 41 37 39 40 46 17 45 13 15 12 14 47 30 31 35 34 33 10 7  48 8  6  9  26 29 27 44 24 28 5  3  0  4  1  43 21 23 18 20 42 19 11 36 25 32 22 2  16 
36 37 46 38 41 39 16 15 14 17 13 45 30 31 32 33 47 34 8  9  10 11 48 6  28 44 24 26 29 25 3  0  43 1  2  4  42 22 21 18 19 23 7  40 27 35 20 5  12 
40 46 39 36 37 38 12 17 45 16 14 15 31 32 35 34 30 47 11 6  8  7  10 48 25 26 29 28 44 27 0  43 4  2  5  1  19 20 42 21 23 22 9  41 24 33 18 3  13 
46 36 40 37 38 41 45 13 16 14 17 12 33 34 47 31 35 32 6  8  9  48 7  11 29 27 28 24 25 44 1  2  5  0  43 3  20 42 22 23 18 21 10 39 26 30 19 4  15 
18 19 23 20 42 22 41 36 39 40 46 38 16 12 13 45 17 15 35 47 32 33 31 30 7  8  48 11 10 9  44 26 28 27 24 25 1  3  4  43 2  5  34 21 6  14 0  29 37 
22 21 42 23 18 19 36 39 37 38 41 46 15 17 16 13 45 14 31 33 30 32 47 34 8  48 9  10 6  11 24 29 44 28 25 26 43 2  0  3  4  1  35 20 7  12 5  27 40 
19 20 18 42 22 21 39 37 40 46 36 41 14 45 15 16 13 12 47 32 34 30 33 35 48 9  11 6  7  10 25 27 24 44 26 29 3  4  5  2  0  43 31 23 8  17 1  28 38 
23 18 21 19 20 42 38 46 41 39 40 37 45 15 17 12 14 13 30 35 47 31 34 33 10 6  7  48 9  8  27 24 29 26 28 44 0  1  3  5  43 4  32 22 11 16 2  25 36 
20 42 19 22 21 23 40 38 46 36 37 39 17 16 12 14 15 45 32 34 31 35 30 47 11 10 6  8  48 7  29 44 26 25 27 28 4  5  43 0  1  2  33 18 9  13 3  24 41 
42 22 20 21 23 18 46 41 36 37 38 40 13 14 45 17 12 16 34 31 33 47 35 32 6  7  8  9  11 48 28 25 27 29 44 24 5  43 2  1  3  0  30 19 10 15 4  26 39 
3  4  1  5  43 2  18 22 19 20 42 23 36 40 41 46 38 39 12 45 16 13 17 15 35 31 47 32 30 33 48 10 8  7  9  11 28 24 26 44 25 27 14 0  34 37 29 6  21 
5  43 4  2  0  1  20 23 42 22 21 19 38 36 40 37 39 46 16 14 17 12 15 45 32 30 34 31 47 35 6  48 10 11 7  8  26 27 44 29 28 25 13 3  33 41 24 9  18 
2  0  43 1  3  4  22 19 21 23 18 42 39 38 36 41 46 37 17 13 15 16 45 14 31 47 33 30 34 32 9  6  48 8  11 10 44 25 29 24 26 28 12 5  35 40 27 7  20 
4  5  3  43 2  0  19 21 20 42 22 18 37 46 39 36 41 40 45 16 14 15 13 12 47 33 32 34 35 30 11 7  9  48 10 6  24 26 27 25 29 44 17 1  31 38 28 8  23 
43 2  5  0  1  3  42 18 22 21 23 20 41 37 46 38 40 36 14 17 13 45 12 16 34 35 31 33 32 47 8  11 7  6  48 9  27 44 25 28 24 29 15 4  30 39 26 10 19 
1  3  0  4  5  43 23 42 18 19 20 21 46 39 38 40 37 41 15 12 45 17 14 13 30 34 35 47 33 31 7  9  6  10 8  48 29 28 24 27 44 26 16 2  32 36 25 11 22 
25 29 44 28 24 26 2  4  0  1  3  43 19 23 22 18 42 21 38 41 39 36 46 37 17 45 13 15 14 16 33 34 47 31 32 30 48 11 6  9  10 8  40 27 12 20 7  35 5  
44 25 27 29 28 24 43 3  2  0  1  5  18 21 42 23 20 22 37 38 41 46 40 36 14 12 17 13 16 45 31 32 35 34 47 33 7  48 11 8  9  6  39 26 15 19 10 30 4  
27 44 26 25 29 28 5  1  43 2  0  4  23 22 20 21 19 42 36 37 38 40 39 46 16 15 14 17 45 12 34 47 30 32 35 31 10 7  48 6  8  11 41 24 13 18 9  33 3  
24 26 28 27 44 25 3  2  4  5  43 1  22 20 18 42 23 19 40 46 36 41 38 39 12 17 45 16 15 13 47 30 31 35 33 32 8  9  10 48 11 7  37 29 14 21 6  34 0  
28 24 29 26 27 44 1  43 3  4  5  0  42 19 23 20 21 18 39 40 46 38 37 41 15 14 12 45 13 17 35 33 34 30 31 47 6  8  9  7  48 10 36 25 16 22 11 32 2  
26 27 24 44 25 29 4  0  5  43 2  3  21 42 19 22 18 20 46 36 37 39 41 40 45 13 16 14 12 15 32 35 33 47 30 34 9  10 7  11 6  48 38 28 17 23 8  31 1  
7  48 10 11 6  8  27 28 44 25 29 26 1  2  5  0  4  43 22 21 23 20 19 42 36 39 37 38 46 40 14 45 15 16 12 17 30 35 47 34 31 32 18 9  41 3  33 13 24 
8  9  6  10 7  48 28 44 24 26 27 29 43 4  1  5  0  3  19 20 42 23 21 18 39 37 40 46 41 38 12 13 14 15 17 45 34 31 33 35 47 30 22 11 36 2  32 16 25 
48 11 7  6  8  9  44 24 25 29 28 27 3  0  43 1  5  2  21 23 18 42 20 22 37 40 38 41 36 46 17 16 12 14 45 13 35 47 32 31 33 34 19 10 39 4  30 15 26 
11 6  48 8  9  10 25 26 29 28 24 44 4  1  2  3  43 0  23 18 19 22 42 21 38 46 41 39 37 36 13 14 45 17 16 15 47 32 34 33 30 31 20 7  40 5  35 12 27 
10 7  9  48 11 6  26 29 27 44 25 24 0  43 4  2  3  5  42 22 21 19 18 20 46 41 36 37 40 39 16 12 13 45 15 14 33 30 35 32 34 47 23 8  38 1  31 17 28 
9  10 8  7  48 11 24 25 26 27 44 28 2  5  3  43 1  4  20 42 22 18 23 19 40 38 46 36 39 41 45 15 17 12 13 16 31 33 30 47 32 35 21 6  37 0  34 14 29 
21 23 22 18 19 20 37 40 38 41 39 36 12 13 14 15 16 17 33 30 35 34 32 31 9  11 10 7  8  6  26 28 25 24 29 27 2  0  1  4  5  3  48 46 44 47 42 43 45 
34 31 32 33 30 35 6  7  8  9  10 11 27 24 29 26 25 28 3  4  5  0  2  1  18 22 19 20 23 21 39 38 36 41 37 40 16 14 17 15 12 13 42 48 46 43 47 45 44 
0  1  2  3  4  5  21 20 23 18 19 22 40 41 37 39 36 38 13 15 12 14 16 17 33 32 30 35 31 34 10 8  11 9  6  7  25 29 28 26 27 24 47 42 48 45 43 44 46 
37 38 36 41 39 40 14 12 17 13 15 16 35 33 34 30 32 31 9  10 7  6  11 8  24 25 26 27 28 29 4  1  2  3  0  5  22 21 23 19 20 18 44 45 43 48 46 42 47 
6  8  11 9  10 7  29 27 28 24 26 25 5  3  0  4  2  1  18 19 20 21 22 23 41 36 39 40 38 37 15 17 16 13 14 12 32 34 31 30 35 33 46 44 45 42 48 47 43 
29 28 25 24 26 27 0  5  1  3  4  2  20 18 21 19 22 23 41 39 40 37 36 38 13 16 15 12 17 14 30 31 32 33 34 35 11 6  8  10 7  9  45 43 47 46 44 48 42 
14 17 16 13 15 12 34 35 31 33 30 32 7  9  6  10 11 8  24 26 27 29 25 28 3  2  4  5  1  0  19 23 22 18 21 20 36 37 38 39 40 41 43 47 42 44 45 46 48 
