00 03 95 01 64 09 11 66 89 05 63 45 74 47 26 39 70 59 48 84 34 36 38 93 30 50 32 73 85 18 24 35 40 88 20 31 21 61 22 15 75 80 67 77 54 37 86 13 78 91 25 76 90 58 44 57 83 55 53 17 92 06 82 10 04 71 07 42 29 81 16 65 87 27 12 14 51 43 68 94 41 69 62 56 19 28 46 72 33 08 52 49 60 23 79 02 
95 01 03 02 35 22 94 50 80 13 39 92 44 09 83 29 12 24 41 78 87 53 36 63 17 31 46 68 91 15 54 34 82 40 71 04 77 84 90 10 33 18 64 88 59 86 26 65 62 81 07 16 89 21 30 05 73 66 79 51 70 69 48 23 42 47 57 25 27 61 60 67 93 56 76 85 74 55 19 58 08 49 32 14 37 75 45 20 43 52 38 28 11 72 06 00 
01 00 02 95 11 15 84 60 34 48 20 04 64 74 16 05 14 53 82 77 35 87 56 70 52 41 91 36 43 90 55 62 51 44 08 28 27 88 13 92 66 25 69 10 33 80 76 85 09 71 83 32 24 07 89 30 22 38 86 68 65 94 31 93 12 17 40 72 59 42 23 49 67 78 79 81 46 19 73 57 45 75 18 50 06 47 58 21 37 54 29 26 39 63 61 03 
02 95 00 03 39 84 08 46 06 54 69 28 89 48 51 43 94 81 23 75 92 50 93 18 73 87 52 79 11 64 38 88 59 45 78 83 86 55 30 47 56 60 66 15 85 33 07 24 13 53 09 14 26 49 63 37 40 91 70 32 41 74 68 21 29 72 58 82 62 10 76 90 65 04 61 19 42 80 34 27 77 17 67 35 05 44 36 25 31 12 71 57 20 22 16 01 
77 78 62 21 04 95 07 06 28 47 15 31 94 26 33 10 84 92 79 35 85 66 90 48 09 81 13 40 08 65 60 11 44 14 93 19 87 41 46 54 27 37 50 64 32 69 38 70 23 75 73 89 61 91 42 86 68 72 24 88 30 52 02 03 43 29 76 83 56 45 58 82 57 39 80 49 63 00 01 18 74 25 71 67 16 20 55 36 59 51 22 53 17 34 12 05 
82 16 80 23 07 05 95 04 88 62 73 46 55 63 41 45 67 70 84 26 66 60 59 03 43 77 19 61 58 93 75 25 89 76 51 42 31 72 50 53 94 14 35 24 36 15 11 57 52 85 38 01 48 39 64 22 86 47 28 71 21 27 09 13 54 92 20 34 83 87 17 12 37 10 91 30 33 44 81 90 02 78 00 68 18 49 56 69 08 32 79 74 65 29 40 06 
18 73 42 17 05 04 06 95 81 67 82 68 65 55 37 85 79 03 75 80 77 51 60 76 49 53 14 89 83 00 93 54 29 47 50 87 66 78 70 44 48 88 02 59 39 26 90 33 61 24 34 21 86 25 31 13 94 63 72 43 22 11 92 57 91 12 36 09 40 84 38 74 58 01 71 32 23 20 45 16 19 08 10 28 69 15 52 35 41 27 46 64 62 30 56 07 
81 15 20 32 95 06 05 07 63 83 02 44 27 57 84 01 64 28 22 25 13 30 18 51 92 19 82 12 65 50 21 52 03 71 49 53 56 86 35 94 67 54 90 38 11 70 59 87 85 34 29 23 31 60 41 72 36 10 75 46 43 80 77 08 16 79 69 40 89 66 45 33 55 91 17 58 88 62 93 74 61 00 26 09 14 48 37 47 76 68 42 73 24 78 39 04 
65 70 87 81 22 47 17 26 08 95 11 10 78 40 53 27 61 06 74 69 29 34 04 19 44 32 07 33 90 20 62 37 25 30 21 68 83 31 45 86 13 56 92 75 24 38 49 05 79 41 67 73 23 14 59 93 64 88 91 54 80 16 15 82 46 00 94 50 35 72 01 89 52 51 18 43 85 84 12 48 60 03 63 36 77 76 39 02 57 71 28 58 42 55 66 09 
62 81 64 70 76 82 35 18 11 09 95 08 48 49 46 61 91 41 07 53 37 42 83 38 47 45 36 32 89 55 57 80 27 75 85 06 26 20 23 73 72 17 63 52 92 25 14 21 12 13 54 90 43 19 66 29 78 30 03 84 88 15 00 24 02 68 04 87 65 74 39 93 40 58 69 33 50 94 56 86 31 01 05 22 59 34 79 67 60 28 51 16 44 71 77 10 
84 75 38 37 87 41 31 53 09 08 10 95 46 43 73 36 62 60 77 63 79 72 52 71 80 64 89 51 74 92 67 06 83 50 45 07 15 03 17 85 70 05 93 20 56 34 12 86 88 59 33 27 22 28 82 69 44 02 90 49 57 76 16 19 25 13 91 30 81 55 40 23 21 14 35 01 61 18 94 65 24 68 54 32 00 39 47 04 48 26 58 66 29 42 78 11 
48 54 31 36 62 74 45 90 95 10 09 11 57 22 40 94 20 51 00 88 16 35 13 39 53 38 61 80 86 75 92 02 26 58 66 21 03 32 25 23 18 81 44 85 42 29 91 69 14 82 59 17 87 24 01 73 84 12 33 50 89 68 04 77 93 70 34 79 37 47 65 76 83 55 05 78 71 63 06 67 27 41 49 72 56 43 28 52 19 60 07 46 30 64 15 08 
56 25 09 53 69 77 23 47 58 02 70 41 12 95 15 14 44 42 30 24 50 79 51 06 19 05 80 87 73 86 18 16 88 37 59 63 22 33 54 43 46 11 17 39 71 94 40 07 64 89 20 34 82 03 38 31 00 81 08 36 85 84 93 35 48 76 72 01 90 04 10 55 66 28 83 92 65 67 91 21 26 57 52 74 61 60 29 27 32 49 68 78 75 62 45 13 
93 49 53 94 88 72 80 38 36 81 28 58 15 13 95 12 48 02 92 55 57 32 33 47 46 68 59 67 17 34 44 56 21 22 29 20 08 63 74 62 83 51 91 07 30 89 24 23 16 01 85 41 71 10 84 19 31 60 11 26 79 90 39 37 73 43 82 27 25 77 75 52 05 64 65 70 86 69 87 35 06 09 66 40 54 50 76 78 04 45 61 42 18 00 03 14 
06 58 93 30 74 10 18 34 50 60 05 75 13 12 14 95 63 77 68 94 47 59 57 92 31 35 37 39 76 11 03 24 78 80 07 25 42 29 51 27 45 73 36 81 70 32 88 20 40 84 08 38 91 67 71 66 82 22 01 21 09 00 87 16 85 86 55 53 61 90 44 54 89 41 04 26 28 17 48 83 33 43 56 79 49 64 65 62 46 72 69 52 23 02 19 15 
57 50 45 67 36 80 74 29 64 89 87 35 95 14 13 15 37 48 38 52 68 94 32 46 59 66 34 41 61 07 49 40 22 72 26 11 04 16 18 55 31 23 86 82 63 02 62 92 17 33 01 88 56 75 77 39 08 00 81 24 78 28 27 44 19 90 25 03 20 30 83 85 69 84 06 53 93 54 60 91 05 58 43 70 73 71 42 10 51 09 65 79 47 76 21 12 
87 67 63 13 60 59 33 89 39 27 24 49 34 03 93 58 16 95 19 18 82 57 05 26 10 51 23 09 50 88 84 44 91 06 77 76 71 81 42 08 90 45 38 54 22 41 92 79 94 11 28 12 83 85 43 36 75 21 15 31 04 86 80 02 68 73 74 55 64 78 72 01 70 65 66 56 35 25 69 47 62 37 20 52 30 53 61 00 29 07 40 32 46 14 48 17 
90 72 43 08 56 49 81 13 03 29 65 47 26 38 39 25 19 17 95 16 07 62 40 31 93 15 12 77 02 09 73 23 87 67 46 79 64 94 60 14 22 55 80 57 61 71 34 11 66 05 91 69 59 35 86 41 04 74 82 52 20 44 21 88 36 53 48 33 92 51 85 45 01 30 28 83 84 27 89 10 42 06 58 75 76 70 54 32 63 78 00 50 68 24 37 18 
75 20 36 05 51 03 68 83 24 22 91 06 43 71 29 93 17 16 18 95 01 67 09 84 08 42 78 82 34 48 39 53 37 90 28 54 02 14 76 30 00 87 25 12 74 40 80 56 32 94 57 04 92 31 35 63 47 50 65 73 81 45 88 55 70 58 77 21 26 86 64 13 85 59 44 61 38 66 11 89 46 60 27 07 23 72 69 41 62 79 33 10 52 15 49 19 
10 04 83 93 01 21 13 91 62 44 00 65 29 06 28 23 95 18 17 19 32 05 75 69 86 73 60 72 14 12 08 81 20 41 68 78 47 74 40 82 38 15 71 90 09 79 64 36 67 30 77 54 27 92 51 80 49 61 89 87 26 57 56 84 52 11 85 48 34 33 88 42 46 25 37 22 94 50 35 45 55 31 39 02 63 66 24 59 70 58 43 07 53 03 76 16 
24 41 13 33 27 56 58 43 59 93 35 82 61 53 91 44 49 74 87 31 20 95 23 22 00 69 67 04 60 54 34 19 81 03 30 57 48 71 02 64 85 01 83 79 15 92 55 52 36 16 84 62 47 65 29 46 05 17 06 08 07 12 51 68 39 38 86 26 63 25 94 37 77 80 10 89 90 72 88 28 73 32 11 42 50 40 66 18 78 75 76 14 45 09 70 21 
33 68 08 66 54 26 64 85 02 39 92 15 82 69 65 11 90 83 46 60 23 21 95 20 58 37 05 53 49 72 48 93 77 00 87 94 88 25 41 04 57 38 03 78 89 74 18 42 30 28 76 91 79 27 70 81 61 40 63 86 19 56 75 50 06 14 73 80 01 13 09 84 29 47 45 62 24 32 43 52 67 55 12 17 71 07 59 34 36 44 16 51 10 31 35 22 
27 12 54 19 28 36 49 09 90 07 94 33 25 58 64 47 01 63 83 03 21 20 22 95 60 71 62 00 04 82 45 55 92 11 31 70 51 87 73 46 88 68 65 50 05 30 39 15 84 06 43 67 78 66 02 59 89 85 13 77 24 91 26 17 14 42 53 44 41 76 35 16 80 38 86 93 69 34 52 81 72 79 29 18 48 57 74 37 40 56 08 61 32 75 10 23 
13 45 29 84 91 18 65 61 30 34 32 79 76 00 55 69 54 78 05 27 95 22 21 23 36 58 43 49 68 02 41 89 10 08 09 81 24 57 85 67 60 46 59 26 75 01 33 93 53 62 87 80 19 48 16 14 72 37 25 42 40 07 52 86 56 06 92 39 28 64 90 83 15 82 94 44 12 88 17 11 51 35 73 71 03 38 63 50 77 31 70 04 66 47 74 20 
34 93 88 54 66 89 22 40 74 03 62 56 86 87 69 79 80 72 44 29 30 04 06 35 24 95 27 26 64 19 20 90 43 48 00 23 81 52 68 21 07 61 39 32 18 57 78 73 33 60 70 83 37 84 76 94 11 45 09 91 49 41 10 47 28 82 42 92 38 14 63 75 17 50 08 71 58 85 46 15 16 36 65 51 53 77 12 13 02 05 31 59 67 01 55 25 
94 05 39 74 65 16 46 73 76 43 47 72 71 54 56 48 59 66 88 91 89 28 67 40 27 25 95 24 21 81 63 77 85 93 44 82 34 49 83 02 23 92 62 09 12 52 06 10 15 37 79 22 45 90 13 01 14 70 60 55 58 87 42 30 86 04 17 31 84 75 57 36 11 07 03 69 08 51 80 50 78 29 35 38 68 32 64 61 18 20 53 19 41 33 00 26 
11 57 55 44 59 60 00 63 82 69 50 48 42 88 32 83 43 80 45 21 90 19 79 54 25 24 26 95 51 06 91 47 61 89 70 77 74 40 58 65 68 94 12 16 03 14 66 31 29 93 10 28 85 86 23 02 87 01 38 04 05 18 81 07 92 39 46 76 78 09 34 73 84 71 36 37 67 35 75 22 17 62 08 15 72 52 53 56 13 33 20 30 64 49 41 27 
38 21 18 31 85 92 57 87 46 91 93 71 47 75 17 33 32 14 02 49 40 01 73 64 95 26 25 27 45 60 52 03 16 56 86 37 82 35 00 77 20 30 51 48 94 28 69 12 43 15 90 42 72 68 81 58 19 06 55 78 29 65 41 89 08 61 83 70 53 23 67 11 62 22 84 13 80 39 59 88 76 54 36 66 74 04 34 07 79 63 50 09 05 10 44 24 
67 33 79 86 90 69 44 57 22 15 17 36 62 07 94 09 46 65 47 76 38 37 08 77 75 49 84 54 28 95 31 30 80 01 56 43 11 21 10 83 91 59 85 13 06 81 16 18 63 25 92 72 66 74 27 78 34 35 87 41 53 89 12 48 71 20 52 00 88 05 82 64 51 93 02 24 19 23 55 60 32 45 70 39 26 42 03 58 68 61 04 40 50 73 14 29 
40 07 70 35 25 39 61 01 54 41 21 32 24 91 48 50 66 55 26 86 59 10 76 90 12 04 45 94 31 29 95 28 00 87 42 03 58 11 47 05 37 09 34 51 60 75 89 38 06 80 15 43 84 93 08 17 63 67 36 20 44 78 85 56 83 81 16 57 18 82 02 79 92 77 88 68 22 73 14 71 49 65 69 64 52 62 19 33 74 46 23 13 72 53 27 30 
20 11 26 51 16 90 36 48 41 77 68 01 39 86 38 19 04 32 43 23 00 85 42 27 34 78 02 64 29 28 30 95 17 62 24 88 06 59 14 12 74 52 22 18 76 65 72 83 07 08 82 03 69 61 92 91 33 94 71 37 84 53 46 80 15 45 93 81 10 49 89 58 56 87 40 79 44 09 25 75 63 67 50 47 60 21 13 73 35 70 05 55 54 66 57 31 
46 22 04 79 02 01 82 58 42 65 54 62 51 50 90 73 36 89 64 32 81 74 12 78 69 34 94 88 95 30 29 31 19 61 55 86 25 92 66 60 84 47 08 63 67 93 00 41 87 83 13 05 75 70 10 16 85 76 07 44 39 33 11 43 18 09 38 77 80 24 53 59 91 15 21 52 57 71 23 03 68 20 06 49 40 56 35 48 27 17 14 72 37 45 26 28 
45 42 86 46 72 24 48 59 85 16 71 00 54 77 61 92 09 73 11 81 31 69 47 83 05 76 40 91 66 68 87 20 32 95 35 34 63 26 88 74 06 84 01 89 57 78 03 22 37 90 62 58 80 94 12 65 93 44 51 07 67 75 50 36 82 55 28 60 14 21 79 10 04 17 39 29 25 13 18 70 52 19 64 23 41 08 02 30 38 43 49 27 15 56 53 33 
36 91 78 92 80 68 79 94 49 84 26 13 85 11 74 56 47 86 55 46 45 88 58 52 82 70 10 30 40 43 64 66 35 33 95 32 00 60 61 71 28 27 77 29 73 20 08 16 65 72 89 87 15 81 67 18 62 93 22 75 37 38 23 90 69 48 31 54 05 41 25 39 19 44 14 59 83 42 02 06 04 53 24 76 09 12 17 51 21 50 63 01 03 57 07 34 
30 36 21 65 52 12 88 84 87 38 58 89 77 42 49 70 22 94 56 39 24 02 01 85 20 55 83 48 47 91 00 71 33 32 34 95 44 46 09 19 62 50 13 86 16 90 37 28 27 14 41 59 04 76 57 67 18 54 10 25 66 93 40 74 81 03 60 51 82 92 15 05 78 79 63 80 53 31 72 73 75 64 68 26 07 23 43 08 06 11 45 29 69 61 17 35 
86 19 74 64 78 52 67 17 51 87 57 94 75 02 82 21 41 13 85 01 28 15 61 36 81 56 93 50 38 83 71 46 95 34 33 35 23 90 53 80 55 16 48 65 62 76 31 89 42 77 27 08 05 79 72 40 25 43 88 69 10 22 44 92 03 60 84 06 73 59 91 30 54 68 07 12 45 49 04 20 39 24 14 29 66 18 00 09 58 47 37 70 63 26 11 32 
88 44 82 28 10 51 93 70 40 74 04 86 01 83 89 87 25 76 27 90 73 33 77 81 35 59 69 18 03 85 66 67 94 21 05 24 36 95 39 38 08 75 72 47 31 56 61 43 80 78 60 55 68 63 79 71 45 92 62 22 50 46 58 53 84 91 30 12 52 26 07 34 42 20 09 41 17 16 49 54 48 23 02 13 64 29 11 15 00 14 19 65 57 06 32 37 
68 47 24 69 67 13 75 77 92 71 55 18 60 05 78 81 58 34 06 54 93 49 66 82 02 28 29 90 25 45 89 42 14 85 17 50 39 37 95 36 11 83 31 76 79 61 94 01 26 21 35 74 88 87 19 10 91 73 16 70 12 48 86 72 80 84 22 04 32 03 59 09 63 57 51 40 43 07 00 44 64 15 23 41 65 33 62 53 52 30 27 56 08 20 46 38 
73 62 17 14 82 78 86 74 77 85 79 83 32 60 03 76 56 43 93 59 10 89 27 34 94 72 92 22 53 80 51 33 12 31 23 65 37 36 38 95 87 44 75 35 41 84 71 49 90 47 81 30 70 57 88 68 16 13 64 19 28 66 01 91 58 02 61 69 55 67 52 46 25 00 20 42 15 08 05 07 29 50 04 11 45 09 06 40 54 21 48 63 26 18 24 39 
55 85 41 50 47 93 28 33 61 04 75 67 18 89 77 57 86 27 12 68 88 03 84 79 76 92 56 17 06 53 43 91 49 07 82 69 95 38 37 39 52 02 21 30 83 62 48 63 46 32 58 81 40 29 24 00 26 15 42 80 72 08 45 66 78 87 09 11 19 35 73 94 60 54 90 10 70 14 64 23 59 51 34 44 22 01 16 65 20 13 74 31 25 05 71 36 
37 28 71 77 20 54 14 92 83 79 12 78 10 36 18 84 21 88 29 87 04 16 63 58 67 60 06 85 01 26 82 73 75 91 53 89 13 68 59 51 40 95 43 42 65 00 70 55 45 66 74 39 81 34 05 47 80 90 23 38 25 32 76 22 94 44 49 24 48 93 46 02 86 31 50 11 62 03 61 09 56 52 30 08 15 27 72 19 17 35 57 33 07 69 64 41 
53 87 92 71 83 73 34 78 52 55 14 57 81 82 10 72 76 29 20 64 18 44 86 49 85 39 31 23 48 17 46 26 79 15 06 45 91 67 89 25 43 41 95 40 21 35 19 94 28 56 88 66 33 00 93 09 69 11 80 63 90 77 30 59 62 75 51 37 74 27 84 03 08 05 68 65 16 61 07 32 58 12 13 04 70 24 22 01 50 38 60 36 02 54 47 42 
28 82 84 24 58 48 69 11 37 73 27 07 80 29 72 78 75 26 62 57 46 63 45 74 54 88 17 10 00 13 65 92 64 53 91 52 89 08 56 09 41 40 42 95 90 22 20 03 05 68 47 93 35 33 50 83 38 19 21 94 86 71 18 70 32 30 39 85 49 06 04 61 14 76 23 16 66 81 15 87 12 77 01 55 02 67 60 79 25 36 44 34 31 51 59 43 
04 69 57 82 00 32 92 79 66 45 74 55 30 20 44 67 23 35 39 36 53 84 72 16 89 52 54 34 10 87 12 49 05 51 27 13 19 91 28 18 95 42 41 43 14 09 58 90 86 31 80 33 25 17 26 11 76 65 46 62 38 88 59 83 77 07 08 15 93 01 81 78 22 85 60 94 56 64 71 02 50 70 03 63 21 73 48 29 61 24 47 37 06 68 75 40 
91 31 73 52 57 34 83 42 18 53 88 90 59 76 81 68 71 58 08 92 63 38 55 50 74 01 85 29 39 27 86 22 72 78 12 66 16 64 21 28 69 89 07 70 44 95 47 46 56 54 23 77 03 09 49 25 48 04 17 67 94 82 84 20 37 93 35 05 15 40 43 51 32 02 24 87 13 36 33 80 79 14 61 06 62 26 30 75 10 41 11 00 19 65 60 45 
78 63 05 20 12 02 29 36 84 52 90 37 04 39 68 80 35 91 14 85 03 31 65 86 51 43 75 81 54 61 42 21 06 92 58 16 07 18 77 13 32 76 30 25 47 45 95 44 00 88 71 24 09 59 28 60 70 83 34 53 55 40 89 01 87 22 79 73 11 94 56 50 82 67 93 48 41 38 26 66 15 27 72 57 08 19 23 64 49 62 10 17 33 74 69 46 
35 66 75 59 71 91 53 32 69 88 40 74 70 78 60 30 50 37 67 08 83 80 48 62 87 90 57 56 92 77 19 86 07 27 94 00 54 17 82 84 10 33 55 68 45 44 46 95 22 23 16 63 41 06 36 42 52 26 93 03 14 79 72 51 49 85 01 18 43 15 12 04 64 89 11 02 81 29 13 61 21 76 38 20 39 65 31 24 09 73 25 05 28 58 34 47 
23 84 68 09 63 88 16 27 57 70 64 51 87 93 52 32 06 69 34 43 91 58 92 00 21 86 41 07 56 49 61 94 15 79 18 40 90 65 80 24 35 26 76 19 95 46 45 47 72 29 03 11 14 83 39 89 28 08 54 85 75 30 74 73 10 37 50 78 02 17 66 81 48 42 62 60 04 82 67 33 38 71 77 53 01 59 25 12 05 55 36 20 22 13 31 44 
14 38 12 16 53 35 37 21 93 64 44 29 02 94 06 66 03 25 78 89 80 07 39 91 65 17 18 86 59 32 85 76 68 82 43 05 73 75 01 22 61 63 52 34 10 11 84 71 48 95 51 50 42 04 60 79 88 87 67 28 54 26 90 41 09 24 15 58 45 83 77 47 81 36 92 00 31 70 40 55 20 72 33 69 46 30 27 57 56 19 62 23 74 08 13 49 
44 09 40 12 86 70 60 14 72 01 61 20 03 81 07 52 82 85 65 15 11 25 24 56 22 21 35 62 37 38 33 63 74 64 84 26 92 28 29 90 02 19 87 83 00 67 41 80 51 49 95 48 46 89 91 75 30 78 94 76 06 10 69 31 23 18 71 45 79 08 05 66 27 88 32 55 59 93 57 68 47 13 16 43 34 17 04 42 73 53 39 54 36 77 58 50 
79 29 19 58 24 81 41 15 53 42 89 64 84 56 67 07 92 45 69 02 61 09 80 75 66 94 33 37 46 01 40 85 55 26 88 90 68 27 78 63 30 06 73 72 87 17 28 39 49 48 50 95 60 08 47 32 13 86 04 93 52 20 65 76 11 62 03 14 36 18 21 91 43 70 82 23 54 83 38 00 22 05 74 77 12 31 57 44 34 10 35 71 16 59 25 51 
92 71 58 38 79 55 91 80 68 56 42 69 05 66 30 75 31 47 89 37 70 64 34 61 57 12 72 93 84 33 14 36 86 29 01 73 67 19 03 52 81 82 10 87 25 83 85 17 95 50 49 51 39 88 74 44 09 24 02 16 76 23 94 65 21 63 13 59 08 11 20 77 26 35 54 15 60 22 90 04 07 40 41 45 28 46 32 43 53 18 78 06 00 27 62 48 
17 76 37 85 93 42 38 75 33 25 78 77 21 18 20 46 73 00 13 56 14 12 94 15 88 09 44 08 32 57 72 58 28 49 61 48 50 02 06 81 51 69 05 45 26 43 30 91 35 64 36 40 52 95 55 54 41 29 31 90 68 34 19 87 27 83 80 84 60 62 86 92 23 16 89 07 01 11 10 82 66 39 79 65 67 03 70 63 24 74 59 47 71 04 22 53 
80 27 10 89 23 29 90 28 67 92 38 84 49 65 50 51 69 07 70 44 17 68 37 04 56 46 71 01 57 05 47 64 36 77 62 60 32 22 79 93 76 58 81 02 19 82 25 30 91 12 14 15 55 53 95 52 24 20 41 72 74 83 34 94 31 35 87 08 21 16 18 26 59 86 13 88 40 33 85 43 00 42 45 61 11 78 73 66 75 03 06 48 09 39 63 54 
49 92 56 76 70 94 10 93 20 63 06 30 88 68 62 65 26 33 72 74 08 73 89 43 50 84 16 45 81 59 11 82 38 17 80 85 61 51 32 42 64 78 09 23 91 27 79 04 69 00 66 37 53 52 54 95 02 75 39 29 83 36 14 58 40 15 21 86 13 48 03 87 18 24 19 57 47 90 41 46 34 28 31 60 25 35 67 71 12 22 77 44 01 07 05 55 
15 51 91 10 49 44 19 76 48 17 03 85 22 80 92 00 77 09 90 06 42 56 25 66 38 67 30 84 70 41 26 59 62 63 16 47 12 69 24 57 89 29 20 73 34 64 83 35 08 04 65 71 95 54 53 55 21 39 74 01 87 81 32 33 45 50 23 36 94 37 28 31 88 43 58 86 07 05 82 93 13 61 78 46 27 11 75 60 72 40 18 02 14 79 68 52 
74 06 89 80 92 66 01 45 23 90 48 53 83 85 35 62 42 68 28 41 86 81 54 30 84 82 65 52 18 79 27 50 60 19 47 14 70 43 75 87 77 64 16 37 88 07 15 34 10 69 31 78 08 11 22 61 56 95 59 58 32 55 49 71 72 26 05 93 17 46 36 63 33 94 00 38 91 40 51 29 03 21 25 12 24 13 20 39 44 02 09 76 04 67 73 57 
39 46 65 62 32 08 89 35 05 94 43 81 41 10 85 55 40 79 86 71 60 90 64 73 83 33 66 63 20 84 77 48 04 25 75 17 49 82 07 00 16 12 61 74 72 51 01 88 31 36 69 45 67 13 80 15 59 57 95 56 02 42 03 27 22 28 26 52 91 50 93 19 44 23 53 34 87 30 92 38 54 11 37 24 29 14 18 76 47 06 21 68 78 70 09 58 
41 83 32 04 21 87 77 52 78 50 45 22 91 33 79 37 81 61 49 48 72 54 11 60 63 40 64 74 69 62 35 75 02 13 90 30 85 15 92 66 25 00 47 93 82 10 68 76 19 18 42 86 07 80 73 84 57 56 58 95 23 17 29 39 26 94 70 89 46 28 24 88 20 03 27 31 09 06 08 14 53 16 44 01 55 36 51 05 71 67 34 12 38 43 65 59 
52 34 47 07 13 31 62 03 29 33 76 93 67 04 86 91 55 90 81 40 54 65 71 94 79 22 88 66 63 08 70 01 46 09 36 39 05 89 87 35 19 48 74 92 51 72 32 02 41 61 64 25 00 82 20 77 95 58 57 59 73 49 06 28 50 21 27 16 85 80 30 44 45 60 42 84 10 12 83 24 69 18 53 78 75 68 14 38 26 37 17 15 43 11 23 56 
51 08 35 90 84 19 24 65 01 46 13 34 33 28 88 42 30 57 59 05 02 26 49 25 06 23 21 44 07 94 16 72 93 12 11 74 52 85 20 91 58 71 15 17 27 87 09 82 83 22 68 00 36 43 69 64 67 79 40 18 60 95 63 62 55 10 89 56 50 54 80 41 31 81 38 77 92 75 86 53 70 73 47 48 04 37 78 45 14 66 03 39 76 32 29 61 
29 43 67 25 34 65 78 51 86 28 59 14 50 73 75 89 39 82 37 42 84 55 70 80 77 03 68 92 09 40 83 38 18 66 04 91 79 06 31 16 26 85 19 01 58 48 54 53 11 76 12 07 93 47 46 21 81 71 44 10 63 61 95 60 90 05 33 02 00 88 22 57 94 13 87 45 49 24 32 36 23 56 17 30 20 41 08 74 69 15 64 35 27 52 72 62 
05 90 11 91 31 00 43 37 56 82 80 02 73 45 71 49 24 75 25 33 94 83 81 72 16 18 79 69 93 36 15 04 65 46 76 84 29 07 48 89 53 08 88 06 66 13 27 67 38 52 55 70 64 40 87 50 23 68 85 92 61 60 62 95 30 32 44 47 57 19 51 14 41 12 78 17 34 86 74 26 10 22 09 21 35 58 77 54 42 39 01 03 59 28 20 63 
19 86 14 42 73 37 27 82 26 58 84 52 92 72 02 20 93 40 33 00 15 70 88 45 39 80 08 06 41 71 78 83 53 18 81 75 94 05 69 76 17 28 24 49 68 23 65 66 59 43 04 85 11 32 21 90 79 89 50 48 95 62 61 63 74 46 54 91 44 38 47 29 13 09 64 35 03 87 30 56 25 34 07 31 10 51 01 77 22 57 55 67 12 16 36 60 
43 32 48 83 77 40 51 68 19 12 86 59 09 61 57 41 89 84 53 62 78 91 85 08 71 47 38 15 75 35 69 70 01 23 63 29 76 79 26 88 05 72 82 00 80 60 52 25 02 27 93 06 30 18 94 87 46 14 92 11 45 13 33 34 64 95 67 66 07 56 31 24 49 90 81 28 36 04 20 37 44 74 42 03 17 22 10 55 39 16 73 21 58 50 54 65 
89 37 28 78 81 27 76 10 71 80 53 88 23 35 59 77 52 20 94 70 74 86 30 12 33 29 87 05 79 25 22 68 50 24 72 02 41 01 57 56 93 36 45 60 69 42 51 84 82 58 32 46 16 38 90 62 39 07 49 14 17 92 55 85 67 65 95 64 31 44 19 08 34 83 43 91 06 15 03 13 09 04 48 73 47 63 21 26 11 00 54 75 61 40 18 66 
69 26 49 73 42 86 30 81 75 24 18 60 90 41 23 17 88 15 10 45 56 76 87 14 03 48 01 78 80 74 06 61 52 38 89 62 93 53 33 70 71 13 58 94 84 19 57 54 25 02 21 82 32 37 04 92 20 46 47 83 11 31 35 09 65 64 66 95 72 00 50 40 68 63 29 08 39 91 27 85 28 07 51 59 44 79 05 22 16 34 12 77 55 36 43 67 
85 55 94 43 41 71 87 24 14 35 81 23 16 70 08 82 34 54 80 58 76 46 31 11 07 36 90 75 42 52 68 12 56 86 22 09 59 83 63 79 92 04 28 03 77 88 21 74 89 73 53 44 29 50 17 51 32 84 19 05 93 72 78 38 95 66 65 67 30 91 13 25 61 49 47 27 20 01 62 39 18 10 15 37 57 00 33 06 45 48 26 69 40 60 02 64 
32 53 85 57 17 76 26 16 73 31 67 40 66 84 11 63 07 04 61 82 44 27 74 88 55 54 00 21 77 14 81 09 45 83 39 51 60 48 94 34 78 86 79 58 20 06 93 59 75 87 52 35 50 01 25 24 92 03 43 47 36 37 91 15 89 80 12 10 68 95 71 70 90 08 22 18 05 28 29 42 65 30 19 33 13 02 41 49 23 64 72 62 56 46 38 69 
07 88 06 55 94 58 02 00 15 36 37 17 45 32 31 64 85 11 57 72 75 77 29 33 90 89 74 19 87 22 56 14 13 52 73 80 09 10 91 59 65 62 84 61 93 12 23 51 60 46 86 47 49 78 83 03 27 18 05 39 48 43 08 67 41 40 81 63 71 69 95 68 30 34 26 20 82 21 53 92 35 66 76 54 42 16 50 28 01 25 24 38 79 44 04 70 
72 80 90 39 03 85 52 56 60 66 46 19 40 27 43 26 87 49 31 11 62 47 91 29 42 93 15 13 78 23 37 18 41 57 83 61 45 30 86 50 12 32 54 14 81 36 10 58 74 17 63 94 06 64 09 82 07 33 76 89 08 35 20 04 53 88 24 75 69 68 70 95 00 21 48 67 73 92 28 84 01 44 55 34 79 05 38 16 65 59 02 22 77 25 51 71 
08 77 66 60 38 25 15 39 00 20 83 80 36 92 87 06 51 50 52 61 09 43 44 32 28 16 86 76 24 56 88 05 23 94 67 58 01 93 04 07 49 90 57 21 55 91 82 72 81 40 17 31 18 73 62 34 29 42 35 12 03 19 54 79 75 89 02 22 95 70 69 71 47 53 85 64 27 59 84 63 11 48 46 10 78 74 26 14 30 65 41 45 13 37 33 68 
16 24 61 34 44 63 20 88 27 86 29 38 68 37 36 08 00 93 35 30 06 92 50 41 01 83 28 46 26 10 23 39 57 69 03 18 14 13 11 31 79 49 89 80 04 53 56 81 71 19 22 84 62 45 85 76 15 32 77 82 91 02 64 05 33 78 90 94 12 52 87 48 72 95 75 74 55 58 65 40 43 47 59 25 51 54 09 70 07 42 66 60 21 17 67 73 
22 94 33 63 09 14 56 19 35 76 41 43 93 90 05 40 83 87 60 07 48 24 00 37 04 91 53 38 62 46 32 84 30 02 92 08 80 23 27 58 15 10 70 11 78 49 29 50 20 45 39 68 65 26 03 85 06 82 66 81 18 64 28 42 61 52 47 88 51 79 54 86 75 73 95 72 21 89 44 69 36 59 57 16 31 55 71 17 67 77 13 25 34 12 01 74 
83 52 07 87 33 46 85 20 44 26 60 91 56 79 80 71 29 10 24 51 43 93 41 59 18 61 09 55 35 16 50 45 90 04 64 38 69 54 65 49 82 22 94 53 08 31 05 78 77 39 30 19 01 02 37 27 12 28 84 23 13 25 67 81 34 57 88 62 86 36 92 15 73 72 74 95 89 48 47 17 14 63 40 00 58 06 68 03 66 76 32 11 70 21 42 75 
61 39 76 22 55 79 40 31 94 59 85 26 63 67 45 88 38 21 32 93 25 17 03 87 64 20 48 70 71 78 90 07 11 84 54 92 65 00 16 01 14 91 56 66 50 68 81 77 18 86 44 53 58 51 34 04 42 80 52 09 82 29 83 12 24 36 43 13 06 89 27 28 95 74 73 75 02 47 37 05 57 46 60 62 33 10 49 23 15 69 30 41 35 19 08 72 
60 89 81 47 50 83 12 72 32 21 49 27 06 30 19 18 45 64 15 14 26 39 82 65 70 85 20 11 94 69 13 87 08 68 40 41 84 56 93 03 34 35 04 91 86 16 75 09 57 10 24 92 74 62 58 88 37 48 73 61 00 59 53 54 17 23 63 90 33 29 42 80 07 66 52 46 76 95 79 78 71 02 22 05 36 25 44 31 55 01 67 43 51 38 28 77 
64 59 50 56 43 67 72 86 45 57 66 87 31 21 27 90 05 39 91 83 58 13 16 68 41 44 49 14 88 89 94 51 69 81 25 93 55 62 84 17 80 24 53 04 01 08 73 60 92 26 02 36 63 42 65 12 03 09 20 34 47 85 37 52 00 54 10 71 23 32 74 22 06 46 70 82 79 77 95 76 40 33 75 19 38 61 07 11 28 29 15 18 48 35 30 78 
26 35 44 72 19 50 32 54 91 51 22 61 58 24 00 86 53 31 40 04 39 71 10 89 13 63 11 83 82 37 80 17 48 73 65 01 57 45 81 20 29 93 60 84 02 18 87 62 68 92 05 09 94 16 07 70 90 36 12 66 42 14 47 25 88 34 59 74 75 85 55 21 03 33 67 06 77 76 78 95 30 38 28 27 43 69 15 46 64 23 56 08 49 41 52 79 
25 14 60 88 89 30 47 02 55 72 07 39 52 17 01 59 33 38 51 66 65 82 62 67 91 00 81 31 13 63 05 27 84 16 69 10 46 80 43 11 86 70 49 28 64 85 36 06 93 42 94 18 12 20 61 08 71 53 83 15 35 54 22 29 44 74 19 23 87 34 41 56 09 92 57 90 95 78 77 79 37 26 21 58 32 45 40 68 03 04 75 24 73 48 50 76 
58 60 15 40 14 45 55 23 70 68 16 76 17 19 04 02 10 12 21 13 36 18 43 07 62 30 42 71 52 47 25 65 66 74 57 59 20 44 49 69 03 53 26 22 37 05 67 29 73 38 72 61 28 41 75 06 77 34 00 35 01 51 24 78 79 31 32 46 09 39 08 27 50 48 33 54 11 56 63 64 80 95 81 93 88 87 94 92 82 90 86 89 83 85 91 84 
66 13 46 06 29 38 03 69 17 49 30 12 11 01 70 16 15 08 73 20 19 61 26 24 23 65 22 28 27 04 10 32 31 42 74 36 35 58 05 40 39 57 33 44 43 54 02 48 47 09 78 52 51 77 45 56 55 41 37 60 59 21 79 64 63 25 00 68 67 07 14 72 71 18 34 76 75 53 50 62 92 81 95 82 94 89 88 80 93 83 91 87 90 84 86 85 
09 64 27 15 46 62 54 08 07 00 31 16 79 51 25 03 11 44 36 34 49 52 69 57 48 14 63 02 55 76 74 10 42 65 19 56 18 73 71 68 50 66 32 67 17 59 04 75 24 20 40 13 21 72 06 28 35 23 61 45 77 58 05 26 01 33 41 43 39 22 78 38 53 37 30 47 29 60 70 12 87 93 82 95 83 80 90 89 81 94 84 92 88 91 85 86 
12 79 77 29 37 33 39 22 13 18 23 25 00 08 58 34 65 62 09 50 55 75 07 10 45 11 70 59 44 03 53 43 71 05 15 64 40 04 72 06 36 67 46 31 28 24 42 61 54 63 19 57 73 30 48 20 74 51 14 27 69 47 17 49 35 16 78 41 76 60 26 32 38 52 56 21 68 02 66 01 86 88 94 83 95 84 81 91 90 82 80 85 93 89 92 87 
63 65 69 18 30 23 42 49 38 75 19 24 20 25 34 31 60 36 03 10 12 78 46 05 11 13 51 58 72 67 04 15 70 59 14 44 17 47 08 48 73 79 06 71 35 77 22 37 39 07 61 26 57 56 68 74 53 52 27 33 16 50 66 00 76 01 62 29 54 02 32 43 28 40 55 09 64 45 21 41 93 87 89 80 84 95 85 82 92 91 83 81 86 94 90 88 
42 10 59 26 40 17 71 30 25 23 01 73 37 31 22 74 78 05 54 79 27 48 14 09 61 08 03 20 67 58 07 13 76 60 38 72 62 12 34 75 04 77 00 55 52 66 63 68 21 70 56 65 44 69 18 43 50 64 29 02 33 24 36 46 57 51 45 28 47 53 49 06 35 11 15 39 32 41 16 19 91 94 88 90 81 85 95 86 83 93 92 84 82 87 80 89 
31 23 51 11 75 20 70 62 16 40 25 03 19 44 21 60 08 67 50 12 05 14 68 01 29 10 73 43 36 24 76 00 58 54 48 46 28 77 52 61 09 74 78 27 13 63 35 64 34 55 18 02 38 71 33 49 66 69 32 65 15 39 07 45 47 59 56 17 22 57 06 53 79 26 41 04 30 37 42 72 81 92 80 89 91 82 86 95 87 84 94 93 85 83 88 90 
70 18 34 61 15 28 09 12 21 06 36 63 07 46 54 04 72 30 01 38 41 08 53 44 78 74 39 47 05 51 17 57 73 43 02 67 10 66 19 26 59 20 68 33 23 55 13 27 76 79 75 29 77 22 14 45 65 31 69 40 64 03 71 11 60 56 37 35 42 58 00 62 16 32 25 50 48 52 24 49 89 82 93 81 90 92 83 87 95 88 85 80 94 86 84 91 
21 61 52 27 26 57 50 55 47 14 56 70 38 59 09 53 74 22 42 65 64 00 17 28 37 62 04 03 23 66 58 79 54 36 41 71 33 24 12 78 63 34 18 69 48 73 60 08 44 67 06 75 02 15 32 07 10 05 30 13 46 01 25 40 20 19 29 49 77 43 11 35 76 45 16 51 72 68 39 31 85 90 83 94 82 91 93 84 88 95 89 86 81 80 87 92 
71 74 22 49 18 43 63 64 65 61 33 66 53 62 42 28 68 23 04 67 69 41 02 17 32 75 50 57 15 73 59 78 24 10 60 55 72 70 44 45 47 21 14 05 38 39 77 40 58 03 26 79 76 12 56 35 54 27 48 30 34 09 13 06 07 08 11 19 16 20 37 00 36 29 01 25 52 46 31 51 88 86 91 84 80 83 92 94 85 89 95 90 87 82 81 93 
59 48 23 41 08 75 25 44 04 78 34 42 72 64 24 54 57 52 63 47 67 40 28 02 14 06 76 35 22 70 79 69 39 55 10 27 43 50 62 32 21 03 11 36 07 58 53 19 01 74 37 56 17 46 15 33 51 16 45 00 71 73 38 18 13 77 68 20 66 31 29 60 12 61 49 05 26 65 09 30 82 89 87 92 85 81 84 93 80 86 90 95 91 88 83 94 
54 40 30 68 48 11 21 25 12 32 77 05 08 34 47 24 27 71 66 73 52 06 35 53 15 07 55 16 33 42 02 60 09 28 13 22 75 76 67 72 01 65 29 56 49 50 74 14 04 44 45 64 20 23 00 26 43 62 78 79 31 70 57 69 51 41 18 38 03 63 61 17 39 19 46 36 37 10 58 59 84 83 90 88 93 86 82 85 94 81 87 91 95 92 89 80 
76 30 25 45 68 61 59 67 31 19 72 54 35 52 66 22 28 56 71 09 33 29 15 55 40 02 58 65 16 21 01 08 47 20 79 12 78 42 64 41 24 39 37 62 53 03 50 32 70 57 46 60 13 44 11 23 17 49 26 06 51 05 43 75 38 27 14 07 04 73 48 18 10 69 77 63 00 74 36 34 90 85 84 91 89 94 87 83 86 80 82 88 92 95 93 81 
47 17 16 75 61 53 66 41 79 37 51 50 28 23 63 38 02 01 76 22 71 45 19 13 72 57 77 42 12 39 36 74 67 70 52 49 30 09 15 29 44 07 27 46 40 21 43 00 55 35 11 10 34 05 78 48 60 25 68 64 56 04 73 14 59 69 06 32 58 65 33 20 24 62 31 03 18 26 54 08 94 91 86 85 92 90 80 88 84 87 81 83 89 93 95 82 
50 56 72 48 45 64 73 71 43 30 52 21 69 16 76 35 13 46 58 28 51 11 78 42 68 79 47 60 19 44 09 41 63 39 37 15 53 34 55 33 54 31 23 08 29 04 17 26 03 65 00 20 10 36 40 38 01 77 18 74 27 67 70 32 05 49 75 61 24 12 62 07 02 06 59 66 14 57 22 25 95 80 92 87 86 93 91 81 89 85 88 82 84 90 94 83 
03 02 01 00 06 07 04 05 10 11 08 09 14 15 12 13 18 19 16 17 22 23 20 21 26 27 24 25 30 31 28 29 34 35 32 33 38 39 36 37 42 43 40 41 46 47 44 45 50 51 48 49 54 55 52 53 58 59 56 57 62 63 60 61 66 67 64 65 70 71 68 69 74 75 72 73 78 79 76 77 83 84 85 86 87 88 89 90 91 92 93 94 80 81 82 95 
