58 44 12 66 36 15 28 5  31 54 46 48 38 55 1  20 37 14 35 3  9  6  61 56 52 17 4  40 26 30 33 63 8  43 7  53 11 51 45 25 49 24 41 23 0  19 39 32 42 57 18 21 50 29 27 62 60 2  47 22 13 10 64 34 59 65 16
0  57 66 43 11 27 35 14 64 45 47 37 54 3  19 36 13 34 30 8  5  60 55 65 16 6  39 25 40 2  62 18 42 53 52 10 50 44 24 48 32 51 22 1  29 38 31 41 56 17 20 23 28 7  61 59 4  46 21 12 9  63 33 58 26 49 15
26 47 55 3  41 9  66 33 45 35 63 4  28 34 11 32 39 62 43 58 64 1  14 7  37 23 38 6  17 53 51 65 0  8  48 42 22 46 30 60 16 2  27 36 40 50 54 15 29 21 49 20 12 25 5  44 19 10 18 61 31 56 24 59 57 52 13
48 1  42 56 66 34 10 26 44 46 36 64 2  29 35 12 33 40 63 7  59 54 0  15 5  38 24 39 4  18 17 41 52 65 9  49 43 23 47 31 61 21 3  28 37 30 51 55 16 19 22 50 53 13 58 6  45 20 11 8  62 32 57 25 60 27 14
65 25 2  46 54 66 51 8  34 62 6  27 33 10 31 38 61 42 44 63 3  13 53 36 22 37 5  16 52 57 0  1  18 47 41 21 45 40 59 15 50 26 35 39 49 64 14 28 20 48 19 4  24 32 43 29 9  17 60 30 55 23 58 56 7  11 12
22 9  23 1  44 63 6  49 7  25 31 8  40 36 59 51 42 32 60 11 65 34 20 35 53 14 0  55 61 4  16 45 50 19 43 38 57 13 48 3  2  37 47 62 12 26 29 46 28 5  24 33 17 66 18 15 58 39 64 21 56 54 52 41 27 30 10
10 0  45 24 4  50 64 66 61 5  26 32 9  30 37 60 41 43 33 2  12 52 35 21 36 7  15 65 56 62 3  17 46 51 20 44 39 58 14 49 1  34 38 48 63 13 27 19 47 29 6  25 31 18 28 8  16 59 40 54 22 57 55 53 42 23 11
40 21 3  8  22 5  43 62 24 30 18 39 35 58 50 41 31 59 53 0  33 19 34 52 13 1  54 60 6  10 44 49 29 42 37 56 12 47 2  4  15 46 61 11 25 28 45 27 7  23 32 36 66 48 14 57 38 63 20 55 64 65 51 26 17 16 9
53 58 54 45 60 11 31 12 27 9  59 49 13 35 48 6  32 66 64 30 22 7  28 47 20 29 16 56 42 33 55 57 2  24 18 51 4  34 5  65 23 14 19 25 10 37 15 1  46 0  17 40 39 63 50 3  52 62 26 38 41 44 61 43 8  21 36
59 46 61 55 32 13 12 64 54 28 10 60 50 14 36 49 4  33 66 34 31 23 5  29 48 21 19 17 57 43 24 56 58 3  25 8  41 2  35 6  52 30 15 20 26 11 38 16 0  47 65 18 22 40 9  51 1  53 63 27 39 42 45 62 44 7  37
47 56 33 62 13 54 14 30 66 55 29 11 61 51 15 37 50 2  34 44 35 32 24 6  19 49 22 20 18 58 53 25 57 59 1  26 9  42 3  36 4  8  31 16 21 27 12 39 17 65 48 52 5  23 45 10 41 0  7  64 28 40 43 46 63 60 38
57 63 14 34 15 31 55 24 35 66 56 19 12 62 41 16 38 51 3  59 45 36 33 25 4  20 50 23 21 8  2  7  26 58 60 0  27 10 43 1  37 53 9  32 17 22 28 13 40 18 52 49 61 6  64 46 11 42 65 5  54 29 30 44 47 48 39
64 35 16 15 56 25 32 4  1  36 66 57 20 13 63 42 17 39 41 9  60 46 37 34 26 2  21 51 24 22 38 3  5  27 59 61 65 28 11 44 0  50 7  10 33 18 23 29 14 30 8  53 49 62 48 54 47 12 43 52 6  55 19 31 45 58 40
36 16 57 17 33 2  26 63 42 0  37 66 58 21 14 64 43 18 40 23 10 61 47 38 35 27 3  22 41 25 65 39 1  6  28 60 62 52 29 12 45 7  51 5  11 34 8  24 19 15 31 9  59 50 46 49 55 48 13 44 53 4  56 20 32 54 30
17 18 34 58 27 64 3  51 30 43 65 38 66 59 22 15 54 44 8  26 24 11 62 48 39 36 28 1  23 42 46 52 40 0  4  29 61 63 53 19 13 10 5  41 6  12 35 9  25 20 16 32 55 60 33 47 50 56 49 14 45 7  2  57 21 37 31
8  59 28 35 1  41 54 61 9  31 44 52 39 66 60 23 16 55 45 43 27 25 12 63 49 40 37 29 0  24 14 47 53 30 65 2  19 62 64 7  20 33 11 6  42 4  13 36 10 26 21 17 38 56 22 34 48 51 57 50 15 46 5  3  58 18 32
60 36 0  29 55 62 42 57 46 10 32 45 53 40 66 61 24 17 56 25 44 28 26 13 64 50 30 38 19 65 21 15 48 7  31 52 3  20 63 54 5  18 34 12 4  43 2  14 37 11 27 22 8  39 59 23 35 49 41 58 51 16 47 6  1  9  33
37 19 56 65 43 58 63 40 57 47 11 33 46 7  30 66 62 25 18 52 26 45 29 27 14 54 51 31 39 20 6  22 16 49 5  32 53 1  21 64 55 23 8  35 13 2  44 3  15 38 12 28 10 9  0  60 24 36 50 42 59 41 17 48 4  61 34
20 52 44 57 64 30 59 10 8  58 48 12 34 47 5  31 66 63 26 21 53 27 46 19 28 15 55 41 32 40 56 4  23 17 50 6  33 7  0  22 54 29 24 9  36 14 3  45 1  16 39 13 62 11 2  65 61 25 37 51 43 60 42 18 49 38 35
28 61 60 4  26 21 48 36 49 52 5  10 7  19 0  59 63 11 37 38 20 8  1  24 46 3  56 43 66 13 41 33 54 39 2  31 40 27 16 53 44 15 17 58 35 29 65 57 45 55 62 34 25 30 23 22 42 9  14 6  18 64 32 50 12 51 47
62 2  27 61 49 37 22 31 38 50 53 6  11 5  20 65 60 64 12 14 39 21 9  0  25 47 1  57 44 66 45 42 34 55 40 3  32 30 28 17 7  35 16 18 59 36 19 52 58 46 56 63 41 26 13 24 23 43 10 15 4  8  54 33 51 29 48
3  62 50 28 23 32 38 27 13 39 51 7  4  12 6  21 52 61 54 66 15 40 22 10 65 26 48 0  58 45 5  46 43 35 56 30 1  33 31 29 18 64 36 17 8  60 37 20 53 59 47 57 19 42 41 14 25 24 44 11 16 2  9  55 34 63 49
63 29 24 51 39 28 33 43 55 14 40 41 5  2  13 4  22 53 62 46 66 16 30 23 11 52 27 49 65 59 8  6  47 44 36 57 31 0  34 32 19 58 54 37 18 9  61 38 21 7  60 48 64 20 35 42 15 26 25 45 12 17 3  10 56 1  50
19 41 40 25 34 44 29 21 63 56 15 30 42 6  3  14 2  23 7  60 47 66 17 31 24 12 53 28 50 52 20 9  4  48 45 37 58 32 65 35 33 49 59 55 38 8  10 62 39 22 5  61 0  54 57 36 43 16 27 26 46 13 18 1  11 64 51
42 26 35 30 19 22 45 55 5  64 57 16 31 43 4  1  15 3  24 53 61 48 66 18 32 25 13 7  29 51 34 21 10 2  49 46 38 59 33 52 36 62 50 60 56 39 9  11 63 40 23 6  54 65 12 58 37 44 17 28 27 47 14 8  0  20 41
27 31 20 36 46 56 23 52 25 6  54 58 17 32 44 2  0  16 1  41 7  62 49 66 8  33 26 14 5  19 37 35 22 11 3  50 47 39 60 34 53 4  63 51 61 57 40 10 12 64 30 24 21 55 65 13 59 38 45 18 29 28 48 15 9  43 42
32 37 47 21 24 53 57 56 0  26 4  55 59 18 33 45 3  65 17 20 42 5  63 50 66 9  34 27 15 6  7  38 36 23 12 1  51 48 40 61 35 25 2  64 41 62 58 30 11 13 54 31 44 22 10 52 14 60 39 46 8  19 29 49 16 28 43
38 22 25 48 58 57 7  23 18 65 27 2  56 60 8  34 46 1  52 4  21 43 6  64 51 66 10 35 28 16 36 5  39 37 24 13 0  41 49 30 62 32 26 3  54 42 63 59 31 12 14 55 29 45 17 11 53 15 61 40 47 9  20 19 50 33 44
23 49 59 26 5  24 58 46 53 8  52 28 3  57 61 9  35 47 0  17 2  22 44 4  54 41 66 11 36 29 63 37 6  40 38 25 14 65 42 50 31 56 33 27 1  55 43 64 60 32 13 15 34 19 51 18 12 7  16 62 30 48 10 21 20 39 45
50 27 6  60 59 47 25 20 65 7  9  53 29 1  58 62 10 36 48 19 18 3  23 45 2  55 42 66 12 37 32 64 38 4  30 39 26 15 52 43 51 16 57 34 28 0  56 44 54 61 33 14 40 35 21 41 8  13 5  17 63 31 49 11 22 24 46
11 15 17 6  62 46 40 18 56 29 13 43 0  23 34 33 53 20 25 1  63 55 21 54 30 61 8  12 22 48 49 31 19 60 35 4  59 16 7  66 24 52 44 14 50 58 42 51 38 27 64 5  26 28 47 32 3  37 9  57 10 39 65 36 41 45 2
16 4  63 18 30 8  47 29 26 57 19 14 44 65 24 35 34 7  21 49 0  64 56 22 55 31 62 9  13 23 25 50 32 20 61 36 2  60 17 5  66 6  53 45 15 51 59 43 41 39 28 54 46 27 42 48 33 1  38 10 58 11 40 52 37 12 3
2  8  31 64 48 19 9  28 22 27 58 20 15 45 52 25 36 35 5  24 50 65 54 57 23 56 32 63 10 14 66 26 51 33 21 62 37 3  61 18 6  55 4  7  46 16 41 60 44 42 40 29 13 47 38 43 49 34 0  39 11 59 12 30 53 17 1
9  54 49 32 10 29 20 48 6  23 28 59 21 16 46 53 26 37 36 15 25 51 52 55 58 24 57 33 64 11 4  66 27 41 34 22 63 38 1  62 8  19 56 2  5  47 17 42 61 45 43 30 18 14 7  39 44 50 35 65 40 12 60 13 31 3  0
55 33 11 50 21 49 19 15 37 4  24 29 60 22 17 47 7  27 38 12 16 26 41 53 56 59 25 58 34 54 9  2  66 28 42 35 23 64 39 0  63 31 20 57 3  6  48 18 43 62 46 44 1  8  32 5  40 45 51 36 52 30 13 61 14 10 65
34 51 22 12 20 16 50 9  39 38 2  25 19 61 23 18 48 5  28 55 13 17 27 42 7  57 60 26 59 35 64 10 3  66 29 43 36 24 54 40 65 45 32 21 58 1  4  49 8  44 63 47 11 0  15 33 6  30 46 41 37 53 31 14 62 56 52
41 13 21 23 51 10 17 65 29 40 39 3  26 20 62 24 8  49 6  36 56 14 18 28 43 5  58 61 27 60 52 54 11 1  66 19 44 37 25 55 30 48 46 33 22 59 0  2  50 9  45 64 57 12 63 16 34 4  31 47 42 38 7  32 15 35 53
14 24 41 22 18 52 11 13 4  19 30 40 1  27 21 63 25 9  50 61 37 57 15 8  29 44 6  59 62 28 31 53 55 12 0  66 20 45 38 26 56 54 49 47 34 23 60 65 3  51 10 46 36 58 16 64 17 35 2  32 48 43 39 5  33 42 7
25 23 8  42 12 14 53 59 51 2  20 31 30 0  28 22 64 26 10 29 62 38 58 16 9  19 45 4  60 63 57 32 7  56 13 65 66 21 46 39 27 47 55 50 48 35 24 61 52 1  41 11 43 37 34 17 54 18 36 3  33 49 44 40 6  15 5
24 43 13 9  7  60 15 38 11 41 3  21 32 31 65 29 23 54 27 64 19 63 39 59 17 10 20 46 2  61 28 58 33 5  57 14 52 66 22 47 40 12 48 56 51 49 36 25 62 53 0  42 16 44 4  35 18 55 8  37 1  34 50 45 30 26 6
44 10 5  14 16 39 61 45 28 12 42 1  22 33 32 52 19 24 55 62 54 20 64 40 60 18 11 21 47 3  30 29 59 34 6  58 15 53 66 23 48 43 13 49 57 41 50 37 26 63 7  65 27 17 31 2  36 8  56 9  38 0  35 51 46 25 4
13 38 65 49 53 0  18 25 17 21 50 62 47 52 2  43 59 48 20 16 40 24 7  61 34 45 44 64 31 36 60 12 15 32 14 41 10 19 23 33 3  1  42 30 9  46 57 8  27 54 66 35 63 5  29 4  51 11 28 56 26 22 6  37 39 55 58
39 50 7  52 8  26 65 6  21 18 22 51 63 48 53 3  44 60 49 37 17 30 25 5  62 35 46 45 54 32 1  61 13 16 33 15 42 11 20 24 34 36 0  43 31 10 47 58 9  28 55 66 56 64 40 19 2  41 12 29 57 27 23 4  38 14 59
51 53 9  5  52 4  27 54 50 22 8  23 41 64 49 7  1  45 61 33 38 18 31 26 6  63 36 47 46 55 35 0  62 14 17 34 16 43 12 21 25 66 37 65 44 32 11 48 59 10 29 56 15 57 39 30 20 3  42 13 19 58 28 24 2  40 60
7  6  53 10 28 55 2  58 62 51 23 9  24 42 54 50 5  0  46 56 34 39 8  32 27 4  64 37 48 47 26 36 65 63 15 18 35 17 44 13 22 57 66 38 52 45 33 12 49 60 11 19 30 16 3  40 31 21 1  43 14 20 59 29 25 41 61
4  11 29 7  3  59 56 17 47 63 41 24 10 25 43 55 51 6  65 48 57 35 40 9  33 28 2  54 38 49 23 27 37 52 64 16 8  36 18 45 14 20 58 66 39 53 46 34 13 50 61 12 42 31 26 1  30 32 22 0  44 15 21 60 19 5  62
12 5  1  19 57 18 60 32 52 48 64 42 25 11 26 44 56 41 4  50 49 58 36 30 10 34 29 3  55 39 15 24 28 38 53 54 17 9  37 8  46 13 21 59 66 40 7  47 35 14 51 62 6  43 20 27 0  31 33 23 65 45 16 22 61 2  63
6  20 58 0  61 33 8  44 2  53 49 54 43 26 12 27 45 57 42 40 51 50 59 37 31 11 35 19 1  56 47 16 25 29 39 7  55 18 10 38 9  63 14 22 60 66 30 5  48 36 15 41 3  4  62 21 28 65 32 34 24 52 46 17 23 13 64
21 65 62 59 9  45 34 2  43 3  7  50 55 44 27 13 28 46 58 57 30 41 51 60 38 32 12 36 20 0  10 48 17 26 19 40 5  56 8  11 39 42 64 15 23 61 66 31 6  49 37 16 14 1  24 63 22 29 52 33 35 25 53 47 18 4  54
52 60 10 63 35 3  46 0  59 44 1  5  51 56 45 28 14 29 47 65 58 31 42 41 61 39 33 13 37 21 40 11 49 18 27 20 30 6  57 9  12 17 43 54 16 24 62 66 32 4  50 38 2  15 8  25 64 23 19 53 34 36 26 7  48 22 55
61 64 36 11 47 65 1  16 48 60 45 0  6  41 57 46 29 15 19 22 52 59 32 43 42 62 40 34 14 38 13 30 12 50 8  28 21 31 4  58 10 39 18 44 55 17 25 63 66 33 2  51 23 3  49 9  26 54 24 20 7  35 37 27 5  53 56
54 12 48 37 0  17 52 1  20 49 61 46 65 4  42 58 47 19 16 39 23 53 60 33 44 43 63 30 35 15 11 14 31 13 51 9  29 22 32 2  59 41 40 8  45 56 18 26 64 66 34 3  7  24 6  50 10 27 55 25 21 5  36 38 28 62 57
66 14 19 38 17 20 4  41 16 37 33 56 48 50 40 57 65 22 39 28 32 0  11 2  63 58 7  8  3  31 27 51 35 54 10 45 6  5  13 42 47 9  23 26 43 25 52 21 30 34 44 59 60 53 36 61 29 64 62 1  49 24 15 12 55 46 18
15 39 18 20 2  42 21 7  40 17 38 34 57 49 51 30 58 52 23 32 29 33 65 12 3  64 59 5  9  1  48 28 41 36 55 11 46 4  6  14 43 60 10 24 27 44 26 53 22 31 35 45 47 61 56 37 62 19 54 63 0  50 25 16 13 66 8
43 34 38 54 6  36 39 22 15 13 62 65 37 28 25 17 49 12 31 35 41 29 50 46 18 0  52 42 8  64 61 44 30 45 63 24 60 14 9  56 21 5  1  40 53 48 16 23 2  58 57 26 4  10 11 55 7  33 59 19 32 51 27 66 3  47 20
35 55 4  39 40 23 37 11 32 16 14 63 52 38 29 26 18 50 13 54 36 42 19 51 47 8  65 53 43 9  22 62 45 31 46 64 25 61 15 10 57 27 6  0  30 7  49 17 24 3  59 58 48 2  1  12 56 5  34 60 20 33 41 28 66 44 21
56 40 30 2  38 12 24 3  14 33 17 15 64 53 39 19 27 8  51 10 55 37 43 20 41 48 9  52 7  44 58 23 63 46 32 47 54 26 62 16 11 59 28 4  65 31 5  50 18 25 1  60 45 49 66 0  13 57 6  35 61 21 34 42 29 36 22
30 3  39 31 25 1  13 50 41 15 34 18 16 54 7  40 20 28 9  45 11 56 38 44 21 42 49 10 53 5  12 59 24 64 47 33 48 55 27 63 17 61 60 29 2  52 32 6  51 8  26 0  37 46 19 66 65 14 58 4  36 62 22 35 43 57 23
1  32 26 40 14 51 0  47 10 42 16 35 8  17 55 5  30 21 29 6  46 12 57 39 45 22 43 50 11 7  18 13 60 25 54 48 34 49 56 28 64 65 62 61 19 3  53 33 4  41 9  27 58 38 44 20 66 52 15 59 2  37 63 23 36 31 24
33 30 15 27 65 48 41 39 19 11 43 17 36 9  18 56 6  31 22 5  4  47 13 58 40 46 23 44 51 12 54 8  14 61 26 55 49 35 50 57 29 28 52 63 62 20 1  7  34 2  42 10 32 59 37 45 21 66 53 16 60 3  38 64 24 0  25
31 28 52 16 42 40 49 60 23 20 12 44 18 37 10 8  57 4  32 13 6  2  48 14 59 30 47 24 45 41 19 55 9  15 62 27 56 50 36 51 58 11 29 53 64 63 21 0  5  35 3  43 65 33 25 38 46 22 66 7  17 61 1  39 54 34 26
29 17 43 53 50 61 30 34 33 24 21 13 45 8  38 11 9  58 2  42 14 4  3  49 15 60 31 48 25 46 59 20 56 10 16 63 28 57 51 37 41 44 12 19 7  54 64 22 65 6  36 1  35 52 55 26 39 47 23 66 5  18 62 0  40 32 27
18 7  51 44 31 35 62 53 3  34 25 22 14 46 9  39 12 10 59 47 43 15 2  1  50 16 61 32 49 26 42 60 21 57 11 17 64 29 58 41 38 0  45 13 20 5  55 54 23 52 4  37 33 36 30 56 27 40 48 24 66 6  8  63 65 19 28
5  45 32 41 63 7  36 37 60 1  35 26 23 15 47 10 40 13 11 27 48 44 16 3  0  51 17 62 33 50 39 43 61 22 58 12 18 54 19 59 42 38 65 46 14 21 6  56 55 24 53 2  20 34 52 31 57 28 30 49 25 66 4  9  64 8  29
46 42 64 33 37 38 5  35 12 61 0  36 27 24 16 48 11 30 14 51 28 49 45 17 1  65 41 18 63 34 43 40 44 62 23 59 13 8  55 20 60 3  39 52 47 15 22 4  57 56 25 7  9  21 54 53 32 58 29 31 50 26 66 2  10 6  19
45 66 37 13 29 6  16 19 36 32 55 47 49 39 56 0  21 38 15 31 1  10 4  62 57 53 18 2  30 27 50 34 64 9  44 5  7  12 41 46 26 22 25 42 24 65 20 40 33 43 58 8  52 51 60 28 63 61 3  48 23 14 11 54 35 59 17
49 48 46 47 45 43 44 42 58 59 60 61 62 63 64 54 55 56 57 18 8  9  10 11 12 13 14 15 16 17 29 19 20 21 22 23 24 25 26 27 28 40 30 31 32 33 34 35 36 37 38 39 51 41 53 7  5  6  4  2  3  1  0  65 52 50 66
