47 0  2  38 55 36 60 64 48 21 63 1  8  66 34 41 57 51 50 20 22 27 3  12 49 23 61 26 32 40 19 37 15 28 18 11 45 13 16 7  59 35 44 4  10 29 6  54 52 42 53 56 9  24 33 30 62 43 5  17 65 25 58 14 31 39 46
4  9  18 23 47 27 24 43 29 16 3  56 48 20 37 45 58 44 13 5  28 40 50 33 14 49 63 17 61 22 15 10 34 52 26 31 66 59 55 19 2  0  32 54 42 62 35 11 46 1  64 12 51 57 21 60 6  38 53 41 25 7  36 39 30 65 8
65 24 48 3  39 56 37 61 54 49 22 64 4  9  66 35 42 58 52 51 21 12 28 38 13 50 40 62 27 33 41 20 45 16 29 19 0  46 14 17 8  60 36 25 5  11 30 7  55 53 32 43 57 10 23 34 31 63 44 6  18 26 1  59 15 2  47
54 51 26 49 4  40 57 38 62 55 50 12 29 5  10 66 36 32 59 53 52 22 13 21 39 14 3  41 63 28 34 42 37 46 17 30 20 2  47 15 18 9  61 11 1  6  0  31 8  56 43 33 44 58 16 24 35 23 64 45 7  19 27 65 60 25 48
13 15 55 27 50 5  41 58 39 63 56 51 14 30 6  11 66 37 33 60 43 53 12 32 22 40 1  4  42 64 29 35 62 38 47 18 31 21 3  48 16 19 10 59 0  65 7  2  23 9  57 44 34 45 61 17 25 36 24 54 46 8  20 28 26 52 49
52 41 14 56 28 51 6  42 59 40 64 57 13 15 31 7  0  66 38 34 61 44 43 36 33 12 53 65 5  32 54 30 11 63 39 48 19 23 22 4  49 17 20 46 60 2  26 8  3  24 10 58 45 35 27 62 18 1  37 25 55 47 9  21 29 16 50
58 13 53 15 57 29 52 7  32 60 41 54 44 14 16 23 8  2  66 39 35 62 45 31 37 34 17 43 26 6  33 55 21 0  64 40 49 20 24 12 5  50 18 36 47 61 3  27 9  4  25 11 59 46 30 28 63 19 65 38 1  56 48 10 22 42 51
55 35 59 43 16 58 30 53 8  33 61 42 46 45 15 17 24 9  3  66 40 36 63 56 23 38 32 18 44 27 7  34 19 22 2  54 41 50 21 25 13 6  51 47 37 48 62 4  28 10 5  1  0  60 12 31 29 64 20 26 39 65 57 49 11 14 52
32 39 56 60 44 17 59 31 43 9  34 62 64 47 46 16 18 25 10 4  66 41 37 35 57 24 15 33 19 45 28 8  52 20 12 3  55 42 51 22 1  14 7  61 48 38 49 63 5  29 11 6  65 2  0  13 23 30 54 21 27 40 26 58 50 36 53
63 25 33 57 61 45 18 60 23 44 10 35 38 54 48 47 17 19 1  11 5  66 42 9  36 58 37 16 34 20 46 29 8  53 21 13 4  56 32 52 12 65 15 3  62 49 39 50 64 6  30 0  7  26 51 2  14 24 31 55 22 28 41 27 59 40 43
36 59 64 34 58 62 46 19 61 24 45 11 32 39 55 49 48 18 20 65 0  6  66 30 10 37 41 38 17 35 21 47 16 9  43 22 14 5  57 33 53 13 26 27 4  63 50 40 51 54 7  31 2  8  60 52 3  15 25 23 56 12 29 42 28 1  44
0  38 37 54 35 59 63 47 20 62 25 46 66 33 40 56 50 49 19 21 26 2  7  48 31 11 65 42 39 18 36 22 27 17 10 44 12 15 6  58 34 43 14 9  28 5  64 51 41 52 55 8  23 3  29 61 53 4  16 1  24 57 13 30 32 60 45
42 52 44 41 10 54 16 26 36 34 6  25 58 13 49 3  47 8  0  59 30 11 35 19 66 45 62 61 29 31 38 14 23 60 32 12 50 9  37 43 51 28 48 1  39 27 22 56 24 65 18 7  46 55 15 21 40 17 2  63 53 64 4  20 33 5  57
1  46 32 45 42 11 55 17 27 37 35 7  36 59 14 50 4  48 9  2  60 31 0  15 20 66 6  63 62 30 23 39 49 24 61 33 13 51 10 38 44 52 29 56 65 40 28 12 57 25 26 19 8  47 34 16 22 41 18 3  64 43 54 5  21 53 58
8  66 65 33 46 32 0  56 18 28 38 36 2  37 60 15 51 5  49 10 3  61 23 40 16 21 43 7  64 63 31 24 30 50 25 62 34 14 52 11 39 45 53 48 57 26 41 29 13 58 1  27 20 9  22 35 17 12 42 19 4  54 44 55 6  47 59
37 22 9  26 34 47 33 2  57 19 29 39 24 3  38 61 16 52 6  50 11 4  62 25 41 17 48 44 8  54 64 23 43 31 51 1  63 35 15 53 0  40 46 10 49 58 27 42 30 14 59 65 28 21 7  12 36 18 13 32 20 5  55 45 56 66 60
40 18 38 10 27 35 48 34 3  58 20 30 63 25 4  39 62 17 53 7  51 0  5  24 1  42 66 49 45 9  55 54 47 44 23 52 65 64 36 16 43 2  41 22 11 50 59 28 32 31 15 60 26 29 57 8  13 37 19 14 33 21 6  56 46 12 61
31 32 41 39 11 28 36 49 35 4  59 21 6  64 1  5  40 63 18 43 8  52 2  55 25 65 13 66 50 46 10 56 42 48 45 24 53 26 54 37 17 44 3  30 12 0  51 60 29 33 23 16 61 27 47 58 9  14 38 20 15 34 22 7  57 19 62
22 26 23 42 40 0  29 37 50 36 5  60 3  7  54 65 6  41 64 19 44 9  53 57 56 1  20 14 66 51 47 11 4  32 49 46 25 43 27 55 38 18 45 28 31 13 2  52 61 30 34 24 17 62 58 48 59 10 15 39 21 16 35 12 8  33 63
61 65 12 24 32 41 2  30 38 51 37 6  43 4  8  55 26 7  42 54 20 45 10 0  58 57 34 21 15 66 52 48 46 5  33 50 47 1  44 28 56 39 19 63 29 23 14 3  53 62 31 35 25 18 9  59 49 60 11 16 40 22 17 36 13 27 64
7  58 62 13 25 33 42 3  31 39 52 38 11 44 5  9  56 27 8  32 55 21 46 49 2  59 28 35 22 16 66 53 20 47 6  34 51 48 65 45 29 57 40 19 64 30 24 15 4  43 63 23 36 1  14 10 60 50 61 0  17 41 12 18 37 26 54
39 60 8  63 14 1  34 32 4  23 40 53 47 0  45 6  10 57 28 9  33 56 22 43 50 3  27 29 36 12 17 66 41 21 48 7  35 52 49 26 46 30 58 65 20 54 31 25 16 5  44 64 24 37 38 15 11 61 51 62 2  18 42 13 19 59 55
43 4  40 9  64 15 65 35 33 5  24 41 12 48 2  46 7  11 58 29 10 34 57 66 44 51 60 28 30 37 13 18 59 42 22 49 8  36 53 50 27 47 31 38 26 21 55 23 1  17 6  45 54 25 20 39 16 0  62 52 63 3  19 32 14 61 56
44 14 1  30 51 26 13 11 64 0  15 29 53 55 52 21 2  65 37 47 45 17 34 6  24 60 19 12 7  41 22 46 28 66 56 63 16 10 9  40 42 49 25 32 8  43 23 61 20 48 54 62 39 59 35 50 38 31 4  33 36 27 18 57 3  58 5
30 61 45 65 31 52 27 14 0  54 2  16 35 43 56 53 22 3  26 38 48 46 18 47 7  25 59 20 13 8  42 12 1  29 66 57 64 17 11 10 41 32 50 60 33 9  44 24 62 21 49 55 63 40 4  36 51 39 23 5  34 37 28 19 58 15 6
17 1  31 46 26 23 53 28 15 2  55 3  19 36 44 57 43 12 4  27 39 49 47 13 48 8  16 60 21 14 9  32 51 65 30 66 58 54 18 0  11 42 33 41 61 34 10 45 25 63 22 50 56 64 59 5  37 52 40 24 6  35 38 29 20 62 7
5  16 58 6  20 25 49 29 1  45 31 18 42 52 50 22 39 47 60 46 15 7  30 17 0  35 11 27 54 19 63 13 3  34 36 43 28 24 66 61 57 21 4  53 59 56 33 64 37 2  48 26 55 14 41 23 12 62 8  40 44 32 65 9  38 51 10
19 36 6  59 7  21 1  50 30 65 46 23 31 32 53 51 12 40 48 61 47 16 8  14 18 2  52 0  28 55 20 64 5  4  35 37 44 29 25 66 62 58 22 15 43 60 57 34 54 38 3  49 27 56 39 42 24 13 63 9  41 45 33 26 10 17 11
24 3  20 7  60 8  22 65 51 31 26 47 9  23 33 43 52 13 41 49 62 48 17 54 15 19 18 53 2  29 56 21 12 6  5  36 38 45 30 1  66 63 59 57 16 44 61 58 35 55 39 4  50 28 11 40 32 25 14 64 10 42 46 34 27 37 0
48 20 25 21 8  61 9  12 26 52 23 27 18 10 24 34 44 53 14 42 50 63 49 22 55 16 38 19 43 3  30 57 60 13 7  6  37 39 46 31 65 66 64 29 58 17 45 62 59 36 56 40 5  51 28 0  41 33 1  15 54 11 32 47 35 4  2
28 17 49 1  22 9  62 10 13 27 53 24 50 19 11 25 35 45 43 15 32 51 64 58 12 56 5  39 20 44 4  31 54 61 14 8  7  38 40 47 23 26 66 52 30 59 18 46 63 60 37 57 41 6  36 29 2  42 34 65 16 55 0  33 48 21 3
25 57 29 50 65 12 10 63 11 14 28 43 54 51 20 0  1  36 46 44 16 33 52 23 59 13 22 6  40 21 45 5  66 55 62 15 9  8  39 41 48 24 27 7  53 31 60 19 47 64 61 38 58 42 49 37 30 3  32 35 26 17 56 2  34 18 4
14 30 46 61 49 42 15 44 47 38 27 5  55 35 41 62 37 24 22 0  12 1  40 64 3  63 36 48 58 56 26 45 17 33 8  25 6  28 23 18 52 31 57 39 66 4  11 65 21 20 51 53 60 34 43 19 54 32 9  29 59 2  10 50 7  13 16
6  64 15 47 62 50 32 16 45 48 39 28 41 56 36 42 63 38 25 12 2  13 65 46 54 4  14 37 49 59 57 27 58 18 34 9  1  7  29 24 19 53 23 35 40 66 5  0  26 22 21 52 43 61 8  44 20 55 33 10 30 60 3  11 51 31 17
29 5  7  16 48 63 51 33 17 46 49 40 26 42 57 37 32 64 39 1  13 3  14 28 47 55 23 15 38 50 60 58 24 59 19 35 10 65 8  30 25 20 43 62 36 41 66 6  2  27 12 22 53 44 52 9  45 21 56 34 11 31 61 4  0  54 18
41 56 30 8  17 49 64 52 34 18 47 50 15 27 32 58 38 33 54 40 65 14 4  59 29 48 55 24 16 39 51 61 44 25 60 20 36 11 26 9  31 1  21 45 63 37 42 66 7  3  28 13 12 43 2  53 10 46 22 57 35 0  23 62 5  6  19
51 49 42 31 9  18 50 54 53 35 19 48 5  16 28 33 59 39 34 55 41 26 15 62 60 30 7  56 25 17 40 52 22 45 1  61 21 37 0  27 10 23 65 44 46 64 38 32 66 8  4  29 14 13 6  3  43 11 47 12 58 36 2  24 63 57 20
49 31 52 32 23 10 19 51 55 43 36 20 16 6  17 29 34 60 40 35 56 42 27 53 63 61 58 8  57 1  18 41 26 12 46 65 62 22 38 2  28 11 24 14 45 47 54 39 33 66 9  5  30 15 64 7  4  44 0  48 13 59 37 3  25 50 21
21 62 50 53 33 24 11 20 52 56 44 37 28 17 7  18 30 35 61 41 36 57 32 42 43 64 51 59 9  58 65 19 25 27 13 47 26 63 12 39 3  29 0  16 15 46 48 55 40 34 66 10 6  31 1  54 8  5  45 2  49 14 60 38 4  23 22
38 54 22 51 43 34 25 0  21 53 57 45 33 29 18 8  19 31 36 62 42 37 58 20 32 44 24 52 60 10 59 26 2  1  28 14 48 27 64 13 40 4  30 23 17 16 47 49 56 41 35 66 11 7  5  65 55 9  6  46 3  50 15 61 39 63 12
46 45 39 12 52 44 35 1  2  22 43 58 59 34 30 19 9  20 23 37 63 32 38 27 21 33 64 25 53 61 11 60 31 3  65 29 15 49 28 54 14 41 5  8  24 18 17 48 50 57 42 36 66 0  40 6  26 56 10 7  47 4  51 16 62 55 13
59 34 47 40 13 53 45 36 65 3  12 44 39 60 35 31 20 10 21 24 38 64 33 61 28 22 56 54 1  43 62 0  6  23 4  26 30 16 50 29 55 15 42 2  9  25 19 18 49 51 58 32 37 66 63 41 7  27 57 11 8  48 5  52 17 46 14
45 12 60 48 41 14 43 46 37 26 4  13 34 40 61 36 23 21 11 22 25 39 54 2  62 29 47 57 55 65 44 63 32 7  24 5  27 31 17 51 30 56 16 66 3  10 1  20 19 50 52 59 33 38 18 64 42 8  28 58 0  9  49 6  53 35 15
18 10 54 28 2  43 20 40 7  13 21 61 25 57 9  60 53 1  55 58 49 38 16 3  46 52 33 31 12 23 35 51 0  14 11 41 24 47 59 6  4  37 56 26 44 19 34 17 39 32 27 63 42 5  50 66 15 22 36 30 29 62 64 8  45 48 65
62 53 19 55 29 3  44 21 41 8  14 22 17 1  58 10 61 43 65 56 59 50 39 52 4  47 49 34 23 13 24 36 57 2  15 0  42 25 48 60 7  5  38 6  27 45 20 35 18 40 33 28 64 32 46 51 66 16 12 37 31 30 63 54 9  11 26
12 48 63 20 56 30 4  45 22 42 9  15 40 18 65 59 11 62 44 26 57 60 51 37 53 5  0  50 35 24 14 25 39 58 3  16 2  32 1  49 61 8  6  33 7  28 46 21 36 19 41 34 29 54 10 47 52 66 17 13 38 23 31 64 55 43 27
16 6  13 64 21 57 31 5  46 12 32 10 52 41 19 26 60 0  63 45 27 58 61 1  38 43 44 2  51 36 25 15 7  40 59 4  17 3  33 65 50 62 9  55 34 8  29 47 22 37 20 42 35 30 56 11 48 53 66 18 14 39 24 23 54 49 28
11 44 17 14 54 22 58 23 6  47 13 33 62 53 42 20 27 61 2  64 46 28 59 16 65 39 50 45 3  52 37 1  10 8  41 60 5  18 4  34 26 51 63 31 56 35 9  30 48 12 38 21 32 36 55 57 0  49 43 66 19 15 40 25 24 7  29
34 40 0  18 15 55 12 59 24 7  48 14 60 63 43 32 21 28 62 3  54 47 29 65 17 26 8  51 46 4  53 38 64 11 9  42 61 6  19 5  35 27 52 37 23 57 36 10 31 49 13 39 22 33 25 56 58 2  50 44 66 20 16 41 1  45 30
15 27 35 2  19 16 56 13 60 25 8  49 30 61 64 44 33 22 29 63 4  55 48 39 26 18 46 9  52 47 5  43 53 54 0  10 32 62 7  20 6  36 28 34 38 24 58 37 11 23 50 14 40 12 65 1  57 59 3  51 45 66 21 17 42 41 31
50 19 16 36 3  20 17 57 14 61 1  9  49 31 62 54 45 34 12 30 64 5  56 44 40 27 42 47 10 53 48 6  29 43 55 2  11 33 63 8  21 7  37 13 35 39 25 59 38 0  24 51 15 41 32 26 65 58 60 4  52 46 66 22 18 28 23
10 28 51 17 37 4  21 18 58 15 62 65 57 50 23 63 55 46 35 13 31 54 6  7  45 41 29 32 48 11 43 49 38 30 44 56 3  0  34 64 9  22 8  42 14 36 40 1  60 39 2  25 52 16 19 33 27 26 59 61 5  53 47 66 12 20 24
26 42 11 52 18 38 5  22 19 59 16 63 7  58 51 24 64 56 47 36 14 23 55 50 8  46 21 30 33 49 0  44 9  39 31 45 57 4  2  35 54 10 12 17 32 15 37 41 65 61 40 3  1  53 13 20 34 28 27 60 62 6  43 48 66 29 25
64 47 27 0  53 19 39 6  12 20 60 17 56 8  59 52 25 54 57 48 37 15 24 45 51 9  30 22 31 34 50 2  13 10 40 23 46 58 5  3  36 55 11 43 18 33 16 38 42 26 62 41 4  65 66 14 21 35 29 28 61 63 7  44 49 32 1
56 8  61 66 1  31 47 41 40 10 0  19 27 2  39 13 54 29 51 18 24 30 9  34 5  20 35 3  6  60 49 65 14 57 63 21 59 44 42 23 32 46 62 12 25 22 52 33 58 7  17 15 48 4  37 55 28 45 26 50 43 38 11 53 16 64 36
20 21 57 62 66 65 23 48 42 41 11 2  10 28 3  40 14 55 30 52 19 25 31 26 35 6  54 36 4  7  61 50 63 15 58 64 22 60 45 32 24 33 47 5  13 1  12 53 34 59 8  18 16 49 17 38 56 29 46 27 51 44 39 0  43 9  37
3  7  21 58 63 66 26 24 49 32 42 0  23 11 29 4  41 15 56 31 53 20 1  51 27 36 10 55 37 5  8  62 48 64 16 59 54 12 61 46 33 25 34 50 6  14 65 13 43 35 60 9  19 17 44 18 39 57 30 47 28 52 45 40 2  22 38
2  37 4  22 59 64 66 27 25 50 33 32 65 24 0  30 5  42 16 57 23 43 21 63 52 28 12 11 56 38 6  9  35 49 54 17 60 55 13 62 47 34 1  18 51 7  15 26 14 44 36 61 10 20 3  45 19 40 58 31 48 29 53 46 41 8  39
33 29 3  5  12 60 54 66 28 1  51 34 22 26 25 2  31 6  32 17 58 24 44 10 64 53 9  13 0  57 39 7  65 36 50 55 18 61 56 14 63 48 35 21 19 52 8  16 27 15 45 37 62 11 42 4  46 20 41 59 23 49 30 43 47 38 40
35 43 34 4  6  13 61 55 66 29 65 52 45 12 27 1  3  23 7  33 18 59 25 8  11 54 39 10 14 2  58 40 36 26 37 51 56 19 62 57 15 64 49 0  22 20 53 9  17 28 16 46 38 63 48 32 5  47 21 42 60 24 50 31 44 30 41
53 55 36 35 5  7  14 62 56 66 30 26 1  46 13 28 65 4  24 8  34 19 60 41 9  0  31 40 11 15 3  59 50 37 27 38 52 57 20 63 58 16 54 64 2  12 21 43 10 18 29 17 47 39 45 49 33 6  48 22 32 61 25 51 23 44 42
27 2  43 37 36 6  8  15 63 57 66 31 61 65 47 14 29 26 5  25 9  35 20 60 42 10 45 23 41 0  16 4  55 51 38 28 39 53 58 21 64 59 17 40 54 3  13 22 44 11 19 30 18 48 24 46 50 34 7  49 12 33 62 1  52 56 32
23 11 28 44 38 37 7  9  16 64 58 66 21 62 26 48 15 30 27 6  1  10 36 5  61 32 57 46 24 42 2  17 18 56 52 39 29 40 43 59 22 54 60 49 41 55 4  14 12 45 0  20 31 19 53 25 47 51 35 8  50 13 34 63 65 3  33
66 33 24 29 45 39 38 8  10 17 54 59 37 22 63 27 49 16 31 28 7  65 11 18 6  62 4  58 47 25 32 3  61 19 57 53 40 30 41 44 60 12 55 20 50 42 56 5  15 13 46 2  21 23 26 43 1  48 52 36 9  51 14 35 64 0  34
60 63 66 25 30 46 40 39 9  11 18 55 0  38 12 64 28 50 17 23 29 8  26 4  19 7  2  5  59 48 1  33 56 62 20 58 43 41 31 42 45 61 13 24 21 51 32 57 6  16 14 47 3  22 54 27 44 65 49 53 37 10 52 15 36 34 35
57 50 5  19 24 48 28 25 44 30 17 4  51 49 21 38 46 59 45 14 6  29 41 11 34 15 26 64 18 62 12 16 33 35 53 27 23 66 60 56 20 3  2  58 55 32 63 36 0  47 65 54 13 52 31 22 61 7  39 43 42 1  8  37 40 10 9
9  23 10 11 0  2  3  4  5  6  7  8  20 21 22 12 13 14 15 16 17 18 19 29 30 31 25 1  65 26 27 28 40 41 42 32 33 34 35 36 37 38 39 51 52 53 43 44 45 46 47 48 49 50 62 63 64 54 55 56 57 58 59 60 61 24 66
