0    24   30   1    12   25   19   29   13   10   3    27   18   15   11   4    23   26   6    5    14   16   21   9    28   8    7    2    22   20   17
30   1    26   14   24   2    28   12   18   5    29   9    17   10   20   22   25   3    4    13   8    23   11   15   7    6    27   21   19   0    16
25   30   2    26   0    13   14   20   27   28   11   4    9    19   16   24   5    21   12   7    3    10   17   22   8    29   6    18   1    23   15
2    26   21   3    30   18   8    0    9    7    20   22   15   28   23   1    13   11   24   27   29   5    16   19   6    12   4    17   14   25   10
24   22   1    19   4    30   10   6    2    23   8    18   21   16   29   9    0    14   27   25   28   20   3    17   5    7    13   26   15   12   11
23   0    25   30   20   5    1    11   7    19   21   6    27   22   17   12   10   2    29   28   26   15   18   4    14   3    8    13   24   16   9
21   3    11   29   26   17   6    30   15   27   0    19   10   7    25   14   18   20   1    9    12   13   23   28   4    24   22   16   8    2    5
4    9    22   15   27   24   16   7    30   20   28   2    26   11   8    18   12   19   13   0    10   29   14   21   23   5    25   1    17   6    3
10   23   5    25   16   28   30   17   8    1    18   29   6    24   9    20   19   13   11   14   2    22   27   12   26   21   3    7    0    15   4
11   29   20   12   3    16   4    26   10   9    30   28   5    27   2    8    17   0    14   15   24   18   25   7    22   1    19   23   6    21   13
27   18   9    17   13   4    11   5    24   29   10   30   1    3    28   2    6    15   25   12   16   8    19   26   20   23   0    22   21   7    14
19   10   28   5    15   14   25   9    3    30   27   11   29   0    4    16   1    7    17   26   13   24   6    20   2    18   21   8    23   22   12
28   5    7    13   10   8    2    15   29   26   9    20   12   30   22   23   14   27   16   3    18   1    4    0    21   17   11   6    25   19   24
3    8    29   6    14   11   27   1    16   18   24   10   23   13   30   28   21   12   19   17   4    2    0    5    9    22   15   20   7    26   25
6    27   4    9    7    12   17   28   0    11   19   25   30   21   14   13   29   22   5    20   15   3    1    2    16   10   23   24   18   8    26
1    19   14   28   22   26   5    4    21   25   6    17   11   23   12   15   30   8    9    2    7    0    29   16   13   27   18   3    10   24   20
20   12   0    24   29   23   22   3    5    15   26   7    13   9    21   6    16   30   8    10   1    17   2    27   19   14   28   25   4    11   18
13   2    18   21   25   27   3    23   4    8    16   24   22   14   10   30   7    17   0    6    11   28   15   1    29   20   12   9    26   5    19
22   15   19   10   9    1    23   27   26   0    7    21   3    20   6    17   24   28   18   30   5    12   8    11   25   13   2    14   16   4    29
16   20   23   0    11   10   24   21   28   22   2    8    7    4    18   29   15   25   3    19   30   9    13   6    1    26   14   5    12   17   27
18   21   17   11   2    9    29   25   22   6    23   1    19   8    5    26   27   16   30   4    20   7    10   14   12   0    24   15   3    13   28
29   6    12   4    8    20   9    14   23   17   1    5    25   18   26   7    11   24   28   16   22   21   30   13   15   19   10   0    27   3    2
7    13   27   18   5    6    21   10   12   3    15   0    24   26   19   25   8    9    23   29   17   14   22   30   11   16   20   4    2    28   1
14   28   8    7    19   3    13   22   11   2    4    16   20   25   24   10   26   6    15   21   27   30   12   23   18   9    17   29   5    1    0
17   11   16   20   21   15   12   2    19   4    25   14   28   6    13   3    9    23   26   22   0    27   5    8    24   30   1    10   29   18   7
9    17   15   16   18   22   20   13   1    12   5    26   14   29   7    21   4    10   2    24   23   6    28   3    0    25   30   19   11   27   8
15   16   10   23   17   19   0    18   14   24   13   3    8    12   27   11   22   5    21   1    25   4    7    29   30   2    26   28   20   9    6
5    25   13   2    23   7    26   16   6    14   17   12   4    1    15   0    28   18   20   8    21   19   9    24   3    11   29   27   30   10   22
26   14   3    8    1    21   7    24   17   13   12   15   16   5    0    19   2    29   22   18   6    25   20   10   27   4    9    11   28   30   23
12   4    24   22   6    0    15   8    25   16   14   13   2    17   3    27   20   1    7    23   19   11   26   18   10   28   5    30   9    29   21
8    7    6    27   28   29   18   19   20   21   22   23   0    2    1    5    3    4    10   11   9    26   24   25   17   15   16   12   13   14   30
