0  9  10 11 12 13 14 15 16 17 18 1  2  3  4  5  6  7  8
7  13 3  16 1  10 15 17 0  9  8  4  14 12 18 11 5  2  6
8  7  14 4  17 2  11 16 18 0  10 9  5  15 13 1  12 6  3
9  4  8  15 5  18 3  12 17 1  0  11 10 6  16 14 2  13 7
10 8  5  9  16 6  1  4  13 18 2  0  12 11 7  17 15 3  14
11 15 9  6  10 17 7  2  5  14 1  3  0  13 12 8  18 16 4
12 5  16 10 7  11 18 8  3  6  15 2  4  0  14 13 9  1  17
13 18 6  17 11 8  12 1  9  4  7  16 3  5  0  15 14 10 2
14 3  1  7  18 12 9  13 2  10 5  8  17 4  6  0  16 15 11
15 12 4  2  8  1  13 10 14 3  11 6  9  18 5  7  0  17 16
16 17 13 5  3  9  2  14 11 15 4  12 7  10 1  6  8  0  18
17 1  18 14 6  4  10 3  15 12 16 5  13 8  11 2  7  9  0
18 0  2  1  15 7  5  11 4  16 13 17 6  14 9  12 3  8  10
1  11 0  3  2  16 8  6  12 5  17 14 18 7  15 10 13 4  9
2  10 12 0  4  3  17 9  7  13 6  18 15 1  8  16 11 14 5
3  6  11 13 0  5  4  18 10 8  14 7  1  16 2  9  17 12 15
4  16 7  12 14 0  6  5  1  11 9  15 8  2  17 3  10 18 13
5  14 17 8  13 15 0  7  6  2  12 10 16 9  3  18 4  11 1
6  2  15 18 9  14 16 0  8  7  3  13 11 17 10 4  1  5  12
