7  17 2  14 5  15 3  9  1  13 6  10 16 18 8  11 4  0  12
0  6  1  4  14 11 8  16 12 5  9  13 18 7  10 3  2  15 17
12 5  8  11 15 6  16 4  10 0  14 7  2  1  18 9  3  17 13
15 9  12 2  4  3  10 18 17 14 16 5  7  0  13 8  1  11 6
10 0  16 6  17 5  4  11 18 12 15 1  3  8  2  14 9  13 7
2  10 11 0  7  12 6  5  3  18 13 16 14 4  9  17 15 1  8
11 16 17 1  2  8  13 7  6  4  18 14 0  15 5  10 12 3  9
1  13 3  15 0  17 9  14 8  7  5  18 4  2  16 6  11 12 10
14 3  0  18 16 2  12 10 15 9  8  6  13 5  17 1  7  4  11
4  8  15 7  18 1  17 13 11 16 10 9  5  14 6  12 0  2  3
9  2  5  10 8  18 0  12 14 3  1  11 17 6  15 7  13 16 4
17 14 10 3  11 9  18 2  13 15 4  0  1  12 7  16 8  6  5
5  11 7  16 9  4  1  8  0  6  3  17 10 13 12 2  18 14 15
3  18 6  12 1  10 5  0  9  2  7  4  15 11 14 13 17 8  16
18 12 4  5  13 0  11 6  2  10 17 8  9  16 3  15 14 7  1
13 15 18 9  6  14 2  3  7  17 11 12 8  10 1  4  16 5  0
16 1  14 13 10 7  15 17 4  8  12 3  6  9  11 0  5  18 2
6  4  13 8  3  16 7  1  5  11 2  15 12 17 0  18 10 9  14
8  7  9  17 12 13 14 15 16 1  0  2  11 3  4  5  6  10 18
