0   3   24  1   13  14  19  12  23  16  22  20  7   4   5   18  9   21  15  6   11  17  10  8   2
24  1   3   2   17  13  21  11  20  15  16  7   23  5   19  9   10  4   22  14  8   6   18  12  0
1   0   2   24  23  16  12  10  18  14  7   21  6   20  9   19  5   22  8   15  13  11  17  4   3
2   24  0   3   11  17  16  18  19  23  15  4   22  21  20  10  6   5   7   8   14  13  12  9   1
9   20  19  12  4   24  7   6   17  0   14  22  3   16  10  23  13  8   21  2   1   18  11  15  5
23  22  21  10  7   5   24  4   14  12  3   16  9   18  8   17  11  15  13  20  19  2   1   0   6
22  9   18  14  5   4   6   24  12  1   19  13  8   11  3   21  20  23  2   10  16  15  0   17  7
17  19  20  23  24  6   5   7   15  18  13  14  21  10  11  8   22  0   9   1   2   12  16  3   4
5   4   6   13  1   0   2   16  8   24  11  10  18  3   23  22  7   20  12  21  17  19  15  14  9
13  21  17  7   16  19  15  3   11  9   24  8   20  0   22  6   4   2   23  5   12  1   14  18  10
6   23  13  17  18  15  0   20  9   8   10  24  16  2   21  5   12  3   4   22  7   14  19  1   11
18  14  5   22  12  2   17  19  24  10  9   11  4   23  1   20  21  6   0   7   15  16  3   13  8
21  10  8   11  22  20  18  17  2   19  1   3   12  24  15  14  23  7   6   9   5   0   4   16  13
16  18  7   19  9   22  23  2   21  4   20  17  15  13  24  12  0   11  1   3   10  8   5   6   14
8   7   22  16  21  23  20  1   0   17  18  19  13  12  14  24  3   9   10  11  6   4   2   5   15
11  6   4   5   2   3   1   22  16  21  17  0   24  14  13  15  8   10  20  23  18  9   7   19  12
4   12  11  20  0   21  14  15  22  13  23  2   1   9   6   7   16  24  19  18  3   5   8   10  17
12  8   14  15  20  10  13  21  1   22  5   23  0   6   2   3   19  17  24  16  4   7   9   11  18
20  5   12  9   14  1   8   23  6   3   21  15  2   22  4   11  17  16  18  24  0   10  13  7   19
10  11  23  21  15  12  22  14  13  20  0   1   5   8   7   4   24  18  17  19  9   3   6   2   16
15  17  10  6   8   9   3   13  4   5   2   18  19  7   16  0   14  1   11  12  20  24  23  22  21
7   15  16  8   10  11  9   0   3   6   4   5   17  19  18  1   2   12  14  13  23  21  24  20  22
19  13  9   4   3   18  10  8   7   2   6   12  11  1   17  16  15  14  5   0   21  20  22  24  23
14  16  15  18  19  8   11  9   5   7   12  6   10  17  0   2   1   13  3   4   24  22  21  23  20
3   2   1   0   6   7   4   5   10  11  8   9   14  15  12  13  18  19  16  17  22  23  20  21  24
