0   3   24  1   11  22  17  19  20  13  16  4   23  9   21  18  10  6   15  7   8   14  5   12  2
24  1   3   2   12  16  14  10  21  19  7   23  4   17  6   20  5   13  22  9   15  8   18  11  0
1   0   2   24  13  8   23  18  5   21  15  17  22  4   19  10  20  11  7   14  16  9   12  6   3
2   24  0   3   19  15  16  20  18  12  22  14  9   23  11  5   6   21  8   4   7   17  10  13  1
18  8   20  10  4   24  7   6   1   17  3   15  21  16  23  11  13  9   0   22  2   12  19  14  5
13  11  19  21  7   5   24  4   14  22  12  1   10  0   8   17  23  15  20  2   18  3   9   16  6
8   22  15  9   5   4   6   24  0   3   23  19  16  21  18  2   12  20  14  11  17  13  1   10  7
12  17  9   14  24  6   5   7   16  2   13  20  0   10  3   22  8   1   21  23  11  18  15  19  4
17  12  14  23  21  19  20  15  8   24  11  10  1   18  2   7   22  0   13  5   6   4   16  3   9
5   20  18  16  14  0   12  21  11  9   24  8   6   22  4   19  3   23  2   15  1   7   13  17  10
21  13  6   19  22  20  2   17  9   8   10  24  18  1   16  23  14  7   12  3   5   0   4   15  11
15  16  22  7   18  23  13  3   24  10  9   11  17  6   20  0   1   12  4   21  14  19  2   5   8
19  21  11  6   8   18  3   23  4   16  20  2   12  24  15  14  9   22  5   0   10  1   17  7   13
22  7   16  8   20  9   19  1   3   5   17  21  15  13  24  12  2   10  23  6   4   11  0   18  14
10  18  5   20  17  2   22  11  19  23  0   7   13  12  14  24  21  4   1   8   3   16  6   9   15
4   9   23  17  0   21  10  16  22  1   6   18  24  14  13  15  7   3   11  20  19  5   8   2   12
14  23  4   12  2   11  9   22  15  6   21  5   3   20  0   8   16  24  19  18  13  10  7   1   17
20  10  12  5   23  3   8   13  6   14  1   22  2   7   9   21  19  17  24  16  0   15  11  4   18
11  6   21  13  15  10  1   9   23  7   5   0   20  3   22  4   17  16  18  24  12  2   14  8   19
23  15  8   22  10  14  21  12  2   20  4   13  7   11  5   1   24  18  17  19  9   6   3   0   16
6   19  13  11  16  12  0   14  17  15  18  3   5   2   7   9   4   8   10  1   20  24  23  22  21
16  4   7   15  1   17  11  2   12  18  14  6   8   19  10  3   0   5   9   13  23  21  24  20  22
9   14  17  4   3   13  18  8   7   0   19  12  11  5   1   16  15  2   6   10  21  20  22  24  23
7   5   10  18  9   1   15  0   13  4   2   16  19  8   17  6   11  14  3   12  24  22  21  23  20
3   2   1   0   6   7   4   5   10  11  8   9   14  15  12  13  18  19  16  17  22  23  20  21  24
