0   3   24  1   12  11  22  18  20  13  17  5   4   9   19  21  23  10  7   14  8   15  6   16  2
24  1   3   2   15  10  21  17  18  16  5   19  23  22  20  4   9   7   8   11  14  6   13  12  0
1   0   2   24  13  8   23  19  5   15  20  22  18  4   17  9   21  14  12  7   10  16  11  6   3
2   24  0   3   9   20  16  14  19  4   12  21  10  23  7   18  6   22  15  8   5   11  17  13  1
8   11  16  17  4   24  7   6   0   22  23  1   20  21  18  19  2   3   14  15  12  13  9   10  5
23  22  14  15  7   5   24  4   17  12  13  16  9   10  2   3   11  8   20  21  18  19  1   0   6
19  18  9   10  5   4   6   24  21  2   3   20  16  17  22  23  12  13  1   0   11  8   14  15  7
13  12  20  21  24  6   5   7   15  18  19  14  1   0   11  8   22  23  9   10  2   3   16  17  4
12  6   17  23  20  14  1   16  8   24  11  10  0   19  5   22  7   2   21  13  4   18  15  3   9
7   20  23  22  17  21  15  0   11  9   24  8   19  18  16  6   14  4   13  12  1   5   3   2   10
21  13  7   16  18  22  12  2   9   8   10  24  6   1   23  17  3   15  4   20  19  0   5   14  11
16  15  12  7   19  23  13  3   24  10  9   11  2   6   21  1   0   20  22  4   17  14  18  5   8
20  17  22  6   8   19  3   23  4   21  16  18  12  24  15  14  10  1   11  5   0   9   2   7   13
18  5   21  8   16  1   20  9   3   7   22  17  15  13  24  12  4   11  0   23  6   2   10  19  14
6   9   8   11  10  17  0   21  2   1   4   3   13  12  14  24  20  5   23  22  16  7   19  18  15
10  19  6   20  11  18  2   22  16  23  0   4   24  14  13  15  8   21  5   1   3   17  7   9   12
5   14  13  12  21  0   10  15  22  20  6   23  3   2   1   7   16  24  19  18  9   4   8   11  17
15  23  5   9   22  2   11  12  14  3   21  6   7   20  8   0   19  17  24  16  13  10  4   1   18
9   21  11  5   23  3   8   13  6   0   14  2   22  7   10  20  17  16  18  24  15  1   12  4   19
22  4   10  13  1   9   14  20  23  5   2   15  21  3   6   11  24  18  17  19  7   12  0   8   16
4   16  19  18  0   15  17  10  12  14  7   13  8   11  9   5   1   6   3   2   20  24  23  22  21
17  8   4   14  2   12  18  11  1   19  15  7   5   16  3   10  13  0   6   9   23  21  24  20  22
14  10  18  4   3   13  19  8   7   17  1   12  11  5   0   16  15  9   2   6   21  20  22  24  23
11  7   15  19  14  16  9   1   13  6   18  0   17  8   4   2   5   12  10  3   24  22  21  23  20
3   2   1   0   6   7   4   5   10  11  8   9   14  15  12  13  18  19  16  17  22  23  20  21  24
