0   3   24  1   10  18  8   9   6   7   4   19  22  23  21  17  20  15  5   11  16  14  12  13  2
24  1   3   2   18  22  11  13  12  16  17  6   8   7   23  21  9   10  4   20  19  15  5   14  0
1   0   2   24  19  13  17  22  14  21  20  16  23  5   8   18  11  6   15  4   10  9   7   12  3
2   24  0   3   15  12  10  11  21  20  6   7   5   17  19  4   22  13  23  14  9   8   16  18  1
13  8   9   16  4   24  7   6   1   2   23  20  18  0   17  22  3   14  12  21  11  19  15  10  5
14  10  11  20  7   5   24  4   19  12  1   2   9   16  0   23  13  22  21  8   3   18  17  15  6
20  21  23  19  5   4   6   24  16  22  14  15  17  18  10  11  8   12  13  3   0   1   9   2   7
15  20  8   18  24  6   5   7   2   17  21  23  16  19  22  0   12  9   3   13  1   10  14  11  4
16  18  22  17  12  15  20  14  8   24  11  10  4   21  7   5   0   3   1   23  6   13  2   19  9
17  14  19  5   21  3   18  15  11  9   24  8   20  22  1   7   23  0   6   2   12  4   13  16  10
23  22  15  14  13  17  19  16  9   8   10  24  21  4   3   2   7   5   20  6   18  12  1   0   11
22  15  13  23  17  16  21  18  24  10  9   11  19  2   20  1   5   4   7   12  14  6   0   3   8
11  4   6   9   1   20  2   10  18  3   7   0   12  24  15  14  21  23  8   22  5   16  19  17  13
10  19  16  8   23  11  9   20  3   6   0   5   15  13  24  12  2   21  22  1   7   17  18  4   14
18  16  7   6   11  21  3   2   22  23  19  4   13  12  14  24  1   20  0   10  17  5   8   9   15
9   6   20  22  16  19  1   17  23  0   18  21  24  14  13  15  4   7   10  5   2   11  3   8   12
6   23  5   15  22  2   0   21  20  14  12  13  10  11  9   3   16  24  19  18  8   7   4   1   17
7   5   12  21  20  1   23  0   13  15  22  14  2   8   11  9   19  17  24  16  4   3   10  6   18
21  12  10  11  8   14  22  23  4   13  2   3   1   9   5   20  17  16  18  24  15  0   6   7   19
12  7   21  10  9   23  14  1   15  4   3   22  0   20  6   8   24  18  17  19  13  2   11  5   16
8   13  18  12  14  9   16  19  0   5   15  17  3   1   4   10  6   11  2   7   20  24  23  22  21
5   11  4   13  2   0   15  12  17  19  16  1   7   3   18  6   10  8   14  9   23  21  24  20  22
19  17  14  4   3   10  13  8   7   18  5   12  11  6   2   16  15  1   9   0   21  20  22  24  23
4   9   17  7   0   8   12  3   5   1   13  18  6   10  16  19  14  2   11  15  24  22  21  23  20
3   2   1   0   6   7   4   5   10  11  8   9   14  15  12  13  18  19  16  17  22  23  20  21  24
