0   3   24  1   8   19  9   18  4   6   20  14  16  22  11  23  12  21  7   5   10  17  13  15  2
24  1   3   2   15  11  12  13  19  14  21  5   6   7   9   4   23  22  20  8   18  10  17  16  0
1   0   2   24  16  20  22  17  14  13  18  19  23  9   8   21  4   7   10  11  5   15  6   12  3
2   24  0   3   12  10  14  9   18  7   5   22  4   23  6   17  21  15  8   20  19  16  11  13  1
21  18  13  11  4   24  7   6   17  16  19  3   22  2   23  20  9   8   1   10  15  0   12  14  5
22  23  14  17  7   5   24  4   20  12  15  16  9   19  2   10  11  3   21  13  8   18  0   1   6
23  19  18  21  5   4   6   24  12  15  22  20  8   17  16  9   14  13  2   1   11  3   10  0   7
11  21  12  20  24  6   5   7   15  19  13  0   2   10  18  8   22  23  14  9   3   1   16  17  4
17  6   5   23  21  2   1   16  8   24  11  10  19  18  20  22  7   0   13  12  14  4   15  3   9
15  22  4   19  2   21  23  20  11  9   24  8   18  16  17  0   13  14  12  3   7   5   1   6   10
12  7   6   15  23  17  2   1   9   8   10  24  0   21  19  3   20  5   22  14  16  13  18  4   11
18  16  15  12  22  23  13  14  24  10  9   11  3   6   7   2   1   20  0   21  17  19  4   5   8
20  8   17  22  11  18  19  23  1   21  16  4   12  24  15  14  10  2   5   6   0   9   3   7   13
5   10  16  8   9   0   20  21  3   4   1   17  15  13  24  12  2   11  23  22  6   7   19  18  14
7   17  20  16  10  8   21  0   5   22  4   18  13  12  14  24  3   1   11  23  2   6   9   19  15
6   20  19  5   18  3   0   22  16  23  17  21  24  14  13  15  8   10  4   2   1   11  7   9   12
10  5   9   6   13  1   3   15  22  2   0   23  20  4   21  7   16  24  19  18  12  14  8   11  17
4   9   23  10  0   15  11  12  21  1   3   6   7   20  22  5   19  17  24  16  13  8   14  2   18
14  15  22  13  20  9   10  11  23  5   6   7   21  3   0   1   17  16  18  24  4   12  2   8   19
13  12  21  7   14  22  8   3   6   20  23  15  1   0   4   11  24  18  17  19  9   2   5   10  16
16  4   8   9   1   14  17  19  2   3   12  13  10  11  5   18  0   6   15  7   20  24  23  22  21
8   13  11  14  17  12  16  10  0   18  7   2   5   1   3   19  6   4   9   15  23  21  24  20  22
19  14  10  4   3   13  18  8   7   17  2   12  11  5   1   16  15  9   6   0   21  20  22  24  23
9   11  7   18  19  16  15  2   13  0   14  1   17  8   10  6   5   12  3   4   24  22  21  23  20
3   2   1   0   6   7   4   5   10  11  8   9   14  15  12  13  18  19  16  17  22  23  20  21  24
