0   3   24  1   9   16  17  18  23  4   19  15  21  20  22  11  5   6   7   10  13  12  14  8   2
24  1   3   2   19  17  9   23  12  6   15  16  8   21  20  10  11  5   22  4   14  13  18  7   0
1   0   2   24  10  12  19  16  20  14  4   22  5   23  9   18  7   21  15  6   8   17  11  13  3
2   24  0   3   16  18  14  20  21  12  13  19  9   10  6   22  4   23  5   11  7   8   15  17  1
13  12  17  15  4   24  7   6   19  20  21  23  1   0   18  3   22  2   14  8   9   10  16  11  5
8   14  11  13  7   5   24  4   0   15  18  2   22  3   1   9   23  20  10  21  17  19  12  16  6
15  22  13  21  5   4   6   24  14  18  12  17  10  2   8   0   20  11  9   23  16  3   1   19  7
12  10  14  19  24  6   5   7   17  16  1   20  0   22  2   23  9   8   21  3   11  18  13  15  4
16  4   15  6   1   23  3   13  8   24  11  10  19  7   21  2   0   22  20  12  18  14  17  5   9
20  18  7   17  13  21  22  2   11  9   24  8   23  4   16  19  14  3   1   15  0   5   6   12  10
22  23  21  5   17  3   16  15  9   8   10  24  20  18  19  7   6   4   13  14  12  2   0   1   11
6   13  12  7   18  22  0   3   24  10  9   11  2   1   23  17  21  15  4   20  19  16  5   14  8
18  19  22  23  8   11  20  21  4   17  16  5   12  24  15  14  10  9   0   1   6   7   2   3   13
9   16  19  18  20  10  23  17  22  0   5   21  15  13  24  12  1   7   3   2   4   11  8   6   14
10  17  16  8   11  20  21  9   3   7   0   4   13  12  14  24  2   1   23  22  5   6   19  18  15
17  7   20  16  22  19  11  1   18  21  23  6   24  14  13  15  3   0   8   5   2   9   4   10  12
23  21  9   22  15  8   12  14  5   2   20  13  6   11  7   4   16  24  19  18  10  1   3   0   17
11  20  10  12  21  14  15  22  13  23  2   0   3   8   5   6   19  17  24  16  1   4   7   9   18
21  6   8   10  23  13  1   12  2   22  3   14  7   5   11  20  17  16  18  24  15  0   9   4   19
14  8   23  20  12  9   13  11  1   5   22  7   4   6   0   21  24  18  17  19  3   15  10  2   16
4   5   18  11  0   1   10  19  15  13  6   3   16  9   17  8   12  14  2   7   20  24  23  22  21
7   11  4   14  2   15  8   0   6   19  17  1   18  16  3   5   13  10  12  9   23  21  24  20  22
19  9   5   4   3   2   18  8   7   1   14  12  11  17  10  16  15  13  6   0   21  20  22  24  23
5   15  6   9   14  0   2   10  16  3   7   18  17  19  4   1   8   12  11  13  24  22  21  23  20
3   2   1   0   6   7   4   5   10  11  8   9   14  15  12  13  18  19  16  17  22  23  20  21  24
