28   9    6    2    21   17   13   8    27   0    4    23   19   15   11   7    26   1    3    22   18   14   10   29   25   5    24   20   16   12   30
0    27   24   20   16   12   8    26   1    3    22   18   14   10   29   25   6    2    21   17   13   9    28   30   5    23   19   15   11   7    4
29   10   1    3    22   18   14   9    28   30   5    24   20   16   12   8    27   0    4    23   19   15   11   7    26   6    2    21   17   13   25
11   15   27   0    4    23   19   14   10   29   25   6    2    21   17   13   9    28   30   5    24   20   16   12   8    26   1    3    22   18   7
16   20   9    28   30   5    24   19   15   11   7    26   1    3    22   18   14   10   29   25   6    2    21   17   13   8    27   0    4    23   12
21   2    14   10   29   25   6    24   20   16   12   8    27   0    4    23   19   15   11   7    26   1    3    22   18   13   9    28   30   5    17
3    1    19   15   11   7    26   6    2    21   17   13   9    28   30   5    24   20   16   12   8    27   0    4    23   18   14   10   29   25   22
9    13   25   6    2    21   17   12   8    27   0    4    23   19   15   11   7    26   1    3    22   18   14   10   29   30   5    24   20   16   28
14   18   7    26   1    3    22   17   13   9    28   30   5    24   20   16   12   8    27   0    4    23   19   15   11   29   25   6    2    21   10
19   23   12   8    27   0    4    22   18   14   10   29   25   6    2    21   17   13   9    28   30   5    24   20   16   11   7    26   1    3    15
24   5    17   13   9    28   30   4    23   19   15   11   7    26   1    3    22   18   14   10   29   25   6    2    21   16   12   8    27   0    20
6    25   22   18   14   10   29   30   5    24   20   16   12   8    27   0    4    23   19   15   11   7    26   1    3    21   17   13   9    28   2
26   7    4    23   19   15   11   29   25   6    2    21   17   13   9    28   30   5    24   20   16   12   8    27   0    3    22   18   14   10   1
8    12   30   5    24   20   16   11   7    26   1    3    22   18   14   10   29   25   6    2    21   17   13   9    28   0    4    23   19   15   27
13   17   29   25   6    2    21   16   12   8    27   0    4    23   19   15   11   7    26   1    3    22   18   14   10   28   30   5    24   20   9
18   22   11   7    26   1    3    21   17   13   9    28   30   5    24   20   16   12   8    27   0    4    23   19   15   10   29   25   6    2    14
23   4    16   12   8    27   0    3    22   18   14   10   29   25   6    2    21   17   13   9    28   30   5    24   20   15   11   7    26   1    19
5    30   21   17   13   9    28   0    4    23   19   15   11   7    26   1    3    22   18   14   10   29   25   6    2    20   16   12   8    27   24
25   29   3    22   18   14   10   28   30   5    24   20   16   12   8    27   0    4    23   19   15   11   7    26   1    2    21   17   13   9    6
7    11   0    4    23   19   15   10   29   25   6    2    21   17   13   9    28   30   5    24   20   16   12   8    27   1    3    22   18   14   26
12   16   28   30   5    24   20   15   11   7    26   1    3    22   18   14   10   29   25   6    2    21   17   13   9    27   0    4    23   19   8
17   21   10   29   25   6    2    20   16   12   8    27   0    4    23   19   15   11   7    26   1    3    22   18   14   9    28   30   5    24   13
22   3    15   11   7    26   1    2    21   17   13   9    28   30   5    24   20   16   12   8    27   0    4    23   19   14   10   29   25   6    18
4    0    20   16   12   8    27   1    3    22   18   14   10   29   25   6    2    21   17   13   9    28   30   5    24   19   15   11   7    26   23
30   28   2    21   17   13   9    27   0    4    23   19   15   11   7    26   1    3    22   18   14   10   29   25   6    24   20   16   12   8    5
15   19   8    27   0    4    23   18   14   10   29   25   6    2    21   17   13   9    28   30   5    24   20   16   12   7    26   1    3    22   11
20   24   13   9    28   30   5    23   19   15   11   7    26   1    3    22   18   14   10   29   25   6    2    21   17   12   8    27   0    4    16
2    6    18   14   10   29   25   5    24   20   16   12   8    27   0    4    23   19   15   11   7    26   1    3    22   17   13   9    28   30   21
1    26   23   19   15   11   7    25   6    2    21   17   13   9    28   30   5    24   20   16   12   8    27   0    4    22   18   14   10   29   3
27   8    5    24   20   16   12   7    26   1    3    22   18   14   10   29   25   6    2    21   17   13   9    28   30   4    23   19   15   11   0
10   14   26   1    3    22   18   13   9    28   30   5    24   20   16   12   8    27   0    4    23   19   15   11   7    25   6    2    21   17   29
