0    30   26   18   13   22   9    19   21   4    3    29   8    20   6    27   15   11   24   17   5    25   23   28   12   1    7    2    14   16   10
7    1    30   27   19   14   23   10   20   22   5    4    15   9    21   17   28   16   12   25   18   6    26   24   29   13   2    8    3    0    11
22   8    2    30   28   20   0    24   11   21   23   6    5    16   10   1    18   29   17   13   26   19   7    27   25   15   14   3    9    4    12
11   23   9    3    30   29   21   1    25   12   22   24   7    6    17   5    2    19   15   18   14   27   20   8    28   26   16   0    4    10   13
18   12   24   10   4    30   15   22   2    26   13   23   25   8    7    11   6    3    20   16   19   0    28   21   9    29   27   17   1    5    14
8    19   13   25   11   5    30   16   23   3    27   14   24   26   9    6    12   7    4    21   17   20   1    29   22   10   15   28   18   2    0
10   9    20   14   26   12   6    30   17   24   4    28   0    25   27   3    7    13   8    5    22   18   21   2    15   23   11   16   29   19   1
28   11   10   21   0    27   13   7    30   18   25   5    29   1    26   20   4    8    14   9    6    23   19   22   3    16   24   12   17   15   2
27   29   12   11   22   1    28   14   8    30   19   26   6    15   2    16   21   5    9    0    10   7    24   20   23   4    17   25   13   18   3
3    28   15   13   12   23   2    29   0    9    30   20   27   7    16   19   17   22   6    10   1    11   8    25   21   24   5    18   26   14   4
17   4    29   16   14   13   24   3    15   1    10   30   21   28   8    0    20   18   23   7    11   2    12   9    26   22   25   6    19   27   5
9    18   5    15   17   0    14   25   4    16   2    11   30   22   29   28   1    21   19   24   8    12   3    13   10   27   23   26   7    20   6
15   10   19   6    16   18   1    0    26   5    17   3    12   30   23   21   29   2    22   20   25   9    13   4    14   11   28   24   27   8    7
24   16   11   20   7    17   19   2    1    27   6    18   4    13   30   9    22   15   3    23   21   26   10   14   5    0    12   29   25   28   8
30   25   17   12   21   8    18   20   3    2    28   7    19   5    14   29   10   23   16   4    24   22   27   11   0    6    1    13   15   26   9
20   5    3    8    27   16   22   17   29   11   7    10   26   4    12   15   30   6    13   28   2    24   14   1    19   18   9    23   0    21   25
13   21   6    4    9    28   17   23   18   15   12   8    11   27   5    22   16   30   7    14   29   3    25   0    2    20   19   10   24   1    26
6    14   22   7    5    10   29   18   24   19   16   13   9    12   28   2    23   17   30   8    0    15   4    26   1    3    21   20   11   25   27
29   7    0    23   8    6    11   15   19   25   20   17   14   10   13   26   3    24   18   30   9    1    16   5    27   2    4    22   21   12   28
14   15   8    1    24   9    7    12   16   20   26   21   18   0    11   13   27   4    25   19   30   10   2    17   6    28   3    5    23   22   29
12   0    16   9    2    25   10   8    13   17   21   27   22   19   1    23   14   28   5    26   20   30   11   3    18   7    29   4    6    24   15
2    13   1    17   10   3    26   11   9    14   18   22   28   23   20   25   24   0    29   6    27   21   30   12   4    19   8    15   5    7    16
21   3    14   2    18   11   4    27   12   10   0    19   23   29   24   8    26   25   1    15   7    28   22   30   13   5    20   9    16   6    17
25   22   4    0    3    19   12   5    28   13   11   1    20   24   15   7    9    27   26   2    16   8    29   23   30   14   6    21   10   17   18
16   26   23   5    1    4    20   13   6    29   14   12   2    21   25   18   8    10   28   27   3    17   9    15   24   30   0    7    22   11   19
26   17   27   24   6    2    5    21   14   7    15   0    13   3    22   12   19   9    11   29   28   4    18   10   16   25   30   1    8    23   20
23   27   18   28   25   7    3    6    22   0    8    16   1    14   4    24   13   20   10   12   15   29   5    19   11   17   26   30   2    9    21
5    24   28   19   29   26   8    4    7    23   1    9    17   2    0    10   25   14   21   11   13   16   15   6    20   12   18   27   30   3    22
1    6    25   29   20   15   27   9    5    8    24   2    10   18   3    4    11   26   0    22   12   14   17   16   7    21   13   19   28   30   23
4    2    7    26   15   21   16   28   10   6    9    25   3    11   19   30   5    12   27   1    23   13   0    18   17   8    22   14   20   29   24
19   20   21   22   23   24   25   26   27   28   29   15   16   17   18   14   0    1    2    3    4    5    6    7    8    9    10   11   12   13   30
