13   3    21   10   1    27   2    12   24   7    5    19   23   25   20   14   0    8    28   6    30   22   15   26   18   4    11   17   16   29   9
19   15   2    5    23   12   3    0    4    14   26   9    7    21   25   27   22   16   1    10   29   8    30   24   17   28   20   6    13   18   11
14   19   16   3    6    24   13   4    29   5    15   27   10   8    22   26   28   23   17   2    11   1    9    30   25   18   0    21   7    20   12
8    21   20   17   4    7    25   14   5    1    6    16   28   11   9    23   27   0    24   18   3    12   2    10   30   26   19   29   22   15   13
23   16   22   21   18   5    8    26   15   6    2    7    17   0    12   10   24   28   29   25   19   4    13   3    11   30   27   20   1    9    14
2    10   17   23   22   19   6    9    27   16   7    3    8    18   29   13   11   25   0    1    26   20   5    14   4    12   30   28   21   24   15
22   25   11   18   24   23   20   7    10   28   17   8    4    9    19   1    14   12   26   29   2    27   21   6    15   5    13   30   0    3    16
29   4    26   12   19   25   24   21   8    11   0    18   9    5    10   20   2    15   13   27   1    3    28   22   7    16   6    14   30   23   17
30   24   5    27   13   20   26   25   22   9    12   29   19   10   6    11   21   3    16   14   28   2    4    0    23   8    17   7    15   1    18
16   2    25   6    28   14   21   27   26   23   10   13   1    20   11   7    12   22   4    17   15   0    3    5    29   24   9    18   8    30   19
9    30   3    26   7    0    15   22   28   27   24   11   14   2    21   12   8    13   23   5    18   16   29   4    6    1    25   10   19   17   20
20   18   30   4    27   8    29   16   23   0    28   25   12   15   3    22   13   9    14   24   6    19   17   1    5    7    2    26   11   10   21
12   11   19   30   5    28   9    1    17   24   29   0    26   13   16   4    23   14   10   15   25   7    20   18   2    6    8    3    27   21   22
28   22   12   20   30   6    0    10   2    18   25   1    29   27   14   17   5    24   15   11   16   26   8    21   19   3    7    9    4    13   23
5    14   23   13   21   30   7    29   11   3    19   26   2    1    28   15   18   6    25   16   12   17   27   9    22   20   4    8    10   0    24
11   29   15   24   14   22   30   8    1    12   4    20   27   3    2    0    16   19   7    26   17   13   18   28   10   23   21   5    9    6    25
10   7    1    16   25   15   23   30   9    2    13   5    21   28   4    3    29   17   20   8    27   18   14   19   0    11   24   22   6    12   26
7    13   8    2    17   26   16   24   30   10   3    14   6    22   0    5    4    1    18   21   9    28   19   15   20   29   12   25   23   11   27
24   12   14   9    3    18   27   17   25   30   11   4    15   7    23   29   6    5    2    19   22   10   0    20   16   21   1    13   26   8    28
27   9    13   15   10   4    19   28   18   26   30   12   5    16   8    24   1    7    6    3    20   23   11   29   21   17   22   2    14   25   0
15   26   10   14   16   11   5    20   0    19   27   30   13   6    17   9    25   2    8    7    4    21   24   12   1    22   18   23   3    28   29
4    0    27   11   15   17   12   6    21   29   20   28   30   14   7    18   10   26   3    9    8    5    22   25   13   2    23   19   24   16   1
25   17   29   28   12   16   18   13   7    22   1    21   0    30   15   8    19   11   27   4    10   9    6    23   26   14   3    24   20   5    2
21   6    18   1    0    13   17   19   14   8    23   2    22   29   30   16   9    20   12   28   5    11   10   7    24   27   15   4    25   26   3
26   27   7    19   2    29   14   18   20   15   9    24   3    23   1    30   17   10   21   13   0    6    12   11   8    25   28   16   5    22   4
6    23   28   8    20   3    1    15   19   21   16   10   25   4    24   2    30   18   11   22   14   29   7    13   12   9    26   0    17   27   5
18   28   24   0    9    21   4    2    16   20   22   17   11   26   5    25   3    30   19   12   23   15   1    8    14   13   10   27   29   7    6
1    8    0    25   29   10   22   5    3    17   21   23   18   12   27   6    26   4    30   20   13   24   16   2    9    15   14   11   28   19   7
0    20   9    29   26   1    11   23   6    4    18   22   24   19   13   28   7    27   5    30   21   14   25   17   3    10   16   15   12   2    8
17   1    4    22   11   2    28   3    13   25   8    6    20   24   26   21   15   29   9    0    7    30   23   16   27   19   5    12   18   14   10
3    5    6    7    8    9    10   11   12   13   14   15   16   17   18   19   20   21   22   23   24   25   26   27   28   0    29   1    2    4    30
