32 34 30 33 7  5  25 4  18 19 28 17 0  2  29 3  24 23 22 20 15 27 12 13 14 6  16 1  21 31 11 26 8  9  10
30 31 34 32 5  4  6  25 17 18 16 28 3  0  1  29 21 22 20 24 12 14 13 27 15 7  19 2  23 33 8  10 9  26 11
31 32 33 34 25 6  5  7  16 28 18 19 1  29 0  2  22 24 21 23 27 12 14 15 13 4  17 3  20 30 26 8  10 11 9
34 33 31 30 4  25 7  6  28 17 19 16 29 3  2  1  23 20 24 21 13 15 27 14 12 5  18 0  22 32 9  11 26 10 8
28 19 16 17 30 34 33 31 26 9  11 10 24 20 23 21 7  4  25 6  3  2  29 1  0  32 8  22 5  18 13 15 27 14 12
18 28 17 19 33 32 34 30 8  11 26 9  22 23 24 20 25 7  5  4  2  29 0  3  1  31 10 21 6  16 15 27 12 13 14
17 16 28 18 32 30 31 34 9  8  10 26 20 22 21 24 6  5  4  25 0  1  3  29 2  33 11 23 7  19 12 14 13 27 15
16 18 19 28 34 31 32 33 10 26 8  11 21 24 22 23 5  25 6  7  29 0  1  2  3  30 9  20 4  17 27 12 14 15 13
5  25 4  7  23 22 24 20 32 33 34 30 12 15 27 13 29 2  0  3  11 26 8  9  10 21 31 14 1  6  19 28 18 17 16
25 7  6  4  20 24 23 21 34 30 33 31 27 13 15 14 2  3  29 1  9  11 26 10 8  22 32 12 0  5  17 19 28 16 18
4  6  25 5  22 20 21 24 30 32 31 34 13 12 14 27 1  0  3  29 8  10 9  26 11 23 33 15 2  7  18 16 17 28 19
6  5  7  25 24 21 22 23 31 34 32 33 14 27 12 15 0  29 1  2  26 8  10 11 9  20 30 13 3  4  28 18 16 19 17
12 27 13 15 11 8  26 9  0  2  29 3  32 33 34 30 28 19 18 17 7  25 5  4  6  10 1  31 16 14 23 24 22 20 21
27 15 14 13 9  26 11 10 29 3  2  1  34 30 33 31 19 17 28 16 4  7  25 6  5  8  0  32 18 12 20 23 24 21 22
13 14 27 12 8  9  10 26 3  0  1  29 30 32 31 34 16 18 17 28 5  6  4  25 7  11 2  33 19 15 22 21 20 24 23
14 12 15 27 26 10 8  11 1  29 0  2  31 34 32 33 18 28 16 19 25 5  6  7  4  9  3  30 17 13 24 22 21 23 20
9  10 26 8  18 17 16 28 13 12 14 27 4  5  6  25 31 32 30 34 22 21 20 24 23 19 15 7  33 11 0  1  3  29 2
26 11 10 9  17 28 19 16 27 13 15 14 25 4  7  6  33 30 34 31 20 23 24 21 22 18 12 5  32 8  3  2  29 1  0
8  26 9  11 19 18 28 17 12 15 27 13 5  7  25 4  34 33 32 30 23 24 22 20 21 16 14 6  31 10 2  29 0  3  1
10 8  11 26 28 16 18 19 14 27 12 15 6  25 5  7  32 34 31 33 24 22 21 23 20 17 13 4  30 9  29 0  1  2  3
29 2  1  3  13 27 15 14 24 20 23 21 28 17 19 16 11 9  26 10 30 33 34 31 32 12 22 18 8  0  4  7  25 6  5
3  1  29 0  12 13 14 27 20 22 21 24 17 18 16 28 10 8  9  26 32 31 30 34 33 15 23 19 11 2  5  6  4  25 7
0  29 3  2  15 12 27 13 22 23 24 20 18 19 28 17 26 11 8  9  33 34 32 30 31 14 21 16 10 1  7  25 5  4  6
1  0  2  29 27 14 12 15 21 24 22 23 16 28 18 19 8  26 10 11 34 32 31 33 30 13 20 17 9  3  25 5  6  7  4
2  3  0  1  14 15 13 12 23 21 20 22 19 16 17 18 9  10 11 8  31 30 33 32 34 27 24 28 26 29 6  4  7  5  25
19 17 18 16 31 33 30 32 11 10 9  8  23 21 20 22 4  6  7  5  1  3  2  0  29 34 26 24 25 28 14 13 15 12 27
7  4  5  6  21 23 20 22 33 31 30 32 15 14 13 12 3  1  2  0  10 9  11 8  26 24 34 27 29 25 16 17 19 18 28
15 13 12 14 10 11 9  8  2  1  3  0  33 31 30 32 17 16 19 18 6  4  7  5  25 26 29 34 28 27 21 20 23 22 24
11 9  8  10 16 19 17 18 15 14 13 12 7  6  4  5  30 31 33 32 21 20 23 22 24 28 27 25 34 26 1  3  2  0  29
33 30 32 31 6  7  4  5  19 16 17 18 2  1  3  0  20 21 23 22 14 13 15 12 27 25 28 29 24 34 10 9  11 8  26
24 23 21 20 3  29 2  1  25 4  7  6  26 9  11 10 15 13 27 14 17 19 28 16 18 0  5  8  12 22 30 33 34 31 32
20 21 24 22 0  3  1  29 4  5  6  25 9  8  10 26 14 12 13 27 18 16 17 28 19 2  7  11 15 23 32 31 30 34 33
22 24 20 23 2  0  29 3  5  7  25 4  8  11 26 9  27 15 12 13 19 28 18 17 16 1  6  10 14 21 33 34 32 30 31
21 22 23 24 29 1  0  2  6  25 5  7  10 26 8  11 12 27 14 15 28 18 16 19 17 3  4  9  13 20 34 32 31 33 30
23 20 22 21 1  2  3  0  7  6  4  5  11 10 9  8  13 14 15 12 16 17 19 18 28 29 25 26 27 24 31 30 33 32 34
