34 26 2  4  27 33 25 16 1  15 18 6  21 32 11 13 36 20 7  29 19 35 12 24 14 31 0  10 5  23 22 3  8  17 30 28 9
0  33 3  26 32 24 15 11 14 17 5  25 31 10 12 36 19 6  28 18 34 23 35 20 30 1  9  4  22 21 2  7  16 29 27 13 8
27 7  35 3  5  28 34 26 17 0  16 19 25 22 33 1  14 36 21 8  30 20 24 13 29 15 32 2  11 6  12 23 4  9  18 31 10
8  20 28 24 4  6  29 35 27 18 2  17 14 26 23 34 0  15 36 22 9  31 21 25 32 30 16 33 3  1  7  13 12 5  10 19 11
21 18 9  29 25 5  7  30 24 28 19 3  26 15 27 12 35 2  16 36 23 10 32 22 20 33 31 17 34 4  0  8  14 13 6  11 1
19 4  22 10 30 26 6  8  31 25 29 20 23 27 16 28 13 24 3  17 36 12 11 33 1  21 34 32 18 35 5  2  9  15 14 7  0
5  21 20 23 11 31 27 7  9  32 26 30 34 12 28 17 29 14 25 4  18 36 13 1  8  0  22 35 33 19 24 6  3  10 16 15 2
22 31 6  21 12 1  32 28 8  10 33 27 0  35 13 29 18 30 15 26 5  19 36 14 16 9  2  23 24 34 20 25 7  4  11 17 3
32 28 23 7  22 13 0  33 29 9  11 34 15 2  24 14 30 19 31 16 27 6  20 36 18 17 10 3  12 25 35 21 26 8  5  1  4
29 35 33 12 8  23 14 2  34 30 10 1  36 16 3  25 15 31 20 32 17 28 7  21 0  19 18 11 4  13 26 24 22 27 9  6  5
24 0  30 34 13 9  12 15 3  35 31 11 22 36 17 4  26 16 32 21 33 18 29 8  7  2  20 19 1  5  14 27 25 23 28 10 6
2  1  25 31 35 14 10 13 16 4  24 32 9  23 36 18 5  27 17 33 22 34 19 30 11 8  3  21 20 0  6  15 28 26 12 29 7
33 34 14 19 28 0  11 25 2  12 21 16 5  13 15 10 4  8  27 23 26 29 17 9  3  22 24 36 31 18 1  30 6  35 7  32 20
35 17 34 15 20 29 2  1  26 3  13 22 10 6  14 16 11 5  9  28 12 27 30 18 33 4  23 25 36 32 19 0  31 7  24 8  21
18 23 24 35 16 21 30 3  0  27 4  14 19 11 7  15 17 1  6  10 29 13 28 31 9  34 5  12 26 36 33 20 2  32 8  25 22
12 15 19 25 24 17 22 31 4  2  28 5  32 20 1  8  16 18 0  7  11 30 14 29 26 10 35 6  13 27 36 34 21 3  33 9  23
16 6  13 20 26 25 18 23 32 5  3  29 30 33 21 0  9  17 19 2  8  1  31 15 10 27 11 24 7  14 28 36 35 22 4  34 12
7  30 17 14 21 27 26 19 12 33 6  4  16 31 34 22 2  10 18 20 3  9  0  32 35 11 28 1  25 8  15 29 36 24 23 5  13
31 5  8  18 15 22 28 27 20 13 34 7  33 17 32 35 23 3  11 19 21 4  10 2  6  24 1  29 0  26 9  16 30 36 25 12 14
6  8  32 9  19 16 23 29 28 21 14 35 3  34 18 33 24 12 4  1  20 22 5  11 13 7  25 0  30 2  27 10 17 31 36 26 15
9  24 7  33 10 20 17 12 30 29 22 15 1  4  35 19 34 25 13 5  0  21 23 6  27 14 8  26 2  31 3  28 11 18 32 36 16
25 16 10 8  34 11 21 18 13 31 30 23 7  0  5  24 20 35 26 14 6  2  22 12 36 28 15 9  27 3  32 4  29 1  19 33 17
17 12 26 11 9  35 1  22 19 14 32 31 13 8  2  6  25 21 24 27 15 7  3  23 34 36 29 16 10 28 4  33 5  30 0  20 18
13 32 18 27 1  10 24 0  23 20 15 33 12 14 9  3  7  26 22 25 28 16 8  4  21 35 36 30 17 11 29 5  34 6  31 2  19
30 3  12 2  18 7  19 4  15 34 8  36 6  5  26 31 1  13 23 9  14 24 33 28 17 25 27 22 16 20 11 35 10 0  29 21 32
4  36 31 13 3  19 8  20 5  16 35 9  29 7  6  27 32 0  14 12 10 15 25 34 22 18 26 28 23 17 21 1  24 11 2  30 33
36 10 5  32 14 4  20 9  21 6  17 24 35 30 8  7  28 33 2  15 13 11 16 26 31 23 19 27 29 12 18 22 0  25 1  3  34
11 25 36 6  33 15 5  21 10 22 7  18 27 24 31 9  8  29 34 3  16 14 1  17 4  32 12 20 28 30 13 19 23 2  26 0  35
26 19 1  36 7  34 16 6  22 11 23 8  18 28 25 32 10 9  30 35 4  17 15 0  2  5  33 13 21 29 31 14 20 12 3  27 24
20 9  27 0  36 8  35 17 7  23 1  12 2  19 29 26 33 11 10 31 24 5  18 16 28 3  6  34 14 22 30 32 15 21 13 4  25
10 13 21 28 2  36 9  24 18 8  12 0  17 3  20 30 27 34 1  11 32 25 6  19 5  29 4  7  35 15 23 31 33 16 22 14 26
14 2  11 22 29 3  36 10 25 19 9  13 20 18 4  21 31 28 35 0  1  33 26 7  15 6  30 5  8  24 16 12 32 34 17 23 27
3  14 15 1  23 30 4  36 11 26 20 10 8  21 19 5  22 32 29 24 2  0  34 27 12 16 7  31 6  9  25 17 13 33 35 18 28
15 11 4  16 0  12 31 5  36 1  27 21 28 9  22 20 6  23 33 30 25 3  2  35 19 13 17 8  32 7  10 26 18 14 34 24 29
1  22 16 5  17 2  13 32 6  36 0  28 24 29 10 23 21 7  12 34 31 26 4  3  25 20 14 18 9  33 8  11 27 19 15 35 30
23 29 0  17 6  18 3  14 33 7  36 2  4  25 30 11 12 22 8  13 35 32 27 5  24 26 21 15 19 10 34 9  1  28 20 16 31
28 27 29 30 31 32 33 34 35 24 25 26 11 1  0  2  3  4  5  6  7  8  9  10 23 12 13 14 15 16 17 18 19 20 21 22 36
