0     3     40    1     16    28    15    39    24    22    32    35    38    25    21    6     4     37    26    30    33    14    9     29    8     13    18    34    5     23    19    36    10    20    27    11    31    17    12    7     2
40    1     3     2     17    14    30    34    26    13    19    31    33    9     5     24    39    4     38    10    25    36    28    32    15    20    8     37    22    35    6     11    23    12    7     29    21    27    18    16    0
1     0     2     40    12    15    24    10    27    29    7     21    4     35    20    5     25    22    31    23    14    11    17    19    6     16    36    8     37    9     33    18    39    30    38    13    26    28    34    32    3
2     40    0     3     26    22    9     14    13    6     38    23    25    8     7     29    34    36    32    39    30    27    5     11    31    12    4     21    33    15    20    24    18    28    16    37    17    35    10    19    1
21    23    9     10    4     40    7     6     31    2     3     20    29    34    16    30    14    32    37    24    11    0     25    1     19    22    38    35    39    12    15    8     17    36    13    27    33    18    26    28    5
26    19    32    37    7     5     40    4     12    17    14    36    8     23    10    39    27    9     28    1     29    34    35    13    38    30    0     16    18    20    25    33    2     31    21    22    11    3     24    15    6
20    38    11    16    5     4     6     40    36    34    39    2     23    37    35    33    3     25    30    29    0     24    27    12    21    17    31    22    32    19    18    26    28    15    9     14    8     13    1     10    7
29    20    33    24    40    6     5     7     16    26    30    17    18    27    31    38    8     11    12    35    1     28    36    39    3     34    9     13    21    0     10    14    37    2     25    19    22    32    15    23    4
37    35    19    20    25    34    28    15    8     40    11    10    21    30    33    7     38    24    39    2     3     12    31    27    17    4     29    23    6     26    13    22    36    14    5     1     32    0     16    18    9
19    21    12    34    29    31    16    32    11    9     40    8     2     36    27    23    6     33    25    0     39    1     30    15    35    18    37    14    38    4     22    5     7     17    3     24    13    26    28    20    10
13    5     30    26    38    1     27    33    9     8     10    40    17    0     19    21    23    12    34    14    28    15    39    16    29    32    3     6     20    24    2     37    25    7     18    36    35    31    4     22    11
38    39    24    33    18    30    21    27    40    10    9     11    35    17    32    26    31    13    4     34    37    6     29    28    2     36    15    7     23    22    5     16    14    3     19    12    25    20    0     1     8
11    27    29    19    9     21    26    22    34    4     20    0     12    40    15    14    30    28    36    3     10    5     7     31    32    39    6     1     17    2     16    23    24    37    8     38    18    33    35    25    13
32    36    18    30    28    24    29    11    20    21    25    7     15    13    40    12    33    27    2     37    8     9     26    38    5     10    22    17    4     6     3     35    0     16    39    31    1     19    23    34    14
4     10    26    31    0     19    17    24    18    28    1     29    13    12    14    40    21    6     8     5     36    16    32    30    7     35    2     38    9     11    23    3     22    39    37    25    20    34    27    33    15
33    22    39    17    27    32    20    16    38    18    31    19    40    14    13    15    7     3     9     11    6     37    1     25    28    23    34    4     24    36    35    10    5     0     26    30    29    21    8     2     12
14    11    37    9     21    20    34    38    15    3     35    1     24    26    0     8     16    40    19    18    5     4     33    36    12    28    13    29    25    27    32    39    30    22    6     10    23    2     7     31    17
8     32    34    29    23    33    35    13    0     31    28    27    20    7     25    36    19    17    40    16    12    30    38    4     37    14    39    11    10    3     21    9     1     5     2     6     15    24    22    26    18
5     6     35    21    20    0     1     36    33    23    24    37    22    31    39    25    17    16    18    40    4     3     12    9     10    15    28    32    26    34    38    13    27    8     29    2     7     11    30    14    19
22    14    27    25    36    10    13    21    23    30    5     26    39    6     1     34    40    18    17    19    31    7     0     8     33    3     11    2     35    37    9     20    38    24    15    28    4     29    32    12    16
15    34    36    13    37    27    33    25    30    35    17    18    28    3     26    0     29    10    11    32    20    40    23    22    39    7     14    5     12    16    8     38    19    6     1     9     2     4     31    24    21
16    13    6     32    14    8     2     35    5     36    37    24    34    1     4     31    0     26    27    28    23    21    40    20    11    38    17    18    19    33    39    15    3     29    12    7     9     10    25    30    22
30    24    38    35    8     37    10    18    4     19    6     14    36    16    11    28    13    34    7     9     21    20    22    40    1     31    33    39    15    32    0     25    29    26    17    3     12    5     2     27    23
7     17    8     28    32    38    31    0     2     25    36    33    26    24    34    18    35    1     15    27    40    22    21    23    13    9     12    19    3     39    37    6     4     11    14    16    10    30    5     29    20
17    28    21    14    33    23    11    31    37    20    34    6     30    38    3     22    32    0     29    36    9     2     15    5     24    40    27    26    1     18    12    7     16    4     10    39    19    8     13    35    25
10    7     28    39    31    11    14    1     22    15    0     5     19    32    6     9     37    35    23    12    34    29    8     18    27    25    40    24    2     21    36    4     13    38    20    17    30    16    33    3     26
28    29    20    38    10    18    23    37    35    32    4     34    31    33    36    19    22    30    5     15    2     39    16    6     25    24    26    40    0     1     17    12    9     13    11    8     14    7     3     21    27
36    33    23    18    30    29    39    17    19    38    22    13    37    11    28    35    20    7     3     8     16    32    10    2     40    26    25    27    14    5     4     34    21    1     31    15    0     12    9     6     24
18    15    16    11    34    26    36    19    32    27    12    3     10    39    38    1     2     20    0     7     17    35    24    33    22    37    5     9     28    40    31    30    8     23    4     21    6     25    14    13    29
39    8     4     36    2     16    37    23    1     12    18    32    9     19    22    17    5     15    10    13    27    38    14    7     34    33    35    20    31    29    40    28    11    25    24    26    3     6     21    0     30
9     18    7     8     35    36    38    2     3     0     33    25    32    20    37    27    24    39    1     22    13    26    19    34    16    11    21    15    29    28    30    40    12    10    23    4     5     14    6     17    31
27    16    13    7     22    17    12    3     25    33    21    39    6     2     24    37    1     5     35    38    32    10    4     26    14    8     23    0     40    30    29    31    20    9     36    18    34    15    19    11    28
25    4     15    27    1     39    8     26    6     37    13    22    16    10    29    2     12    23    21    31    38    18    11    17    30    0     7     3     36    14    24    19    32    40    35    34    28    9     20    5     33
6     37    10    23    19    9     0     30    39    5     2     28    27    22    18    20    26    31    14    4     15    25    13    3     36    21    16    12    11    38    7     17    35    33    40    32    24    1     29    8     34
31    25    22    6     39    12    3     20    21    16    29    15    5     28    30    11    9     38    24    26    7     8     2     37    18    1     19    36    13    10    14    0     33    32    34    40    27    23    17    4     35
12    26    31    5     15    3     25    28    29    39    23    38    0     18    17    4     36    14    13    21    24    19    37    10    20    6     1     30    7     8     27    2     40    34    33    35    16    22    11    9     32
34    9     14    15    24    25    32    12    28    1     16    30    7     21    2     3     10    29    22    33    26    13    18    35    4     5     20    31    8     17    11    27    6     19    0     23    36    40    39    38    37
24    12    25    22    11    35    19    9     17    7     15    4     1     29    23    10    28    8     20    6     18    31    3     14    0     2     32    33    16    13    34    21    26    27    30    5     39    37    40    36    38
35    30    17    4     3     13    18    8     7     14    26    12    11    5     9     16    15    2     6     20    19    33    34    24    23    29    10    28    27    25    1     32    31    21    22    0     37    36    38    40    39
23    31    5     12    13    2     22    29    14    24    27    16    3     4     8     32    11    21    33    25    35    17    6     0     9     19    30    10    34    7     26    1     15    18    28    20    40    38    37    39    36
3     2     1     0     6     7     4     5     10    11    8     9     14    15    12    13    18    19    16    17    22    23    20    21    26    27    24    25    30    31    28    29    34    35    32    33    38    39    36    37    40
