0     3     40    1     29    31    13    21    17    16    37    38    35    6     32    25    9     8     23    27    26    7     30    18    34    15    20    19    39    4     22    5     14    36    24    12    33    10    11    28    2
40    1     3     2     36    19    28    9     14    7     17    34    21    39    8     33    35    10    37    5     38    12    24    30    22    32    29    31    6     26    23    27    25    15    11    16    4     18    20    13    0
1     0     2     40    11    27    38    13    23    18    35    4     16    7     37    28    12    22    9     34    24    33    17    8     20    39    31    5     15    36    32    26    30    21    19    10    29    14    6     25    3
2     40    0     3     32    26    23    16    12    29    36    13    8     11    39    21    7     34    35    24    33    15    28    6     19    37    5     30    22    9     27    38    4     20    17    18    10    25    31    14    1
17    22    21    31    4     40    7     6     29    19    16    33    28    30    25    20    10    0     34    9     15    2     1     26    36    14    23    39    12    8     13    3     38    11    18    37    24    35    32    27    5
15    20    14    17    7     5     40    4     35    22    18    28    39    23    2     0     32    3     10    38    1     24    9     13    21    31    34    37    11    33    36    25    16    29    26    8     30    27    19    12    6
34    8     9     10    5     4     6     40    1     2     3     20    17    24    28    30    22    12    38    21    11    19    16    36    13    35    39    29    14    27    15    33    37    31    0     25    23    32    18    26    7
28    32    17    27    40    6     5     7     33    25    34    18    20    22    24    36    30    2     11    37    12    39    13    31    14    9     38    3     0     35    16    23    1     8     10    29    15    19    26    21    4
4     28    39    19    0     30    14    26    8     40    11    10    24    20    6     22    37    29    31    3     13    34    15    25    12    23    7     32    1     17    5     18    27    38    21    36    35    16    33    2     9
26    25    38    21    30    39    18    32    11    9     40    8     22    19    34    29    20    35    6     13    16    3     12    27    28    1     0     23    24    15    4     36    7     37    14    17    31    33    2     5     10
22    33    31    23    14    21    36    20    9     8     10    40    34    28    4     17    25    15    24    32    7     5     0     3     18    16    35    38    13    39    37    2     19    1     12    26    6     30    27    29    11
12    30    33    25    21    32    29    15    40    10    9     11    0     37    19    7     28    24    36    14    27    4     26    34    17    3     22    20    16    6     1     39    5     2     23    38    18    13    35    31    8
38    27    36    24    26    9     37    10    19    5     7     35    12    40    15    14    29    32    33    8     34    31    39    28    3     30    4     1     23    16    25    21    17    18    20    11    2     6     0     22    13
24    35    22    37    9     33    34    17    18    4     27    25    15    13    40    12    39    7     8     30    31    26    2     29    0     11    21    10    38    23    19    20    36    5     6     1     32    3     28    16    14
23    6     27    33    16    37    1     29    28    36    25    22    13    12    14    40    4     38    32    26    39    30    11    0     35    10    19    2     8     7     21    34    18    3     31    24    9     5     17    20    15
31    10    34    9     37    25    39    18    32    3     1     36    40    14    13    15    24    33    7     28    35    29    27    38    16    5     30    22    19    21    26    0     8     17    2     20    11    4     23    6     12
20    13    29    30    25    11    31    27    34    26    14    5     36    1     10    23    16    40    19    18    0     37    33    15    38    4     9     7     32    2     3     6     28    22    8     39    12    21    24    35    17
29    15    13    26    8     34    32    22    4     27    33    39    37    2     30    1     19    17    40    16    25    38    7     35    31    20    3     9     36    0     14    24    6     10    5     23    28    12    21    11    18
14    29    6     22    39    24    2     36    20    38    21    15    30    31    0     11    17    16    18    40    8     10    3     32    5     33    37    34    35    1     12    13    23    25    27    28    7     26    9     4     19
33    38    15    12    13    20    25    31    24    30    39    26    3     4     22    2     40    18    17    19    5     35    14    37    8     6     11    36    34    32    9     7     29    0     28    21    27    23    1     10    16
9     19    32    14    35    38    27    34    31    0     12    29    10    18    3     37    26    36    13    1     20    40    23    22    30    28    16    6     25    11    24    8     2     39    7     4     17    15    5     33    21
39    31    11    29    33    18    35    28    16    15    24    2     27    36    17    9     8     14    5     25    23    21    40    20    10    19    32    12    7     3     38    1     26    4     37    6     13    34    30    0     22
37    36    7     35    24    12    33    2     27    39    30    19    5     17    26    32    31    13    28    11    21    20    22    40    4     34    14    8     18    38    10    16    15    6     25    3     1     0     29    9     23
32    11    25    36    12    29    10    19    39    17    6     1     4     33    18    24    38    9     14    7     40    22    21    23    15    2     28    35    26    5     34    37    0     13    30    27    3     31    16    8     20
6     4     30    8     1     10    0     35    3     37    5     31    19    34    29    38    23    39    21    12    32    18    36    16    24    40    27    26    33    14    2     11    20    28    13    7     22    9     15    17    25
5     7     8     13    10    0     21    1     2     32    4     37    18    3     16    31    14    28    12    35    36    6     38    39    27    25    40    24    17    34    33    15    9     30    29    19    20    11    22    23    26
16    18    10    34    28    17    15    33    38    20    2     14    23    32    11    6     0     5     1     22    9     36    19    12    25    24    26    40    4     37    39    35    13    7     3     31    21    29    8     30    27
36    21    37    16    18    14    11    30    15    35    28    6     31    38    5     8     3     23    4     33    29    1     32    17    40    26    25    27    10    20    7     12    22    19    39    9     0     2     13    34    24
21    14    19    18    23    16    8     39    6     33    38    32    26    27    1     34    5     20    3     2     17    0     35    4     37    36    12    13    28    40    31    30    11    9     15    22    25    24    10    7     29
8     37    12    15    17    13    20    24    0     21    19    27    2     5     35    3     36    4     26    10    6     9     25    33    7     22    18    11    31    29    40    28    39    23    38    14    16    1     34    32    30
10    34    20    7     19    35    26    3     36    13    0     23    33    9     38    39    27    21    25    4     2     17    37    11    32    18    6     16    29    28    30    40    24    12    1     5     8     22    14    15    31
25    12    35    32    38    15    22    37    13    14    26    17    1     8     9     5     33    11    20    23    18    27    6     19    39    0     10    21    40    30    29    31    3     16    36    2     34    7     4     24    28
18    9     24    38    31    28    12    25    22    1     29    16    6     21    23    27    11    37    0     39    30    13    8     14    2     7     36    15    5     10    20    4     32    40    35    34    26    17    3     19    33
27    17    4     39    2     23    16    38    26    24    15    21    25    29    20    10    6     1     30    36    14    11    31    5     9     12    8     0     37    13    18    22    35    33    40    32    19    28    7     3     34
13    23    28    5     27    3     24    12    37    31    20    30    7     0     36    19    21    26    39    15    10    16    29    1     6     38    17    4     2     22    11    9     33    32    34    40    14    8     25    18    35
11    39    26    28    15    36    19    14    30    23    31    0     38    16    7     4     13    27    22    6     37    25    18    9     29    21    2     17    3     24    8     10    40    34    33    35    5     20    12    1     32
19    24    16    6     22    8     3     11    5     34    23    7     29    26    31    18    2     25    15    0     28    32    4     10    1     17    13    33    20    12    35    14    21    27    9     30    36    40    39    38    37
30    26    5     11    20    2     17    23    21    28    22    3     32    25    27    35    34    6     29    31    4     8     10    7     33    13    1     14    9     18    0     19    12    24    16    15    39    37    40    36    38
35    5     18    4     3     1     9     8     7     6     13    12    11    10    21    16    15    30    2     20    19    14    34    24    23    29    33    28    27    25    17    32    31    26    22    0     37    36    38    40    39
7     16    23    20    34    22    30    0     25    12    32    24    9     35    33    26    1     31    27    29    3     28    5     2     11    8     15    18    21    19    6     17    10    14    4     13    40    38    37    39    36
3     2     1     0     6     7     4     5     10    11    8     9     14    15    12    13    18    19    16    17    22    23    20    21    26    27    24    25    30    31    28    29    34    35    32    33    38    39    36    37    40
