30 37 2  20 19 18 31 4  25 40 6  22 27 17 42 5  15 41 39 35 9  33 3  14 10 32 23 21 29 24 12 7  16 36 13 1  11 0  8  34 38 26 28
0  29 26 18 17 30 36 24 39 5  21 33 16 3  4  14 19 38 34 25 32 2  41 9  31 22 8  28 23 11 13 15 35 20 6  10 1  7  40 37 12 42 27
38 32 31 3  21 41 19 18 5  26 34 1  23 28 20 42 6  16 14 40 24 10 27 4  15 11 33 37 22 30 25 13 8  17 39 7  0  12 2  9  35 36 29
33 41 39 32 4  22 14 29 19 6  20 35 0  24 37 21 42 1  17 15 27 25 11 28 5  16 12 18 38 23 31 26 7  9  36 40 8  2  13 3  10 34 30
14 15 27 40 33 5  23 25 30 41 1  21 36 2  35 38 22 42 0  18 13 28 26 12 29 6  17 10 19 39 24 32 20 8  11 37 34 9  3  7  4  16 31
16 24 15 28 34 27 6  3  26 31 14 0  22 37 17 36 39 23 42 2  18 7  29 20 13 30 1  9  11 41 40 25 33 21 5  12 38 35 10 4  8  19 32
25 1  17 16 29 35 28 38 4  20 32 15 2  23 41 18 37 40 24 42 0  19 8  30 21 7  31 22 10 12 14 34 26 27 9  6  13 39 36 11 5  3  33
3  14 1  19 13 17 7  36 8  33 25 24 37 6  31 2  12 28 40 23 42 11 21 26 0  4  32 39 9  20 16 38 29 15 35 30 18 41 22 5  27 10 34
15 8  4  0  41 7  18 1  37 9  27 26 25 38 11 32 3  13 29 34 33 42 12 22 20 2  5  16 40 10 21 17 39 30 28 36 31 19 14 23 6  24 35
9  19 16 5  2  14 8  39 0  38 10 28 20 26 25 12 33 4  7  30 6  27 42 13 23 21 3  31 17 34 11 22 18 40 1  29 37 32 41 15 24 35 36
41 9  10 17 6  3  15 20 40 2  39 11 29 21 36 26 13 27 5  8  4  1  28 42 7  24 22 34 32 18 35 12 23 19 25 0  30 38 33 14 16 31 37
10 16 14 11 18 1  4  22 21 34 3  40 12 30 32 37 20 7  28 6  23 5  0  29 42 8  25 41 35 33 19 36 13 24 17 26 2  31 39 27 15 9  38
17 5  11 15 12 19 0  31 23 22 35 4  34 13 10 33 38 21 8  29 26 24 6  2  30 42 9  25 14 36 27 41 37 7  16 18 20 3  32 40 28 1  39
6  2  18 12 16 13 41 7  32 24 23 36 5  35 0  11 27 39 22 9  10 20 25 1  3  31 42 8  26 15 37 28 14 38 29 17 19 21 4  33 34 30 40
29 20 12 34 5  37 25 21 10 7  26 41 24 14 6  15 40 32 31 1  17 38 9  19 35 3  30 42 18 28 33 8  11 39 2  16 27 23 0  36 22 13 4
21 26 30 13 35 6  38 15 22 11 8  20 14 25 7  1  16 34 33 32 31 18 39 10 41 36 4  40 42 19 29 27 9  12 23 3  17 28 24 2  37 0  5
20 39 22 31 7  36 1  26 16 23 12 9  21 15 2  8  0  17 35 27 5  32 19 40 11 14 37 13 34 42 41 30 28 10 38 24 4  18 29 25 3  33 6
40 0  21 23 32 8  37 16 20 17 24 13 10 22 27 3  9  2  18 36 38 6  33 41 34 12 15 11 7  35 42 14 31 29 4  39 25 5  19 30 26 28 1
2  38 34 22 24 33 9  23 17 21 18 25 7  11 29 28 4  10 3  19 16 39 1  27 14 35 13 30 12 8  36 42 15 32 20 5  40 26 6  41 31 37 0
39 10 3  35 23 25 27 12 24 18 22 19 26 8  38 30 29 5  11 4  7  17 40 0  28 15 36 33 31 13 9  37 42 16 32 21 6  34 20 1  14 41 2
5  7  28 8  22 40 29 35 18 3  11 6  31 33 16 41 32 26 30 20 12 21 2  38 37 13 19 1  15 25 4  9  36 23 24 34 39 14 17 0  42 27 10
8  30 6  29 9  23 34 27 36 19 4  12 1  32 28 17 14 33 20 31 41 13 22 3  39 38 7  24 0  16 26 5  10 37 42 25 35 40 15 18 2  21 11
31 35 9  1  30 10 24 33 28 37 41 5  13 0  22 29 18 15 27 21 8  14 7  23 4  40 39 38 25 2  17 20 6  11 3  42 26 36 34 16 19 32 12
36 25 32 10 0  31 11 2  27 29 38 14 6  7  33 23 30 19 16 28 40 9  15 8  24 5  34 12 39 26 3  18 21 1  41 4  42 20 37 35 17 22 13
26 12 37 33 11 2  32 8  3  28 30 39 15 1  23 27 24 31 41 17 35 34 10 16 9  25 6  0  13 40 20 4  19 22 18 14 5  42 21 38 36 29 7
13 33 20 38 27 12 3  0  9  4  29 31 40 16 30 24 28 25 32 14 1  36 35 11 17 10 26 23 2  7  34 21 5  41 37 19 15 6  42 22 39 18 8
27 4  7  21 39 28 13 17 2  10 5  30 32 34 19 31 25 29 26 33 20 0  37 36 12 18 11 14 24 3  8  35 22 6  40 38 41 16 1  42 23 15 9
24 21 8  42 31 4  2  14 12 35 15 29 3  36 5  25 10 18 13 38 34 23 20 39 33 37 27 19 28 9  0  1  41 26 7  22 32 11 16 6  30 40 17
22 3  25 9  42 32 5  37 15 13 36 16 30 4  34 6  26 11 19 7  28 35 24 21 40 27 38 20 41 29 10 2  0  14 31 8  23 33 12 17 1  39 18
4  6  23 26 10 42 33 5  38 16 7  37 17 31 40 35 1  20 12 41 39 29 36 25 22 34 28 15 21 14 30 11 3  2  0  32 9  24 27 13 18 8  19
1  27 5  24 20 11 42 32 6  39 17 8  38 18 9  34 36 0  21 13 29 40 30 37 26 23 35 3  16 22 15 31 12 4  19 2  33 10 25 28 7  14 41
28 42 0  6  25 21 12 19 33 1  40 18 9  39 15 10 35 37 2  22 36 30 34 31 38 20 24 5  4  17 23 16 32 13 8  41 3  27 11 26 29 7  14
42 13 29 2  1  26 22 40 41 27 0  34 19 10 8  16 11 36 38 3  25 37 31 35 32 39 21 7  6  5  18 24 17 33 30 9  14 4  28 12 20 23 15
7  23 42 30 3  0  20 11 34 14 28 2  35 41 24 9  17 12 37 39 22 26 38 32 36 33 40 27 8  1  6  19 25 18 21 31 10 15 5  29 13 4  16
23 18 13 37 14 29 39 28 31 15 42 38 11 9  21 19 5  22 36 10 3  12 32 17 25 41 0  4  30 27 2  40 1  34 26 35 16 8  7  20 33 6  24
19 40 24 7  38 15 30 10 29 32 16 42 39 12 1  22 41 6  23 37 2  4  13 33 18 26 14 35 5  31 28 3  34 0  27 20 36 17 9  8  21 11 25
34 31 41 25 8  39 16 13 11 30 33 17 42 40 12 0  23 14 1  24 15 3  5  7  27 19 20 2  36 6  32 29 4  35 22 28 21 37 18 10 9  38 26
32 17 35 14 26 9  40 34 7  12 31 27 18 42 39 13 2  24 15 0  21 16 4  6  8  28 41 36 3  37 1  33 30 5  10 23 29 22 38 19 11 25 20
18 34 33 36 15 20 10 42 35 8  13 32 28 19 26 40 7  3  25 16 14 22 17 5  1  9  29 6  37 4  38 0  27 31 12 11 24 30 23 39 41 2  21
35 11 19 27 37 16 21 41 42 36 9  7  33 29 3  20 34 8  4  26 30 15 23 18 6  0  10 32 1  38 5  39 2  28 14 13 12 25 31 24 40 17 22
12 22 36 41 28 38 17 30 14 42 37 10 8  27 18 4  21 35 9  5  11 31 16 24 19 1  2  29 33 0  39 6  40 3  34 15 7  13 26 32 25 20 23
11 28 40 4  36 24 26 9  13 25 19 23 41 20 14 39 31 30 6  12 37 8  18 34 2  29 16 17 27 32 7  10 38 42 15 33 22 1  35 21 0  5  3
37 36 38 39 40 34 35 6  1  0  2  3  4  5  13 7  8  9  10 11 19 41 14 15 16 17 18 26 20 21 22 23 24 25 33 27 28 29 30 31 32 12 42
