29 19 12 24 20 35 31 6  18 28 42 13 38 4  22 46 8  30 36 0  14 5  37 44 25 11 16 43 21 23 26 2  17 10 41 40 48 39 3  15 1  9  45 32 27 7  34 47 33
0  28 23 19 38 11 9  47 27 34 12 37 3  41 45 7  29 21 22 17 4  36 1  24 10 15 43 20 26 25 46 16 13 40 5  48 42 2  39 18 8  44 14 30 6  33 31 35 32
23 39 15 3  22 9  43 34 19 2  11 40 45 30 7  13 12 29 46 25 32 26 48 38 27 44 5  36 0  18 17 41 10 6  21 47 35 4  14 24 42 20 33 8  28 37 16 31 1
40 43 6  16 4  19 3  44 31 20 27 12 41 46 30 8  10 13 32 48 26 33 23 2  35 28 45 14 37 47 1  22 42 11 7  15 18 36 5  34 25 39 21 17 9  29 38 24 0
44 33 20 7  17 5  21 4  45 32 43 28 13 42 10 27 9  11 25 24 48 23 34 46 3  36 29 0  15 38 18 8  19 39 12 2  16 1  37 22 31 26 40 35 14 6  30 41 47
34 26 2  21 8  14 33 22 5  46 39 44 29 10 12 11 28 6  42 31 25 48 24 30 43 4  37 1  47 16 35 13 9  20 40 38 3  17 0  41 19 32 23 27 36 15 7  45 18
16 17 41 0  12 32 1  7  26 13 4  38 23 6  15 44 2  34 11 43 27 35 3  29 36 30 48 42 31 5  9  40 20 22 47 45 14 10 25 21 39 8  18 28 46 24 37 33 19
14 12 33 42 47 13 10 0  8  23 7  5  35 24 31 16 45 3  34 4  44 28 36 48 30 37 27 6  39 32 2  18 41 21 19 26 46 15 11 1  22 40 9  38 29 43 25 17 20
13 31 10 34 39 18 24 11 47 9  25 8  2  36 4  32 17 46 14 37 5  45 29 28 48 27 38 3  7  40 33 20 1  42 22 12 23 43 16 6  0  19 41 26 35 30 44 15 21
32 15 1  11 31 40 6  25 12 18 37 26 9  3  43 5  33 14 16 30 38 2  46 35 29 48 28 34 4  8  41 19 21 0  39 17 13 24 44 42 7  47 20 45 23 36 27 10 22
6  5  28 41 32 3  45 20 16 36 19 11 30 17 8  42 27 10 1  47 0  37 15 4  31 39 7  33 40 34 48 46 35 9  13 44 24 26 21 2  18 14 29 25 43 12 22 38 23
2  0  4  29 42 33 37 46 21 17 14 20 12 27 11 9  39 28 35 16 18 47 38 8  5  32 40 48 34 41 31 10 43 36 6  22 45 25 23 30 3  1  15 19 26 44 13 7  24
47 36 34 5  30 39 14 38 43 22 28 15 21 13 29 12 6  40 8  35 17 1  18 41 9  2  33 32 48 31 42 7  11 44 37 24 19 46 26 16 27 4  0  10 20 23 45 3  25
37 9  40 31 2  27 19 15 35 44 10 29 16 22 41 30 13 7  4  1  36 14 0  34 42 6  3  39 33 48 32 38 8  12 45 23 25 20 43 47 17 28 5  46 11 21 24 18 26
31 46 16 26 29 4  32 45 36 7  2  24 0  40 23 15 34 47 12 9  10 42 19 21 20 41 1  8  35 43 11 37 44 38 48 3  39 13 17 5  28 30 25 6  22 18 33 14 27
43 13 5  17 23 30 8  33 46 37 41 3  25 47 18 24 16 31 15 20 6  11 39 0  22 21 42 12 9  36 44 48 38 45 35 14 4  40 10 26 2  29 27 34 7  19 1  32 28
10 16 27 2  14 24 38 9  34 43 18 42 4  26 32 1  25 17 33 40 21 7  12 39 47 19 22 45 13 6  37 36 48 35 46 11 15 5  41 28 23 3  30 0  31 8  20 44 29
17 34 25 28 3  15 44 35 6  31 23 1  39 5  14 33 0  26 45 13 41 22 8  19 40 18 20 38 46 10 7  43 37 48 36 42 12 16 2  27 29 24 4  21 47 32 9  11 30
38 1  22 37 10 26 0  30 33 8  36 2  40 11 6  28 20 44 27 3  35 18 16 13 14 46 23 25 24 45 19 12 39 4  15 41 5  42 48 7  43 17 47 9  32 34 29 21 31
33 11 37 35 34 10 27 23 42 15 13 21 31 38 16 41 7  45 2  32 20 39 26 47 8  40 19 28 14 1  4  24 30 29 3  0  17 44 9  48 46 6  43 22 12 5  18 25 36
12 3  11 38 36 31 16 28 24 39 35 10 22 32 46 17 42 8  26 23 33 21 40 20 18 9  41 5  29 15 0  4  25 27 30 6  47 14 45 44 48 43 7  1  19 13 2  34 37
4  23 32 12 35 37 40 17 29 25 33 36 11 19 9  43 14 39 31 41 24 34 22 42 21 1  6  47 2  30 16 27 5  26 28 46 7  18 15 8  45 48 44 3  0  20 10 13 38
24 32 38 33 13 36 26 41 14 30 20 34 37 12 40 6  44 15 10 19 42 25 31 7  39 22 0  17 18 3  27 29 28 2  23 16 43 8  1  45 9  46 48 11 4  47 21 5  35
11 45 9  22 26 16 41 39 38 14 31 27 46 1  17 25 35 42 0  15 37 29 6  36 24 43 30 21 12 44 23 32 18 19 8  28 34 33 7  20 47 5  13 48 3  10 4  2  40
46 47 17 6  19 23 15 42 40 35 0  32 28 43 39 14 26 36 3  7  16 38 30 27 37 25 44 24 22 13 45 9  33 1  20 8  29 31 34 10 21 18 2  5  48 4  11 12 41
18 4  24 14 7  20 36 16 39 41 44 47 33 29 37 40 15 23 13 27 8  17 35 45 28 38 26 46 25 19 10 21 6  34 0  31 9  30 32 3  11 22 1  12 2  48 5  43 42
5  10 21 25 15 8  42 37 17 40 30 45 18 34 24 38 41 16 44 36 28 9  14 23 46 29 35 11 43 26 20 47 22 7  31 33 32 6  27 0  4  12 19 2  13 3  48 1  39
39 29 14 8  48 7  13 26 30 0  45 43 42 18 35 31 3  19 47 2  15 6  20 1  41 33 10 40 28 4  34 25 16 5  27 36 22 23 12 32 38 37 11 24 21 9  17 46 44
30 18 8  15 9  48 47 10 23 27 1  46 44 39 20 36 32 4  43 21 3  16 7  11 0  42 34 31 41 29 5  28 26 17 2  13 37 19 24 12 33 35 38 14 25 22 6  40 45
1  44 48 9  16 6  28 18 11 24 40 0  43 45 5  21 37 33 41 8  22 4  17 31 12 47 39 2  32 42 30 3  29 23 14 25 10 38 20 35 13 34 36 7  15 26 19 27 46
45 42 7  48 6  17 25 29 1  12 46 41 47 44 34 2  22 38 28 14 9  19 5  40 32 13 18 27 3  33 39 15 4  30 24 21 26 11 35 37 36 10 31 20 8  16 23 0  43
7  35 13 47 28 25 18 12 48 11 17 30 34 20 2  4  46 22 39 33 43 3  21 6  1  10 24 19 45 37 14 44 32 8  38 29 0  9  31 40 26 27 16 36 42 41 15 23 5
36 40 26 10 18 29 12 1  13 48 21 14 27 31 19 3  5  43 24 22 34 44 4  25 7  0  11 15 20 46 38 35 45 33 9  32 30 47 6  17 41 23 28 16 37 39 42 8  2
41 25 30 23 11 1  48 13 0  10 32 22 15 28 44 20 4  2  9  5  19 31 45 12 26 8  47 35 16 21 43 6  36 46 34 7  33 27 18 29 14 42 24 39 17 38 40 37 3
26 6  0  27 24 12 11 48 10 47 29 33 19 16 3  45 21 5  38 46 2  20 32 18 13 23 9  44 36 17 22 31 7  37 43 1  8  34 28 25 30 15 39 41 40 14 35 42 4
3  8  45 1  40 46 17 21 32 29 22 16 48 15 47 34 38 24 6  39 11 27 43 37 4  7  25 10 19 14 28 23 2  41 18 5  36 12 42 33 20 13 35 44 30 31 0  26 9
9  7  43 46 0  41 30 14 22 33 16 19 17 48 25 18 31 35 23 44 40 12 28 26 38 5  8  29 11 20 15 1  24 3  42 39 2  37 13 36 34 21 10 47 45 27 32 4  6
8  24 42 44 43 47 34 27 15 19 48 17 20 14 36 26 1  32 5  29 45 41 13 9  23 35 2  16 30 12 21 39 0  25 4  10 40 3  38 11 37 31 22 33 18 46 28 6  7
25 2  18 39 45 44 20 31 28 16 15 48 14 21 33 37 23 0  7  10 30 46 42 3  6  24 36 22 17 27 13 5  40 47 26 35 11 41 4  19 12 38 32 29 34 1  43 9  8
42 38 35 20 5  34 2  19 44 3  47 25 36 33 26 0  48 1  21 12 7  30 10 43 15 31 4  41 8  11 29 14 23 18 32 27 6  45 22 9  40 16 46 37 24 17 39 28 13
35 22 31 36 21 2  4  3  20 45 34 18 26 37 0  23 47 48 29 11 13 8  27 5  44 16 32 30 42 9  12 33 15 24 1  19 28 7  46 43 6  41 17 40 38 25 14 39 10
19 30 3  32 37 22 46 5  4  21 38 31 1  23 48 47 24 18 40 28 12 10 9  33 2  45 17 13 27 39 6  0  34 16 25 43 20 29 8  14 44 7  42 15 41 35 26 36 11
27 41 19 4  33 38 22 43 2  5  24 35 32 0  1  48 18 25 37 6  29 13 11 14 34 3  46 7  10 28 40 26 47 31 17 9  44 21 30 39 15 45 8  23 16 42 36 20 12
48 20 47 43 41 28 39 24 9  38 6  23 5  7  21 29 40 37 30 42 46 32 25 16 11 34 14 4  1  35 8  45 12 15 33 18 27 22 36 31 10 2  26 13 44 0  3  19 17
21 27 29 18 44 42 35 40 25 6  8  7  24 2  38 22 30 41 20 26 39 43 33 15 17 12 31 9  5  0  36 34 46 13 16 37 1  28 19 23 32 11 3  4  10 45 47 48 14
28 21 39 30 1  45 7  36 41 26 3  9  8  25 42 35 19 27 48 34 23 40 44 32 16 14 13 37 6  2  47 17 31 43 10 20 38 0  29 4  24 33 12 18 5  11 46 22 15
22 48 46 40 27 0  23 8  37 42 26 4  6  9  28 39 36 20 19 45 31 24 41 10 33 17 15 18 38 7  3  11 14 32 44 30 21 35 47 13 5  25 34 43 1  2  12 29 16
20 37 36 13 25 21 29 32 7  1  5  39 10 35 27 19 43 9  18 38 47 15 2  17 45 26 12 23 44 22 24 42 3  14 11 4  41 48 40 46 16 0  6  31 33 28 8  30 34
15 14 44 45 46 43 5  2  3  4  9  6  7  8  13 10 11 12 17 18 1  0  47 22 19 20 21 26 23 24 25 30 27 28 29 34 31 32 33 38 35 36 37 42 39 40 41 16 48
