1  3  48 4  2  0  24 13 46 39 22 35 36 31 20 47 10 29 30 7  38 27 42 17 18 37 14 9  34 43 44 25 8  21 16 41 6  45 32 15 28 23 40 11 12 19 26 33 5
48 5  3  0  1  2  12 45 38 21 34 29 30 19 46 9  28 41 6  37 26 47 16 35 36 13 8  33 42 23 24 7  20 15 40 43 44 31 14 27 22 11 10 17 18 25 32 39 4
4  2  0  48 5  3  30 25 14 47 40 23 24 37 32 21 42 11 12 31 8  39 28 43 44 19 38 15 10 35 36 45 26 9  22 17 18 7  46 33 16 29 34 41 6  13 20 27 1
3  4  5  2  48 1  18 31 26 15 42 41 6  25 38 33 22 43 44 13 32 9  40 29 30 45 20 39 16 11 12 37 46 27 10 23 24 19 8  47 34 17 28 35 36 7  14 21 0
5  0  4  1  3  48 36 19 32 27 16 43 44 7  26 39 34 23 24 45 14 33 10 41 6  31 46 21 40 17 18 13 38 47 28 11 12 25 20 9  42 35 22 29 30 37 8  15 2
2  48 1  5  0  4  44 37 20 33 28 17 18 45 8  27 40 35 36 25 46 15 34 11 12 7  32 47 22 41 6  19 14 39 42 29 30 13 26 21 10 43 16 23 24 31 38 9  3
42 40 16 28 34 22 11 48 9  7  6  8  29 5  47 31 36 20 41 2  33 45 24 14 35 1  15 19 44 38 23 0  27 37 12 46 43 3  21 13 30 26 18 32 17 4  39 25 10
41 23 43 17 29 35 9  6  48 10 8  7  21 24 1  42 32 37 15 36 3  34 46 25 39 30 0  16 20 45 47 18 2  28 38 13 27 44 4  22 14 31 26 19 33 12 5  40 11
18 30 36 44 12 24 8  10 7  48 11 9  38 22 25 0  43 33 26 16 37 4  35 47 46 40 31 2  17 21 14 42 19 3  29 39 32 28 45 5  23 15 41 27 20 34 13 1  6
31 25 19 37 45 13 10 9  11 8  48 6  34 39 23 26 2  44 42 27 17 38 5  30 22 47 41 32 3  12 40 15 43 20 4  24 16 33 29 46 1  18 0  36 28 21 35 14 7
26 14 32 20 38 46 7  11 10 6  9  48 45 35 40 18 27 3  31 43 28 12 39 1  13 23 42 36 33 4  25 41 16 44 21 5  19 17 34 24 47 0  15 2  37 29 22 30 8
15 47 27 33 21 39 48 8  6  11 7  10 4  46 30 41 19 28 0  32 44 29 13 40 5  14 18 43 37 34 1  26 36 17 45 22 2  20 12 35 25 42 31 16 3  38 24 23 9
22 42 34 40 28 10 43 2  27 19 36 32 17 48 15 13 12 14 35 4  47 37 6  26 11 0  39 45 30 20 41 5  21 25 44 8  29 1  33 7  18 46 24 38 23 3  9  31 16
43 11 23 35 41 29 33 44 3  28 20 37 15 12 48 16 14 13 27 30 5  42 38 7  21 6  2  40 46 31 9  36 1  22 26 45 47 24 0  34 8  19 32 25 39 18 4  10 17
6  24 44 18 30 36 38 34 45 4  29 21 14 16 13 48 17 15 8  28 31 1  43 39 32 22 7  3  41 47 46 10 37 0  23 27 20 42 25 2  35 9  11 33 26 40 19 5  12
25 37 7  45 19 31 22 39 35 46 5  24 16 15 17 14 48 12 40 9  29 32 0  44 42 33 23 8  4  36 28 47 11 38 2  18 10 21 43 26 3  30 1  6  34 27 41 20 13
38 32 26 8  46 20 25 23 40 30 47 1  13 17 16 12 15 48 45 41 10 24 33 2  37 43 34 18 9  5  19 29 42 6  39 3  31 11 22 44 27 4  21 0  7  35 28 36 14
33 21 39 27 9  47 0  26 18 41 31 42 48 14 12 17 13 16 3  46 36 11 25 34 1  38 44 35 19 10 4  20 24 43 7  40 5  32 6  23 45 28 37 22 2  8  30 29 15
40 28 10 34 16 42 35 5  39 13 24 46 43 0  33 25 6  38 23 48 21 19 18 20 41 3  47 7  12 32 17 1  9  45 36 26 11 4  27 31 44 14 30 8  29 2  15 37 22
29 43 41 11 35 17 47 30 1  40 14 25 39 44 2  34 26 7  21 18 48 22 20 19 33 36 4  42 8  13 27 12 0  10 46 37 15 6  5  28 32 45 38 31 9  24 3  16 23
44 12 24 36 6  30 26 42 31 0  41 15 8  40 45 3  35 27 20 22 19 48 23 21 14 34 37 5  43 9  38 28 13 2  11 47 46 16 7  1  29 33 17 39 32 10 25 4  18
13 31 45 25 37 7  16 27 43 32 2  36 28 9  41 46 4  30 22 21 23 20 48 18 10 15 35 38 1  44 42 39 29 14 3  6  34 47 17 8  0  24 5  12 40 33 11 26 19
32 8  14 46 26 38 37 17 28 44 33 3  31 29 10 36 47 5  19 23 22 18 21 48 45 11 16 30 39 0  7  43 40 24 15 4  25 35 42 12 9  2  27 1  13 41 34 6  20
9  39 33 15 47 27 4  38 12 29 45 34 1  32 24 11 37 42 48 20 18 23 19 22 2  46 6  17 31 40 5  8  44 41 25 16 3  26 30 43 13 10 7  28 0  14 36 35 21
16 10 40 22 42 34 17 3  33 37 44 20 41 4  9  19 30 46 43 1  39 31 12 8  29 48 27 25 24 26 11 2  47 13 18 38 23 5  15 45 6  32 36 14 35 0  21 7  28
11 35 17 41 23 43 21 12 4  34 38 45 47 36 5  10 20 31 9  44 0  40 32 13 27 24 48 28 26 25 39 6  3  42 14 19 33 18 1  16 46 7  8  37 15 30 2  22 29
30 44 6  12 36 18 46 22 13 5  35 39 32 42 37 1  11 21 14 10 45 2  41 33 26 28 25 48 29 27 20 40 7  4  43 15 8  34 19 0  17 47 23 9  38 16 31 3  24
45 19 31 7  13 37 40 47 23 14 1  30 22 33 43 38 0  6  34 15 11 46 3  36 28 27 29 26 48 24 16 21 41 8  5  44 42 9  35 20 2  12 4  18 10 39 17 32 25
20 38 46 32 8  14 31 41 42 18 15 0  7  23 34 44 39 2  37 35 16 6  47 4  25 29 28 24 27 48 45 17 22 36 9  1  13 43 10 30 21 3  33 5  19 11 40 12 26
39 15 21 47 33 9  2  32 36 43 19 16 3  8  18 35 45 40 5  38 30 17 7  42 48 26 24 29 25 28 0  46 12 23 37 10 4  14 44 11 31 22 13 34 1  20 6  41 27
10 22 28 42 40 16 29 4  21 45 12 38 23 2  39 7  44 26 11 3  15 25 36 46 43 5  9  37 18 14 35 48 33 31 30 32 17 0  47 19 24 8  6  20 41 1  27 13 34
23 17 11 29 43 41 39 24 5  22 46 13 27 18 3  40 8  45 47 6  4  16 26 37 15 44 1  10 38 19 33 30 48 34 32 31 9  12 2  42 20 25 14 7  21 36 0  28 35
12 36 18 6  24 44 14 40 25 1  23 47 46 28 19 4  41 9  38 42 7  5  17 27 20 16 45 0  11 39 32 34 31 48 35 33 26 10 13 3  43 21 29 15 8  22 37 2  30
37 45 13 19 7  25 42 15 41 26 0  18 10 47 29 20 5  36 28 39 43 8  1  12 40 21 17 46 2  6  34 33 35 32 48 30 22 27 11 14 4  44 3  24 16 9  23 38 31
46 26 38 14 20 8  19 43 16 36 27 2  37 11 42 24 21 1  13 29 40 44 9  0  7  41 22 12 47 3  31 35 34 30 33 48 45 23 28 6  15 5  39 4  25 17 10 18 32
27 9  47 39 15 21 3  20 44 17 37 28 0  38 6  43 25 22 2  14 24 41 45 10 4  8  36 23 13 42 48 32 30 35 31 34 1  46 18 29 7  16 19 40 5  26 12 11 33
34 16 42 10 22 28 23 1  47 25 30 14 35 3  27 45 18 8  29 0  9  13 44 32 17 2  21 31 6  46 43 4  15 7  24 20 41 48 39 37 36 38 12 26 11 5  33 19 40
17 29 35 43 11 23 15 18 0  42 26 31 9  30 4  28 46 19 33 24 2  10 14 45 47 12 3  22 32 7  21 44 5  16 8  25 39 36 48 40 38 37 20 13 27 6  1  34 41
24 18 12 30 44 6  32 16 19 2  43 27 20 10 31 5  29 47 46 34 25 3  11 15 8  42 13 4  23 33 26 22 45 1  17 9  38 40 37 48 41 39 35 21 14 28 7  0  36
19 7  25 13 31 45 28 33 17 20 3  44 42 21 11 32 1  24 16 47 35 26 4  6  34 9  43 14 5  18 10 27 23 46 0  12 40 39 41 38 48 36 2  30 22 15 29 8  37
8  46 20 26 14 32 45 29 34 12 21 4  25 43 22 6  33 0  7  17 42 30 27 5  19 35 10 44 15 1  13 11 28 18 47 2  37 41 40 36 39 48 9  3  31 23 16 24 38
47 33 9  21 27 15 5  46 24 35 13 22 2  26 44 23 7  34 1  8  12 43 31 28 0  20 30 11 45 16 3  14 6  29 19 42 48 38 36 41 37 40 25 10 4  32 18 17 39
14 20 8  38 32 26 13 35 22 24 39 5  19 41 28 30 9  4  25 11 34 36 15 3  31 17 40 6  21 2  37 23 10 12 27 0  7  29 16 18 33 1  47 48 45 43 42 44 46
21 27 15 9  39 33 1  14 30 23 25 40 5  20 36 29 31 10 4  26 6  35 37 16 3  32 12 41 7  22 2  38 18 11 13 28 0  8  24 17 19 34 45 42 48 46 44 43 47
28 34 22 16 10 40 41 0  15 31 18 26 11 1  21 37 24 32 17 5  27 7  30 38 23 4  33 13 36 8  29 3  39 19 6  14 35 2  9  25 12 20 44 46 43 48 47 45 42
35 41 29 23 17 11 27 36 2  16 32 19 33 6  0  22 38 25 39 12 1  28 8  31 9  18 5  34 14 37 15 24 4  40 20 7  21 30 3  10 26 13 46 45 47 44 48 42 43
36 6  30 24 18 12 20 28 37 3  17 33 26 34 7  2  23 39 32 40 13 0  29 9  38 10 19 1  35 15 8  16 25 5  41 21 14 22 31 4  11 27 43 47 46 42 45 48 44
7  13 37 31 25 19 34 21 29 38 4  12 40 27 35 8  3  18 10 33 41 14 2  24 16 39 11 20 0  30 22 9  17 26 1  36 28 15 23 32 5  6  48 44 42 47 43 46 45
0  1  2  3  4  5  6  7  8  9  10 11 12 13 14 15 16 17 18 19 20 21 22 23 24 25 26 27 28 29 30 31 32 33 34 35 36 37 38 39 40 41 42 43 44 45 46 47 48
