40 36 48 38 37 41 4  2  0  3  1  33 44 30 29 32 31 21 20 22 19 46 17 14 12 11 13 16 42 43 34 7  9  6  45 10 24 47 28 27 23 26 35 5  8  39 18 15 25
48 39 36 41 40 37 0  1  2  5  45 44 31 32 33 29 35 19 21 18 46 22 20 11 16 12 15 42 13 6  9  10 43 8  3  34 27 23 26 28 25 47 30 4  7  38 17 14 24
38 37 41 48 39 36 45 5  3  2  4  30 32 44 35 31 29 18 22 21 17 20 46 42 15 13 12 14 11 10 8  43 7  34 0  6  47 27 25 23 28 24 33 1  9  40 19 16 26
36 38 39 37 48 40 2  45 1  4  3  31 35 29 44 33 30 46 19 17 22 18 21 12 42 16 14 13 15 8  43 34 6  7  5  9  28 25 47 26 24 23 32 0  10 41 20 11 27
39 41 38 40 36 48 1  3  45 0  5  35 30 33 31 44 32 22 46 20 18 17 19 16 13 42 11 15 14 7  6  9  8  10 4  43 26 24 23 47 27 25 29 2  34 37 21 12 28
37 48 40 39 41 38 5  0  4  45 2  29 33 35 32 30 44 20 17 46 21 19 18 15 11 14 42 12 16 9  10 8  34 43 1  7  25 26 27 24 47 28 31 3  6  36 22 13 23
6  7  8  34 43 9  37 48 40 38 36 13 15 12 42 16 14 47 26 24 23 25 28 2  45 1  4  3  5  18 46 21 22 17 39 19 29 35 44 33 30 31 11 41 20 10 27 0  32
8  10 7  9  6  43 40 36 48 41 39 15 14 16 13 42 11 23 47 27 25 24 26 1  3  45 0  5  4  17 22 19 18 20 38 46 33 30 31 44 32 35 12 37 21 34 28 2  29
34 43 9  8  10 7  39 41 38 48 37 12 16 15 11 14 42 27 24 47 28 26 25 5  0  4  45 2  1  19 20 18 21 46 40 17 35 33 32 30 44 29 13 36 22 6  23 3  31
43 8  6  10 9  34 41 40 37 39 48 42 13 11 16 12 15 26 28 25 47 23 27 0  1  2  5  45 3  22 19 20 46 18 36 21 32 31 33 29 35 44 14 38 17 7  24 4  30
9  6  43 7  34 10 38 37 41 36 40 16 42 14 12 11 13 28 27 23 26 47 24 4  2  0  3  1  45 46 21 17 19 22 48 20 30 44 29 32 31 33 15 39 18 8  25 5  35
26 23 47 24 28 27 17 21 20 22 19 40 48 38 37 41 36 12 11 13 16 42 14 7  34 10 6  9  43 44 29 30 33 31 46 32 4  45 2  0  3  1  39 18 35 25 15 8  5
24 28 27 47 25 23 46 18 22 21 17 38 41 48 39 36 37 15 13 12 14 11 42 43 8  6  34 7  10 32 35 44 30 29 20 31 45 0  5  3  2  4  40 19 33 26 16 9  1
23 24 25 28 47 26 21 46 19 17 22 36 39 37 48 40 38 42 16 14 13 15 12 34 43 9  7  6  8  35 44 29 31 30 18 33 2  5  45 1  4  3  41 20 32 27 11 10 0
25 27 24 26 23 47 19 22 46 20 18 39 38 40 36 48 41 13 42 11 15 14 16 9  6  43 10 8  7  30 31 33 35 32 17 44 1  4  3  45 0  5  37 21 29 28 12 34 2
28 47 26 25 27 24 18 20 17 46 21 37 40 39 41 38 48 11 14 42 12 16 15 8  10 7  43 34 9  33 32 35 29 44 19 30 5  1  0  4  45 2  36 22 31 23 13 6  3
47 25 23 27 26 28 20 19 21 18 46 48 36 41 40 37 39 16 12 15 42 13 11 10 9  34 8  43 6  31 33 32 44 35 22 29 0  3  1  2  5  45 38 17 30 24 14 7  4
15 11 14 16 13 42 33 31 44 32 35 18 17 19 22 46 20 36 48 41 39 38 40 26 23 47 27 25 24 4  3  1  5  0  30 45 9  7  6  43 10 8  21 29 2  12 37 28 34
12 42 16 15 11 14 35 32 30 44 29 21 19 18 20 17 46 41 38 48 37 40 39 25 27 24 47 28 26 1  0  5  2  45 33 4  8  9  10 7  43 34 22 31 3  13 36 23 6
42 15 13 11 16 12 32 33 29 35 44 46 22 20 19 21 18 40 37 39 48 36 41 27 26 28 25 47 23 3  1  0  45 5  31 2  10 6  9  34 8  43 17 30 4  14 38 24 7
16 13 42 14 12 11 30 29 32 31 33 19 46 17 21 20 22 37 41 36 40 48 38 24 28 27 23 26 47 45 2  4  1  3  44 0  7  43 34 10 6  9  18 35 5  15 39 25 8
14 12 11 42 15 13 44 35 31 29 30 17 20 46 18 22 21 39 36 37 38 41 48 47 25 23 28 24 27 0  5  45 4  2  32 3  43 10 8  6  34 7  19 33 1  16 40 26 9
13 14 15 12 42 16 29 44 33 30 31 22 18 21 46 19 17 48 40 38 36 39 37 28 47 26 24 23 25 5  45 2  3  4  35 1  34 8  43 9  7  6  20 32 0  11 41 27 10
22 17 18 21 46 19 34 43 9  7  6  3  5  2  45 1  4  44 33 30 31 35 29 37 48 40 38 36 39 25 47 28 23 24 8  26 12 15 42 16 14 13 0  10 27 20 32 41 11
18 20 17 19 22 46 9  6  43 10 8  5  4  1  3  45 0  31 44 32 35 30 33 40 36 48 41 39 38 24 23 26 25 27 7  47 16 14 13 42 11 15 2  34 28 21 29 37 12
21 46 19 18 20 17 8  10 7  43 34 2  1  5  0  4  45 32 30 44 29 33 35 39 41 38 48 37 40 26 27 25 28 47 9  24 15 16 11 14 42 12 3  6  23 22 31 36 13
46 18 22 20 19 21 10 9  34 8  43 45 3  0  1  2  5  33 29 35 44 31 32 41 40 37 39 48 36 23 26 27 47 25 6  28 11 13 16 12 15 42 4  7  24 17 30 38 14
19 22 46 17 21 20 7  34 10 6  9  1  45 4  2  0  3  29 32 31 33 44 30 38 37 41 36 40 48 47 28 24 26 23 43 27 14 42 12 11 13 16 5  8  25 18 35 39 15
17 21 20 46 18 22 43 8  6  34 7  4  0  45 5  3  2  35 31 29 30 32 44 48 39 36 37 38 41 27 25 47 24 28 10 23 42 11 15 13 12 14 1  9  26 19 33 40 16
4  2  0  45 5  3  42 15 13 12 14 24 27 47 25 23 28 8  6  34 7  10 43 44 35 31 29 30 32 41 39 48 38 37 11 36 46 20 18 22 21 17 26 16 40 1  9  33 19
5  0  4  1  3  45 16 13 42 11 15 25 24 26 23 47 27 6  43 10 8  7  9  33 31 44 32 35 30 38 36 40 39 41 14 48 19 17 22 46 20 18 28 12 37 2  34 29 21
3  4  5  2  45 1  12 42 16 14 13 23 25 28 47 26 24 43 9  7  6  8  34 29 44 33 30 31 35 39 48 37 36 38 15 40 21 18 46 19 17 22 27 11 41 0  10 32 20
1  3  45 4  2  0  14 12 11 13 16 26 47 24 28 27 23 34 10 6  9  43 7  30 29 32 31 33 44 48 37 38 40 36 42 41 17 46 21 20 22 19 25 15 39 5  8  35 18
45 5  3  0  1  2  11 16 12 15 42 47 23 27 26 28 25 9  34 8  43 6  10 32 33 29 35 44 31 36 40 41 48 39 13 37 20 22 19 21 18 46 24 14 38 4  7  30 17
7  34 10 43 8  6  48 39 36 37 38 14 11 42 15 13 12 25 23 28 24 27 47 45 5  3  2  4  0  20 18 46 17 21 41 22 44 32 35 31 29 30 16 40 19 9  26 1  33
2  45 1  5  0  4  15 11 14 42 12 28 26 25 27 24 47 10 7  43 34 9  8  35 32 30 44 29 33 40 41 39 37 48 16 38 18 19 20 17 46 21 23 13 36 3  6  31 22
31 30 35 29 44 33 28 47 26 24 23 6  8  34 43 9  7  45 1  4  3  5  2  21 46 19 17 22 18 15 42 12 13 14 25 16 37 39 48 40 38 36 10 27 11 32 0  20 41
30 29 32 44 35 31 47 25 23 28 24 7  10 43 8  6  34 5  3  2  4  0  45 46 18 22 21 17 20 11 15 42 14 12 27 13 48 41 39 36 37 38 9  26 16 33 1  19 40
35 32 30 33 31 44 26 23 47 27 25 8  7  9  6  43 10 3  45 0  5  4  1  19 22 46 20 18 17 14 13 16 15 11 24 42 40 38 36 48 41 39 34 28 12 29 2  21 37
29 44 33 35 32 30 25 27 24 47 28 34 9  8  10 7  43 0  4  45 2  1  5  18 20 17 46 21 19 16 11 15 12 42 26 14 39 40 41 38 48 37 6  23 13 31 3  22 36
44 35 31 32 33 29 27 26 28 25 47 43 6  10 9  34 8  1  2  5  45 3  0  20 19 21 18 46 22 13 16 11 42 15 23 12 41 36 40 37 39 48 7  24 14 30 4  17 38
33 31 44 30 29 32 24 28 27 23 26 9  43 7  34 10 6  2  0  3  1  45 4  17 21 20 22 19 46 42 12 14 16 13 47 11 38 48 37 41 36 40 8  25 15 35 5  18 39
27 26 28 23 24 25 22 17 18 19 20 41 37 36 38 39 40 14 15 16 11 12 13 6  7  8  9  10 34 29 30 31 32 33 21 35 3  2  4  5  1  0  48 46 44 47 42 43 45
10 9  34 6  7  8  36 38 39 40 41 11 12 13 14 15 16 24 25 26 27 28 23 3  4  5  1  0  2  21 17 22 20 19 37 18 31 29 30 35 33 32 42 48 46 43 47 45 44
0  1  2  3  4  5  13 14 15 16 11 27 28 23 24 25 26 7  8  9  10 34 6  31 30 35 33 32 29 37 38 36 41 40 12 39 22 21 17 18 19 20 47 42 48 45 43 44 46
41 40 37 36 38 39 3  4  5  1  0  32 29 31 30 35 33 17 18 19 20 21 22 13 14 15 16 11 12 34 7  6  10 9  2  8  23 28 24 25 26 27 44 45 43 48 46 42 47
11 16 12 13 14 15 31 30 35 33 32 20 21 22 17 18 19 38 39 40 41 37 36 23 24 25 26 27 28 2  4  3  0  1  29 5  6  34 7  8  9  10 46 44 45 42 48 47 43
20 19 21 22 17 18 6  7  8  9  10 0  2  3  4  5  1  30 35 33 32 29 31 36 38 39 40 41 37 28 24 23 27 26 34 25 13 12 14 15 16 11 45 43 47 46 44 48 42
32 33 29 31 30 35 23 24 25 26 27 10 34 6  7  8  9  4  5  1  0  2  3  22 17 18 19 20 21 12 14 13 11 16 28 15 36 37 38 39 40 41 43 47 42 44 45 46 48
