30 40 33 29 32 28 31 1  4  0  5  2  6  3  35 39 38 36 34 41 37 42 44 48 47 46 43 45 18 17 16 15 14 20 26 21 23 25 27 24 19 22 7  9  13 8  10 11 12
32 29 28 31 40 30 33 3  1  4  0  5  2  6  41 37 35 39 38 36 34 44 48 47 46 43 45 42 16 15 14 20 19 18 27 22 24 26 21 25 17 23 13 8  12 7  9  10 11
28 32 31 40 30 33 29 4  0  5  2  6  3  1  38 36 34 41 37 35 39 45 42 44 48 47 46 43 20 19 18 17 16 15 25 27 22 24 26 23 14 21 8  10 7  9  11 12 13
33 30 29 32 28 31 40 0  5  2  6  3  1  4  34 41 37 35 39 38 36 43 45 42 44 48 47 46 15 14 20 19 18 17 24 26 21 23 25 22 16 27 9  11 8  10 12 13 7
31 28 40 30 33 29 32 5  2  6  3  1  4  0  37 35 39 38 36 34 41 46 43 45 42 44 48 47 17 16 15 14 20 19 23 25 27 22 24 21 18 26 10 12 9  11 13 7  8
29 33 32 28 31 40 30 2  6  3  1  4  0  5  39 38 36 34 41 37 35 47 46 43 45 42 44 48 19 18 17 16 15 14 22 24 26 21 23 27 20 25 11 13 10 12 7  8  9
40 31 30 33 29 32 28 6  3  1  4  0  5  2  36 34 41 37 35 39 38 48 47 46 43 45 42 44 14 20 19 18 17 16 21 23 25 27 22 26 15 24 12 7  11 13 8  9  10
23 25 21 26 24 22 27 35 38 34 37 39 36 41 10 7  11 8  12 9  13 30 32 40 29 31 33 28 43 48 45 47 42 46 4  3  2  0  1  5  44 6  15 19 20 17 14 16 18
26 21 24 22 27 25 23 39 36 41 35 38 34 37 7  11 8  12 9  13 10 29 31 33 28 30 32 40 44 43 48 45 47 42 6  5  4  3  2  1  46 0  16 20 14 18 15 17 19
22 24 27 25 23 21 26 38 34 37 39 36 41 35 11 8  12 9  13 10 7  28 30 32 40 29 31 33 46 44 43 48 45 47 0  1  6  5  4  2  42 3  17 14 15 19 16 18 20
25 27 23 21 26 24 22 36 41 35 38 34 37 39 8  12 9  13 10 7  11 40 29 31 33 28 30 32 42 46 44 43 48 45 3  2  0  1  6  4  47 5  18 15 16 20 17 19 14
21 23 26 24 22 27 25 34 37 39 36 41 35 38 12 9  13 10 7  11 8  33 28 30 32 40 29 31 47 42 46 44 43 48 5  4  3  2  0  6  45 1  19 16 17 14 18 20 15
24 26 22 27 25 23 21 41 35 38 34 37 39 36 9  13 10 7  11 8  12 32 40 29 31 33 28 30 45 47 42 46 44 43 1  6  5  4  3  0  48 2  20 17 18 15 19 14 16
27 22 25 23 21 26 24 37 39 36 41 35 38 34 13 10 7  11 8  12 9  31 33 28 30 32 40 29 48 45 47 42 46 44 2  0  1  6  5  3  43 4  14 18 19 16 20 15 17
20 16 17 14 18 15 19 32 30 28 33 31 29 40 24 27 23 26 22 25 21 13 12 11 10 9  8  7  36 38 39 35 37 41 42 48 46 45 44 43 34 47 1  0  3  4  5  2  6
17 20 14 18 15 19 16 28 33 31 29 40 32 30 22 25 21 24 27 23 26 8  7  13 12 11 10 9  35 37 41 34 36 38 43 42 48 46 45 47 39 44 0  2  4  5  6  3  1
14 17 18 15 19 16 20 31 29 40 32 30 28 33 27 23 26 22 25 21 24 10 9  8  7  13 12 11 34 36 38 39 35 37 47 43 42 48 46 44 41 45 2  3  5  6  1  4  0
18 14 15 19 16 20 17 40 32 30 28 33 31 29 25 21 24 27 23 26 22 12 11 10 9  8  7  13 39 35 37 41 34 36 44 47 43 42 48 45 38 46 3  4  6  1  0  5  2
15 18 19 16 20 17 14 30 28 33 31 29 40 32 23 26 22 25 21 24 27 7  13 12 11 10 9  8  41 34 36 38 39 35 45 44 47 43 42 46 37 48 4  5  1  0  2  6  3
19 15 16 20 17 14 18 33 31 29 40 32 30 28 21 24 27 23 26 22 25 9  8  7  13 12 11 10 38 39 35 37 41 34 46 45 44 47 43 48 36 42 5  6  0  2  3  1  4
16 19 20 17 14 18 15 29 40 32 30 28 33 31 26 22 25 21 24 27 23 11 10 9  8  7  13 12 37 41 34 36 38 39 48 46 45 44 47 42 35 43 6  1  2  3  4  0  5
38 41 37 36 35 34 39 15 17 19 14 16 18 20 47 45 48 43 44 46 42 4  1  3  6  2  5  0  24 21 25 22 26 23 8  13 11 9  7  10 27 12 28 31 30 33 29 40 32
39 34 41 38 37 36 35 14 16 18 20 15 17 19 42 47 45 48 43 44 46 2  5  0  4  1  3  6  21 25 22 26 23 27 11 9  7  12 10 13 24 8  29 32 31 40 30 28 33
35 36 34 39 41 38 37 20 15 17 19 14 16 18 46 42 47 45 48 43 44 1  3  6  2  5  0  4  25 22 26 23 27 24 7  12 10 8  13 9  21 11 30 33 32 28 31 29 40
37 38 36 35 34 39 41 19 14 16 18 20 15 17 44 46 42 47 45 48 43 5  0  4  1  3  6  2  22 26 23 27 24 21 10 8  13 11 9  12 25 7  31 40 33 29 32 30 28
41 39 38 37 36 35 34 18 20 15 17 19 14 16 43 44 46 42 47 45 48 3  6  2  5  0  4  1  26 23 27 24 21 25 13 11 9  7  12 8  22 10 32 28 40 30 33 31 29
34 35 39 41 38 37 36 17 19 14 16 18 20 15 48 43 44 46 42 47 45 0  4  1  3  6  2  5  23 27 24 21 25 22 9  7  12 10 8  11 26 13 33 29 28 31 40 32 30
36 37 35 34 39 41 38 16 18 20 15 17 19 14 45 48 43 44 46 42 47 6  2  5  0  4  1  3  27 24 21 25 22 26 12 10 8  13 11 7  23 9  40 30 29 32 28 33 31
44 47 45 46 48 42 43 21 27 26 25 24 23 22 3  5  1  2  4  6  0  19 17 15 20 18 16 14 11 7  10 13 9  12 31 28 32 29 33 40 8  30 37 36 34 39 41 35 38
47 43 44 45 46 48 42 23 22 21 27 26 25 24 2  4  6  0  3  5  1  15 20 18 16 14 19 17 9  12 8  11 7  10 28 32 29 33 30 31 13 40 38 37 35 34 39 36 41
43 42 47 44 45 46 48 25 24 23 22 21 27 26 0  3  5  1  2  4  6  18 16 14 19 17 15 20 7  10 13 9  12 8  32 29 33 30 40 28 11 31 41 38 36 35 34 37 39
42 48 43 47 44 45 46 27 26 25 24 23 22 21 1  2  4  6  0  3  5  14 19 17 15 20 18 16 12 8  11 7  10 13 29 33 30 40 31 32 9  28 39 41 37 36 35 38 34
48 46 42 43 47 44 45 22 21 27 26 25 24 23 6  0  3  5  1  2  4  17 15 20 18 16 14 19 10 13 9  12 8  11 33 30 40 31 28 29 7  32 34 39 38 37 36 41 35
46 45 48 42 43 47 44 24 23 22 21 27 26 25 5  1  2  4  6  0  3  20 18 16 14 19 17 15 8  11 7  10 13 9  30 40 31 28 32 33 12 29 35 34 41 38 37 39 36
8  13 10 12 7  9  11 45 43 46 47 48 44 42 28 40 33 32 31 30 29 36 39 37 34 38 35 41 1  5  3  0  6  4  18 14 17 20 16 15 2  19 25 23 26 24 22 21 27
7  12 9  11 13 8  10 42 45 43 46 47 48 44 30 29 28 40 33 32 31 39 37 34 38 35 41 36 3  0  6  4  2  1  16 19 15 18 14 20 5  17 26 24 27 25 23 22 21
13 11 8  10 12 7  9  44 42 45 43 46 47 48 32 31 30 29 28 40 33 37 34 38 35 41 36 39 6  4  2  1  5  3  14 17 20 16 19 18 0  15 27 25 21 26 24 23 22
12 10 7  9  11 13 8  48 44 42 45 43 46 47 40 33 32 31 30 29 28 34 38 35 41 36 39 37 2  1  5  3  0  6  19 15 18 14 17 16 4  20 21 26 22 27 25 24 23
11 9  13 8  10 12 7  47 48 44 42 45 43 46 29 28 40 33 32 31 30 38 35 41 36 39 37 34 5  3  0  6  4  2  17 20 16 19 15 14 1  18 22 27 23 21 26 25 24
9  7  11 13 8  10 12 43 46 47 48 44 42 45 33 32 31 30 29 28 40 41 36 39 37 34 38 35 4  2  1  5  3  0  20 16 19 15 18 17 6  14 24 22 25 23 21 27 26
45 44 46 48 42 43 47 26 25 24 23 22 21 27 4  6  0  3  5  1  2  16 14 19 17 15 20 18 13 9  12 8  11 7  40 31 28 32 29 30 10 33 36 35 39 41 38 34 37
10 8  12 7  9  11 13 46 47 48 44 42 45 43 31 30 29 28 40 33 32 35 41 36 39 37 34 38 0  6  4  2  1  5  15 18 14 17 20 19 3  16 23 21 24 22 27 26 25
4  3  5  6  1  0  2  7  8  9  10 11 12 13 15 16 17 18 19 20 14 26 27 21 22 23 24 25 32 33 40 28 29 30 36 37 38 41 39 35 31 34 45 46 42 43 47 48 44
0  1  2  3  4  5  6  8  9  10 11 12 13 7  17 18 19 20 14 15 16 25 26 27 21 22 23 24 30 31 32 33 40 28 41 39 34 35 36 38 29 37 43 47 45 46 48 44 42
2  0  3  4  5  6  1  10 11 12 13 7  8  9  14 15 16 17 18 19 20 23 24 25 26 27 21 22 33 40 28 29 30 31 38 41 39 34 35 37 32 36 47 44 46 48 42 45 43
6  5  1  0  2  3  4  11 12 13 7  8  9  10 16 17 18 19 20 14 15 22 23 24 25 26 27 21 31 32 33 40 28 29 34 35 36 37 38 39 30 41 48 42 47 44 45 43 46
3  2  4  5  6  1  0  12 13 7  8  9  10 11 18 19 20 14 15 16 17 21 22 23 24 25 26 27 29 30 31 32 33 40 37 38 41 39 34 36 28 35 44 45 48 42 43 46 47
5  4  6  1  0  2  3  9  10 11 12 13 7  8  19 20 14 15 16 17 18 24 25 26 27 21 22 23 28 29 30 31 32 33 35 36 37 38 41 34 40 39 46 48 43 47 44 42 45
1  6  0  2  3  4  5  13 7  8  9  10 11 12 20 14 15 16 17 18 19 27 21 22 23 24 25 26 40 28 29 30 31 32 39 34 35 36 37 41 33 38 42 43 44 45 46 47 48
