0  3  60 1  20 54 23 52 42 39 48 35 17 50 49 30 40 12 56 26 4  28 38 6  36 44 19 59 21 34 15 41 47 43 29 11 24 46 22 9  16 31 8  33 25 57 37 32 10 14 13 55 7  58 5  51 18 45 53 27 2
60 1  3  2  19 44 41 16 14 25 59 46 28 35 8  51 7  56 53 4  33 40 42 54 38 9  39 55 12 48 32 49 30 20 47 13 50 45 24 26 21 6  22 58 5  37 11 34 29 31 36 15 57 18 23 27 17 52 43 10 0
1  0  2  60 16 18 55 51 37 36 44 17 46 57 26 59 4  11 5  58 42 30 39 43 29 56 14 38 32 24 21 33 28 31 54 45 9  8  27 22 49 50 20 23 10 35 12 52 53 40 41 7  47 48 34 6  25 13 19 15 3
2  60 0  3  52 49 39 41 34 32 26 37 56 47 24 21 43 46 45 23 27 15 40 19 14 57 10 20 44 38 53 36 9  55 8  42 31 11 29 6  22 7  35 16 28 18 17 13 54 5  59 58 4  30 48 33 12 25 51 50 1
44 10 33 51 4  60 7  6  30 42 1  48 57 26 41 17 31 15 50 59 25 34 35 55 37 20 13 45 54 43 8  16 49 2  21 22 40 24 47 53 36 14 9  29 0  27 56 38 11 32 18 3  58 39 28 23 46 12 52 19 5
30 43 27 19 7  5  60 4  57 28 24 42 59 25 35 54 20 47 38 3  16 46 41 49 10 13 36 2  9  55 0  37 53 52 51 14 26 31 18 45 48 22 11 1  58 39 21 17 40 23 56 34 33 32 15 29 50 8  44 12 6
59 18 12 13 5  4  6  60 25 52 34 40 2  3  37 48 57 32 1  24 29 35 49 27 19 8  50 23 42 20 33 58 17 30 10 21 45 14 44 47 11 53 28 51 38 36 55 39 15 22 26 43 9  41 56 46 54 16 31 0  7
38 28 35 46 60 6  5  7  40 18 57 34 16 55 50 23 12 41 9  31 59 43 52 15 30 53 42 33 1  49 24 19 48 27 11 2  47 56 0  58 8  17 26 21 54 51 3  36 32 29 14 45 22 25 44 13 37 10 39 20 4
47 33 50 18 35 26 15 39 8  60 11 10 29 27 20 6  46 51 3  52 14 44 30 38 31 48 5  13 53 12 22 24 42 1  45 4  57 41 23 7  58 37 32 49 21 34 16 0  25 43 2  17 19 28 59 56 55 36 40 54 9
51 37 48 40 46 47 29 30 11 9  60 8  38 41 21 58 26 28 24 54 52 14 32 31 18 45 16 57 17 6  7  23 22 59 43 49 53 1  12 55 3  13 56 34 50 25 4  5  2  35 44 0  20 36 19 39 42 27 15 33 10
17 19 49 55 59 22 28 14 9  8  10 60 48 56 7  53 30 0  39 1  35 38 5  32 41 58 33 47 6  46 16 45 23 26 42 20 51 54 21 18 44 24 34 52 40 31 29 27 12 2  57 36 43 15 37 3  13 50 25 4  11
41 52 26 30 27 55 19 15 60 10 9  11 54 18 17 7  50 14 13 6  43 49 56 34 40 47 2  4  51 42 3  35 38 58 23 31 44 53 32 59 24 0  29 20 36 48 57 25 45 21 16 28 1  37 12 5  22 46 33 39 8
10 7  55 20 53 37 46 1  21 35 0  33 12 60 15 14 28 48 25 34 3  8  26 30 50 18 22 56 16 44 23 59 45 11 19 9  41 5  49 57 52 36 51 47 29 32 6  43 17 38 24 42 40 4  58 2  27 39 54 31 13
53 54 29 39 49 34 47 43 52 33 16 44 15 13 60 12 10 38 36 27 28 55 46 35 57 51 32 19 20 2  56 48 26 9  5  23 18 40 17 3  37 59 45 7  11 42 22 6  31 4  58 25 8  0  1  21 30 24 50 41 14
18 20 11 44 47 40 43 57 33 54 50 2  13 12 14 60 32 26 0  21 1  19 25 53 28 22 17 31 24 45 34 27 16 8  30 48 52 51 41 42 5  38 39 6  3  29 58 4  35 56 10 37 36 23 9  59 49 7  46 55 15
5  38 28 31 29 0  25 34 48 16 20 23 60 14 13 15 9  43 47 22 10 36 19 11 51 6  58 40 2  4  54 3  59 45 7  53 21 49 1  56 27 44 52 17 41 33 50 18 8  37 46 24 42 35 30 57 39 55 26 32 12
29 12 31 54 33 39 49 28 23 58 56 25 1  30 52 26 16 60 19 18 45 51 57 8  59 11 15 41 7  0  13 2  36 4  40 44 32 55 46 5  34 27 53 48 35 20 38 50 43 6  47 21 14 42 3  37 10 22 9  24 17
48 40 14 7  43 9  31 3  54 5  12 26 10 42 2  29 19 17 60 16 50 56 44 37 52 36 11 53 47 15 49 6  58 57 55 39 25 23 45 35 1  46 13 4  22 38 41 28 0  30 20 59 24 27 8  34 21 33 32 51 18
49 41 38 34 28 27 53 24 45 30 23 36 40 44 56 57 17 16 18 60 51 42 37 10 7  52 31 5  4  58 9  26 39 48 3  46 11 22 2  32 12 1  21 59 13 8  35 55 33 0  54 20 25 6  50 47 14 15 29 43 19
46 59 20 49 10 23 40 25 13 14 4  24 41 8  9  45 60 18 17 19 2  54 33 5  11 7  37 52 38 35 43 53 51 22 36 29 34 26 28 50 6  12 58 30 57 15 0  56 55 3  39 32 27 31 21 48 47 44 42 1  16
25 8  58 56 44 45 9  36 1  6  53 32 27 40 33 35 39 55 26 42 20 60 23 22 46 0  18 12 37 52 48 51 11 14 50 15 7  28 43 16 13 57 19 38 4  5  24 59 30 54 34 31 29 10 49 17 3  41 2  47 21
45 17 52 36 24 53 26 13 29 19 58 39 44 7  54 31 27 1  33 9  23 21 60 20 4  38 6  16 57 8  47 15 46 18 37 50 3  34 25 11 56 51 48 55 12 0  32 30 42 59 35 41 2  5  14 43 40 28 10 49 22
7  36 54 9  8  24 16 0  4  3  41 28 43 48 59 33 6  53 29 45 21 20 22 60 5  55 47 44 11 18 35 46 40 15 39 30 1  58 52 34 32 10 50 12 27 19 31 26 13 57 42 56 38 17 2  25 51 49 37 14 23
27 13 56 5  40 3  59 11 46 50 39 7  42 1  29 34 38 33 32 49 60 22 21 23 48 43 52 0  41 14 51 44 18 17 15 54 55 57 16 10 4  28 12 25 31 53 8  58 24 19 9  30 26 45 35 36 2  37 47 6  20
33 15 13 28 34 41 11 9  55 7  22 6  45 2  44 1  53 39 30 40 54 37 10 47 24 60 27 26 3  57 18 56 50 0  4  52 43 21 51 17 19 5  59 36 14 12 49 23 58 46 32 38 35 16 20 8  31 29 48 42 25
4  45 23 42 0  51 48 31 15 37 21 50 52 34 55 8  47 30 40 53 44 10 59 2  27 25 60 24 46 41 17 7  54 39 13 57 49 9  58 33 18 29 3  56 20 1  28 16 6  36 11 5  12 19 32 14 43 35 38 22 26
37 29 17 33 32 57 35 54 36 15 55 14 47 49 11 9  58 2  51 46 31 50 43 28 25 24 26 60 23 1  40 20 4  3  53 6  8  0  56 48 30 52 44 22 42 59 19 12 39 13 21 18 41 34 7  10 38 5  16 45 27
6  30 18 12 48 38 0  29 19 34 37 45 3  52 42 46 51 22 2  8  56 41 17 59 60 26 25 27 35 7  1  39 55 49 9  28 58 10 5  31 50 21 14 57 53 11 15 54 4  33 40 16 13 44 47 32 20 43 36 23 24
57 16 59 14 50 17 34 12 49 47 42 56 7  37 3  32 1  5  54 55 40 45 51 52 44 33 41 36 28 60 31 30 15 25 6  58 27 13 48 46 20 26 10 53 24 21 39 9  38 8  4  22 23 43 18 19 11 0  35 2  29
40 39 57 50 17 11 52 33 44 20 51 5  21 24 53 43 34 4  37 56 9  12 58 45 13 32 48 49 31 29 60 28 25 7  16 47 46 18 59 1  0  54 55 15 8  23 36 35 26 27 3  10 6  14 41 42 19 2  22 38 30
54 55 47 37 22 15 44 18 35 24 13 53 51 10 58 5  56 36 7  50 57 52 4  42 9  49 45 32 29 28 30 60 27 38 46 8  17 3  33 43 59 48 23 39 6  26 34 2  41 25 19 12 21 11 0  1  16 20 14 40 31
11 47 4  21 2  12 32 53 56 44 52 0  5  22 39 36 33 58 20 25 18 3  13 50 55 19 51 42 60 30 29 31 6  16 49 41 15 59 40 14 38 35 27 45 9  43 48 1  46 34 23 26 10 7  57 24 8  54 17 37 28
8  27 15 22 13 21 58 37 0  40 18 43 24 4  36 2  52 31 10 44 38 5  3  39 12 41 49 1  59 54 55 17 32 60 35 34 14 7  20 23 9  25 47 11 19 50 53 42 56 26 45 57 16 46 29 30 48 51 6  28 33
36 14 16 10 31 56 38 49 20 41 3  54 58 59 1  19 2  37 42 15 8  48 45 57 43 46 55 29 39 27 44 4  35 33 60 32 0  17 6  28 47 9  18 24 30 22 25 40 21 7  52 53 50 51 11 26 5  23 12 13 34
16 31 22 45 37 25 42 23 18 57 28 15 36 51 46 11 0  20 8  41 17 24 2  7  21 5  56 43 10 40 58 1  33 32 34 60 12 4  53 54 29 19 6  27 48 3  14 49 44 47 55 13 59 38 39 50 26 9  30 52 35
31 23 51 25 30 48 50 45 22 38 15 41 49 54 40 10 55 24 43 47 53 26 8  1  17 3  21 58 36 56 4  0  60 34 33 35 28 44 9  52 14 11 57 18 37 7  59 19 5  12 6  2  39 20 13 16 29 42 27 46 32
43 42 53 15 23 8  56 59 5  48 29 13 19 11 16 3  14 49 44 12 47 31 50 4  33 30 57 35 58 10 25 21 52 24 41 27 36 60 39 38 55 34 1  0  18 54 51 20 9  17 22 46 32 2  45 40 6  26 28 7  37
19 25 41 53 21 59 51 48 50 45 47 30 31 20 43 52 35 57 58 0  13 4  29 33 34 1  46 54 40 22 11 12 56 23 24 16 39 37 60 36 28 2  49 14 55 9  26 10 7  42 8  6  15 3  27 44 32 17 18 5  38
52 51 5  59 14 2  30 22 16 49 25 20 35 45 4  24 8  42 27 48 11 58 7  46 15 10 34 18 55 50 6  54 43 44 26 12 37 36 38 60 57 47 17 32 33 13 23 41 19 9  29 1  0  56 31 28 53 40 21 3  39
55 48 34 47 12 20 13 40 58 51 32 49 4  6  27 44 45 52 23 30 5  59 54 18 35 28 29 14 25 26 19 42 10 46 2  24 60 38 37 39 7  56 31 50 15 16 33 3  1  11 43 9  17 57 22 0  41 53 8  21 36
34 56 10 32 55 35 24 58 39 22 2  19 25 28 48 50 29 21 52 11 37 17 9  36 6  12 59 46 13 16 45 57 3  53 0  5  23 20 54 8  40 60 43 42 49 30 27 51 14 44 15 47 18 33 38 4  1  31 7  26 41
35 53 8  17 38 10 18 46 2  59 5  31 34 33 47 39 21 3  6  36 30 16 24 26 22 54 23 51 52 32 20 11 29 13 12 0  19 50 4  15 43 41 60 40 56 55 7  14 57 58 37 27 28 1  25 45 44 48 49 9  42
32 50 19 57 56 29 10 44 47 46 6  55 30 38 31 37 24 45 48 2  58 33 36 51 16 35 54 39 34 5  12 14 0  21 28 25 22 15 13 27 41 40 42 60 7  17 9  8  18 52 1  23 49 59 26 11 4  3  20 53 43
24 44 25 48 15 58 37 55 28 27 31 38 26 21 51 4  54 29 46 39 32 13 47 56 0  2  12 9  8  17 50 10 20 36 57 59 33 6  11 19 60 42 41 43 1  52 18 22 3  53 30 14 45 49 16 7  23 34 5  35 40
20 58 40 24 25 43 33 26 12 23 49 18 8  36 28 56 37 27 11 51 0  29 53 9  3  4  7  17 14 21 38 50 57 6  59 55 13 16 30 41 2  39 54 5  44 60 47 46 52 10 31 19 48 22 42 35 15 32 1  34 45
28 9  7  8  11 16 54 2  3  1  43 4  50 17 23 22 5  13 34 33 39 57 15 14 32 37 40 48 0  53 59 52 24 19 18 51 56 25 42 20 26 49 38 10 47 45 60 44 27 41 12 35 31 29 6  58 36 21 55 30 46
26 57 6  41 42 32 2  17 38 56 36 52 55 31 30 40 23 7  59 37 49 53 48 16 54 39 0  50 33 51 14 13 5  28 58 43 10 19 8  25 15 3  4  35 45 44 46 60 22 20 27 29 11 21 24 12 9  1  34 18 47
42 49 21 6  41 28 3  20 32 17 54 16 22 39 38 55 11 9  57 29 7  2  12 48 58 50 43 37 5  19 52 34 8  51 31 56 59 27 14 13 53 4  0  26 60 46 45 47 23 1  25 33 30 40 10 15 35 18 24 36 44
12 26 36 16 45 14 8  56 6  53 17 27 0  46 5  25 3  10 21 28 41 18 31 58 47 15 1  11 19 39 57 22 37 42 52 40 2  32 55 29 35 20 33 54 59 4  13 24 48 60 51 50 34 9  43 38 7  30 23 44 49
56 34 44 23 26 19 57 27 53 12 40 59 9  32 18 42 22 25 14 5  24 39 16 3  20 17 4  7  43 33 36 47 13 29 1  38 30 52 35 21 10 55 15 28 2  58 54 31 51 49 60 48 37 8  46 41 0  6  45 11 50
58 22 37 38 54 33 21 10 41 31 7  47 32 53 57 27 25 34 28 43 55 6  1  44 45 16 35 15 18 59 39 9  12 5  17 26 42 2  3  30 46 8  36 19 23 24 40 11 49 48 50 60 56 13 4  20 52 14 0  29 51
39 24 45 52 58 13 14 35 59 55 46 22 23 5  6  38 41 54 31 57 26 27 11 12 1  34 20 21 56 36 42 18 44 40 25 7  29 43 15 0  33 16 30 37 32 2  10 53 60 50 49 51 3  47 17 9  28 19 4  8  48
22 46 30 58 51 50 20 38 27 29 45 57 18 19 32 49 36 35 12 13 6  47 0  41 39 40 28 8  26 9  2  43 14 56 44 17 16 42 7  24 25 23 37 31 34 10 1  21 59 15 5  4  52 60 55 54 33 11 3  48 53
50 6  9  11 57 46 1  19 43 2  35 3  39 58 45 20 59 44 41 7  15 32 27 29 42 31 38 22 49 23 37 25 21 47 56 10 48 30 26 12 51 18 24 8  17 14 5  33 36 28 0  40 55 53 60 52 34 4  13 16 54
15 35 39 43 18 30 36 42 51 21 27 58 33 23 19 0  48 59 4  14 46 9  34 13 49 29 44 10 50 25 5  40 41 12 22 1  6  47 57 2  31 32 7  3  26 56 20 37 16 24 28 8  53 52 54 60 45 38 11 17 55
9  32 46 26 36 42 12 21 31 0  33 29 6  43 22 18 44 50 15 38 34 7  14 40 56 59 3  30 48 11 27 8  1  10 20 37 4  35 19 51 23 58 5  13 16 49 2  57 28 45 17 39 60 54 53 55 24 47 41 25 52
14 21 43 27 9  52 45 32 24 4  30 51 20 16 0  41 13 40 49 35 12 1  28 25 8  23 53 3  22 47 10 55 7  50 38 19 54 48 34 44 17 15 46 2  39 6  42 29 37 18 33 11 5  26 36 31 56 60 59 58 57
21 11 24 35 39 36 22 50 26 43 14 1  53 29 10 47 49 23 55 32 48 0  6  17 2  42 8  34 45 13 41 38 19 37 27 3  5  33 31 4  54 30 25 9  51 28 52 15 20 16 7  44 46 12 40 18 59 57 60 56 58
13 5  42 4  3  1  17 8  7  26 38 12 11 0  34 16 15 6  22 20 19 25 18 24 23 21 9  28 27 37 46 32 31 54 14 36 35 29 10 40 39 45 2  44 43 41 30 48 47 55 53 52 51 50 33 49 57 56 58 60 59
23 4  32 29 1  31 27 47 17 13 19 21 37 9  25 28 42 8  35 10 36 11 55 0  53 14 30 6  15 3  26 5  2  41 48 18 20 12 50 49 45 33 16 46 52 40 43 7  34 39 38 54 44 24 51 22 60 58 57 59 56
3  2  1  0  6  7  4  5  10 11 8  9  14 15 12 13 18 19 16 17 22 23 20 21 26 27 24 25 30 31 28 29 34 35 32 33 38 39 36 37 42 43 40 41 46 47 44 45 50 51 48 49 54 55 52 53 58 59 56 57 60
