0  3  60 1  59 54 55 17 37 24 53 38 33 34 52 20 29 7  32 40 15 30 57 27 9  41 43 23 47 16 21 35 18 12 13 31 50 8  11 51 19 25 46 26 58 48 42 28 45 56 36 39 14 10 5  6  49 22 44 4  2
60 1  3  2  56 18 32 14 38 36 22 41 44 42 7  17 49 15 5  24 31 59 10 37 19 40 50 34 35 39 47 20 6  43 27 28 9  23 8  29 25 11 13 33 12 51 53 30 54 16 26 45 58 46 48 57 4  55 52 21 0
1  0  2  60 48 22 23 28 43 35 40 36 51 33 21 46 53 55 57 37 27 14 5  6  30 44 39 20 7  49 24 58 50 13 41 9  11 19 42 26 10 34 38 8  25 56 15 54 4  29 32 12 59 16 47 17 45 18 31 52 3
2  60 0  3  28 51 14 46 40 29 39 24 47 19 6  32 44 49 20 13 18 36 52 57 11 50 59 58 4  9  45 34 15 53 31 56 21 48 43 10 8  55 54 38 16 30 7  12 37 17 25 5  22 33 42 41 35 23 27 26 1
15 43 57 27 4  60 7  6  30 39 29 13 54 11 41 0  47 52 48 23 59 24 40 19 21 46 45 3  58 10 8  51 49 56 53 38 42 50 35 9  22 14 36 1  55 26 25 16 18 32 37 31 17 34 12 44 33 2  28 20 5
23 28 8  21 7  5  60 4  2  58 15 44 50 52 59 10 26 48 35 34 49 3  43 0  41 42 16 54 1  53 37 55 57 46 19 18 51 30 45 56 47 24 25 22 11 38 33 40 17 20 12 36 13 29 27 31 39 32 9  14 6
34 53 11 44 5  4  6  60 57 51 48 2  20 55 16 21 14 28 38 25 12 15 39 36 40 19 52 47 17 56 41 37 46 45 0  42 23 31 18 22 24 30 35 59 3  33 32 27 10 58 54 9  26 1  50 13 29 8  49 43 7
50 19 44 20 60 6  5  7  29 56 49 30 21 58 24 35 33 36 46 1  3  12 45 42 14 28 34 48 25 8  11 43 55 16 26 15 17 51 41 59 54 38 23 31 2  22 18 52 27 10 0  37 47 57 40 32 9  53 13 39 4
49 26 22 33 44 43 20 13 8  60 11 10 57 7  31 28 46 23 34 27 6  41 2  17 47 59 1  19 15 58 55 14 51 3  18 39 52 56 50 35 53 21 48 5  4  54 16 24 42 0  38 32 36 40 45 30 37 12 29 25 9
48 55 21 47 34 25 38 40 11 9  60 8  29 17 35 23 28 13 51 52 30 2  26 15 45 5  22 31 16 12 20 27 43 49 4  14 57 46 6  53 7  44 58 32 41 24 37 3  0  33 59 18 19 39 56 1  54 36 42 50 10
31 12 27 30 17 19 59 23 9  8  10 60 1  57 56 34 32 4  54 5  40 28 44 7  50 38 41 2  21 52 3  0  16 58 15 53 46 55 25 45 20 26 49 48 22 39 36 51 43 42 24 47 29 35 18 37 14 13 33 6  11
47 31 23 54 46 57 36 16 60 10 9  11 17 25 39 26 7  12 53 22 41 56 19 2  42 13 15 52 38 51 33 1  44 30 50 59 6  58 28 14 45 20 24 49 32 40 4  0  55 43 34 29 27 18 3  48 21 5  37 35 8
25 22 30 9  38 56 8  34 6  3  44 37 12 60 15 14 23 58 55 46 57 26 1  16 51 0  21 36 45 47 2  59 42 41 7  54 27 11 4  50 49 33 32 53 10 28 19 29 52 40 39 24 48 43 35 18 5  20 17 31 13
6  21 39 38 25 30 0  29 58 27 24 46 15 13 60 12 54 31 45 43 51 1  28 32 10 4  33 9  22 7  5  17 23 26 55 48 41 52 3  2  44 36 59 19 40 18 11 56 35 53 57 20 37 49 16 34 47 50 8  42 14
32 24 9  16 37 40 44 19 48 2  46 49 13 12 14 60 3  25 52 7  53 35 58 51 1  17 57 55 33 45 54 42 0  28 38 21 56 4  34 43 5  50 31 39 6  29 10 59 8  11 41 23 18 20 30 27 36 26 22 47 15
59 30 49 48 20 34 50 22 36 41 19 53 60 14 13 15 39 47 26 10 4  54 7  44 56 43 18 33 52 46 1  38 37 27 5  45 8  32 31 16 58 9  57 25 23 35 29 17 3  2  6  55 28 11 21 51 24 42 40 0  12
22 27 56 6  42 55 3  30 21 50 38 33 52 51 44 40 16 60 19 18 54 8  0  48 43 32 31 1  59 57 7  26 25 11 49 37 47 35 10 58 15 46 4  24 14 53 41 36 23 34 9  13 12 45 20 5  2  29 39 28 17
36 47 38 59 29 46 40 50 35 31 52 58 37 27 20 30 19 17 60 16 14 57 41 39 28 53 49 13 24 4  15 9  54 48 44 8  0  12 2  23 6  22 55 45 34 43 5  1  33 26 7  56 10 25 32 42 51 21 11 3  18
14 35 4  7  2  28 9  3  24 6  33 15 49 36 0  11 17 16 18 60 46 25 56 29 8  21 53 37 5  23 42 39 52 10 47 1  13 27 51 31 55 45 30 50 59 41 20 34 57 12 43 38 32 26 58 40 22 48 54 44 19
30 14 47 43 26 15 29 24 51 49 34 55 31 38 1  5  60 18 17 19 36 40 48 45 7  56 4  32 39 6  0  12 27 52 10 58 20 54 13 28 21 57 44 3  42 23 59 2  22 9  53 8  33 50 37 11 25 41 35 46 16
4  11 10 46 0  38 57 18 12 43 2  1  8  16 25 59 13 53 7  35 20 60 23 22 44 14 28 40 26 34 32 41 30 50 29 19 58 42 5  52 27 31 37 9  24 49 3  55 56 45 33 54 39 17 51 47 48 6  36 15 21
19 42 35 51 32 36 54 26 46 14 37 27 34 59 9  50 41 45 39 0  23 21 60 20 49 31 7  11 55 33 40 25 4  29 12 2  5  10 44 18 30 16 1  57 38 17 8  58 53 24 15 3  56 48 6  28 52 43 47 13 22
29 44 43 50 51 8  47 35 5  46 12 48 10 53 38 45 57 54 42 55 21 20 22 60 36 52 37 39 49 0  56 40 41 59 58 7  24 26 14 27 31 32 18 2  1  15 9  6  11 28 3  4  25 13 17 19 30 16 34 33 23
54 40 36 31 45 27 11 49 39 44 42 6  48 56 28 41 52 35 43 26 60 22 21 23 46 37 19 5  14 50 53 3  47 51 57 17 2  25 59 8  1  15 10 18 9  4  24 32 12 7  29 33 16 30 0  58 13 34 55 38 20
45 7  12 42 49 53 17 1  34 48 57 54 2  50 19 38 37 6  47 14 39 32 59 55 24 60 27 26 40 41 51 56 21 36 8  43 33 16 15 20 28 29 3  35 52 0  58 18 9  4  13 30 44 5  11 23 31 10 46 22 25
33 23 7  22 11 58 56 2  54 42 16 4  41 46 53 51 10 20 31 29 17 39 3  1  27 25 60 24 44 19 36 18 38 0  48 47 30 40 32 21 37 12 9  55 28 59 13 35 34 57 52 15 50 14 8  43 6  49 5  45 26
44 38 13 17 23 31 35 12 50 37 51 18 7  2  30 53 55 3  11 45 48 34 46 4  25 24 26 60 56 36 14 5  40 39 21 6  29 9  1  33 32 47 52 58 0  19 22 41 20 59 8  10 42 15 57 16 28 54 43 49 27
5  49 40 28 58 0  22 38 32 17 20 56 53 31 29 42 34 9  59 51 10 52 6  54 60 26 25 27 3  14 50 13 8  57 16 46 43 44 7  47 2  48 15 36 37 55 35 39 41 1  30 19 21 12 23 45 11 33 4  18 24
11 18 25 58 27 35 24 44 52 59 55 0  42 49 51 36 50 40 1  41 56 37 53 33 6  2  48 4  28 60 31 30 45 23 46 5  15 21 47 57 17 19 12 54 7  32 34 38 26 13 16 14 8  22 43 10 20 39 3  9  29
57 48 15 12 52 24 25 58 13 47 17 59 3  8  55 2  22 10 50 56 42 44 16 43 5  6  40 45 31 29 60 28 36 38 37 51 32 34 33 54 26 53 20 23 21 27 49 9  1  46 18 35 4  41 39 14 19 0  7  11 30
40 17 51 39 55 52 49 33 44 32 45 16 24 37 57 47 11 1  22 21 43 19 18 38 12 48 54 35 29 28 30 60 9  7  36 27 34 13 23 3  0  58 56 20 8  10 50 15 25 6  46 2  5  59 26 4  42 14 41 53 31
53 41 32 57 22 16 33 52 42 13 35 20 46 9  48 24 5  27 21 59 11 18 4  34 15 39 55 17 60 30 29 31 2  6  23 10 49 45 56 25 51 1  8  47 54 37 12 43 14 36 58 40 7  0  44 26 38 3  50 19 28
52 46 58 37 24 11 53 59 19 20 25 5  28 47 18 48 38 22 14 8  9  49 17 56 4  10 29 51 12 26 43 50 32 60 35 34 40 3  16 55 36 54 45 30 57 42 1  13 15 21 31 27 0  6  41 39 23 44 2  7  33
41 4  26 40 1  17 37 11 53 19 54 7  25 39 23 57 30 5  58 9  47 38 24 14 22 12 2  42 51 44 16 45 35 33 60 32 59 6  21 13 3  0  27 56 29 31 48 20 46 52 55 28 49 8  10 50 43 15 18 36 34
55 16 52 23 39 10 13 21 47 53 5  45 26 6  22 19 1  56 24 15 37 7  14 3  18 30 12 49 43 42 25 57 33 32 34 60 48 20 58 4  50 59 29 28 51 11 54 8  36 27 40 44 2  9  46 0  17 31 38 41 35
10 5  14 41 12 1  52 45 23 21 0  29 4  44 2  22 24 39 28 36 58 9  15 8  16 57 42 50 18 11 46 53 60 34 33 35 19 43 54 17 48 3  26 37 13 7  30 49 40 47 27 59 6  31 38 56 55 25 20 51 32
7  57 6  5  16 3  2  0  28 55 14 23 43 45 10 52 4  50 41 58 35 51 33 11 59 34 32 53 8  40 48 54 26 22 25 20 36 60 39 38 29 18 47 12 49 13 56 42 30 44 17 21 15 27 31 9  46 1  19 24 37
56 25 54 15 41 13 45 57 49 22 28 17 58 5  50 3  43 11 44 47 29 55 9  40 35 1  46 59 10 20 52 33 48 31 42 24 39 37 60 36 23 4  34 16 18 6  26 19 32 8  14 53 30 51 2  21 0  7  12 27 38
28 50 55 19 54 49 51 48 26 18 32 47 35 43 58 56 25 42 9  3  45 29 34 53 31 16 8  41 0  21 59 24 10 44 22 12 37 36 38 60 46 27 17 13 33 20 40 11 7  5  1  6  57 23 4  2  15 52 14 30 39
46 54 33 45 53 12 27 32 17 34 30 43 5  26 49 58 40 8  25 57 44 31 47 35 52 18 13 6  41 48 10 21 7  2  9  23 60 38 37 39 16 28 51 11 20 3  0  22 29 14 56 42 24 4  1  59 50 19 15 55 36
21 37 20 53 31 59 28 56 33 54 27 34 18 35 47 39 58 24 12 30 2  0  51 25 17 23 36 10 6  32 19 4  29 8  11 13 26 1  57 15 40 60 43 42 48 50 52 14 44 55 45 22 46 3  9  49 7  38 16 5  41
12 20 59 56 50 29 58 27 16 23 47 31 0  18 37 44 8  32 13 39 1  46 54 9  53 33 51 7  57 5  49 11 17 25 52 55 45 14 48 19 43 41 60 40 15 36 21 10 38 30 4  26 34 24 22 35 3  28 6  2  42
39 59 17 11 47 9  26 10 14 5  7  3  45 21 8  33 36 2  56 53 34 13 30 49 54 58 6  57 32 37 22 48 28 15 20 52 16 29 55 0  41 40 42 60 50 12 51 4  31 23 44 46 35 19 24 38 18 27 25 1  43
58 56 5  13 33 2  10 47 22 30 6  14 27 3  11 55 35 21 29 38 32 17 8  50 37 51 44 12 46 18 9  52 20 4  54 16 53 24 19 49 60 42 41 43 26 57 28 7  59 39 23 25 31 36 34 15 1  45 0  48 40
43 10 28 14 30 32 16 25 55 15 1  57 22 48 3  9  6  51 27 50 52 33 12 41 39 7  58 18 2  38 4  36 5  21 56 40 31 59 29 24 35 23 53 0  44 60 47 46 13 54 19 17 20 42 49 8  34 11 26 37 45
9  52 16 10 19 20 31 15 25 0  3  50 32 41 27 7  2  57 36 4  5  43 35 26 48 8  23 14 42 55 39 6  12 37 40 22 18 33 49 30 34 13 28 21 47 45 60 44 24 38 11 58 1  56 59 29 53 17 51 54 46
51 6  29 18 13 48 1  20 41 26 56 25 59 4  36 49 21 33 3  31 7  16 37 58 55 11 9  30 54 2  27 19 53 17 43 50 14 22 52 42 57 8  39 34 45 44 46 60 5  15 35 0  38 32 28 24 10 40 23 12 47
38 15 37 29 36 14 39 31 18 12 26 28 9  23 5  1  42 30 8  54 50 48 27 13 34 49 10 22 11 3  17 7  56 55 24 57 4  2  0  6  59 51 16 52 60 46 45 47 21 25 20 41 43 58 19 33 32 35 53 40 44
24 39 18 32 57 33 43 41 31 45 59 19 16 40 42 37 12 46 2  11 28 58 55 52 0  36 56 38 20 54 34 8  3  5  30 44 25 15 27 1  13 7  14 6  35 9  17 53 48 60 51 50 23 47 29 22 26 4  21 10 49
37 34 46 26 21 45 41 42 56 52 23 39 55 22 43 29 27 59 40 33 38 4  13 10 32 35 3  16 53 15 58 44 24 19 1  25 54 0  20 11 18 6  7  14 31 5  2  57 51 49 60 48 9  28 36 12 8  47 30 17 50
17 8  31 52 14 39 21 36 1  28 13 40 56 10 4  54 59 0  23 42 55 6  25 18 57 22 38 46 9  43 35 2  58 47 45 30 7  41 26 5  11 37 19 29 53 34 27 33 49 48 50 60 3  44 15 20 12 24 32 16 51
42 58 24 36 40 21 18 53 27 38 41 35 30 54 33 43 20 34 6  32 16 5  31 28 2  55 47 8  23 59 12 22 19 14 17 11 3  57 9  46 4  10 0  15 56 52 39 26 60 50 49 51 45 7  13 25 44 37 1  29 48
18 51 41 25 10 37 42 43 15 33 4  21 23 30 32 8  48 29 0  49 24 11 50 12 20 3  35 56 36 17 13 47 14 9  59 26 28 5  40 44 38 2  6  7  39 58 57 31 16 19 22 1  52 60 55 54 27 46 45 34 53
35 32 45 8  9  41 46 37 3  4  31 26 36 28 17 18 56 14 15 44 25 47 49 59 29 20 11 43 13 24 38 10 1  40 39 0  12 7  30 34 33 5  50 27 19 2  6  21 58 22 42 57 55 53 60 52 16 51 48 23 54
27 29 19 24 35 23 15 9  59 7  58 42 38 20 26 6  51 41 33 2  13 50 32 5  3  45 14 0  34 1  57 49 22 18 28 4  44 47 12 48 56 17 11 46 36 25 43 37 39 31 21 16 53 52 54 60 40 30 10 8  55
13 36 42 35 8  26 34 39 4  57 21 22 40 0  45 25 31 38 49 48 33 10 11 46 58 15 5  29 37 27 44 16 59 20 6  3  1  28 17 7  12 56 2  51 30 14 23 50 19 18 47 43 60 54 53 55 41 9  24 32 52
8  33 53 55 43 50 19 54 0  40 36 52 39 32 46 31 45 44 30 6  26 27 42 47 38 29 20 21 48 25 18 15 13 1  51 41 10 49 24 12 9  35 22 4  17 16 14 23 28 37 5  34 11 2  7  3  56 60 59 58 57
16 9  48 34 18 44 12 51 20 1  50 32 6  24 54 27 0  43 4  28 8  45 29 31 13 47 30 15 19 22 26 23 11 42 3  49 55 53 46 41 52 39 33 17 5  21 38 25 2  35 10 7  40 37 14 36 59 57 60 56 58
26 45 50 4  3  42 30 8  7  25 18 12 11 29 34 16 15 37 10 20 19 53 38 24 23 9  0  28 27 13 6  32 31 54 14 36 35 17 22 40 39 49 5  44 43 1  55 48 47 41 2  52 51 21 33 46 57 56 58 60 59
20 13 34 49 15 47 48 55 45 16 43 51 19 1  40 4  9  26 37 12 0  42 36 30 33 54 17 44 50 35 23 46 39 24 2  29 22 18 53 32 14 52 21 10 27 8  31 5  6  3  28 11 41 38 25 7  60 58 57 59 56
3  2  1  0  6  7  4  5  10 11 8  9  14 15 12 13 18 19 16 17 22 23 20 21 26 27 24 25 30 31 28 29 34 35 32 33 38 39 36 37 42 43 40 41 46 47 44 45 50 51 48 49 54 55 52 53 58 59 56 57 60
