0  3  60 1  21 16 26 45 57 38 29 14 22 37 11 32 5  35 33 34 52 4  12 42 39 41 6  59 44 10 48 50 15 18 19 17 47 13 9  24 53 25 23 51 28 7  55 36 30 56 31 43 20 40 58 46 49 8  54 27 2
60 1  3  2  23 47 53 15 32 44 36 30 24 56 21 7  55 26 38 46 58 14 49 4  12 33 17 48 42 54 11 51 8  25 50 41 10 40 18 43 37 35 28 39 9  59 19 5  27 22 34 31 57 6  29 16 13 52 20 45 0
1  0  2  60 17 44 50 42 47 59 14 27 46 23 10 35 48 4  40 49 38 41 29 13 56 58 34 11 37 22 52 45 57 54 26 15 53 28 20 51 18 21 7  55 5  31 12 8  16 19 6  39 30 36 33 43 24 32 25 9  3
2  60 0  3  39 26 12 28 23 20 55 49 6  31 51 33 24 25 47 36 9  27 44 8  16 17 5  21 7  46 59 13 56 15 52 37 19 35 43 4  58 48 57 38 22 53 29 18 41 11 54 14 34 45 50 10 32 42 40 30 1
30 55 29 40 4  60 7  6  50 18 43 36 33 35 25 24 23 22 9  37 26 48 17 16 15 14 20 42 57 2  0  59 54 12 56 13 11 19 44 58 3  51 27 10 38 52 53 49 21 47 8  41 45 46 32 1  34 28 39 31 5
49 40 33 48 7  5  60 4  34 14 53 58 38 43 9  23 56 55 52 57 42 50 28 15 31 46 41 30 22 39 27 24 36 2  8  59 32 47 12 29 1  26 20 13 54 51 25 37 3  0  21 45 18 10 44 17 16 19 11 35 6
10 13 58 23 5  4  6  60 12 40 0  42 8  1  28 44 45 24 30 39 49 35 51 3  17 50 29 57 14 26 18 38 59 55 37 21 48 34 31 19 9  47 11 54 15 16 52 41 36 20 25 22 46 56 43 33 53 27 2  32 7
24 26 53 38 60 6  5  7  49 16 32 34 37 40 23 17 9  15 48 25 57 55 46 14 0  19 1  52 43 56 58 47 10 50 11 54 42 12 3  45 13 44 36 28 41 39 22 31 18 8  33 59 27 2  35 21 29 20 30 51 4
46 48 38 6  52 22 3  30 8  60 11 10 23 33 44 39 51 37 53 40 47 25 5  12 54 21 36 32 34 35 7  43 27 13 28 29 26 17 2  15 19 56 59 31 14 50 0  20 1  58 45 16 4  18 24 57 41 55 49 42 9
41 31 23 32 57 17 35 50 11 9  60 8  39 59 55 52 33 5  28 22 56 40 19 2  43 38 58 34 18 47 54 1  3  16 27 6  46 49 25 12 21 0  45 24 51 42 36 29 53 37 7  44 15 48 30 14 20 4  26 13 10
26 57 19 35 33 24 29 44 9  8  10 60 43 30 49 25 59 48 46 2  51 38 56 40 5  15 0  54 45 6  13 53 41 4  42 3  52 55 21 50 23 32 34 12 7  28 18 58 17 14 39 20 36 31 27 37 22 1  47 16 11
31 35 55 45 15 12 22 57 60 10 9  11 5  25 50 4  39 46 32 21 34 19 6  56 36 13 44 43 54 37 41 0  18 47 20 1  24 29 58 16 52 30 51 27 26 3  17 33 59 53 14 42 40 49 28 2  23 7  38 48 8
36 50 16 8  10 58 23 51 3  54 4  38 12 60 15 14 2  45 42 52 35 57 47 6  34 55 49 53 32 41 39 56 28 43 24 20 0  59 11 30 44 29 18 33 40 17 48 22 46 26 1  7  19 27 9  25 31 21 5  37 13
58 53 9  21 49 52 56 22 36 2  42 16 15 13 60 12 11 20 43 45 17 3  7  59 55 39 33 31 51 57 34 27 38 26 30 47 8  54 32 25 46 50 10 18 48 19 40 35 44 4  41 28 5  1  37 24 6  29 0  23 14
50 43 49 47 54 55 36 27 42 17 19 31 13 12 14 60 40 9  51 10 30 39 45 52 35 32 56 7  48 53 20 11 25 41 58 24 6  46 57 21 16 33 8  1  59 22 37 3  28 2  0  18 23 29 4  5  26 38 34 44 15
40 17 31 29 36 57 18 26 41 49 51 24 60 14 13 15 28 1  6  23 25 34 43 19 11 20 7  58 16 3  44 2  53 46 21 45 4  52 42 56 0  8  38 22 30 35 33 54 55 9  59 10 37 32 47 48 39 5  27 50 12
56 4  46 22 1  49 34 33 35 50 21 25 48 39 20 27 16 60 19 18 14 10 3  55 44 11 57 15 58 51 40 36 47 7  6  8  31 45 59 13 30 54 52 53 24 37 2  32 12 5  9  29 42 43 41 23 0  26 28 38 17
23 7  22 34 29 14 59 1  31 55 47 28 57 41 5  26 19 17 60 16 50 45 2  0  32 52 15 44 11 4  53 8  24 38 3  42 40 43 33 49 36 13 35 37 27 21 54 10 58 39 20 56 25 30 46 9  51 12 48 6  18
27 22 34 14 28 13 44 54 21 57 50 37 56 5  3  30 17 16 18 60 36 8  1  41 58 53 40 0  4  32 15 42 29 59 2  48 20 11 49 46 26 23 31 52 6  55 39 51 35 38 10 47 43 25 7  45 12 9  24 33 19
51 58 14 30 27 15 33 31 24 53 49 44 41 38 2  5  60 18 17 19 46 26 48 57 8  47 21 4  35 52 3  7  45 6  43 28 59 42 13 55 54 12 37 34 11 32 20 25 22 10 56 0  29 9  40 39 50 23 1  36 16
28 19 8  56 59 29 54 11 2  32 15 7  27 50 40 10 30 41 45 1  20 60 23 22 37 51 31 12 0  5  16 26 9  48 57 53 55 24 47 42 14 17 39 49 52 18 58 38 33 43 13 25 44 35 6  36 3  34 46 4  21
48 39 37 31 30 36 9  56 53 6  59 26 17 27 43 47 38 12 25 44 23 21 60 20 42 18 11 13 41 55 4  3  50 52 54 40 5  2  16 1  35 28 24 14 19 57 49 15 0  46 32 58 33 8  34 29 7  45 51 10 22
47 38 4  24 2  34 42 40 28 48 27 51 36 46 41 50 44 29 49 53 21 20 22 60 3  37 35 10 8  17 57 58 55 45 5  26 12 25 1  52 7  14 6  59 16 33 13 0  9  18 15 11 39 19 56 32 54 30 31 43 23
35 16 59 12 55 19 8  52 6  13 28 47 3  9  27 57 1  42 58 5  60 22 21 23 41 49 54 14 10 36 32 34 30 56 31 0  29 53 51 48 45 24 17 46 50 40 43 11 39 25 44 38 7  37 26 4  33 15 18 2  20
45 34 52 44 11 53 32 39 40 47 31 4  50 28 38 36 22 59 23 54 33 46 16 18 24 60 27 26 13 43 56 10 6  20 1  57 15 48 14 7  8  58 49 29 3  0  21 9  37 42 12 55 2  5  19 51 30 35 41 17 25
9  42 6  52 32 59 2  47 18 0  20 39 44 16 54 51 13 34 8  31 10 53 30 29 27 25 60 24 33 23 22 19 4  28 17 46 49 57 41 11 55 38 1  45 12 43 35 7  56 36 58 15 3  21 14 40 48 37 50 5  26
29 15 18 41 31 48 10 17 13 42 6  19 32 8  46 1  53 7  2  11 59 44 52 51 25 24 26 60 49 0  47 4  12 36 40 39 33 56 54 35 34 3  9  57 21 58 14 30 5  28 55 23 22 16 38 50 37 43 45 20 27
33 8  43 13 37 45 41 23 1  46 56 55 35 3  52 28 58 39 59 42 53 31 54 7  60 26 25 27 15 38 51 21 48 0  36 12 34 4  29 17 50 6  19 2  49 5  9  57 32 44 40 30 14 20 22 11 10 47 16 18 24
52 25 21 43 9  8  48 38 5  4  40 46 26 55 36 58 27 54 57 56 44 2  34 45 51 1  12 16 28 60 31 30 49 42 22 50 14 41 7  47 10 37 33 3  20 23 11 39 6  32 35 24 0  59 17 13 19 18 15 53 29
6  59 17 33 22 42 0  21 16 24 26 18 19 48 34 46 8  2  11 12 39 7  4  49 9  36 10 50 31 29 60 28 37 3  14 51 25 32 40 20 38 52 5  47 57 54 15 43 13 23 27 35 41 58 45 56 55 44 53 1  30
21 41 24 36 48 51 15 49 58 12 34 35 9  42 16 6  14 38 44 59 40 0  37 43 2  57 50 45 29 28 30 60 46 53 10 11 3  22 17 54 20 1  13 23 18 27 32 55 4  7  26 5  56 33 39 47 52 25 8  19 31
14 44 35 27 20 10 46 25 37 51 5  50 18 21 0  45 41 43 12 47 4  13 32 48 53 7  59 3  60 30 29 31 22 49 39 2  54 8  52 34 57 16 56 17 1  15 6  19 23 33 11 9  38 24 36 58 42 40 55 26 28
53 27 51 20 14 21 17 41 48 56 44 29 49 19 4  40 52 6  37 13 3  5  58 46 59 54 28 1  26 11 43 55 32 60 35 34 50 18 45 57 15 7  47 30 10 38 23 42 8  12 36 2  16 0  25 31 9  39 22 24 33
59 28 44 46 43 54 39 9  26 7  12 23 10 36 22 29 50 30 27 55 37 51 14 11 48 42 8  18 1  15 17 57 35 33 60 32 13 20 53 6  49 45 25 4  2  41 3  56 24 40 16 21 58 38 5  19 47 31 52 0  34
43 12 40 25 38 28 45 20 22 36 13 57 1  10 53 54 37 52 26 51 7  47 8  39 50 3  18 46 5  58 42 48 33 32 34 60 9  16 4  23 2  49 30 0  56 6  27 21 31 41 24 19 17 14 15 59 44 11 29 55 35
42 30 45 55 47 25 40 18 51 21 37 41 53 49 57 31 29 23 7  50 27 9  39 17 38 5  52 20 56 16 1  15 60 34 33 35 44 10 24 22 6  11 0  58 36 2  59 4  54 13 19 8  26 12 48 3  28 14 43 46 32
22 52 7  59 24 50 28 2  33 27 57 15 47 26 48 11 54 56 55 30 45 32 0  25 4  23 13 9  6  49 19 41 21 8  46 43 36 60 39 38 51 31 53 35 58 20 34 12 14 29 5  40 1  42 16 18 17 10 44 3  37
54 5  41 10 42 1  16 59 43 15 3  32 51 58 26 9  6  31 29 27 48 28 57 44 33 30 14 19 21 18 25 17 11 24 45 55 39 37 60 36 47 2  4  8  23 34 56 40 20 52 53 12 49 50 0  35 46 22 13 7  38
25 49 47 28 56 11 52 43 20 41 16 5  58 45 35 55 10 53 22 32 8  59 18 26 57 0  23 40 3  50 33 46 19 30 44 14 37 36 38 60 27 9  48 7  34 13 31 2  42 1  29 54 6  17 51 15 4  24 12 21 39
7  14 32 58 40 20 55 0  56 30 18 13 54 11 1  41 25 44 10 33 5  43 26 31 45 16 22 49 53 42 9  23 2  19 48 52 60 38 37 39 4  15 29 21 17 24 50 59 34 27 46 57 35 28 12 6  8  51 3  47 36
32 47 26 39 58 37 21 46 54 35 45 48 25 22 30 53 20 51 34 24 16 6  13 28 19 12 2  29 23 27 14 33 0  31 18 9  56 5  50 3  40 60 43 42 55 10 7  1  11 57 38 17 59 15 8  44 36 49 4  52 41
38 11 28 5  46 3  57 10 39 25 7  1  52 20 45 56 36 50 24 29 13 37 33 58 18 9  48 47 2  19 35 54 44 22 59 30 16 21 0  8  43 41 60 40 32 14 4  27 26 55 17 53 12 51 31 49 15 6  23 34 42
17 33 36 50 19 39 51 53 44 58 30 22 31 34 59 48 32 0  56 4  29 49 11 35 46 28 45 37 25 20 10 12 16 1  13 23 2  27 55 5  41 40 42 60 8  26 24 52 15 21 3  6  47 7  57 38 18 54 9  14 43
19 21 11 7  12 18 20 3  17 29 33 2  4  52 39 59 26 8  5  0  6  1  50 32 47 56 16 55 38 9  46 37 23 10 51 44 58 31 28 14 60 42 41 43 35 48 30 24 45 54 22 34 13 57 49 27 25 53 36 15 40
20 51 54 16 34 33 30 32 59 31 41 21 55 29 42 18 3  49 15 26 0  11 24 53 22 40 19 39 52 13 6  9  7  5  4  58 43 50 56 27 25 10 14 36 44 60 47 46 57 17 37 1  28 23 2  12 38 48 35 8  45
39 29 15 49 8  30 37 24 4  26 23 53 21 32 33 2  34 57 36 38 55 12 41 10 7  48 9  51 40 1  5  35 13 14 16 31 18 6  19 0  28 22 58 56 47 45 60 44 25 3  52 27 50 11 59 20 43 17 42 54 46
57 20 48 15 51 35 38 13 55 34 39 54 16 7  56 3  12 28 50 58 1  42 40 30 49 59 37 36 17 33 23 52 43 29 9  5  27 26 6  10 22 53 21 32 45 44 46 60 2  24 18 4  31 41 11 8  14 0  19 25 47
12 37 20 51 13 40 27 19 38 43 48 56 0  4  18 34 42 58 14 7  2  54 36 33 29 31 55 6  59 24 50 25 52 23 15 49 22 1  8  53 5  57 16 9  60 46 45 47 10 35 30 3  32 39 21 26 11 41 17 28 44
4  32 12 26 0  41 14 35 27 19 58 52 2  57 6  38 46 47 54 9  24 30 53 34 20 43 3  8  36 44 21 39 1  37 23 7  28 33 15 31 59 5  55 25 29 56 16 17 48 60 51 50 11 22 18 42 45 13 10 40 49
16 18 10 53 35 56 43 58 30 52 2  45 28 47 19 37 0  27 1  14 54 24 38 36 21 29 32 17 12 25 8  40 26 57 55 4  23 15 22 44 31 59 46 6  39 11 42 13 51 49 60 48 9  3  20 34 5  33 7  41 50
11 24 25 57 45 32 58 16 52 33 46 0  34 17 31 43 7  13 39 28 41 36 59 37 1  2  47 38 19 40 55 14 5  9  12 56 21 23 27 18 29 20 54 15 53 4  10 26 49 48 50 60 8  44 42 30 35 3  6  22 51
34 9  57 18 53 27 11 37 29 1  25 6  59 24 47 20 35 36 3  43 15 52 42 54 13 10 38 5  55 8  45 44 39 58 0  16 17 7  26 32 56 46 22 19 31 30 41 14 60 50 49 51 21 4  23 28 40 2  33 12 48
44 10 56 17 50 43 31 14 45 37 1  59 29 18 7  49 47 3  13 41 28 58 35 27 30 34 39 23 20 12 24 6  42 51 25 22 57 9  46 26 48 19 32 5  0  8  38 16 40 15 4  33 52 60 55 54 2  36 21 11 53
15 56 42 11 41 31 13 36 25 22 24 3  20 6  58 0  57 33 21 48 12 18 9  50 10 8  43 35 47 34 38 5  40 17 29 27 7  44 30 59 32 4  2  26 37 49 51 28 19 45 23 46 55 53 60 52 1  16 14 39 54
13 45 5  42 25 2  49 48 19 39 22 17 30 0  32 21 31 11 35 8  43 15 10 38 40 4  51 56 46 59 12 16 14 44 47 18 41 58 23 9  24 36 3  20 33 1  28 34 7  6  57 26 53 52 54 60 27 50 37 29 55
8  23 27 37 16 9  19 29 0  5  35 43 40 51 17 42 4  14 20 6  18 56 31 1  28 44 30 2  24 7  26 22 58 39 41 10 45 3  48 33 12 34 15 11 25 36 57 50 38 59 47 13 60 54 53 55 21 46 32 49 52
5  6  30 9  44 0  1  55 15 3  54 33 42 53 37 8  49 40 31 35 32 29 27 47 52 45 46 22 50 21 2  18 20 11 38 19 51 14 34 41 17 39 12 48 4  25 26 23 43 16 28 36 24 13 10 7  56 60 59 58 57
55 36 39 54 18 23 47 34 46 28 52 20 45 44 24 19 43 21 4  15 11 17 25 5  14 22 53 41 9  48 37 49 51 40 7  38 1  30 35 2  33 27 50 16 13 12 8  6  29 31 42 32 10 26 3  0  59 57 60 56 58
37 46 50 4  3  38 25 8  7  45 17 12 11 54 29 16 15 10 41 20 19 33 55 24 23 6  42 28 27 14 49 32 31 21 53 36 35 0  5  40 39 18 26 44 43 9  1  48 47 30 2  52 51 34 13 22 57 56 58 60 59
18 54 13 19 26 46 24 12 14 23 38 40 7  2  8  22 21 32 0  3  31 16 15 9  6  35 4  33 39 45 36 20 17 27 49 25 30 51 10 28 11 55 44 50 42 29 5  53 52 34 43 37 48 47 1  41 60 58 57 59 56
3  2  1  0  6  7  4  5  10 11 8  9  14 15 12 13 18 19 16 17 22 23 20 21 26 27 24 25 30 31 28 29 34 35 32 33 38 39 36 37 42 43 40 41 46 47 44 45 50 51 48 49 54 55 52 53 58 59 56 57 60
