0  3  60 1  15 13 41 37 45 54 22 36 25 5  26 4  34 33 47 27 40 44 10 58 38 12 14 19 52 57 59 46 56 17 16 55 11 7  24 51 20 6  48 50 21 8  31 18 42 53 43 39 28 49 9  35 32 29 23 30 2
60 1  3  2  56 53 21 36 54 40 39 38 31 44 32 33 25 49 58 46 41 6  24 45 22 16 50 34 51 43 47 12 14 15 27 42 7  57 11 10 9  20 35 29 13 23 19 30 55 17 26 28 59 5  8  48 4  37 18 52 0
1  0  2  60 10 19 9  59 17 6  4  40 21 34 41 25 54 8  27 5  58 12 36 30 31 15 29 18 50 26 23 24 55 45 13 47 22 56 57 44 11 14 51 46 39 33 43 35 53 52 28 42 49 48 16 32 37 38 20 7  3
2  60 0  3  36 22 12 51 28 46 15 20 6  31 29 10 23 53 43 54 11 50 5  16 59 32 37 44 8  14 38 13 25 42 55 58 4  26 30 57 56 49 33 18 27 48 9  52 45 41 21 7  47 17 19 34 40 39 35 24 1
18 8  32 35 4  60 7  6  1  20 55 14 39 48 11 47 45 52 0  49 9  51 59 33 30 57 31 43 44 37 24 26 2  23 38 3  58 29 34 12 46 53 50 27 28 16 40 15 13 19 42 21 17 41 56 10 54 25 36 22 5
54 28 20 27 7  5  60 4  59 13 57 52 41 9  38 24 21 31 37 58 2  16 44 55 15 48 39 3  1  56 46 17 42 50 43 40 45 18 14 26 35 12 32 34 22 36 30 49 25 47 33 53 11 51 0  23 29 10 19 8  6
27 57 22 56 5  4  6  60 46 36 58 50 40 43 49 20 26 42 30 41 15 37 2  39 53 35 16 0  38 51 18 52 59 48 47 25 9  21 28 23 12 19 17 13 54 55 8  34 33 14 11 29 31 24 44 45 3  1  10 32 7
43 44 47 15 60 6  5  7  53 32 51 19 34 36 17 3  31 14 29 11 52 58 45 41 39 46 40 57 33 18 55 16 9  28 12 59 13 50 42 24 26 23 38 0  1  22 25 2  54 56 37 10 20 8  48 30 49 27 21 35 4
14 56 15 34 54 37 29 21 8  60 11 10 33 41 0  2  36 25 59 47 35 7  39 44 57 17 45 48 55 6  42 43 50 12 3  20 16 5  52 22 49 13 30 31 23 26 51 19 27 40 32 46 38 58 4  28 1  24 53 18 9
5  15 36 17 42 0  22 18 11 9  60 8  48 54 44 1  55 3  7  23 50 45 6  19 28 37 57 47 24 32 52 34 29 40 31 49 2  25 56 41 33 39 4  59 14 21 53 27 12 35 20 58 30 46 13 16 38 26 51 43 10
46 16 55 7  32 41 17 3  9  8  10 60 57 24 27 51 1  6  35 48 49 59 31 28 13 39 47 14 23 38 43 22 4  54 45 18 52 40 29 25 37 5  58 30 50 34 0  26 19 20 44 15 36 56 33 2  53 12 42 21 11
49 55 16 37 22 15 23 33 60 10 9  11 44 42 59 5  2  35 46 28 26 30 4  6  52 45 20 32 19 47 21 51 27 7  57 17 53 3  48 50 54 56 13 58 12 25 18 29 38 0  39 31 24 36 40 1  41 34 43 14 8
30 42 26 40 19 10 56 52 16 24 5  43 12 60 15 14 8  54 22 4  34 29 18 47 9  59 2  37 48 21 0  35 51 36 20 31 33 27 53 49 3  57 1  11 58 50 55 23 28 39 45 32 7  38 17 46 6  41 44 25 13
9  7  30 50 46 54 35 1  52 0  49 29 15 13 60 12 37 51 39 22 24 31 19 34 20 43 59 45 58 11 2  21 53 56 23 6  44 16 41 18 48 38 47 25 36 27 4  42 40 10 3  17 8  32 5  57 33 55 28 26 14
45 19 28 23 59 35 30 39 26 31 52 22 13 12 14 60 29 24 49 1  53 55 11 3  17 33 8  36 2  16 6  9  46 25 44 5  27 47 40 7  38 50 56 57 34 0  32 37 58 18 41 54 10 20 51 21 42 43 48 4  15
47 40 17 51 18 52 45 10 25 33 7  24 60 14 13 15 46 2  4  56 55 28 26 57 11 8  22 29 21 27 44 38 48 9  50 37 43 35 31 54 1  58 53 36 30 6  16 0  32 59 34 3  5  42 39 20 19 23 41 49 12
48 39 40 14 24 47 38 27 33 59 25 54 36 53 3  41 16 60 19 18 51 49 50 29 4  10 28 7  26 23 45 57 37 8  42 52 12 32 6  1  2  15 34 55 56 30 58 5  0  21 22 20 35 13 11 43 44 31 46 9  17
21 34 25 46 29 55 58 24 15 53 42 41 50 59 39 8  19 17 60 16 43 0  40 31 7  2  51 49 47 4  48 23 38 44 1  56 57 52 32 14 22 11 10 20 33 54 3  28 30 27 12 26 37 9  45 5  35 36 6  13 18
15 50 42 48 47 8  14 32 5  29 28 57 38 33 6  0  17 16 18 60 36 40 53 35 55 52 58 51 10 9  49 54 7  13 46 23 20 59 12 56 21 44 2  45 41 43 34 4  3  30 1  27 25 22 31 24 39 11 26 37 19
6  32 58 30 39 20 0  28 43 25 21 33 49 57 46 50 60 18 17 19 5  10 55 37 36 9  42 41 7  53 3  47 1  11 56 45 24 23 54 4  51 27 26 8  52 35 14 31 59 12 15 40 44 29 38 22 34 13 2  48 16
57 47 19 26 50 58 55 12 48 42 13 37 7  10 25 45 56 38 54 2  20 60 23 22 49 14 3  35 46 40 41 36 43 53 52 27 31 11 17 59 29 30 9  32 51 15 28 1  8  24 4  44 34 33 18 6  16 0  5  39 21
33 37 29 13 34 49 57 53 58 39 48 32 26 3  56 43 47 44 25 59 23 21 60 20 35 18 12 30 36 2  27 50 11 0  4  24 28 1  51 9  52 45 55 15 17 41 54 16 10 5  31 38 40 7  46 42 14 6  8  19 22
31 29 9  44 14 27 36 49 30 2  46 59 53 55 4  48 35 28 38 57 21 20 22 60 43 58 32 5  17 1  8  0  26 37 54 16 6  33 18 42 47 51 39 24 3  56 10 40 15 7  52 41 50 12 34 13 45 19 25 11 23
24 59 13 29 43 17 50 54 49 37 18 39 51 2  16 42 14 5  10 25 60 22 21 23 0  19 56 33 35 3  34 55 47 27 30 28 46 9  58 11 44 48 15 4  40 52 36 32 41 8  6  12 45 57 7  31 26 53 38 1  20
58 43 56 42 45 11 47 14 32 48 20 5  28 49 7  52 30 39 44 40 10 46 29 38 24 60 27 26 12 22 16 37 8  59 53 54 51 31 23 17 19 55 3  1  18 4  21 6  9  13 57 36 15 34 35 41 2  50 0  33 25
59 10 8  41 44 56 13 42 2  23 1  31 30 6  53 17 39 15 40 37 33 52 34 9  27 25 60 24 57 48 12 11 49 20 22 43 50 19 46 16 18 3  7  35 4  51 38 55 29 32 36 45 21 14 58 47 5  28 54 0  26
8  18 21 11 41 43 28 30 0  49 33 3  29 17 45 32 38 13 1  52 37 2  48 36 25 24 26 60 6  12 7  53 15 10 39 57 23 20 16 34 55 4  44 5  42 14 56 54 22 9  58 59 19 31 47 40 46 35 50 51 27
41 17 51 22 23 44 19 31 20 38 36 21 55 58 52 54 57 1  42 6  8  11 3  4  60 26 25 27 45 39 32 7  30 43 49 48 10 46 9  29 50 0  18 33 5  28 37 56 35 34 40 2  14 59 15 12 47 16 13 53 24
32 53 41 55 25 51 16 11 34 12 35 7  9  27 50 36 6  40 23 33 59 43 47 18 48 4  38 13 28 60 31 30 0  19 8  10 15 49 26 46 17 2  54 21 57 58 39 22 24 37 14 5  56 1  42 3  52 44 45 20 29
20 24 12 16 52 25 46 9  51 7  50 42 2  47 23 39 3  37 32 45 0  26 43 14 1  5  21 54 31 29 60 28 18 58 59 53 41 17 44 15 57 36 11 22 38 19 6  13 56 55 10 8  4  35 27 49 48 40 33 34 30
25 20 34 54 16 33 49 40 39 51 56 27 59 23 18 37 4  36 14 38 1  32 42 13 45 0  55 11 29 28 30 60 21 5  2  44 17 15 19 8  7  47 22 53 35 24 50 41 57 6  46 9  58 43 3  26 10 48 52 12 31
10 35 37 21 53 23 48 57 19 44 0  45 42 50 34 49 27 55 20 8  18 3  46 5  56 51 41 16 60 30 29 31 40 52 14 1  54 2  59 58 32 26 12 47 9  11 22 43 6  15 13 25 33 4  36 17 24 7  39 38 28
52 46 10 49 55 36 44 29 57 18 2  30 23 16 19 22 13 20 9  14 17 27 15 12 50 41 48 21 56 7  11 39 32 60 35 34 5  53 43 31 58 25 45 38 6  42 1  51 26 3  24 47 0  37 59 4  28 8  40 54 33
44 9  57 24 27 46 31 19 36 1  47 28 16 39 20 40 12 21 56 7  14 17 51 43 3  53 54 4  11 49 50 6  35 33 60 32 8  41 45 13 15 37 59 23 0  38 5  10 52 29 30 22 48 25 26 58 18 2  55 42 34
42 49 23 28 51 26 24 20 55 14 37 18 52 30 9  19 48 27 11 15 7  38 58 2  6  54 5  17 3  36 13 44 33 32 34 60 29 10 21 43 45 59 0  39 31 40 57 53 16 1  56 4  12 47 25 8  50 46 22 41 35
51 12 7  36 58 38 43 2  27 26 23 56 1  25 40 30 50 41 28 29 48 54 52 10 46 13 9  8  18 19 15 42 60 34 33 35 3  44 5  55 14 17 31 6  37 53 24 59 20 57 16 0  22 45 21 39 11 49 4  47 32
53 13 6  58 35 42 2  44 12 22 14 49 8  1  10 21 33 48 31 51 54 15 9  56 40 55 46 52 43 59 57 18 45 16 41 4  36 60 39 38 24 34 5  28 7  32 26 50 17 11 47 19 27 0  20 25 23 30 3  29 37
50 6  24 20 17 59 1  43 18 19 45 26 46 32 48 44 53 4  8  9  3  57 41 25 2  23 11 55 42 52 35 56 13 51 40 30 39 37 60 36 34 22 28 7  15 10 12 58 14 54 0  33 29 16 49 27 31 21 47 5  38
23 48 33 19 21 40 26 25 13 47 44 55 22 8  35 59 28 43 53 3  32 4  12 0  58 7  6  56 16 50 54 49 20 2  51 14 37 36 38 60 5  52 46 17 10 57 42 9  1  31 29 34 41 18 30 11 27 45 24 15 39
35 25 48 47 49 34 11 17 42 45 16 6  19 56 24 27 10 7  33 12 28 41 30 50 14 1  43 15 20 54 22 40 58 18 5  0  60 38 37 39 31 21 8  26 53 9  59 3  2  4  23 55 57 44 29 51 13 52 32 46 36
29 33 54 6  13 14 3  55 23 15 34 16 56 4  5  9  11 47 52 36 57 25 28 8  51 21 30 53 22 0  26 58 39 1  10 38 19 45 35 32 40 60 43 42 49 37 48 17 46 44 59 24 18 27 2  7  12 20 31 50 41
19 30 50 32 31 57 27 48 38 21 12 35 10 52 28 46 58 56 24 0  47 9  33 54 18 49 53 6  14 34 1  4  3  22 29 11 59 51 8  45 43 41 60 40 55 39 15 20 7  25 2  37 13 26 23 44 17 5  16 36 42
16 31 27 59 20 45 10 46 22 50 6  47 35 29 21 57 0  58 51 44 4  14 8  53 33 38 52 2  49 13 39 1  36 24 48 12 32 54 25 30 41 40 42 60 19 5  7  11 34 28 9  18 26 23 37 56 55 15 17 3  43
37 22 52 45 33 39 25 50 47 16 53 44 58 35 51 28 9  32 48 31 38 36 1  27 29 6  34 23 15 24 56 19 17 4  26 13 21 0  20 5  60 42 41 43 11 3  49 8  18 46 7  14 2  10 57 59 30 54 12 55 40
17 36 53 5  57 3  59 13 40 34 29 58 43 7  31 35 20 0  55 26 16 33 27 49 41 28 19 22 25 10 37 14 54 21 9  15 1  30 50 48 8  24 52 12 44 60 47 46 39 23 38 56 42 2  32 18 51 4  11 6  45
26 52 38 18 30 32 20 56 14 41 40 51 17 28 8  55 24 12 3  53 6  39 49 59 16 31 0  58 13 35 4  25 5  57 37 29 42 34 2  21 10 9  36 48 47 45 60 44 43 22 54 11 1  19 50 15 7  33 27 23 46
22 14 49 53 48 50 51 38 29 17 31 34 27 40 1  58 41 9  57 32 39 35 0  26 54 42 23 12 59 8  33 10 19 30 11 21 56 55 7  20 13 16 25 52 45 44 46 60 4  2  5  6  43 3  24 37 36 18 15 28 47
4  41 59 57 0  21 53 35 31 56 54 13 32 11 58 18 49 22 15 43 30 5  17 51 34 36 33 38 40 42 20 8  12 26 24 7  25 48 27 52 28 1  29 19 60 46 45 47 37 16 55 23 39 6  10 50 9  3  14 2  44
34 11 44 43 40 29 52 23 35 28 59 1  24 46 47 26 42 57 45 21 27 19 32 7  12 56 15 20 9  5  36 33 22 31 0  8  30 58 55 53 4  54 16 3  2  18 13 14 48 60 51 50 6  39 41 38 25 17 37 10 49
36 27 43 25 12 16 18 45 44 57 24 53 4  20 30 38 5  34 6  39 13 47 56 40 10 3  35 1  54 58 14 59 41 55 17 26 0  42 15 19 23 32 37 2  8  7  52 21 51 49 60 48 46 11 28 33 22 9  29 31 50
7  58 14 31 9  30 39 0  24 4  38 23 54 21 2  56 52 45 26 34 42 13 35 11 8  47 18 59 41 44 5  3  57 46 19 22 55 43 10 6  53 28 20 37 29 17 33 25 49 48 50 60 16 40 12 36 15 32 1  27 51
55 5  18 10 38 1  8  15 6  52 3  25 47 26 57 7  44 59 2  24 56 34 37 32 19 11 13 42 53 46 58 45 23 41 21 39 40 22 4  35 36 33 27 54 16 31 29 12 60 50 49 51 9  28 43 0  20 14 30 17 48
56 23 46 39 37 24 33 34 41 58 27 15 20 38 36 11 22 29 21 42 12 18 16 1  5  40 44 10 32 17 51 48 28 6  7  50 14 4  13 3  25 8  19 49 26 59 2  57 31 43 35 30 52 60 55 54 0  47 9  45 53
11 51 39 9  26 28 34 58 21 3  30 0  18 37 33 23 32 46 12 35 25 8  38 15 47 20 4  50 5  45 10 41 16 14 6  19 49 13 22 2  59 31 57 56 48 29 17 24 44 36 27 1  55 53 60 52 43 42 7  40 54
13 4  11 38 1  9  32 41 56 5  26 2  45 0  43 29 40 50 36 30 31 24 25 48 21 22 10 39 37 15 19 20 6  47 58 46 18 28 3  27 16 7  49 14 59 12 35 33 23 42 17 57 53 52 54 60 8  51 34 44 55
39 38 4  8  2  31 15 26 3  43 32 48 37 19 42 6  59 23 41 13 45 56 57 17 44 50 7  46 34 33 40 5  10 29 28 51 47 12 1  0  30 18 14 9  24 20 27 36 11 58 25 35 60 54 53 55 21 22 49 16 52
28 54 31 12 8  48 40 22 4  27 43 17 3  18 55 34 51 11 13 50 44 42 7  46 37 29 36 9  0  25 53 2  52 39 15 41 26 24 47 33 6  35 21 10 20 49 23 38 5  45 19 16 32 30 1  14 56 60 59 58 57
40 21 45 52 28 12 37 16 50 35 41 46 5  22 54 53 7  30 34 55 29 1  13 42 32 44 49 31 4  20 17 27 24 38 18 9  48 6  33 47 0  10 23 51 25 2  11 39 36 26 8  43 3  15 14 19 59 57 60 56 58
38 26 5  4  3  2  42 8  7  30 17 12 11 45 37 16 15 10 50 20 19 53 54 24 23 34 1  28 27 55 9  32 31 49 25 36 35 14 0  40 39 46 6  44 43 13 41 48 47 33 18 52 51 21 22 29 57 56 58 60 59
12 45 35 33 11 18 54 47 37 55 19 4  0  51 22 31 43 26 5  10 46 48 14 52 42 30 17 40 39 41 25 15 44 3  36 2  34 8  49 28 27 29 24 16 32 1  20 7  21 38 53 13 23 50 6  9  60 58 57 59 56
3  2  1  0  6  7  4  5  10 11 8  9  14 15 12 13 18 19 16 17 22 23 20 21 26 27 24 25 30 31 28 29 34 35 32 33 38 39 36 37 42 43 40 41 46 47 44 45 50 51 48 49 54 55 52 53 58 59 56 57 60
