0  3  60 1  10 17 27 26 34 38 4  18 44 56 24 36 48 5  11 47 46 40 45 42 14 50 7  6  49 51 57 54 53 43 8  59 15 52 9  58 21 55 23 33 12 22 20 19 16 28 25 29 37 32 31 41 13 30 39 35 2
60 1  3  2  47 55 24 53 26 31 51 39 33 29 16 28 14 59 23 58 41 42 36 18 6  43 8  48 15 13 35 9  38 12 56 30 22 50 32 11 44 20 21 25 40 54 57 4  27 52 37 10 49 7  45 5  34 46 19 17 0
1  0  2  60 41 19 15 21 53 28 56 32 22 54 45 6  36 58 37 5  35 7  12 39 46 29 31 30 9  25 27 26 11 49 38 20 16 18 34 23 48 4  57 51 59 14 24 55 40 33 52 43 50 8  13 47 10 42 17 44 3
2  60 0  3  50 23 46 47 18 13 52 16 35 9  26 27 11 20 8  30 17 59 43 5  33 53 14 15 34 41 19 36 37 24 28 12 31 32 44 49 45 29 54 22 38 40 6  7  57 39 4  56 10 25 42 58 51 48 55 21 1
32 30 31 55 4  60 7  6  43 27 53 29 57 19 59 56 39 46 21 13 45 18 37 33 52 44 41 9  42 11 1  2  0  23 49 47 51 22 48 16 54 26 28 8  25 20 17 35 38 34 58 36 24 10 40 3  15 12 50 14 5
49 33 50 53 7  5  60 4  41 22 45 46 55 35 18 24 54 28 14 52 59 56 9  25 15 23 58 42 17 43 51 48 36 1  37 13 32 34 57 44 47 8  27 29 39 10 11 40 31 0  2  30 19 3  16 12 21 38 26 20 6
19 42 33 12 5  4  6  60 20 23 25 41 3  40 54 49 45 32 55 0  8  24 57 9  21 10 44 47 39 50 58 53 17 2  52 46 48 56 51 28 13 11 1  59 26 16 35 27 36 15 29 38 34 31 14 18 37 22 30 43 7
38 16 43 52 60 6  5  7  46 26 47 25 48 37 53 19 1  55 57 15 50 51 56 36 40 11 9  54 44 58 32 35 30 45 39 31 23 13 0  34 24 49 59 2  28 33 8  10 12 41 20 21 3  14 27 17 22 18 29 42 4
42 45 22 15 19 56 48 29 8  60 11 10 53 43 17 3  50 14 27 4  36 41 2  34 37 39 54 18 52 7  40 44 59 51 23 38 20 24 35 25 30 21 0  13 31 1  58 49 6  47 16 33 28 12 26 57 5  55 46 32 9
7  34 40 24 46 54 29 0  11 9  60 8  21 33 20 42 22 27 36 37 14 12 16 50 3  52 38 17 48 6  45 56 49 13 1  55 18 19 26 47 2  59 15 58 53 30 4  39 28 32 23 57 25 44 5  35 31 51 43 41 10
53 28 23 7  32 31 30 3  9  8  10 60 54 26 22 51 49 57 59 33 38 55 14 2  43 58 13 35 1  40 6  5  4  19 41 27 50 46 20 56 29 34 44 24 42 48 37 52 45 16 36 15 47 0  12 21 39 17 25 18 11
54 48 55 28 45 51 57 37 60 10 9  11 23 25 19 38 34 21 31 14 29 17 41 12 58 13 50 39 3  20 46 18 47 42 16 43 44 7  15 27 53 22 33 35 36 4  30 32 1  59 26 5  56 40 0  2  52 6  24 49 8
52 5  8  46 39 1  35 59 2  30 38 24 12 60 15 14 57 47 51 25 54 45 53 58 11 19 43 40 36 34 9  49 41 55 29 6  28 44 10 4  27 32 48 26 37 21 3  17 42 31 56 18 0  22 20 33 50 16 23 7  13
16 36 17 33 8  44 52 11 4  24 59 7  15 13 60 12 0  2  26 43 42 32 29 30 9  37 18 55 53 22 23 47 21 3  40 39 1  25 49 35 34 46 20 19 5  51 41 31 56 38 57 45 6  28 58 27 48 50 54 10 14
55 7  38 48 33 43 37 1  40 32 35 44 13 12 14 60 53 30 29 36 49 28 27 59 41 47 57 22 21 18 17 50 9  4  45 10 19 6  2  46 8  24 52 5  11 34 39 25 3  20 31 58 42 16 56 0  54 26 51 23 15
57 10 49 18 25 20 33 34 27 35 1  17 60 14 13 15 31 11 3  39 5  38 40 52 59 4  46 8  51 37 36 16 58 6  7  9  30 29 21 19 22 45 55 54 56 41 26 50 53 2  47 28 23 48 43 42 44 0  32 24 12
56 53 24 34 12 9  43 14 35 5  44 28 4  48 7  32 16 60 19 18 40 52 54 51 2  55 47 29 11 27 41 58 15 37 3  8  46 33 50 57 20 30 49 6  10 59 36 26 13 42 38 23 21 1  22 25 0  39 31 45 17
28 50 54 51 9  49 44 23 30 4  43 38 29 58 40 21 19 17 60 16 56 15 52 7  57 41 32 46 0  12 8  33 26 31 47 48 55 59 11 42 14 25 39 10 6  53 27 34 35 5  1  3  22 45 2  36 20 24 13 37 18
31 40 20 27 49 29 39 45 15 52 13 54 32 10 43 8  17 16 18 60 2  34 47 44 30 36 59 3  55 5  24 0  12 57 21 37 25 35 56 6  1  51 46 14 23 7  42 22 58 4  53 41 9  50 11 28 38 33 48 26 19
27 20 52 42 43 50 47 39 13 51 29 36 31 8  44 34 60 18 17 19 1  26 59 48 45 49 21 0  56 10 54 12 46 40 15 53 11 57 55 7  33 58 3  4  14 24 32 6  23 25 5  9  2  35 30 38 28 37 41 22 16
43 58 37 56 11 24 36 44 48 49 12 4  10 47 32 59 55 51 35 41 20 60 23 22 5  40 52 57 50 45 39 42 14 46 53 18 6  2  54 30 25 19 31 0  7  29 33 13 8  9  28 17 26 34 38 16 3  27 1  15 21
39 6  51 31 34 8  1  43 5  45 37 15 30 50 25 11 27 38 49 53 23 21 60 20 42 14 35 16 47 52 12 3  57 54 4  26 59 10 17 0  58 56 24 7  48 9  55 28 44 18 13 2  29 19 33 46 41 32 40 36 22
25 13 53 39 28 16 11 32 12 54 27 6  8  1  35 46 5  33 48 55 21 20 22 60 44 0  40 10 4  36 56 52 7  17 51 14 29 42 59 3  26 57 37 49 24 50 15 58 18 43 45 34 31 2  9  19 30 41 47 38 23
8  44 56 25 14 53 50 55 0  29 39 58 24 49 4  41 26 36 40 46 60 22 21 23 12 3  16 43 54 9  38 37 48 59 42 57 17 31 30 10 18 15 34 27 1  52 19 51 32 13 6  47 45 5  28 7  2  35 11 33 20
41 21 36 13 48 59 42 31 47 33 17 23 58 3  55 20 46 10 53 56 15 1  51 11 24 60 27 26 45 39 50 7  54 9  44 40 2  49 52 29 35 0  6  57 34 28 16 8  4  37 30 22 38 18 32 14 19 43 12 5  25
45 32 42 5  56 3  58 13 51 18 30 37 49 7  28 44 20 48 9  31 16 47 50 53 27 25 60 24 14 57 10 19 1  39 54 41 52 11 43 33 55 35 2  38 15 0  59 21 17 12 22 8  36 23 34 40 4  29 6  46 26
9  54 4  57 2  34 17 38 45 0  18 42 28 59 48 22 51 6  10 35 39 53 15 47 25 24 26 60 12 56 52 41 44 50 5  19 43 58 7  20 46 31 11 36 32 8  40 23 14 55 33 16 30 21 1  49 29 3  37 13 27
47 11 59 8  17 32 19 41 3  46 14 1  56 45 10 18 52 4  15 6  53 29 35 37 60 26 25 27 33 21 44 43 5  28 57 22 42 23 58 48 50 7  36 31 30 13 9  0  39 54 40 55 16 20 49 51 12 34 38 2  24
5  51 48 16 37 0  18 20 32 40 15 34 43 46 47 10 3  49 6  24 7  25 42 35 19 21 36 38 28 60 31 30 8  58 11 23 26 4  27 55 9  53 22 12 50 56 13 14 2  17 44 1  59 41 57 39 45 54 33 52 29
35 22 57 38 20 14 23 46 58 50 33 45 47 36 5  48 21 34 43 40 4  16 1  6  54 42 49 52 31 29 60 28 39 10 17 0  13 53 3  32 19 44 25 18 41 11 7  12 15 26 9  59 27 37 24 56 55 2  8  51 30
15 47 44 54 35 11 25 22 14 21 58 5  45 38 8  0  33 40 50 42 26 9  7  49 53 6  20 59 29 28 30 60 56 16 48 4  57 41 13 52 17 37 19 55 2  12 51 1  34 23 18 46 39 24 3  43 32 36 10 27 31
11 56 41 59 26 45 51 40 55 34 48 0  25 20 39 58 32 22 54 49 13 36 17 27 35 12 4  23 60 30 29 31 16 52 9  24 21 43 53 14 7  2  47 37 57 5  50 42 10 19 46 6  33 38 18 8  1  44 15 3  28
10 43 47 40 53 42 26 56 52 20 0  55 51 57 49 31 58 44 41 23 9  50 30 19 29 38 6  36 59 24 22 15 32 60 35 34 27 45 25 54 3  18 5  1  17 37 48 2  46 14 21 12 8  4  39 11 7  13 16 28 33
20 55 15 9  59 12 49 18 25 3  40 26 5  24 23 2  41 52 7  29 0  44 31 14 13 8  11 58 38 19 37 22 35 33 60 32 47 30 28 51 10 16 50 46 21 57 43 36 54 6  42 39 17 56 48 1  53 45 27 4  34
23 31 14 11 18 58 13 19 42 56 50 3  17 6  2  39 28 12 4  7  27 49 24 0  22 59 37 20 16 47 55 1  33 32 34 60 41 26 45 15 52 36 8  48 51 38 54 29 43 21 10 44 40 57 46 30 9  53 5  25 35
51 4  18 6  1  39 3  24 50 42 22 56 46 44 27 55 38 25 2  21 37 19 10 54 7  17 53 14 57 59 47 40 60 34 33 35 45 20 16 5  31 48 9  52 13 36 12 30 41 58 8  0  43 26 23 15 11 28 49 29 32
30 29 46 21 40 27 8  17 6  25 34 14 26 22 11 57 24 7  52 44 48 3  13 55 16 9  12 5  43 1  0  59 42 53 10 49 36 60 39 38 4  50 32 28 19 58 2  56 20 35 41 54 18 33 51 23 47 15 45 31 37
12 17 35 45 42 26 54 25 49 57 55 13 0  11 56 53 30 1  20 51 18 46 28 43 47 7  5  31 22 48 16 27 40 41 58 2  39 37 60 36 32 33 4  23 52 3  21 24 29 8  59 19 44 15 6  10 14 9  34 50 38
26 25 45 41 24 47 31 9  16 7  54 21 20 23 34 17 8  15 46 22 12 11 19 13 4  1  0  33 58 44 49 6  43 27 14 50 37 36 38 60 57 3  56 32 29 2  18 5  52 30 35 53 48 51 10 59 42 40 28 55 39
40 27 10 43 57 13 55 15 33 59 2  48 16 5  50 7  12 53 28 34 52 58 49 56 32 51 30 1  18 54 26 46 24 8  19 44 60 38 37 39 0  47 45 3  35 42 31 41 11 22 14 25 20 17 29 6  23 4  21 9  36
58 23 28 37 51 38 34 35 17 48 19 49 50 52 30 26 25 8  44 10 55 39 46 1  31 16 15 56 2  33 14 24 45 29 6  7  54 3  5  21 40 60 43 42 18 32 22 57 9  11 12 4  13 59 36 20 27 47 0  53 41
14 19 26 44 31 21 22 54 56 39 36 57 18 28 0  52 37 35 12 1  58 5  6  45 55 48 2  49 13 38 33 4  51 30 50 17 10 16 29 9  43 41 60 40 3  23 53 59 25 27 34 32 15 46 7  24 8  11 20 47 42
34 24 29 30 22 36 21 12 23 55 16 50 7  31 51 35 10 45 38 54 47 6  4  8  1  57 33 32 37 2  3  13 27 26 0  15 5  28 18 53 41 40 42 60 49 17 56 20 59 44 11 14 58 39 19 9  46 25 52 48 43
46 38 21 49 13 18 45 51 19 44 57 52 36 4  29 47 59 24 5  8  33 2  39 31 17 32 28 37 26 14 34 23 25 20 30 56 12 27 1  22 60 42 41 43 9  6  0  15 55 3  54 7  11 58 50 48 35 10 53 16 40
37 18 27 29 15 35 32 50 57 58 49 19 52 39 36 4  42 26 1  11 28 54 34 40 51 56 17 2  20 3  59 55 6  48 22 5  14 0  41 13 23 38 16 53 44 60 47 46 33 10 7  24 12 43 21 31 25 8  9  30 45
50 26 34 32 29 48 59 57 54 12 31 20 9  55 38 23 43 39 33 28 11 30 25 15 56 22 1  51 19 4  21 10 3  18 2  58 49 40 14 17 37 52 53 16 47 45 60 44 5  36 0  27 41 42 8  13 24 7  35 6  46
33 49 16 35 27 30 12 58 29 17 21 51 6  53 31 40 2  9  56 48 43 10 26 32 36 34 22 4  41 8  5  14 23 0  25 3  24 55 42 50 15 28 38 20 45 44 46 60 19 1  39 11 57 13 59 37 18 52 7  54 47
6  35 11 10 30 57 0  52 37 41 3  2  34 42 21 54 23 29 58 27 31 14 48 16 49 28 51 19 25 17 4  20 55 56 12 1  53 8  40 59 38 9  13 50 60 46 45 47 22 24 43 26 7  36 15 32 33 5  18 39 44
13 39 9  26 52 10 20 42 36 2  5  27 59 0  57 37 56 41 47 32 6  33 58 46 38 35 3  11 40 53 43 45 19 21 55 25 8  15 24 1  28 17 7  30 54 31 23 18 48 60 51 50 4  29 44 34 16 14 22 12 49
17 57 6  22 21 28 2  27 24 14 42 53 19 30 9  33 44 0  34 12 32 4  3  38 8  31 56 7  5  55 13 25 20 15 18 45 58 47 23 43 59 54 10 39 16 35 52 37 51 49 60 48 46 11 41 29 26 1  36 40 50
22 59 19 58 55 52 9  28 38 6  41 33 27 32 46 43 35 37 24 2  44 57 0  29 18 45 42 12 7  23 53 39 13 11 36 16 34 17 8  31 56 10 26 15 20 25 14 54 49 48 50 60 5  30 47 4  40 21 3  1  51
59 15 7  20 54 46 53 2  39 37 28 30 41 27 52 1  47 56 32 57 3  43 44 26 34 33 23 13 10 35 11 38 18 25 24 29 40 9  31 8  36 12 58 21 22 55 5  16 60 50 49 51 14 6  4  45 17 19 42 0  48
44 46 5  47 38 2  40 10 59 36 7  35 37 34 58 45 29 31 25 50 30 27 33 41 48 18 39 21 32 16 20 17 28 22 13 11 9  12 4  26 6  23 51 56 0  15 1  3  24 57 19 42 52 60 55 54 43 49 14 8  53
4  14 12 23 0  25 38 16 22 43 32 59 2  41 1  29 7  42 30 26 57 35 8  3  50 5  19 34 46 15 18 51 10 47 27 21 56 48 6  45 49 13 17 9  58 39 28 33 37 40 24 31 55 53 60 52 36 20 44 11 54
18 8  58 19 36 22 56 49 1  16 20 31 38 17 37 50 9  13 0  3  10 48 5  57 39 46 45 41 35 32 42 11 29 44 59 28 4  14 12 24 51 27 30 47 33 26 25 43 21 7  15 40 53 52 54 60 6  23 2  34 55
24 12 32 50 58 33 28 36 44 15 46 47 1  51 41 9  40 23 39 59 25 37 38 17 0  20 29 45 6  26 48 57 2  5  43 42 7  21 22 18 16 14 35 34 8  27 10 11 30 56 3  13 60 54 53 55 49 31 4  19 52
48 9  39 17 44 41 14 30 21 1  23 43 40 16 6  25 13 3  42 45 51 8  32 10 28 15 55 50 24 49 7  34 22 36 31 52 33 54 46 2  12 5  18 11 4  19 38 53 0  29 27 20 35 47 37 26 56 60 59 58 57
36 52 25 14 16 40 41 33 31 19 24 22 39 21 3  30 4  43 45 9  34 13 11 28 10 2  48 53 23 42 15 8  50 7  20 54 0  51 47 12 5  6  29 17 55 18 49 38 26 46 32 37 1  27 35 44 59 57 60 56 58
21 41 13 4  3  37 10 8  7  53 6  12 11 2  42 16 15 54 22 20 19 0  18 24 23 30 34 28 27 46 25 32 31 38 26 36 35 5  33 40 39 1  14 44 43 49 29 48 47 45 55 52 51 9  17 50 57 56 58 60 59
29 37 30 36 23 15 16 48 28 47 26 40 42 18 33 5  6  50 13 38 24 31 55 4  20 54 10 44 8  0  2  21 52 14 46 51 3  1  19 41 11 39 12 45 27 43 34 9  7  53 17 35 32 49 25 22 60 58 57 59 56
3  2  1  0  6  7  4  5  10 11 8  9  14 15 12 13 18 19 16 17 22 23 20 21 26 27 24 25 30 31 28 29 34 35 32 33 38 39 36 37 42 43 40 41 46 47 44 45 50 51 48 49 54 55 52 53 58 59 56 57 60
