0  3  60 1  53 49 25 29 30 13 15 35 51 9  20 10 58 47 56 38 14 40 33 37 46 6  31 34 54 7  8  26 42 22 27 11 52 23 19 50 21 48 32 45 59 43 24 17 41 5  39 12 36 4  28 57 18 55 16 44 2
60 1  3  2  28 12 17 10 15 18 7  37 5  41 49 8  46 6  9  51 45 56 43 53 48 52 29 32 4  26 47 57 27 39 36 42 34 11 50 33 54 13 35 22 58 20 16 30 24 14 38 19 25 23 40 59 21 31 44 55 0
1  0  2  60 27 33 11 16 52 58 19 6  26 56 35 28 7  22 30 10 39 25 17 31 44 21 12 4  15 49 18 23 53 5  43 14 40 54 46 20 36 50 45 34 24 42 38 57 59 29 41 55 8  32 37 51 13 47 9  48 3
2  60 0  3  59 18 53 45 25 57 27 49 39 17 30 40 44 13 5  58 33 34 50 51 43 8  54 10 32 56 14 38 28 20 21 48 46 42 31 12 15 55 37 24 16 7  36 52 35 11 22 23 47 6  26 41 29 9  19 4  1
39 19 40 52 4  60 7  6  55 38 26 14 22 44 11 33 56 42 41 1  48 58 12 54 30 57 10 36 51 37 24 46 45 15 49 43 27 29 9  0  2  18 17 35 13 32 31 59 20 34 53 28 3  50 23 8  16 25 21 47 5
24 54 31 42 7  5  60 4  36 52 39 19 40 34 45 41 22 51 37 11 56 53 16 33 0  59 55 50 44 57 58 2  48 23 13 38 8  18 35 10 12 15 3  47 28 14 49 43 32 46 27 17 9  21 1  26 20 29 30 25 6
22 49 39 57 5  4  6  60 41 53 13 20 32 10 17 54 30 14 47 31 11 26 0  28 55 33 21 42 23 36 16 19 12 25 56 44 29 59 48 2  45 8  27 50 35 40 51 18 38 1  43 46 58 9  15 24 34 3  52 37 7
44 48 12 21 60 6  5  7  18 37 24 46 2  27 28 17 26 15 8  22 55 3  19 57 10 54 16 13 14 59 53 36 43 56 45 47 31 9  52 41 49 39 51 32 0  34 11 35 1  40 58 42 38 30 25 20 33 23 50 29 4
21 57 49 23 45 43 35 50 8  60 11 10 46 54 34 31 28 27 58 26 24 0  42 3  20 51 19 17 16 52 40 15 55 59 14 6  47 56 53 48 30 44 22 5  41 4  12 36 39 2  7  25 29 38 13 32 37 1  18 33 9
26 36 45 6  15 16 3  40 11 9  60 8  48 31 43 4  5  50 34 24 27 59 52 55 19 32 0  20 35 47 41 13 25 38 18 28 1  49 33 46 7  30 58 14 56 2  39 29 12 37 17 54 22 57 51 23 44 53 42 21 10
16 24 14 55 49 59 18 48 9  8  10 60 50 47 2  58 0  20 6  35 17 33 32 56 1  39 34 41 53 43 44 42 22 21 26 19 51 45 54 25 52 27 31 29 30 37 57 13 7  4  12 36 40 28 38 3  23 46 15 5  11
57 41 20 16 54 53 39 43 60 10 9  11 25 37 23 47 3  52 27 21 2  19 29 14 33 12 51 18 36 22 45 34 46 24 31 55 28 13 58 6  50 1  59 7  49 30 32 15 56 44 40 26 17 5  4  35 48 0  38 42 8
43 40 16 56 30 54 59 26 17 23 31 38 12 60 15 14 2  8  52 44 34 35 24 9  22 58 7  46 49 39 4  10 37 41 20 21 57 32 11 29 1  33 50 0  19 51 27 53 55 28 42 45 18 47 5  48 3  36 25 6  13
31 11 46 32 48 30 47 23 59 26 18 1  15 13 60 12 50 28 10 25 44 36 35 7  39 19 9  57 17 51 5  0  3  54 58 22 21 41 56 24 53 37 52 55 20 49 2  6  4  45 16 29 42 40 33 43 38 27 34 8  14
42 6  19 36 23 50 1  52 48 21 35 54 13 12 14 60 55 49 25 2  32 9  56 4  51 18 53 45 38 33 46 47 20 29 39 10 3  57 28 34 44 58 0  59 40 27 30 31 8  17 5  24 7  26 11 16 22 37 41 43 15
58 31 25 48 38 56 29 30 57 33 16 26 60 14 13 15 10 53 45 32 41 28 46 42 59 2  11 49 21 6  7  1  19 9  44 40 54 55 4  43 35 20 23 39 34 18 22 51 3  27 52 47 50 17 36 37 5  8  0  24 12
15 23 26 49 43 52 42 12 24 22 58 44 7  21 29 0  16 60 19 18 28 13 9  1  8  48 2  30 20 14 27 37 47 55 41 56 50 31 40 54 38 34 6  4  11 57 53 32 25 3  36 59 5  46 39 33 35 45 10 51 17
23 14 59 28 25 38 49 53 46 56 29 31 27 32 1  30 19 17 60 16 43 54 48 0  41 4  33 12 3  10 15 11 13 26 52 51 45 47 5  55 58 24 57 20 50 36 8  37 22 6  44 35 34 7  21 39 9  42 40 2  18
54 34 51 37 46 42 13 58 50 36 47 29 35 6  44 24 17 16 18 60 57 52 27 26 15 40 23 22 56 11 55 41 39 43 1  12 9  3  49 32 25 31 5  33 14 59 4  10 53 38 8  2  21 48 0  30 28 20 7  45 19
27 28 35 20 51 21 40 41 37 47 14 53 57 55 10 52 60 18 17 19 3  5  39 30 29 43 56 0  1  24 23 45 50 58 38 2  44 8  34 22 6  7  54 25 36 31 48 9  46 59 32 4  15 11 42 13 26 12 33 49 16
32 52 6  58 13 15 2  36 16 51 43 39 47 4  42 5  8  29 38 33 20 60 23 22 28 45 46 54 24 17 50 55 0  19 53 37 7  35 18 11 59 56 14 10 48 25 26 12 44 57 30 9  1  34 27 31 41 49 3  40 21
30 32 15 45 37 11 38 34 40 43 57 5  18 50 59 2  36 41 12 53 23 21 60 20 54 28 48 56 25 58 0  51 1  46 7  52 16 4  6  44 8  17 55 9  39 3  33 49 26 47 13 31 35 19 24 42 27 10 29 14 22
25 44 48 54 24 9  33 39 38 5  36 18 30 49 47 37 52 59 11 41 21 20 22 60 4  0  50 29 34 27 12 56 51 6  28 45 10 15 8  7  57 19 53 58 1  35 55 14 2  13 26 32 16 42 3  46 31 40 43 17 23
47 46 5  25 11 2  50 27 51 48 40 4  55 57 54 34 53 37 32 49 60 22 21 23 35 3  39 7  43 45 59 33 18 31 15 24 58 17 41 26 10 38 44 28 42 29 1  0  9  19 6  8  56 16 14 12 52 13 36 30 20
49 7  32 31 12 46 34 1  28 29 48 40 4  52 37 45 20 21 59 47 16 17 30 36 24 60 27 26 8  9  22 3  2  50 6  58 23 14 43 42 11 54 39 38 53 15 5  19 10 0  33 57 13 44 41 56 55 51 35 18 25
33 20 28 51 42 10 22 47 23 30 5  58 38 43 40 21 31 57 44 55 1  15 6  8  27 25 60 24 2  34 9  16 41 0  29 54 49 48 12 59 14 32 4  13 18 52 50 7  37 36 46 3  45 56 35 19 53 17 11 39 26
13 35 7  22 34 44 48 2  56 31 49 47 16 0  41 51 12 36 39 37 40 38 3  32 25 24 26 60 55 42 57 9  23 45 4  1  17 19 21 18 20 14 29 52 5  33 59 11 6  10 54 15 43 58 50 28 8  30 53 46 27
38 21 36 41 40 14 16 57 12 54 55 22 8  23 5  43 6  46 29 34 51 1  11 13 60 26 25 27 48 18 42 59 56 44 19 53 2  52 0  49 4  3  30 15 33 50 17 58 28 39 45 20 37 35 9  10 32 7  47 31 24
18 51 21 13 19 26 43 38 20 46 45 42 33 3  52 25 24 32 0  4  8  2  57 50 16 15 5  47 28 60 31 30 17 12 40 39 59 53 7  35 34 49 11 6  55 10 9  27 58 41 23 1  14 37 56 44 54 22 48 36 29
59 42 8  12 21 32 54 44 2  19 20 27 3  53 55 36 33 43 22 9  10 4  18 38 47 50 35 11 31 29 60 28 5  16 46 26 15 58 23 56 51 45 1  17 7  41 34 24 57 52 25 40 49 13 6  14 39 48 37 0  30
40 33 55 46 22 34 27 17 21 32 54 56 24 58 36 53 42 7  51 59 35 8  4  49 12 41 52 6  29 28 30 60 9  1  5  20 14 50 44 47 0  25 16 57 38 48 3  39 45 23 37 18 26 15 10 2  11 43 13 19 31
9  8  33 43 18 23 45 20 1  0  50 52 42 26 22 57 48 34 4  40 7  44 14 5  38 37 13 53 60 30 29 31 49 2  17 59 55 25 24 51 19 46 12 3  21 6  41 56 16 32 10 39 11 27 58 36 47 15 54 35 28
14 56 44 17 8  57 37 11 4  41 51 7  59 28 0  50 38 3  26 52 42 27 36 39 53 30 18 21 13 48 25 54 32 60 35 34 22 6  16 23 47 9  20 46 2  55 43 40 29 58 15 10 19 24 31 45 1  5  49 12 33
6  47 23 19 9  31 0  42 13 4  46 50 49 8  16 38 14 45 53 3  58 57 25 2  40 22 36 37 41 55 39 5  35 33 60 32 26 27 15 30 24 28 7  48 52 17 10 1  43 12 11 56 44 18 59 29 51 21 20 54 34
19 9  54 7  10 58 55 3  39 1  4  17 53 30 48 42 59 11 36 0  47 45 40 44 56 46 49 38 57 50 13 52 33 32 34 60 18 43 27 8  22 51 15 37 23 21 25 20 14 26 29 41 31 12 2  6  24 28 5  16 35
55 29 10 15 16 17 41 25 44 39 2  57 52 45 19 3  4  5  21 14 50 18 49 58 36 7  42 31 46 1  37 27 60 34 33 35 24 30 51 9  48 6  26 56 8  13 28 54 40 22 20 38 12 59 47 0  43 11 23 53 32
48 18 4  30 2  47 15 55 43 34 32 59 19 16 46 6  13 33 1  12 31 50 51 35 58 53 45 40 42 54 3  20 10 17 9  23 36 60 39 38 27 52 28 8  57 26 14 5  0  56 21 22 41 25 29 7  49 44 24 11 37
17 13 34 5  58 3  12 49 26 40 28 41 6  1  51 46 25 0  42 56 30 29 55 47 57 16 8  44 10 21 20 48 59 52 2  50 39 37 60 36 9  11 18 54 27 53 15 23 31 7  35 14 33 45 43 22 19 24 4  32 38
34 59 13 24 33 51 26 14 42 15 30 25 58 2  7  9  47 35 57 27 49 48 53 45 3  11 6  19 52 41 10 43 40 4  0  17 37 36 38 60 32 29 8  31 54 23 56 16 21 20 55 5  28 22 44 50 46 18 12 1  39
53 30 11 29 50 25 20 19 14 28 59 2  56 42 8  27 57 58 23 7  6  31 41 18 52 5  32 15 9  3  1  21 26 47 48 46 60 38 37 39 55 22 13 49 51 54 35 33 34 43 4  44 24 0  45 40 12 16 17 10 36
8  5  27 35 36 1  31 37 0  49 56 33 54 29 18 48 32 39 14 45 46 30 28 52 50 44 59 2  22 13 21 6  16 11 57 3  4  7  47 17 40 60 43 42 25 19 20 38 15 9  24 53 23 51 12 58 10 34 55 26 41
36 37 47 10 31 20 44 22 35 25 3  13 28 11 53 56 51 54 46 39 5  24 7  29 21 9  58 55 12 23 32 4  30 49 59 8  0  1  45 19 43 41 60 40 6  38 18 2  52 33 57 16 48 14 17 27 15 50 26 34 42
20 26 9  18 57 37 30 56 53 2  12 36 10 24 32 44 27 25 3  46 0  47 38 34 13 17 1  16 59 35 6  50 14 51 23 29 11 5  22 52 41 40 42 60 15 58 19 21 54 55 31 33 39 8  48 49 7  4  45 28 43
51 58 37 38 56 36 23 46 47 59 17 32 45 19 21 49 35 10 48 13 29 14 44 6  31 55 30 39 50 20 26 24 11 53 54 16 5  2  3  27 60 42 41 43 22 12 7  8  18 15 28 0  57 33 34 25 4  52 1  9  40
29 43 53 11 20 55 8  59 6  17 38 3  36 48 25 23 49 9  40 57 4  51 58 15 32 14 28 52 26 0  54 39 24 37 42 41 12 33 10 31 18 35 34 1  44 60 47 46 13 16 56 21 27 2  30 5  50 19 22 7  45
12 25 58 34 55 27 19 21 32 42 53 48 0  22 50 59 39 26 24 6  52 7  13 41 18 1  17 5  37 38 56 40 8  36 3  49 33 28 29 16 31 23 9  51 47 45 60 44 11 35 14 43 20 10 57 4  30 54 2  15 46
5  53 56 14 41 0  52 32 27 35 21 43 17 38 3  55 23 12 31 54 59 10 37 16 49 29 40 8  39 25 36 18 7  57 50 9  30 22 13 28 26 4  48 11 45 44 46 60 42 24 34 58 6  1  19 15 2  33 51 20 47
37 39 50 4  3  8  10 54 5  24 6  51 34 18 56 26 40 23 13 29 53 55 31 17 9  35 15 48 58 19 33 22 38 30 12 25 43 0  32 1  16 57 49 36 60 46 45 47 27 42 2  11 59 20 7  21 14 41 28 52 44
52 10 17 40 44 29 21 24 34 55 1  30 23 20 39 35 37 2  33 42 13 6  59 12 7  31 38 58 47 5  11 25 57 18 8  15 41 16 26 14 3  36 19 53 4  56 54 28 48 60 51 50 0  43 46 9  45 32 27 22 49
46 17 52 44 26 24 14 9  29 7  34 16 41 35 6  39 11 1  20 30 18 42 45 59 5  56 4  43 33 8  19 58 54 28 10 13 53 40 57 15 37 12 21 27 3  22 0  55 51 49 60 48 2  36 32 47 25 38 31 23 50
4  55 57 26 0  45 28 18 58 44 42 24 31 36 27 19 21 56 7  15 37 16 54 43 11 34 3  14 6  46 35 12 52 40 25 30 13 20 59 53 33 47 10 23 9  5  29 41 49 48 50 60 32 39 22 1  17 2  8  38 51
45 4  30 8  1  35 58 33 3  27 22 15 43 40 57 11 34 38 55 28 54 39 10 25 37 23 47 9  19 53 2  44 36 7  16 5  32 24 17 21 13 59 56 12 31 0  52 26 60 50 49 51 46 29 20 18 42 14 6  41 48
41 45 29 59 47 22 51 28 49 16 23 34 21 39 38 32 9  31 35 50 25 12 5  10 42 20 57 33 7  2  43 17 15 27 11 18 48 44 14 13 56 0  24 30 37 1  58 4  36 8  19 6  52 60 55 54 40 26 46 3  53
50 16 24 9  39 19 57 15 22 3  37 21 20 51 58 7  1  30 43 5  12 11 8  46 2  49 41 59 45 40 17 35 44 48 47 31 56 10 42 4  29 26 38 18 32 28 23 34 33 25 0  13 55 53 60 52 36 6  14 27 54
56 12 43 50 14 40 36 35 33 20 44 23 1  59 4  29 45 24 28 48 9  41 26 11 17 47 22 51 18 15 38 49 58 8  37 7  6  34 30 57 5  21 46 2  10 16 42 25 19 31 3  27 53 52 54 60 0  39 32 13 55
11 38 18 27 32 28 56 31 45 12 41 0  9  25 33 22 29 40 2  43 36 49 15 48 34 13 44 3  5  16 51 7  4  14 24 57 20 46 1  58 17 10 47 19 26 8  37 42 23 21 59 30 60 54 53 55 6  35 39 50 52
28 27 38 39 35 41 24 51 19 50 52 45 29 46 31 20 43 44 54 8  15 32 47 40 6  36 37 1  0  12 48 14 21 42 55 4  25 26 2  3  23 5  33 16 17 11 13 22 30 53 9  7  10 49 18 34 56 60 59 58 57
35 15 41 53 17 48 9  13 31 6  33 55 44 7  24 1  54 4  49 36 38 46 34 27 14 42 43 23 40 32 52 8  29 10 22 0  19 51 20 45 28 2  25 26 12 39 21 50 5  18 47 37 30 3  16 11 59 57 60 56 58
10 22 42 33 29 13 46 8  7  45 0  12 11 5  26 16 15 55 50 20 19 37 1  24 23 38 14 28 27 4  34 32 31 3  30 36 35 21 25 40 39 53 2  44 43 9  6  48 47 54 18 52 51 41 49 17 57 56 58 60 59
7  50 22 47 52 39 32 0  54 14 25 28 37 33 9  18 41 48 15 23 26 43 2  19 45 10 20 35 11 44 49 53 6  13 51 27 42 12 55 5  46 16 36 21 29 24 40 3  17 30 1  34 4  31 8  38 60 58 57 59 56
3  2  1  0  6  7  4  5  10 11 8  9  14 15 12 13 18 19 16 17 22 23 20 21 26 27 24 25 30 31 28 29 34 35 32 33 38 39 36 37 42 43 40 41 46 47 44 45 50 51 48 49 54 55 52 53 58 59 56 57 60
