0  3  60 1  39 23 49 57 31 34 20 19 16 17 55 47 12 13 51 11 10 58 38 5  33 32 45 37 43 56 54 8  25 24 9  41 53 27 22 4  46 35 48 28 50 26 40 15 42 6  44 18 59 36 30 14 29 7  21 52 2
60 1  3  2  54 49 42 47 22 21 57 46 24 48 31 34 43 59 35 58 29 9  8  32 12 41 36 38 50 20 52 14 23 53 15 18 26 44 27 55 45 25 6  16 37 40 11 7  13 5  28 56 30 33 4  39 51 10 19 17 0
1  0  2  60 50 40 8  27 6  36 54 23 29 31 57 17 33 15 24 45 39 30 25 11 18 22 53 7  44 12 21 13 46 16 52 37 9  35 59 20 5  47 56 51 28 19 32 41 55 58 4  43 34 26 10 48 42 14 49 38 3
2  60 0  3  33 47 40 45 36 28 58 43 56 39 48 25 52 32 41 37 54 31 26 51 46 15 22 34 9  50 38 21 17 4  27 42 8  19 30 13 6  18 35 11 53 7  24 5  14 57 29 23 16 44 20 59 12 49 10 55 1
35 32 22 10 4  60 7  6  18 56 3  44 55 27 17 46 21 14 8  40 24 16 2  54 20 50 47 13 48 52 36 42 1  58 57 0  30 51 49 41 19 39 31 59 11 53 15 26 28 38 25 37 29 45 23 12 9  34 33 43 5
13 34 28 21 7  5  60 4  48 37 39 26 18 0  42 49 50 23 12 36 25 3  53 17 35 20 11 32 2  51 59 47 27 38 1  24 19 9  33 10 44 52 14 54 40 56 58 31 8  15 16 29 41 22 43 57 45 55 46 30 6
11 37 47 12 5  4  6  60 41 52 28 0  3  45 35 54 53 34 30 49 51 48 58 57 39 38 55 33 10 46 18 59 36 27 17 14 32 1  25 24 56 8  44 50 42 13 29 2  21 19 43 20 9  16 15 26 40 23 22 31 7
53 56 23 35 60 6  5  7  38 26 15 27 28 58 16 10 14 44 39 48 34 41 55 2  29 52 9  11 12 24 32 43 30 59 20 3  57 50 8  18 49 21 45 31 17 42 54 51 19 40 37 47 25 0  46 22 1  36 13 33 4
45 52 41 34 43 20 47 13 8  60 11 10 19 7  56 32 29 50 59 12 5  49 30 42 55 48 31 36 37 16 22 26 15 39 3  54 27 28 58 33 53 2  23 4  51 0  57 6  25 21 17 44 1  40 35 24 14 46 38 18 9
12 45 55 32 49 46 43 18 11 9  60 8  0  30 41 57 34 28 7  24 42 40 44 35 19 51 39 47 17 59 13 53 3  54 16 23 48 58 56 26 21 14 20 6  22 1  5  27 36 4  52 25 50 31 33 2  38 15 37 29 10
44 25 12 33 58 59 35 55 9  8  10 60 2  43 28 22 47 45 56 52 50 26 15 48 32 1  21 49 14 54 39 46 24 3  38 6  40 53 34 30 36 57 51 13 0  17 31 16 23 27 20 42 19 37 29 7  18 41 4  5  11
49 33 7  25 30 42 19 2  60 10 9  11 48 54 26 43 20 31 45 6  16 38 40 27 57 3  14 23 56 41 4  17 52 1  37 59 44 34 21 51 22 29 5  15 36 18 53 58 12 0  55 39 32 46 13 50 28 24 47 35 8
34 59 54 40 31 33 56 52 51 16 29 47 12 60 15 14 9  24 38 44 35 53 45 41 17 28 30 50 25 10 26 4  43 5  0  20 46 49 18 57 3  23 55 32 19 22 36 11 58 37 27 8  7  21 2  42 6  39 48 1  13
23 35 33 50 19 17 32 38 58 51 26 57 15 13 60 12 31 5  48 4  37 43 46 0  54 30 10 40 59 39 25 16 6  2  55 1  45 20 7  29 27 53 49 21 56 36 22 52 18 42 3  9  47 41 24 34 44 11 8  28 14
21 38 51 44 29 11 10 54 33 24 6  5  13 12 14 60 46 52 47 41 36 0  32 37 9  45 42 31 35 4  34 27 22 8  30 28 20 23 1  56 50 19 26 57 3  25 16 18 53 59 40 2  17 48 7  58 39 43 55 49 15
33 5  37 11 48 1  31 22 40 42 55 3  60 14 13 15 30 35 29 56 57 36 7  50 47 43 51 44 46 18 16 6  53 0  49 17 21 2  41 52 8  38 9  25 27 58 28 24 4  34 23 26 39 32 59 10 19 20 45 54 12
9  55 13 57 37 24 25 46 23 0  36 28 34 2  54 45 16 60 19 18 56 51 48 8  5  6  32 41 11 42 58 33 26 31 12 50 10 4  53 43 47 27 29 39 59 15 7  40 22 52 35 21 49 38 14 1  20 3  30 44 17
5  12 35 9  52 0  22 41 46 3  49 51 1  23 29 37 19 17 60 16 55 44 6  13 59 33 56 45 32 14 47 39 28 25 58 2  42 15 40 31 38 7  36 53 21 27 8  30 54 10 57 11 4  43 48 20 26 50 34 24 18
46 13 34 54 59 38 57 26 43 39 37 50 33 1  22 21 17 16 18 60 41 15 14 30 52 31 7  42 58 36 23 25 47 12 2  48 29 10 5  9  51 20 27 8  49 55 0  32 35 44 11 40 24 56 3  45 53 6  28 4  19
6  20 38 22 27 43 0  32 44 14 46 49 51 40 9  50 60 18 17 19 1  57 3  56 41 55 37 4  33 58 48 52 7  28 39 47 54 26 2  34 13 24 53 5  8  59 10 35 30 11 15 12 31 42 36 25 23 21 29 45 16
50 58 32 18 53 48 27 43 25 15 44 56 30 47 49 9  28 38 3  29 20 60 23 22 45 8  35 6  16 19 12 34 2  51 31 26 59 52 17 46 55 54 57 7  10 24 39 13 5  14 0  33 37 4  41 40 11 42 1  36 21
55 40 56 47 51 31 39 17 35 45 13 52 50 10 58 29 37 7  36 33 23 21 60 20 48 34 43 53 57 15 42 5  38 19 25 8  18 16 32 6  1  44 30 26 41 9  59 3  24 54 12 4  11 27 49 0  2  28 14 46 22
43 30 50 37 25 51 34 10 52 33 7  35 39 42 47 55 27 58 32 26 21 20 22 60 36 4  19 16 38 53 1  56 18 9  6  11 24 3  28 12 59 48 13 0  54 57 49 14 41 46 2  5  8  29 44 15 31 45 17 40 23
17 4  27 59 1  13 18 11 29 53 34 7  46 5  45 19 42 0  6  15 60 22 21 23 44 37 40 2  47 8  57 35 54 52 10 31 41 25 48 49 26 36 16 58 24 14 12 28 38 39 56 55 33 9  32 51 50 30 43 3  20
15 17 52 30 45 50 21 49 28 41 51 13 59 11 19 0  35 1  34 14 53 6  56 43 24 60 27 26 8  40 3  36 42 47 18 16 31 55 46 48 29 9  32 23 58 4  38 33 39 7  5  10 2  20 57 37 22 54 44 12 25
56 57 4  43 2  8  53 12 5  13 41 15 7  9  23 11 38 42 49 35 48 59 50 14 27 25 60 24 52 32 51 44 29 36 46 19 33 45 16 54 58 10 17 3  31 37 34 55 20 18 22 30 28 6  39 47 0  1  40 21 26
8  28 58 19 57 14 29 39 0  18 43 42 20 21 5  41 44 48 9  3  12 13 37 33 25 24 26 60 1  6  35 45 59 23 47 30 50 22 51 7  52 15 11 10 16 31 55 34 17 53 36 38 40 49 56 46 54 4  2  32 27
30 14 11 8  40 57 51 23 3  59 17 2  21 19 1  39 48 10 58 13 33 12 41 7  60 26 25 27 42 47 0  38 55 20 36 56 34 54 31 15 4  22 28 46 52 49 43 29 16 45 53 6  44 50 37 32 35 5  18 9  24
22 36 40 17 15 44 14 25 55 32 35 20 52 53 6  4  56 3  27 21 11 19 0  49 37 7  50 18 28 60 31 30 9  57 45 10 1  24 43 47 2  59 58 38 5  34 48 39 46 23 26 54 12 13 51 8  16 33 42 41 29
25 19 10 13 17 22 55 40 42 27 2  34 54 3  52 36 23 4  21 1  58 18 5  16 49 0  46 9  31 29 60 28 56 45 11 44 15 41 57 50 7  37 8  48 35 33 26 59 43 24 39 53 14 51 12 6  32 38 20 47 30
37 8  42 46 44 10 23 19 1  25 5  36 35 51 40 58 45 53 57 7  26 56 52 6  38 9  20 54 29 28 30 60 48 49 50 12 11 0  24 59 14 55 2  47 4  16 3  43 32 33 34 13 22 17 27 41 21 18 15 39 31
26 27 16 5  55 3  54 20 45 23 19 39 42 33 38 59 2  51 44 10 7  47 24 9  22 49 0  1  60 30 29 31 41 13 43 53 56 57 14 11 48 32 12 34 18 8  52 21 40 25 58 17 46 35 6  4  36 37 50 15 28
29 54 39 28 23 55 45 48 53 17 42 21 37 36 18 40 59 9  14 30 46 11 47 4  51 56 44 57 3  0  19 50 32 60 35 34 13 12 52 2  15 58 10 49 26 6  20 22 7  43 31 24 38 8  1  5  25 27 41 16 33
47 46 31 58 10 18 20 50 56 44 4  53 38 16 39 24 13 36 5  57 6  28 54 40 15 42 52 51 21 48 55 2  35 33 60 32 17 59 12 14 23 49 25 45 9  43 1  0  29 41 7  27 26 11 22 30 8  19 3  37 34
16 49 24 36 26 15 58 31 27 12 48 41 9  56 50 5  0  22 52 42 43 46 17 38 2  59 4  8  51 37 40 7  33 32 34 60 3  29 23 53 30 11 19 20 55 54 21 57 10 1  14 28 18 39 45 44 13 47 6  25 35
39 48 15 45 41 16 28 42 49 31 14 40 26 18 10 2  5  37 13 55 30 54 59 53 50 47 12 43 6  57 20 9  60 34 33 35 52 17 44 0  11 4  7  27 38 3  56 25 1  8  24 58 36 23 21 19 46 29 51 22 32
7  50 48 27 11 54 13 0  34 55 47 4  23 6  59 18 40 25 15 43 49 29 31 12 56 17 28 3  26 21 44 22 45 42 8  51 36 60 39 38 16 46 33 19 30 32 41 10 2  20 1  35 58 57 5  9  24 53 52 14 37
54 42 17 26 21 58 44 33 24 46 56 29 43 52 25 35 51 2  53 22 47 4  19 45 8  14 3  30 55 11 27 40 49 7  41 15 39 37 60 36 31 34 1  12 6  23 9  20 57 32 59 16 13 18 0  28 10 48 5  50 38
28 31 45 24 9  12 16 58 13 4  23 32 5  8  27 26 6  55 33 59 40 52 43 10 3  53 15 14 0  35 46 1  11 18 48 29 37 36 38 60 20 51 54 22 57 2  30 50 34 56 47 41 21 25 42 17 49 44 7  19 39
41 16 46 29 35 30 48 9  14 7  59 17 45 50 8  44 1  11 26 53 32 24 57 28 21 58 18 52 23 3  5  51 20 56 42 4  60 38 37 39 54 0  34 55 15 12 2  49 6  47 13 31 27 19 40 43 33 22 25 10 36
18 9  44 56 13 28 12 24 32 1  16 59 6  4  34 53 10 20 0  27 17 45 35 52 7  39 33 19 5  49 50 57 8  26 14 22 47 48 55 25 40 60 43 42 2  21 51 36 37 29 30 46 23 15 58 38 3  31 54 11 41
4  10 6  20 0  56 2  44 47 19 1  37 36 28 24 51 22 21 54 9  3  17 16 46 14 57 38 48 13 34 33 58 50 30 29 39 12 11 26 35 43 41 60 40 7  52 23 8  27 55 32 15 45 59 18 49 5  25 31 53 42
52 44 21 7  12 26 37 3  16 57 24 14 4  46 11 20 8  33 28 39 15 2  49 29 10 36 5  58 18 23 56 55 51 17 53 45 25 6  47 19 41 40 42 60 1  35 13 38 59 22 54 32 0  34 50 31 30 9  27 48 43
38 39 14 15 18 36 52 34 59 50 21 25 49 26 2  3  55 30 4  54 31 10 28 44 58 11 13 56 22 33 17 20 37 29 7  46 5  32 0  1  60 42 41 43 23 48 35 53 45 12 9  57 6  47 19 16 27 51 24 8  40
20 6  5  48 36 2  1  21 12 54 50 30 8  34 53 52 32 41 25 51 0  7  33 58 43 18 59 39 40 38 11 49 16 22 13 57 4  42 29 27 28 17 37 24 44 60 47 46 3  31 10 19 15 14 9  56 55 35 23 26 45
31 21 59 42 20 41 36 35 26 40 27 55 57 32 37 30 58 49 50 38 4  1  39 25 53 23 8  10 54 43 15 0  13 48 51 7  6  14 19 22 9  5  3  29 47 45 60 44 33 17 18 34 56 24 28 11 52 12 16 2  46
51 53 20 38 28 37 26 14 50 58 52 33 41 49 7  48 54 57 40 31 2  25 42 36 30 21 6  35 4  55 24 19 39 11 59 27 23 5  3  32 18 12 22 56 45 44 46 60 15 13 8  0  10 1  16 29 43 17 9  34 47
24 51 8  31 34 21 41 56 2  29 40 48 58 37 32 33 36 43 22 25 52 5  18 39 0  19 57 59 49 9  53 3  14 15 4  55 16 13 54 23 10 6  50 17 60 46 45 47 11 28 42 1  20 30 38 35 7  26 12 27 44
59 18 9  53 46 25 24 30 20 2  38 58 47 35 44 28 41 56 1  32 8  39 27 34 6  5  54 22 15 45 7  37 19 43 23 13 55 31 10 21 57 16 52 33 14 29 4  12 48 60 51 50 42 3  26 36 17 40 11 0  49
19 15 26 16 56 34 11 29 54 38 45 6  32 22 36 1  3  27 31 0  59 35 13 47 40 44 2  17 39 7  41 18 12 55 5  21 14 43 9  28 24 30 46 37 25 10 42 23 51 49 60 48 57 58 8  33 4  52 53 20 50
10 26 25 39 22 35 9  59 57 6  0  45 53 29 30 56 24 46 55 23 44 27 4  19 16 2  1  21 36 13 14 41 58 37 40 5  28 33 42 3  34 31 38 52 20 11 17 54 49 48 50 60 43 12 47 18 15 8  32 7  51
40 7  57 55 16 53 33 1  19 30 32 31 44 25 43 38 4  39 46 8  27 37 29 59 42 13 41 20 45 22 9  11 10 6  54 52 58 21 15 17 0  26 24 14 12 28 18 56 60 50 49 51 35 5  34 3  47 2  36 23 48
48 22 18 49 14 45 50 28 30 43 31 38 25 20 4  27 57 29 2  46 13 32 1  26 34 12 23 15 7  17 8  10 21 40 24 58 51 47 11 44 33 56 59 9  39 5  19 37 0  3  6  36 52 60 55 54 41 16 35 42 53
57 11 49 14 24 29 38 36 15 35 18 1  27 59 3  8  25 47 10 34 45 50 51 31 4  16 58 12 41 5  43 23 40 46 19 9  7  56 6  42 32 28 39 30 48 20 33 17 44 2  21 22 55 53 60 52 37 0  26 13 54
27 23 29 41 32 19 59 16 21 22 12 24 10 57 46 31 7  26 20 5  18 8  9  1  11 40 17 0  34 2  37 15 4  44 28 49 43 30 50 58 25 3  47 36 33 51 14 42 56 35 38 45 53 52 54 60 48 13 39 6  55
58 43 36 23 42 27 46 15 37 48 22 18 31 44 21 7  39 40 11 47 38 14 10 3  28 35 29 5  24 26 49 12 57 41 56 25 2  8  20 16 17 33 4  1  13 50 6  19 9  30 45 59 60 54 53 55 34 32 0  51 52
32 47 30 6  38 52 3  51 39 49 53 16 40 55 33 23 11 54 37 50 28 42 36 15 31 29 48 46 20 25 2  24 0  14 44 43 22 18 4  8  12 45 21 35 34 41 27 1  26 9  19 7  5  10 17 13 56 60 59 58 57
36 41 43 52 47 32 30 53 17 20 25 54 22 24 51 42 49 8  23 28 9  33 12 18 13 10 34 55 19 44 6  48 5  21 26 38 0  40 35 45 37 1  15 2  29 39 50 4  31 16 46 14 3  7  11 27 59 57 60 56 58
14 29 53 4  3  9  17 8  7  5  33 12 11 38 0  16 15 6  42 20 19 55 34 24 23 54 49 28 27 1  45 32 31 10 22 36 35 46 13 40 39 50 18 44 43 30 37 48 47 26 41 52 51 2  25 21 57 56 58 60 59
42 24 19 51 8  39 15 37 4  47 30 22 17 41 20 6  26 12 43 2  14 34 11 55 1  46 16 29 53 27 10 54 44 50 21 40 49 7  45 5  35 13 0  18 32 38 25 9  52 36 33 3  48 28 31 23 60 58 57 59 56
3  2  1  0  6  7  4  5  10 11 8  9  14 15 12 13 18 19 16 17 22 23 20 21 26 27 24 25 30 31 28 29 34 35 32 33 38 39 36 37 42 43 40 41 46 47 44 45 50 51 48 49 54 55 52 53 58 59 56 57 60
