0  3  60 1  9  53 26 23 24 4  40 43 22 17 59 34 25 13 21 50 36 18 12 7  8  16 6  32 45 48 54 47 27 51 15 38 20 42 35 49 10 57 37 11 56 28 55 31 29 39 19 33 58 5  30 46 44 41 52 14 2
60 1  3  2  18 58 49 39 27 56 19 26 28 21 45 31 48 53 4  10 30 13 29 46 57 32 11 8  12 22 20 15 25 47 59 37 54 35 42 7  44 50 38 52 40 14 23 33 16 6  41 55 43 17 36 51 9  24 5  34 0
1  0  2  60 26 24 35 28 15 13 56 40 52 9  23 8  30 39 46 32 44 54 33 14 5  58 4  29 7  27 16 38 19 22 42 6  49 51 31 17 11 53 34 47 20 57 18 43 55 36 59 37 12 41 21 48 10 45 25 50 3
2  60 0  3  14 35 46 51 37 12 32 48 9  52 4  43 26 50 31 23 56 28 54 19 34 36 16 40 21 42 59 18 10 41 24 5  25 8  45 53 27 33 29 15 55 38 6  57 11 58 17 7  13 39 22 44 20 47 49 30 1
42 22 17 49 4  60 7  6  43 37 54 38 44 34 58 45 36 2  29 57 32 56 1  30 50 52 39 51 41 18 23 40 20 48 13 55 16 9  11 26 31 28 0  8  12 15 59 53 33 3  24 27 25 47 10 35 21 19 14 46 5
22 50 38 30 7  5  60 4  47 45 29 16 53 43 46 56 11 37 39 28 54 49 0  25 31 23 52 55 19 10 3  24 48 42 51 59 40 17 2  18 36 58 33 13 57 9  14 8  32 21 1  34 26 12 20 27 15 44 41 35 6
59 53 43 41 5  4  6  60 50 54 24 29 20 56 26 55 34 49 57 25 12 32 48 58 10 19 14 31 36 11 37 27 21 46 16 47 28 30 44 45 52 3  51 2  38 39 33 35 22 17 8  42 40 1  9  15 13 18 23 0  7
31 34 20 43 60 6  5  7  13 18 36 56 55 8  54 51 35 48 9  38 2  27 37 47 41 40 45 21 44 52 32 0  30 49 1  16 10 22 19 59 25 24 57 3  28 26 58 23 17 33 53 15 29 50 14 12 11 42 46 39 4
36 14 32 55 33 26 34 46 8  60 11 10 29 58 1  19 50 40 51 15 24 31 35 41 20 57 5  45 49 12 39 21 2  4  6  22 0  44 59 30 17 23 53 48 37 27 7  52 43 28 16 18 47 42 56 3  54 25 13 38 9
37 46 49 27 42 34 38 32 11 9  60 8  40 36 25 17 21 15 30 58 26 16 41 56 28 14 20 3  24 43 18 50 7  55 5  53 13 0  6  47 12 22 4  29 54 51 1  39 57 2  31 45 59 35 44 33 23 48 19 52 10
45 47 16 50 51 21 23 55 9  8  10 60 36 37 52 46 2  32 35 33 48 5  43 6  58 44 57 54 40 49 56 59 17 19 41 18 12 13 53 42 28 34 39 22 25 0  15 1  20 29 3  4  14 38 27 7  30 26 24 31 11
39 36 18 13 28 57 55 22 60 10 9  11 32 3  17 29 44 14 2  24 25 51 7  42 19 20 54 33 4  15 53 58 12 27 47 50 1  56 41 0  46 38 23 49 16 59 40 34 52 43 35 21 48 30 26 6  37 5  31 45 8
5  16 34 40 24 0  18 10 23 27 7  31 12 60 15 14 1  45 6  37 57 33 53 8  4  56 38 9  48 41 43 11 58 21 2  46 55 19 26 54 3  29 52 30 50 17 35 51 28 59 44 47 42 22 39 36 25 20 32 49 13
35 40 36 48 30 20 27 58 46 49 57 52 15 13 60 12 22 38 50 41 5  44 16 34 29 53 37 6  59 24 4  56 51 39 23 0  2  26 17 33 1  19 47 54 21 55 8  42 3  9  18 32 11 25 43 45 31 10 7  28 14
6  27 48 58 49 19 0  57 45 43 18 47 13 12 14 60 20 34 10 5  16 36 38 55 56 29 59 1  46 25 41 44 53 37 17 52 21 33 22 51 50 30 54 9  31 8  28 11 2  4  40 39 35 32 42 23 24 7  3  26 15
21 37 19 7  25 42 11 3  32 28 53 6  60 14 13 15 40 24 34 2  49 0  26 57 17 4  22 47 9  55 44 35 8  56 18 31 50 1  46 58 16 48 5  51 30 52 38 27 41 20 36 43 45 10 59 29 33 23 39 54 12
46 28 56 42 53 44 8  41 6  59 30 57 48 32 37 39 16 60 19 18 33 52 51 38 35 55 29 43 1  26 10 49 13 20 50 24 47 14 23 15 58 7  3  27 5  54 0  36 12 31 34 22 21 4  45 25 2  11 40 9  17
38 6  26 10 39 25 1  21 56 24 3  34 43 35 47 28 19 17 60 16 31 7  42 37 9  5  2  48 15 51 45 20 50 59 11 13 44 23 0  4  54 52 22 12 36 30 57 14 27 53 32 29 41 49 40 58 8  46 55 33 18
15 29 40 25 22 55 20 30 38 32 52 46 57 42 35 0  17 16 18 60 6  34 4  28 37 3  41 39 23 1  7  36 9  54 21 14 31 24 8  27 2  26 13 53 58 48 11 50 45 56 47 59 10 43 33 5  49 12 44 51 19
30 33 8  53 40 46 48 29 2  20 47 51 59 55 28 32 60 18 17 19 9  24 25 39 21 22 58 42 14 7  0  57 15 1  43 44 56 49 52 23 4  45 27 34 35 41 5  10 6  37 54 11 38 3  50 13 36 31 26 12 16
8  51 28 38 46 43 57 44 0  58 39 50 18 54 33 47 37 52 12 26 20 60 23 22 36 35 19 49 2  40 55 41 59 14 53 25 24 16 3  10 29 31 48 5  7  56 4  15 42 27 11 1  17 34 13 30 45 6  9  32 21
34 44 25 57 55 29 39 48 42 52 49 19 38 40 30 18 59 27 15 11 23 21 60 20 51 2  33 17 47 5  14 53 45 26 0  56 41 50 12 6  13 36 8  46 1  32 43 28 7  10 37 24 9  31 58 4  35 3  54 16 22
53 18 45 24 29 12 19 56 28 39 31 37 5  51 40 30 32 55 1  6  21 20 22 60 3  48 44 52 8  4  15 10 16 57 54 49 46 11 50 9  14 47 58 59 26 2  36 41 25 35 38 13 27 0  34 17 7  33 42 43 23
47 9  55 39 13 17 24 31 29 1  58 45 41 4  48 36 27 5  54 53 60 22 21 23 6  37 51 16 33 8  34 7  52 28 30 40 15 25 43 3  35 12 59 38 49 11 56 0  14 44 57 26 32 19 18 2  46 50 10 42 20
20 43 31 54 44 38 58 16 36 15 23 21 50 39 32 9  7  28 48 51 0  11 34 10 24 60 27 26 17 33 42 2  14 29 22 41 8  45 5  13 59 35 30 1  4  37 49 55 18 46 12 19 57 56 3  47 53 52 6  40 25
55 38 54 31 45 37 22 33 30 29 34 35 51 28 43 52 46 23 36 48 50 58 6  17 27 25 60 24 13 9  8  3  42 7  10 11 18 5  1  57 49 44 32 14 41 4  16 56 19 40 20 12 15 59 2  0  47 39 21 53 26
14 54 39 29 17 47 59 50 52 19 13 36 21 10 0  44 42 4  56 9  58 12 30 35 25 24 26 60 43 3  22 34 55 38 31 23 11 57 33 2  51 49 16 28 15 53 48 5  46 41 7  40 8  45 1  32 18 37 20 6  27
57 45 50 12 10 18 56 17 14 40 4  53 3  31 8  20 38 7  5  44 15 48 36 43 60 26 25 27 37 59 33 13 41 30 58 42 22 28 16 55 9  32 35 23 19 1  52 49 21 47 2  54 46 11 51 39 6  0  34 29 24
10 48 44 47 38 14 51 20 35 17 0  41 16 53 5  24 12 9  33 46 7  57 49 54 15 59 55 34 28 60 31 30 43 18 27 8  42 58 4  50 45 11 36 32 2  40 19 3  1  22 39 6  56 13 23 26 52 21 37 25 29
56 4  59 16 1  49 15 38 41 14 21 55 23 33 9  6  3  46 22 52 53 10 18 12 39 43 42 50 31 29 60 28 47 13 40 58 45 54 7  24 34 8  26 25 48 36 17 32 44 5  27 57 19 20 37 11 0  51 35 2  30
50 55 10 35 34 59 52 9  57 7  2  27 17 23 36 26 56 12 32 54 51 41 44 13 46 39 15 11 29 28 30 60 18 53 4  3  14 40 47 25 37 21 49 45 22 43 24 38 58 42 0  20 6  33 19 1  16 8  48 5  31
23 35 5  36 19 2  13 47 53 55 43 32 58 6  51 37 54 41 25 4  52 42 59 0  38 18 48 56 60 30 29 31 11 50 46 1  3  15 24 44 57 17 21 10 39 49 34 7  26 45 33 14 20 8  16 9  27 40 12 22 28
41 42 15 17 59 40 45 18 19 30 50 58 31 22 56 2  51 3  7  8  46 39 13 44 53 38 28 57 26 54 9  12 32 60 35 34 48 47 25 21 5  0  1  55 23 6  20 37 36 52 10 16 49 24 29 43 14 27 11 4  33
52 10 57 6  43 15 3  40 48 31 1  30 26 24 16 5  14 36 23 47 37 38 45 18 13 49 12 53 54 39 11 9  35 33 60 32 17 20 21 29 7  46 56 4  59 22 41 19 8  25 55 58 0  27 28 50 42 2  51 44 34
18 39 52 22 23 45 50 59 16 51 44 14 42 30 11 21 8  47 0  56 29 15 3  4  54 41 46 37 58 20 13 48 33 32 34 60 43 27 55 1  53 25 12 36 10 5  26 17 31 57 6  9  2  40 24 38 19 49 28 7  35
17 15 47 59 21 30 43 24 49 57 14 20 39 38 10 1  41 0  52 27 11 4  28 51 7  50 40 19 22 36 5  37 60 34 33 35 29 31 13 12 26 16 44 6  42 58 54 2  53 8  25 23 18 48 46 56 55 9  45 3  32
24 26 9  18 47 32 42 12 20 2  55 54 7  49 41 57 53 59 3  34 8  30 52 50 0  31 1  46 51 58 21 25 5  44 19 45 36 60 39 38 48 14 6  56 33 35 27 4  40 13 23 28 22 16 11 10 43 15 29 17 37
4  31 53 44 0  23 40 11 55 42 26 7  49 57 20 35 33 25 45 59 14 46 56 5  48 17 10 58 34 32 52 1  29 16 28 15 39 37 60 36 6  51 9  50 3  18 21 54 24 12 43 41 30 2  47 8  22 13 27 19 38
13 32 24 56 41 31 54 52 51 44 15 28 33 0  50 10 43 35 59 29 45 26 40 27 2  42 21 23 11 19 48 5  1  12 49 17 37 36 38 60 22 4  25 16 9  20 53 58 30 34 14 8  7  46 6  57 3  55 47 18 39
43 59 4  19 2  27 32 34 25 41 48 49 46 29 31 40 58 26 55 3  42 45 47 53 33 8  17 5  56 13 57 14 6  24 7  54 60 38 37 39 15 9  20 0  51 21 12 22 10 11 52 44 50 23 35 18 28 30 16 1  36
28 21 46 9  57 48 30 49 54 3  45 18 27 44 38 58 39 56 11 31 34 1  50 26 47 33 23 12 0  53 6  19 36 25 20 51 32 52 14 16 40 60 43 42 13 10 2  24 5  7  22 35 37 29 8  59 17 4  15 55 41
27 5  37 46 11 1  33 35 12 47 25 4  8  45 21 54 24 20 49 55 17 14 39 29 16 10 56 0  38 23 36 52 57 6  44 7  30 2  28 22 43 41 60 40 34 13 3  9  59 18 58 53 31 51 15 19 26 32 50 48 42
9  25 12 26 37 56 28 14 31 0  20 59 2  50 7  33 29 58 47 35 10 53 55 45 49 1  3  44 6  16 46 8  38 15 52 19 51 4  32 48 41 40 42 60 27 23 30 18 39 24 13 36 34 21 57 22 5  54 17 11 43
49 57 35 51 48 54 47 15 33 25 59 39 45 20 29 7  23 30 58 36 13 37 31 16 52 9  32 38 55 14 17 22 26 8  56 2  19 21 27 11 60 42 41 43 53 12 50 6  4  0  46 3  24 44 5  28 34 1  18 10 40
29 13 7  8  50 11 9  2  3  6  41 5  24 1  39 22 57 33 43 42 28 40 15 52 12 34 30 35 20 0  26 51 49 17 25 27 59 55 54 14 21 10 19 18 44 60 47 46 56 32 4  31 23 58 38 37 48 16 53 36 45
40 8  33 20 52 51 21 53 1  34 28 42 30 19 27 25 31 43 24 13 3  6  57 59 18 15 50 14 10 35 12 16 39 2  9  29 58 48 56 32 0  55 11 17 47 45 60 44 37 54 26 5  4  7  49 41 38 22 36 23 46
25 56 11 33 32 28 41 13 58 23 38 2  54 7  19 53 55 51 40 14 59 50 27 9  42 0  31 22 5  57 49 26 4  3  48 39 52 43 10 35 18 6  24 37 45 44 46 60 34 30 21 17 36 15 12 16 1  29 8  20 47
7  19 6  21 16 52 2  0  26 22 33 17 25 18 34 49 4  11 13 1  27 3  9  31 59 12 8  20 57 37 58 23 54 10 14 43 53 29 48 41 55 39 50 35 60 46 45 47 38 15 42 56 5  36 32 40 51 28 30 24 44
44 12 23 52 8  36 25 27 4  35 42 13 1  11 55 59 28 21 37 22 39 17 19 2  45 6  34 7  16 56 47 46 40 43 26 9  5  18 58 20 32 54 10 33 0  24 31 30 48 60 51 50 3  57 41 14 29 53 38 15 49
11 17 13 14 58 10 53 25 22 36 5  0  19 2  3  27 45 1  26 12 47 29 8  32 30 7  18 15 35 21 24 54 23 40 55 28 9  59 57 43 33 56 46 39 52 16 42 20 51 49 60 48 44 6  31 34 41 38 4  37 50
54 58 29 32 12 41 16 45 34 33 17 25 4  47 22 23 6  10 42 30 35 43 14 15 44 11 53 59 52 2  19 55 3  9  8  20 57 46 40 56 38 5  18 21 24 7  37 13 49 48 50 60 28 26 0  31 39 36 1  27 51
58 30 41 15 54 9  36 43 59 5  27 24 56 16 44 3  13 57 38 21 55 19 32 40 11 47 35 10 42 46 1  39 22 52 45 26 6  53 18 31 23 2  28 7  14 34 29 25 60 50 49 51 33 37 4  20 12 17 0  8  48
51 24 42 11 15 8  37 19 5  16 35 3  34 48 18 4  9  31 14 7  41 59 46 49 1  45 47 36 39 38 40 17 44 58 12 10 27 6  29 28 30 20 2  57 32 25 22 26 13 23 56 0  52 60 55 54 50 43 33 21 53
12 49 51 23 36 22 17 26 21 48 46 33 0  59 24 38 47 6  44 39 40 8  5  3  14 28 7  30 25 34 27 42 56 11 29 57 4  41 15 19 20 37 31 58 18 50 10 16 9  1  45 2  55 53 60 52 32 35 43 13 54
19 11 58 34 27 13 44 42 17 38 51 1  35 5  57 48 49 8  28 0  43 25 24 33 22 21 36 4  18 47 50 45 37 23 3  12 26 32 9  46 56 59 7  20 6  31 39 29 15 16 30 10 53 52 54 60 40 14 2  41 55
16 20 14 37 56 39 29 36 44 50 12 15 10 41 2  11 0  42 27 45 1  35 58 48 40 46 43 18 32 6  51 33 28 31 57 21 7  3  49 5  24 13 17 26 8  19 25 59 23 38 9  30 60 54 53 55 4  34 22 47 52
48 23 30 45 35 33 31 37 40 46 16 22 47 27 53 42 10 54 41 43 38 55 11 1  32 51 49 13 50 44 2  6  24 5  36 4  34 7  20 52 8  18 15 19 29 3  9  12 0  26 28 25 39 14 17 21 56 60 59 58 57
32 52 22 28 31 16 12 54 39 53 37 44 6  26 42 50 5  29 20 40 18 47 2  36 43 30 13 41 3  17 25 4  0  45 38 48 23 10 34 8  19 27 14 24 11 33 51 21 35 55 15 46 1  9  7  49 59 57 60 56 58
33 41 21 4  3  50 10 8  7  26 6  12 11 46 49 16 15 22 53 20 19 2  17 24 23 54 9  28 27 45 38 32 31 0  37 36 35 34 30 40 39 1  55 44 43 29 13 48 47 14 5  52 51 18 25 42 57 56 58 60 59
26 7  27 5  20 3  14 1  18 21 22 23 37 25 6  41 52 44 8  49 4  9  10 11 55 13 0  2  53 50 35 43 46 36 39 30 33 12 51 34 47 15 45 31 17 42 32 40 54 19 29 38 16 28 48 24 60 58 57 59 56
3  2  1  0  6  7  4  5  10 11 8  9  14 15 12 13 18 19 16 17 22 23 20 21 26 27 24 25 30 31 28 29 34 35 32 33 38 39 36 37 42 43 40 41 46 47 44 45 50 51 48 49 54 55 52 53 58 59 56 57 60
