0  3  60 1  10 37 42 19 36 16 4  40 46 39 20 30 9  22 41 7  14 57 17 33 52 49 51 48 47 35 15 44 43 23 56 29 8  5  54 13 11 18 6  32 31 53 12 28 27 25 58 26 24 45 38 59 34 21 50 55 2
60 1  3  2  9  26 38 25 19 4  42 22 45 35 52 37 51 31 24 8  33 44 11 54 18 7  5  46 43 50 56 17 36 20 58 13 32 15 6  59 57 49 10 28 21 12 27 53 55 41 29 16 14 47 23 48 30 40 34 39 0
1  0  2  60 43 29 15 53 56 28 37 48 59 17 36 6  23 13 51 32 31 26 45 16 33 30 21 39 9  5  25 20 19 24 49 55 14 10 52 27 47 58 50 4  54 22 57 40 11 34 42 18 38 7  44 35 8  46 41 12 3
2  60 0  3  23 8  10 14 5  12 6  34 9  16 7  59 13 51 20 35 18 56 47 4  58 43 40 53 48 36 32 41 30 45 11 19 29 55 49 50 26 31 44 25 42 33 52 22 28 38 39 17 46 27 57 37 21 54 24 15 1
26 33 27 24 4  60 7  6  41 20 51 56 28 31 30 35 32 59 36 54 9  53 50 58 3  44 0  2  12 55 14 13 16 1  57 15 18 49 47 43 52 8  45 39 25 42 48 38 46 37 22 10 40 21 19 29 11 34 23 17 5
11 43 12 30 7  5  60 4  32 13 15 0  2  9  21 10 34 39 35 24 51 14 48 53 19 54 28 52 26 59 3  57 8  41 16 18 46 40 44 17 37 33 47 1  38 49 36 42 22 45 56 20 27 23 25 58 50 31 55 29 6
9  46 49 41 5  4  6  60 48 0  31 13 24 11 37 34 42 58 45 52 40 43 54 50 12 59 30 38 44 39 26 10 53 47 15 51 56 14 27 29 20 3  16 21 28 18 1  33 8  2  23 35 19 32 22 57 36 55 17 25 7
48 22 24 17 60 6  5  7  44 57 20 25 30 49 51 41 31 3  47 27 10 34 1  42 2  11 55 19 35 52 12 16 56 53 21 28 59 50 45 46 54 15 23 58 8  38 39 18 0  13 37 14 29 33 40 26 32 9  43 36 4
23 59 40 32 57 30 37 43 8  60 11 10 20 24 48 51 54 50 27 39 12 46 28 0  13 31 35 18 22 49 5  25 3  36 41 26 33 6  53 19 2  34 55 7  58 52 21 56 14 29 17 15 45 38 16 42 47 4  44 1  9
42 20 36 19 33 55 16 47 11 9  60 8  35 58 28 23 6  41 57 3  1  37 43 15 34 45 49 44 14 38 52 56 54 4  24 12 2  21 29 51 53 17 0  22 27 25 50 7  59 26 46 39 30 40 32 5  31 18 13 48 10
51 34 19 31 26 22 41 38 9  8  10 60 16 59 18 48 12 53 14 2  45 30 5  39 29 56 4  36 52 24 21 3  37 44 1  46 27 32 7  23 49 6  58 57 33 20 35 54 15 40 55 0  28 17 47 50 25 43 42 13 11
37 7  16 27 55 40 18 1  60 10 9  11 52 45 26 54 2  46 6  50 39 47 25 48 43 22 14 3  32 56 44 33 28 31 53 57 49 0  42 20 5  59 38 24 30 13 17 21 23 36 19 58 12 34 15 4  29 35 51 41 8
41 36 29 35 21 59 55 54 17 19 25 51 12 60 15 14 56 8  46 9  50 4  49 34 57 10 47 37 53 2  40 42 45 38 23 3  1  27 33 44 30 0  31 48 39 32 18 26 43 22 20 11 58 28 7  6  16 24 52 5  13
57 56 52 26 48 58 45 42 28 55 44 18 15 13 60 12 40 38 11 29 27 39 24 49 22 51 3  20 8  19 35 46 47 59 43 30 53 54 17 21 16 50 7  34 10 6  31 32 4  23 41 25 2  36 37 9  1  0  5  33 14
34 49 9  51 47 19 8  17 6  2  55 31 13 12 14 60 43 7  50 5  56 24 46 44 21 40 33 54 36 45 38 11 57 26 0  59 28 48 30 58 25 52 53 16 23 29 22 4  37 1  18 3  41 42 27 10 20 32 39 35 15
53 18 34 52 25 48 49 56 42 29 22 20 60 14 13 15 27 40 1  57 11 33 10 38 37 4  36 16 58 9  45 50 41 21 2  44 26 24 23 54 17 32 8  47 35 30 59 43 5  6  31 55 3  0  39 51 7  19 28 46 12
6  47 48 40 50 38 0  59 46 42 56 23 25 26 29 28 16 60 19 18 57 54 32 11 41 12 13 58 15 14 55 36 22 49 44 39 31 52 5  35 3  24 9  45 34 43 8  1  2  33 4  53 37 51 21 30 10 20 27 7  17
35 54 38 14 37 42 26 51 20 27 43 28 50 52 3  33 19 17 60 16 8  40 29 31 48 34 6  9  11 22 58 23 46 15 25 0  55 4  2  47 21 44 5  10 41 56 32 39 24 59 12 7  13 57 1  36 45 53 30 49 18
12 37 44 25 52 53 13 9  29 7  50 45 0  6  55 24 17 16 18 60 43 32 38 35 15 3  59 49 42 8  48 58 21 56 39 23 40 1  22 34 36 46 28 20 2  11 41 57 30 27 10 54 4  5  51 14 33 47 31 26 19
27 39 37 12 42 21 33 48 59 35 32 30 3  51 24 26 60 18 17 19 49 5  31 46 14 29 15 0  41 25 11 22 10 6  40 9  57 2  55 1  34 28 4  56 50 54 23 52 7  20 44 13 47 58 45 38 43 36 53 8  16
56 4  35 43 1  36 28 45 50 33 38 54 17 47 34 39 37 12 25 53 20 60 23 22 59 18 29 32 6  26 42 55 27 9  14 2  5  16 10 15 44 48 30 3  40 7  51 13 41 58 8  46 57 19 11 31 0  52 49 24 21
13 55 42 49 28 24 51 29 16 45 27 59 53 0  19 17 8  15 31 14 23 21 60 20 5  37 50 10 4  7  36 18 58 40 52 43 30 25 56 57 33 47 2  35 48 9  54 41 44 3  26 6  34 12 46 1  38 39 32 11 22
29 25 58 37 16 15 56 11 13 52 48 7  39 8  42 5  4  35 26 34 21 20 22 60 28 1  18 33 24 0  43 40 50 27 19 17 54 3  59 12 31 45 14 30 49 41 53 55 10 44 32 57 9  46 36 47 6  51 2  38 23
36 17 11 58 24 18 25 13 33 38 52 2  26 7  57 29 48 1  5  43 60 22 21 23 4  6  12 40 39 15 51 54 44 8  47 53 0  41 9  28 27 37 49 19 32 55 56 34 16 42 59 30 10 35 31 45 46 14 3  50 20
44 15 53 23 58 14 57 33 22 46 54 36 55 28 5  1  35 45 37 21 30 19 8  3  24 60 27 26 13 47 20 52 38 7  50 16 11 18 32 41 51 39 59 49 0  17 9  29 56 43 34 40 31 2  10 12 48 6  4  42 25
28 11 57 20 35 41 50 22 53 21 16 1  56 19 39 44 10 36 43 13 3  9  7  59 27 25 60 24 0  51 46 38 52 54 55 4  17 45 31 14 58 5  48 18 15 37 30 49 42 47 6  29 32 8  33 34 12 2  40 23 26
10 28 50 16 51 43 58 46 45 32 0  33 34 40 31 57 3  30 38 36 48 42 59 47 25 24 26 60 1  41 17 14 9  11 12 52 19 44 18 55 13 29 21 5  37 8  7  23 20 54 2  4  35 56 49 39 53 15 6  22 27
7  6  43 34 39 56 1  0  49 41 30 53 42 32 59 58 28 44 29 48 47 36 51 55 60 26 25 27 16 18 10 37 13 57 3  54 21 31 46 4  45 9  12 2  17 40 38 20 19 8  52 22 50 11 35 23 5  33 15 14 24
49 5  14 57 53 1  40 37 24 36 23 46 21 22 2  27 58 32 56 55 44 12 13 10 8  47 43 15 28 60 31 30 17 42 51 50 9  7  41 52 6  38 33 26 20 59 11 25 54 0  35 34 39 4  48 19 18 3  16 45 29
17 57 59 42 11 12 53 34 27 23 47 4  5  25 43 38 45 0  49 51 41 52 35 9  54 13 48 8  31 29 60 28 39 37 7  22 44 33 15 32 50 20 3  14 36 16 58 10 26 18 40 19 21 6  24 56 55 1  46 2  30
45 13 46 8  38 32 17 40 3  22 36 50 54 1  47 53 49 6  39 44 59 27 9  37 42 57 58 21 29 28 30 60 5  55 48 56 10 23 4  18 7  51 24 52 19 0  2  14 34 16 11 41 43 15 12 33 35 25 26 20 31
24 23 55 6  46 49 3  36 38 39 41 26 27 48 33 47 59 54 32 40 35 58 34 1  0  53 11 12 60 30 29 31 18 14 22 20 7  42 8  9  19 10 37 50 52 57 4  15 13 5  43 56 44 25 17 2  51 45 21 16 28
55 12 10 5  22 3  29 15 30 49 2  17 1  20 23 7  50 11 58 37 13 31 4  14 51 42 54 47 46 6  8  21 32 60 35 34 45 19 40 53 38 56 25 59 57 36 28 27 52 9  16 24 48 39 26 0  41 44 18 43 33
8  9  7  50 20 25 52 2  0  1  13 14 48 10 11 40 30 21 28 47 4  17 57 36 53 5  31 51 18 46 16 26 35 33 60 32 23 58 43 45 15 54 56 38 59 39 29 19 12 55 3  27 6  24 41 49 42 22 37 44 34
20 42 6  53 8  44 2  52 4  50 58 27 47 37 56 49 38 55 30 31 0  29 40 26 46 36 23 11 45 21 18 19 33 32 34 60 25 13 16 48 22 57 1  54 5  28 24 12 39 15 9  59 7  3  43 17 14 41 10 51 35
22 30 31 9  44 23 21 50 52 3  40 42 19 56 27 25 41 29 53 12 55 6  0  5  39 15 45 14 37 17 1  2  60 34 33 35 48 28 57 24 10 16 11 51 4  26 49 58 36 46 7  43 8  18 59 20 13 38 47 54 32
33 45 28 44 40 51 22 16 23 14 21 43 32 50 9  19 7  34 52 15 46 10 6  8  49 55 57 30 2  42 27 59 12 0  17 47 36 60 39 38 4  53 29 11 3  1  20 35 58 24 13 5  18 41 56 25 54 26 48 31 37
40 24 32 47 59 11 48 35 14 25 19 5  31 43 8  18 57 49 15 10 52 45 55 51 1  9  53 42 50 58 41 12 2  46 54 7  39 37 60 36 0  30 27 13 56 21 33 3  6  17 28 23 20 26 34 22 44 16 29 4  38
58 27 13 21 14 34 46 20 25 15 45 35 43 2  4  9  44 52 59 28 7  3  26 29 40 8  22 1  19 23 47 53 51 48 5  11 37 36 38 60 24 55 57 12 16 10 6  30 33 56 54 32 17 31 50 41 49 42 0  18 39
21 8  4  33 2  47 32 26 1  56 28 15 49 57 40 11 24 42 48 59 54 0  44 52 16 58 7  43 10 53 34 51 6  3  30 41 60 38 37 39 14 35 17 27 22 50 55 5  18 12 45 31 23 29 20 46 9  13 25 19 36
5  29 56 13 18 0  44 12 47 59 46 37 7  3  58 21 26 33 4  22 28 15 19 45 32 39 16 55 20 1  54 34 24 17 31 49 52 11 51 25 40 60 43 42 6  23 10 8  53 35 57 38 36 48 30 27 2  50 14 9  41
46 14 22 10 34 54 31 32 57 44 3  21 18 36 1  56 39 27 12 38 26 11 2  30 35 33 20 17 55 48 23 6  7  25 4  24 13 51 19 16 43 41 60 40 9  58 0  59 29 52 53 37 49 50 5  28 15 8  45 47 42
16 58 26 36 54 39 9  49 51 6  34 57 37 23 46 55 0  47 33 45 24 50 53 13 20 52 2  31 56 44 59 27 48 18 10 38 3  12 35 5  41 40 42 60 29 19 14 17 32 7  21 8  25 22 4  15 28 11 1  30 43
59 26 39 18 27 28 35 44 58 30 53 49 33 54 45 31 29 57 3  46 25 51 52 56 36 20 1  4  5  16 9  15 55 12 37 6  24 34 48 2  60 42 41 43 7  14 19 50 38 11 47 21 22 10 13 32 23 17 8  0  40
52 48 51 29 15 16 20 58 43 17 59 19 22 33 32 4  5  9  54 11 6  55 12 57 31 35 56 41 40 3  50 24 14 13 38 25 42 53 34 49 28 27 36 8  44 60 47 46 1  39 30 2  0  37 18 21 26 23 7  10 45
15 32 41 39 19 31 11 10 35 37 7  6  36 18 16 0  14 48 13 4  38 25 58 27 56 21 52 23 51 43 53 5  1  50 59 8  12 9  20 3  55 2  54 29 47 45 60 44 17 57 33 28 26 30 42 40 24 49 22 34 46
18 38 25 15 13 20 27 55 54 34 49 32 41 4  53 3  21 28 0  56 5  16 42 43 50 2  39 6  17 37 57 48 11 58 9  40 51 29 1  26 35 12 22 23 45 44 46 60 31 10 24 36 59 14 8  7  19 30 33 52 47
25 51 8  55 30 17 19 57 2  18 24 41 23 27 38 50 53 5  9  6  32 59 37 12 10 0  34 13 49 54 4  43 20 52 26 48 58 22 14 42 56 11 39 31 60 46 45 47 35 28 15 1  33 16 29 3  40 7  36 21 44
19 21 23 54 31 10 14 27 37 40 5  16 38 46 6  22 11 56 34 0  29 1  15 2  45 32 41 7  57 20 39 4  25 43 18 58 47 8  12 30 9  26 52 33 55 24 13 36 48 60 51 50 42 59 3  44 17 28 35 53 49
47 52 15 56 17 57 34 23 18 54 35 24 44 42 41 2  55 4  8  58 53 38 39 7  11 28 32 29 25 27 33 45 26 30 6  10 43 59 21 22 46 14 13 36 12 31 40 0  51 49 60 48 1  20 9  16 3  5  19 37 50
38 40 21 45 32 27 59 28 12 24 14 44 8  53 10 43 22 20 55 30 17 2  16 25 9  23 42 5  7  57 19 47 4  39 46 37 41 35 0  33 1  36 26 15 11 3  34 31 49 48 50 60 56 13 58 18 52 29 54 6  51
4  53 54 7  0  46 43 3  55 31 26 52 58 29 17 42 47 14 44 25 36 35 33 41 38 19 10 57 59 13 37 9  40 22 45 21 20 30 24 56 32 23 15 6  18 34 5  16 60 50 49 51 11 1  2  8  39 27 12 28 48
31 41 17 59 36 50 47 21 26 43 39 58 51 38 49 46 20 2  40 33 16 7  30 28 44 48 8  56 23 34 22 0  42 19 29 45 4  57 13 10 18 1  32 9  24 35 15 6  25 14 5  12 52 60 55 54 27 37 11 3  53
30 16 33 11 12 35 39 24 31 48 57 3  4  41 22 45 1  43 23 49 58 28 14 18 7  38 44 34 21 32 0  8  29 2  27 5  50 56 25 6  59 13 46 17 26 15 42 51 9  19 36 47 55 53 60 52 37 10 20 40 54
50 31 18 28 45 33 36 30 21 26 29 39 40 34 35 20 46 23 2  42 15 8  56 17 47 41 9  59 3  10 7  1  49 5  13 14 6  43 58 11 12 25 19 37 51 4  16 24 57 32 0  44 53 52 54 60 22 48 38 27 55
43 44 20 22 56 13 24 39 15 58 18 29 57 5  50 8  33 25 10 41 2  48 3  40 6  17 46 45 38 11 49 35 59 16 36 31 34 47 28 7  23 19 51 0  1  27 26 37 21 30 14 42 60 54 53 55 4  12 9  32 52
14 35 47 38 29 52 54 41 40 51 12 55 10 30 0  32 25 24 42 23 34 49 36 19 17 16 37 50 33 4  13 39 15 28 20 1  22 26 3  31 8  7  18 46 53 48 43 2  45 21 27 9  5  44 6  11 56 60 59 58 57
39 50 30 48 41 45 12 18 34 47 17 38 6  21 44 36 52 10 7  26 37 13 27 32 55 46 19 22 54 40 2  49 23 51 8  42 15 20 11 0  29 4  35 53 14 5  25 9  3  31 1  33 16 43 28 24 59 57 60 56 58
54 10 45 4  3  9  30 8  7  5  1  12 11 55 25 16 15 26 21 20 19 18 41 24 23 14 17 28 27 33 6  32 31 29 42 36 35 46 50 40 39 22 34 44 43 2  37 48 47 53 38 52 51 49 0  13 57 56 58 60 59
32 19 5  46 49 2  23 31 39 53 33 47 29 44 54 52 36 37 22 1  42 41 18 6  30 50 38 35 34 12 24 7  0  10 28 27 16 17 26 8  48 21 20 55 13 51 3  11 40 4  25 45 15 9  14 43 60 58 57 59 56
3  2  1  0  6  7  4  5  10 11 8  9  14 15 12 13 18 19 16 17 22 23 20 21 26 27 24 25 30 31 28 29 34 35 32 33 38 39 36 37 42 43 40 41 46 47 44 45 50 51 48 49 54 55 52 53 58 59 56 57 60
