0  3  60 1  59 11 47 9  24 7  13 5  48 10 29 46 45 21 53 40 30 17 58 49 8  43 44 57 35 14 20 38 42 51 55 28 54 52 31 41 19 39 32 25 26 16 15 6  12 23 56 33 37 18 36 34 50 27 22 4  2
60 1  3  2  26 56 10 36 48 45 6  43 27 55 59 17 33 15 20 49 18 54 47 37 38 31 4  12 32 52 40 25 28 16 44 57 7  23 24 46 30 58 51 11 34 9  39 22 8  19 53 42 29 50 21 13 5  35 41 14 0
1  0  2  60 35 47 18 57 59 27 14 39 24 23 10 29 49 26 6  33 43 53 42 13 12 45 17 9  48 15 58 50 54 19 41 4  55 56 51 11 44 34 22 20 40 25 52 5  28 16 31 38 46 21 32 36 37 7  30 8  3
2  60 0  3  14 17 9  44 25 6  28 30 37 57 4  34 41 5  23 29 33 50 24 18 22 8  39 36 10 19 11 35 46 20 15 31 27 12 48 26 53 16 52 47 7  49 32 43 38 45 21 59 42 40 58 56 55 13 54 51 1
48 42 29 54 4  60 7  6  39 33 25 52 59 45 58 35 57 32 44 31 34 55 56 30 28 10 51 47 24 2  23 19 17 9  20 15 43 46 50 8  49 53 1  36 18 13 37 27 0  40 38 26 11 41 3  21 22 16 14 12 5
19 12 14 22 7  5  60 4  35 21 47 40 1  51 2  58 37 24 36 0  25 9  3  29 17 20 28 56 26 23 59 52 38 44 39 8  18 16 32 34 11 45 55 57 33 41 50 10 53 54 46 13 31 48 49 42 27 43 15 30 6
23 58 24 55 5  4  6  60 30 56 41 45 18 42 39 59 27 44 12 54 31 33 51 0  2  50 48 16 53 57 8  20 37 21 46 52 40 32 43 14 36 10 13 38 17 11 34 49 26 47 25 22 35 28 19 3  9  29 1  15 7
20 52 54 16 60 6  5  7  49 30 56 53 38 27 17 21 3  14 48 51 0  15 35 26 31 55 23 13 50 36 9  24 57 37 40 22 29 33 12 43 34 44 47 39 41 59 58 42 18 8  28 19 1  11 2  25 10 32 46 45 4
50 16 21 18 31 13 38 46 8  60 11 10 34 5  41 20 1  47 3  39 15 2  26 25 56 23 22 40 44 37 43 4  55 48 12 51 57 29 6  19 27 14 54 30 28 52 7  17 33 58 0  35 45 59 42 32 24 36 49 53 9
30 35 46 56 40 38 55 20 11 9  60 8  17 37 22 42 25 12 34 53 7  32 14 36 29 16 31 52 39 24 0  26 21 49 18 1  23 13 5  28 4  59 15 50 58 57 2  51 54 33 43 47 27 19 48 6  3  45 44 41 10
36 41 5  51 46 2  58 21 9  8  10 60 44 54 47 56 35 45 43 52 24 7  30 27 20 37 55 23 59 49 22 48 40 38 50 16 0  25 33 53 32 1  57 18 12 17 4  14 31 29 34 3  19 39 13 26 15 42 6  28 11
40 55 49 36 34 19 21 23 60 10 9  11 31 43 38 41 39 46 28 5  52 6  48 7  44 42 53 30 18 59 27 12 58 45 4  47 3  57 14 16 0  15 25 13 24 33 17 35 22 2  54 56 20 26 50 1  51 37 32 29 8
4  56 6  43 0  27 2  22 42 28 52 32 12 60 15 14 51 39 24 44 41 57 7  40 18 49 46 5  9  50 53 58 11 36 54 38 33 47 35 17 23 20 8  3  19 55 26 37 59 25 29 16 10 30 34 45 1  21 31 48 13
54 11 50 33 28 35 44 18 51 19 36 1  15 13 60 12 29 42 7  9  57 47 59 31 45 39 34 48 4  16 52 23 56 3  26 5  10 53 58 25 46 49 17 55 6  24 40 21 27 41 2  8  30 37 0  43 32 20 38 22 14
26 37 47 58 54 10 52 34 32 16 5  18 13 12 14 60 9  40 11 45 49 36 25 59 43 22 0  50 38 44 48 51 8  53 7  39 21 1  28 35 17 55 56 24 29 19 57 2  30 20 27 31 6  33 4  41 42 46 3  23 15
38 50 4  45 2  16 19 10 28 23 7  22 60 14 13 15 5  53 57 6  44 56 11 9  30 33 40 51 8  35 24 46 43 25 49 29 42 58 0  55 26 48 36 32 20 3  31 52 41 34 1  27 47 17 59 39 21 18 37 54 12
32 48 11 44 38 58 20 41 33 22 55 2  53 21 25 37 16 60 19 18 6  13 9  46 36 14 35 31 52 47 51 27 0  8  59 26 24 15 4  49 56 7  45 54 3  42 23 29 1  39 57 30 28 12 43 10 40 50 5  34 17
37 53 43 24 30 22 13 40 36 39 48 51 28 6  34 50 19 17 60 16 26 52 5  32 3  38 20 59 12 55 4  45 23 58 14 49 8  0  25 9  7  54 44 2  42 31 56 57 10 35 15 11 21 1  41 29 46 47 33 27 18
22 39 12 25 55 45 24 27 23 47 49 38 2  48 28 26 17 16 18 60 46 44 0  8  6  3  15 7  14 43 37 33 59 31 51 42 41 30 11 1  57 36 35 29 21 5  20 9  13 10 52 34 50 58 56 4  54 40 53 32 19
11 24 22 46 8  40 59 55 4  37 12 0  10 53 27 54 60 18 17 19 36 34 2  28 1  51 47 14 23 32 56 39 29 42 21 58 20 9  49 31 5  57 33 48 52 50 3  26 43 38 45 25 44 13 15 7  30 41 35 6  16
9  46 17 13 11 48 27 30 44 0  32 4  29 3  42 28 31 2  39 35 20 60 23 22 40 53 43 6  15 12 7  16 10 57 52 19 58 45 55 18 24 50 14 26 8  37 1  59 5  56 41 54 34 25 51 38 49 33 36 47 21
52 40 59 26 18 32 45 56 53 38 15 33 49 29 51 10 47 37 4  43 23 21 60 20 35 57 3  58 42 13 54 36 5  11 48 24 31 17 9  50 1  46 28 19 55 6  41 16 34 12 39 14 0  8  30 44 7  25 27 2  22
53 32 33 17 36 24 57 38 52 25 50 41 35 46 16 48 14 3  58 42 21 20 22 60 5  9  45 44 47 51 34 37 1  2  30 12 4  31 7  54 59 11 19 56 27 26 13 28 15 55 10 29 8  0  39 49 43 6  18 40 23
47 14 31 8  17 39 49 53 3  42 33 26 55 50 1  36 43 4  25 41 60 22 21 23 52 18 11 38 57 34 32 2  30 10 29 56 15 59 27 5  45 19 9  16 48 40 54 0  44 6  13 58 24 7  46 12 35 28 51 37 20
56 49 18 5  13 3  12 47 50 54 40 37 6  4  53 55 59 22 2  38 32 41 17 51 24 60 27 26 45 48 39 42 20 43 36 46 34 11 19 30 10 21 31 33 57 28 35 7  29 1  8  23 58 14 9  15 0  44 52 16 25
35 34 58 23 37 53 40 19 18 14 46 29 21 32 9  47 22 41 8  7  48 12 16 3  27 25 60 24 43 11 45 44 13 52 1  0  50 4  54 56 6  17 59 28 31 30 10 15 20 57 36 55 33 5  38 51 39 49 2  42 26
29 51 20 50 42 54 37 11 45 59 16 7  33 38 44 57 10 43 40 56 2  39 52 53 25 24 26 60 49 0  47 41 48 12 58 55 46 6  13 21 18 31 4  17 14 8  36 30 32 28 3  1  22 23 5  35 19 15 34 9  27
55 5  52 11 53 1  31 48 37 46 38 3  56 18 45 43 20 35 13 50 16 28 39 33 60 26 25 27 21 40 36 6  51 23 57 17 30 8  10 22 29 47 58 15 54 14 9  41 7  59 19 32 2  4  44 0  12 34 42 49 24
25 22 36 59 45 49 46 33 20 17 51 14 39 24 11 44 56 9  38 57 8  58 1  41 13 0  54 42 28 60 31 30 47 7  53 43 2  50 18 12 52 23 27 35 15 4  6  32 55 5  37 10 40 34 26 48 16 19 21 3  29
44 7  35 32 15 34 22 1  27 48 18 42 41 47 26 4  21 33 10 46 50 16 6  39 54 59 14 8  31 29 60 28 3  17 5  2  52 40 45 23 37 12 11 49 0  38 19 13 9  43 20 57 36 56 24 58 53 51 55 25 30
7  21 25 27 32 44 43 0  38 20 34 36 16 41 46 39 12 23 35 26 9  1  50 17 55 2  19 3  29 28 30 60 4  59 10 18 11 42 8  15 54 13 37 6  5  58 14 56 57 52 22 53 49 51 40 24 47 48 45 33 31
15 44 13 53 39 57 16 42 19 41 17 58 32 2  21 0  6  10 56 8  27 14 49 50 47 34 59 20 60 30 29 31 12 54 25 40 51 55 46 4  35 9  7  52 1  48 38 24 45 22 23 36 43 3  33 37 18 5  11 26 28
45 47 7  19 23 9  26 2  41 5  24 31 58 39 55 27 42 30 50 3  40 38 28 4  10 56 6  15 22 46 17 11 32 60 35 34 44 48 21 13 20 8  16 51 36 0  29 1  37 53 18 43 59 49 57 14 25 54 12 52 33
39 8  42 57 49 30 11 50 1  40 27 6  46 20 24 52 48 55 54 22 13 45 19 38 14 47 36 10 37 58 5  56 35 33 60 32 26 28 23 0  9  51 2  53 59 21 12 25 16 4  7  41 15 43 18 17 31 3  29 44 34
27 31 56 49 52 23 28 17 54 51 22 20 42 58 40 45 24 7  47 48 11 43 10 5  16 44 38 0  6  39 50 1  33 32 34 60 59 41 26 29 14 37 12 21 25 15 53 18 19 3  30 9  4  46 8  57 2  55 13 36 35
43 45 15 40 29 51 14 12 13 57 26 54 7  8  6  2  55 59 37 36 58 46 38 48 41 28 10 49 25 4  42 53 60 34 33 35 19 18 22 52 3  24 30 0  56 1  21 50 23 27 47 5  39 31 11 16 44 9  20 17 32
13 29 48 30 56 41 25 52 47 15 54 27 26 0  31 9  34 57 45 58 35 51 43 42 59 6  12 11 55 1  3  14 49 46 16 20 36 60 39 38 50 5  23 22 53 18 33 8  2  32 40 21 7  44 10 28 4  17 19 24 37
21 59 34 47 10 15 48 28 40 53 4  44 43 19 23 5  58 52 42 13 51 0  55 14 57 46 32 29 7  27 35 49 26 50 2  30 39 37 60 36 8  56 18 12 11 54 25 3  6  31 33 20 17 9  45 22 41 24 16 1  38
46 19 44 42 57 21 30 35 43 32 23 28 22 34 18 31 50 54 14 1  47 5  12 10 49 41 58 33 11 56 6  15 9  27 13 7  37 36 38 60 51 25 3  8  2  53 0  20 52 24 16 40 48 45 17 59 29 4  26 55 39
51 20 16 21 19 29 35 59 31 12 57 49 9  56 52 24 2  28 46 4  1  3  44 34 15 32 50 54 17 5  55 8  25 41 23 6  60 38 37 39 47 33 53 45 22 43 18 40 58 11 26 0  14 42 27 30 13 10 48 7  36
5  54 38 31 33 0  50 14 29 49 20 19 45 22 7  18 28 34 15 11 10 30 13 55 32 36 57 37 16 8  21 3  24 4  17 53 25 27 2  48 40 60 43 42 51 12 59 58 39 9  6  44 56 35 1  23 52 26 47 46 41
33 6  37 7  27 18 1  3  55 26 58 48 50 52 32 22 44 38 5  28 29 35 15 57 46 54 9  4  19 20 49 59 14 0  56 21 45 2  17 51 43 41 60 40 16 36 24 53 11 30 12 39 13 47 25 8  34 23 10 31 42
16 26 19 48 51 50 17 24 34 36 39 59 54 44 49 23 0  6  30 2  56 27 33 15 7  29 1  21 58 25 18 47 45 22 8  37 9  35 52 10 41 40 42 60 13 32 55 31 3  14 5  4  38 57 12 46 20 53 28 11 43
28 13 26 37 22 31 8  45 6  58 29 55 47 1  33 51 46 20 49 34 17 48 4  54 53 35 2  32 0  10 38 5  27 14 19 25 56 3  30 59 60 42 41 43 50 7  16 12 21 18 44 15 57 24 23 11 36 52 9  39 40
14 25 51 41 21 59 42 16 15 43 19 57 52 17 0  8  7  13 55 10 28 4  54 35 37 1  29 39 20 26 33 34 53 30 31 23 49 24 40 27 38 3  6  9  44 60 47 46 56 36 58 2  12 32 22 18 48 11 50 5  45
42 57 30 34 24 36 33 39 22 35 31 21 23 28 50 49 32 48 41 27 54 11 8  12 4  58 52 19 13 53 2  10 16 6  3  9  5  51 56 7  55 18 0  59 47 45 60 44 17 15 14 37 26 29 20 40 38 1  25 43 46
31 18 27 29 25 42 53 49 58 52 37 56 36 59 48 38 54 51 1  32 39 24 40 43 21 4  33 2  34 3  57 0  19 26 28 41 12 10 15 20 22 35 5  23 45 44 46 60 14 7  55 17 9  6  16 50 11 30 8  13 47
49 28 10 12 41 14 23 31 57 34 2  50 3  16 5  33 13 36 51 30 55 29 32 6  42 52 56 53 1  21 19 7  22 15 9  54 17 43 59 58 48 4  24 37 60 46 45 47 40 0  11 18 25 27 35 20 26 8  39 38 44
59 33 55 52 12 25 32 13 16 24 45 15 4  7  57 11 8  31 27 21 53 19 41 56 9  5  37 18 36 54 46 17 6  1  43 44 28 26 42 47 58 22 38 34 35 10 30 39 48 60 51 50 3  20 29 2  23 14 40 0  49
6  38 39 15 9  26 0  58 46 4  43 16 57 30 56 3  11 27 29 24 42 25 37 47 19 21 5  17 54 18 13 55 44 40 45 59 53 22 1  2  33 52 20 10 32 34 8  23 51 49 60 48 41 36 28 31 14 12 7  35 50
24 17 23 39 16 55 36 37 56 44 30 35 20 31 19 53 4  1  59 14 12 26 34 2  0  40 21 45 33 41 10 13 52 28 22 11 6  7  57 3  25 29 46 58 9  27 42 54 49 48 50 60 32 15 47 5  8  38 43 18 51
41 4  40 28 1  8  29 25 5  18 59 46 30 35 36 32 53 56 9  55 45 31 57 52 58 7  42 43 3  6  12 21 15 39 47 13 14 54 44 33 2  0  26 27 38 20 11 34 60 50 49 51 23 16 37 19 17 22 24 10 48
17 36 9  38 20 43 39 29 26 2  44 34 19 49 35 25 40 0  32 12 4  37 45 58 51 15 8  46 56 7  41 57 18 47 11 14 1  21 3  6  16 30 48 5  10 22 27 33 42 13 59 24 52 60 55 54 28 31 23 50 53
58 15 8  35 47 20 34 26 2  13 42 23 51 9  43 1  30 50 22 37 5  59 18 11 33 48 7  41 46 38 16 40 36 24 6  3  32 19 29 57 31 27 10 14 49 56 28 4  25 44 17 12 55 53 60 52 45 39 0  21 54
10 30 57 14 58 28 15 32 12 29 0  47 8  36 3  6  23 25 31 59 37 40 27 16 48 17 49 22 5  9  1  18 7  56 42 50 13 20 41 44 21 38 34 46 39 51 43 11 24 26 35 45 53 52 54 60 33 2  4  19 55
57 43 28 9  44 46 56 51 14 3  35 13 40 11 8  30 26 58 21 25 59 18 31 45 39 19 16 34 2  33 15 22 41 29 27 10 48 49 47 24 12 32 50 1  4  23 5  38 36 37 42 7  60 54 53 55 6  0  17 20 52
8  27 41 6  43 12 3  15 0  55 21 17 5  25 20 7  52 11 33 47 14 10 36 44 50 13 30 1  40 45 26 54 39 18 37 48 22 34 53 32 28 2  49 4  23 29 51 19 35 42 24 46 16 38 31 9  56 60 59 58 57
34 9  32 20 50 52 51 54 17 1  53 24 25 33 30 40 38 8  26 23 3  49 29 19 11 12 18 55 41 22 14 43 2  13 0  45 47 44 16 42 15 28 39 31 37 35 48 36 46 21 4  6  5  10 7  27 59 57 60 56 58
18 10 45 4  3  37 41 8  7  50 1  12 11 26 54 16 15 29 0  20 19 42 53 24 23 30 13 28 27 17 25 32 31 55 38 36 35 5  34 40 39 6  21 44 43 2  49 48 47 46 9  52 51 22 14 33 57 56 58 60 59
12 23 53 10 48 33 54 43 21 31 3  25 0  40 37 19 36 49 52 15 38 8  46 1  34 11 41 35 51 42 44 9  50 5  24 27 16 14 20 45 13 26 29 7  30 39 22 55 4  17 32 28 18 2  6  47 60 58 57 59 56
3  2  1  0  6  7  4  5  10 11 8  9  14 15 12 13 18 19 16 17 22 23 20 21 26 27 24 25 30 31 28 29 34 35 32 33 38 39 36 37 42 43 40 41 46 47 44 45 50 51 48 49 54 55 52 53 58 59 56 57 60
