0  3  60 1  45 36 15 18 38 47 39 30 46 55 49 6  51 26 7  48 34 41 33 28 53 43 17 31 23 44 11 27 40 22 20 58 5  50 8  10 32 21 57 25 29 4  12 9  19 14 37 16 56 24 59 13 52 42 35 54 2
60 1  3  2  15 19 32 23 12 38 47 55 8  58 45 4  35 31 50 5  30 53 41 7  33 46 42 39 59 48 20 17 6  24 43 16 51 49 9  27 56 22 26 34 54 14 25 10 29 37 18 36 57 21 44 11 40 52 13 28 0
1  0  2  60 50 12 13 40 33 39 28 17 5  6  56 41 30 11 46 24 37 49 35 53 19 48 44 47 10 43 16 54 58 8  57 22 59 20 52 9  7  15 55 29 26 51 18 27 25 21 4  45 38 23 31 42 14 34 32 36 3
2  60 0  3  59 40 27 37 24 25 21 44 48 52 20 22 47 23 31 30 14 10 15 17 8  9  32 6  42 33 19 18 26 29 53 57 50 7  41 51 5  38 28 54 11 55 56 16 12 58 36 39 13 34 43 45 46 35 49 4  1
19 33 55 52 4  60 7  6  47 30 36 56 22 59 58 24 41 29 57 0  49 27 12 46 15 44 54 21 32 17 9  51 28 1  37 40 10 34 53 43 35 16 50 39 25 48 23 8  45 20 42 31 3  38 26 2  11 18 14 13 5
35 39 30 25 7  5  60 4  55 40 44 42 16 37 59 18 12 49 15 27 56 28 48 47 43 3  45 19 21 34 2  41 38 52 29 0  58 13 32 1  9  31 11 24 10 26 51 23 22 17 53 46 33 50 57 8  20 54 36 14 6
57 10 18 20 5  4  6  60 37 16 1  22 17 46 27 42 9  12 2  29 3  31 11 30 41 58 36 14 51 19 23 21 47 55 45 44 26 8  56 53 59 24 15 48 35 34 13 32 43 54 52 28 50 39 49 33 38 0  25 40 7
30 43 38 46 60 6  5  7  15 29 26 18 50 49 53 8  58 45 11 47 31 42 27 34 57 41 10 22 55 9  0  20 44 39 23 59 48 56 2  33 52 25 21 1  32 17 3  19 36 13 12 54 40 14 51 28 37 24 16 35 4
31 21 59 39 20 29 44 16 8  60 11 10 53 56 54 58 7  42 41 52 4  1  28 48 51 32 50 38 22 5  57 0  25 36 55 37 33 35 27 3  46 18 17 45 6  43 40 49 23 47 26 24 19 12 14 34 13 30 15 2  9
53 59 44 5  58 3  48 12 11 9  60 8  7  54 30 52 43 55 37 23 41 46 32 19 47 40 39 51 38 50 14 56 22 57 36 45 34 18 28 26 25 20 49 16 2  35 21 24 6  42 29 27 15 0  13 17 31 33 4  1  10
13 32 48 54 23 17 47 20 9  8  10 60 35 0  19 29 40 5  56 14 7  43 38 4  37 28 31 52 25 15 45 26 1  42 41 12 46 24 22 55 16 34 33 21 49 30 36 6  2  44 58 59 27 57 3  39 18 53 50 51 11
7  16 15 36 21 51 39 0  60 10 9  11 23 29 48 2  1  41 30 43 59 4  53 12 58 47 40 56 33 13 18 52 45 28 49 55 3  54 57 6  26 17 46 19 50 32 42 25 14 34 44 5  31 22 37 35 27 38 24 20 8
59 53 16 26 37 30 28 29 21 50 52 24 12 60 15 14 2  51 43 40 42 8  34 58 11 38 3  35 6  7  5  36 48 44 22 27 31 4  25 47 19 56 20 18 33 57 54 39 32 55 9  17 10 1  46 49 41 45 23 0  13
39 26 46 4  3  41 18 27 45 36 55 47 15 13 60 12 44 20 6  50 17 57 49 38 40 29 1  7  35 25 33 37 51 30 54 28 9  31 23 0  24 5  58 56 16 8  2  11 53 22 19 32 59 48 34 10 43 21 42 52 14
23 18 35 6  9  24 3  32 42 4  41 52 13 12 14 60 37 54 1  34 27 25 56 0  5  21 38 20 49 39 58 48 7  51 19 2  40 16 26 29 36 10 8  59 53 50 57 55 31 28 45 33 11 44 17 47 22 46 30 43 15
42 24 17 30 33 32 57 58 16 46 51 41 60 14 13 15 8  2  38 22 39 52 19 37 1  49 55 54 44 59 3  43 5  4  56 48 53 23 18 20 45 11 0  31 28 40 9  50 35 25 47 10 21 36 27 26 34 6  7  29 12
34 55 5  42 54 2  43 15 58 48 57 35 30 23 25 7  16 60 19 18 51 37 29 13 32 14 41 33 47 22 12 49 24 27 0  11 56 21 44 59 53 26 3  6  38 52 50 28 9  31 46 20 45 40 4  1  36 10 8  39 17
56 46 41 35 53 44 51 39 14 32 49 15 28 40 8  11 19 17 60 16 24 59 55 57 20 31 52 36 12 38 43 25 9  45 50 3  27 48 29 7  13 2  54 30 5  33 1  58 37 10 34 6  26 4  42 22 0  23 47 21 18
11 45 13 53 25 38 46 30 23 27 42 0  55 2  50 32 17 16 18 60 52 39 26 8  35 4  22 9  36 54 7  34 15 56 31 24 28 51 5  21 58 48 10 49 57 1  6  59 41 43 14 37 20 3  29 12 33 44 40 47 19
45 27 49 15 48 39 26 54 25 31 34 38 33 28 41 3  60 18 17 19 46 24 30 56 21 8  6  1  13 36 22 9  52 12 10 50 29 53 11 5  44 14 59 57 40 0  20 51 4  2  35 47 32 37 7  58 23 43 55 42 16
16 54 29 27 47 50 14 26 49 33 31 45 38 24 6  48 0  40 36 55 20 60 23 22 13 42 7  3  52 2  44 10 59 9  51 39 18 43 12 35 17 57 25 37 30 11 58 4  15 8  5  34 28 56 1  19 53 41 46 32 21
44 12 19 43 56 45 55 36 53 15 54 27 1  51 16 9  14 50 40 2  23 21 60 20 49 37 28 11 26 41 35 33 57 31 59 30 7  25 47 58 18 29 48 3  0  5  52 38 42 24 17 13 46 8  10 6  4  32 39 34 22
43 51 14 19 34 54 53 13 46 17 50 39 37 7  2  30 45 9  59 3  21 20 22 60 42 33 47 49 40 52 15 44 55 25 4  56 41 12 58 11 28 36 24 0  31 16 8  26 57 27 10 1  29 6  5  32 35 48 38 18 23
49 34 45 57 36 33 40 43 41 56 46 58 24 44 28 55 38 35 48 31 60 22 21 23 12 50 37 29 14 27 59 19 42 5  1  17 4  26 16 54 6  8  32 7  13 2  10 52 18 0  25 53 47 51 39 15 9  3  11 30 20
9  4  21 51 1  59 50 55 39 0  30 23 58 17 43 33 36 13 29 49 40 2  31 11 24 60 27 26 57 18 10 22 56 15 46 54 16 45 48 8  20 52 44 14 42 37 34 53 38 19 6  3  41 47 35 7  32 28 12 5  25
22 17 10 40 57 9  34 35 52 5  2  13 20 11 37 36 21 1  44 32 12 16 0  54 27 25 60 24 48 47 55 46 19 43 6  7  15 14 42 50 3  59 38 33 18 58 31 29 28 53 39 56 8  49 23 30 51 4  45 41 26
52 58 9  48 16 21 29 31 30 2  20 34 32 42 51 23 4  56 47 36 10 5  59 15 25 24 26 60 45 6  8  7  12 38 11 46 19 55 33 44 49 54 13 53 39 28 35 18 3  40 57 14 0  43 41 37 17 50 1  22 27
8  5  34 14 11 1  20 49 0  37 12 4  10 22 3  40 46 43 51 39 6  56 13 42 60 26 25 27 41 32 36 38 29 50 2  52 30 9  31 19 15 28 23 17 48 54 16 57 44 7  33 18 35 58 45 59 21 47 53 55 24
14 9  25 16 43 26 17 24 40 1  48 37 51 50 0  34 3  6  20 35 18 45 46 49 7  2  5  53 28 60 31 30 39 54 15 19 52 11 59 32 8  58 47 4  56 21 22 42 10 23 13 12 36 27 33 57 44 55 41 38 29
21 40 37 49 38 55 36 50 34 12 59 25 9  47 46 51 52 53 35 26 43 0  45 32 54 11 19 42 31 29 60 28 23 58 8  18 6  2  4  57 1  44 27 20 41 22 14 13 56 3  7  15 16 17 24 5  48 39 33 10 30
18 44 12 22 14 16 59 11 50 58 37 7  2  53 4  19 5  27 0  15 54 47 3  40 45 51 57 17 29 28 30 60 41 48 42 38 43 10 35 52 23 32 34 36 1  24 49 21 33 46 8  25 39 13 20 56 55 26 9  6  31
38 25 58 34 35 13 33 10 27 23 7  14 57 5  11 50 59 46 53 56 26 55 42 9  44 1  20 8  60 30 29 31 54 6  3  4  45 41 0  49 51 37 22 47 24 36 17 43 52 39 15 40 48 18 32 21 19 12 2  16 28
50 47 31 12 39 18 10 53 19 55 6  20 3  21 44 38 56 22 5  8  11 13 17 27 36 52 48 23 43 42 46 2  32 60 35 34 24 40 15 4  37 49 29 28 14 59 30 1  26 41 0  57 25 7  58 9  16 51 54 45 33
25 15 36 58 24 47 21 17 59 41 18 54 40 48 26 1  50 7  10 44 57 6  43 52 4  0  14 46 37 49 53 55 35 33 60 32 2  28 51 45 12 9  56 22 19 39 27 5  13 29 16 38 23 30 11 31 42 20 3  8  34
51 7  47 18 12 8  58 1  5  13 14 40 4  9  10 44 20 21 3  41 16 17 37 43 48 45 49 57 56 55 39 53 33 32 34 60 54 22 46 30 11 19 52 23 15 25 38 2  24 26 59 0  42 31 36 29 28 27 6  50 35
36 11 56 23 51 58 8  41 6  42 27 1  52 19 22 20 55 57 54 13 15 38 14 3  29 59 43 10 50 24 47 40 60 34 33 35 0  44 21 48 31 7  9  26 37 49 53 30 39 45 28 4  12 46 18 16 2  17 5  25 32
58 22 8  44 46 35 19 42 2  54 23 50 45 34 47 49 32 30 52 6  28 48 1  10 56 53 29 43 20 26 17 57 16 59 13 5  36 60 39 38 55 51 7  27 3  12 4  14 21 15 11 41 18 25 9  40 24 31 0  33 37
32 52 43 56 22 31 35 46 44 51 45 33 34 41 21 26 25 47 27 42 29 14 4  55 30 16 15 18 54 20 24 5  0  11 12 6  39 37 60 36 50 13 19 2  8  10 7  17 58 57 40 9  1  59 28 23 3  49 48 53 38
27 28 40 45 17 15 54 52 31 59 58 43 42 16 33 5  13 4  32 57 25 30 50 44 34 20 51 0  1  53 21 8  18 14 24 47 37 36 38 60 2  55 12 11 23 3  48 35 46 56 22 26 7  29 6  41 49 19 10 9  39
55 19 26 24 28 27 22 45 51 44 13 53 41 10 57 35 31 33 58 1  48 40 6  25 3  23 2  5  4  46 42 16 43 17 52 15 60 38 37 39 21 12 30 32 9  7  29 56 20 59 54 8  34 11 50 0  47 14 18 49 36
37 48 52 9  31 25 30 38 22 3  53 49 44 20 55 54 57 24 39 33 13 58 8  59 17 5  34 45 46 56 6  4  50 19 26 51 47 0  7  18 40 60 43 42 12 27 28 36 1  11 32 35 2  10 15 14 29 16 21 23 41
29 36 11 55 26 37 52 59 48 57 19 2  47 31 34 17 54 15 23 10 33 44 51 18 50 35 4  58 53 0  49 13 46 20 14 25 1  5  45 56 43 41 60 40 21 38 32 12 8  30 24 22 6  28 16 3  39 9  27 7  42
6  13 4  47 2  46 0  48 54 45 56 51 25 1  17 57 28 14 33 53 38 36 44 29 31 12 58 32 16 23 52 24 27 18 39 49 21 59 20 34 41 40 42 60 22 9  5  3  7  35 55 11 30 19 8  50 10 15 26 37 43
33 23 20 10 32 14 9  34 13 6  3  57 49 8  5  47 48 36 55 38 2  54 25 1  59 22 46 30 39 37 27 50 4  0  7  53 17 29 19 28 60 42 41 43 52 56 26 15 16 12 31 58 44 35 21 18 45 11 51 24 40
41 20 39 50 18 49 37 14 35 26 17 36 19 38 7  56 23 10 4  12 1  29 24 16 22 57 9  59 34 21 54 42 53 40 28 8  11 6  13 2  33 0  31 51 44 60 47 46 55 5  3  43 58 32 30 48 15 25 52 27 45
48 50 53 41 19 28 25 33 56 49 24 59 31 43 18 27 29 39 14 4  32 26 52 51 10 6  21 15 5  16 37 12 20 7  58 42 57 30 55 17 54 3  35 13 47 45 60 44 0  9  1  23 22 2  40 38 8  36 34 11 46
54 31 6  37 10 11 2  56 28 52 4  5  59 18 39 21 33 25 13 58 55 15 40 36 38 17 53 50 8  57 41 1  49 16 48 43 23 3  24 14 22 30 51 35 45 44 46 60 34 32 27 42 9  26 0  20 7  29 19 12 47
24 6  57 28 49 52 1  51 20 53 32 29 56 25 40 31 42 48 22 54 8  35 18 33 0  13 59 34 3  11 38 15 10 23 27 21 55 58 30 41 14 39 16 50 60 46 45 47 17 4  43 7  5  9  19 36 12 2  37 26 44
4  56 28 32 0  57 16 21 18 43 25 31 26 30 52 39 6  58 8  45 35 7  54 41 46 10 12 55 2  40 13 11 3  53 38 20 42 47 34 15 29 23 36 9  59 19 24 37 48 60 51 50 14 33 22 27 1  5  17 44 49
28 57 24 33 8  10 38 22 4  35 5  26 18 27 23 53 39 44 12 21 47 19 7  14 2  36 11 13 0  58 32 59 30 3  40 9  25 52 6  16 34 46 45 55 17 42 41 20 51 49 60 48 37 15 56 43 54 1  29 31 50
40 14 42 11 55 56 41 9  57 7  38 3  29 35 1  43 27 59 45 28 53 34 58 39 52 54 30 16 19 12 26 47 37 46 21 13 44 32 10 23 0  6  2  15 36 18 33 31 49 48 50 60 24 20 25 4  5  8  22 17 51
20 41 23 8  40 42 12 19 3  18 29 46 6  57 38 59 34 28 9  7  0  32 36 2  39 55 33 37 17 10 56 35 21 26 16 31 22 27 14 24 4  1  5  52 58 53 11 54 60 50 49 51 43 45 47 25 30 13 44 15 48
17 49 7  59 13 23 24 2  32 21 35 48 27 4  31 46 22 0  28 25 36 9  16 5  6  19 56 12 18 45 34 14 8  47 30 10 20 57 40 42 38 50 39 58 51 29 15 33 11 1  41 44 52 60 55 54 26 37 43 3  53
47 8  51 31 29 20 11 44 1  24 16 6  21 33 32 25 10 38 34 59 5  12 39 45 9  15 35 41 58 4  48 3  14 13 18 26 49 42 17 22 57 27 37 46 7  23 43 0  30 36 56 2  55 53 60 52 50 40 28 19 54
12 30 32 21 41 48 56 47 17 34 43 28 0  36 42 45 26 8  24 51 44 3  57 50 18 39 16 40 11 35 1  58 2  37 9  29 13 33 49 25 27 4  14 10 20 15 59 7  5  38 23 19 53 52 54 60 6  22 31 46 55
10 35 50 38 42 34 31 57 29 22 0  16 43 39 36 37 11 32 49 46 58 33 9  26 28 56 23 44 24 8  51 6  17 21 5  1  14 15 3  13 47 45 4  12 27 41 19 40 59 18 2  30 60 54 53 55 25 7  20 48 52
26 29 22 7  27 53 49 3  43 19 33 21 39 45 35 28 24 52 42 9  50 11 2  31 16 30 0  4  15 1  25 23 36 10 44 14 32 46 54 12 48 47 18 8  34 13 37 41 40 6  20 55 17 5  38 51 56 60 59 58 57
15 37 27 17 44 22 42 28 26 20 40 19 36 32 29 0  53 3  25 11 9  51 5  35 55 18 8  2  7  14 50 45 13 41 47 23 12 1  43 46 10 33 6  38 4  31 39 34 54 52 30 21 49 16 48 24 59 57 60 56 58
5  42 54 29 30 0  45 8  7  14 22 12 11 26 9  16 15 37 21 20 19 18 10 24 23 34 13 28 27 3  4  32 31 49 25 36 35 17 50 40 39 53 1  44 43 6  55 48 47 33 38 52 51 41 2  46 57 56 58 60 59
46 38 33 13 52 43 23 25 36 28 15 32 54 3  24 10 49 34 26 37 45 50 47 6  14 7  18 48 9  51 40 39 11 2  17 41 8  19 1  31 30 35 53 5  55 20 0  22 27 16 21 29 4  42 12 44 60 58 57 59 56
3  2  1  0  6  7  4  5  10 11 8  9  14 15 12 13 18 19 16 17 22 23 20 21 26 27 24 25 30 31 28 29 34 35 32 33 38 39 36 37 42 43 40 41 46 47 44 45 50 51 48 49 54 55 52 53 58 59 56 57 60
