0  3  60 1  23 51 15 59 38 47 30 32 40 48 24 6  44 21 36 52 31 17 57 4  14 41 34 53 37 46 10 20 11 50 26 58 18 28 8  42 12 25 39 54 16 49 29 9  13 45 33 5  19 27 43 56 55 22 35 7  2
60 1  3  2  46 24 30 33 29 25 44 43 56 45 57 59 27 20 50 28 17 36 51 35 5  9  39 16 19 8  6  48 52 7  49 23 21 55 42 26 58 54 38 11 10 13 4  53 31 34 18 22 32 47 41 37 12 14 40 15 0
1  0  2  60 42 14 33 57 23 19 40 28 48 59 5  50 58 29 20 9  18 53 25 8  54 22 52 31 11 17 37 27 56 6  43 55 46 30 45 47 10 49 4  34 51 38 36 39 12 41 15 44 26 21 24 35 32 7  16 13 3
2  60 0  3  55 52 9  17 54 6  58 37 38 49 48 22 35 7  29 56 36 31 15 43 53 46 28 45 26 18 59 21 41 39 51 16 20 11 12 33 47 32 44 23 42 27 25 40 14 13 57 34 5  24 8  4  19 50 10 30 1
44 32 11 10 4  60 7  6  35 22 3  2  45 36 27 54 23 39 38 33 50 56 9  16 31 48 51 14 42 40 49 24 1  19 59 8  13 43 18 17 29 47 28 37 0  12 52 41 25 30 20 26 46 57 15 58 21 53 55 34 5
40 18 9  36 7  5  60 4  43 2  37 21 51 46 19 41 31 26 1  14 52 11 33 30 50 56 17 59 53 55 23 16 49 22 47 39 3  10 44 35 0  15 54 8  38 57 13 34 58 32 24 12 20 28 42 29 25 45 48 27 6
39 47 48 27 5  4  6  60 44 45 41 46 33 18 28 42 21 31 13 55 59 16 35 58 49 40 54 3  14 38 53 17 36 12 37 22 32 34 29 0  25 10 15 52 8  9  11 1  2  24 56 57 43 30 26 19 50 51 23 20 7
29 43 10 34 60 6  5  7  27 39 2  33 44 53 38 49 37 51 52 41 35 48 45 55 42 30 32 8  58 0  25 56 26 11 3  20 47 16 14 9  57 19 24 1  12 22 59 36 21 15 54 17 18 13 50 23 31 40 28 46 4
33 56 26 31 57 49 13 28 8  60 11 10 29 6  46 36 22 42 44 40 51 54 16 52 47 55 2  58 7  12 34 3  43 0  30 53 15 59 50 48 19 45 17 32 18 41 14 24 39 5  38 20 23 35 21 25 1  4  27 37 9
37 59 14 45 49 19 27 18 11 9  60 8  41 32 2  25 51 48 7  5  42 50 30 33 57 15 44 6  47 36 22 40 13 23 53 56 29 0  54 52 31 12 20 55 26 3  58 28 17 4  21 16 39 34 38 43 35 24 46 1  10
21 34 57 55 58 13 22 40 9  8  10 60 47 5  26 24 28 30 23 29 48 0  6  18 15 43 14 56 16 19 17 51 54 45 1  41 42 46 52 59 7  35 36 25 49 33 37 12 20 44 53 31 38 50 32 3  27 2  4  39 11
27 7  42 22 28 35 17 1  60 10 9  11 20 57 47 37 52 6  26 58 12 39 3  41 44 34 18 0  4  49 38 46 53 43 25 5  51 15 30 21 48 23 2  33 24 55 31 14 40 29 59 36 16 32 56 45 54 13 19 50 8
5  8  6  43 59 0  2  30 1  24 54 19 12 60 15 14 39 28 22 11 58 52 18 38 9  44 35 37 17 56 7  53 47 48 45 26 50 27 23 16 51 57 46 3  25 34 42 32 33 55 36 40 21 31 10 49 29 41 20 4  13
43 17 55 28 24 37 44 19 18 16 46 38 15 13 60 12 9  1  8  7  45 25 52 29 4  21 49 47 3  23 57 36 51 58 39 59 31 5  11 34 56 53 50 0  6  20 10 27 54 26 42 32 22 41 48 2  40 30 33 35 14
56 21 19 59 39 9  52 20 22 5  50 29 13 12 14 60 46 27 54 2  7  1  8  45 55 51 53 17 43 11 48 58 42 44 40 38 57 41 35 4  34 37 32 28 33 23 16 49 30 47 10 25 6  26 18 24 0  36 31 3  15
42 9  58 11 19 26 39 56 34 1  52 3  60 14 13 15 50 41 47 4  55 28 37 53 38 59 5  51 21 35 36 49 44 54 8  29 30 22 24 6  45 17 0  57 32 40 48 18 46 31 16 27 10 23 33 20 7  43 2  25 12
4  41 15 40 0  57 38 42 14 32 20 34 49 51 8  2  16 60 19 18 10 29 46 44 37 52 56 54 48 21 33 45 9  30 11 47 59 24 6  55 3  1  7  53 23 31 22 35 28 12 58 13 25 43 27 39 26 5  50 36 17
10 45 54 51 14 15 46 34 25 35 0  31 36 20 4  5  19 17 60 16 13 30 44 37 29 8  41 39 50 24 21 11 57 59 7  9  12 23 40 27 38 26 55 58 22 1  6  52 56 53 28 3  47 49 2  42 48 32 43 33 18
35 24 37 41 25 50 8  39 6  52 27 45 53 44 34 57 17 16 18 60 30 49 31 56 1  4  55 10 46 32 20 22 29 51 14 0  58 2  48 7  54 3  59 47 13 11 28 43 38 21 5  33 9  12 40 26 23 15 36 42 19
45 23 5  44 54 2  57 53 37 14 25 20 58 41 9  33 60 18 17 19 11 34 27 1  46 10 38 22 35 43 50 47 39 15 21 28 48 8  26 32 59 13 56 29 3  0  24 31 36 52 30 55 49 7  4  51 42 6  12 40 16
41 13 30 5  29 3  54 38 24 53 28 58 19 1  35 32 48 45 37 12 20 60 23 22 8  31 59 49 10 4  2  25 15 57 42 14 52 18 7  46 50 0  34 56 55 17 39 51 16 27 40 47 36 9  6  44 43 33 11 26 21
30 57 51 8  41 39 29 32 3  43 17 35 37 33 36 40 38 10 42 24 23 21 60 20 19 58 48 52 45 6  0  54 7  13 46 11 14 12 16 5  15 4  18 9  53 28 34 56 26 59 55 2  27 44 31 50 47 1  25 49 22
26 38 47 37 30 29 41 54 46 49 35 15 31 40 16 11 14 43 53 36 21 20 22 60 59 39 0  48 32 5  4  12 28 55 57 10 19 3  1  25 13 6  51 17 58 50 8  2  27 9  45 42 56 18 7  33 52 34 44 24 23
16 28 52 12 44 54 24 36 26 31 56 59 3  34 25 46 0  32 27 35 60 22 21 23 6  14 8  18 1  39 42 9  17 40 13 19 7  57 43 29 33 50 30 38 4  51 15 55 53 58 41 45 2  48 5  47 10 37 49 11 20
55 50 17 33 36 18 58 16 51 41 38 40 57 31 56 52 7  2  5  34 47 46 32 49 24 60 27 26 59 54 35 13 22 3  19 30 4  42 10 53 11 9  37 45 48 43 21 20 44 23 1  8  15 39 29 0  14 12 6  28 25
20 15 39 57 38 28 32 12 42 59 29 16 7  58 45 1  11 55 48 43 0  33 47 51 27 25 60 24 5  10 44 41 6  21 52 54 40 49 4  2  36 31 8  19 30 14 50 22 18 37 46 23 34 56 35 17 53 3  13 9  26
57 40 23 13 43 41 20 21 52 36 53 55 42 3  50 17 33 15 45 31 6  7  34 2  25 24 26 60 49 44 56 19 48 16 22 46 9  51 47 58 1  5  12 4  29 18 35 38 32 28 14 37 8  10 59 11 30 0  39 54 27
32 54 43 9  17 38 45 58 28 3  23 53 21 50 39 35 41 4  56 48 57 12 36 10 60 26 25 27 8  51 46 34 0  49 31 15 22 52 5  14 55 16 47 2  59 6  30 42 19 33 13 29 37 11 1  40 18 20 7  44 24
9  35 4  49 2  56 43 27 58 0  48 42 50 26 52 45 20 36 51 23 16 40 24 19 22 53 13 7  28 60 31 30 59 46 38 1  17 47 34 57 21 55 11 6  54 15 33 37 10 3  12 18 14 25 44 41 5  39 8  32 29
59 12 24 32 50 33 16 46 56 26 43 47 1  39 49 27 6  54 41 25 40 38 55 34 2  19 9  15 31 29 60 28 3  5  23 51 44 53 21 13 20 18 57 10 36 58 7  11 52 14 4  35 48 37 17 22 8  42 45 0  30
17 53 18 14 9  42 47 44 15 4  21 13 25 11 3  8  26 0  2  32 37 10 49 54 43 12 16 55 29 28 30 60 19 56 36 45 34 20 57 50 46 52 5  24 7  35 40 6  59 22 39 58 41 1  23 27 33 38 51 48 31
25 37 34 54 13 45 11 15 21 33 39 6  18 4  32 7  57 46 12 38 41 8  53 40 36 0  47 43 60 30 29 31 14 9  2  52 24 1  19 10 23 20 58 27 50 5  17 26 55 56 44 59 35 22 3  48 49 16 42 51 28
53 46 38 18 52 8  40 48 5  51 12 27 10 16 58 55 13 37 3  50 44 26 59 57 28 36 21 11 24 41 39 42 32 60 35 34 25 17 2  30 6  29 31 49 20 56 1  54 7  43 19 9  4  0  47 15 45 23 14 22 33
38 11 12 53 15 55 48 43 50 40 42 1  2  25 37 4  56 47 28 54 27 58 29 31 39 13 30 20 18 22 26 23 35 33 60 32 45 14 0  24 9  44 10 7  41 36 51 17 6  57 8  46 59 3  19 5  16 49 21 52 34
22 44 27 17 12 48 50 51 36 20 49 52 4  29 54 30 25 3  40 46 9  24 0  39 21 16 57 2  55 13 15 43 33 32 34 60 8  56 41 23 18 38 53 31 1  59 19 58 5  10 6  7  11 42 14 28 37 26 47 45 35
36 19 13 47 53 21 10 14 57 48 6  39 46 2  7  51 40 56 58 1  38 5  41 28 45 37 42 29 23 27 43 50 60 34 33 35 0  25 20 11 16 22 26 30 52 24 12 3  9  54 31 15 44 4  49 59 17 8  18 55 32
58 14 41 52 31 20 25 55 30 44 33 54 28 24 1  34 43 50 35 27 5  57 48 47 13 6  29 19 12 26 8  4  40 10 15 18 36 60 39 38 32 2  45 16 9  42 49 23 22 46 17 56 3  59 11 7  51 21 0  53 37
47 48 20 15 26 46 56 24 40 28 13 22 52 10 44 3  42 57 30 59 2  27 11 32 7  54 4  21 9  58 18 55 23 41 50 49 39 37 60 36 8  33 16 51 14 53 5  0  1  35 34 43 12 45 25 31 6  17 29 19 38
50 51 56 23 48 59 21 35 33 46 15 57 43 30 20 10 29 53 25 47 14 6  42 3  52 18 31 44 41 16 13 26 45 8  55 7  37 36 38 60 49 28 22 12 27 32 9  19 4  40 0  1  24 17 58 34 2  11 54 5  39
15 58 22 24 27 11 42 52 45 18 51 5  55 23 17 0  49 14 9  30 56 35 2  13 3  47 40 4  44 34 19 59 50 53 29 21 60 38 37 39 26 48 6  46 28 8  43 25 41 16 32 10 7  33 57 12 20 54 1  31 36
51 39 7  35 20 12 36 2  59 23 57 44 5  52 18 28 47 49 14 37 4  45 56 9  48 32 58 30 15 50 27 33 25 31 54 3  6  19 53 1  40 60 43 42 11 21 55 16 24 17 29 0  13 38 34 46 22 10 26 8  41
31 27 46 29 56 17 35 13 39 57 22 50 24 7  33 26 54 5  32 53 25 47 10 59 12 20 15 1  34 3  51 0  18 14 28 6  49 44 55 8  43 41 60 40 37 48 2  21 45 36 11 30 58 19 16 38 4  9  52 23 42
6  22 28 19 11 23 0  37 55 34 45 4  35 27 31 39 24 25 49 3  53 59 1  5  16 17 46 13 2  48 54 14 58 36 9  12 33 7  51 15 41 40 42 60 56 10 26 50 29 18 47 38 57 20 30 8  44 52 32 21 43
48 33 31 38 51 32 14 11 49 50 19 7  23 54 6  18 59 44 15 10 39 55 58 12 35 29 37 34 52 25 45 2  5  1  27 24 53 26 3  20 60 42 41 43 17 30 56 57 0  8  9  4  28 36 13 21 46 47 22 16 40
23 49 21 56 16 27 18 25 13 29 34 48 30 8  41 20 4  58 6  42 15 2  43 0  40 7  36 5  57 9  12 35 55 37 10 31 26 33 59 54 24 14 19 22 44 60 47 46 11 1  52 53 50 51 39 32 3  28 17 38 45
52 20 32 6  34 16 3  50 48 27 36 26 59 17 51 21 5  13 55 49 1  15 54 25 30 23 11 9  40 37 24 57 2  42 4  43 10 29 56 41 28 39 33 35 47 45 60 44 8  19 7  14 0  58 22 18 38 31 53 12 46
7  52 49 50 32 10 31 0  16 54 5  17 26 37 22 53 8  11 33 21 43 19 14 48 34 57 12 40 51 59 55 6  4  18 24 42 41 13 58 56 27 36 35 20 45 44 46 60 23 2  3  28 1  15 9  30 39 25 38 29 47
28 30 25 16 21 58 53 23 20 37 32 49 54 42 29 43 3  59 57 26 8  4  39 7  51 2  19 50 0  14 1  38 10 52 48 40 55 9  31 22 35 56 13 15 60 46 45 47 34 11 27 24 33 6  12 36 41 18 5  17 44
54 55 33 30 18 47 12 26 41 56 16 24 6  43 59 23 10 35 4  22 28 32 19 15 11 38 7  36 20 57 3  37 21 2  58 17 27 31 25 45 44 8  52 13 40 39 53 5  48 60 51 50 42 46 0  1  9  29 34 14 49
19 10 36 26 22 43 23 31 32 30 1  14 39 28 11 56 55 38 59 0  33 42 4  6  58 35 3  57 13 47 9  7  8  20 44 25 2  54 17 12 53 46 21 5  34 52 41 29 51 49 60 48 45 40 37 16 15 27 24 18 50
8  5  16 25 40 1  37 22 0  55 26 23 17 47 53 58 2  12 24 39 29 43 7  11 18 3  10 42 36 20 32 52 30 38 56 44 28 6  33 19 4  59 27 21 35 54 57 13 49 48 50 60 31 14 45 9  34 46 15 41 51
12 42 53 7  37 40 19 3  47 13 59 56 0  9  23 29 32 34 46 6  24 44 38 14 20 45 43 35 33 15 52 39 16 28 17 27 54 4  22 31 5  58 1  26 21 25 18 8  60 50 49 51 30 2  36 57 11 55 41 10 48
49 4  8  20 1  36 28 9  2  7  24 25 27 56 43 38 34 33 39 45 3  37 40 26 10 11 23 12 6  42 58 44 46 17 16 50 5  21 15 18 22 51 29 14 31 19 32 59 57 0  35 41 52 60 55 54 13 48 30 47 53
11 6  44 39 8  25 1  41 4  42 14 0  22 19 10 48 36 40 31 13 34 51 12 46 33 5  50 32 56 45 47 18 27 24 20 57 16 58 49 3  17 7  9  59 2  29 23 30 15 38 26 21 55 53 60 52 28 35 37 43 54
13 16 29 21 33 30 59 45 31 58 47 51 32 0  40 19 1  24 34 15 26 3  50 42 17 49 20 41 39 2  5  8  12 4  18 37 56 35 46 28 14 27 23 48 57 7  38 10 43 25 22 11 53 52 54 60 36 44 9  6  55
14 31 59 58 10 22 51 47 17 21 4  18 16 35 0  44 12 8  11 57 32 9  5  36 56 42 45 46 38 33 40 1  20 29 41 13 23 48 28 49 30 34 25 50 15 26 27 7  37 39 43 6  60 54 53 55 24 19 3  2  52
24 29 45 42 47 53 34 49 12 17 18 36 8  22 55 31 30 9  10 44 46 41 13 27 0  28 33 23 25 1  16 15 38 26 6  48 11 50 32 43 52 21 3  39 19 2  20 4  35 7  37 54 40 5  51 14 56 60 59 58 57
34 36 40 46 35 31 55 10 53 12 7  30 9  38 21 47 45 23 43 51 49 14 26 17 41 50 22 33 54 52 11 5  37 27 0  4  1  32 13 44 2  24 48 18 39 16 3  15 42 20 25 19 29 8  28 6  59 57 60 56 58
18 26 50 4  3  34 49 8  7  38 55 12 11 21 42 16 15 22 0  20 19 13 17 24 23 33 1  28 27 53 41 32 31 25 5  36 35 45 9  40 39 30 14 44 43 37 54 48 47 6  2  52 51 29 46 10 57 56 58 60 59
46 25 35 48 45 44 26 29 19 15 31 41 34 55 30 9  53 52 21 8  54 18 28 50 32 1  6  38 22 7  14 10 24 47 12 2  43 40 27 51 37 11 49 36 5  4  0  33 3  42 23 39 17 16 20 13 60 58 57 59 56
3  2  1  0  6  7  4  5  10 11 8  9  14 15 12 13 18 19 16 17 22 23 20 21 26 27 24 25 30 31 28 29 34 35 32 33 38 39 36 37 42 43 40 41 46 47 44 45 50 51 48 49 54 55 52 53 58 59 56 57 60
