0  3  60 1  39 31 57 54 48 47 32 52 22 46 43 34 49 50 28 26 37 27 12 55 58 35 19 21 18 40 59 5  10 41 15 25 51 20 44 4  29 33 45 14 38 42 13 9  8  16 17 36 11 56 7  23 53 6  24 30 2
60 1  3  2  46 32 38 25 44 41 42 57 17 26 28 59 29 12 58 21 48 19 31 33 37 7  13 54 14 16 47 22 5  23 51 40 52 24 6  56 35 9  10 53 8  50 4  30 20 55 45 34 36 43 27 49 39 11 18 15 0
1  0  2  60 16 27 14 26 57 58 37 48 51 42 6  52 4  31 59 22 38 50 19 41 47 30 7  5  36 43 25 17 54 53 45 49 28 10 20 44 55 23 13 29 39 34 56 24 11 35 21 12 15 33 32 40 46 8  9  18 3
2  60 0  3  47 50 29 23 54 49 39 40 38 30 31 27 28 32 45 52 25 46 57 7  41 20 44 15 16 6  13 14 17 59 42 43 55 56 12 10 11 24 34 35 26 18 21 4  58 9  5  53 19 51 8  36 37 22 48 33 1
35 54 23 48 4  60 7  6  53 38 26 21 33 37 24 30 41 34 56 40 55 11 42 2  14 39 10 46 43 32 15 57 29 12 17 0  45 13 9  25 19 16 22 28 50 36 27 58 3  52 44 59 49 8  1  20 18 31 47 51 5
8  26 34 36 7  5  60 4  0  23 47 42 25 32 17 51 33 14 49 38 44 29 41 9  40 12 1  45 46 21 39 48 13 16 2  54 3  58 19 30 24 22 11 57 20 27 28 10 31 18 55 15 56 59 35 50 52 43 37 53 6
13 58 40 34 5  4  6  60 41 22 56 23 43 0  55 17 54 15 38 53 59 35 9  11 50 51 31 30 37 42 27 26 39 48 3  21 44 28 18 32 2  8  29 12 36 52 57 49 33 47 24 25 45 19 16 14 10 46 1  20 7
15 10 35 38 60 6  5  7  17 44 1  32 23 52 56 0  59 8  37 29 24 47 33 12 20 42 49 43 50 19 58 55 11 22 54 2  53 18 3  41 57 39 25 27 9  51 48 21 46 26 28 45 13 36 34 31 14 40 30 16 4
31 59 28 37 42 48 21 30 8  60 11 10 52 33 50 44 43 58 46 32 26 6  53 45 29 38 20 47 2  24 7  0  19 13 39 41 57 3  25 34 49 35 4  16 15 23 18 27 5  40 14 55 12 22 56 51 54 36 17 1  9
28 12 33 27 14 43 16 55 11 9  60 8  1  19 4  49 6  41 47 13 34 42 54 57 38 48 37 3  0  59 52 44 46 2  20 45 40 26 24 51 36 17 21 5  31 35 32 18 25 15 56 39 30 58 22 7  50 23 53 29 10
27 25 22 33 17 35 36 42 9  8  10 60 45 16 49 43 13 4  31 37 41 32 2  29 48 1  34 0  55 23 57 18 21 3  26 5  6  19 50 59 53 20 7  15 56 12 52 54 24 14 38 58 46 40 47 28 44 30 51 39 11
50 37 39 30 43 33 51 14 60 10 9  11 19 40 7  18 42 52 15 12 58 28 27 25 57 23 53 22 21 47 3  54 56 5  41 55 59 1  45 2  13 34 16 4  48 38 49 29 44 46 0  6  17 26 31 35 32 24 20 36 8
40 41 47 7  18 59 31 3  34 17 28 20 12 60 15 14 57 9  4  58 11 36 29 38 51 53 43 35 10 22 50 6  37 56 8  27 21 32 23 52 0  1  46 26 49 55 42 2  54 44 30 24 39 25 48 45 33 16 19 5  13
57 5  17 11 51 1  46 47 29 48 38 3  15 13 60 12 50 2  34 25 54 52 45 36 33 19 32 56 53 8  40 42 26 24 18 44 23 59 10 43 30 55 31 39 35 22 6  7  9  58 16 4  21 28 20 41 27 0  49 37 14
30 34 55 21 38 44 40 32 27 24 23 56 13 12 14 60 39 20 22 54 17 3  18 10 9  52 45 8  51 49 0  46 7  57 1  58 42 41 4  16 6  37 36 59 5  26 31 50 53 29 47 28 25 48 19 2  11 33 35 43 15
54 8  20 9  45 41 37 34 1  3  24 35 60 14 13 15 32 28 55 56 2  33 51 46 10 29 40 49 17 25 36 58 16 21 7  11 30 6  52 53 26 5  47 48 59 4  23 42 43 27 57 22 38 39 0  18 19 50 31 44 12
53 36 41 25 23 11 22 48 51 54 50 5  35 38 26 31 16 60 19 18 28 44 6  4  30 3  14 57 20 52 24 15 58 42 37 12 1  34 13 45 47 2  33 55 21 39 59 40 7  56 10 8  29 0  9  43 49 27 32 46 17
11 9  42 53 26 20 28 58 30 1  34 0  41 31 44 37 19 17 60 16 5  56 35 59 46 45 4  29 6  27 8  13 51 36 10 22 33 15 48 47 54 12 2  49 14 25 24 39 38 43 52 32 50 3  40 57 21 55 7  23 18
9  6  21 24 33 30 1  43 20 0  53 55 56 23 52 35 17 16 18 60 8  2  25 13 3  22 46 37 47 54 5  40 42 4  36 15 34 27 58 49 31 45 32 7  51 41 26 28 57 39 59 44 14 10 29 11 12 48 38 50 19
36 49 10 43 50 46 30 41 23 25 2  58 20 48 57 47 60 18 17 19 12 55 37 8  34 9  51 53 38 39 6  59 45 54 24 52 0  22 28 29 44 7  56 3  40 32 5  15 13 1  4  26 35 27 33 21 42 14 11 31 16
45 40 52 16 29 14 49 36 46 50 30 19 58 43 5  38 3  44 26 11 20 60 23 22 53 28 18 51 25 4  10 33 55 31 56 48 7  42 15 54 1  57 37 13 17 0  8  59 35 6  9  27 2  24 39 32 34 41 12 47 21
10 55 59 31 28 58 41 13 35 51 0  43 54 7  46 40 24 45 50 49 23 21 60 20 16 56 33 32 4  37 44 3  27 26 57 8  48 29 53 42 15 6  39 11 30 17 14 52 36 19 18 9  47 38 12 1  25 34 5  2  22
29 56 37 26 8  15 54 28 4  16 19 36 40 58 25 5  9  24 52 10 21 20 22 60 17 14 3  59 7  0  48 39 38 50 55 46 11 2  32 31 12 51 53 47 57 49 35 43 30 45 33 41 18 42 6  34 1  44 13 27 23
58 47 16 12 41 57 25 38 32 43 49 51 3  34 29 53 2  54 36 45 60 22 21 23 55 6  48 42 56 14 33 50 8  30 13 37 18 35 7  46 59 4  27 9  52 19 39 1  26 10 31 11 44 15 17 24 28 5  0  40 20
23 11 12 45 9  56 32 53 13 4  43 1  2  8  38 48 44 35 41 59 36 30 46 0  24 60 27 26 49 33 21 34 6  29 31 17 20 57 14 50 52 18 54 10 16 3  22 51 15 28 39 47 40 7  42 58 5  37 55 19 25
4  42 32 28 0  53 11 10 40 13 7  6  59 9  18 50 20 21 14 48 16 17 52 51 27 25 60 24 3  57 54 36 2  37 44 39 31 33 49 35 8  47 1  58 34 56 55 41 19 38 15 23 22 5  30 46 45 29 43 12 26
51 32 49 57 34 13 12 35 18 52 17 29 6  5  39 21 45 10 8  36 46 15 44 56 25 24 26 60 48 11 37 43 1  40 4  7  19 30 55 14 33 50 59 31 22 16 20 53 28 2  41 0  9  47 58 38 23 3  54 42 27
32 4  45 49 1  34 19 18 50 15 21 59 16 41 47 9  12 48 7  6  33 10 36 44 60 26 25 27 39 38 53 51 0  20 5  57 22 43 29 28 58 13 52 37 23 2  54 14 17 3  8  31 42 30 46 56 55 35 40 11 24
47 51 57 20 11 19 15 33 36 18 45 4  55 35 34 6  25 37 9  5  3  43 50 26 54 16 23 40 28 60 31 30 52 7  14 13 8  17 46 58 27 59 49 21 53 10 38 0  56 42 22 1  32 44 24 12 48 2  39 41 29
12 52 56 42 55 37 34 39 33 45 14 53 0  24 10 57 36 38 44 41 32 58 40 49 13 50 47 48 31 29 60 28 20 8  6  59 16 5  17 7  22 19 3  46 18 9  43 26 27 23 25 54 1  11 51 4  2  15 21 35 30
43 23 54 40 36 49 53 17 58 26 41 13 46 11 59 45 21 7  39 27 57 16 55 1  44 32 9  19 29 28 30 60 25 47 48 56 4  52 51 18 3  10 50 0  24 15 12 33 34 5  42 38 37 6  2  22 35 20 8  14 31
48 39 13 46 49 8  43 9  5  7  40 38 26 2  21 32 58 42 53 24 27 14 56 37 19 47 12 20 60 30 29 31 15 51 59 50 41 23 11 1  10 36 17 6  55 54 3  25 0  4  35 33 57 18 45 44 22 52 16 34 28
21 13 30 51 20 26 50 56 45 40 27 14 49 1  11 58 31 53 57 23 4  0  47 19 39 54 5  10 41 55 2  16 32 60 35 34 46 44 43 24 9  28 48 38 37 8  36 22 42 12 6  3  59 17 25 29 7  18 15 52 33
44 30 58 39 56 42 52 50 24 53 59 16 18 29 19 26 11 49 12 14 51 40 28 47 8  55 15 31 22 13 1  27 35 33 60 32 43 46 41 3  21 38 5  36 0  48 37 23 45 17 7  20 6  9  57 25 4  54 2  10 34
7  28 27 29 10 45 42 0  52 56 4  49 39 36 51 54 40 26 23 31 50 53 30 18 59 43 17 2  1  3  22 19 33 32 34 60 13 47 57 12 16 46 6  25 58 5  41 37 55 11 20 14 8  21 15 48 9  38 44 24 35
39 20 26 19 25 47 8  49 6  29 54 18 57 53 36 55 27 46 11 3  1  41 24 31 22 4  2  16 44 9  38 23 60 34 33 35 14 50 30 0  48 21 58 52 28 59 17 5  40 7  37 56 43 13 10 15 51 12 42 45 32
26 29 8  50 15 55 56 24 2  32 44 27 48 18 58 4  52 43 13 51 53 54 59 34 7  41 0  11 57 1  45 47 9  49 23 42 36 60 39 38 46 25 35 17 10 30 40 31 12 33 3  19 16 20 21 5  6  28 14 22 37
42 57 19 54 59 21 17 27 56 30 22 24 44 51 48 28 47 6  43 2  45 5  10 50 11 46 52 7  15 58 9  35 49 55 40 31 39 37 60 36 34 53 0  18 12 20 25 16 14 32 23 13 26 41 3  33 8  1  29 4  38
33 18 15 23 24 28 58 12 49 14 16 54 7  50 9  2  10 27 1  46 52 34 43 3  4  40 59 17 5  48 56 45 47 0  21 51 37 36 38 60 25 44 55 22 41 31 19 32 29 8  13 35 20 57 11 42 30 53 6  26 39
25 22 48 59 35 18 24 19 12 21 33 44 8  20 45 23 26 55 5  7  13 9  1  15 6  0  16 58 40 41 49 56 50 10 52 4  60 38 37 39 28 29 51 54 11 14 53 57 2  30 32 42 34 46 43 17 31 47 27 3  36
22 48 14 13 44 52 55 45 38 46 18 30 29 3  2  33 37 23 10 50 35 26 0  17 56 49 21 39 58 12 11 53 36 15 47 20 32 16 8  27 40 60 43 42 4  7  9  34 1  25 19 57 5  31 59 6  24 51 28 54 41
38 17 4  18 2  51 35 29 21 12 57 46 9  56 53 22 23 1  3  39 30 8  15 16 45 31 58 55 52 7  20 25 59 44 49 6  47 48 0  19 43 41 60 40 33 24 11 36 37 34 54 5  28 14 50 27 13 10 26 32 42
20 7  31 6  53 16 3  1  22 39 25 33 30 17 35 19 5  13 48 15 0  51 8  52 28 10 38 44 24 34 12 2  57 11 29 14 58 45 26 9  41 40 42 60 27 37 50 56 18 54 46 21 23 4  49 59 47 32 36 55 43
59 45 46 52 21 23 26 37 55 57 48 28 31 54 30 24 51 33 27 35 39 4  32 5  15 44 6  18 11 56 14 12 22 17 58 19 49 7  47 20 60 42 41 43 25 1  2  38 10 36 53 16 3  50 13 8  29 9  34 0  40
41 15 11 22 19 17 10 31 59 55 6  2  32 28 20 1  30 5  54 4  14 24 3  42 21 58 57 52 13 51 16 7  12 38 43 53 56 49 33 48 50 0  23 34 44 60 47 46 39 37 40 29 27 35 18 9  36 26 25 8  45
37 53 5  41 30 2  33 57 19 59 55 31 28 49 16 36 14 56 24 8  42 25 58 32 18 21 39 34 12 35 4  11 23 6  27 29 15 0  54 26 51 3  20 50 47 45 60 44 52 13 43 40 48 1  38 10 17 7  22 9  46
6  27 29 14 54 38 0  16 26 36 51 34 50 57 3  39 7  22 20 28 18 31 17 53 35 33 8  1  19 2  42 21 40 25 11 24 9  55 5  15 32 49 30 56 45 44 46 60 59 41 12 10 58 23 4  37 43 13 52 48 47
18 33 51 58 48 54 20 52 14 28 35 26 24 21 8  56 34 57 0  42 6  13 38 30 12 36 11 50 9  53 23 41 43 1  16 10 25 40 22 55 37 31 19 32 60 46 45 47 4  59 27 2  7  29 5  39 15 17 3  49 44
5  35 44 47 58 0  45 59 31 19 15 39 21 25 41 10 46 29 32 9  40 12 34 28 43 13 56 38 23 17 55 8  18 52 22 1  54 53 27 11 20 14 57 24 2  6  16 3  48 60 51 50 33 37 36 30 26 42 4  7  49
56 21 7  15 57 39 59 2  25 27 29 41 37 22 23 3  53 36 30 55 47 1  13 14 42 8  35 9  54 10 18 52 44 43 46 26 17 12 40 5  38 11 24 33 32 58 34 20 51 49 60 48 31 16 28 19 0  4  45 6  50
52 43 18 55 40 36 39 22 47 34 13 17 42 10 27 29 38 11 2  44 56 59 7  35 32 57 54 14 33 15 46 37 24 28 9  23 5  31 16 6  4  58 12 1  19 53 30 8  49 48 50 60 0  45 26 3  20 25 41 21 51
19 14 24 17 37 22 23 40 43 42 52 25 47 59 1  41 55 3  29 0  31 39 5  6  2  11 36 33 34 18 35 20 53 27 28 30 26 4  56 21 7  15 9  8  54 57 58 12 60 50 49 51 10 32 44 16 38 45 46 13 48
17 16 38 35 31 24 48 21 39 37 58 50 34 47 22 20 1  0  25 43 15 7  14 27 5  18 30 23 59 36 26 4  41 45 12 3  29 9  2  8  56 32 44 19 42 33 51 13 6  57 11 46 52 60 55 54 40 49 10 28 53
49 50 9  32 22 12 27 20 42 2  31 47 5  44 37 46 56 51 40 30 7  57 4  39 36 59 29 6  35 26 19 10 3  58 38 28 24 14 34 23 18 48 8  45 13 43 15 11 41 0  1  17 55 53 60 52 16 21 33 25 54
34 46 25 56 27 10 9  15 37 6  5  45 36 39 33 7  22 59 51 57 43 48 16 40 49 2  41 4  42 44 32 38 30 14 0  47 12 8  31 13 23 26 28 20 29 11 1  35 21 24 58 18 53 52 54 60 3  19 50 17 55
24 19 6  5  32 3  2  44 16 31 12 15 10 27 40 11 8  47 35 1  29 49 48 58 0  37 42 13 45 20 34 9  4  46 30 18 50 25 59 57 14 56 26 51 7  28 33 17 22 21 36 43 60 54 53 55 41 39 23 38 52
16 31 43 8  12 40 44 11 3  20 36 7  4  55 32 42 0  25 33 47 9  45 39 48 52 17 28 41 26 46 51 1  14 18 50 38 10 54 35 22 5  27 15 2  6  21 29 19 23 53 34 30 24 49 37 13 56 60 59 58 57
46 24 36 44 52 9  13 51 28 5  20 37 27 6  54 25 35 39 42 33 10 38 26 43 1  15 22 12 8  50 41 49 48 19 53 16 2  11 21 17 45 30 18 23 3  40 0  55 32 31 29 7  4  34 14 47 59 57 60 56 58
55 38 53 4  3  29 18 8  7  33 46 12 11 45 42 16 15 30 6  20 19 37 49 24 23 34 50 28 27 5  17 32 31 9  25 36 35 21 1  40 39 54 14 44 43 13 10 48 47 22 26 52 51 2  41 0  57 56 58 60 59
14 44 50 10 13 25 47 46 15 35 3  22 53 4  0  8  48 40 21 34 49 18 11 54 31 5  55 36 32 45 43 24 28 39 19 9  27 51 42 33 17 52 38 30 1  29 7  6  16 20 2  37 41 12 23 26 60 58 57 59 56
3  2  1  0  6  7  4  5  10 11 8  9  14 15 12 13 18 19 16 17 22 23 20 21 26 27 24 25 30 31 28 29 34 35 32 33 38 39 36 37 42 43 40 41 46 47 44 45 50 51 48 49 54 55 52 53 58 59 56 57 60
