0  3  60 1  42 59 19 14 58 22 50 13 32 11 7  23 48 57 52 6  51 35 9  15 53 54 37 41 34 45 46 39 12 36 28 21 33 26 55 31 47 27 4  56 49 29 30 40 16 44 10 20 18 24 25 38 43 17 8  5  2
60 1  3  2  25 27 35 51 32 50 30 44 43 29 24 46 31 41 26 38 55 33 48 40 14 4  18 5  47 13 10 16 8  21 39 6  56 45 19 34 23 17 58 12 11 37 15 28 22 54 9  7  59 57 49 20 36 53 42 52 0
1  0  2  60 24 40 31 23 13 16 21 41 29 8  28 33 9  51 30 37 36 10 58 7  4  39 35 57 14 12 18 6  47 15 52 26 20 19 46 25 5  11 49 53 56 59 38 32 55 42 54 17 34 43 50 48 44 27 22 45 3
2  60 0  3  12 37 29 44 33 18 38 58 4  36 47 56 51 48 9  39 50 49 32 30 41 42 28 31 26 6  23 27 22 8  53 54 13 5  10 19 45 24 25 55 7  40 59 14 17 21 20 16 57 34 35 43 15 52 11 46 1
20 23 8  11 4  60 7  6  2  39 52 3  58 24 29 28 57 27 38 56 0  37 49 1  13 40 30 17 15 14 26 59 45 44 55 46 43 21 18 9  25 53 51 36 33 32 35 50 54 22 47 42 10 41 48 34 19 16 12 31 5
32 46 20 8  7  5  60 4  3  26 28 45 59 17 39 27 47 13 41 24 2  54 38 35 19 53 9  15 10 48 57 44 0  37 42 23 40 33 22 14 36 18 34 50 31 11 1  16 29 52 43 56 49 25 21 58 51 30 55 12 6
49 47 17 18 5  4  6  60 56 29 45 33 22 59 32 58 53 2  3  44 46 24 12 26 21 41 23 43 35 9  36 51 14 11 48 28 30 54 52 50 55 25 57 27 19 10 20 1  34 0  39 31 38 16 37 40 8  42 15 13 7
58 19 49 17 60 6  5  7  14 37 35 39 40 47 8  26 56 3  53 1  52 46 30 42 36 33 15 59 50 54 22 57 55 25 43 10 24 9  51 11 12 45 23 34 48 41 21 13 44 2  28 38 20 18 29 32 16 31 0  27 4
7  54 24 37 13 33 22 0  8  60 11 10 56 4  58 25 59 35 28 45 57 30 6  39 2  15 38 53 18 51 21 46 49 5  44 17 55 3  26 23 50 47 52 48 34 19 31 41 43 32 40 29 42 27 1  36 12 20 14 16 9
27 53 14 6  33 49 3  40 11 9  60 8  37 19 2  42 28 58 29 13 35 25 41 34 38 21 52 0  16 18 45 43 36 4  23 20 32 12 24 44 7  22 15 31 39 30 48 56 46 5  57 55 26 1  59 51 47 50 17 54 10
33 55 56 25 29 17 26 59 9  8  10 60 54 28 52 40 43 5  22 48 30 44 18 45 39 3  6  35 13 4  20 41 37 0  58 27 50 32 42 24 15 31 38 16 21 23 49 57 19 46 36 53 14 51 12 1  2  47 34 7  11
48 24 35 12 58 34 55 22 60 10 9  11 3  16 44 47 13 52 59 32 25 50 7  46 1  20 41 56 49 37 39 36 19 40 5  2  31 29 53 30 33 26 45 57 14 42 23 15 0  28 21 54 17 38 51 6  27 43 4  18 8
5  21 38 58 11 0  8  9  6  7  31 4  12 60 15 14 50 49 34 42 45 1  56 36 55 52 47 51 57 46 53 10 59 43 18 44 23 40 2  48 37 54 19 33 35 20 29 26 39 17 16 27 25 30 41 24 22 28 3  32 13
16 58 4  34 2  10 39 20 24 43 5  48 15 13 60 12 0  28 44 31 7  38 55 54 8  49 33 32 17 42 40 19 27 26 3  37 53 35 21 6  30 57 29 9  18 56 51 52 11 25 59 46 47 36 23 22 45 41 1  50 14
8  11 16 55 10 51 42 58 0  28 4  1  13 12 14 60 2  21 49 46 53 17 25 48 44 22 31 33 9  52 38 26 57 27 50 40 59 41 30 56 35 37 6  47 24 54 19 43 23 18 34 5  29 20 45 3  39 32 7  36 15
38 5  18 20 21 1  16 43 35 54 48 36 60 14 13 15 6  25 2  40 3  4  24 55 22 17 34 46 37 39 33 47 52 30 26 8  11 28 0  29 19 44 59 7  41 51 27 31 10 57 56 45 32 58 9  23 50 49 53 42 12
11 37 28 30 46 54 58 55 26 14 24 0  25 48 9  53 16 60 19 18 41 47 29 51 10 12 8  36 2  22 3  45 56 49 40 57 27 1  59 43 34 20 44 39 42 31 4  21 13 33 52 23 50 15 5  7  32 35 6  38 17
37 39 31 44 50 28 51 48 15 30 13 23 55 10 59 8  19 17 60 16 32 36 33 11 49 35 57 47 5  43 9  2  20 22 41 25 21 0  40 1  38 34 53 29 3  58 52 27 7  24 4  6  46 42 56 12 54 26 45 14 18
31 56 33 29 45 55 9  21 48 6  47 25 51 54 35 30 17 16 18 60 59 7  57 44 42 11 36 34 43 3  15 0  38 2  27 14 26 50 32 52 49 58 24 28 23 4  53 10 8  40 37 12 39 46 13 5  1  22 41 20 19
44 51 34 54 41 57 49 38 36 31 15 50 47 43 22 10 60 18 17 19 28 32 14 33 30 46 42 58 20 59 24 9  21 23 2  39 8  52 7  35 48 4  26 13 0  55 25 12 40 6  11 1  37 56 3  45 53 5  27 29 16
42 10 40 56 51 36 54 47 34 24 1  18 39 52 31 50 49 43 11 27 20 60 23 22 9  59 53 19 58 32 55 14 29 41 8  38 5  46 35 12 2  33 0  17 57 48 37 7  45 16 15 4  13 26 6  30 3  44 28 25 21
29 43 44 31 28 16 34 53 42 55 56 19 33 57 36 37 5  59 46 11 23 21 60 20 48 51 40 49 4  0  52 3  50 12 6  45 14 15 41 58 26 38 8  1  2  35 18 54 24 27 32 25 30 7  47 9  10 13 39 17 22
41 52 50 26 43 31 56 39 12 27 57 30 8  35 46 45 40 53 47 25 21 20 22 60 51 19 3  9  32 34 11 5  28 42 29 13 49 55 44 7  16 0  33 4  38 15 14 18 59 36 2  24 1  17 58 37 6  10 54 48 23
55 25 42 16 40 43 10 49 27 47 6  52 28 18 41 38 3  46 13 59 60 22 21 23 31 1  45 8  12 33 51 24 58 29 56 50 57 48 15 53 4  14 2  5  54 26 17 9  37 7  35 30 11 39 44 0  34 36 32 19 20
40 44 13 46 8  30 48 29 4  35 43 14 17 2  11 51 39 12 37 57 38 34 45 32 24 60 27 26 56 7  5  58 23 52 21 9  54 18 20 16 0  59 50 10 1  22 3  53 6  55 42 15 33 47 36 49 28 19 31 41 25
34 40 47 38 23 29 36 57 17 51 42 59 50 56 19 35 52 8  20 14 18 55 46 4  27 25 60 24 54 5  41 33 39 31 0  15 6  43 3  32 1  30 10 37 58 49 22 2  53 45 12 9  16 48 28 21 13 7  44 11 26
17 36 11 32 54 52 45 34 59 49 23 2  19 51 20 43 38 0  56 12 14 39 28 10 25 24 26 60 22 55 48 53 3  46 7  41 1  57 16 21 58 35 47 15 50 6  33 42 30 9  44 13 5  31 4  29 18 37 40 8  27
22 15 55 21 47 46 52 10 39 41 7  29 18 30 54 1  42 50 12 28 58 3  0  53 60 26 25 27 19 11 13 49 40 45 51 59 44 56 43 8  32 9  16 38 36 33 5  4  57 31 17 34 6  23 14 2  37 48 20 35 24
25 6  9  22 37 13 1  41 43 2  17 53 36 5  16 21 14 10 48 58 27 15 3  57 33 0  32 20 28 60 31 30 26 24 54 47 12 4  49 55 44 7  46 8  40 50 42 35 18 38 45 59 56 11 34 39 52 23 19 51 29
35 42 46 9  52 53 18 36 47 3  14 56 38 58 10 49 34 20 6  23 17 45 40 19 54 48 50 37 31 29 60 28 43 59 16 0  7  27 12 57 22 51 1  32 55 21 2  8  25 15 26 41 4  5  24 44 11 39 13 33 30
43 20 15 51 48 19 25 11 52 58 55 7  35 32 50 2  23 45 33 5  1  42 39 16 57 6  54 40 29 28 30 60 13 18 38 12 41 59 34 22 27 36 21 0  53 17 56 49 4  47 14 3  8  44 26 10 46 24 9  37 31
52 45 51 49 55 38 17 25 50 13 54 15 41 9  53 11 37 6  39 43 26 27 44 58 32 7  20 21 60 30 29 31 24 57 59 48 47 16 5  18 46 12 56 19 22 1  40 36 35 3  8  2  0  14 10 4  42 33 23 34 28
59 49 25 28 18 12 57 16 54 46 53 21 5  40 42 44 7  29 4  50 43 11 26 31 58 2  22 30 3  17 27 23 32 60 35 34 48 51 45 47 13 52 14 20 15 38 9  39 36 1  19 37 41 10 8  56 55 6  24 0  33
50 12 30 5  39 3  40 31 37 44 36 55 1  46 45 18 20 42 15 29 16 43 53 59 56 57 51 54 52 19 2  7  35 33 60 32 10 8  47 4  6  49 17 21 9  14 13 38 58 41 0  26 28 22 27 11 24 25 48 23 34
54 17 37 36 31 45 24 15 57 56 49 42 27 53 30 7  22 1  51 52 44 48 16 47 6  28 43 12 25 40 14 4  33 32 34 60 3  2  50 41 29 39 11 26 20 5  58 23 21 10 38 18 19 13 0  59 9  8  46 55 35
45 28 41 19 16 50 47 27 25 38 59 26 53 55 49 17 4  15 40 3  24 29 37 43 20 8  11 7  1  21 44 56 60 34 33 35 51 22 9  54 18 2  48 23 30 0  57 6  42 14 5  36 58 12 39 13 31 46 52 10 32
10 18 5  53 22 2  41 54 45 48 0  47 57 34 17 31 44 14 1  55 40 59 4  28 29 30 56 42 23 24 25 15 46 50 13 52 36 60 39 38 20 6  27 49 16 8  32 11 9  43 33 58 35 3  7  19 26 12 51 21 37
57 31 52 33 15 8  20 12 5  40 51 27 7  22 23 4  45 26 42 34 6  28 13 14 50 44 17 11 21 56 47 1  53 3  19 55 39 37 60 36 9  48 18 58 25 16 54 30 41 59 24 10 2  32 46 35 29 0  43 49 38
23 7  29 42 32 44 27 1  16 20 25 28 46 41 34 55 8  56 45 51 9  57 31 0  35 10 59 6  11 2  50 22 4  48 14 24 37 36 38 60 54 13 3  52 5  18 12 58 33 53 30 19 43 49 40 15 17 21 47 26 39
18 41 32 35 44 56 59 30 53 33 16 22 45 50 51 57 10 34 0  54 48 40 11 27 43 47 58 23 42 49 7  52 2  9  17 3  60 38 37 39 21 1  28 24 4  12 55 25 20 29 13 14 31 8  19 46 5  15 26 6  36
53 4  36 52 1  20 11 37 31 12 19 6  9  27 18 48 29 54 14 10 5  58 34 25 47 23 39 13 59 16 32 8  30 55 22 49 2  7  56 26 40 60 43 42 51 57 50 24 15 35 46 44 3  0  17 33 38 45 21 28 41
9  34 26 59 56 58 30 50 29 0  12 35 10 21 48 32 33 39 55 53 49 13 27 37 46 36 2  22 45 8  6  54 15 16 1  11 25 23 57 17 43 41 60 40 52 28 24 51 14 20 7  47 44 19 31 18 4  38 5  3  42
51 13 7  10 20 11 32 2  30 59 3  5  26 1  57 54 36 22 50 47 4  52 17 49 37 38 12 44 55 58 8  35 6  53 45 31 16 24 25 46 41 40 42 60 27 34 39 19 56 23 18 0  21 33 15 28 48 14 29 9  43
46 33 45 14 49 35 38 26 18 19 39 54 21 31 3  34 24 32 8  9  29 12 36 50 16 58 7  52 48 20 56 13 17 1  15 5  22 44 6  10 60 42 41 43 37 2  0  55 28 4  23 57 27 59 11 47 30 51 25 53 40
6  14 10 48 9  22 0  17 20 4  2  24 30 23 1  52 27 7  54 49 8  56 5  13 11 43 29 16 51 26 12 38 41 39 57 53 42 58 31 33 59 32 36 25 44 60 47 46 3  19 55 28 15 35 18 50 21 34 37 40 45
21 16 53 57 38 42 23 28 55 17 26 34 48 25 27 24 1  9  32 36 39 0  51 6  15 13 10 14 7  35 58 37 18 54 11 29 19 31 4  20 52 50 5  59 47 45 60 44 12 56 41 22 40 2  33 8  49 3  30 43 46
56 27 12 41 57 15 37 18 40 36 34 17 2  26 25 5  35 11 7  22 54 53 19 52 59 14 13 1  39 38 43 50 48 51 10 16 9  6  29 28 8  3  55 30 45 44 46 60 32 58 31 33 23 21 20 42 0  4  49 24 47
24 35 39 43 17 21 28 52 51 34 22 31 42 20 55 36 54 4  57 26 13 5  10 56 0  32 19 50 6  41 59 11 25 58 9  1  15 49 48 2  53 29 12 3  60 46 45 47 38 37 27 8  7  40 16 14 23 18 33 30 44
13 59 27 7  26 25 21 3  28 32 40 16 20 0  37 19 11 44 43 15 12 6  52 41 34 5  4  2  8  53 54 42 9  47 24 56 46 14 58 45 10 23 31 18 17 39 36 33 48 60 51 50 22 29 30 57 35 55 38 1  49
19 8  23 27 36 26 44 42 1  52 58 38 24 45 40 39 41 55 35 0  33 31 43 2  12 56 5  3  53 57 37 21 54 20 46 18 4  30 11 15 14 16 7  22 6  13 34 59 51 49 60 48 9  28 32 17 25 29 10 47 50
36 57 58 15 27 23 13 45 46 53 33 32 52 6  38 3  25 47 24 21 56 19 54 5  18 16 55 4  41 44 34 40 11 10 30 43 0  42 14 59 31 28 37 35 29 7  8  17 49 48 50 60 12 9  22 26 20 1  2  39 51
4  38 6  23 0  39 2  19 41 21 32 43 34 33 56 22 30 31 27 7  42 9  15 3  45 55 46 18 40 47 16 17 10 13 12 58 52 53 1  5  28 8  20 11 59 24 26 29 60 50 49 51 36 37 57 25 14 54 35 44 48
39 48 19 45 14 9  43 13 21 5  29 46 16 7  4  41 12 23 31 2  47 8  59 17 28 50 49 38 24 10 42 18 44 56 37 51 58 34 27 0  57 15 30 6  32 3  11 20 1  26 25 35 52 60 55 54 33 40 36 22 53
47 50 59 13 19 48 15 46 23 57 37 49 44 3  26 6  58 33 21 4  31 18 42 8  40 29 14 39 38 25 35 20 51 17 36 30 34 10 28 27 24 56 22 45 12 43 7  0  5  11 1  32 55 53 60 52 41 9  16 2  54
28 32 22 39 30 47 46 24 49 42 41 57 31 44 33 59 21 38 23 35 37 16 2  18 7  34 48 45 0  36 4  12 1  14 25 19 29 20 17 3  56 10 9  51 13 27 6  5  26 8  58 43 53 52 54 60 40 11 50 15 55
15 30 57 47 59 41 33 56 19 25 20 40 49 37 43 0  32 24 58 8  10 51 35 38 17 9  44 48 46 50 1  34 16 6  31 22 45 13 23 42 11 5  39 14 26 36 28 3  27 12 29 21 60 54 53 55 7  2  18 4  52
30 26 21 50 53 14 12 32 22 23 44 37 6  49 5  20 55 40 36 41 15 2  8  9  52 45 1  29 33 27 0  48 7  28 47 42 18 11 54 51 17 19 35 46 10 25 43 34 31 13 3  39 24 4  38 16 56 60 59 58 57
26 9  48 40 35 24 14 33 44 1  18 51 23 38 6  29 46 37 10 30 34 41 47 12 5  31 0  55 36 15 19 25 42 7  20 4  28 17 13 49 3  21 32 54 8  52 16 22 2  39 53 11 45 50 43 27 59 57 60 56 58
14 29 54 4  3  18 53 8  7  45 46 12 11 42 0  16 15 30 5  20 19 26 50 24 23 37 21 28 27 1  17 32 31 38 49 36 35 25 33 40 39 55 13 44 43 9  10 48 47 34 22 52 51 6  2  41 57 56 58 60 59
12 22 43 24 34 32 50 35 38 15 27 20 0  39 21 9  26 36 25 33 11 14 1  29 3  18 16 10 44 23 49 55 5  19 4  7  17 47 8  13 51 46 54 2  28 53 41 37 52 30 6  40 48 45 42 31 60 58 57 59 56
3  2  1  0  6  7  4  5  10 11 8  9  14 15 12 13 18 19 16 17 22 23 20 21 26 27 24 25 30 31 28 29 34 35 32 33 38 39 36 37 42 43 40 41 46 47 44 45 50 51 48 49 54 55 52 53 58 59 56 57 60
