0  3  60 1  10 36 15 51 26 43 4  29 44 28 25 6  33 20 38 37 17 34 42 53 32 14 8  59 13 11 57 48 24 16 21 54 5  19 18 46 47 58 22 9  12 55 39 40 31 56 52 7  50 23 35 45 49 30 41 27 2
60 1  3  2  50 9  42 46 28 5  14 43 17 26 10 34 58 12 27 23 53 33 29 19 38 45 13 18 8  22 56 51 36 21 15 40 32 49 24 54 35 48 6  11 55 25 7  57 41 37 4  31 59 20 39 44 30 47 16 52 0
1  0  2  60 54 24 19 10 52 18 7  39 50 22 20 48 23 59 9  6  14 56 13 16 5  44 36 51 32 53 37 40 28 46 42 58 26 30 45 11 31 47 34 49 25 38 33 41 15 43 12 27 8  29 4  57 21 55 35 17 3
2  60 0  3  42 26 8  18 6  27 36 15 49 19 28 11 54 29 7  13 34 58 32 46 35 59 5  9  14 17 33 41 22 30 20 24 10 53 40 43 38 31 4  39 48 51 23 52 44 12 57 45 47 37 16 56 55 50 21 25 1
48 29 18 21 4  60 7  6  40 54 31 32 36 20 16 35 14 56 2  47 13 3  50 44 52 53 34 38 57 1  55 10 11 39 26 15 12 59 27 33 8  51 58 45 23 43 49 19 0  46 22 41 24 25 9  30 17 28 42 37 5
16 25 56 41 7  5  60 4  55 45 30 51 46 59 39 57 0  40 48 34 44 24 43 50 21 1  31 29 52 27 10 26 53 36 19 37 33 35 54 14 17 3  49 22 20 9  12 58 18 42 23 11 28 32 38 8  2  15 47 13 6
46 59 44 50 5  4  6  60 57 29 43 48 34 41 35 39 56 38 24 25 45 28 40 31 18 19 53 49 21 9  58 23 47 51 12 14 54 55 17 15 22 13 52 10 2  20 0  32 11 27 3  33 42 26 36 37 16 8  30 1  7
44 32 22 59 60 6  5  7  54 38 13 26 51 10 58 33 49 42 25 53 56 55 2  52 29 18 11 50 37 24 43 57 1  15 45 41 46 28 9  47 48 35 17 30 0  34 36 39 40 16 27 12 23 19 8  21 20 31 14 3  4
38 12 46 57 37 19 50 14 8  60 11 10 1  27 7  45 53 28 26 5  42 49 35 32 41 48 18 13 17 36 51 47 23 52 55 22 29 4  0  44 59 24 20 56 39 15 2  31 25 21 6  30 33 16 58 34 43 3  54 40 9
32 45 4  30 2  25 35 21 11 9  60 8  59 39 29 52 44 48 54 49 58 7  56 36 43 5  47 33 42 14 3  37 0  27 41 6  23 31 55 13 57 34 28 24 16 1  51 26 17 19 53 46 15 50 18 38 22 40 20 12 10
31 19 13 47 48 44 51 22 9  8  10 60 39 2  23 24 21 57 29 1  30 16 7  14 15 34 42 46 58 18 20 0  49 43 25 45 52 56 41 12 54 38 26 33 5  35 27 3  4  32 55 6  36 59 40 50 37 17 28 53 11
34 27 55 40 20 35 56 23 60 10 9  11 22 32 33 38 48 31 43 46 4  29 12 7  47 49 52 1  36 21 42 17 13 14 0  5  28 51 15 57 3  59 30 18 54 50 19 24 16 25 45 37 26 58 44 2  6  39 53 41 8
7  28 37 24 45 54 31 0  17 47 21 53 12 60 15 14 39 8  32 40 55 10 58 34 3  41 59 48 1  52 50 6  18 56 23 49 43 2  46 16 19 25 57 36 51 4  38 9  27 35 30 44 29 11 5  20 33 42 22 26 13
40 49 7  51 11 50 36 2  16 48 22 4  15 13 60 12 8  39 55 45 32 30 10 59 34 38 37 53 47 43 21 33 20 31 24 52 6  26 25 17 0  54 56 29 58 19 57 28 9  1  5  3  35 27 41 18 42 46 44 23 14
30 23 31 55 24 42 9  54 58 6  19 45 13 12 14 60 52 27 51 10 40 32 38 1  4  57 46 17 56 35 0  2  21 50 47 29 53 41 22 49 20 37 5  48 59 11 26 34 43 39 33 18 16 36 7  3  28 25 8  44 15
39 58 32 38 47 29 46 42 49 37 53 40 60 14 13 15 34 33 30 35 51 45 41 55 59 43 54 57 48 5  18 52 2  17 16 19 50 9  3  0  11 22 7  25 56 21 6  4  28 8  36 20 31 10 26 23 44 27 1  24 12
36 15 41 22 52 33 11 57 27 42 12 6  10 53 24 1  16 60 19 18 46 39 3  47 14 37 40 8  44 51 45 49 54 5  58 43 0  25 50 21 26 2  9  35 28 30 20 23 56 31 38 29 4  13 32 59 48 7  34 55 17
52 8  43 23 26 53 30 15 1  13 45 54 28 9  37 7  19 17 60 16 50 47 36 3  55 51 4  41 12 46 6  44 40 42 56 57 22 14 58 48 32 27 33 2  31 10 29 21 39 59 20 25 0  5  11 24 34 35 38 49 18
8  11 54 25 9  47 20 59 0  4  56 1  42 31 53 41 17 16 18 60 6  46 30 28 45 3  38 43 23 37 22 13 57 55 52 39 51 29 26 35 50 15 12 27 49 24 21 5  58 44 40 36 34 14 2  33 10 32 48 7  19
22 14 25 45 15 55 44 43 34 58 23 41 33 51 1  4  60 18 17 19 49 31 0  10 28 2  39 36 24 32 53 21 29 12 8  47 27 42 48 26 56 11 37 7  6  3  59 35 38 20 54 13 57 30 50 5  40 52 9  46 16
50 57 40 43 32 10 24 41 29 19 5  13 27 11 31 26 37 52 45 9  20 60 23 22 6  46 15 12 33 8  44 14 4  28 39 56 42 16 59 34 2  7  36 3  30 18 25 53 55 58 0  54 17 47 51 48 35 1  49 38 21
11 48 5  42 58 2  53 38 15 55 39 0  16 52 44 8  12 51 40 27 23 21 60 20 56 47 28 19 26 34 35 36 59 41 29 30 31 43 7  10 18 33 3  37 14 49 50 25 1  45 46 17 13 6  57 9  24 54 4  32 22
37 4  10 54 1  28 49 13 48 51 2  58 53 7  47 18 32 24 15 42 21 20 22 60 17 35 57 40 5  50 41 59 16 44 38 25 55 0  34 45 27 30 19 52 33 39 56 14 8  6  29 9  43 12 3  36 46 26 11 31 23
49 10 47 29 38 13 12 26 51 40 1  52 6  5  19 43 41 46 39 14 60 22 21 23 33 55 7  44 35 3  32 34 30 24 31 28 57 58 4  18 9  16 48 15 27 54 17 2  42 0  59 8  11 56 45 25 53 36 37 50 20
9  51 21 49 16 56 45 40 44 0  59 42 35 57 52 53 4  36 20 50 18 2  55 37 24 60 27 26 54 48 47 38 43 58 46 12 17 23 31 41 7  39 11 32 8  6  34 30 29 3  19 1  14 15 28 22 5  13 33 10 25
57 9  6  7  39 45 2  3  22 1  40 36 29 42 30 23 20 21 59 44 16 17 8  15 27 25 60 24 49 12 14 50 58 53 54 48 11 46 56 4  10 52 13 55 19 5  37 51 35 28 31 47 41 33 34 43 38 0  32 18 26
18 37 35 31 56 41 21 52 38 12 50 23 9  49 43 51 45 34 0  29 54 6  44 11 25 24 26 60 53 19 40 3  39 57 17 2  58 1  8  32 30 5  55 14 22 16 48 59 46 13 10 15 7  28 20 42 4  33 36 47 27
35 43 34 33 23 15 22 47 53 30 58 18 55 16 41 5  13 37 11 31 48 36 6  4  60 26 25 27 46 57 9  19 52 3  2  0  21 17 44 50 49 14 51 1  38 56 28 7  20 40 39 42 32 8  59 12 45 29 10 54 24
47 17 15 56 41 43 26 45 12 16 27 25 8  40 55 2  9  1  35 54 38 53 52 39 50 11 6  10 28 60 31 30 48 59 37 18 49 34 20 23 13 4  44 5  42 7  58 0  32 36 24 57 22 21 19 14 3  51 46 33 29
21 50 38 46 22 57 14 48 42 35 37 34 41 44 6  27 59 23 56 39 36 0  4  17 40 52 32 15 31 29 60 28 26 54 11 9  20 10 2  19 24 12 8  58 13 53 3  49 7  47 1  55 25 45 33 51 18 5  43 16 30
25 39 12 27 46 20 38 19 23 33 44 24 2  35 57 22 26 58 41 7  5  52 15 8  11 0  16 3  29 28 30 60 51 9  59 13 48 50 6  1  45 18 47 53 10 40 4  42 36 55 37 32 21 43 56 49 54 14 17 34 31
4  24 20 5  0  3  34 16 43 15 48 44 23 55 40 9  7  54 33 36 2  27 45 12 1  58 41 21 60 30 29 31 50 18 6  46 19 52 51 59 14 26 53 8  11 22 35 56 10 57 32 38 37 42 17 13 47 49 25 39 28
43 46 48 16 13 17 55 36 30 24 41 20 57 4  59 28 3  5  42 26 11 44 54 51 9  31 19 45 15 39 8  25 32 60 35 34 7  47 49 29 53 10 18 0  21 27 1  37 2  38 58 23 56 40 22 6  52 12 50 14 33
5  41 8  9  25 0  10 17 2  3  6  50 40 18 45 42 36 7  13 56 59 48 26 58 37 4  22 30 38 47 27 55 35 33 60 32 16 24 28 53 12 1  15 51 57 14 52 29 21 54 11 43 46 39 49 31 19 44 23 20 34
29 16 51 39 17 8  23 28 5  53 54 21 31 46 22 58 1  4  44 55 43 11 14 6  57 40 56 42 7  0  36 12 33 32 34 60 30 45 47 3  25 50 27 20 18 37 13 38 59 52 41 2  49 9  10 19 26 24 15 48 35
59 44 36 12 19 51 29 20 25 14 17 37 3  21 9  47 50 10 23 4  7  13 48 18 49 8  58 54 39 6  52 53 60 34 33 35 2  11 43 28 55 56 46 38 1  57 42 15 22 24 16 5  30 31 27 40 41 45 26 0  32
33 7  58 52 43 16 41 1  20 57 47 49 45 54 18 56 5  55 14 21 8  19 24 40 22 28 35 31 25 42 59 27 46 0  48 26 36 60 39 38 23 6  29 4  50 12 32 10 34 11 44 53 3  51 13 17 15 9  2  30 37
42 13 50 44 40 11 32 34 59 52 18 5  30 1  27 31 46 41 10 22 25 54 19 33 58 20 49 14 45 56 12 15 6  23 7  51 39 37 60 36 4  17 0  57 3  28 16 55 53 26 2  35 9  48 21 47 29 43 24 8  38
26 31 53 11 44 12 58 55 18 21 32 3  5  56 34 40 35 30 8  57 33 9  47 27 51 42 0  23 59 45 17 1  10 20 14 16 37 36 38 60 15 49 25 50 4  29 54 22 52 41 43 24 48 2  46 7  13 19 6  28 39
6  56 57 20 53 49 0  27 24 17 16 55 21 48 42 46 10 9  28 32 3  12 31 35 8  33 29 7  18 26 54 22 19 25 43 23 60 38 37 39 52 44 14 34 41 59 15 50 13 5  47 58 40 4  30 11 1  2  51 45 36
28 55 14 15 59 32 27 29 37 36 34 38 56 47 2  3  30 53 46 33 31 50 49 57 48 54 45 6  0  7  16 20 5  19 10 44 9  8  11 51 40 60 43 42 35 26 18 13 24 22 21 39 58 17 25 1  12 23 52 4  41
55 21 23 26 57 31 54 56 39 50 49 46 52 36 17 30 47 14 22 59 35 1  18 2  44 29 3  37 51 25 15 5  38 48 53 20 13 27 32 8  43 41 60 40 24 58 11 16 33 10 9  28 12 34 6  0  7  4  45 19 42
19 52 27 58 21 39 59 33 36 44 55 47 32 38 49 17 28 15 57 0  29 4  37 45 30 56 50 2  16 20 24 35 12 7  51 31 8  22 13 5  41 40 42 60 9  23 53 11 54 14 26 34 1  46 48 10 25 18 3  6  43
24 18 59 34 12 52 33 53 47 32 51 27 4  58 46 55 38 49 1  30 39 57 28 25 0  23 48 11 22 44 19 56 9  6  3  50 45 54 16 20 60 42 41 43 29 36 14 8  26 17 35 10 5  7  37 15 31 21 13 2  40
51 40 19 53 27 30 25 12 41 28 20 17 7  43 32 36 42 11 52 2  10 59 57 38 39 6  33 4  9  58 5  54 14 26 49 55 15 48 23 24 1  8  16 13 44 60 47 46 37 34 56 0  18 3  31 35 50 22 29 21 45
41 5  29 13 36 1  18 37 21 25 57 33 43 3  50 49 40 35 6  51 24 8  59 48 20 9  30 52 34 2  26 39 56 11 28 17 4  7  53 31 16 0  54 12 47 45 60 44 23 15 14 19 27 38 42 58 32 10 55 22 46
15 36 52 17 55 38 39 32 33 22 28 59 54 24 48 0  25 3  50 41 37 40 9  29 13 16 43 58 10 23 49 42 7  8  57 53 1  20 5  6  21 19 31 26 45 44 46 60 14 30 18 56 2  35 12 4  51 34 27 11 47
13 20 16 36 35 48 37 50 56 59 52 30 26 0  38 19 2  25 58 15 1  51 34 41 42 17 12 39 40 54 11 43 55 49 22 4  3  6  14 27 28 23 24 31 60 46 45 47 5  33 7  21 10 57 29 32 8  53 18 9  44
10 33 28 37 31 58 16 24 35 39 0  56 20 17 26 32 6  13 47 52 12 41 25 54 7  22 14 55 2  40 34 4  15 1  30 8  59 3  57 9  29 21 45 46 53 42 43 18 48 60 51 50 19 44 23 27 11 38 5  36 49
53 26 17 35 30 14 40 31 45 20 38 28 24 37 5  21 57 2  34 58 9  15 27 56 12 36 1  22 11 33 4  7  41 29 18 3  25 13 10 42 6  32 39 59 52 8  55 54 51 49 60 48 44 0  47 46 23 16 19 43 50
17 22 30 8  29 59 57 39 3  34 42 14 37 23 11 44 43 0  21 28 52 18 1  13 54 32 55 47 19 4  2  58 25 45 9  38 56 12 35 7  46 53 10 16 15 33 40 27 49 48 50 60 20 41 24 26 36 6  31 5  51
12 38 42 19 28 37 43 44 32 56 33 35 0  45 36 54 55 47 53 3  26 25 46 30 31 21 20 34 4  59 23 24 8  10 27 11 14 5  1  52 58 57 2  6  7  13 22 17 60 50 49 51 39 18 15 16 9  41 40 29 48
20 6  33 10 14 22 1  11 46 31 3  7  25 30 4  37 24 50 49 38 0  35 5  26 16 12 23 56 43 41 13 9  45 2  44 21 47 15 19 58 51 29 59 28 34 32 8  36 57 18 17 40 52 60 55 54 27 48 39 42 53
56 47 45 48 33 40 28 30 13 41 24 22 58 8  51 59 27 32 36 43 57 26 11 49 10 39 21 16 6  38 7  46 17 4  50 42 18 44 29 25 5  9  35 19 37 2  31 1  3  23 34 14 55 53 60 52 0  20 12 15 54
27 30 9  32 18 46 13 58 14 2  25 31 38 6  8  20 22 44 4  24 15 43 16 42 19 10 51 0  50 49 1  11 3  47 40 59 41 57 12 56 34 36 23 21 17 48 5  33 45 29 28 26 53 52 54 60 39 37 7  35 55
58 35 39 28 49 34 47 9  19 7  26 57 48 33 56 25 29 22 31 8  27 38 17 43 36 15 10 20 3  16 46 18 37 13 5  1  24 32 21 2  44 45 50 23 40 41 30 6  12 4  42 59 60 54 53 55 14 11 0  51 52
23 54 24 14 34 21 48 35 31 46 29 16 19 25 3  50 11 26 37 12 41 5  51 0  2  13 17 32 55 10 39 8  27 40 4  7  44 18 42 30 33 20 38 47 36 52 9  43 6  53 15 22 45 49 1  28 56 60 59 58 57
14 53 11 6  51 27 3  49 50 23 35 2  18 34 0  29 31 45 12 48 47 37 33 9  46 30 44 5  41 15 25 16 42 22 13 10 40 21 52 55 36 28 32 54 26 17 24 20 19 7  8  4  38 1  43 39 59 57 60 56 58
45 34 26 4  3  18 17 8  7  49 46 12 11 29 54 16 15 6  5  20 19 42 53 24 23 50 2  28 27 13 38 32 31 37 1  36 35 33 30 40 39 55 21 44 43 0  10 48 47 9  25 52 51 22 14 41 57 56 58 60 59
54 42 49 18 8  23 52 25 4  26 15 19 47 50 21 10 51 43 3  11 28 14 39 5  53 7  9  35 20 55 48 45 44 38 36 27 34 40 33 22 37 46 1  17 32 31 41 12 30 2  13 16 6  24 0  29 60 58 57 59 56
3  2  1  0  6  7  4  5  10 11 8  9  14 15 12 13 18 19 16 17 22 23 20 21 26 27 24 25 30 31 28 29 34 35 32 33 38 39 36 37 42 43 40 41 46 47 44 45 50 51 48 49 54 55 52 53 58 59 56 57 60
