0  60 7  16 25 31 36 40 37 33 28 20 46 12 1  29 53 3  52 39 30 23 13 35 57 10 9  55 17 41 26 44 59 27 6  19 43 51 11 34 8  48 4  58 24 32 54 45 5  15 42 47 22 50 14 56 38 49 21 2  18
21 1  60 8  17 26 32 37 41 38 34 29 24 47 13 2  30 54 4  53 40 31 12 14 20 58 11 10 56 18 42 27 45 48 28 7  46 44 52 0  35 9  49 5  59 25 33 55 3  6  16 43 36 23 51 15 57 39 50 22 19
30 22 2  60 9  18 27 33 38 42 39 35 15 25 36 14 3  31 55 5  54 41 32 13 8  21 59 0  11 57 19 43 28 46 49 29 56 47 45 53 1  24 10 50 6  48 26 34 23 4  7  17 44 37 12 52 16 58 40 51 20
24 31 23 3  60 10 19 28 34 39 43 40 14 16 26 37 15 4  32 56 6  55 42 33 30 9  22 48 1  0  58 20 44 29 47 50 35 57 36 46 54 2  25 11 51 7  49 27 52 12 5  8  18 45 38 13 53 17 59 41 21
41 25 32 12 4  60 11 20 29 35 40 44 34 15 17 27 38 16 5  33 57 7  56 43 51 31 10 23 49 2  1  59 21 45 30 36 28 24 58 37 47 55 3  26 0  52 8  50 42 53 13 6  9  19 46 39 14 54 18 48 22
45 42 26 33 13 5  60 0  21 30 24 41 44 35 16 18 28 39 17 6  34 58 8  57 37 52 32 11 12 50 3  2  48 22 46 31 51 29 25 59 38 36 56 4  27 1  53 9  49 43 54 14 7  10 20 47 40 15 55 19 23
42 46 43 27 34 14 6  60 1  22 31 25 58 45 24 17 19 29 40 18 7  35 59 9  32 38 53 33 0  13 51 4  3  49 23 47 10 52 30 26 48 39 37 57 5  28 2  54 20 50 44 55 15 8  11 21 36 41 16 56 12
26 43 47 44 28 35 15 7  60 2  23 32 10 59 46 25 18 20 30 41 19 8  24 48 36 33 39 54 34 1  14 52 5  4  50 12 55 11 53 31 27 49 40 38 58 6  29 3  57 21 51 45 56 16 9  0  22 37 42 17 13
33 27 44 36 45 29 24 16 8  60 3  12 49 11 48 47 26 19 21 31 42 20 9  25 13 37 34 40 55 35 2  15 53 6  5  51 4  56 0  54 32 28 50 41 39 59 7  30 18 58 22 52 46 57 17 10 1  23 38 43 14
13 34 28 45 37 46 30 25 17 9  60 4  26 50 0  49 36 27 20 22 32 43 21 10 52 14 38 35 41 56 24 3  16 54 7  6  31 5  57 1  55 33 29 51 42 40 48 8  44 19 59 23 53 47 58 18 11 2  12 39 15
5  14 35 29 46 38 47 31 26 18 10 60 11 27 51 1  50 37 28 21 23 33 44 22 7  53 15 39 24 42 57 25 4  17 55 8  9  32 6  58 2  56 34 30 52 43 41 49 40 45 20 48 12 54 36 59 19 0  3  13 16
60 6  15 24 30 47 39 36 32 27 19 11 23 0  28 52 2  51 38 29 22 12 34 45 9  8  54 16 40 25 43 58 26 5  18 56 50 10 33 7  59 3  57 35 31 53 44 42 14 41 46 21 49 13 55 37 48 20 1  4  17
6  18 41 31 22 21 29 39 53 5  56 33 12 60 19 38 4  10 48 52 49 0  7  42 54 59 44 24 36 30 50 35 43 14 17 37 13 8  27 15 26 51 9  45 47 2  58 46 55 25 23 1  20 34 16 32 3  11 28 57 40
34 7  19 42 32 23 22 30 40 54 6  57 43 13 60 20 39 5  11 49 53 50 1  8  38 55 48 45 25 37 31 51 24 44 15 18 47 14 9  28 16 27 52 10 46 36 3  59 58 56 26 12 2  21 35 17 33 4  0  29 41
58 35 8  20 43 33 12 23 31 41 55 7  9  44 14 60 21 40 6  0  50 54 51 2  19 39 56 49 46 26 38 32 52 25 45 16 48 36 15 10 29 17 28 53 11 47 37 4  30 59 57 27 13 3  22 24 18 34 5  1  42
8  59 24 9  21 44 34 13 12 32 42 56 3  10 45 15 60 22 41 7  1  51 55 52 17 20 40 57 50 47 27 39 33 53 26 46 5  49 37 16 11 30 18 29 54 0  36 38 2  31 48 58 28 14 4  23 25 19 35 6  43
57 9  48 25 10 22 45 35 14 13 33 43 53 4  11 46 16 60 23 42 8  2  52 56 47 18 21 41 58 51 36 28 40 34 54 27 39 6  50 38 17 0  31 19 30 55 1  37 7  3  32 49 59 29 15 5  12 26 20 24 44
44 58 10 49 26 11 23 46 24 15 14 34 57 54 5  0  47 17 60 12 43 9  3  53 28 36 19 22 42 59 52 37 29 41 35 55 38 40 7  51 39 18 1  32 20 31 56 2  25 8  4  33 50 48 30 16 6  13 27 21 45
35 45 59 11 50 27 0  12 47 25 16 15 54 58 55 6  1  36 18 60 13 44 10 4  56 29 37 20 23 43 48 53 38 30 42 24 3  39 41 8  52 40 19 2  33 21 32 57 22 26 9  5  34 51 49 31 17 7  14 28 46
16 24 46 48 0  51 28 1  13 36 26 17 5  55 59 56 7  2  37 19 60 14 45 11 25 57 30 38 21 12 44 49 54 39 31 43 58 4  40 42 9  53 41 20 3  34 22 33 29 23 27 10 6  35 52 50 32 18 8  15 47
18 17 25 47 49 1  52 29 2  14 37 27 0  6  56 48 57 8  3  38 20 60 15 46 44 26 58 31 39 22 13 45 50 55 40 32 34 59 5  41 43 10 54 42 21 4  35 23 16 30 12 28 11 7  24 53 51 33 19 9  36
28 19 18 26 36 50 2  53 30 3  15 38 47 1  7  57 49 58 9  4  39 21 60 16 33 45 27 59 32 40 23 14 46 51 56 41 12 35 48 6  42 44 11 55 43 22 5  24 10 17 31 13 29 0  8  25 54 52 34 20 37
39 29 20 19 27 37 51 3  54 31 4  16 17 36 2  8  58 50 59 10 5  40 22 60 42 34 46 28 48 33 41 12 15 47 52 57 25 13 24 49 7  43 45 0  56 44 23 6  21 11 18 32 14 30 1  9  26 55 53 35 38
17 40 30 21 20 28 38 52 4  55 32 5  60 18 37 3  9  59 51 48 11 6  41 23 58 43 35 47 29 49 34 42 13 16 36 53 7  26 14 25 50 8  44 46 1  57 45 12 24 22 0  19 33 15 31 2  10 27 56 54 39
2  4  52 15 3  25 58 44 27 43 20 59 37 53 49 45 14 12 42 35 51 32 39 28 24 60 31 7  54 48 17 21 18 50 57 11 40 0  26 29 6  23 16 1  41 5  47 19 13 38 56 30 10 36 34 33 46 8  22 55 9
48 3  5  53 16 4  26 59 45 28 44 21 29 38 54 50 46 15 13 43 24 52 33 40 0  25 60 32 8  55 49 18 22 19 51 58 20 41 1  27 30 7  12 17 2  42 6  36 56 14 39 57 31 11 37 35 34 47 9  23 10
22 49 4  6  54 17 5  27 48 46 29 45 41 30 39 55 51 47 16 14 44 25 53 34 59 1  26 60 33 9  56 50 19 23 20 52 37 21 42 2  28 31 8  13 18 3  43 7  12 57 15 40 58 32 0  38 24 35 36 10 11
46 23 50 5  7  55 18 6  28 49 47 30 35 42 31 40 56 52 36 17 15 45 26 54 53 48 2  27 60 34 10 57 51 20 12 21 8  38 22 43 3  29 32 9  14 19 4  44 11 13 58 16 41 59 33 1  39 25 24 37 0
31 47 12 51 6  8  56 19 7  29 50 36 55 24 43 32 41 57 53 37 18 16 46 27 22 54 49 3  28 60 35 11 58 52 21 13 45 9  39 23 44 4  30 33 10 15 20 5  38 0  14 59 17 42 48 34 2  40 26 25 1
37 32 36 13 52 7  9  57 20 8  30 51 28 56 25 44 33 42 58 54 38 19 17 47 14 23 55 50 4  29 60 24 0  59 53 22 6  46 10 40 12 45 5  31 34 11 16 21 26 39 1  15 48 18 43 49 35 3  41 27 2
52 38 33 37 14 53 8  10 58 21 9  31 36 29 57 26 45 34 43 59 55 39 20 18 23 15 12 56 51 5  30 60 25 1  48 54 22 7  47 11 41 13 46 6  32 35 0  17 28 27 40 2  16 49 19 44 50 24 4  42 3
32 53 39 34 38 15 54 9  11 59 22 10 19 37 30 58 27 46 35 44 48 56 40 21 55 12 16 13 57 52 6  31 60 26 2  49 18 23 8  36 0  42 14 47 7  33 24 1  43 29 28 41 3  17 50 20 45 51 25 5  4
11 33 54 40 35 39 16 55 10 0  48 23 22 20 38 31 59 28 47 24 45 49 57 41 50 56 13 17 14 58 53 7  32 60 27 3  2  19 12 9  37 1  43 15 36 8  34 25 6  44 30 29 42 4  18 51 21 46 52 26 5
12 0  34 55 41 24 40 17 56 11 1  49 42 23 21 39 32 48 29 36 25 46 50 58 4  51 57 14 18 15 59 54 8  33 60 28 26 3  20 13 10 38 2  44 16 37 9  35 27 7  45 31 30 43 5  19 52 22 47 53 6
50 13 1  35 56 42 25 41 18 57 0  2  59 43 12 22 40 33 49 30 37 26 47 51 29 5  52 58 15 19 16 48 55 9  34 60 24 27 4  21 14 11 39 3  45 17 38 10 54 28 8  46 32 31 44 6  20 53 23 36 7
3  51 14 2  24 57 43 26 42 19 58 1  52 48 44 13 23 41 34 50 31 38 27 36 60 30 6  53 59 16 20 17 49 56 10 35 11 25 28 5  22 15 0  40 4  46 18 39 37 55 29 9  47 33 32 45 7  21 54 12 8
4  57 38 41 51 30 35 58 5  50 11 26 32 2  20 42 55 0  46 45 10 53 29 19 31 6  47 15 44 3  40 1  17 13 9  33 36 60 43 52 18 12 24 28 25 14 21 56 34 48 37 22 8  39 7  27 23 59 49 16 54
27 5  58 39 42 52 31 24 59 6  51 0  20 33 3  21 43 56 1  47 46 11 54 30 34 32 7  36 16 45 4  41 2  18 14 10 57 37 60 44 53 19 13 25 29 26 15 22 17 35 49 38 23 9  40 8  28 12 48 50 55
1  28 6  59 40 43 53 32 25 48 7  52 31 21 34 4  22 44 57 2  36 47 0  55 11 35 33 8  37 17 46 5  42 3  19 15 23 58 38 60 45 54 20 14 26 30 27 16 51 18 24 50 39 12 10 41 9  29 13 49 56
53 2  29 7  48 41 44 54 33 26 49 8  56 32 22 35 5  23 45 58 3  37 36 1  16 0  24 34 9  38 18 47 6  43 4  20 17 12 59 39 60 46 55 21 15 27 31 28 50 52 19 25 51 40 13 11 42 10 30 14 57
9  54 3  30 8  49 42 45 55 34 27 50 2  57 33 23 24 6  12 46 59 4  38 37 21 17 1  25 35 10 39 19 36 7  44 5  29 18 13 48 40 60 47 56 22 16 28 32 15 51 53 20 26 52 41 14 0  43 11 31 58
51 10 55 4  31 9  50 43 46 56 35 28 38 3  58 34 12 25 7  13 47 48 5  39 6  22 18 2  26 24 11 40 20 37 8  45 33 30 19 14 49 41 60 36 57 23 17 29 32 16 52 54 21 27 53 42 15 1  44 0  59
29 52 11 56 5  32 10 51 44 47 57 24 40 39 4  59 35 13 26 8  14 36 49 6  46 7  23 19 3  27 25 0  41 21 38 9  30 34 31 20 15 50 42 60 37 58 12 18 1  33 17 53 55 22 28 54 43 16 2  45 48
25 30 53 0  57 6  33 11 52 45 36 58 7  41 40 5  48 24 14 27 9  15 37 50 10 47 8  12 20 4  28 26 1  42 22 39 19 31 35 32 21 16 51 43 60 38 59 13 46 2  34 18 54 56 23 29 55 44 17 3  49
59 26 31 54 1  58 7  34 0  53 46 37 51 8  42 41 6  49 25 15 28 10 16 38 40 11 36 9  13 21 5  29 27 2  43 23 14 20 32 24 33 22 17 52 44 60 39 48 4  47 3  35 19 55 57 12 30 56 45 18 50
38 48 27 32 55 2  59 8  35 1  54 47 39 52 9  43 42 7  50 26 16 29 11 17 12 41 0  37 10 14 22 6  30 28 3  44 49 15 21 33 25 34 23 18 53 45 60 40 19 5  36 4  24 20 56 58 13 31 57 46 51
36 39 49 28 33 56 3  48 9  24 2  55 18 40 53 10 44 43 8  51 27 17 30 0  45 13 42 1  38 11 15 23 7  31 29 4  41 50 16 22 34 26 35 12 19 54 46 60 47 20 6  37 5  25 21 57 59 14 32 58 52
56 37 40 50 29 34 57 4  49 10 25 3  1  19 41 54 11 45 44 9  52 28 18 31 5  46 14 43 2  39 0  16 12 8  32 30 60 42 51 17 23 35 27 24 13 20 55 47 59 36 21 7  38 6  26 22 58 48 15 33 53
47 21 0  10 18 59 37 56 15 52 13 39 16 31 50 53 25 9  2  32 17 24 23 5  49 44 20 51 19 6  45 33 35 38 1  34 42 54 29 12 58 57 22 27 8  41 11 14 48 60 55 26 40 46 3  7  4  36 43 30 28
40 36 22 1  11 19 48 38 57 16 53 14 6  17 32 51 54 26 10 3  33 18 25 12 35 50 45 21 52 20 7  46 34 24 39 2  15 43 55 30 13 59 58 23 28 9  42 0  31 49 60 56 27 41 47 4  8  5  37 44 29
15 41 37 23 2  0  20 49 39 58 17 54 13 7  18 33 52 55 27 11 4  34 19 26 3  24 51 46 22 53 21 8  47 35 25 40 1  16 44 56 31 14 48 59 12 29 10 43 45 32 50 60 57 28 42 36 5  9  6  38 30
55 16 42 38 12 3  1  21 50 40 59 18 27 14 8  19 34 53 56 28 0  5  35 20 41 4  25 52 47 23 54 22 9  36 24 26 44 2  17 45 57 32 15 49 48 13 30 11 39 46 33 51 60 58 29 43 37 6  10 7  31
19 56 17 43 39 13 4  2  22 51 41 48 21 28 15 9  20 35 54 57 29 1  6  24 27 42 5  26 53 36 12 55 23 10 37 25 0  45 3  18 46 58 33 16 50 49 14 31 8  40 47 34 52 60 59 30 44 38 7  11 32
49 20 57 18 44 40 14 5  3  23 52 42 25 22 29 16 10 21 24 55 58 30 2  7  26 28 43 6  27 54 37 13 56 12 11 38 32 1  46 4  19 47 59 34 17 51 50 15 0  9  41 36 35 53 60 48 31 45 39 8  33
43 50 21 58 19 45 41 15 6  4  12 53 8  26 23 30 17 11 22 25 56 59 31 3  39 27 29 44 7  28 55 38 14 57 13 0  16 33 2  47 5  20 36 48 35 18 52 51 9  1  10 42 37 24 54 60 49 32 46 40 34
54 44 51 22 59 20 46 42 16 7  5  13 4  9  27 12 31 18 0  23 26 57 48 32 1  40 28 30 45 8  29 56 39 15 58 14 52 17 34 3  36 6  21 37 49 24 19 53 41 10 2  11 43 38 25 55 60 50 33 47 35
14 55 45 52 23 48 21 47 43 17 8  6  33 5  10 28 13 32 19 1  12 27 58 49 15 2  41 29 31 46 9  30 57 40 16 59 54 53 18 35 4  37 7  22 38 50 25 20 36 42 11 3  0  44 39 26 56 60 51 34 24
7  15 56 46 53 12 49 22 36 44 18 9  50 34 6  11 29 14 33 20 2  13 28 59 48 16 3  42 30 32 47 10 31 58 41 17 21 55 54 19 24 5  38 8  23 39 51 26 35 37 43 0  4  1  45 40 27 57 60 52 25
10 8  16 57 47 54 13 50 23 37 45 19 48 51 35 7  0  30 15 34 21 3  14 29 18 49 17 4  43 31 33 36 11 32 59 42 27 22 56 55 20 25 6  39 9  12 40 52 53 24 38 44 1  5  2  46 41 28 58 60 26
20 11 9  17 58 36 55 14 51 12 38 46 30 49 52 24 8  1  31 16 35 22 4  15 43 19 50 18 5  44 32 34 37 0  33 48 53 28 23 57 56 21 26 7  40 10 13 41 60 54 25 39 45 2  6  3  47 42 29 59 27
23 12 13 14 15 16 17 18 19 20 21 22 45 46 47 36 37 38 39 40 41 42 43 44 2  3  4  5  6  7  8  9  10 11 0  1  59 48 49 50 51 52 53 54 55 56 57 58 33 34 35 24 25 26 27 28 29 30 31 32 60
