0  3  60 1  20 23 28 33 38 43 54 53 45 51 40 59 41 57 47 44 4  35 36 5  46 42 52 29 6  27 32 48 30 7  58 21 22 49 8  56 14 16 25 9  19 12 24 18 31 37 55 13 26 11 10 50 39 17 34 15 2
60 1  3  2  48 39 52 59 43 18 44 32 16 55 37 29 12 25 9  28 24 40 46 57 20 17 33 38 19 15 42 45 11 26 50 56 41 14 27 5  21 36 30 8  10 31 22 53 4  54 34 58 6  47 49 13 35 23 51 7  0
1  0  2  60 30 42 40 52 34 50 46 21 20 36 38 51 49 24 35 23 12 11 59 19 17 47 41 58 33 57 4  44 39 28 8  18 13 55 14 32 6  26 5  56 31 53 10 25 54 16 9  15 7  45 48 37 43 29 27 22 3
2  60 0  3  58 17 53 21 31 52 42 37 33 16 19 22 13 5  29 14 46 7  15 38 57 39 55 59 48 18 47 8  44 12 51 41 56 11 23 25 50 35 10 49 32 54 20 30 28 43 40 34 9  6  45 26 36 24 4  27 1
52 27 37 18 4  60 7  6  17 33 43 31 49 24 35 21 23 8  3  56 26 15 45 16 13 50 20 1  59 58 55 11 36 9  40 14 32 2  48 54 34 51 47 10 57 22 53 42 38 12 25 41 0  46 39 30 19 44 29 28 5
32 55 12 48 7  5  60 4  50 37 26 25 2  39 53 38 27 28 45 24 42 34 57 30 19 11 10 16 17 43 23 41 0  49 21 46 52 9  15 13 51 31 20 29 56 18 35 59 3  33 8  40 36 14 58 1  44 22 54 47 6
38 51 35 44 5  4  6  60 28 20 56 45 17 54 24 27 37 12 40 26 9  31 33 25 14 23 19 15 8  36 43 21 53 22 48 2  29 16 0  50 18 47 46 30 3  11 42 41 34 59 39 1  58 32 13 57 10 55 52 49 7
10 17 44 16 60 6  5  7  53 46 0  48 19 21 43 30 3  1  49 12 36 13 27 56 39 59 58 22 34 42 15 52 51 54 28 55 20 41 47 24 57 37 29 14 2  50 9  38 11 18 45 32 31 8  33 35 23 40 26 25 4
6  12 19 25 45 56 0  26 8  60 11 10 1  59 46 52 43 22 33 2  30 55 17 34 49 3  7  57 38 54 20 39 47 18 23 42 51 40 28 31 37 48 35 16 50 4  14 32 41 24 44 36 15 58 29 21 5  27 53 13 9
21 41 57 14 16 58 27 28 11 9  60 8  51 47 3  20 4  38 36 52 15 0  26 33 32 55 22 6  7  50 48 40 24 23 46 43 18 54 17 44 31 1  53 35 39 59 34 13 30 56 29 12 19 42 37 25 49 2  5  45 10
33 20 13 22 25 51 16 54 9  8  10 60 48 2  58 42 6  30 32 57 1  52 3  29 44 4  40 47 55 23 17 59 18 0  38 53 46 56 34 45 26 49 15 50 24 39 36 27 12 41 43 5  21 35 7  28 37 19 14 31 11
41 22 14 27 42 36 30 56 60 10 9  11 40 20 2  44 53 26 24 29 13 38 1  48 18 52 17 3  57 19 6  47 46 55 49 50 5  59 21 58 12 0  4  45 15 43 32 31 23 34 35 54 25 16 51 33 7  28 39 37 8
27 43 42 24 36 20 31 41 16 25 35 39 12 60 15 14 8  21 59 37 5  17 52 44 3  9  38 0  54 45 46 6  49 57 56 10 4  19 26 11 58 7  2  1  23 29 30 50 53 32 47 55 22 48 28 51 34 33 40 18 13
19 5  46 7  40 1  23 3  35 26 36 57 15 13 60 12 21 52 31 0  28 16 47 6  34 54 9  41 20 32 56 18 29 48 24 8  10 43 49 55 4  27 59 37 51 58 2  22 33 38 53 44 17 50 25 39 30 11 45 42 14
36 50 21 52 57 33 47 51 54 19 30 38 13 12 14 60 20 58 42 9  16 2  40 27 41 56 48 23 45 46 10 55 43 5  37 44 0  34 11 59 22 24 18 32 35 28 29 6  26 53 1  7  3  49 8  31 25 4  17 39 15
50 35 45 10 39 24 9  40 41 6  3  49 60 14 13 15 32 36 46 38 27 54 42 26 5  37 23 20 43 56 57 58 16 47 44 1  17 25 19 4  7  8  22 28 34 2  18 33 52 11 0  53 48 51 21 59 29 30 31 55 12
11 8  47 21 33 46 56 13 1  23 37 0  43 7  59 31 16 60 19 18 39 3  51 9  30 49 34 35 44 38 24 15 58 4  26 27 42 10 29 20 48 53 36 12 28 55 5  2  40 25 52 22 50 41 57 45 6  54 32 14 17
37 59 56 28 22 48 21 25 45 42 14 50 31 32 10 47 19 17 60 16 55 6  4  46 43 7  35 54 3  52 58 12 13 36 41 26 33 0  53 51 44 34 9  24 40 8  23 15 5  57 11 39 29 38 27 20 2  49 30 1  18
39 36 6  58 29 34 2  27 20 41 55 54 23 53 26 37 17 16 18 60 8  45 49 12 51 46 14 7  32 4  33 50 28 30 5  40 1  15 43 0  35 9  48 38 59 21 25 56 42 22 31 24 57 13 11 10 47 52 3  44 19
51 40 34 9  46 15 59 37 23 3  39 55 41 44 52 5  60 18 17 19 47 28 25 8  38 22 49 42 21 33 35 43 50 29 2  30 54 7  24 10 1  12 27 31 13 57 4  20 58 26 32 0  14 56 36 11 53 45 48 6  16
26 44 5  43 52 2  15 50 33 27 24 28 42 57 39 6  59 34 30 48 20 60 23 22 10 40 0  9  11 53 18 37 54 8  17 51 45 31 56 14 25 55 12 3  1  36 49 58 19 46 7  35 4  29 32 41 38 13 47 16 21
43 19 38 13 54 18 12 16 24 35 47 14 6  3  11 39 7  31 5  1  23 21 60 20 8  57 29 52 40 26 36 17 48 42 45 9  30 44 2  15 28 50 33 0  37 34 58 10 32 55 41 56 27 59 4  49 51 25 46 53 22
14 32 48 42 8  31 39 18 4  13 15 46 56 9  0  10 38 45 7  35 21 20 22 60 53 30 47 49 37 51 25 5  1  50 52 19 40 28 16 6  36 57 3  58 55 17 11 26 2  27 33 29 34 24 59 44 12 41 43 54 23
30 47 8  50 9  32 54 11 2  4  41 7  59 25 31 43 33 39 44 34 60 22 21 23 35 13 28 55 26 49 0  14 5  16 19 24 58 42 40 17 38 10 37 15 18 52 51 1  56 29 3  46 45 57 6  27 48 53 36 12 20
48 10 43 33 34 38 41 29 55 59 1  51 57 40 47 19 52 56 54 15 44 49 28 36 24 60 27 26 22 7  50 46 45 3  4  58 23 53 5  42 13 6  39 2  20 32 31 14 0  21 30 11 16 37 18 8  17 12 35 9  25
34 7  16 31 43 52 13 1  39 51 50 36 55 6  45 18 2  59 15 30 29 48 35 54 27 25 60 24 56 20 19 3  57 38 0  22 11 46 33 8  53 44 58 4  41 14 37 49 21 47 10 9  5  40 23 12 28 32 42 17 26
4  31 32 56 0  40 49 53 58 47 51 35 46 22 42 28 54 50 48 59 52 37 13 43 25 24 26 60 15 44 38 1  2  45 57 11 55 21 30 41 5  39 14 23 29 33 12 9  18 6  17 10 20 7  16 36 3  34 8  19 27
45 48 28 37 38 35 20 49 51 15 21 59 29 30 55 9  46 44 22 50 6  10 18 31 60 26 25 27 2  12 13 23 42 58 43 5  57 3  4  53 54 56 32 34 17 0  16 52 1  7  19 8  47 39 40 14 41 36 33 11 24
8  21 58 5  41 3  38 46 0  34 18 13 50 11 25 23 36 48 10 40 57 1  53 15 37 14 43 33 28 60 31 30 55 27 9  39 16 24 6  35 19 4  44 26 42 56 7  54 17 52 12 59 49 22 47 32 45 20 2  51 29
12 56 9  4  3  59 48 39 14 2  49 33 0  17 8  35 22 13 58 55 40 44 16 41 42 53 37 45 31 29 60 28 52 11 36 15 34 26 51 7  20 23 24 47 21 27 54 43 6  10 57 38 32 25 46 19 1  50 18 5  30
5  54 55 34 37 0  45 57 18 44 58 43 26 41 17 40 50 14 8  22 33 59 19 32 52 35 12 56 29 28 30 60 23 20 3  25 53 4  46 48 15 13 49 11 9  6  38 51 39 42 16 47 24 36 1  2  27 7  10 21 31
24 33 7  39 47 57 17 2  25 56 38 42 21 50 27 32 58 6  53 36 51 12 41 55 0  8  45 14 60 30 29 31 15 1  59 37 19 35 10 3  49 22 11 54 52 26 48 4  46 40 13 20 44 18 43 23 9  5  16 34 28
23 46 41 6  12 30 3  14 37 45 28 22 4  52 7  58 31 29 55 27 38 25 11 0  59 21 39 19 10 17 5  16 32 60 35 34 49 8  20 26 47 2  50 51 53 9  1  40 57 36 42 43 13 44 56 18 54 48 15 24 33
54 45 27 57 23 53 50 10 30 16 7  19 24 37 49 17 9  15 20 11 18 56 39 4  12 44 31 2  58 55 8  26 35 33 60 32 47 13 41 22 46 38 51 48 25 1  40 36 43 14 6  42 59 5  0  29 21 3  28 52 34
42 14 23 47 13 45 29 9  19 7  31 15 22 4  1  11 57 55 21 8  41 18 12 2  40 58 54 53 46 6  51 10 33 32 34 60 48 50 59 43 24 20 0  39 49 5  28 3  36 44 37 30 56 27 26 17 52 16 25 38 35
9  29 40 54 44 16 18 38 59 0  48 17 53 42 57 56 5  11 6  25 31 43 30 58 36 19 50 46 49 1  22 20 60 34 33 35 24 51 7  52 2  45 13 21 4  41 27 55 10 28 26 37 39 12 3  47 15 14 23 8  32
40 9  10 26 49 25 34 45 27 1  2  52 32 46 22 33 44 47 41 43 50 53 14 35 58 5  3  8  42 48 59 54 12 15 6  23 36 60 39 38 0  18 28 19 16 7  13 17 29 4  20 57 11 21 31 56 55 51 24 30 37
57 34 30 59 55 54 10 12 47 58 6  27 7  48 50 46 56 49 25 41 35 29 24 45 22 18 44 11 53 21 2  51 40 43 1  20 39 37 60 36 32 19 52 33 26 23 15 8  13 17 14 31 42 28 5  4  16 0  9  3  38
28 4  11 40 1  19 8  55 6  53 59 2  30 58 21 24 51 42 52 5  54 14 29 50 15 41 46 48 0  22 12 34 56 44 31 47 37 36 38 60 3  25 17 57 33 49 26 35 27 45 23 16 18 9  20 7  32 43 13 10 39
47 13 26 8  21 55 33 42 3  30 57 40 58 1  16 54 14 46 56 45 59 4  50 51 29 31 2  34 52 24 9  25 41 6  27 49 60 38 37 39 11 32 7  53 48 19 17 0  44 35 22 23 28 43 15 5  18 10 12 20 36
22 28 18 23 24 10 35 30 32 49 5  58 39 34 36 57 55 27 2  21 53 19 0  3  4  29 51 17 1  25 7  56 8  52 13 6  14 47 50 12 40 60 43 42 54 48 59 37 45 9  38 26 33 20 44 16 31 15 11 46 41
53 18 39 45 59 22 14 19 52 36 29 16 37 56 6  48 11 20 1  7  17 46 5  49 47 33 32 30 51 10 27 57 26 25 55 54 9  12 44 2  43 41 60 40 38 3  21 24 15 23 58 28 8  0  35 34 13 31 50 4  42
58 49 20 15 31 12 55 24 13 38 22 47 5  8  48 3  28 53 26 32 2  51 10 52 7  34 18 50 16 39 54 4  19 56 25 59 44 45 9  29 41 40 42 60 36 37 57 11 14 1  27 21 23 17 30 6  33 46 0  35 43
35 16 17 46 50 47 11 32 12 21 25 6  8  33 51 26 1  2  57 54 49 9  44 28 56 10 15 39 23 59 45 36 7  13 53 0  31 48 52 27 60 42 41 43 22 30 3  5  37 20 4  14 38 34 19 58 24 18 55 29 40
13 24 52 53 14 8  32 31 5  48 20 34 18 0  4  49 42 54 12 51 10 26 58 59 1  38 21 40 36 37 39 7  6  41 11 57 28 29 25 30 27 33 16 55 44 60 47 46 9  15 56 19 2  3  17 43 50 35 22 23 45
29 26 51 35 17 21 43 20 22 24 19 30 27 38 56 53 40 4  34 10 7  5  8  42 9  28 1  12 25 0  11 33 59 31 18 3  50 52 13 57 16 54 23 6  47 45 60 44 55 58 36 2  37 15 41 48 14 39 49 32 46
31 11 36 49 56 27 57 34 29 28 13 1  38 10 54 25 35 51 37 53 43 50 32 39 48 15 30 5  9  8  26 0  22 59 7  16 2  18 12 23 52 58 55 20 45 44 46 60 24 3  21 17 40 19 14 42 4  6  41 33 47
56 57 49 51 11 29 24 35 40 22 52 4  28 26 41 36 25 33 39 58 48 27 9  53 6  16 13 21 12 5  34 42 37 17 30 7  15 32 55 18 8  14 31 59 60 46 45 47 20 2  54 3  10 23 50 38 0  1  19 43 44
46 38 59 17 27 28 36 23 15 39 53 56 35 43 18 8  45 3  14 47 58 57 54 7  31 32 42 4  5  34 44 24 25 37 29 12 6  33 1  9  55 52 26 13 30 16 0  19 48 60 51 50 41 10 22 40 11 21 20 2  49
17 30 25 20 32 14 19 22 21 31 23 44 36 45 5  34 47 0  27 6  3  8  7  10 55 2  59 18 39 41 1  9  4  53 15 52 12 57 58 28 56 29 54 46 11 13 43 16 51 49 60 48 35 33 42 24 40 37 38 26 50
59 37 29 38 10 44 22 36 56 57 4  26 54 18 34 55 24 35 13 42 45 58 6  40 16 43 11 32 47 2  52 53 27 39 14 17 7  1  3  33 23 46 19 25 5  20 41 28 49 48 50 60 30 31 12 15 8  9  21 0  51
44 52 53 30 28 26 58 43 57 55 40 18 25 19 32 45 29 23 11 13 37 33 38 17 54 12 5  36 4  16 3  35 14 21 47 31 27 20 22 46 10 59 56 7  0  15 39 34 60 50 49 51 1  2  24 9  42 8  6  41 48
20 58 31 19 26 11 51 44 48 14 27 5  34 29 9  41 30 32 43 3  0  47 56 37 50 36 4  10 35 13 16 2  17 46 12 28 25 23 57 49 59 15 45 18 7  42 33 21 8  39 24 6  52 60 55 54 22 38 1  40 53
16 23 15 32 19 49 44 58 26 17 12 41 10 31 33 2  0  9  50 4  25 30 37 1  28 20 8  43 24 40 21 13 3  14 39 48 59 22 42 34 29 11 38 27 6  51 56 57 35 5  18 45 55 53 60 52 46 47 7  36 54
7  42 22 41 15 9  25 0  46 5  33 24 47 23 29 4  34 40 51 31 56 39 2  13 11 6  57 44 50 14 49 19 38 10 16 45 43 58 32 21 17 3  1  36 27 35 8  12 59 30 28 18 53 52 54 60 20 26 37 48 55
15 39 4  36 2  13 46 47 49 12 32 29 9  5  23 0  48 41 28 33 34 24 43 14 21 51 56 31 18 11 37 27 10 19 20 38 3  30 35 1  45 17 57 22 58 40 6  7  16 8  59 25 60 54 53 55 26 42 44 50 52
18 15 24 55 53 50 37 48 44 40 16 23 52 27 28 1  10 43 0  46 32 42 34 11 2  45 36 13 14 35 41 49 20 51 22 29 26 6  54 47 9  30 21 17 8  25 19 39 7  31 5  33 12 4  38 3  56 60 59 58 57
49 53 50 12 35 41 42 15 36 29 45 20 3  28 44 7  26 37 38 39 11 32 31 47 33 48 16 51 13 9  40 22 21 24 54 4  8  17 18 19 30 5  6  52 14 10 55 23 25 0  2  27 43 1  34 46 59 57 60 56 58
25 6  33 29 18 37 1  8  7  54 17 12 11 49 30 16 15 10 4  20 19 41 55 24 23 0  53 28 27 3  14 32 31 2  42 36 35 5  45 40 39 21 34 44 43 38 50 48 47 13 46 52 51 26 9  22 57 56 58 60 59
55 25 54 11 51 43 26 17 42 32 34 3  44 35 20 50 39 7  23 49 14 36 48 18 45 1  6  37 41 47 53 38 9  40 10 13 21 27 31 16 33 28 8  5  12 24 52 29 22 19 15 4  46 30 2  0  60 58 57 59 56
3  2  1  0  6  7  4  5  10 11 8  9  14 15 12 13 18 19 16 17 22 23 20 21 26 27 24 25 30 31 28 29 34 35 32 33 38 39 36 37 42 43 40 41 46 47 44 45 50 51 48 49 54 55 52 53 58 59 56 57 60
