0  3  60 1  13 56 15 26 42 38 46 21 43 4  32 6  22 51 37 40 39 11 16 29 36 58 7  35 41 23 55 53 14 57 44 27 24 18 9  20 19 28 8  12 34 48 10 50 45 54 47 17 59 31 49 30 5  33 25 52 2
60 1  3  2  29 35 51 50 33 23 17 47 54 58 39 31 57 10 40 59 27 46 52 9  49 30 36 20 38 4  25 15 55 8  56 5  26 43 28 14 18 45 44 37 42 41 21 11 53 24 7  6  22 48 12 32 34 16 13 19 0
1  0  2  60 50 43 23 30 20 31 21 41 22 34 36 40 26 38 52 44 8  10 12 6  57 28 16 45 25 32 7  9  29 39 13 49 14 47 17 33 15 11 58 5  19 27 48 37 46 35 4  53 18 51 56 59 54 24 42 55 3
2  60 0  3  14 33 25 59 28 22 39 35 31 17 4  44 38 13 56 50 48 47 9  49 46 6  45 42 8  55 57 12 54 5  37 11 41 34 16 10 51 36 27 52 15 26 24 21 20 23 19 40 43 58 32 29 18 30 53 7  1
22 11 40 53 4  60 7  6  30 17 35 1  18 16 58 50 13 9  12 43 51 48 0  37 59 34 54 49 57 47 8  39 45 36 25 10 33 23 56 31 2  44 52 19 41 32 55 29 21 27 15 20 42 3  26 46 38 28 14 24 5
30 16 34 12 7  5  60 4  21 45 47 28 3  43 25 32 1  20 53 52 17 8  37 50 58 14 44 46 11 40 0  33 15 31 2  57 48 22 41 42 29 38 39 13 26 9  27 10 36 59 23 54 19 18 51 56 55 35 24 49 6
9  36 54 43 5  4  6  60 29 0  53 58 34 33 31 38 59 27 20 45 18 30 57 56 35 52 51 17 42 8  21 14 39 13 12 24 1  46 15 32 47 49 28 3  50 19 37 40 55 41 44 26 25 10 2  48 23 22 11 16 7
46 14 51 48 60 6  5  7  15 36 26 44 52 57 1  8  58 37 41 34 59 56 27 42 33 32 10 22 54 38 53 45 25 24 19 43 9  17 29 50 55 18 23 35 11 31 0  49 3  47 39 2  12 30 28 40 21 13 16 20 4
14 40 47 46 54 19 41 16 8  60 11 10 50 23 0  58 7  53 33 5  37 52 38 13 28 56 30 39 24 49 26 36 42 18 48 59 31 20 22 27 1  6  32 45 51 43 3  2  34 29 12 44 21 17 4  57 25 55 15 35 9
15 30 49 19 48 42 38 28 11 9  60 8  16 24 57 0  12 21 55 3  41 17 50 25 13 23 52 53 7  44 1  35 40 59 46 31 54 56 6  45 32 20 5  58 29 39 34 51 4  2  22 47 26 27 36 18 37 14 43 33 10
7  34 32 49 18 38 45 0  9  8  10 60 35 40 24 54 44 56 4  53 57 29 59 39 14 48 46 58 33 21 37 42 2  28 1  12 55 30 5  23 13 47 31 51 16 6  26 41 25 3  52 43 50 19 15 36 17 20 27 22 11
24 29 55 45 47 53 12 32 60 10 9  11 6  20 17 37 48 14 28 51 13 36 30 31 0  44 35 57 18 1  22 23 7  50 58 26 21 15 46 56 52 59 49 54 25 3  38 4  16 42 33 19 40 5  43 2  39 27 34 41 8
20 44 25 33 10 31 58 38 55 27 4  34 12 60 15 14 53 46 35 30 0  45 28 26 56 2  23 9  22 52 19 5  47 3  11 18 49 51 7  43 59 48 54 39 1  21 17 32 41 36 57 37 29 16 42 8  24 50 6  40 13
16 41 5  54 22 2  21 47 44 55 48 38 15 13 60 12 0  32 24 31 46 6  4  51 18 40 56 37 35 59 33 19 17 30 43 28 50 27 11 52 25 1  53 34 8  58 20 7  10 57 36 23 39 42 3  9  26 49 45 29 14
42 50 27 58 53 49 20 39 32 46 43 30 13 12 14 60 52 22 31 26 6  40 17 55 51 59 19 2  44 48 11 18 8  38 57 54 45 41 33 7  21 37 0  10 28 36 9  56 29 5  1  24 16 4  35 23 47 34 3  25 15
38 21 4  18 2  36 9  58 16 6  20 49 60 14 13 15 8  23 3  25 10 1  55 17 53 19 28 43 26 39 59 46 48 41 47 51 5  42 0  29 50 33 37 27 56 52 31 34 32 11 40 35 45 24 57 22 44 54 7  30 12
4  35 33 51 0  57 37 15 58 53 55 31 27 22 56 7  16 60 19 18 42 41 13 48 30 54 39 12 32 45 24 11 28 2  50 1  44 6  40 26 38 21 20 49 36 29 59 52 23 43 34 3  47 9  25 10 14 5  8  46 17
41 56 42 32 21 29 50 33 59 48 34 22 49 54 30 45 19 17 60 16 40 4  11 52 37 47 43 44 51 5  14 57 3  7  10 53 46 24 58 55 20 0  2  26 27 15 36 25 9  12 6  28 23 35 13 39 1  31 38 8  18
25 8  46 44 35 11 14 27 1  13 12 5  10 9  6  56 17 16 18 60 31 59 41 47 55 0  32 7  53 57 45 20 26 40 49 4  43 58 50 54 33 22 51 36 3  30 2  23 52 34 38 42 48 28 39 24 15 29 37 21 19
49 28 57 22 55 21 10 23 52 50 6  56 32 27 29 41 60 18 17 19 36 5  3  7  44 33 48 13 1  14 47 37 12 25 42 58 20 31 59 51 54 15 34 46 24 53 43 30 26 0  9  39 8  45 40 4  11 2  35 38 16
43 55 37 7  25 40 31 3  47 52 54 46 39 38 18 57 30 29 14 35 20 60 23 22 42 4  41 32 56 17 16 6  27 53 51 19 58 2  13 12 5  26 24 0  49 50 11 8  59 44 45 34 9  33 10 1  28 15 36 48 21
36 31 29 42 9  52 33 43 19 4  32 24 37 30 44 46 50 48 39 8  23 21 60 20 11 53 55 47 40 2  13 1  10 6  41 56 0  12 57 18 28 34 3  7  14 51 15 27 17 58 16 45 5  25 59 26 35 38 49 54 22
13 24 28 50 16 44 32 18 45 19 42 14 25 0  11 35 4  30 7  9  21 20 22 60 1  12 37 41 2  46 17 59 6  56 36 15 34 26 43 57 53 27 10 38 5  8  29 58 54 52 3  55 49 40 48 51 33 39 47 31 23
35 25 56 10 57 58 54 34 51 30 3  16 59 44 33 52 11 45 36 42 60 22 21 23 50 1  40 29 37 27 9  48 53 14 7  0  18 28 55 49 26 46 19 47 13 17 41 43 31 39 24 8  15 32 6  38 2  4  5  12 20
21 52 19 8  45 23 40 17 3  18 51 36 41 55 43 39 20 7  9  2  16 0  49 5  24 60 27 26 46 53 42 38 59 37 54 47 11 33 31 15 6  12 30 14 57 4  28 35 56 22 58 10 1  29 34 13 48 44 50 32 25
37 9  22 52 51 59 43 11 31 1  13 7  28 10 49 33 29 39 58 41 34 38 2  30 27 25 60 24 12 16 23 8  44 15 20 42 56 0  21 17 48 19 35 6  32 54 50 55 40 14 46 4  3  57 45 47 36 53 18 5  26
10 6  39 11 8  22 1  46 4  20 0  3  40 53 48 47 33 31 38 29 9  58 5  59 25 24 26 60 34 19 54 17 50 16 28 45 51 44 18 2  12 52 56 57 37 35 7  15 14 55 32 36 41 13 30 49 42 43 21 23 27
23 32 36 21 38 51 44 41 48 16 28 52 53 31 45 59 9  50 22 37 55 3  18 0  60 26 25 27 10 35 43 13 1  58 39 29 2  19 4  34 57 7  47 30 6  14 54 42 8  56 17 5  11 12 46 20 49 40 33 15 24
17 59 12 24 23 18 48 36 46 54 58 53 2  52 21 34 43 0  5  38 45 14 25 4  3  22 47 33 28 60 31 30 49 27 15 39 7  57 19 35 44 51 55 16 40 20 8  26 6  32 56 41 13 11 9  42 50 37 10 1  29
27 47 10 34 11 20 49 12 41 43 2  4  7  36 26 24 54 40 42 48 5  32 56 35 15 45 14 0  31 29 60 28 21 46 3  23 13 55 52 53 17 8  18 9  58 25 33 1  19 6  59 57 38 39 16 37 22 51 44 50 30
56 23 53 36 26 55 13 51 54 25 52 17 47 6  22 27 42 11 49 32 24 33 14 1  20 9  4  15 29 28 30 60 19 21 45 38 3  50 35 58 46 57 16 59 48 34 40 12 44 18 37 7  10 2  8  5  0  41 39 43 31
50 46 35 5  44 3  18 40 56 49 22 48 33 37 20 21 23 43 6  27 14 15 10 16 54 36 57 19 60 30 29 31 52 12 38 2  25 13 34 41 7  39 59 17 4  55 1  53 11 9  0  58 32 47 24 45 8  26 51 42 28
8  20 21 13 24 48 57 44 0  37 29 25 30 3  42 36 49 54 50 47 1  2  39 46 4  11 38 55 43 10 12 51 32 60 35 34 15 9  26 22 56 53 14 28 7  59 23 19 5  16 18 31 58 41 17 27 40 6  52 45 33
45 18 26 31 52 12 30 37 40 47 27 54 5  21 55 19 39 24 1  15 44 13 29 38 17 41 2  10 58 22 6  3  35 33 60 32 42 7  23 16 8  25 36 50 20 0  56 9  57 53 43 59 4  49 11 14 46 48 28 51 34
52 17 43 55 20 13 11 42 27 14 56 6  58 5  9  26 21 1  30 23 4  16 53 19 31 51 15 8  47 37 18 24 33 32 34 60 40 29 54 48 36 50 7  2  59 49 57 28 39 45 41 25 0  22 38 3  10 46 12 44 35
29 57 9  26 12 16 47 21 17 2  18 45 4  39 41 55 5  8  10 36 58 7  51 27 40 50 3  23 52 0  48 49 60 34 33 35 19 54 44 13 24 14 46 56 38 11 42 6  30 31 25 22 28 59 37 15 43 1  20 53 32
11 51 45 57 42 32 26 54 25 28 16 0  17 59 27 48 10 12 47 58 35 24 40 43 21 8  6  14 9  50 41 56 5  52 53 20 36 60 39 38 22 30 4  23 55 2  49 18 15 46 29 1  33 34 7  44 31 3  19 13 37
58 48 8  29 28 26 59 24 2  40 50 42 45 19 35 49 46 33 25 13 47 51 44 57 7  18 5  31 4  3  52 27 56 17 55 14 39 37 60 36 9  54 11 53 22 12 16 20 1  15 10 21 30 43 41 34 32 23 0  6  38
6  19 58 40 49 47 0  52 43 15 41 20 29 46 23 9  51 42 32 1  11 53 45 14 34 57 50 56 59 12 44 54 18 55 24 48 37 36 38 60 3  10 17 8  30 22 13 5  35 4  26 16 7  21 31 33 27 25 2  28 39
12 7  16 23 41 9  22 1  34 5  49 19 0  28 50 53 2  47 59 11 43 54 6  3  29 55 33 48 13 24 40 44 57 26 8  52 60 38 37 39 30 4  45 20 31 42 58 17 27 10 14 56 35 15 21 25 51 32 46 18 36
54 33 50 16 15 17 35 45 18 56 25 27 23 48 28 4  3  5  8  49 29 44 34 12 47 10 59 11 14 20 58 55 37 1  22 6  53 32 51 46 40 60 43 42 21 7  39 24 13 19 2  38 57 36 0  31 9  52 30 26 41
51 58 59 30 31 10 29 22 49 26 5  55 56 45 54 25 34 28 27 33 52 50 7  32 48 15 9  18 17 6  3  4  23 19 16 37 57 35 47 44 43 41 60 40 39 13 53 38 24 8  21 0  20 46 14 11 12 36 1  2  42
32 12 38 47 33 45 55 19 14 39 59 15 1  26 8  11 24 58 57 7  30 27 31 34 16 46 13 21 48 51 20 22 0  4  23 50 52 49 2  9  41 40 42 60 54 5  25 3  28 37 35 29 36 56 44 6  53 18 17 10 43
39 53 13 25 46 34 52 56 22 44 24 33 20 2  51 30 32 57 23 55 12 35 8  18 10 3  31 59 49 58 15 26 16 11 5  21 47 48 45 0  60 42 41 43 9  38 4  36 37 28 54 14 6  1  50 19 7  17 29 27 40
59 54 24 56 39 37 17 25 23 58 36 32 42 51 40 18 55 6  15 57 53 28 26 8  2  7  22 50 21 43 35 41 11 49 52 30 10 5  48 4  14 31 12 29 44 60 47 46 38 33 27 13 34 20 1  16 3  19 9  0  45
57 13 14 35 59 39 53 55 38 42 19 26 51 1  2  23 25 52 34 10 56 37 43 15 32 16 11 36 50 54 49 40 24 48 18 3  27 21 8  5  31 58 9  22 47 45 60 44 33 30 28 12 17 6  29 7  20 0  41 4  46
26 15 52 28 19 54 16 10 24 57 7  13 36 11 34 1  6  49 48 4  38 31 33 53 8  35 0  51 3  56 39 21 41 22 14 25 12 59 20 30 58 32 50 55 45 44 46 60 18 17 42 27 2  23 5  43 29 9  40 37 47
31 4  20 27 1  41 24 57 37 59 38 29 19 49 16 28 14 55 43 12 2  42 48 36 6  39 34 3  15 11 32 0  30 51 26 40 23 8  10 25 35 5  21 18 60 46 45 47 22 13 53 33 56 50 58 17 52 7  54 9  44
33 43 18 59 17 15 42 20 39 21 40 23 24 25 19 5  31 4  2  14 7  9  58 11 12 13 29 34 55 26 38 16 36 0  27 44 32 53 30 8  10 56 6  1  35 57 52 54 48 60 51 50 46 37 47 28 41 45 22 3  49
40 22 31 39 56 25 8  13 6  35 23 37 46 7  59 42 28 36 45 54 33 26 1  10 52 5  21 38 16 41 34 2  43 20 30 9  17 11 27 3  0  29 15 32 53 18 12 57 51 49 60 48 24 44 19 58 4  47 55 14 50
53 39 15 9  40 24 27 14 57 3  30 43 55 29 7  2  41 44 26 22 28 34 19 58 5  42 18 6  20 13 10 47 38 54 21 46 59 52 32 1  4  16 25 11 17 56 35 31 49 48 50 60 37 0  33 12 45 8  23 36 51
28 26 30 38 34 46 36 53 13 33 14 39 21 8  10 22 40 41 29 56 25 12 15 44 43 20 1  54 0  18 2  52 58 9  4  55 6  45 3  11 16 17 57 24 23 37 5  59 60 50 49 51 31 7  27 35 19 42 32 47 48
44 49 48 6  36 8  3  29 5  41 37 57 38 35 47 17 56 15 46 21 26 19 24 45 22 43 20 40 39 7  50 58 51 42 59 13 4  10 12 28 27 9  33 25 0  23 18 14 2  1  30 32 52 60 55 54 16 11 31 34 53
47 37 7  14 58 28 19 2  35 12 45 18 9  56 3  29 27 59 11 6  49 57 36 41 39 38 42 16 5  15 51 50 46 44 40 8  22 1  25 24 34 23 26 48 33 10 32 0  43 20 31 30 55 53 60 52 13 21 4  17 54
19 42 23 17 30 27 56 9  26 7  57 50 44 32 37 20 45 3  21 0  15 18 47 2  38 29 8  5  36 25 4  34 13 43 31 41 28 14 24 59 49 35 1  33 12 16 51 22 58 40 11 46 53 52 54 60 6  10 48 39 55
5  27 41 37 43 0  28 31 50 24 44 59 57 18 38 51 36 25 13 46 32 49 35 33 9  17 58 1  6  34 56 7  20 23 29 22 16 3  14 47 45 2  48 4  10 40 19 39 42 21 8  15 60 54 53 55 30 12 26 11 52
55 10 6  15 27 30 2  35 36 32 1  51 48 42 52 3  47 34 44 39 50 43 46 54 41 31 53 4  45 33 5  25 9  29 17 7  8  40 49 19 37 24 13 21 18 28 22 16 12 38 20 11 14 26 23 0  56 60 59 58 57
48 5  44 41 37 1  39 49 12 34 15 40 8  47 46 10 35 26 51 24 54 25 32 28 19 21 17 52 23 42 36 43 22 45 9  16 30 4  53 6  11 3  29 31 2  33 14 13 0  7  55 18 27 38 20 50 59 57 60 56 58
18 45 17 4  3  50 34 8  7  29 33 12 11 41 53 16 15 2  0  20 19 55 54 24 23 37 49 28 27 9  46 32 31 10 6  36 35 25 42 40 39 13 38 44 43 1  30 48 47 26 5  52 51 14 22 21 57 56 58 60 59
34 38 11 20 32 14 46 48 53 51 31 2  26 50 5  43 37 35 54 28 3  39 42 40 45 49 12 30 19 36 27 10 4  47 0  17 29 16 1  21 23 55 22 15 52 24 6  33 7  25 13 9  44 8  18 41 60 58 57 59 56
3  2  1  0  6  7  4  5  10 11 8  9  14 15 12 13 18 19 16 17 22 23 20 21 26 27 24 25 30 31 28 29 34 35 32 33 38 39 36 37 42 43 40 41 46 47 44 45 50 51 48 49 54 55 52 53 58 59 56 57 60
