0  3  60 1  39 35 18 45 41 20 13 36 16 10 27 42 12 58 6  26 9  46 30 38 28 50 19 14 24 52 22 48 51 56 49 5  11 53 23 4  54 8  15 59 55 7  21 57 31 34 25 32 29 37 40 44 33 47 17 43 2
60 1  3  2  42 12 28 21 32 19 18 52 5  34 30 59 51 57 10 9  37 7  56 31 41 54 33 38 6  47 14 23 8  26 13 55 58 20 27 48 44 24 4  53 40 49 50 29 39 45 46 16 11 43 25 35 22 17 36 15 0
1  0  2  60 28 24 16 41 49 32 44 14 50 19 11 22 6  55 25 13 33 53 15 57 5  18 51 35 4  38 39 47 9  20 36 27 34 45 29 30 58 7  56 48 10 37 52 31 43 8  12 26 46 21 59 17 42 23 40 54 3
2  60 0  3  12 15 48 30 16 55 26 58 4  35 24 5  8  40 47 44 34 36 45 41 14 29 10 50 57 25 7  56 38 59 20 13 21 49 32 54 17 23 52 51 19 22 53 18 6  37 27 43 42 46 39 9  31 28 11 33 1
25 45 26 11 4  60 7  6  36 37 30 3  58 46 35 56 27 29 52 59 41 54 47 33 34 0  2  16 51 17 10 44 57 23 24 14 8  9  40 50 38 20 49 55 31 1  13 22 53 42 39 28 18 48 21 43 15 32 12 19 5
8  9  52 32 7  5  60 4  0  1  50 25 19 47 21 38 36 28 45 12 42 14 49 48 46 11 31 59 17 56 55 26 3  40 39 41 16 44 15 34 33 35 20 58 37 18 24 13 23 22 10 54 2  57 51 30 29 53 43 27 6
22 53 14 19 5  4  6  60 57 56 24 16 32 26 2  31 11 54 30 3  55 45 0  35 10 52 13 51 43 36 18 15 12 49 37 23 29 34 50 42 47 58 39 28 48 21 59 40 44 33 38 27 25 1  17 20 9  8  41 46 7
16 38 32 53 60 6  5  7  29 41 55 19 45 37 44 49 0  59 26 11 39 27 52 36 42 47 18 21 56 8  46 35 2  54 48 31 23 13 1  20 51 9  24 57 14 12 30 25 34 15 58 40 22 3  33 10 28 43 50 17 4
35 48 21 59 31 41 26 50 8  60 11 10 28 57 51 54 33 25 42 30 46 2  40 55 47 17 6  37 12 58 19 4  39 16 56 0  44 27 43 32 22 5  18 38 36 52 20 24 1  53 7  14 45 49 15 23 34 13 29 3  9
59 12 7  29 54 19 23 2  11 9  60 8  1  48 38 30 40 26 53 5  43 37 51 6  33 55 17 46 58 3  15 57 41 24 44 56 42 21 14 52 16 32 36 20 34 50 27 49 13 47 45 22 39 18 4  25 35 31 28 0  10
52 37 27 22 57 40 54 34 9  8  10 60 23 29 58 36 39 24 20 49 18 28 3  12 17 41 45 2  21 13 32 43 30 50 7  44 15 1  51 16 5  25 53 31 35 26 56 59 55 19 33 38 0  42 6  48 46 4  14 47 11
28 23 6  12 58 20 2  54 60 10 9  11 3  53 16 43 14 47 44 33 5  34 39 1  36 42 56 32 0  57 59 52 27 19 21 38 24 50 35 22 55 51 25 15 18 48 49 17 45 46 37 41 31 13 7  40 26 29 4  30 8
7  19 36 58 11 9  25 0  40 5  59 4  12 60 15 14 45 44 39 1  30 33 28 47 48 6  29 56 22 26 20 55 52 21 50 49 2  41 53 18 8  37 51 46 17 16 43 23 24 35 34 42 32 38 57 31 27 54 3  10 13
29 54 56 51 33 55 8  59 6  40 52 39 15 13 60 12 48 37 32 42 45 50 53 46 44 34 57 36 49 0  47 58 18 4  25 43 27 17 41 11 9  38 19 35 24 20 23 30 16 28 21 3  10 22 1  5  2  26 31 7  14
40 26 16 37 47 56 11 20 25 31 42 6  13 12 14 60 2  51 41 28 7  29 35 43 49 8  1  54 19 21 33 9  50 30 46 22 48 3  57 44 0  18 10 23 39 55 34 4  36 24 32 17 59 58 27 45 5  38 53 52 15
47 40 55 38 53 32 27 26 46 45 41 34 60 14 13 15 23 22 49 35 54 43 17 16 58 36 7  6  33 39 50 51 5  28 11 19 25 52 3  29 1  10 57 21 59 9  8  0  56 18 30 31 37 4  20 2  48 42 24 44 12
45 29 11 33 55 57 14 12 59 13 21 2  7  9  6  24 16 60 19 18 56 10 54 58 15 35 41 43 39 1  34 50 49 3  30 25 53 46 42 28 48 26 38 27 52 0  37 51 40 32 31 47 44 36 22 4  20 5  23 8  17
34 46 15 31 20 23 10 13 14 42 6  27 53 7  8  2  19 17 60 16 4  52 55 5  54 51 36 11 48 41 35 3  47 39 0  30 26 59 44 33 56 29 9  45 38 43 1  32 28 58 57 25 21 12 24 22 40 50 49 37 18
30 20 48 21 38 51 22 15 55 24 37 57 56 31 34 7  17 16 18 60 1  3  6  42 9  43 49 39 35 44 0  13 58 53 14 28 47 10 4  27 52 46 23 25 29 54 41 36 2  26 59 5  40 33 45 8  12 11 32 50 19
38 5  42 48 34 1  44 33 27 12 43 54 9  56 55 29 60 18 17 19 52 25 36 26 59 21 23 8  45 15 37 49 46 7  4  39 22 30 0  35 57 50 2  10 6  28 32 53 3  31 41 58 20 47 11 14 13 40 51 24 16
43 10 31 57 29 25 50 44 15 59 1  42 24 27 39 8  49 41 37 51 20 60 23 22 12 5  40 13 34 4  48 2  56 47 28 53 45 18 55 14 26 17 11 0  7  36 54 33 30 16 6  19 58 35 46 38 32 3  52 9  21
31 27 49 47 9  29 58 38 53 4  39 15 51 24 56 11 28 35 36 57 23 21 60 20 13 40 55 1  16 5  52 0  59 42 43 17 18 54 7  10 25 45 33 34 50 41 48 3  46 2  44 12 30 8  37 26 14 19 6  32 22
18 41 17 26 14 59 30 57 12 34 45 13 8  11 4  55 50 2  0  46 21 20 22 60 56 33 3  49 40 37 6  54 36 25 9  47 32 29 58 53 28 1  48 52 51 10 19 35 42 27 16 44 43 39 31 15 24 7  38 5  23
19 52 45 39 13 28 56 51 18 35 47 31 59 4  32 58 24 48 8  0  60 22 21 23 16 49 38 53 5  34 44 11 14 46 29 9  40 57 26 3  36 54 55 50 30 2  33 10 17 25 43 7  1  27 41 42 6  37 15 12 20
11 22 46 49 19 52 17 31 38 53 54 0  30 50 37 23 58 6  33 4  48 44 1  15 24 60 27 26 36 45 12 7  40 18 59 42 28 14 8  55 32 56 35 47 21 29 2  43 20 3  13 57 5  9  10 39 41 51 16 34 25
39 13 43 9  50 42 32 28 51 3  15 20 52 1  17 10 46 14 48 40 11 57 38 44 27 25 60 24 7  55 49 45 6  58 54 37 41 35 22 0  19 36 5  2  23 31 16 56 18 30 4  8  12 59 34 29 47 21 33 53 26
23 30 28 45 51 39 57 49 13 36 22 37 43 8  33 18 44 42 15 38 35 32 10 0  25 24 26 60 2  46 1  34 21 14 31 20 9  11 19 5  53 52 17 12 16 3  29 58 54 7  56 4  41 40 48 59 50 6  47 55 27
54 7  44 42 43 22 31 1  30 58 35 47 18 45 40 51 55 32 12 37 36 38 5  29 60 26 25 27 46 23 8  6  17 41 53 10 20 19 21 56 14 33 3  4  2  13 28 11 57 59 52 15 50 34 0  16 39 48 9  49 24
36 43 51 20 26 48 53 47 22 27 16 24 40 38 45 37 10 23 50 55 3  39 8  17 11 56 4  9  28 60 31 30 54 52 57 59 0  15 13 21 12 49 44 1  42 14 58 7  5  41 18 2  33 6  32 19 25 34 46 35 29
10 51 59 55 41 14 33 58 50 25 0  18 46 52 5  35 47 20 11 39 17 56 48 53 40 9  43 34 31 29 60 28 45 6  27 15 49 42 54 19 24 4  37 26 57 32 12 16 22 36 8  1  13 23 38 3  21 44 7  2  30
6  33 40 46 32 13 0  53 37 50 57 51 48 5  26 45 42 21 22 27 24 17 18 25 20 23 14 19 29 28 30 60 4  1  38 52 54 8  34 58 2  59 16 56 49 15 3  55 12 44 9  11 35 7  36 47 43 10 39 41 31
46 11 33 40 36 34 51 42 44 38 19 1  37 32 57 27 22 56 58 10 47 48 16 52 35 59 39 15 60 30 29 31 13 2  5  24 4  12 9  26 3  55 7  49 8  53 0  20 21 43 54 6  23 45 50 41 17 14 18 25 28
53 39 41 15 10 38 52 9  48 7  4  17 25 58 43 3  20 11 31 22 16 55 19 50 29 12 59 47 44 24 57 18 32 60 35 34 46 51 5  1  45 2  54 14 28 40 36 27 8  56 23 37 6  0  42 21 49 30 13 26 33
55 14 47 8  46 10 36 11 3  18 5  7  42 23 1  52 59 45 9  54 31 51 58 13 53 38 30 57 37 49 26 20 35 33 60 32 6  28 25 43 50 48 12 39 56 17 4  2  41 29 40 21 15 24 19 0  44 27 22 16 34
58 25 12 28 59 26 47 55 52 51 48 43 2  54 41 21 38 49 46 24 57 15 44 27 19 1  5  23 3  53 42 39 33 32 34 60 50 40 16 31 37 14 30 11 22 56 18 6  10 17 36 9  8  29 13 7  45 20 0  4  35
41 58 10 43 22 8  9  24 5  6  2  48 57 51 47 39 37 52 59 29 40 30 4  56 7  46 53 44 50 19 21 42 60 34 33 35 55 16 45 15 20 0  31 3  27 38 25 14 11 54 28 13 17 26 49 36 23 12 1  18 32
24 35 50 18 44 53 49 40 31 17 25 28 34 20 59 41 57 9  3  32 13 47 46 51 0  10 42 45 11 33 43 8  19 29 12 1  36 60 39 38 7  15 26 30 4  27 22 21 52 6  2  23 48 5  56 58 54 16 55 14 37
32 18 23 24 21 43 40 17 19 54 20 56 55 59 49 33 25 7  1  8  10 4  42 2  3  16 50 30 52 48 27 41 0  15 47 46 39 37 60 36 6  31 22 5  58 57 35 34 29 14 26 53 28 51 9  12 11 45 44 13 38
26 21 54 5  52 3  20 27 47 57 46 45 17 49 31 32 30 12 40 23 6  1  33 19 43 58 0  7  41 59 16 14 15 22 42 48 37 36 38 60 18 28 34 24 53 11 10 8  35 13 55 56 4  44 2  50 51 9  25 29 39
50 8  58 41 25 31 46 14 1  49 28 53 27 22 7  19 21 43 56 15 44 16 13 54 51 4  34 12 10 35 40 5  48 45 26 29 60 38 37 39 30 3  59 17 20 33 6  52 32 9  0  24 47 11 23 57 18 55 2  42 36
27 59 39 56 18 50 34 23 28 48 33 49 22 16 54 44 13 31 4  21 53 19 12 7  45 57 35 0  8  32 58 17 29 10 6  26 51 47 52 2  40 60 43 42 15 24 55 37 9  11 5  36 38 20 14 46 3  25 30 1  41
5  56 9  54 17 0  21 32 35 2  36 30 31 28 46 25 52 4  34 53 29 6  24 39 22 15 44 48 13 20 11 12 7  57 18 8  10 55 49 23 43 41 60 40 26 58 14 50 27 38 47 59 16 19 3  37 1  33 45 51 42
57 49 13 50 45 11 59 35 23 26 58 5  21 2  53 47 34 36 55 56 25 12 29 8  31 20 9  52 32 22 38 24 28 51 16 7  17 48 30 46 41 40 42 60 54 4  39 15 37 1  3  33 27 14 44 18 19 0  10 6  43
9  6  18 13 16 44 1  22 24 0  49 21 29 3  50 34 4  33 2  31 59 11 7  32 8  48 46 55 53 12 54 19 23 17 15 51 56 58 47 45 60 42 41 43 5  39 26 38 25 10 14 35 57 28 30 27 36 52 37 20 40
33 15 35 6  8  58 3  39 4  22 27 29 38 21 20 1  41 53 57 48 14 13 9  49 50 30 52 10 54 11 25 36 42 0  51 2  31 43 12 7  59 16 32 37 44 60 47 46 19 23 24 34 26 17 28 56 55 18 5  40 45
12 42 57 10 49 54 41 16 34 30 3  35 0  36 19 50 7  39 51 14 27 58 26 37 32 53 22 20 55 40 9  59 24 43 8  11 13 23 48 17 29 6  1  33 47 45 60 44 38 4  15 18 56 25 5  28 52 2  21 31 46
48 57 5  7  23 2  42 3  54 28 51 40 26 33 18 20 35 50 14 36 15 31 32 4  52 37 12 58 9  43 53 21 22 13 41 16 19 25 56 59 11 34 6  29 45 44 46 60 0  55 17 10 24 30 8  49 38 1  27 39 47
42 16 20 36 35 30 37 56 43 39 12 32 10 55 22 57 1  27 21 41 2  18 14 59 38 28 48 17 25 51 5  33 11 31 40 4  3  6  24 9  34 19 0  8  60 46 45 47 26 52 53 29 49 50 58 13 7  15 54 23 44
21 32 25 44 15 17 19 10 39 16 7  38 20 40 52 4  9  5  43 6  12 0  37 28 30 2  58 33 23 42 24 46 1  27 55 45 59 22 11 8  13 57 29 18 3  35 31 54 48 60 51 50 14 56 47 34 53 41 26 36 49
17 4  53 14 1  27 29 18 21 52 31 55 54 41 3  26 56 0  7  43 32 8  59 30 37 44 15 5  38 6  23 10 20 36 58 57 33 24 28 47 46 13 45 19 25 42 40 39 51 49 60 48 9  2  12 11 16 35 34 22 50
4  17 34 52 0  33 55 29 58 15 40 26 36 44 23 9  54 1  35 47 38 24 31 14 21 39 11 42 59 7  45 22 43 5  2  18 12 56 20 25 10 53 27 32 13 30 57 19 49 48 50 60 3  41 16 6  37 46 8  28 51
37 47 4  35 2  45 15 36 17 44 56 59 33 43 25 6  29 8  54 52 58 42 34 40 55 14 28 31 26 16 41 27 53 12 22 3  7  0  46 57 23 30 21 13 9  5  38 1  60 50 49 51 19 32 18 24 10 39 20 11 48
13 31 24 27 40 46 12 43 56 47 29 23 6  0  36 28 26 30 38 58 51 35 57 11 2  32 16 3  15 10 17 1  25 37 45 21 14 33 18 49 4  44 50 7  41 34 5  9  59 39 42 20 52 60 55 54 8  22 19 48 53
51 28 8  30 56 16 43 46 2  33 14 22 44 39 10 48 5  38 24 50 26 49 11 34 18 31 20 29 1  27 3  25 37 9  23 40 57 32 17 13 35 47 58 6  12 59 7  41 15 21 19 0  55 53 60 52 4  36 42 45 54
14 34 29 23 37 18 24 19 20 21 17 33 35 25 0  46 31 10 5  7  8  9  50 3  6  13 47 40 42 2  56 16 44 11 1  12 43 4  59 41 27 39 28 36 32 51 15 26 58 57 22 45 53 52 54 60 30 49 48 38 55
56 36 22 25 27 47 38 48 42 29 34 46 41 30 28 17 43 15 23 45 50 59 2  18 57 3  32 4  14 9  13 37 26 44 10 58 1  31 6  51 49 12 8  16 33 19 11 5  7  40 20 39 60 54 53 55 0  24 35 21 52
44 24 19 17 48 21 35 25 45 23 38 50 39 42 29 53 32 3  27 2  49 5  41 9  1  7  37 18 47 14 36 40 16 55 52 6  30 26 10 12 31 22 13 54 0  8  51 28 4  20 11 46 34 15 43 33 56 60 59 58 57
15 50 37 34 30 36 13 52 26 14 32 44 49 6  9  0  53 46 29 25 28 40 43 45 39 19 8  41 20 18 4  38 10 48 3  54 5  2  31 24 21 27 47 22 11 23 17 42 33 12 1  55 7  16 35 51 59 57 60 56 58
49 55 30 4  3  37 45 8  7  46 53 12 11 18 42 16 15 34 13 20 19 41 25 24 23 22 54 28 27 50 2  32 31 38 17 36 35 5  33 40 39 21 14 44 43 6  9  48 47 0  29 52 51 10 26 1  57 56 58 60 59
20 44 38 16 24 49 39 37 33 43 23 41 47 17 48 40 3  13 28 34 0  26 27 10 4  45 21 22 18 54 51 53 55 8  19 50 52 7  2  6  15 11 46 9  1  25 42 12 14 5  35 30 36 31 29 32 60 58 57 59 56
3  2  1  0  6  7  4  5  10 11 8  9  14 15 12 13 18 19 16 17 22 23 20 21 26 27 24 25 30 31 28 29 34 35 32 33 38 39 36 37 42 43 40 41 46 47 44 45 50 51 48 49 54 55 52 53 58 59 56 57 60
