0  3  60 1  26 42 44 16 28 13 45 37 32 9  24 41 7  30 50 25 53 59 48 36 14 19 4  38 8  52 17 55 12 43 40 56 23 11 27 46 34 15 5  33 6  10 39 49 22 47 18 58 29 20 57 31 35 54 51 21 2
60 1  3  2  13 23 24 21 17 26 19 15 52 4  31 11 48 8  30 10 43 7  49 5  6  41 9  29 54 27 18 14 56 57 36 53 34 40 42 59 37 25 38 20 51 58 50 55 16 22 46 44 12 35 28 47 32 33 45 39 0
1  0  2  60 31 52 47 55 30 17 20 35 36 24 42 54 32 9  27 48 10 40 46 38 13 51 59 18 57 49 8  4  16 37 45 11 12 33 23 43 21 44 14 39 41 34 22 6  19 29 58 25 5  56 15 7  53 28 50 26 3
2  60 0  3  40 46 33 24 38 22 50 59 54 45 28 32 43 29 56 27 34 36 9  51 7  30 52 19 14 17 25 35 15 6  20 31 21 53 8  58 4  55 47 16 49 13 5  42 57 44 10 23 26 37 12 41 18 48 39 11 1
22 29 17 39 4  60 7  6  45 31 51 32 28 27 52 49 33 2  55 43 54 46 0  47 57 53 48 13 12 1  35 9  11 16 37 30 50 34 44 3  58 56 59 19 38 8  21 23 26 15 36 10 14 25 20 18 41 24 40 42 5
13 35 41 57 7  5  60 4  24 42 28 36 40 0  21 18 39 22 15 37 58 14 17 53 8  49 31 30 10 33 27 26 55 29 51 1  11 19 47 16 12 2  9  45 52 43 48 38 46 25 56 34 44 23 59 32 50 3  20 54 6
40 28 25 9  5  4  6  60 49 3  15 20 55 53 46 10 27 21 58 56 11 17 33 41 54 2  35 16 1  43 42 59 36 22 44 26 32 48 50 45 0  23 30 29 34 39 14 51 37 8  38 47 57 13 24 12 19 52 18 31 7
53 41 33 47 60 6  5  7  35 48 22 56 43 17 38 34 20 13 52 44 16 25 10 40 42 21 28 50 26 39 54 45 59 2  15 8  58 55 14 29 23 1  24 12 19 31 49 3  9  46 27 57 18 0  30 37 11 51 36 32 4
43 50 59 20 14 39 19 36 8  60 11 10 18 40 4  23 24 46 12 6  3  37 42 15 16 57 30 54 33 55 26 47 41 28 38 58 7  21 34 5  13 32 22 0  48 52 17 31 44 56 1  53 45 51 27 29 49 25 35 2  9
5  55 4  33 2  0  22 54 11 9  60 8  44 42 40 21 58 31 57 46 28 15 6  56 41 37 47 39 20 34 48 17 49 3  29 50 51 25 53 27 14 24 13 52 12 59 19 26 30 32 35 36 43 38 7  1  23 18 16 45 10
27 31 36 16 18 25 37 29 9  8  10 60 20 23 19 48 3  35 4  14 12 30 39 13 44 5  58 0  49 7  21 1  54 41 42 17 2  6  45 22 57 33 34 50 24 38 52 56 15 28 43 55 46 59 32 51 47 40 26 53 11
14 44 27 41 46 45 57 13 60 10 9  11 47 7  0  51 38 56 35 54 52 32 31 28 37 34 40 2  23 42 49 22 21 53 25 18 43 24 16 50 26 3  29 36 1  5  4  12 58 30 39 15 20 33 19 59 17 6  48 55 8
19 39 10 31 37 27 38 49 22 56 2  48 12 60 15 14 45 51 42 0  36 53 8  44 33 32 57 5  34 41 40 3  25 24 28 54 20 4  6  1  30 29 18 46 23 16 43 58 11 7  55 17 59 21 35 50 9  26 47 52 13
42 27 46 25 29 9  58 56 47 5  32 17 15 13 60 12 35 11 53 36 26 43 24 54 22 3  20 1  48 4  45 40 10 59 55 16 19 50 41 51 31 38 0  21 57 30 2  8  28 52 37 39 49 18 23 34 7  44 6  33 14
37 10 58 18 45 33 23 32 52 36 1  24 13 12 14 60 44 26 3  31 35 29 54 6  11 48 17 53 56 21 57 19 7  5  49 20 9  0  59 55 51 46 50 47 16 4  41 43 25 34 42 40 8  27 22 39 28 30 2  38 15
30 51 39 26 59 47 48 27 57 58 37 44 60 14 13 15 21 41 38 35 31 16 53 25 36 23 3  7  40 56 0  20 52 46 50 19 24 10 18 2  28 17 49 54 11 55 33 5  6  42 34 1  32 22 43 45 29 8  9  4  12
20 34 57 50 47 8  59 53 5  15 43 26 41 52 54 9  16 60 19 18 0  58 44 33 39 55 11 31 32 45 46 27 28 23 1  49 48 51 40 24 38 12 56 10 22 29 30 4  36 35 3  37 13 7  14 25 42 2  21 6  17
15 46 31 37 9  32 39 11 50 4  40 7  24 56 49 0  19 17 60 16 42 45 55 48 12 58 34 44 36 53 41 2  5  51 26 57 28 3  54 6  10 30 20 59 27 21 1  52 23 14 8  33 47 29 38 22 13 35 25 43 18
59 20 11 28 51 38 13 40 42 34 55 2  22 6  56 47 17 16 18 60 1  50 12 52 32 39 54 35 3  57 43 49 24 44 9  27 46 41 5  25 7  37 8  30 33 48 36 15 45 31 21 4  23 58 26 10 14 29 53 0  19
32 14 21 23 57 58 49 26 56 53 31 29 25 33 1  55 60 18 17 19 37 2  50 3  43 12 7  51 44 11 52 10 0  13 47 45 59 20 46 41 48 39 54 24 28 35 38 34 40 6  22 27 30 9  42 15 8  4  5  36 16
7  30 12 38 41 19 52 0  34 59 36 57 2  39 25 33 53 44 43 5  20 60 23 22 40 14 51 42 45 50 1  46 47 15 8  48 10 58 3  13 24 4  27 18 17 28 31 32 35 55 29 26 6  16 56 49 54 11 37 9  21
18 25 48 49 11 29 45 41 54 16 56 4  57 55 33 58 9  39 0  40 23 21 60 20 52 1  53 37 35 5  47 38 46 14 43 28 44 27 31 17 19 7  51 34 36 6  32 30 2  3  59 42 24 26 8  13 10 12 15 50 22
26 58 13 6  48 55 3  39 18 33 29 25 42 2  16 40 14 32 8  30 21 20 22 60 46 11 0  57 53 10 19 34 17 9  31 37 41 35 43 7  15 36 12 38 54 49 24 59 4  45 52 56 50 28 44 5  51 27 1  47 23
31 53 49 27 16 35 46 18 25 12 54 39 9  32 41 57 4  59 7  51 60 22 21 23 34 8  42 3  50 38 58 0  13 47 24 5  55 45 29 11 52 14 26 48 56 37 6  33 43 2  28 19 40 1  10 36 44 15 30 17 20
11 54 22 42 19 16 28 47 39 35 53 0  51 46 37 56 5  33 45 4  55 31 2  30 24 60 27 26 6  36 23 21 48 17 58 9  29 14 52 8  49 50 3  57 59 18 13 7  32 40 41 12 38 10 1  20 15 43 34 44 25
12 7  47 45 36 28 51 1  15 43 49 31 0  30 35 8  56 38 44 32 48 41 34 57 27 25 60 24 5  59 13 11 19 39 22 14 4  52 17 33 46 21 55 9  18 3  40 2  20 10 53 6  37 50 58 42 16 23 54 29 26
48 47 8  32 22 56 43 44 2  55 41 38 21 51 34 52 40 49 46 28 39 12 4  45 25 24 26 60 19 35 59 50 3  58 14 29 54 42 11 20 16 10 37 6  7  23 18 1  0  17 31 13 15 57 36 9  5  53 33 30 27
45 4  35 51 1  40 31 34 21 32 38 18 30 29 47 50 59 20 11 23 17 8  41 19 60 26 25 27 46 13 12 6  9  48 7  2  57 54 10 49 5  22 44 53 42 0  28 14 33 39 15 3  56 43 37 58 52 36 55 16 24
33 24 16 56 34 49 54 19 43 45 25 50 37 38 18 22 2  47 14 7  59 51 15 39 1  10 44 55 28 60 31 30 57 0  4  42 52 12 13 23 53 48 35 8  26 9  58 17 41 5  11 21 36 40 6  27 3  32 46 20 29
51 13 23 53 27 14 26 22 48 18 39 54 16 1  5  24 12 37 9  42 32 33 7  2  15 40 6  4  31 29 60 28 20 21 57 43 56 17 49 10 25 45 19 35 55 41 59 50 8  38 47 0  58 3  11 44 36 34 52 46 30
41 43 26 13 44 12 32 9  59 7  47 53 5  3  39 17 51 15 20 50 18 56 52 34 58 45 2  40 29 28 30 60 6  49 23 38 42 46 35 14 27 0  36 1  4  25 37 10 54 33 19 16 22 11 48 57 21 55 24 8  31
36 19 9  54 17 50 16 57 13 2  14 34 35 8  10 46 6  4  37 1  33 52 25 55 38 22 56 59 60 30 29 31 43 20 11 12 0  18 24 42 47 49 39 32 58 51 15 40 53 41 5  45 21 48 3  23 26 7  44 27 28
25 40 28 52 21 22 42 38 53 39 23 46 19 54 59 26 57 55 48 12 50 4  5  10 45 0  15 49 2  47 36 44 32 60 35 34 30 56 7  9  1  51 6  58 31 24 11 29 18 27 20 41 3  8  13 17 37 16 43 14 33
8  42 55 22 23 21 9  37 0  6  26 30 17 36 29 31 47 12 25 59 46 5  3  4  51 18 10 52 43 14 11 15 35 33 60 32 13 7  57 44 50 58 1  28 39 54 20 16 56 53 40 24 27 49 45 2  48 38 41 19 34
6  48 56 8  12 54 0  50 3  57 46 22 4  21 17 27 36 14 29 39 38 13 11 58 30 31 49 15 37 18 24 25 33 32 34 60 16 28 20 19 44 47 52 55 40 53 10 41 1  26 7  59 42 45 5  43 2  9  23 51 35
46 23 18 12 38 53 29 58 36 41 57 27 3  49 48 45 52 40 2  55 25 42 47 1  50 20 43 11 51 6  44 54 60 34 33 35 8  59 4  56 17 9  21 26 30 15 0  22 14 13 24 28 16 5  31 19 39 10 7  37 32
55 16 20 44 53 43 30 35 58 40 12 45 10 59 51 29 1  52 26 33 2  49 27 31 56 50 18 22 47 15 6  23 42 19 48 7  36 60 39 38 9  57 32 5  3  11 54 28 34 21 25 14 17 4  46 0  24 41 8  13 37
24 32 7  29 28 20 15 2  27 52 48 14 34 44 11 6  30 53 49 58 5  54 59 26 0  43 23 8  4  3  16 41 1  55 12 47 39 37 60 36 56 31 45 25 13 42 51 35 10 18 57 46 9  17 21 33 40 50 19 22 38
10 33 29 34 30 15 55 59 20 19 0  40 50 48 32 5  26 58 47 9  8  24 56 49 21 54 16 45 41 2  4  52 14 1  3  44 37 36 38 60 11 28 57 51 35 27 53 18 13 23 12 43 31 46 25 6  22 42 17 7  39
35 52 54 40 58 24 21 10 16 49 7  28 59 26 57 43 8  45 33 47 51 6  29 50 5  44 13 32 11 22 55 48 27 18 41 0  60 38 37 39 3  34 53 15 25 17 56 19 31 9  23 20 1  42 2  30 46 14 4  12 36
44 56 19 58 39 30 34 52 31 51 35 16 27 47 36 53 11 57 23 2  49 48 28 18 55 59 38 12 22 46 5  8  37 54 6  10 14 32 26 4  40 60 43 42 0  50 29 13 21 20 45 9  7  15 33 24 1  17 3  25 41
17 21 52 59 54 44 14 25 51 50 58 55 45 28 6  30 29 0  31 34 56 1  57 46 35 7  33 36 13 16 15 18 53 26 19 24 27 49 48 47 43 41 60 40 5  12 23 39 38 37 9  8  2  32 4  11 20 22 10 3  42
9  57 50 7  15 13 36 3  12 0  52 19 8  5  58 4  25 27 22 11 44 28 18 37 47 16 45 17 21 54 32 53 30 38 46 51 6  23 33 48 41 40 42 60 20 26 34 24 39 59 2  35 10 31 29 56 55 1  14 49 43
28 18 15 10 24 11 35 46 33 37 3  5  49 34 27 2  50 23 1  57 30 55 51 17 4  52 29 14 0  26 20 58 44 8  13 6  45 9  56 54 60 42 41 43 32 36 7  53 59 12 16 22 25 47 39 21 38 19 31 48 40
34 15 5  21 35 2  40 28 29 23 59 51 56 50 22 1  54 42 39 26 27 3  14 9  53 33 19 20 7  8  38 43 58 25 0  4  49 57 30 18 6  52 17 31 44 60 47 46 55 36 13 11 41 24 16 48 12 37 32 10 45
38 22 53 30 52 36 17 51 14 20 27 43 29 25 8  19 41 6  32 15 9  39 1  42 48 13 37 10 59 12 3  57 18 40 56 55 5  26 0  21 33 16 23 11 47 45 60 44 24 58 54 7  4  2  50 35 34 31 49 28 46
56 8  24 48 32 57 41 12 1  38 42 21 7  22 23 20 37 50 54 53 15 11 13 14 2  29 36 58 55 25 51 33 4  31 52 39 26 16 9  35 59 6  10 49 45 44 46 60 3  43 17 30 34 19 18 28 0  5  27 40 47
57 9  51 24 33 18 25 42 40 1  21 58 48 31 53 38 23 36 5  41 29 10 37 16 3  6  55 43 52 20 56 13 50 4  39 59 17 22 15 34 8  19 7  27 60 46 45 47 12 54 32 2  28 14 49 26 30 0  11 35 44
4  36 40 5  0  3  10 30 55 54 6  47 58 41 20 37 34 43 24 21 14 19 26 59 18 35 22 56 38 44 7  42 45 52 16 25 1  15 28 53 2  13 31 17 29 32 57 11 48 60 51 50 33 39 9  8  27 46 12 23 49
54 45 38 36 42 10 56 43 19 27 5  33 46 16 26 59 13 34 41 8  24 44 58 29 20 28 14 9  25 23 53 37 39 11 17 52 3  31 2  32 55 18 4  7  21 1  12 57 51 49 60 48 35 30 0  40 6  47 22 15 50
21 17 14 43 25 26 12 15 46 24 16 23 6  57 2  7  10 1  59 52 47 0  30 11 9  4  5  34 39 32 22 56 29 45 27 41 53 44 55 28 54 35 58 3  37 33 8  20 49 48 50 60 19 36 40 38 31 13 42 18 51
52 11 6  19 55 59 2  31 32 14 18 1  33 20 9  44 46 24 10 3  13 35 38 27 17 47 39 23 42 58 37 7  8  12 54 21 40 30 22 26 36 53 28 56 15 57 16 25 60 50 49 51 0  41 34 4  43 45 29 5  48
58 59 44 15 8  41 11 23 4  25 34 6  39 35 45 3  49 28 40 22 57 38 19 7  31 9  32 48 17 51 50 24 26 56 10 13 47 43 21 12 18 5  46 37 2  14 42 36 27 16 30 29 52 60 55 54 33 20 0  1  53
16 5  34 17 50 1  18 20 41 46 44 49 26 58 43 28 0  3  6  38 7  57 40 35 59 36 12 47 15 37 33 39 51 30 2  23 25 29 19 31 22 8  48 14 10 56 9  27 42 11 4  32 55 53 60 52 45 21 13 24 54
47 6  43 35 56 51 1  48 37 30 13 42 31 10 44 39 22 25 36 29 41 27 16 32 28 17 46 21 24 19 9  12 23 50 59 3  18 8  58 15 45 20 11 2  14 40 26 0  7  57 33 5  53 52 54 60 4  49 38 34 55
23 26 37 11 10 17 50 33 44 47 4  3  38 43 30 35 42 5  51 45 40 34 32 0  49 56 1  46 58 48 14 36 22 7  21 15 31 2  12 57 20 59 16 13 8  19 27 9  29 24 6  18 60 54 53 55 25 39 28 41 52
39 37 45 14 20 31 8  17 6  44 30 13 23 11 3  36 55 7  28 49 4  47 43 12 29 42 50 33 18 24 10 5  40 27 53 46 15 1  51 0  32 54 25 22 9  2  35 21 52 19 26 38 48 34 41 16 56 60 59 58 57
49 38 32 46 43 48 20 45 23 29 17 52 53 37 55 25 28 10 34 24 6  26 36 8  19 15 21 41 16 9  39 51 2  42 18 40 22 13 1  30 35 27 33 4  50 7  3  54 5  0  44 31 11 12 47 14 59 57 60 56 58
29 49 42 4  3  37 53 8  7  21 33 12 11 18 50 16 15 54 13 20 19 9  45 24 23 38 41 28 27 0  34 32 31 10 30 36 35 5  25 40 39 26 2  44 43 22 55 48 47 1  14 52 51 6  17 46 57 56 58 60 59
50 12 30 55 49 34 27 14 26 28 24 41 1  19 7  42 31 48 21 13 45 18 35 43 10 46 8  6  9  40 2  16 38 36 5  22 33 47 32 52 29 11 15 23 53 20 25 37 17 4  0  54 39 44 51 3  60 58 57 59 56
3  2  1  0  6  7  4  5  10 11 8  9  14 15 12 13 18 19 16 17 22 23 20 21 26 27 24 25 30 31 28 29 34 35 32 33 38 39 36 37 42 43 40 41 46 47 44 45 50 51 48 49 54 55 52 53 58 59 56 57 60
