0  3  60 1  39 31 23 36 52 43 14 41 50 22 10 59 57 45 28 46 29 33 13 6  32 37 53 40 18 20 51 5  24 21 38 42 7  25 34 4  27 11 35 9  54 17 19 55 58 56 12 30 8  26 44 47 49 16 48 15 2
60 1  3  2  57 17 35 51 45 34 55 20 53 58 44 36 33 5  49 40 11 47 30 26 43 31 23 59 37 46 22 25 56 16 9  6  15 28 52 42 19 48 39 24 14 8  29 21 41 18 54 7  38 12 50 10 32 4  13 27 0
1  0  2  60 29 47 53 25 22 30 19 13 17 11 34 57 48 12 51 10 54 55 8  52 37 7  49 32 38 4  9  56 27 39 14 40 41 24 28 33 35 36 45 58 50 42 59 5  16 26 44 18 23 6  20 21 31 15 43 46 3
2  60 0  3  15 35 47 9  48 7  51 23 37 26 57 4  58 24 29 50 32 30 27 11 17 59 13 22 54 18 21 42 20 45 41 5  40 12 56 52 36 34 31 46 53 33 43 6  8  55 19 10 39 44 28 49 38 14 16 25 1
17 41 52 16 4  60 7  6  20 31 49 22 43 27 50 58 3  0  21 59 8  18 11 29 42 28 35 13 25 23 44 9  54 53 55 26 47 40 51 45 37 1  24 12 30 39 56 36 57 10 14 38 2  33 32 34 46 48 15 19 5
38 30 10 14 7  5  60 4  16 46 2  50 32 36 3  55 8  22 24 47 53 56 17 33 18 43 39 41 45 42 1  34 12 23 31 57 13 59 0  26 58 27 29 25 51 28 9  19 54 52 11 44 49 20 48 15 21 35 40 37 6
10 31 51 41 5  4  6  60 13 15 0  29 58 8  23 9  28 54 53 56 42 49 24 14 22 35 55 39 16 11 59 1  50 44 47 25 52 45 46 27 57 3  20 48 33 37 38 34 43 21 32 2  36 18 17 26 19 40 12 30 7
26 39 34 24 60 6  5  7  37 17 56 32 35 57 25 31 29 9  20 52 18 58 48 47 3  14 0  46 43 16 49 15 11 54 2  12 53 8  45 1  59 50 51 28 55 38 27 23 22 30 41 42 19 36 33 44 10 13 21 40 4
35 43 36 44 50 12 59 21 8  60 11 10 5  30 20 38 32 40 25 54 14 7  41 55 45 18 46 31 57 51 13 27 16 49 56 0  2  58 15 47 17 22 52 1  3  24 26 39 53 33 4  29 42 48 19 23 34 28 37 6  9
22 54 42 17 18 20 19 24 11 9  60 8  59 43 27 56 35 3  4  6  5  31 0  44 7  52 33 14 48 55 45 21 40 26 50 16 49 41 47 57 32 37 2  13 23 30 53 38 28 36 34 58 25 46 1  29 15 39 51 12 10
23 33 47 36 28 19 14 20 9  8  10 60 41 42 6  37 55 27 56 5  7  45 59 0  31 49 29 17 4  26 46 24 38 1  58 48 3  15 32 54 51 12 13 53 57 21 30 2  35 25 52 40 50 43 39 16 18 44 34 22 11
59 38 40 54 33 21 58 55 60 10 9  11 29 35 24 41 49 36 30 57 52 5  53 28 14 48 43 37 23 12 18 47 44 4  42 13 17 27 1  46 2  15 34 26 32 51 39 31 25 16 56 45 20 22 3  7  50 19 6  0  8
28 19 26 42 51 16 11 46 32 44 54 6  12 60 15 14 5  49 50 1  30 36 52 59 34 45 2  35 0  58 20 37 8  48 24 27 21 31 43 41 53 39 3  38 9  25 7  57 33 17 18 4  22 40 10 56 55 47 29 23 13
9  18 35 19 34 45 30 54 59 0  32 40 15 13 60 12 39 37 1  3  44 25 43 51 48 21 50 55 36 47 6  46 10 57 4  2  28 17 42 16 11 53 38 22 20 5  31 29 24 58 26 23 56 41 7  27 52 33 49 8  14
6  37 7  35 8  57 0  2  4  36 23 39 13 12 14 60 31 59 48 55 50 29 54 10 46 34 38 49 44 21 41 16 43 51 25 3  9  1  26 11 52 30 47 32 28 58 24 42 18 27 20 33 40 56 22 19 53 5  45 17 15
11 29 32 58 16 24 56 48 49 19 43 0  60 14 13 15 4  21 55 9  51 17 31 35 5  54 34 57 47 1  40 22 2  38 26 23 46 53 33 50 30 59 44 10 42 52 36 28 7  8  39 20 45 37 25 18 6  27 3  41 12
37 10 46 15 58 32 22 41 12 47 1  34 8  44 52 3  16 60 19 18 39 51 6  45 28 57 54 53 24 50 36 40 5  55 11 38 30 0  35 20 31 7  49 56 13 23 2  9  59 42 29 21 14 27 26 33 43 25 4  48 17
39 22 49 7  45 30 46 3  55 24 50 25 26 47 51 42 19 17 60 16 57 44 1  40 9  11 12 52 41 37 5  53 58 59 43 56 48 29 54 0  23 28 15 34 21 4  6  13 36 2  10 14 27 31 38 8  35 20 32 33 18
12 58 6  33 31 15 2  10 39 21 7  27 0  49 38 5  17 16 18 60 56 9  40 42 55 47 48 11 50 45 37 4  52 3  44 43 57 30 14 8  22 46 23 35 34 29 41 25 26 13 28 53 32 51 59 24 20 36 1  54 19
21 53 5  26 42 2  15 43 27 56 47 45 40 50 41 6  60 18 17 19 36 0  49 37 59 44 3  8  52 38 55 54 39 46 48 58 20 23 29 32 12 14 4  7  25 11 33 10 34 22 13 57 28 1  31 30 9  51 35 24 16
40 52 37 59 14 46 55 56 50 53 18 38 33 16 4  28 13 34 10 35 20 60 23 22 54 32 42 29 15 27 48 49 25 12 17 19 58 2  11 44 0  45 26 57 39 41 5  51 30 31 8  47 1  9  24 6  7  43 36 3  21
46 27 38 52 9  50 57 37 58 4  35 56 34 41 43 44 54 42 31 33 23 21 60 20 36 53 51 1  55 32 39 18 29 19 12 10 24 7  2  30 49 13 17 14 15 48 0  59 45 40 5  26 3  25 16 28 11 6  8  47 22
43 5  41 38 53 1  28 15 36 13 26 33 47 9  58 7  24 30 44 32 21 20 22 60 16 42 10 56 6  59 17 48 19 11 40 51 8  55 3  49 34 2  25 0  18 54 50 12 31 39 46 35 57 4  45 37 27 52 14 29 23
14 32 4  28 2  43 10 30 17 12 6  54 9  31 0  39 53 8  57 34 60 22 21 23 41 33 56 45 3  52 7  13 1  25 19 50 42 48 58 15 55 24 36 5  59 27 51 49 37 47 35 46 29 16 11 40 26 18 38 44 20
51 8  20 9  19 55 16 17 1  3  44 46 21 56 39 18 6  7  15 4  2  12 28 38 24 60 27 26 22 53 32 57 30 47 36 49 34 54 23 14 50 58 59 45 10 43 11 33 52 35 40 0  48 29 37 5  13 31 41 42 25
16 6  14 20 10 23 1  34 47 51 4  36 55 53 2  30 0  48 39 38 3  41 50 5  27 25 60 24 49 44 15 35 59 43 7  31 11 57 19 18 54 21 46 33 29 56 42 8  17 28 22 9  58 13 40 12 45 37 52 32 26
36 56 17 50 44 40 20 53 57 41 59 31 49 19 18 52 21 2  14 13 6  16 29 32 25 24 26 60 46 22 35 11 23 37 45 30 0  33 48 58 5  9  55 47 4  34 28 43 38 12 3  54 15 7  51 42 1  8  39 10 27
20 47 15 56 55 51 43 12 54 49 52 30 7  34 36 2  23 50 37 31 0  59 38 16 60 26 25 27 42 40 11 19 57 58 13 46 14 18 22 48 29 44 28 6  41 53 35 1  39 9  17 5  10 45 8  4  3  32 33 21 24
50 14 21 11 49 13 24 19 26 40 25 3  18 5  1  51 22 56 12 7  47 2  16 54 6  10 8  33 28 60 31 30 48 27 53 41 45 44 55 59 9  35 58 52 37 36 57 20 32 4  0  15 43 34 23 38 17 46 42 39 29
27 36 23 45 52 54 12 50 34 39 22 58 6  17 32 46 41 13 33 25 40 43 10 2  49 19 59 0  31 29 60 28 14 18 8  53 1  47 44 9  20 16 48 21 38 3  15 37 42 24 7  56 4  35 5  57 51 55 11 26 30
24 17 45 39 26 22 8  47 6  42 58 37 48 59 19 54 56 1  27 14 33 52 5  49 0  40 4  18 29 28 30 60 51 20 46 44 43 11 57 3  25 55 9  36 35 2  34 7  12 23 53 32 21 50 15 41 16 38 10 13 31
34 35 33 12 21 38 25 22 19 18 57 43 3  51 40 48 52 58 9  8  45 4  7  46 44 6  47 54 60 30 29 31 53 2  0  1  55 42 5  56 14 49 37 11 24 20 23 26 15 41 59 13 16 32 27 36 39 10 17 50 28
30 26 57 25 47 8  45 44 5  28 42 55 16 38 21 27 12 31 41 49 59 14 39 56 51 3  1  15 9  43 0  17 32 60 35 34 54 50 13 22 48 18 10 29 7  6  52 4  40 19 37 24 46 58 36 11 23 2  53 20 33
19 55 56 29 22 25 52 13 15 37 16 53 30 7  17 8  10 14 45 0  48 46 4  43 40 5  41 42 58 3  12 39 35 33 60 32 44 9  49 31 24 26 27 23 36 18 21 50 20 38 47 59 6  11 57 1  2  54 28 51 34
5  50 25 6  27 0  3  14 51 54 30 49 36 55 7  45 42 57 22 37 43 24 18 48 21 2  52 4  39 56 10 38 33 32 34 60 12 19 31 28 44 47 16 20 40 15 58 41 23 11 1  8  26 59 9  13 29 17 46 53 35
52 25 11 57 30 14 31 27 42 38 45 2  46 40 5  50 47 28 54 36 58 48 55 39 29 1  44 7  17 24 4  6  60 34 33 35 19 51 9  23 13 56 8  59 26 10 12 16 21 53 15 37 0  49 18 22 41 3  20 43 32
53 46 22 51 32 28 33 26 41 27 40 48 24 45 49 29 43 25 23 58 35 34 2  18 12 17 7  9  5  15 56 50 4  6  21 20 36 60 39 38 10 8  57 16 52 13 1  54 11 14 31 3  44 0  47 59 30 42 19 55 37
57 44 54 31 46 49 32 58 21 26 53 18 42 29 28 43 25 47 11 48 24 8  35 34 20 16 9  30 14 13 27 3  6  41 23 22 39 37 60 36 56 33 12 15 1  50 4  17 19 5  45 55 59 10 2  51 40 0  7  52 38
31 20 55 27 12 34 17 40 33 16 13 52 4  10 48 49 9  6  26 44 1  28 56 41 58 29 18 3  21 25 53 0  42 8  5  47 37 36 38 60 7  23 32 51 19 59 54 35 14 15 57 43 11 30 46 2  22 50 24 45 39
45 51 31 21 17 58 48 42 25 55 12 24 10 20 46 35 44 4  47 22 13 3  19 50 11 8  40 43 53 57 52 2  49 56 59 15 60 38 37 39 26 54 7  27 16 0  14 18 6  32 23 1  30 28 41 9  33 29 5  34 36
29 12 13 10 56 39 21 45 23 48 3  35 1  2  16 25 14 55 34 53 27 6  44 8  47 15 58 20 32 0  54 52 28 50 18 11 51 46 59 5  40 60 43 42 22 7  37 24 9  57 33 36 31 19 30 17 4  49 26 38 41
15 57 8  47 48 44 34 29 2  33 39 59 54 25 55 0  50 35 52 30 31 53 36 58 38 13 37 51 56 7  19 20 46 9  6  17 22 26 24 10 43 41 60 40 5  49 32 3  4  45 16 27 18 21 12 14 28 1  23 11 42
8  7  30 37 59 48 26 1  0  45 38 16 31 32 56 21 11 44 36 24 55 15 46 57 19 50 6  58 33 54 2  12 13 28 49 52 18 3  10 51 41 40 42 60 17 9  22 53 5  34 25 39 35 47 29 20 14 23 27 4  43
13 45 44 55 38 33 39 52 24 22 37 47 51 0  29 53 30 20 59 28 17 32 9  25 8  23 31 48 19 14 16 26 21 5  57 54 56 10 4  6  60 42 41 43 2  1  49 11 27 46 58 12 7  15 35 3  36 34 50 18 40
56 28 58 48 35 27 36 11 53 59 31 7  23 39 37 17 20 15 40 29 16 42 34 12 57 38 30 5  1  19 26 10 55 52 22 4  6  14 25 13 18 51 21 50 44 60 47 46 3  54 43 41 33 8  49 32 0  24 2  9  45
4  24 9  18 0  36 50 59 43 2  48 57 56 28 22 26 27 39 3  51 49 35 14 53 1  55 15 16 13 33 42 41 37 29 52 21 5  32 40 17 38 31 30 8  47 45 60 44 10 20 6  19 34 23 58 25 12 11 54 7  46
33 15 48 49 40 53 54 35 28 20 34 14 27 23 11 1  59 38 32 21 9  19 25 13 39 22 57 12 8  36 58 51 18 0  10 7  29 56 17 24 4  52 50 55 45 44 46 60 2  3  42 31 41 5  6  43 37 26 30 16 47
58 59 19 34 54 10 41 49 18 35 5  26 52 37 53 20 38 29 8  2  15 27 57 30 50 39 11 21 51 17 23 43 36 40 3  9  32 13 16 25 33 6  56 31 60 46 45 47 55 7  24 28 12 14 4  48 42 22 0  1  44
47 4  59 53 1  29 27 31 44 32 21 17 20 52 26 22 46 11 38 23 12 10 15 19 56 36 14 6  40 5  33 7  9  30 37 45 25 34 18 43 28 57 54 39 8  35 16 0  48 60 51 50 13 3  42 58 24 41 55 2  49
44 13 12 43 25 59 40 23 38 14 28 42 2  1  9  33 34 26 58 39 41 57 32 7  53 4  17 36 10 35 47 45 22 15 16 29 27 52 8  19 6  20 11 3  0  31 55 30 51 49 60 48 37 24 56 46 54 21 18 5  50
18 9  43 13 20 56 37 16 14 1  27 21 28 3  8  23 7  52 0  26 4  11 42 15 33 46 19 10 12 41 38 55 45 24 54 39 59 6  30 35 47 29 22 2  58 32 25 40 49 48 50 60 17 57 34 31 5  53 44 36 51
32 42 53 40 43 41 18 39 56 52 36 19 38 46 59 47 26 33 6  11 28 54 37 31 30 58 16 44 20 34 24 23 0  17 29 55 10 22 12 7  3  5  1  4  27 57 13 15 60 50 49 51 9  2  21 35 8  45 25 14 48
42 11 29 30 23 37 44 28 35 58 17 1  57 24 31 34 40 10 46 43 38 39 47 4  13 51 45 50 7  2  3  14 41 36 15 8  33 5  20 21 16 32 0  19 6  26 18 22 56 59 27 25 52 60 55 54 48 12 9  49 53
7  40 18 8  11 9  51 0  3  5  15 4  19 21 42 10 45 32 2  12 46 13 33 27 35 41 36 23 59 49 57 58 17 22 39 24 26 43 50 34 1  25 14 37 48 16 20 56 44 29 38 6  55 53 60 52 47 30 31 28 54
49 34 24 23 36 42 38 57 31 50 41 28 39 33 45 40 51 46 43 27 37 26 58 3  2  30 21 19 11 48 25 8  47 13 1  59 4  20 6  12 15 10 5  18 56 14 17 32 29 0  9  16 53 52 54 60 44 7  22 35 55
48 16 28 46 13 18 42 32 40 57 33 44 45 4  30 24 1  23 5  41 26 38 51 17 15 56 20 34 2  39 14 59 7  10 27 37 50 35 21 29 8  19 6  49 11 12 3  58 0  43 36 22 60 54 53 55 25 9  47 31 52
54 23 39 22 37 11 9  18 29 6  20 5  25 48 47 19 36 41 7  15 10 50 3  1  52 12 32 38 35 8  43 33 26 31 51 28 16 4  27 2  46 17 53 30 49 55 40 14 13 44 21 34 24 42 0  45 56 60 59 58 57
25 48 27 5  41 3  49 33 46 29 24 51 22 54 35 32 37 43 42 45 34 40 12 36 10 0  28 2  26 9  50 44 15 7  20 14 23 16 53 55 21 4  18 17 31 19 8  52 1  6  30 11 47 38 13 39 59 57 60 56 58
55 49 50 4  3  26 29 8  7  25 46 12 11 18 54 16 15 53 13 20 19 37 45 24 23 9  5  28 27 6  34 32 31 42 30 36 35 21 41 40 39 38 33 44 43 22 10 48 47 1  2  52 51 17 14 0  57 56 58 60 59
41 21 16 32 24 52 13 38 30 23 29 15 44 6  33 11 2  51 35 42 25 1  26 9  4  20 22 47 34 10 8  36 3  14 28 18 31 49 7  53 45 0  19 54 12 40 48 27 46 37 55 17 5  39 43 50 60 58 57 59 56
3  2  1  0  6  7  4  5  10 11 8  9  14 15 12 13 18 19 16 17 22 23 20 21 26 27 24 25 30 31 28 29 34 35 32 33 38 39 36 37 42 43 40 41 46 47 44 45 50 51 48 49 54 55 52 53 58 59 56 57 60
