0  3  60 1  59 51 45 52 39 57 43 44 16 53 40 41 12 36 42 30 38 37 48 49 35 50 54 33 46 47 19 55 58 27 56 24 17 21 20 8  14 15 18 10 11 6  28 29 22 23 25 5  7  13 26 31 34 9  32 4  2
60 1  3  2  38 13 15 47 12 41 17 28 8  5  34 6  55 10 32 24 36 51 52 54 19 49 45 35 11 57 39 33 18 31 14 27 20 43 4  30 46 9  48 37 56 26 40 7  42 25 58 21 22 59 23 16 44 29 50 53 0
1  0  2  60 26 43 19 39 35 13 18 21 46 9  23 47 41 33 10 6  50 11 27 14 48 31 4  22 38 52 57 25 54 17 36 8  34 58 28 7  53 16 59 5  55 49 12 15 24 45 20 56 29 40 32 44 51 30 37 42 3
2  60 0  3  39 8  9  23 5  6  38 56 36 33 49 43 46 45 25 52 24 34 37 7  20 18 51 44 54 53 35 59 41 13 21 30 12 22 10 4  58 32 47 15 27 17 16 42 57 14 55 26 19 29 28 50 11 48 40 31 1
19 52 11 40 4  60 7  6  13 51 16 2  42 8  43 35 10 32 50 0  28 26 38 31 57 44 21 45 20 37 59 23 17 49 53 15 47 29 22 58 3  48 12 14 25 27 54 36 41 33 18 9  1  34 46 56 55 24 39 30 5
35 16 20 28 7  5  60 4  54 23 44 57 31 55 37 22 1  34 38 21 2  19 15 9  51 59 39 49 3  56 48 12 40 45 17 0  42 14 18 26 32 53 36 50 10 33 52 58 30 27 43 24 46 41 8  13 29 11 47 25 6
12 29 56 27 5  4  6  60 59 44 14 22 0  47 10 57 45 53 37 51 39 48 11 52 34 38 50 3  40 1  55 35 46 42 24 31 41 18 25 20 28 36 33 49 9  16 32 13 21 43 26 19 23 17 58 30 2  15 54 8  7
43 35 12 55 60 6  5  7  18 31 52 48 2  17 30 20 34 13 8  28 15 59 25 50 45 22 58 47 19 41 14 9  51 36 16 1  33 54 57 46 56 29 49 0  53 24 39 27 11 42 23 32 10 44 37 3  40 38 26 21 4
22 25 55 54 57 28 36 26 8  60 11 10 49 24 47 51 32 27 58 29 40 56 0  46 13 1  7  17 5  19 33 50 16 30 52 44 6  53 43 48 20 59 45 38 35 42 23 14 39 12 31 15 34 37 3  2  21 4  18 41 9
26 50 34 44 29 45 27 49 11 9  60 8  43 36 39 53 47 20 28 38 17 55 32 33 56 35 0  6  18 4  46 42 22 23 2  25 13 51 19 14 48 58 31 12 3  5  30 16 40 7  1  37 59 15 57 21 24 54 41 52 10
7  54 57 42 33 21 35 0  9  8  10 60 53 58 31 24 49 23 30 44 26 5  46 17 15 32 20 37 34 59 18 14 25 4  28 6  40 27 47 45 36 51 3  52 19 39 22 38 55 16 56 41 43 12 1  48 50 2  13 29 11
42 59 26 17 21 32 49 15 60 10 9  11 52 30 38 7  35 3  44 54 48 4  43 25 50 23 2  36 53 39 13 34 5  55 31 16 27 46 14 29 57 47 0  22 18 56 37 41 20 6  24 58 12 28 19 33 45 40 51 1  8
45 49 39 57 17 18 16 46 25 21 56 51 12 60 15 14 6  4  5  47 30 9  33 35 28 8  34 41 24 54 20 38 42 22 26 23 48 44 31 2  59 27 32 55 37 0  7  19 36 1  53 11 58 50 29 43 10 3  52 40 13
38 55 36 26 24 16 40 29 57 34 46 23 15 13 60 12 5  41 56 50 53 31 58 11 4  30 3  43 47 7  25 21 59 51 9  54 2  42 0  52 6  17 37 27 49 48 10 28 45 44 19 33 39 20 35 1  18 8  22 32 14
33 48 16 53 54 25 31 32 21 18 35 24 13 12 14 60 2  44 9  58 45 8  55 41 11 5  36 40 39 49 51 6  7  0  42 10 26 59 50 28 27 23 34 46 17 20 43 56 1  29 38 30 57 3  4  22 47 52 19 37 15
21 57 54 31 50 34 29 48 42 30 40 20 60 14 13 15 27 22 35 49 11 0  17 26 36 33 23 16 58 6  9  3  47 25 5  18 24 41 44 55 10 37 8  59 38 51 53 32 7  19 4  45 56 46 2  39 52 1  28 43 12
6  13 23 24 49 55 0  38 53 52 33 29 45 1  41 28 16 60 19 18 46 30 50 2  3  51 56 58 15 11 21 48 37 10 57 39 43 32 7  35 44 14 54 36 40 12 20 59 31 4  22 25 9  8  42 5  26 34 27 47 17
46 23 58 56 42 15 48 41 31 35 54 45 32 29 57 5  19 17 60 16 25 53 34 1  47 20 40 50 36 13 49 8  12 37 22 9  28 33 51 43 26 7  4  39 52 11 0  24 6  30 27 38 44 21 10 59 3  14 2  55 18
11 36 30 21 15 31 52 58 26 39 57 0  38 43 28 4  17 16 18 60 32 3  51 37 54 34 8  56 14 55 2  5  20 46 25 50 1  23 12 9  45 49 44 13 42 40 33 53 59 41 35 22 6  47 24 29 27 10 7  48 19
59 31 51 32 30 10 56 25 46 48 5  36 26 42 20 55 60 18 17 19 14 44 28 29 33 7  12 54 22 23 4  1  3  24 47 57 11 50 40 49 38 52 13 53 21 58 8  34 9  39 37 2  41 43 27 15 6  35 45 0  16
13 18 43 16 55 50 42 11 52 25 59 7  27 0  58 48 3  35 1  45 20 60 23 22 46 9  29 12 56 26 41 54 36 39 40 17 32 49 53 33 34 30 6  2  51 19 24 57 15 37 5  44 8  38 31 4  28 47 14 10 21
41 46 4  25 2  44 17 24 47 43 19 26 55 39 56 37 54 6  34 10 23 21 60 20 7  3  11 32 57 38 42 52 27 50 18 58 49 15 29 13 51 0  30 9  5  59 1  8  53 36 33 40 31 48 16 12 14 28 35 45 22
39 4  42 35 1  17 43 19 48 56 13 49 54 10 26 34 40 5  53 7  21 20 22 60 32 28 14 59 25 33 37 41 24 29 15 3  55 30 52 0  16 31 2  6  50 57 58 51 8  11 44 47 38 18 12 36 9  45 46 27 23
34 10 41 50 47 33 18 55 19 45 1  30 40 25 16 44 14 54 6  8  60 22 21 23 53 13 38 51 32 46 11 36 28 5  0  59 31 52 26 57 12 2  58 48 15 9  29 4  43 56 3  27 37 24 17 7  49 39 42 35 20
5  33 29 46 8  0  30 59 4  22 36 38 37 57 50 40 20 43 49 31 16 45 9  42 24 60 27 26 44 2  6  19 56 1  55 51 10 12 11 47 15 54 23 17 28 21 3  39 52 18 14 35 48 58 41 34 32 13 53 7  25
29 12 40 34 41 37 58 28 49 17 45 13 1  11 59 56 36 9  21 22 35 18 19 30 27 25 60 24 7  0  23 53 39 52 3  20 16 5  54 32 2  4  46 51 48 10 42 50 44 8  47 43 33 31 38 57 15 55 6  14 26
57 43 21 33 11 41 46 18 58 54 29 4  47 51 55 38 48 30 7  34 59 2  36 44 25 24 26 60 35 10 17 56 50 3  19 28 22 45 15 53 49 5  52 1  23 37 6  12 16 40 32 13 42 39 9  14 31 0  8  20 27
14 7  59 9  34 52 44 1  50 3  55 19 30 18 0  58 28 31 13 11 41 29 42 39 60 26 25 27 16 21 12 17 38 40 4  47 54 48 32 23 33 20 22 56 6  53 49 35 37 46 8  57 5  45 36 10 43 51 15 2  24
17 53 45 8  56 54 13 22 3  14 51 59 44 6  9  27 58 0  39 25 55 50 7  48 37 19 52 15 28 60 31 30 43 57 41 42 46 24 49 18 47 34 35 32 12 2  36 40 23 38 21 10 26 1  5  20 4  33 16 11 29
50 15 48 14 51 42 57 17 23 37 20 35 22 41 3  1  39 7  45 46 10 32 12 8  52 47 59 38 31 29 60 28 21 54 44 11 56 9  27 16 55 13 5  58 34 18 19 25 2  53 0  4  24 49 33 40 36 6  43 26 30
4  56 10 22 0  47 34 51 43 53 2  25 41 23 32 46 42 40 57 59 27 54 3  13 55 11 49 20 29 28 30 60 14 38 6  37 52 35 33 44 17 12 16 8  39 50 15 5  58 26 45 7  36 9  21 24 1  18 48 19 31
58 24 53 43 36 38 10 42 27 49 6  46 18 52 35 59 26 50 12 33 44 39 45 47 1  40 16 8  60 30 29 31 55 19 37 14 4  34 5  21 25 57 7  3  20 22 11 23 56 9  17 54 13 2  51 32 48 41 0  15 28
31 20 15 52 12 57 26 30 37 24 39 40 4  44 51 2  53 42 36 41 1  38 56 43 9  45 6  29 48 27 7  0  32 60 35 34 18 8  21 10 11 19 17 23 13 25 50 54 28 59 46 14 3  16 47 58 22 5  55 49 33
40 19 37 51 16 9  20 44 38 5  49 41 29 26 27 52 4  58 59 1  6  28 54 45 31 56 13 14 21 12 43 24 35 33 60 32 53 2  8  42 0  11 39 30 7  23 48 55 46 10 57 3  15 36 22 47 25 50 17 18 34
49 42 13 18 45 22 55 57 20 36 41 37 19 2  48 17 38 15 3  12 8  25 5  56 30 21 47 53 51 43 24 46 33 32 34 60 9  11 16 50 52 10 1  29 58 4  31 26 14 0  39 28 40 27 59 6  23 7  44 54 35
51 47 44 37 18 24 14 27 55 20 31 39 59 48 6  50 29 25 4  53 9  36 30 40 5  17 42 7  52 16 22 10 60 34 33 35 21 3  46 11 23 56 26 57 2  54 38 1  13 58 15 0  28 19 45 8  41 43 49 12 32
28 32 9  48 23 29 59 53 41 2  15 54 57 34 22 10 51 46 20 27 18 58 14 4  40 43 55 19 0  5  50 47 1  44 13 49 36 60 39 38 24 8  56 25 33 52 17 31 3  35 30 16 45 7  11 26 42 12 21 6  37
15 26 17 30 9  59 23 56 16 4  48 31 28 19 25 0  8  2  52 13 47 41 35 6  44 14 1  55 12 51 3  11 53 58 46 22 39 37 60 36 54 21 50 45 24 43 34 20 10 57 42 29 18 32 40 27 7  49 33 5  38
53 22 49 47 52 12 54 34 30 40 42 50 5  20 24 23 57 59 31 48 13 27 1  15 14 58 44 21 45 32 8  18 29 43 7  41 37 36 38 60 9  35 10 33 26 28 56 3  19 2  11 55 4  0  6  51 46 16 25 17 39
48 44 46 58 40 53 33 12 22 28 25 16 7  31 18 19 11 24 14 15 42 52 8  51 17 10 41 57 9  35 56 13 45 6  54 29 60 38 37 39 4  26 20 47 1  32 2  43 0  55 59 23 21 5  34 49 30 27 3  50 36
27 21 31 39 58 11 47 37 34 19 24 5  35 28 33 36 50 49 29 9  52 1  44 59 10 53 30 0  13 18 26 2  57 14 8  12 15 7  48 3  40 60 43 42 22 55 51 6  38 17 16 46 20 25 56 45 54 32 4  23 41
37 58 14 19 44 39 8  13 6  50 28 55 20 7  2  21 23 29 24 3  12 15 57 16 18 48 53 30 10 17 27 45 52 47 51 46 59 0  56 5  43 41 60 40 4  31 35 33 25 54 9  34 32 26 49 11 38 22 1  36 42
44 14 27 38 32 56 39 9  51 7  47 18 17 50 1  45 21 12 11 37 33 16 59 53 58 57 28 2  26 36 54 49 4  20 48 52 29 19 3  6  41 40 42 60 0  15 55 10 34 31 13 8  35 23 30 46 5  25 24 22 43
52 45 50 59 46 20 11 10 33 55 7  6  21 56 54 31 25 47 27 35 5  12 49 28 39 16 37 18 23 44 38 15 48 8  58 19 51 26 30 24 60 42 41 43 29 1  4  17 32 22 2  36 0  57 14 9  13 53 34 3  40
18 30 8  6  48 19 3  36 2  27 21 42 24 59 52 26 22 57 0  5  54 10 16 38 12 41 15 9  37 58 1  51 49 53 43 55 7  28 23 56 50 25 11 34 44 60 47 46 4  32 40 31 14 33 20 35 39 17 29 13 45
16 37 38 11 53 23 12 21 15 33 32 3  6  35 19 8  0  56 55 14 58 7  41 5  59 39 43 34 49 40 36 57 10 9  27 13 30 1  2  25 29 22 51 26 47 45 60 44 54 28 52 42 50 4  48 18 17 31 20 24 46
36 51 7  20 14 27 50 2  29 15 58 34 39 22 4  9  24 28 48 23 3  40 13 19 16 55 32 5  17 8  53 37 26 59 11 56 0  31 41 12 21 38 57 54 45 44 46 60 18 52 6  1  49 30 43 25 35 42 10 33 47
25 27 32 10 31 48 28 35 56 59 3  33 34 40 21 54 52 39 22 26 49 14 18 36 43 0  19 1  6  50 58 4  2  11 12 7  23 57 42 17 13 55 38 24 60 46 45 47 5  20 29 53 16 51 15 41 8  37 30 9  44
8  34 52 12 25 58 53 20 0  38 27 15 3  54 42 11 56 21 33 40 7  17 39 32 29 4  31 10 43 24 47 26 23 18 1  45 57 55 9  22 19 44 14 28 41 35 59 30 48 60 51 50 2  6  13 37 16 36 5  46 49
56 8  28 29 10 46 22 31 1  42 4  43 25 32 53 39 33 26 54 55 57 35 6  34 41 12 17 52 2  3  40 7  13 16 23 21 58 47 45 15 30 24 9  11 59 38 5  37 51 49 60 48 27 14 18 19 0  20 36 44 50
47 41 5  7  35 2  32 3  17 58 12 14 10 37 11 18 44 8  15 42 43 57 40 55 38 29 46 31 33 25 52 27 6  28 59 4  45 13 24 54 22 1  19 20 16 36 26 0  49 48 50 60 30 56 39 23 53 21 9  34 51
24 40 6  13 37 35 2  14 45 29 34 52 58 3  7  42 43 55 47 56 31 46 53 57 0  36 33 39 41 9  32 20 30 26 10 5  25 4  59 27 1  28 15 16 54 8  21 18 60 50 49 51 11 22 44 17 19 23 12 38 48
10 38 24 41 22 49 37 43 40 47 0  58 51 21 17 25 59 14 23 32 34 13 4  18 2  15 35 46 42 48 45 39 19 56 20 26 50 6  1  31 8  3  28 7  57 30 27 9  29 5  36 12 52 60 55 54 33 44 11 16 53
20 11 25 49 27 26 21 33 32 46 50 1  56 38 29 30 37 48 51 57 0  6  47 58 42 2  5  4  59 14 15 40 8  7  45 43 44 16 13 41 31 39 24 35 36 34 9  22 17 3  10 18 55 53 60 52 12 19 23 28 54
9  17 47 5  43 3  25 40 28 0  23 27 33 45 46 32 30 1  41 36 51 42 29 10 49 6  57 11 8  22 16 44 15 12 50 48 19 56 58 59 7  18 21 4  31 13 14 2  35 24 34 20 53 52 54 60 37 26 38 39 55
32 5  35 23 28 1  24 50 44 12 37 47 9  16 36 49 13 38 40 39 56 43 26 3  6  42 22 48 4  45 34 58 0  41 30 2  14 10 17 19 18 33 25 21 8  29 57 11 27 15 7  59 60 54 53 55 20 46 31 51 52
23 39 19 45 20 36 51 54 14 32 53 17 50 27 8  33 31 11 43 2  4  47 24 0  22 52 48 13 55 42 44 16 9  15 49 38 5  40 35 1  37 46 29 18 30 3  41 21 26 34 12 6  25 10 7  28 56 60 59 58 57
54 6  18 36 13 40 1  16 24 26 30 32 48 4  44 29 7  52 2  43 37 33 31 27 8  46 9  23 50 15 10 22 11 21 38 53 3  20 34 51 5  45 55 19 14 41 25 49 12 47 28 39 17 35 0  42 59 57 60 56 58
55 9  33 4  3  30 38 8  7  1  22 12 11 46 45 16 15 37 26 20 19 49 10 24 23 54 18 28 27 34 5  32 31 2  29 36 35 17 6  40 39 50 53 44 43 14 13 48 47 21 41 52 51 42 25 0  57 56 58 60 59
30 28 22 15 19 14 41 45 36 16 26 53 23 49 5  3  9  51 46 4  29 24 2  12 21 37 10 42 1  20 0  43 44 48 39 40 8  25 55 34 35 6  27 31 32 7  18 52 33 13 54 17 47 11 50 38 60 58 57 59 56
3  2  1  0  6  7  4  5  10 11 8  9  14 15 12 13 18 19 16 17 22 23 20 21 26 27 24 25 30 31 28 29 34 35 32 33 38 39 36 37 42 43 40 41 46 47 44 45 50 51 48 49 54 55 52 53 58 59 56 57 60
