0  3  60 1  18 22 40 30 14 54 42 46 41 34 8  17 32 15 4  31 49 52 5  36 59 50 57 35 39 53 7  19 16 45 13 27 23 58 43 28 6  12 10 38 56 33 11 51 55 20 25 47 21 29 9  48 44 26 37 24 2
60 1  3  2  34 53 30 14 57 35 12 42 10 49 7  55 46 24 54 50 52 25 58 32 17 21 37 47 56 39 6  51 23 44 4  9  40 26 48 29 36 59 11 45 33 43 16 27 38 13 19 31 20 5  18 15 28 8  22 41 0
1  0  2  60 24 37 55 23 27 53 13 48 25 10 19 22 47 51 28 14 36 40 15 7  4  12 43 8  18 42 49 54 44 56 46 41 20 5  57 58 21 35 29 26 32 59 34 16 11 30 52 17 50 9  31 6  33 38 39 45 3
2  60 0  3  49 52 25 44 31 39 47 32 30 16 46 50 13 45 21 51 57 18 38 42 43 6  48 40 34 58 12 8  11 55 28 53 56 59 22 9  27 54 23 24 7  17 14 10 26 4  15 19 5  35 41 33 36 20 29 37 1
57 27 50 29 4  60 7  6  55 42 39 37 56 17 20 21 45 13 26 59 14 15 35 30 52 43 18 1  54 3  23 38 36 46 47 22 32 11 31 10 51 53 9  25 48 16 33 34 44 58 2  40 24 41 28 8  12 0  49 19 5
48 10 49 8  7  5  60 4  3  27 1  25 53 39 17 28 59 14 47 33 40 36 55 51 38 11 58 9  15 34 37 52 42 19 29 45 21 30 24 13 20 50 32 56 54 35 57 18 0  2  41 23 31 12 44 22 43 46 26 16 6
44 58 19 23 5  4  6  60 59 50 29 45 18 20 55 47 26 52 12 2  13 51 30 3  35 42 16 49 36 10 22 39 54 57 38 24 28 53 34 31 56 46 25 48 0  11 41 15 43 27 9  21 17 37 32 14 40 33 1  8  7
50 9  11 13 60 6  5  7  38 1  20 2  42 3  35 41 44 47 58 27 10 34 54 48 49 30 39 19 55 36 25 56 57 51 21 14 29 43 8  26 46 15 12 37 16 52 40 17 23 24 0  33 45 59 22 28 31 32 18 53 4
53 13 56 52 51 31 54 18 8  60 11 10 23 1  29 25 43 35 7  47 39 30 41 12 37 15 36 33 46 14 21 5  59 27 50 17 26 24 58 20 55 22 44 16 42 48 28 19 45 57 34 4  3  0  6  40 2  49 38 32 9
17 14 44 51 46 59 36 35 11 9  60 8  40 26 1  54 27 0  30 39 25 56 52 31 45 20 13 16 50 38 18 23 53 42 37 7  6  34 29 19 12 47 33 49 2  24 4  41 58 43 28 3  22 32 15 57 21 55 48 5  10
52 53 18 59 44 12 35 41 9  8  10 60 5  28 27 20 25 23 2  46 15 42 26 17 29 16 22 14 13 24 36 58 50 43 51 6  30 47 49 48 45 7  21 33 4  40 19 37 39 38 32 34 0  1  57 56 55 54 31 3  11
35 18 23 38 17 19 39 48 60 10 9  11 44 37 21 53 57 4  1  5  24 14 32 2  20 33 59 46 40 52 34 45 22 25 30 0  49 13 3  6  28 55 54 58 12 31 27 50 7  36 47 56 29 15 42 41 51 16 43 26 8
19 5  51 20 35 1  27 26 46 37 53 43 12 60 15 14 52 25 49 0  3  45 56 28 55 17 7  6  23 54 57 41 47 38 40 4  48 9  33 42 34 31 39 11 58 21 8  32 36 18 59 2  16 10 29 24 22 30 44 50 13
23 57 28 44 11 41 43 16 49 56 18 4  15 13 60 12 7  37 10 32 48 26 42 0  53 58 21 45 2  40 47 33 19 31 36 52 34 17 55 50 29 5  22 6  3  27 54 30 20 8  39 59 35 24 46 38 9  1  25 51 14
29 35 6  24 54 58 2  9  53 7  30 47 13 12 14 60 39 26 32 55 28 50 33 52 3  37 17 36 20 0  10 34 18 22 31 1  27 25 40 16 38 51 56 46 57 49 43 11 59 45 21 41 23 8  4  19 42 44 5  48 15
9  39 46 40 31 32 57 10 48 0  7  36 60 14 13 15 23 54 35 56 41 38 34 16 58 45 51 50 42 55 44 4  5  47 22 18 11 52 21 1  3  20 28 59 30 25 2  33 8  53 27 26 37 49 17 29 19 6  24 43 12
49 31 29 7  41 9  34 3  30 5  55 28 48 44 22 24 16 60 19 18 32 43 14 58 15 56 38 59 11 2  8  1  20 39 6  37 52 35 26 33 57 4  47 21 13 53 51 42 12 0  54 46 36 45 50 10 25 40 23 27 17
54 40 12 28 37 26 41 31 39 15 33 13 2  11 58 9  19 17 60 16 35 48 29 43 36 51 5  32 3  22 42 7  27 10 45 20 24 4  53 8  1  6  30 23 59 34 52 56 21 55 57 25 46 38 0  49 47 50 14 44 18
26 42 13 33 57 40 49 38 58 45 28 54 27 2  41 59 17 16 18 60 47 55 31 53 30 34 0  12 10 48 24 22 51 3  25 43 44 46 7  52 5  14 1  35 36 9  37 20 29 6  56 32 39 23 11 21 50 4  8  15 19
41 45 55 9  23 25 14 54 26 3  49 33 31 40 6  37 60 18 17 19 53 44 27 4  48 5  8  22 35 32 59 12 29 11 58 28 47 15 46 51 13 0  57 50 21 1  38 36 24 10 43 39 56 20 7  2  52 42 34 30 16
16 33 45 30 28 18 48 15 17 38 41 51 57 43 54 7  0  8  5  34 20 60 23 22 56 29 55 42 4  25 3  37 49 1  19 39 59 31 9  35 47 10 27 13 52 2  50 40 6  32 46 11 44 58 14 26 24 12 53 36 21
10 41 39 55 38 46 37 49 16 13 0  50 54 9  47 31 8  27 33 28 23 21 60 20 34 59 56 17 19 45 43 15 48 18 24 44 57 6  4  2  58 1  52 30 35 29 5  14 32 7  11 53 42 51 12 3  26 36 40 25 22
55 6  34 11 12 48 1  19 37 49 45 3  4  59 39 46 33 50 44 7  21 20 22 60 41 28 40 54 25 57 58 36 38 16 2  56 31 8  32 14 26 24 51 52 18 10 15 53 5  9  17 42 43 47 27 0  35 29 30 13 23
34 26 48 25 59 35 42 11 28 57 43 7  46 36 40 58 24 33 50 30 60 22 21 23 16 3  1  44 8  41 19 55 37 17 0  5  13 32 52 47 14 29 6  10 27 51 12 39 2  54 18 45 38 56 49 31 53 9  15 4  20
39 36 52 46 50 54 10 21 22 18 6  56 47 33 43 23 58 40 9  42 51 7  8  15 24 60 27 26 59 35 45 53 55 13 49 29 1  41 44 0  17 37 19 14 38 30 3  12 57 34 4  20 2  31 5  32 11 48 16 28 25
7  59 17 42 36 33 23 0  45 29 56 19 51 46 57 48 55 2  52 11 38 41 53 6  27 25 60 24 47 9  50 49 43 5  39 40 4  44 20 34 35 21 3  32 37 8  13 28 15 31 30 12 18 22 58 16 10 14 54 1  26
4  32 54 53 0  14 38 42 47 21 40 52 39 56 5  44 34 58 57 36 46 9  45 37 25 24 26 60 33 59 51 43 1  28 16 48 19 23 6  12 10 49 7  31 15 22 20 8  35 41 55 30 11 3  2  50 13 18 17 29 27
11 34 33 15 47 16 18 22 56 59 36 0  49 38 30 3  5  48 6  54 37 32 7  29 60 26 25 27 51 23 14 42 21 2  1  46 10 20 13 53 50 44 31 57 41 55 35 4  17 12 40 28 58 39 19 45 8  43 52 9  24
24 38 10 45 14 42 9  37 12 6  2  57 8  18 4  32 40 34 13 44 54 35 47 46 0  53 49 52 28 60 31 30 15 41 17 21 50 7  1  59 16 33 5  55 19 3  23 22 56 26 36 58 27 25 20 43 48 11 51 39 29
8  15 47 49 58 56 24 33 0  20 35 26 21 19 53 1  42 57 46 13 9  12 50 44 6  38 11 41 31 29 60 28 40 7  43 10 51 48 25 55 32 27 16 34 23 54 18 2  37 3  22 36 59 14 45 39 5  17 4  52 30
25 22 5  57 19 2  58 50 43 24 27 41 20 35 36 26 21 38 45 4  12 16 1  59 9  0  15 10 29 28 30 60 46 54 55 13 14 49 17 56 48 11 53 8  51 18 32 52 40 37 7  44 47 42 33 34 39 3  6  23 31
12 46 26 5  21 3  11 47 52 55 32 6  0  24 48 38 51 56 36 41 27 4  44 57 13 40 2  20 60 30 29 31 10 53 59 49 18 42 15 45 25 19 37 54 22 39 1  7  14 35 58 16 8  33 43 9  17 23 50 34 28
20 37 9  22 25 28 8  45 6  2  58 38 24 29 51 42 49 21 41 40 0  17 3  26 12 4  23 48 5  13 39 50 32 60 35 34 43 1  11 30 19 18 15 36 53 7  56 55 27 16 31 14 57 44 59 47 46 52 10 54 33
58 52 8  21 9  11 15 36 2  4  23 5  50 53 16 6  14 43 55 25 44 3  39 10 31 19 41 56 49 51 40 24 35 33 60 32 7  45 59 22 30 26 46 17 20 37 42 57 54 28 12 29 1  13 48 18 27 47 0  38 34
36 47 15 17 27 43 26 24 42 12 54 55 9  23 59 2  38 3  39 53 58 49 46 13 7  52 6  4  45 56 41 48 33 32 34 60 0  40 16 18 37 30 8  5  50 28 22 1  31 21 44 57 25 19 10 11 29 51 20 14 35
46 7  57 26 56 51 29 1  20 14 24 27 22 47 9  43 54 39 59 21 8  19 12 45 10 31 3  11 44 6  52 25 60 34 33 35 55 50 41 17 49 38 58 15 28 23 0  13 53 40 37 5  30 48 16 36 4  2  42 18 32
13 17 59 41 43 57 50 51 19 28 14 53 16 0  10 49 12 1  22 8  45 46 18 34 40 32 47 30 9  33 27 44 25 29 23 42 36 60 39 38 24 3  35 4  31 20 21 26 52 15 6  7  48 11 56 58 54 5  55 2  37
33 23 30 10 13 49 51 55 41 40 3  17 34 4  44 56 50 11 29 52 42 53 24 1  22 57 32 31 43 18 2  27 26 0  12 54 39 37 60 36 9  8  20 28 14 58 48 59 46 5  16 6  19 21 35 7  15 25 45 47 38
51 56 35 32 15 44 16 58 18 25 19 22 59 45 23 4  6  42 8  10 29 31 11 14 54 9  34 55 48 20 53 21 3  50 26 2  37 36 38 60 52 57 17 47 5  13 49 43 28 46 33 0  40 30 24 27 1  41 7  12 39
59 55 40 19 48 50 45 12 35 51 44 31 7  41 33 29 22 20 25 3  17 58 16 49 28 18 42 43 24 15 46 11 56 14 52 8  60 38 37 39 2  13 26 27 10 6  30 54 4  23 5  9  34 57 47 1  32 53 21 0  36
56 24 58 50 8  47 44 53 4  34 22 16 37 32 52 27 11 36 20 29 18 39 10 38 1  49 45 15 57 19 54 35 13 48 9  31 17 12 23 21 40 60 43 42 6  26 59 5  33 25 3  55 14 7  30 51 0  28 2  46 41
31 25 38 56 45 39 52 20 24 48 15 34 19 50 32 10 53 46 51 12 7  59 37 27 8  1  28 23 26 44 55 0  14 49 11 57 54 22 2  5  43 41 60 40 29 4  17 58 9  33 13 18 6  16 36 30 3  35 47 21 42
21 54 16 6  33 15 3  39 50 46 52 18 26 51 45 5  2  53 11 48 31 0  59 25 57 23 12 37 32 47 38 20 28 4  44 55 58 27 30 7  41 40 42 60 34 14 9  29 19 56 8  13 10 17 1  35 49 24 36 22 43
47 19 31 14 32 29 20 28 21 22 17 44 58 48 3  18 30 10 15 1  6  8  9  33 46 36 54 53 7  5  16 2  4  23 56 59 25 55 51 57 60 42 41 43 11 50 24 0  13 52 45 38 49 27 26 37 34 39 12 35 40
40 20 53 16 39 24 56 13 34 32 48 58 43 7  25 51 3  55 31 35 1  28 36 41 5  14 30 29 21 27 26 18 9  52 8  19 22 57 54 4  0  23 50 12 44 60 47 46 10 59 42 15 33 2  38 17 6  37 11 49 45
37 50 36 34 53 23 31 57 15 30 26 39 29 55 56 8  41 28 24 43 59 54 40 5  18 48 10 38 17 12 9  6  52 58 3  51 2  0  27 11 22 16 49 19 47 45 60 44 25 42 1  35 32 4  21 13 14 7  33 20 46
27 51 22 43 42 36 17 59 23 33 38 35 28 58 24 34 31 6  48 49 55 57 2  8  14 54 50 0  12 37 56 16 39 9  15 11 5  29 10 32 53 52 4  3  45 44 46 60 18 19 26 1  41 40 25 20 30 21 13 7  47
38 4  42 37 1  20 33 56 36 58 59 21 55 52 50 57 29 31 40 26 5  11 25 54 32 22 19 34 53 16 35 17 24 6  27 30 8  3  0  49 18 48 2  51 60 46 45 47 41 39 14 43 13 28 23 12 7  15 9  10 44
22 28 7  35 10 55 13 2  25 47 4  23 52 6  34 45 36 32 37 57 43 27 0  11 42 8  53 21 1  46 33 59 17 30 14 3  16 18 56 44 54 58 24 20 39 15 29 9  48 60 51 50 12 26 40 5  38 19 41 31 49
32 8  37 58 29 30 12 34 1  52 46 15 6  57 42 11 20 44 27 38 16 24 43 47 21 35 33 18 41 4  5  40 0  26 7  25 53 2  19 54 31 28 14 22 17 56 10 23 51 49 60 48 9  36 39 59 45 13 3  55 50
30 43 24 27 52 13 28 25 44 36 31 14 38 5  11 40 35 29 53 45 26 47 57 56 2  7  20 3  6  17 0  10 58 59 42 16 9  54 12 41 15 39 34 1  8  19 55 21 49 48 50 60 4  18 37 46 23 22 32 33 51
43 16 25 39 55 45 53 29 40 19 57 24 17 22 18 30 1  12 14 9  56 37 13 35 11 2  44 58 52 7  15 46 41 36 54 23 33 21 47 3  8  32 59 0  26 5  31 38 60 50 49 51 28 6  34 4  20 10 27 42 48
42 44 4  31 2  8  46 32 5  43 21 59 36 30 38 19 48 41 34 15 33 10 49 40 50 39 29 51 58 26 13 3  7  20 18 47 12 56 14 25 23 17 0  9  1  57 6  35 16 22 24 27 52 60 55 54 37 45 28 11 53
14 12 32 48 16 10 21 46 29 44 5  49 1  31 0  36 4  30 56 58 34 6  28 50 33 47 35 57 22 8  17 13 2  24 20 26 15 51 42 43 59 45 38 39 9  41 7  25 3  11 23 37 55 53 60 52 18 27 19 40 54
15 11 43 36 20 38 59 27 32 17 51 1  45 25 28 0  37 9  42 22 4  29 19 39 44 13 31 7  14 21 48 26 8  40 57 50 3  16 5  23 33 56 18 2  24 12 58 49 30 47 35 10 53 52 54 60 41 34 46 6  55
5  29 14 18 40 0  19 43 51 23 25 30 32 27 2  39 56 59 3  6  50 33 48 9  47 10 46 13 37 1  11 57 12 21 41 58 42 28 45 15 4  34 36 7  49 38 26 24 22 44 20 8  60 54 53 55 16 31 35 17 52
6  48 27 54 22 34 0  17 33 26 16 20 35 21 49 52 10 7  23 37 11 13 4  18 51 55 9  2  38 43 32 47 30 8  5  12 41 19 28 46 44 36 45 29 40 42 39 31 1  14 53 24 15 50 3  25 56 60 59 58 57
18 49 41 12 26 21 47 52 13 31 34 40 3  8  37 33 28 22 0  24 30 5  17 55 19 44 4  39 16 50 20 9  45 15 10 38 46 14 35 27 11 2  48 53 25 32 36 6  42 1  29 54 7  43 51 23 59 57 60 56 58
45 30 21 4  3  17 22 8  7  41 50 12 11 54 26 16 15 5  38 20 19 2  6  24 23 46 14 28 27 49 1  32 31 37 53 36 35 33 18 40 39 9  55 44 43 0  25 48 47 29 10 52 51 34 13 42 57 56 58 60 59
28 21 20 47 30 27 32 40 54 16 37 29 33 42 31 35 9  49 43 23 2  1  51 19 39 41 52 5  0  11 4  14 6  12 48 15 45 10 50 24 7  25 13 18 55 36 53 3  34 17 38 22 26 46 8  44 60 58 57 59 56
3  2  1  0  6  7  4  5  10 11 8  9  14 15 12 13 18 19 16 17 22 23 20 21 26 27 24 25 30 31 28 29 34 35 32 33 38 39 36 37 42 43 40 41 46 47 44 45 50 51 48 49 54 55 52 53 58 59 56 57 60
