0  3  60 1  8  11 14 55 4  49 41 5  19 44 6  31 56 38 50 12 25 32 46 30 39 20 53 36 35 57 23 15 21 52 47 28 27 43 17 24 59 10 45 37 13 42 22 34 58 9  18 54 33 26 51 7  16 29 48 40 2
60 1  3  2  12 58 33 40 18 54 15 25 4  45 57 10 53 37 8  38 39 47 41 55 49 11 28 50 26 35 59 52 43 6  42 29 51 17 19 20 7  22 34 32 56 13 48 21 46 24 27 36 31 16 9  23 44 14 5  30 0
1  0  2  60 22 32 47 57 29 59 16 14 56 28 11 35 10 55 37 58 26 38 4  52 45 31 20 49 13 8  42 25 5  40 41 15 48 18 21 54 33 34 30 51 53 24 50 6  36 27 46 43 23 44 39 17 12 7  19 9  3
2  60 0  3  43 34 59 12 47 52 37 35 7  46 50 22 32 40 51 30 36 25 15 57 55 21 56 29 42 27 19 45 16 41 5  11 20 10 53 49 17 33 28 4  58 31 13 8  54 39 14 18 9  38 48 24 26 23 44 6  1
23 16 24 44 4  60 7  6  30 15 14 27 53 33 10 9  1  50 36 52 48 39 45 0  2  29 35 11 34 25 8  56 49 13 28 26 18 40 54 21 37 51 55 58 3  22 57 59 20 32 17 41 19 12 38 42 31 46 43 47 5
26 17 54 15 7  5  60 4  52 44 47 53 50 23 28 3  48 1  42 24 45 31 34 13 19 38 0  57 14 59 33 21 39 30 22 56 46 58 25 32 51 55 18 49 9  20 36 10 16 43 12 40 8  11 2  41 35 27 37 29 6
46 10 13 21 5  4  6  60 34 36 1  44 51 2  22 33 50 45 40 48 29 3  14 41 57 59 55 30 47 20 27 53 58 15 8  38 9  49 35 43 18 23 54 39 11 17 0  28 19 37 16 12 56 31 42 26 52 24 32 25 7
32 48 31 20 60 6  5  7  41 22 13 38 36 10 19 23 45 43 26 14 3  55 9  15 28 57 18 33 24 52 37 2  0  27 54 47 12 30 11 51 46 8  50 17 59 16 40 35 1  58 42 39 29 56 34 21 53 25 49 44 4
30 56 43 17 23 12 57 49 8  60 11 10 5  27 54 21 35 3  44 55 32 15 28 4  34 33 45 13 22 51 0  46 20 25 24 16 53 48 59 42 47 58 39 2  18 26 31 40 37 7  52 29 50 36 14 19 1  6  41 38 9
56 45 46 28 29 57 26 17 11 9  60 8  32 54 39 25 49 7  23 35 30 53 43 18 31 15 6  44 3  4  20 24 12 47 51 19 55 41 48 14 58 37 52 22 27 1  2  33 38 16 59 34 42 21 13 36 0  5  40 50 10
18 33 38 26 48 19 15 52 9  8  10 60 49 29 20 6  21 59 0  5  14 16 40 39 47 35 3  54 46 13 57 34 51 1  31 25 58 56 2  23 22 50 44 55 42 53 28 24 4  12 41 32 7  45 27 43 37 30 36 17 11
53 55 37 46 51 26 19 28 60 10 9  11 42 35 18 17 47 15 14 6  33 29 58 25 38 23 5  41 7  21 50 36 40 20 45 13 31 2  24 57 32 27 12 52 48 34 3  16 44 59 30 4  43 0  56 1  54 39 22 49 8
29 53 34 36 16 52 17 20 50 38 28 22 12 60 15 14 4  6  59 57 7  33 11 31 43 54 40 39 10 0  47 23 48 21 2  55 3  44 9  27 26 56 58 24 37 51 49 30 32 46 8  45 5  1  25 35 41 19 42 18 13
24 9  47 11 56 49 28 29 32 1  52 3  15 13 60 12 55 21 58 22 27 17 19 43 0  50 57 20 6  7  38 33 8  31 40 46 41 53 30 44 34 36 48 23 39 54 35 2  42 5  25 59 10 37 45 16 4  26 18 51 14
22 51 18 45 20 41 46 27 35 40 48 37 13 12 14 60 54 42 2  33 4  26 0  29 52 49 21 7  55 23 44 50 59 19 53 8  57 11 47 58 9  5  17 56 30 3  6  38 10 25 31 1  24 34 16 28 43 36 39 32 15
54 6  42 34 25 22 1  44 37 29 33 57 60 14 13 15 28 39 43 32 50 48 5  59 36 4  47 58 16 9  35 51 19 10 3  30 24 8  55 17 56 45 2  18 7  41 53 26 21 52 20 31 49 46 0  38 40 11 27 23 12
9  12 21 23 53 59 39 37 14 0  38 31 1  34 8  27 16 60 19 18 42 2  51 3  46 52 33 15 58 48 45 11 57 26 13 54 47 7  10 6  55 44 20 50 41 30 24 36 29 56 43 22 25 4  35 40 49 32 28 5  17
33 58 27 47 35 37 51 22 40 43 31 39 45 41 29 57 19 17 60 16 44 36 7  42 30 56 50 2  54 14 24 10 46 0  59 4  21 5  52 11 8  13 23 9  20 12 32 3  53 55 26 6  38 48 28 49 25 15 1  34 18
41 44 11 55 49 21 20 54 56 47 50 2  39 30 37 46 17 16 18 60 6  5  57 33 51 28 34 59 25 40 13 42 36 23 26 52 32 14 58 12 29 0  31 53 1  48 15 9  45 4  10 24 35 43 7  3  8  22 38 27 19
57 34 20 39 40 47 44 33 46 53 24 48 29 50 27 45 60 18 17 19 2  35 25 56 10 22 58 14 51 12 49 55 41 7  1  21 59 52 42 3  4  32 38 54 6  15 8  5  11 30 13 28 37 9  43 31 23 0  26 36 16
43 31 58 12 10 56 40 36 13 51 4  59 3  8  48 55 24 28 29 26 20 60 23 22 16 37 19 32 17 18 34 1  27 49 30 45 7  25 50 52 6  57 46 0  54 35 42 53 14 33 38 9  39 47 44 15 5  41 2  11 21
7  50 10 59 28 42 25 0  48 19 2  54 43 36 30 37 38 41 31 9  23 21 60 20 33 6  44 47 4  56 14 18 55 24 39 53 13 15 16 34 57 17 5  12 26 49 52 27 8  45 1  58 46 35 11 32 29 40 51 3  22
6  30 45 5  24 3  0  43 36 17 27 42 58 25 46 34 33 9  35 50 21 20 22 60 4  13 51 10 53 47 1  44 37 16 15 18 8  32 49 55 54 59 11 7  31 2  14 29 56 38 19 26 57 28 40 39 48 52 12 41 23
8  11 36 32 30 43 38 59 0  33 53 1  40 49 17 44 57 14 47 51 60 22 21 23 50 55 31 46 56 42 4  26 3  9  37 41 2  34 6  45 12 35 29 5  15 39 27 18 52 13 24 19 48 10 58 25 28 16 54 7  20
44 29 22 18 45 10 8  11 6  37 5  7  21 39 32 56 42 53 3  47 46 12 2  54 24 60 27 26 38 1  48 41 14 43 57 49 40 9  28 13 36 31 16 33 0  4  20 19 30 35 58 55 59 17 23 51 15 34 50 52 25
37 23 7  6  9  51 3  2  42 4  36 55 30 19 53 29 44 32 45 13 43 59 50 1  27 25 60 24 48 15 12 57 17 39 49 58 10 0  40 33 38 52 8  20 16 18 56 54 28 34 22 5  41 14 47 11 46 31 35 21 26
11 43 19 37 17 53 36 34 38 55 56 0  23 42 44 49 22 4  54 2  58 30 16 12 25 24 26 60 32 39 21 40 28 51 7  50 6  3  8  29 31 46 13 1  14 59 41 52 57 15 35 33 47 5  18 9  10 48 20 45 27
45 21 55 38 41 9  56 19 20 5  40 51 18 32 33 28 58 49 12 7  8  1  54 34 60 26 25 27 15 53 52 43 13 14 23 48 42 46 3  59 10 4  36 31 57 0  37 50 35 17 47 11 30 29 22 2  6  44 16 39 24
59 32 6  52 39 55 2  38 53 42 49 24 46 47 41 58 27 44 48 23 54 34 36 19 11 45 43 16 28 60 31 30 1  50 21 40 22 57 7  4  35 14 9  26 17 25 12 13 18 10 33 56 3  8  20 5  51 37 15 0  29
19 49 51 53 15 16 18 10 43 25 7  56 57 52 42 4  5  23 6  0  40 54 37 17 35 9  41 38 31 29 60 28 47 55 36 24 34 22 27 46 20 26 14 8  50 58 39 32 59 1  44 2  13 3  21 33 11 12 45 48 30
4  41 15 49 0  36 52 16 23 34 43 40 54 58 26 2  7  48 38 39 51 44 59 8  53 47 14 56 29 28 30 60 50 46 9  42 5  45 18 19 11 1  35 10 21 37 33 25 17 3  32 20 6  24 12 57 27 55 13 22 31
51 39 57 14 13 18 58 25 19 41 59 47 26 4  3  54 36 34 5  8  52 42 49 40 37 7  12 48 60 30 29 31 53 56 17 43 16 24 44 1  23 9  21 35 38 50 55 11 27 22 45 0  20 32 15 46 33 2  6  10 28
55 26 39 57 18 54 31 21 27 48 44 30 38 20 52 41 23 56 4  45 13 7  29 16 59 46 1  8  43 22 11 6  32 60 35 34 49 47 12 2  50 15 51 28 10 19 25 37 9  36 40 42 14 58 5  0  17 3  53 24 33
38 15 44 48 31 46 10 14 39 18 6  49 24 56 7  1  51 52 9  27 59 43 26 47 12 42 22 19 37 58 36 4  35 33 60 32 30 28 0  8  53 54 25 21 2  55 5  23 3  11 57 16 17 40 41 45 13 50 29 20 34
48 38 56 22 21 15 24 18 57 20 17 43 41 55 25 5  40 10 7  42 9  4  3  46 6  14 54 37 39 50 51 59 33 32 34 60 44 27 1  28 16 12 19 11 36 52 23 58 0  53 29 30 45 49 26 13 2  8  47 31 35
40 24 30 13 50 20 23 39 54 21 58 46 44 3  16 42 14 26 57 53 5  9  52 6  1  36 17 31 59 49 2  27 60 34 33 35 25 55 41 7  0  38 15 48 12 56 11 51 43 29 4  47 22 19 8  37 45 18 10 28 32
42 14 52 7  32 33 55 3  28 26 35 16 20 17 1  40 11 13 49 54 12 41 53 48 56 58 9  45 8  44 46 47 4  5  50 10 36 60 39 38 15 21 0  59 29 27 30 31 23 18 34 57 2  22 19 6  24 51 25 43 37
20 5  14 56 19 1  54 45 21 31 26 18 35 59 2  48 30 58 11 4  0  8  47 27 41 43 10 23 50 32 16 9  29 57 46 12 39 37 60 36 52 24 49 25 55 7  34 22 15 42 28 53 40 51 6  44 3  33 17 13 38
52 42 16 29 57 40 41 24 45 32 21 28 48 18 56 20 2  33 13 34 15 10 31 35 7  51 59 53 11 3  58 22 9  17 19 23 37 36 38 60 5  6  1  47 49 8  54 43 12 44 55 25 0  27 46 50 14 4  30 26 39
13 52 5  30 34 2  50 47 25 58 45 15 59 0  40 11 43 57 27 49 31 28 48 53 44 8  46 18 21 41 3  20 54 42 4  51 60 38 37 39 14 29 33 16 24 10 26 7  22 19 6  35 1  23 32 56 55 17 9  12 36
28 46 53 8  52 25 29 48 3  39 54 50 31 16 58 24 13 47 20 37 18 49 27 26 15 5  23 22 0  6  32 12 30 44 55 59 56 19 51 9  40 60 43 42 33 57 1  17 7  21 11 38 4  2  10 34 36 45 14 35 41
50 59 12 54 11 28 35 58 49 24 18 4  2  21 55 19 25 36 10 15 53 13 30 38 9  16 39 51 5  46 22 37 45 48 56 6  17 31 23 26 43 41 60 40 52 32 29 57 33 8  0  27 44 20 3  14 34 47 7  1  42
27 19 35 9  59 31 37 53 33 3  32 58 22 57 23 30 46 29 21 1  24 18 12 14 20 39 48 0  52 17 15 5  10 8  38 2  45 6  34 25 41 40 42 60 51 36 16 55 26 54 56 44 28 7  49 47 50 13 11 4  43
25 28 29 58 44 13 16 9  51 7  57 45 33 5  38 53 6  22 46 36 37 24 17 49 21 0  32 35 1  2  55 48 26 12 52 27 19 20 14 50 60 42 41 43 4  11 18 56 31 23 39 8  34 15 59 30 47 10 3  54 40
39 8  40 43 58 27 48 23 1  57 51 19 55 24 21 59 52 54 56 11 28 14 38 7  13 41 30 5  20 34 26 49 42 53 29 37 50 35 22 0  2  25 32 3  44 60 47 46 6  31 36 10 16 33 17 12 18 9  4  15 45
36 54 4  50 2  35 12 30 59 13 23 52 6  9  31 32 37 51 28 41 56 40 24 10 22 48 38 42 18 33 7  14 15 29 43 5  0  16 26 53 21 19 27 34 47 45 60 44 25 57 3  17 11 39 1  58 20 49 55 8  46
14 7  59 35 38 30 22 1  55 50 12 13 10 11 0  43 20 25 53 31 16 51 6  37 42 17 29 34 49 26 5  19 56 36 27 3  33 23 4  41 48 39 24 15 45 44 46 60 40 28 9  21 58 18 57 8  32 54 52 2  47
58 27 28 40 42 24 13 51 17 23 19 36 25 6  43 52 31 8  33 10 41 50 32 9  5  12 49 1  2  37 54 16 22 18 48 39 11 29 56 35 3  20 4  14 60 46 45 47 34 26 21 7  15 57 30 59 38 53 0  55 44
47 40 23 41 14 29 11 46 15 12 20 6  9  26 4  8  59 24 25 44 10 37 55 2  17 18 13 43 45 5  53 35 38 54 58 31 52 21 32 56 1  3  57 27 19 28 7  0  48 60 51 50 36 30 33 22 39 42 34 16 49
16 35 17 19 36 23 42 41 58 56 46 20 28 43 34 47 0  2  32 3  11 57 44 5  29 53 52 55 12 24 39 38 18 59 14 1  4  54 31 30 45 7  6  13 22 40 10 15 51 49 60 48 26 25 37 27 9  21 8  33 50
10 47 9  31 26 8  43 56 5  2  0  32 52 22 45 38 39 35 41 25 55 27 13 58 54 19 4  21 57 36 40 3  11 37 44 17 29 33 15 16 30 18 53 6  34 14 59 1  49 48 50 60 12 42 24 20 7  28 23 46 51
15 57 8  24 27 38 45 35 2  30 42 41 17 37 36 0  26 12 55 56 34 52 33 28 3  40 16 4  23 43 9  54 44 22 20 7  14 13 5  47 25 11 10 29 32 6  58 39 60 50 49 51 21 59 31 18 19 1  46 53 48
17 20 48 42 37 50 27 13 12 28 29 34 8  7  59 26 41 0  22 40 1  58 18 36 32 44 15 6  9  10 56 39 24 38 11 57 23 4  33 31 19 16 3  45 25 43 51 49 2  47 5  46 52 60 55 54 30 35 21 14 53
5  4  33 27 1  0  32 50 22 35 39 26 16 51 49 18 12 30 15 21 57 19 8  45 48 34 11 3  36 38 17 58 6  2  25 9  28 59 29 10 44 47 56 46 40 23 43 41 24 14 7  13 55 53 60 52 42 20 31 37 54
31 13 32 33 46 39 49 26 16 45 22 29 47 1  35 51 8  20 34 59 17 56 10 50 58 30 7  40 44 11 25 0  2  3  18 14 43 42 57 5  27 48 37 36 28 9  4  12 41 6  23 15 53 52 54 60 21 38 24 19 55
21 25 49 51 47 14 9  32 31 6  30 23 37 40 5  50 34 27 24 46 38 0  56 11 18 1  36 17 41 45 10 8  7  58 16 44 26 12 20 48 13 28 59 57 35 29 19 4  39 2  15 3  60 54 53 55 22 43 33 42 52
49 18 41 10 33 45 30 42 44 16 3  21 34 31 47 36 9  46 1  28 35 11 39 51 40 32 37 52 19 54 6  13 25 4  12 20 15 26 43 22 24 2  7  38 8  5  17 14 55 0  53 23 27 50 29 48 56 60 59 58 57
12 36 25 16 54 44 34 31 24 27 55 17 0  48 51 39 3  11 52 29 47 45 35 32 8  2  42 9  33 19 43 7  23 28 6  22 1  50 46 15 49 53 26 30 5  21 38 20 13 40 37 14 18 41 4  10 59 57 60 56 58
34 37 26 4  3  17 53 8  7  14 25 12 11 38 9  16 15 5  30 20 19 46 42 24 23 10 2  28 27 55 18 32 31 45 0  36 35 1  13 40 39 49 22 44 43 33 21 48 47 41 54 52 51 6  50 29 57 56 58 60 59
35 22 50 25 55 48 21 15 26 46 34 33 27 53 24 7  29 31 39 43 49 6  1  44 14 3  8  12 40 16 41 17 52 11 10 0  54 51 45 18 28 30 47 19 23 38 9  42 5  20 2  37 32 13 36 4  60 58 57 59 56
3  2  1  0  6  7  4  5  10 11 8  9  14 15 12 13 18 19 16 17 22 23 20 21 26 27 24 25 30 31 28 29 34 35 32 33 38 39 36 37 42 43 40 41 46 47 44 45 50 51 48 49 54 55 52 53 58 59 56 57 60
