33 74 32 35 7  5  63 4  51 48 72 49 2  0  62 3  39 37 69 36 47 44 71 45 11 9  64 8  27 25 68 24 78 77 79 75 31 29 60 28 19 17 66 16 58 59 61 57 54 55 73 53 67 23 21 20 65 15 13 12 26 14 34 6  50 1  38 46 10 30 18 56 52 22 76 43 70 41 40 42
32 34 74 33 5  4  6  63 48 49 50 72 0  3  1  62 37 36 38 69 44 45 46 71 9  8  10 64 25 24 26 68 77 75 76 79 29 28 30 60 17 16 18 66 57 58 56 61 53 54 52 73 22 21 20 67 14 13 12 65 27 15 35 7  51 2  39 47 11 31 19 59 55 23 78 41 42 40 70 43
34 33 35 74 63 6  5  7  72 50 48 51 62 1  0  2  69 38 37 39 71 46 44 47 64 10 9  11 68 26 25 27 79 76 77 78 60 30 29 31 66 18 17 19 56 61 58 59 52 73 54 55 21 67 22 23 13 65 14 15 24 12 32 4  49 3  36 45 8  28 16 57 53 20 75 70 41 42 43 40
74 35 34 32 4  63 7  6  49 72 51 50 3  62 2  1  36 69 39 38 45 71 47 46 8  64 11 10 24 68 27 26 75 79 78 76 28 60 31 30 16 66 19 18 61 57 59 56 73 53 55 52 23 20 67 22 15 12 65 14 25 13 33 5  48 0  37 44 9  29 17 58 54 21 77 40 43 70 42 41
66 19 18 16 36 69 39 38 8  64 11 10 53 73 55 52 4  63 7  6  40 70 43 42 49 72 51 50 12 65 15 14 28 60 31 30 75 79 78 76 32 74 35 34 67 20 23 22 62 3  2  1  59 57 61 56 27 24 68 26 13 25 17 37 9  54 5  41 48 77 33 21 0  58 29 45 47 71 46 44
17 66 16 19 39 37 69 36 11 9  64 8  55 54 73 53 7  5  63 4  43 41 70 40 51 48 72 49 15 13 65 12 31 29 60 28 78 77 79 75 35 33 74 32 21 23 67 20 0  2  62 3  61 59 58 57 68 27 25 24 14 26 18 38 10 52 6  42 50 76 34 22 1  56 30 47 71 44 45 46
16 18 66 17 37 36 38 69 9  8  10 64 54 53 52 73 5  4  6  63 41 40 42 70 48 49 50 72 13 12 14 65 29 28 30 60 77 75 76 79 33 32 34 74 20 21 22 67 3  0  1  62 56 58 57 61 26 25 24 68 15 27 19 39 11 55 7  43 51 78 35 23 2  59 31 44 46 45 71 47
18 17 19 66 69 38 37 39 64 10 9  11 73 52 54 55 63 6  5  7  70 42 41 43 72 50 48 51 65 14 13 15 60 30 29 31 79 76 77 78 74 34 33 35 22 67 21 23 1  62 0  2  58 61 56 59 25 68 26 27 12 24 16 36 8  53 4  40 49 75 32 20 3  57 28 71 44 46 47 45
60 31 30 28 20 67 23 22 40 70 43 42 12 65 15 14 57 61 59 56 8  64 11 10 45 71 47 46 53 73 55 52 16 66 19 18 32 74 35 34 75 79 78 76 69 36 39 38 68 24 27 26 7  4  63 6  2  3  62 1  54 0  29 21 41 13 58 9  44 33 77 37 25 5  17 49 51 72 50 48
29 60 28 31 23 21 67 20 43 41 70 40 15 13 65 12 59 58 61 57 11 9  64 8  47 44 71 45 55 54 73 53 19 17 66 16 35 33 74 32 78 77 79 75 37 39 69 36 25 27 68 24 63 7  5  4  62 2  0  3  52 1  30 22 42 14 56 10 46 34 76 38 26 6  18 51 72 48 49 50
28 30 60 29 21 20 22 67 41 40 42 70 13 12 14 65 58 57 56 61 9  8  10 64 44 45 46 71 54 53 52 73 17 16 18 66 33 32 34 74 77 75 76 79 36 37 38 69 24 25 26 68 6  5  4  63 1  0  3  62 55 2  31 23 43 15 59 11 47 35 78 39 27 7  19 48 50 49 72 51
30 29 31 60 67 22 21 23 70 42 41 43 65 14 13 15 61 56 58 59 64 10 9  11 71 46 44 47 73 52 54 55 66 18 17 19 74 34 33 35 79 76 77 78 38 69 37 39 26 68 25 27 5  63 6  7  0  62 1  2  53 3  28 20 40 12 57 8  45 32 75 36 24 4  16 72 48 50 51 49
63 7  6  4  32 74 35 34 24 68 27 26 45 71 47 46 16 66 19 18 3  62 2  1  12 65 15 14 49 72 51 50 57 61 59 56 20 67 23 22 36 69 39 38 79 75 78 76 70 40 43 42 31 28 60 30 11 8  64 10 48 9  5  33 25 44 17 0  13 21 37 77 41 29 58 53 55 73 52 54
5  63 4  7  35 33 74 32 27 25 68 24 47 44 71 45 19 17 66 16 2  0  62 3  15 13 65 12 51 48 72 49 59 58 61 57 23 21 67 20 39 37 69 36 77 78 79 75 41 43 70 40 60 31 29 28 64 11 9  8  50 10 6  34 26 46 18 1  14 22 38 76 42 30 56 55 73 54 53 52
4  6  63 5  33 32 34 74 25 24 26 68 44 45 46 71 17 16 18 66 0  3  1  62 13 12 14 65 48 49 50 72 58 57 56 61 21 20 22 67 37 36 38 69 75 77 76 79 40 41 42 70 30 29 28 60 10 9  8  64 51 11 7  35 27 47 19 2  15 23 39 78 43 31 59 54 52 53 73 55
6  5  7  63 74 34 33 35 68 26 25 27 71 46 44 47 66 18 17 19 62 1  0  2  65 14 13 15 72 50 48 51 61 56 58 59 67 22 21 23 69 38 37 39 76 79 77 78 42 70 41 43 29 60 30 31 9  64 10 11 49 8  4  32 24 45 16 3  12 20 36 75 40 28 57 73 54 52 55 53
65 15 14 12 8  64 11 10 36 69 39 38 28 60 31 30 49 72 51 50 20 67 23 22 4  63 7  6  16 66 19 18 53 73 55 52 3  62 2  1  24 68 27 26 70 40 43 42 79 75 78 76 47 45 71 46 35 32 74 34 17 33 13 9  37 29 48 21 5  0  25 41 77 44 54 57 59 61 56 58
13 65 12 15 11 9  64 8  39 37 69 36 31 29 60 28 51 48 72 49 23 21 67 20 7  5  63 4  19 17 66 16 55 54 73 53 2  0  62 3  27 25 68 24 41 43 70 40 77 78 79 75 71 47 44 45 74 35 33 32 18 34 14 10 38 30 50 22 6  1  26 42 76 46 52 59 61 58 57 56
12 14 65 13 9  8  10 64 37 36 38 69 29 28 30 60 48 49 50 72 21 20 22 67 5  4  6  63 17 16 18 66 54 53 52 73 0  3  1  62 25 24 26 68 40 41 42 70 75 77 76 79 46 44 45 71 34 33 32 74 19 35 15 11 39 31 51 23 7  2  27 43 78 47 55 58 56 57 61 59
14 13 15 65 64 10 9  11 69 38 37 39 60 30 29 31 72 50 48 51 67 22 21 23 63 6  5  7  66 18 17 19 73 52 54 55 62 1  0  2  68 26 25 27 42 70 41 43 76 79 77 78 44 71 46 47 33 74 34 35 16 32 12 8  36 28 49 20 4  3  24 40 75 45 53 61 58 56 59 57
69 39 38 36 16 66 19 18 12 65 15 14 40 70 43 42 32 74 35 34 53 73 55 52 24 68 27 26 8  64 11 10 20 67 23 22 57 61 59 56 4  63 7  6  60 28 31 30 71 45 47 46 78 75 79 76 51 49 72 50 9  48 37 17 13 41 33 54 25 58 5  29 44 77 21 3  2  62 1  0
37 69 36 39 19 17 66 16 15 13 65 12 43 41 70 40 35 33 74 32 55 54 73 53 27 25 68 24 11 9  64 8  23 21 67 20 59 58 61 57 7  5  63 4  29 31 60 28 44 47 71 45 79 78 77 75 72 51 48 49 10 50 38 18 14 42 34 52 26 56 6  30 46 76 22 2  62 0  3  1
36 38 69 37 17 16 18 66 13 12 14 65 41 40 42 70 33 32 34 74 54 53 52 73 25 24 26 68 9  8  10 64 21 20 22 67 58 57 56 61 5  4  6  63 28 29 30 60 45 44 46 71 76 77 75 79 50 48 49 72 11 51 39 19 15 43 35 55 27 59 7  31 47 78 23 0  1  3  62 2
38 37 39 69 66 18 17 19 65 14 13 15 70 42 41 43 74 34 33 35 73 52 54 55 68 26 25 27 64 10 9  11 67 22 21 23 61 56 58 59 63 6  5  7  30 60 29 31 46 71 44 47 77 79 76 78 48 72 50 51 8  49 36 16 12 40 32 53 24 57 4  28 45 75 20 62 0  1  2  3
73 55 52 53 40 70 43 42 20 67 23 22 16 66 19 18 45 71 47 46 36 69 39 38 57 61 59 56 28 60 31 30 12 65 15 14 24 68 27 26 3  62 2  1  64 8  11 10 74 32 35 34 51 49 72 50 78 75 79 76 29 77 54 41 21 17 44 37 58 25 0  9  33 48 13 4  7  63 6  5
54 73 53 55 43 41 70 40 23 21 67 20 19 17 66 16 47 44 71 45 39 37 69 36 59 58 61 57 31 29 60 28 15 13 65 12 27 25 68 24 2  0  62 3  9  11 64 8  33 35 74 32 72 51 48 49 79 78 77 75 30 76 52 42 22 18 46 38 56 26 1  10 34 50 14 7  63 5  4  6
53 52 73 54 41 40 42 70 21 20 22 67 17 16 18 66 44 45 46 71 37 36 38 69 58 57 56 61 29 28 30 60 13 12 14 65 25 24 26 68 0  3  1  62 8  9  10 64 32 33 34 74 50 48 49 72 76 77 75 79 31 78 55 43 23 19 47 39 59 27 2  11 35 51 15 5  6  4  63 7
52 54 55 73 70 42 41 43 67 22 21 23 66 18 17 19 71 46 44 47 69 38 37 39 61 56 58 59 60 30 29 31 65 14 13 15 68 26 25 27 62 1  0  2  10 64 9  11 34 74 33 35 48 72 50 51 77 79 76 78 28 75 53 40 20 16 45 36 57 24 3  8  32 49 12 63 5  6  7  4
79 78 76 75 57 61 59 56 45 71 47 46 24 68 27 26 20 67 23 22 49 72 51 50 40 70 43 42 3  62 2  1  32 74 35 34 16 66 19 18 28 60 31 30 63 4  7  6  65 12 15 14 39 36 69 38 55 53 73 52 0  54 77 58 44 25 21 48 41 17 29 5  13 37 33 8  11 64 10 9
77 79 75 78 59 58 61 57 47 44 71 45 27 25 68 24 23 21 67 20 51 48 72 49 43 41 70 40 2  0  62 3  35 33 74 32 19 17 66 16 31 29 60 28 5  7  63 4  13 15 65 12 69 39 37 36 73 55 54 53 1  52 76 56 46 26 22 50 42 18 30 6  14 38 34 11 64 9  8  10
75 76 79 77 58 57 56 61 44 45 46 71 25 24 26 68 21 20 22 67 48 49 50 72 41 40 42 70 0  3  1  62 33 32 34 74 17 16 18 66 29 28 30 60 4  5  6  63 12 13 14 65 38 37 36 69 52 54 53 73 2  55 78 59 47 27 23 51 43 19 31 7  15 39 35 9  10 8  64 11
76 77 78 79 61 56 58 59 71 46 44 47 68 26 25 27 67 22 21 23 72 50 48 51 70 42 41 43 62 1  0  2  74 34 33 35 66 18 17 19 60 30 29 31 6  63 5  7  14 65 13 15 37 69 38 39 54 73 52 55 3  53 75 57 45 24 20 49 40 16 28 4  12 36 32 64 9  10 11 8
61 59 56 57 75 79 78 76 3  62 2  1  49 72 51 50 28 60 31 30 24 68 27 26 53 73 55 52 45 71 47 46 4  63 7  6  36 69 39 38 20 67 23 22 74 32 35 34 64 8  11 10 19 16 66 18 43 40 70 42 44 41 58 77 0  48 29 25 54 37 21 33 9  17 5  12 15 65 14 13
58 61 57 59 78 77 79 75 2  0  62 3  51 48 72 49 31 29 60 28 27 25 68 24 55 54 73 53 47 44 71 45 7  5  63 4  39 37 69 36 23 21 67 20 33 35 74 32 9  11 64 8  66 19 17 16 70 43 41 40 46 42 56 76 1  50 30 26 52 38 22 34 10 18 6  15 65 13 12 14
57 56 61 58 77 75 76 79 0  3  1  62 48 49 50 72 29 28 30 60 25 24 26 68 54 53 52 73 44 45 46 71 5  4  6  63 37 36 38 69 21 20 22 67 32 33 34 74 8  9  10 64 18 17 16 66 42 41 40 70 47 43 59 78 2  51 31 27 55 39 23 35 11 19 7  13 14 12 65 15
56 58 59 61 79 76 77 78 62 1  0  2  72 50 48 51 60 30 29 31 68 26 25 27 73 52 54 55 71 46 44 47 63 6  5  7  69 38 37 39 67 22 21 23 34 74 33 35 10 64 9  11 17 66 18 19 41 70 42 43 45 40 57 75 3  49 28 24 53 36 20 32 8  16 4  65 13 14 15 12
71 47 46 45 3  62 2  1  75 79 78 76 4  63 7  6  53 73 55 52 32 74 35 34 28 60 31 30 57 61 59 56 49 72 51 50 8  64 11 10 40 70 43 42 68 24 27 26 69 36 39 38 15 12 65 14 23 20 67 22 58 21 44 0  77 5  54 33 29 9  41 25 37 13 48 16 19 66 18 17
44 71 45 47 2  0  62 3  78 77 79 75 7  5  63 4  55 54 73 53 35 33 74 32 31 29 60 28 59 58 61 57 51 48 72 49 11 9  64 8  43 41 70 40 25 27 68 24 37 39 69 36 65 15 13 12 67 23 21 20 56 22 46 1  76 6  52 34 30 10 42 26 38 14 50 19 66 17 16 18
45 46 71 44 0  3  1  62 77 75 76 79 5  4  6  63 54 53 52 73 33 32 34 74 29 28 30 60 58 57 56 61 48 49 50 72 9  8  10 64 41 40 42 70 24 25 26 68 36 37 38 69 14 13 12 65 22 21 20 67 59 23 47 2  78 7  55 35 31 11 43 27 39 15 51 17 18 16 66 19
46 44 47 71 62 1  0  2  79 76 77 78 63 6  5  7  73 52 54 55 74 34 33 35 60 30 29 31 61 56 58 59 72 50 48 51 64 10 9  11 70 42 41 43 26 68 25 27 38 69 37 39 13 65 14 15 21 67 22 23 57 20 45 3  75 4  53 32 28 8  40 24 36 12 49 66 17 18 19 16
68 27 26 24 49 72 51 50 4  63 7  6  75 79 78 76 8  64 11 10 57 61 59 56 36 69 39 38 32 74 35 34 3  62 2  1  53 73 55 52 12 65 15 14 71 45 47 46 60 28 31 30 43 40 70 42 19 16 66 18 33 17 25 48 5  77 9  58 37 54 13 44 29 41 0  20 23 67 22 21
25 68 24 27 51 48 72 49 7  5  63 4  78 77 79 75 11 9  64 8  59 58 61 57 39 37 69 36 35 33 74 32 2  0  62 3  55 54 73 53 15 13 65 12 44 47 71 45 29 31 60 28 70 43 41 40 66 19 17 16 34 18 26 50 6  76 10 56 38 52 14 46 30 42 1  23 67 21 20 22
24 26 68 25 48 49 50 72 5  4  6  63 77 75 76 79 9  8  10 64 58 57 56 61 37 36 38 69 33 32 34 74 0  3  1  62 54 53 52 73 13 12 14 65 45 44 46 71 28 29 30 60 42 41 40 70 18 17 16 66 35 19 27 51 7  78 11 59 39 55 15 47 31 43 2  21 22 20 67 23
26 25 27 68 72 50 48 51 63 6  5  7  79 76 77 78 64 10 9  11 61 56 58 59 69 38 37 39 74 34 33 35 62 1  0  2  73 52 54 55 65 14 13 15 46 71 44 47 30 60 29 31 41 70 42 43 17 66 18 19 32 16 24 49 4  75 8  57 36 53 12 45 28 40 3  67 21 22 23 20
21 67 20 23 31 29 60 28 55 54 73 53 11 9  64 8  78 77 79 75 15 13 65 12 2  0  62 3  43 41 70 40 39 37 69 36 7  5  63 4  59 58 61 57 17 19 66 16 48 51 72 49 74 35 33 32 71 47 44 45 42 46 22 30 52 10 76 14 1  6  56 18 50 34 38 27 68 25 24 26
67 23 22 20 28 60 31 30 53 73 55 52 8  64 11 10 75 79 78 76 12 65 15 14 3  62 2  1  40 70 43 42 36 69 39 38 4  63 7  6  57 61 59 56 66 16 19 18 72 49 51 50 35 32 74 34 47 45 71 46 41 44 21 29 54 9  77 13 0  5  58 17 48 33 37 24 27 68 26 25
20 22 67 21 29 28 30 60 54 53 52 73 9  8  10 64 77 75 76 79 13 12 14 65 0  3  1  62 41 40 42 70 37 36 38 69 5  4  6  63 58 57 56 61 16 17 18 66 49 48 50 72 34 33 32 74 46 44 45 71 43 47 23 31 55 11 78 15 2  7  59 19 51 35 39 25 26 24 68 27
22 21 23 67 60 30 29 31 73 52 54 55 64 10 9  11 79 76 77 78 65 14 13 15 62 1  0  2  70 42 41 43 69 38 37 39 63 6  5  7  61 56 58 59 18 66 17 19 50 72 48 51 33 74 34 35 44 71 46 47 40 45 20 28 53 8  75 12 3  4  57 16 49 32 36 68 25 26 27 24
48 72 49 51 27 25 68 24 35 33 74 32 59 58 61 57 15 13 65 12 78 77 79 75 19 17 66 16 7  5  63 4  47 44 71 45 43 41 70 40 11 9  64 8  0  2  62 3  21 23 67 20 73 55 54 53 69 39 37 36 6  38 50 26 34 56 14 76 18 42 10 1  22 52 46 31 60 29 28 30
72 51 50 49 24 68 27 26 32 74 35 34 57 61 59 56 12 65 15 14 75 79 78 76 16 66 19 18 4  63 7  6  45 71 47 46 40 70 43 42 8  64 11 10 62 3  2  1  67 20 23 22 55 53 73 52 39 36 69 38 5  37 48 25 33 58 13 77 17 41 9  0  21 54 44 28 31 60 30 29
49 50 72 48 25 24 26 68 33 32 34 74 58 57 56 61 13 12 14 65 77 75 76 79 17 16 18 66 5  4  6  63 44 45 46 71 41 40 42 70 9  8  10 64 3  0  1  62 20 21 22 67 52 54 53 73 38 37 36 69 7  39 51 27 35 59 15 78 19 43 11 2  23 55 47 29 30 28 60 31
50 48 51 72 68 26 25 27 74 34 33 35 61 56 58 59 65 14 13 15 79 76 77 78 66 18 17 19 63 6  5  7  71 46 44 47 70 42 41 43 64 10 9  11 1  62 0  2  22 67 21 23 54 73 52 55 37 69 38 39 4  36 49 24 32 57 12 75 16 40 8  3  20 53 45 60 29 30 31 28
40 42 70 41 54 53 52 73 29 28 30 60 37 36 38 69 0  3  1  62 17 16 18 66 77 75 76 79 21 20 22 67 9  8  10 64 48 49 50 72 44 45 46 71 12 13 14 65 4  5  6  63 26 25 24 68 56 58 57 61 23 59 43 55 31 39 2  19 78 51 47 15 7  27 11 33 34 32 74 35
70 43 42 40 53 73 55 52 28 60 31 30 36 69 39 38 3  62 2  1  16 66 19 18 75 79 78 76 20 67 23 22 8  64 11 10 49 72 51 50 45 71 47 46 65 12 15 14 63 4  7  6  27 24 68 26 59 57 61 56 21 58 41 54 29 37 0  17 77 48 44 13 5  25 9  32 35 74 34 33
41 70 40 43 55 54 73 53 31 29 60 28 39 37 69 36 2  0  62 3  19 17 66 16 78 77 79 75 23 21 67 20 11 9  64 8  51 48 72 49 47 44 71 45 13 15 65 12 5  7  63 4  68 27 25 24 61 59 58 57 22 56 42 52 30 38 1  18 76 50 46 14 6  26 10 35 74 33 32 34
42 41 43 70 73 52 54 55 60 30 29 31 69 38 37 39 62 1  0  2  66 18 17 19 79 76 77 78 67 22 21 23 64 10 9  11 72 50 48 51 71 46 44 47 14 65 13 15 6  63 5  7  25 68 26 27 58 61 56 59 20 57 40 53 28 36 3  16 75 49 45 12 4  24 8  74 33 34 35 32
3  1  62 0  44 45 46 71 58 57 56 61 33 32 34 74 41 40 42 70 5  4  6  63 21 20 22 67 77 75 76 79 25 24 26 68 13 12 14 65 54 53 52 73 49 48 50 72 16 17 18 66 10 9  8  64 30 29 28 60 78 31 2  47 59 35 43 7  23 15 55 51 19 11 27 37 38 36 69 39
62 2  1  3  45 71 47 46 57 61 59 56 32 74 35 34 40 70 43 42 4  63 7  6  20 67 23 22 75 79 78 76 24 68 27 26 12 65 15 14 53 73 55 52 72 49 51 50 66 16 19 18 11 8  64 10 31 28 60 30 77 29 0  44 58 33 41 5  21 13 54 48 17 9  25 36 39 69 38 37
0  62 3  2  47 44 71 45 59 58 61 57 35 33 74 32 43 41 70 40 7  5  63 4  23 21 67 20 78 77 79 75 27 25 68 24 15 13 65 12 55 54 73 53 48 51 72 49 17 19 66 16 64 11 9  8  60 31 29 28 76 30 1  46 56 34 42 6  22 14 52 50 18 10 26 39 69 37 36 38
1  0  2  62 71 46 44 47 61 56 58 59 74 34 33 35 70 42 41 43 63 6  5  7  67 22 21 23 79 76 77 78 68 26 25 27 65 14 13 15 73 52 54 55 50 72 48 51 18 66 17 19 9  64 10 11 29 60 30 31 75 28 3  45 57 32 40 4  20 12 53 49 16 8  24 69 37 38 39 36
78 75 77 76 56 59 57 58 46 47 45 44 26 27 24 25 22 23 20 21 50 51 49 48 42 43 40 41 1  2  3  0  34 35 32 33 18 19 16 17 30 31 28 29 7  6  4  5  15 14 12 13 36 38 39 37 53 52 55 54 62 73 79 61 71 68 67 72 70 66 60 63 65 69 74 10 8  11 9  64
2  3  0  1  46 47 45 44 56 59 57 58 34 35 32 33 42 43 40 41 6  7  4  5  22 23 20 21 76 78 75 77 26 27 24 25 14 15 12 13 52 55 53 54 51 50 49 48 19 18 16 17 8  10 11 9  28 30 31 29 79 60 62 71 61 74 70 63 67 65 73 72 66 64 68 38 36 39 37 69
35 32 33 34 6  7  4  5  50 51 49 48 1  2  3  0  38 39 36 37 46 47 45 44 10 11 8  9  26 27 24 25 76 78 75 77 30 31 28 29 18 19 16 17 59 56 57 58 55 52 53 54 20 22 23 21 12 14 15 13 68 65 74 63 72 62 69 71 64 60 66 61 73 67 79 42 40 43 41 70
19 16 17 18 38 39 36 37 10 11 8  9  52 55 53 54 6  7  4  5  42 43 40 41 50 51 49 48 14 15 12 13 30 31 28 29 76 78 75 77 34 35 32 33 23 22 20 21 2  1  3  0  57 56 59 58 24 26 27 25 65 68 66 69 64 73 63 70 72 79 74 67 62 61 60 46 45 47 44 71
31 28 29 30 22 23 20 21 42 43 40 41 14 15 12 13 56 59 57 58 10 11 8  9  46 47 45 44 52 55 53 54 18 19 16 17 34 35 32 33 76 78 75 77 39 38 36 37 27 26 24 25 4  6  7  5  3  1  2  0  73 62 60 67 70 65 61 64 71 74 79 69 68 63 66 50 49 51 48 72
7  4  5  6  34 35 32 33 26 27 24 25 46 47 45 44 18 19 16 17 1  2  3  0  14 15 12 13 50 51 49 48 56 59 57 58 22 23 20 21 38 39 36 37 78 76 75 77 43 42 40 41 28 30 31 29 8  10 11 9  72 64 63 74 68 71 66 62 65 67 69 79 70 60 61 52 53 55 54 73
15 12 13 14 10 11 8  9  38 39 36 37 30 31 28 29 50 51 49 48 22 23 20 21 6  7  4  5  18 19 16 17 52 55 53 54 1  2  3  0  26 27 24 25 43 42 40 41 78 76 75 77 45 46 47 44 32 34 35 33 66 74 65 64 69 60 72 67 63 62 68 70 79 71 73 56 57 59 58 61
39 36 37 38 18 19 16 17 14 15 12 13 42 43 40 41 34 35 32 33 52 55 53 54 26 27 24 25 10 11 8  9  22 23 20 21 56 59 57 58 6  7  4  5  31 30 28 29 47 46 45 44 75 76 78 77 49 50 51 48 64 72 69 66 65 70 74 73 68 61 63 60 71 79 67 1  3  2  0  62
55 53 54 52 42 43 40 41 22 23 20 21 18 19 16 17 46 47 45 44 38 39 36 37 56 59 57 58 30 31 28 29 14 15 12 13 26 27 24 25 1  2  3  0  11 10 8  9  35 34 32 33 49 50 51 48 75 76 78 77 60 79 73 70 67 66 71 69 61 68 62 64 74 72 65 6  4  7  5  63
47 45 44 46 1  2  3  0  76 78 75 77 6  7  4  5  52 55 53 54 34 35 32 33 30 31 28 29 56 59 57 58 50 51 49 48 10 11 8  9  42 43 40 41 27 26 24 25 39 38 36 37 12 14 15 13 20 22 23 21 61 67 71 62 79 63 73 74 60 64 70 68 69 65 72 18 16 19 17 66
27 24 25 26 50 51 49 48 6  7  4  5  76 78 75 77 10 11 8  9  56 59 57 58 38 39 36 37 34 35 32 33 1  2  3  0  52 55 53 54 14 15 12 13 47 46 45 44 31 30 28 29 40 42 43 41 16 18 19 17 74 66 68 72 63 79 64 61 69 73 65 71 60 70 62 22 20 23 21 67
23 20 21 22 30 31 28 29 52 55 53 54 10 11 8  9  76 78 75 77 14 15 12 13 1  2  3  0  42 43 40 41 38 39 36 37 6  7  4  5  56 59 57 58 19 18 16 17 51 50 49 48 32 34 35 33 45 46 47 44 70 71 67 60 73 64 79 65 62 63 61 66 72 74 69 26 24 27 25 68
51 49 48 50 26 27 24 25 34 35 32 33 56 59 57 58 14 15 12 13 76 78 75 77 18 19 16 17 6  7  4  5  46 47 45 44 42 43 40 41 10 11 8  9  2  1  3  0  23 22 20 21 53 52 55 54 36 38 39 37 63 69 72 68 74 61 65 79 66 70 64 62 67 73 71 30 28 31 29 60
43 40 41 42 52 55 53 54 30 31 28 29 38 39 36 37 1  2  3  0  18 19 16 17 76 78 75 77 22 23 20 21 10 11 8  9  50 51 49 48 46 47 45 44 15 14 12 13 7  6  4  5  24 26 27 25 57 56 59 58 67 61 70 73 60 69 62 66 79 72 71 65 63 68 64 34 32 35 33 74
59 57 58 56 76 78 75 77 1  2  3  0  50 51 49 48 30 31 28 29 26 27 24 25 52 55 53 54 46 47 45 44 6  7  4  5  38 39 36 37 22 23 20 21 35 34 32 33 11 10 8  9  16 18 19 17 40 42 43 41 71 70 61 79 62 72 60 68 73 69 67 74 64 66 63 14 12 15 13 65
64 11 10 8  12 65 15 14 16 66 19 18 20 67 23 22 24 68 27 26 28 60 31 30 32 74 35 34 36 69 39 38 40 70 43 42 45 71 47 46 49 72 51 50 73 53 55 52 61 57 59 56 2  3  62 1  7  4  63 6  37 5  9  13 17 21 25 29 33 44 48 54 58 0  41 75 78 79 76 77
8  10 64 9  13 12 14 65 17 16 18 66 21 20 22 67 25 24 26 68 29 28 30 60 33 32 34 74 37 36 38 69 41 40 42 70 44 45 46 71 48 49 50 72 53 54 52 73 57 58 56 61 1  0  3  62 6  5  4  63 39 7  11 15 19 23 27 31 35 47 51 55 59 2  43 77 76 75 79 78
9  64 8  11 15 13 65 12 19 17 66 16 23 21 67 20 27 25 68 24 31 29 60 28 35 33 74 32 39 37 69 36 43 41 70 40 47 44 71 45 51 48 72 49 54 55 73 53 58 59 61 57 62 2  0  3  63 7  5  4  38 6  10 14 18 22 26 30 34 46 50 52 56 1  42 78 79 77 75 76
10 9  11 64 65 14 13 15 66 18 17 19 67 22 21 23 68 26 25 27 60 30 29 31 74 34 33 35 69 38 37 39 70 42 41 43 71 46 44 47 72 50 48 51 52 73 54 55 56 61 58 59 0  62 1  2  5  63 6  7  36 4  8  12 16 20 24 28 32 45 49 53 57 3  40 79 77 76 78 75
11 8  9  10 14 15 12 13 18 19 16 17 22 23 20 21 26 27 24 25 30 31 28 29 34 35 32 33 38 39 36 37 42 43 40 41 46 47 45 44 50 51 49 48 55 52 53 54 59 56 57 58 3  1  2  0  4  6  7  5  69 63 64 65 66 67 68 60 74 71 72 73 61 62 70 76 75 78 77 79
