00 79 19 34 25 61 41 01 69 49 29 57 73 65 53 33 45 21 77 22 64 13 47 70 36 17 63 50 32 07 03 46 60 04 67 74 20 12 55 66 76 14 35 26 28 09 31 58 44 18 59 42 68 08 51 54 40 10 71 30 48 05 43 38 72 16 27 62 56 11 39 78 24 15 75 02 52 06 23 37 
19 01 79 64 70 46 26 02 54 34 74 42 58 50 38 78 30 66 62 52 59 65 12 40 51 61 14 20 71 73 09 76 43 29 18 44 27 53 08 36 39 25 10 56 75 33 05 28 23 57 16 72 47 41 11 24 63 69 15 60 03 37 06 68 67 49 13 32 55 21 17 48 35 77 07 00 31 45 04 22 
49 64 02 79 55 31 71 03 39 19 59 27 43 35 23 63 75 51 47 18 29 72 38 08 21 24 70 10 41 60 78 05 73 68 42 16 57 32 26 11 69 48 54 15 45 00 22 06 53 52 34 13 77 40 66 17 33 20 62 07 01 76 30 04 37 44 50 12 25 36 46 14 65 56 58 09 61 28 74 67 
79 34 49 03 40 76 56 00 24 64 44 72 28 20 68 48 60 36 32 27 16 42 77 71 11 54 33 39 15 30 01 67 06 38 37 19 13 62 25 51 17 78 65 47 07 02 61 75 04 22 29 35 12 70 21 31 14 50 41 43 09 46 73 59 18 74 57 23 08 66 69 55 10 26 45 63 05 58 53 52 
66 51 36 21 04 79 05 17 12 11 18 16 06 14 10 13 07 09 15 45 70 39 76 29 34 27 68 41 50 67 28 77 02 63 60 25 54 31 44 49 42 23 56 65 22 43 32 01 78 75 40 69 46 59 64 57 38 71 20 37 58 47 00 33 30 55 24 61 74 19 72 53 26 35 52 73 62 03 48 08 
58 43 28 73 16 05 79 06 18 13 12 04 17 07 15 11 14 08 10 33 42 59 20 69 02 55 52 77 46 23 36 41 34 75 48 57 74 35 24 01 70 67 32 61 38 51 56 49 30 63 72 29 50 39 00 25 22 47 76 53 66 71 64 45 78 27 44 65 54 03 40 37 62 31 68 21 26 19 60 09 
30 75 60 45 11 17 06 79 07 04 14 13 05 18 08 16 12 15 09 21 62 35 44 61 22 71 00 57 54 19 48 25 38 43 36 77 50 59 76 37 26 03 72 69 34 63 40 53 58 51 32 65 74 31 52 41 02 27 24 49 78 55 68 73 66 47 20 29 46 67 56 01 42 39 64 33 70 23 28 10 
46 31 76 61 10 12 18 07 79 08 05 15 14 06 04 09 17 13 16 29 22 63 36 45 62 23 72 01 58 55 20 49 26 39 44 37 78 51 60 77 38 27 00 73 70 35 64 41 54 59 52 33 66 75 32 53 42 03 28 25 50 19 56 69 74 67 48 21 30 47 68 57 02 43 40 65 34 71 24 11 
78 63 48 33 17 11 13 04 08 79 09 06 16 15 07 05 10 18 14 73 26 31 24 65 38 47 64 25 74 03 60 57 22 51 28 41 46 39 20 53 62 19 40 29 02 75 72 37 66 43 56 61 54 35 68 77 34 55 44 01 30 27 52 21 58 71 76 69 50 23 32 49 70 59 00 45 42 67 36 12 
34 19 64 49 15 18 12 14 05 09 79 10 07 17 16 08 06 11 04 37 74 27 32 25 66 39 48 65 26 75 00 61 58 23 52 29 42 47 40 21 54 63 20 41 30 03 76 73 38 67 44 57 62 55 36 69 78 35 56 45 02 31 28 53 22 59 72 77 70 51 24 33 50 71 60 01 46 43 68 13 
42 27 72 57 05 16 04 13 15 06 10 79 11 08 18 17 09 07 12 41 58 19 68 01 54 51 76 45 22 35 40 33 74 47 56 73 34 23 00 69 66 31 60 37 50 55 48 29 62 71 28 49 38 03 24 21 46 75 52 65 70 63 44 77 26 43 64 53 02 39 36 61 30 67 20 25 78 59 32 14 
62 47 32 77 13 06 17 05 14 16 07 11 79 12 09 04 18 10 08 25 30 23 64 37 46 63 24 73 02 59 56 21 50 27 40 45 38 19 52 61 78 39 28 01 74 71 36 65 42 55 60 53 34 67 76 33 54 43 00 29 26 51 20 57 70 75 68 49 22 31 48 69 58 03 44 41 66 35 72 15 
38 23 68 53 09 14 07 18 06 15 17 08 12 79 13 10 05 04 11 01 50 47 72 41 78 31 36 29 70 43 52 69 30 19 00 65 62 27 56 33 46 51 44 25 58 67 24 45 34 03 20 77 42 71 48 61 66 59 40 73 22 39 60 49 02 35 32 57 26 63 76 21 74 55 28 37 54 75 64 16 
26 71 56 41 12 10 15 08 04 07 16 18 09 13 79 14 11 06 05 57 78 67 00 53 50 75 44 21 34 39 32 73 46 55 72 33 22 03 68 65 30 59 36 49 54 47 28 61 70 27 48 37 02 23 20 45 74 51 64 69 62 43 76 25 42 63 52 01 38 35 60 29 66 19 24 77 58 31 40 17 
22 67 52 37 06 13 11 16 09 05 08 17 04 10 14 79 15 12 07 49 46 71 40 77 30 35 28 69 42 51 68 29 78 03 64 61 26 55 32 45 50 43 24 57 66 23 44 33 02 19 76 41 70 47 60 65 58 39 72 21 38 59 48 01 34 31 56 25 62 75 20 73 54 27 36 53 74 63 00 18 
50 35 20 65 08 07 14 12 17 10 06 09 18 05 11 15 79 16 13 69 38 75 28 33 26 67 40 49 66 27 76 01 62 59 24 53 30 43 48 41 22 55 64 21 42 31 00 77 74 39 68 45 58 63 56 37 70 19 36 57 46 03 32 29 54 23 60 73 78 71 52 25 34 51 72 61 02 47 44 04 
02 03 00 01 14 09 08 15 13 18 11 07 10 04 06 12 16 79 17 53 54 55 56 57 58 59 60 61 62 63 64 65 66 67 68 69 70 71 72 73 74 75 76 77 78 19 20 21 22 23 24 25 26 27 28 29 30 31 32 33 34 35 36 37 38 39 40 41 42 43 44 45 46 47 48 49 50 51 52 05 
54 39 24 69 18 15 10 09 16 14 04 12 08 11 05 07 13 17 79 65 02 51 48 73 42 19 32 37 30 71 44 53 70 31 20 01 66 63 28 57 34 47 52 45 26 59 68 25 46 35 00 21 78 43 72 49 62 67 60 41 74 23 40 61 50 03 36 33 58 27 64 77 22 75 56 29 38 55 76 06 
70 55 40 25 79 04 16 11 10 17 15 05 13 09 12 06 08 14 18 77 66 03 52 49 74 43 20 33 38 31 72 45 54 71 32 21 02 67 64 29 58 35 48 53 46 27 60 69 26 47 36 01 22 19 44 73 50 63 68 61 42 75 24 41 62 51 00 37 34 59 28 65 78 23 76 57 30 39 56 07 
16 74 29 47 36 52 48 24 00 44 64 28 72 68 20 56 32 40 60 19 79 58 45 75 08 02 41 59 14 62 69 55 13 50 61 27 06 30 21 31 09 26 53 03 12 54 37 71 10 46 49 63 07 66 25 51 15 38 33 23 17 22 57 39 05 34 73 43 11 70 01 67 04 78 77 35 18 42 65 76 
28 13 27 42 01 33 37 25 21 57 73 49 29 45 77 61 65 69 53 26 20 79 23 02 60 11 31 30 68 10 55 78 36 12 71 58 64 04 03 54 56 05 75 22 00 08 63 74 52 15 43 34 32 09 39 66 24 07 67 50 72 14 59 62 48 06 19 38 76 17 51 46 40 18 35 70 44 16 47 41 
47 29 12 32 22 66 02 26 78 62 30 38 50 58 42 54 74 46 34 40 75 21 79 52 31 33 17 28 03 37 15 36 35 01 08 60 23 25 18 76 63 53 06 00 59 61 11 20 27 41 07 68 19 57 05 48 39 77 09 44 71 73 10 72 55 45 04 64 67 65 14 24 43 69 16 56 51 49 13 70 
25 40 54 08 19 75 23 27 43 55 51 03 39 63 71 35 31 59 67 12 21 00 22 79 29 28 58 14 53 76 66 07 69 56 30 11 01 52 34 16 73 20 02 04 61 72 38 17 41 32 26 09 37 64 78 06 65 48 74 05 57 60 42 15 77 36 46 18 49 44 50 10 33 68 70 13 45 24 62 47 
11 66 21 51 44 32 20 28 72 36 40 24 00 56 48 68 52 64 76 55 08 54 61 23 79 42 53 63 10 22 73 19 09 78 45 67 17 46 29 03 13 38 41 31 18 58 77 43 14 30 25 59 05 74 49 47 04 26 65 75 06 62 01 35 07 70 69 71 16 34 57 27 15 50 37 39 12 02 33 60 
48 17 39 54 73 53 45 29 49 69 01 21 25 37 61 77 41 57 33 50 68 11 63 58 24 79 47 22 20 15 59 38 40 05 35 02 32 14 43 42 44 12 67 30 72 16 23 70 76 10 03 66 64 06 27 34 60 18 75 26 00 04 55 46 28 09 51 78 52 13 19 62 36 07 71 74 56 08 31 65 
63 49 14 48 50 42 74 30 62 78 26 46 22 70 66 34 02 38 54 28 71 73 17 20 23 25 79 40 59 65 07 72 67 45 06 56 31 33 10 68 47 61 08 44 03 53 13 52 51 77 15 76 39 69 04 32 19 41 16 00 75 21 18 36 43 01 05 24 35 37 12 64 55 57 09 60 27 29 11 58 
65 20 50 10 63 03 51 31 67 35 23 75 47 19 59 55 27 71 43 17 53 60 42 14 41 52 26 79 21 72 62 09 77 44 38 04 45 28 70 15 37 40 46 11 57 76 30 12 29 24 58 07 73 48 74 18 25 64 78 13 61 00 22 16 69 68 02 06 33 56 54 08 49 36 34 05 01 32 66 39 
15 26 41 75 68 28 64 32 60 56 48 52 76 36 40 44 24 20 00 39 14 22 01 47 10 30 29 27 79 54 77 35 05 70 57 59 18 02 53 43 07 74 21 71 17 62 73 03 08 42 33 67 09 38 65 23 16 66 49 51 12 58 61 19 13 78 37 31 04 50 45 63 11 34 69 55 06 46 25 72 
68 07 75 30 61 25 69 33 41 45 77 65 53 57 73 01 49 37 29 66 48 10 59 46 56 15 03 42 28 79 63 70 76 06 51 62 72 16 31 22 60 09 27 54 32 14 55 38 40 11 47 50 00 05 67 26 44 13 39 34 64 08 23 58 20 12 35 74 36 18 71 02 52 17 19 78 24 04 43 21 
03 37 09 00 42 50 62 34 74 02 54 70 66 46 22 30 78 58 26 68 39 45 15 72 43 57 07 76 47 29 79 20 51 73 04 24 55 69 13 28 59 77 05 32 63 41 10 36 67 61 17 40 71 33 06 44 75 53 12 48 19 01 11 52 23 21 08 56 27 49 16 60 31 25 14 64 35 65 18 38 
61 76 70 05 75 19 43 35 23 31 67 63 71 03 39 27 55 47 51 16 37 48 74 07 77 68 02 09 73 40 30 79 41 24 66 18 33 36 50 12 53 72 58 06 25 20 62 15 69 44 46 14 21 60 42 04 57 00 22 08 65 64 78 17 29 52 26 11 45 32 34 13 01 28 54 10 49 56 38 59 
06 58 73 27 24 56 76 36 40 28 72 44 64 32 60 52 68 00 20 03 13 74 65 59 09 70 37 75 05 38 21 31 79 30 33 47 16 50 69 55 08 22 77 19 04 66 41 39 07 78 57 23 10 54 01 67 18 62 61 63 11 26 49 71 14 42 29 35 17 02 25 51 12 46 53 43 15 34 45 48 
56 04 23 38 41 69 25 37 61 53 65 77 45 29 49 21 73 33 57 02 24 12 27 26 68 05 51 74 60 06 67 54 32 79 03 50 40 13 71 78 28 11 59 70 76 18 39 30 72 09 35 62 36 15 63 46 20 16 55 58 52 17 75 34 44 10 47 42 00 14 31 66 64 08 43 22 48 07 19 01 
67 61 18 52 62 74 42 38 50 22 46 26 78 54 02 58 66 30 70 64 31 69 08 32 75 01 06 24 27 41 04 44 63 33 79 76 71 45 12 60 35 49 17 72 51 29 16 48 03 37 05 56 55 73 07 20 43 65 13 36 23 57 14 00 19 25 15 40 47 77 10 28 39 21 11 68 59 53 09 34 
29 44 62 16 51 67 63 39 03 59 19 43 27 23 35 71 47 55 75 05 49 28 58 11 25 00 22 04 33 32 50 18 57 20 34 79 73 60 30 08 01 56 74 14 77 24 70 13 65 76 42 06 45 36 46 09 41 68 02 12 69 52 26 10 61 64 78 07 21 40 66 15 53 48 38 17 37 72 54 31 
13 42 57 43 00 48 52 40 36 72 28 64 44 60 32 76 20 24 68 63 06 34 53 31 17 66 61 55 18 50 25 59 16 62 41 35 79 38 01 75 11 46 45 23 10 70 33 51 12 26 73 19 04 02 69 71 05 30 37 03 08 78 29 67 15 58 49 47 09 54 21 39 07 22 65 27 14 74 77 56 
44 12 47 62 37 21 01 41 33 77 45 53 65 73 57 69 29 61 49 70 60 04 19 22 20 14 39 58 24 16 71 66 64 13 55 30 36 79 67 46 48 17 43 02 52 15 51 50 00 08 75 38 40 18 31 78 68 06 03 74 76 11 35 42 56 07 23 34 72 05 63 54 32 09 59 26 28 10 27 25 
55 69 08 40 34 30 38 42 58 70 66 02 54 78 26 50 46 74 22 32 51 61 18 64 59 65 10 48 23 25 13 60 39 77 12 36 03 37 79 44 43 73 14 68 31 21 07 24 71 45 11 00 67 49 16 28 35 01 04 76 27 53 17 56 47 41 09 52 19 33 06 20 63 29 05 72 75 57 15 62 
21 36 66 11 59 47 35 43 27 51 55 39 03 71 63 23 67 19 31 07 25 24 26 16 49 72 42 15 65 52 54 12 01 48 70 08 69 76 38 79 57 68 78 10 37 28 34 09 33 60 22 17 61 44 02 13 53 56 46 18 73 32 58 14 45 40 74 05 29 64 62 04 41 20 30 06 77 00 50 75 
17 54 69 63 28 68 60 44 64 24 00 36 40 52 76 32 56 72 48 43 09 66 33 67 13 34 77 51 07 26 29 71 08 46 65 23 11 78 73 39 79 62 37 35 15 74 53 55 05 50 01 47 14 58 57 59 12 22 45 27 16 38 25 31 10 02 21 19 06 42 49 75 18 30 41 03 04 70 61 20 
64 14 63 78 65 57 29 45 77 33 41 61 37 25 21 49 01 53 69 58 00 05 39 50 52 12 19 70 72 09 75 42 44 11 43 26 28 17 35 38 40 79 55 74 20 07 27 22 60 06 71 46 48 10 23 62 76 08 59 02 68 13 67 66 32 15 31 54 24 04 47 34 56 16 03 30 36 18 51 73 
35 65 10 20 78 02 66 46 22 50 38 30 62 34 74 70 42 26 58 24 23 01 06 48 71 69 08 64 51 49 05 00 47 21 17 68 75 57 14 56 67 41 79 36 27 77 09 32 59 53 04 60 43 25 15 52 55 61 11 72 31 45 12 44 39 73 07 28 63 29 18 40 19 33 13 76 03 37 16 54 
41 56 30 15 23 43 19 47 75 71 63 67 31 51 55 59 39 35 03 13 33 52 46 04 65 60 78 11 49 24 70 06 61 40 54 14 37 00 62 10 45 44 42 79 69 32 50 05 25 72 74 18 01 68 58 07 29 36 26 17 77 28 02 08 57 48 22 09 53 20 38 16 21 64 66 12 73 76 34 27 
07 30 45 23 76 40 24 48 56 60 32 20 68 72 28 00 64 52 44 35 12 50 29 51 18 26 01 67 17 34 33 39 04 58 21 63 10 74 61 71 15 02 57 43 79 78 25 31 06 66 77 27 16 46 37 75 09 42 69 47 14 70 53 55 11 62 65 03 05 22 41 59 13 54 49 19 08 38 73 36 
52 09 03 02 57 65 77 49 29 01 69 25 21 61 37 45 33 73 41 38 36 08 71 42 64 16 75 46 40 14 19 50 20 18 23 54 60 15 27 58 72 07 31 62 44 79 35 66 28 04 39 70 24 13 43 74 32 05 47 78 56 10 51 22 76 17 55 26 48 06 59 30 68 12 63 34 00 11 67 53 
31 25 05 76 30 34 58 50 38 46 22 78 26 02 54 42 70 62 66 44 67 41 11 60 47 49 13 00 43 69 10 64 71 53 16 52 63 29 07 32 23 01 09 28 55 45 79 56 39 21 18 48 51 65 12 68 27 73 06 40 35 77 15 24 59 61 14 36 75 57 04 72 03 37 08 20 19 33 17 74 
73 28 42 06 39 71 31 51 55 43 27 59 19 47 75 67 23 03 35 14 57 44 50 17 01 40 66 12 61 68 58 15 49 60 02 13 29 20 74 09 25 52 30 05 53 36 46 79 45 48 62 16 65 24 70 08 37 32 34 04 21 56 54 07 33 72 38 10 69 00 22 18 77 76 78 11 41 64 26 63 
04 38 53 71 56 24 40 52 76 68 20 32 60 44 64 36 28 48 72 59 10 62 57 03 14 46 21 19 08 58 37 63 07 34 01 39 12 42 41 23 05 66 29 75 06 22 69 47 79 02 65 55 13 26 33 43 11 74 25 31 18 54 45 27 09 50 77 51 15 78 61 35 16 70 73 67 17 30 49 00 
76 18 67 22 77 29 57 53 65 37 61 41 33 69 01 73 21 45 25 34 40 15 55 62 32 10 43 54 36 11 23 74 68 09 19 46 24 08 47 30 00 06 39 42 56 04 59 78 48 79 31 26 60 12 75 50 64 17 27 66 44 16 63 02 52 05 71 70 28 07 35 58 20 13 51 38 72 14 03 49 
59 77 16 44 66 22 78 54 02 74 34 58 42 38 50 26 62 70 30 76 19 33 07 36 55 21 15 68 63 53 17 52 27 69 05 64 43 73 11 40 03 37 04 48 47 65 18 72 35 49 79 28 75 45 08 00 71 29 14 32 39 25 13 20 31 57 06 60 51 61 09 56 23 01 12 24 67 41 10 46 
57 72 58 13 03 63 67 55 51 27 43 19 59 75 47 31 35 39 23 15 73 64 62 09 69 36 54 07 37 20 42 14 29 32 78 06 49 68 46 17 21 76 70 18 65 40 74 16 77 56 50 79 53 00 30 11 61 60 38 10 25 48 66 12 41 28 34 04 01 24 26 05 45 52 02 08 33 44 22 71 
12 62 77 59 52 36 00 56 48 32 60 68 20 28 72 24 44 76 64 71 07 38 49 27 05 78 69 47 09 74 41 43 10 42 25 75 04 34 37 35 14 54 73 39 16 26 21 19 13 70 45 51 79 22 61 63 17 58 01 67 15 66 65 03 08 30 53 55 18 46 33 23 06 02 29 31 11 50 57 40 
24 08 55 70 49 45 53 57 73 25 21 01 69 33 41 65 61 29 37 62 56 09 67 34 48 06 35 78 44 05 27 30 72 15 47 66 76 18 19 74 20 10 63 38 40 13 75 54 32 12 51 02 52 79 59 58 28 14 23 46 36 07 39 26 60 11 03 22 64 16 43 50 00 04 31 42 68 17 71 77 
51 21 11 36 74 62 50 58 42 66 70 54 02 26 78 38 22 34 46 60 55 29 05 44 19 77 04 56 35 45 06 32 03 65 07 40 39 41 16 64 27 57 15 20 67 69 12 00 63 25 08 24 31 53 79 72 23 33 10 52 43 49 09 48 75 37 17 76 59 01 13 68 71 61 18 28 47 73 14 30 
69 24 78 17 43 23 75 59 19 39 03 51 55 67 31 47 71 27 63 10 01 36 34 06 57 64 30 18 45 56 02 04 25 76 58 09 21 48 22 13 49 32 66 07 41 44 26 08 61 20 38 11 33 28 54 79 77 52 50 15 29 68 70 05 65 00 62 14 73 72 74 12 37 60 42 16 53 40 46 35 
14 78 33 19 20 72 44 60 32 48 56 76 52 40 36 64 00 68 24 47 15 46 69 39 04 62 49 71 16 02 45 51 18 66 73 03 05 54 65 67 12 34 25 27 09 30 57 59 11 58 41 43 17 50 53 55 79 70 29 35 07 42 37 75 06 26 61 63 10 38 77 31 08 74 01 23 13 22 21 28 
20 10 35 50 33 01 21 61 37 65 53 45 77 49 29 25 57 41 73 54 28 07 43 78 44 18 55 34 48 13 31 02 52 16 39 38 00 06 63 26 24 08 19 66 64 05 03 62 36 17 23 30 72 14 71 22 56 79 51 42 32 09 47 74 68 04 75 58 40 15 67 70 76 11 27 46 60 12 59 69 
71 45 15 56 38 58 34 62 30 26 78 22 46 66 70 74 54 50 02 72 63 37 09 68 35 53 16 36 19 21 12 28 31 49 13 48 67 61 04 20 75 33 11 64 39 25 06 76 55 69 14 52 03 77 10 60 59 57 79 24 47 65 05 40 27 29 18 00 23 73 07 44 51 41 17 32 43 01 08 42 
45 60 38 07 31 55 39 63 71 75 47 35 23 27 43 03 19 67 59 11 77 20 02 05 37 56 74 13 69 64 34 08 53 28 50 12 65 44 66 18 41 00 22 17 49 48 54 04 73 36 78 10 29 76 26 15 01 72 58 79 33 40 46 06 21 32 42 16 61 52 30 09 57 24 62 14 25 68 70 51 
09 02 01 67 72 20 32 64 44 00 24 40 36 76 52 60 48 28 56 31 17 70 41 63 06 74 45 23 12 78 49 03 11 22 53 51 08 26 57 19 16 30 61 55 14 34 65 35 18 38 69 75 15 42 73 27 07 46 77 59 79 50 21 43 04 54 25 39 13 58 29 47 05 62 33 71 10 66 37 68 
40 05 31 46 45 49 73 65 53 61 37 33 41 01 69 57 25 77 21 74 76 14 51 30 72 04 27 02 52 08 35 34 48 17 59 22 56 11 75 62 64 13 03 58 24 10 19 26 68 16 67 78 44 07 47 38 00 09 43 70 60 79 71 54 36 18 63 66 20 12 23 42 28 06 55 50 32 15 39 29 
43 57 06 28 54 26 46 66 70 58 42 74 34 62 30 22 38 02 50 48 27 53 10 24 03 37 18 32 31 33 11 56 19 41 14 72 59 65 17 00 55 21 12 76 23 73 15 64 75 01 13 44 35 29 09 40 67 45 05 68 51 61 79 60 63 77 16 20 39 25 08 52 47 49 04 36 71 69 07 78 
53 68 26 04 71 39 55 67 31 23 35 47 75 59 19 51 43 63 27 09 65 32 66 15 33 76 50 16 25 28 22 17 45 64 74 10 77 72 02 14 61 36 34 08 73 52 78 07 49 00 54 12 57 56 38 05 21 44 30 06 37 24 62 79 01 20 70 13 41 48 58 11 29 40 46 18 69 60 42 03 
18 22 37 31 32 44 72 68 20 52 76 56 48 24 00 28 36 60 40 67 05 26 25 43 07 50 73 35 13 66 53 27 14 02 49 55 15 70 77 47 10 58 69 51 11 38 29 23 09 34 61 39 08 62 45 03 06 54 57 71 04 74 33 63 79 46 41 75 12 30 65 19 17 42 21 59 16 78 01 64 
32 16 59 74 21 37 33 69 01 29 49 73 57 53 65 41 77 25 45 46 72 06 75 66 76 09 71 38 00 12 39 22 56 10 31 34 48 07 51 70 36 15 23 78 68 17 67 42 24 05 19 58 28 11 55 02 52 04 63 62 20 18 27 50 64 79 43 30 60 08 03 26 44 14 47 54 40 13 35 61 
27 73 13 72 02 78 22 70 66 42 58 34 74 30 62 46 50 54 38 56 43 49 04 00 39 41 05 60 67 01 08 48 59 37 15 28 19 77 09 24 51 69 07 52 35 57 14 44 47 33 06 64 23 61 17 36 31 25 18 20 55 29 16 32 71 65 79 68 03 45 11 76 75 53 10 40 63 21 12 26 
77 32 74 12 67 51 03 71 63 47 75 23 35 43 27 39 59 31 19 08 45 68 70 18 61 48 38 06 01 44 46 11 65 72 26 07 53 64 42 05 33 24 62 09 29 56 58 10 57 40 30 04 49 52 50 14 69 28 54 16 41 36 34 13 25 60 66 79 37 76 78 17 73 00 22 15 21 20 02 55 
08 70 25 39 64 60 68 72 28 40 36 00 24 48 56 20 76 44 52 75 11 02 37 19 16 58 65 03 04 46 57 23 17 26 77 71 09 22 49 63 06 50 33 59 05 42 45 27 15 62 21 31 18 34 29 35 10 78 53 55 13 30 69 47 12 66 01 67 79 74 73 43 14 38 61 51 07 54 41 32 
36 11 51 66 29 77 65 73 57 21 25 69 01 41 33 53 37 49 61 30 52 17 31 74 00 13 23 26 76 18 43 62 28 14 75 70 44 05 59 34 32 04 71 50 60 06 47 02 20 07 55 54 56 16 19 42 72 15 35 22 24 12 03 78 40 08 39 46 68 79 27 38 48 10 67 58 64 09 63 45 
39 33 17 24 58 38 30 74 34 54 02 66 70 22 46 62 26 42 78 20 03 77 14 28 27 29 12 52 75 57 16 68 55 61 10 00 51 49 06 72 19 45 18 60 71 01 04 40 31 73 09 36 63 37 13 64 47 21 07 56 59 41 08 76 35 53 11 48 43 69 79 32 67 65 15 44 23 25 05 50 
33 48 34 14 35 27 59 75 47 63 71 31 67 55 51 19 03 23 39 06 41 76 78 10 53 32 46 08 29 00 38 13 37 36 62 15 61 24 54 04 77 64 26 16 01 60 66 18 21 28 02 05 69 20 22 12 49 40 42 09 45 72 74 11 73 56 58 17 65 68 70 79 25 44 50 07 57 52 30 43 
10 50 65 35 48 00 36 76 52 20 68 60 32 64 44 40 72 56 28 23 04 30 73 55 15 22 25 31 11 42 61 75 12 74 69 43 07 58 33 59 18 70 49 63 13 46 01 67 16 54 53 03 06 78 41 39 08 34 21 19 05 02 77 51 17 38 45 27 14 26 37 71 79 66 57 47 09 62 29 24 
60 15 71 26 53 73 49 77 45 41 33 37 61 21 25 29 69 65 01 42 44 18 03 38 28 07 59 66 56 17 47 58 00 08 27 78 52 09 23 50 68 16 51 34 36 12 43 46 64 13 63 22 76 04 35 30 48 11 19 54 40 06 31 70 24 14 67 02 32 10 75 74 72 79 39 62 20 05 55 57 
75 53 07 60 46 70 54 78 26 30 62 50 38 42 58 02 34 22 74 36 47 57 16 76 67 45 09 72 39 77 14 40 23 25 11 32 35 01 05 52 71 29 13 24 19 49 08 68 43 65 12 20 59 21 18 56 03 37 17 64 63 69 04 28 51 33 10 44 31 41 15 00 27 73 79 48 55 61 06 66 
01 00 22 09 27 35 47 19 59 03 39 55 51 31 67 75 63 43 71 04 69 40 54 13 73 44 62 05 77 48 26 10 21 52 46 17 25 56 78 06 29 60 38 12 33 64 02 11 37 68 66 08 41 72 34 16 45 76 70 14 49 20 50 18 53 24 30 15 57 28 42 07 61 32 74 79 65 36 58 23 
05 46 61 55 60 64 28 20 68 76 52 48 56 00 24 72 40 32 36 51 18 78 21 35 12 38 57 43 06 70 65 47 15 54 29 31 14 66 45 27 04 42 01 67 08 50 49 63 17 74 37 71 11 30 77 19 13 02 73 39 10 34 41 23 16 22 33 59 07 62 53 03 09 58 25 75 79 26 69 44 
72 06 43 58 69 41 61 21 25 73 57 29 49 77 45 37 53 01 65 78 32 16 35 54 40 08 67 62 64 04 51 26 24 07 63 42 68 10 39 02 52 18 47 46 48 11 71 34 56 14 27 74 20 17 03 70 36 12 31 38 28 15 19 30 00 13 59 50 44 09 55 22 60 05 23 66 76 79 75 33 
23 41 04 68 26 54 70 22 46 38 50 62 30 74 34 66 58 78 42 00 35 25 13 56 63 73 11 44 55 61 18 24 75 57 09 20 47 21 15 48 31 65 16 40 43 37 17 60 19 29 10 32 27 01 14 76 51 49 08 28 67 33 07 64 03 69 12 72 71 53 05 36 59 45 06 52 39 77 79 02 
37 52 46 18 47 59 27 23 35 67 31 71 63 39 03 43 51 75 55 79 61 56 30 12 45 20 34 17 57 36 74 16 33 00 22 05 41 40 58 07 65 28 50 13 21 68 42 14 01 64 70 15 25 32 62 10 73 24 66 11 53 44 38 09 49 76 54 08 77 60 02 06 69 72 26 04 29 48 78 19 
74 59 44 29 07 08 09 10 11 12 13 14 15 16 17 18 04 05 06 61 34 43 60 21 70 03 56 53 78 47 24 37 42 35 76 49 58 75 36 25 02 71 68 33 62 39 52 57 50 31 64 73 30 51 40 01 26 23 48 77 54 67 72 65 46 19 28 45 66 55 00 41 38 63 32 69 22 27 20 79 
