32 61 03 02 04 79 77 75 48 62 07 06 00 67 27 26 36 74 39 38 44 64 15 14 08 73 59 58 24 71 51 50 76 68 31 30 28 63 11 10 16 70 47 46 56 60 35 34 52 69 43 42 20 66 23 22 12 72 55 54 29 01 78 05 25 37 13 57 49 45 33 41 21 53 09 19 40 18 65 17 
03 33 61 00 77 05 79 76 07 49 62 04 27 01 67 24 39 37 74 36 15 45 64 12 59 09 73 56 51 25 71 48 31 78 68 28 11 29 63 08 47 17 70 44 35 57 60 32 43 53 69 40 23 21 66 20 55 13 72 52 30 02 75 06 26 38 14 58 50 46 34 42 22 54 10 65 19 16 41 18 
01 00 34 61 78 76 06 79 05 04 50 62 25 24 02 67 37 36 38 74 13 12 46 64 57 56 10 73 49 48 26 71 29 28 75 68 09 08 30 63 45 44 18 70 33 32 58 60 41 40 54 69 21 20 22 66 53 52 14 72 31 03 77 07 27 39 15 59 51 47 35 43 23 55 11 42 17 65 16 19 
61 02 01 35 79 75 78 07 62 06 05 51 67 26 25 03 74 38 37 39 64 14 13 47 73 58 57 11 71 50 49 27 68 30 29 77 63 10 09 31 70 46 45 19 60 34 33 59 69 42 41 55 66 22 21 23 72 54 53 15 28 00 76 04 24 36 12 56 48 44 32 40 20 52 08 17 65 43 18 16 
16 66 23 22 36 62 07 06 08 79 77 75 52 63 11 10 04 68 31 30 40 70 47 46 48 65 19 18 12 60 35 34 28 74 39 38 76 67 27 26 32 64 15 14 20 71 51 50 00 72 55 54 56 61 03 02 24 69 43 42 37 21 05 78 09 29 45 17 33 13 49 53 01 41 25 59 44 58 73 57 
23 17 66 20 07 37 62 04 77 09 79 76 11 53 63 08 31 05 68 28 47 41 70 44 19 49 65 16 35 13 60 32 39 29 74 36 27 78 67 24 15 33 64 12 51 21 71 48 55 01 72 52 03 57 61 00 43 25 69 40 38 22 06 75 10 30 46 18 34 14 50 54 02 42 26 73 59 56 45 58 
21 20 18 66 05 04 38 62 78 76 10 79 09 08 54 63 29 28 06 68 45 44 42 70 17 16 50 65 33 32 14 60 37 36 30 74 25 24 75 67 13 12 34 64 49 48 22 71 53 52 02 72 01 00 58 61 41 40 26 69 39 23 07 77 11 31 47 19 35 15 51 55 03 43 27 46 57 73 56 59 
66 22 21 19 62 06 05 39 79 75 78 11 63 10 09 55 68 30 29 07 70 46 45 43 65 18 17 51 60 34 33 15 74 38 37 31 67 26 25 77 64 14 13 35 71 50 49 23 72 54 53 03 61 02 01 59 69 42 41 27 36 20 04 76 08 28 44 16 32 12 48 52 00 40 24 57 73 47 58 56 
28 72 55 54 20 67 27 26 40 63 11 10 12 79 77 75 56 64 15 14 08 74 39 38 44 71 51 50 52 73 59 58 16 70 47 46 32 62 07 06 76 68 31 30 36 65 19 18 24 66 23 22 04 69 43 42 00 61 03 02 45 53 25 09 78 13 37 49 57 29 17 21 41 01 05 35 48 34 60 33 
55 29 72 52 27 21 67 24 11 41 63 08 77 13 79 76 15 57 64 12 39 09 74 36 51 45 71 48 59 53 73 56 47 17 70 44 07 33 62 04 31 78 68 28 19 37 65 16 23 25 66 20 43 05 69 40 03 01 61 00 46 54 26 10 75 14 38 50 58 30 18 22 42 02 06 60 35 32 49 34 
53 52 30 72 25 24 22 67 09 08 42 63 78 76 14 79 13 12 58 64 37 36 10 74 49 48 46 71 57 56 54 73 45 44 18 70 05 04 34 62 29 28 75 68 17 16 38 65 21 20 26 66 41 40 06 69 01 00 02 61 47 55 27 11 77 15 39 51 59 31 19 23 43 03 07 50 33 60 32 35 
72 54 53 31 67 26 25 23 63 10 09 43 79 75 78 15 64 14 13 59 74 38 37 11 71 50 49 47 73 58 57 55 70 46 45 19 62 06 05 35 68 30 29 77 65 18 17 39 66 22 21 27 69 42 41 07 61 02 01 03 44 52 24 08 76 12 36 48 56 28 16 20 40 00 04 33 60 51 34 32 
04 60 35 34 32 74 39 38 24 68 31 30 44 64 15 14 16 79 77 75 00 67 27 26 12 69 43 42 48 66 23 22 56 62 07 06 20 70 47 46 36 63 11 10 76 61 03 02 40 73 59 58 28 71 51 50 08 65 19 18 05 33 37 29 13 78 25 41 21 09 01 57 49 17 45 55 52 54 72 53 
35 05 60 32 39 33 74 36 31 25 68 28 15 45 64 12 77 17 79 76 27 01 67 24 43 13 69 40 23 49 66 20 07 57 62 04 47 21 70 44 11 37 63 08 03 78 61 00 59 41 73 56 51 29 71 48 19 09 65 16 06 34 38 30 14 75 26 42 22 10 02 58 50 18 46 72 55 52 53 54 
33 32 06 60 37 36 34 74 29 28 26 68 13 12 46 64 78 76 18 79 25 24 02 67 41 40 14 69 21 20 50 66 05 04 58 62 45 44 22 70 09 08 38 63 01 00 75 61 57 56 42 73 49 48 30 71 17 16 10 65 07 35 39 31 15 77 27 43 23 11 03 59 51 19 47 54 53 72 52 55 
60 34 33 07 74 38 37 35 68 30 29 27 64 14 13 47 79 75 78 19 67 26 25 03 69 42 41 15 66 22 21 51 62 06 05 59 70 46 45 23 63 10 09 39 61 02 01 77 73 58 57 43 71 50 49 31 65 18 17 11 04 32 36 28 12 76 24 40 20 08 00 56 48 16 44 53 72 55 54 52 
12 67 27 26 08 72 55 54 36 69 43 42 28 61 03 02 48 65 19 18 20 60 35 34 04 68 31 30 16 70 47 46 52 73 59 58 00 66 23 22 24 71 51 50 40 64 15 14 76 62 07 06 44 63 11 10 32 79 77 75 57 25 53 41 01 17 33 29 45 49 13 05 09 78 21 39 56 38 74 37 
27 13 67 24 55 09 72 52 43 37 69 40 03 29 61 00 19 49 65 16 35 21 60 32 31 05 68 28 47 17 70 44 59 53 73 56 23 01 66 20 51 25 71 48 15 41 64 12 07 78 62 04 11 45 63 08 77 33 79 76 58 26 54 42 02 18 34 30 46 50 14 06 10 75 22 74 39 36 57 38 
25 24 14 67 53 52 10 72 41 40 38 69 01 00 30 61 17 16 50 65 33 32 22 60 29 28 06 68 45 44 18 70 57 56 54 73 21 20 02 66 49 48 26 71 13 12 42 64 05 04 75 62 09 08 46 63 78 76 34 79 59 27 55 43 03 19 35 31 47 51 15 07 11 77 23 58 37 74 36 39 
67 26 25 15 72 54 53 11 69 42 41 39 61 02 01 31 65 18 17 51 60 34 33 23 68 30 29 07 70 46 45 19 73 58 57 55 66 22 21 03 71 50 49 27 64 14 13 43 62 06 05 77 63 10 09 47 79 75 78 35 56 24 52 40 00 16 32 28 44 48 12 04 08 76 20 37 74 59 38 36 
36 70 47 46 16 73 59 58 12 65 19 18 40 71 51 50 32 69 43 42 52 66 23 22 24 79 77 75 08 67 27 26 20 72 55 54 56 60 35 34 04 61 03 02 28 63 11 10 44 74 39 38 76 64 15 14 48 68 31 30 53 45 57 17 49 41 21 78 25 01 09 37 13 29 33 07 00 06 62 05 
47 37 70 44 59 17 73 56 19 13 65 16 51 41 71 48 43 33 69 40 23 53 66 20 77 25 79 76 27 09 67 24 55 21 72 52 35 57 60 32 03 05 61 00 11 29 63 08 39 45 74 36 15 78 64 12 31 49 68 28 54 46 58 18 50 42 22 75 26 02 10 38 14 30 34 62 07 04 01 06 
45 44 38 70 57 56 18 73 17 16 14 65 49 48 42 71 41 40 34 69 21 20 54 66 78 76 26 79 25 24 10 67 53 52 22 72 33 32 58 60 01 00 06 61 09 08 30 63 37 36 46 74 13 12 75 64 29 28 50 68 55 47 59 19 51 43 23 77 27 03 11 39 15 31 35 02 05 62 04 07 
70 46 45 39 73 58 57 19 65 18 17 15 71 50 49 43 69 42 41 35 66 22 21 55 79 75 78 27 67 26 25 11 72 54 53 23 60 34 33 59 61 02 01 07 63 10 09 31 74 38 37 47 64 14 13 77 68 30 29 51 52 44 56 16 48 40 20 76 24 00 08 36 12 28 32 05 62 03 06 04 
52 68 31 30 40 71 51 50 20 60 35 34 16 73 59 58 44 66 23 22 36 69 43 42 56 67 27 26 28 79 77 75 12 61 03 02 24 65 19 18 00 72 55 54 08 62 07 06 32 64 15 14 48 74 39 38 76 70 47 46 01 29 49 33 57 21 41 25 78 53 05 13 37 45 17 11 04 10 63 09 
31 53 68 28 51 41 71 48 35 21 60 32 59 17 73 56 23 45 66 20 43 37 69 40 27 57 67 24 77 29 79 76 03 13 61 00 19 25 65 16 55 01 72 52 07 09 62 04 15 33 64 12 39 49 74 36 47 78 70 44 02 30 50 34 58 22 42 26 75 54 06 14 38 46 18 63 11 08 05 10 
29 28 54 68 49 48 42 71 33 32 22 60 57 56 18 73 21 20 46 66 41 40 38 69 25 24 58 67 78 76 30 79 01 00 14 61 17 16 26 65 53 52 02 72 05 04 10 62 13 12 34 64 37 36 50 74 45 44 75 70 03 31 51 35 59 23 43 27 77 55 07 15 39 47 19 06 09 63 08 11 
68 30 29 55 71 50 49 43 60 34 33 23 73 58 57 19 66 22 21 47 69 42 41 39 67 26 25 59 79 75 78 31 61 02 01 15 65 18 17 27 72 54 53 03 62 06 05 11 64 14 13 35 74 38 37 51 70 46 45 77 00 28 48 32 56 20 40 24 76 52 04 12 36 44 16 09 63 07 10 08 
76 79 77 75 56 61 03 02 44 66 23 22 24 72 55 54 20 60 35 34 48 65 19 18 40 70 47 46 00 68 31 30 32 71 51 50 16 69 43 42 28 73 59 58 04 74 39 38 12 63 11 10 36 62 07 06 52 67 27 26 49 78 01 21 53 33 17 45 29 57 37 09 05 25 41 15 08 14 64 13 
77 78 79 76 03 57 61 00 23 45 66 20 55 25 72 52 35 21 60 32 19 49 65 16 47 41 70 44 31 01 68 28 51 33 71 48 43 17 69 40 59 29 73 56 39 05 74 36 11 13 63 08 07 37 62 04 27 53 67 24 50 75 02 22 54 34 18 46 30 58 38 10 06 26 42 64 15 12 09 14 
78 76 75 79 01 00 58 61 21 20 46 66 53 52 26 72 33 32 22 60 17 16 50 65 45 44 42 70 29 28 02 68 49 48 34 71 41 40 18 69 57 56 30 73 37 36 06 74 09 08 14 63 05 04 38 62 25 24 54 67 51 77 03 23 55 35 19 47 31 59 39 11 07 27 43 10 13 64 12 15 
79 75 78 77 61 02 01 59 66 22 21 47 72 54 53 27 60 34 33 23 65 18 17 51 70 46 45 43 68 30 29 03 71 50 49 35 69 42 41 19 73 58 57 31 74 38 37 07 63 10 09 15 62 06 05 39 67 26 25 55 48 76 00 20 52 32 16 44 28 56 36 08 04 24 40 13 64 11 14 12 
56 62 07 06 76 66 23 22 00 61 03 02 48 69 43 42 28 71 51 50 24 73 59 58 52 64 15 14 44 74 39 38 04 60 35 34 36 72 55 54 20 65 19 18 32 68 31 30 08 67 27 26 16 79 77 75 40 63 11 10 33 05 21 01 41 49 57 13 37 17 29 25 78 09 53 47 12 46 70 45 
07 57 62 04 23 78 66 20 03 01 61 00 43 49 69 40 51 29 71 48 59 25 73 56 15 53 64 12 39 45 74 36 35 05 60 32 55 37 72 52 19 21 65 16 31 33 68 28 27 09 67 24 77 17 79 76 11 41 63 08 34 06 22 02 42 50 58 14 38 18 30 26 75 10 54 70 47 44 13 46 
05 04 58 62 21 20 75 66 01 00 02 61 41 40 50 69 49 48 30 71 57 56 26 73 13 12 54 64 37 36 46 74 33 32 06 60 53 52 38 72 17 16 22 65 29 28 34 68 25 24 10 67 78 76 18 79 09 08 42 63 35 07 23 03 43 51 59 15 39 19 31 27 77 11 55 14 45 70 44 47 
62 06 05 59 66 22 21 77 61 02 01 03 69 42 41 51 71 50 49 31 73 58 57 27 64 14 13 55 74 38 37 47 60 34 33 07 72 54 53 39 65 18 17 23 68 30 29 35 67 26 25 11 79 75 78 19 63 10 09 43 32 04 20 00 40 48 56 12 36 16 28 24 76 08 52 45 70 15 46 44 
44 73 59 58 00 70 47 46 76 64 15 14 04 68 31 30 52 63 11 10 32 62 07 06 28 61 03 02 56 72 55 54 48 67 27 26 08 74 39 38 40 79 77 75 24 69 43 42 36 60 35 34 12 65 19 18 20 71 51 50 25 57 45 13 29 09 05 01 53 78 41 33 17 49 37 23 16 22 66 21 
59 45 73 56 47 01 70 44 15 78 64 12 31 05 68 28 11 53 63 08 07 33 62 04 03 29 61 00 55 57 72 52 27 49 67 24 39 09 74 36 77 41 79 76 43 25 69 40 35 37 60 32 19 13 65 16 51 21 71 48 26 58 46 14 30 10 06 02 54 75 42 34 18 50 38 66 23 20 17 22 
57 56 46 73 45 44 02 70 13 12 75 64 29 28 06 68 09 08 54 63 05 04 34 62 01 00 30 61 53 52 58 72 25 24 50 67 37 36 10 74 78 76 42 79 41 40 26 69 33 32 38 60 17 16 14 65 49 48 22 71 27 59 47 15 31 11 07 03 55 77 43 35 19 51 39 18 21 66 20 23 
73 58 57 47 70 46 45 03 64 14 13 77 68 30 29 07 63 10 09 55 62 06 05 35 61 02 01 31 72 54 53 59 67 26 25 51 74 38 37 11 79 75 78 43 69 42 41 27 60 34 33 39 65 18 17 15 71 50 49 23 24 56 44 12 28 08 04 00 52 76 40 32 16 48 36 21 66 19 22 20 
24 74 39 38 48 60 35 34 04 71 51 50 76 65 19 18 08 61 03 02 56 72 55 54 36 63 11 10 32 62 07 06 00 66 23 22 52 73 59 58 12 69 43 42 44 79 77 75 28 70 47 46 40 68 31 30 16 64 15 14 21 37 33 49 17 01 53 09 05 41 78 45 29 13 57 27 20 26 67 25 
39 25 74 36 35 49 60 32 51 05 71 48 19 78 65 16 03 09 61 00 55 57 72 52 11 37 63 08 07 33 62 04 23 01 66 20 59 53 73 56 43 13 69 40 77 45 79 76 47 29 70 44 31 41 68 28 15 17 64 12 22 38 34 50 18 02 54 10 06 42 75 46 30 14 58 67 27 24 21 26 
37 36 26 74 33 32 50 60 49 48 06 71 17 16 75 65 01 00 10 61 53 52 58 72 09 08 38 63 05 04 34 62 21 20 02 66 57 56 54 73 41 40 14 69 78 76 46 79 45 44 30 70 29 28 42 68 13 12 18 64 23 39 35 51 19 03 55 11 07 43 77 47 31 15 59 22 25 67 24 27 
74 38 37 27 60 34 33 51 71 50 49 07 65 18 17 77 61 02 01 11 72 54 53 59 63 10 09 39 62 06 05 35 66 22 21 03 73 58 57 55 69 42 41 15 79 75 78 47 70 46 45 31 68 30 29 43 64 14 13 19 20 36 32 48 16 00 52 08 04 40 76 44 28 12 56 25 67 23 26 24 
20 63 11 10 28 69 43 42 52 72 55 54 08 66 23 22 76 73 59 58 12 71 51 50 00 74 39 38 40 64 15 14 36 65 19 18 04 61 03 02 56 60 35 34 16 70 47 46 48 79 77 75 32 67 27 26 44 62 07 06 17 09 41 53 21 57 49 37 13 33 45 78 25 05 01 31 24 30 68 29 
11 21 63 08 43 29 69 40 55 53 72 52 23 09 66 20 59 78 73 56 51 13 71 48 39 01 74 36 15 41 64 12 19 37 65 16 03 05 61 00 35 57 60 32 47 17 70 44 77 49 79 76 27 33 67 24 07 45 62 04 18 10 42 54 22 58 50 38 14 34 46 75 26 06 02 68 31 28 25 30 
09 08 22 63 41 40 30 69 53 52 54 72 21 20 10 66 57 56 75 73 49 48 14 71 37 36 02 74 13 12 42 64 17 16 38 65 01 00 06 61 33 32 58 60 45 44 18 70 78 76 50 79 25 24 34 67 05 04 46 62 19 11 43 55 23 59 51 39 15 35 47 77 27 07 03 26 29 68 28 31 
63 10 09 23 69 42 41 31 72 54 53 55 66 22 21 11 73 58 57 77 71 50 49 15 74 38 37 03 64 14 13 43 65 18 17 39 61 02 01 07 60 34 33 59 70 46 45 19 79 75 78 51 67 26 25 35 62 06 05 47 16 08 40 52 20 56 48 36 12 32 44 76 24 04 00 29 68 27 30 28 
48 65 19 18 24 64 15 14 32 70 47 46 56 74 39 38 12 67 27 26 76 79 77 75 16 66 23 22 04 69 43 42 44 63 11 10 40 68 31 30 08 62 07 06 00 72 55 54 20 71 51 50 52 73 59 58 36 60 35 34 09 17 13 45 37 25 78 21 41 05 53 49 57 33 29 03 28 02 61 01 
19 49 65 16 15 25 64 12 47 33 70 44 39 57 74 36 27 13 67 24 77 78 79 76 23 17 66 20 43 05 69 40 11 45 63 08 31 41 68 28 07 09 62 04 55 01 72 52 51 21 71 48 59 53 73 56 35 37 60 32 10 18 14 46 38 26 75 22 42 06 54 50 58 34 30 61 03 00 29 02 
17 16 50 65 13 12 26 64 45 44 34 70 37 36 58 74 25 24 14 67 78 76 75 79 21 20 18 66 41 40 06 69 09 08 46 63 29 28 42 68 05 04 10 62 53 52 02 72 49 48 22 71 57 56 54 73 33 32 38 60 11 19 15 47 39 27 77 23 43 07 55 51 59 35 31 30 01 61 00 03 
65 18 17 51 64 14 13 27 70 46 45 35 74 38 37 59 67 26 25 15 79 75 78 77 66 22 21 19 69 42 41 07 63 10 09 47 68 30 29 43 62 06 05 11 72 54 53 03 71 50 49 23 73 58 57 55 60 34 33 39 08 16 12 44 36 24 76 20 40 04 52 48 56 32 28 01 61 31 02 00 
40 69 43 42 52 63 11 10 28 67 27 26 36 62 07 06 00 70 47 46 16 68 31 30 76 60 35 34 20 65 19 18 08 64 15 14 48 79 77 75 44 74 39 38 12 73 59 58 04 61 03 02 24 72 55 54 56 66 23 22 13 41 09 25 05 45 29 33 17 37 57 01 53 21 78 51 32 50 71 49 
43 41 69 40 11 53 63 08 27 29 67 24 07 37 62 04 47 01 70 44 31 17 68 28 35 78 60 32 19 21 65 16 15 09 64 12 77 49 79 76 39 45 74 36 59 13 73 56 03 05 61 00 55 25 72 52 23 57 66 20 14 42 10 26 06 46 30 34 18 38 58 02 54 22 75 71 51 48 33 50 
41 40 42 69 09 08 54 63 25 24 30 67 05 04 38 62 45 44 02 70 29 28 18 68 33 32 75 60 17 16 22 65 13 12 10 64 78 76 50 79 37 36 46 74 57 56 14 73 01 00 06 61 53 52 26 72 21 20 58 66 15 43 11 27 07 47 31 35 19 39 59 03 55 23 77 34 49 71 48 51 
69 42 41 43 63 10 09 55 67 26 25 31 62 06 05 39 70 46 45 03 68 30 29 19 60 34 33 77 65 18 17 23 64 14 13 11 79 75 78 51 74 38 37 47 73 58 57 15 61 02 01 07 72 54 53 27 66 22 21 59 12 40 08 24 04 44 28 32 16 36 56 00 52 20 76 49 71 35 50 48 
00 71 51 50 44 68 31 30 56 74 39 38 32 70 47 46 40 62 07 06 04 63 11 10 20 72 55 54 76 61 03 02 24 79 77 75 12 64 15 14 52 67 27 26 48 66 23 22 16 65 19 18 08 60 35 34 28 73 59 58 78 49 29 37 45 05 09 53 01 25 21 17 33 57 13 43 36 42 69 41 
51 01 71 48 31 45 68 28 39 57 74 36 47 33 70 44 07 41 62 04 11 05 63 08 55 21 72 52 03 78 61 00 77 25 79 76 15 13 64 12 27 53 67 24 23 49 66 20 19 17 65 16 35 09 60 32 59 29 73 56 75 50 30 38 46 06 10 54 02 26 22 18 34 58 14 69 43 40 37 42 
49 48 02 71 29 28 46 68 37 36 58 74 45 44 34 70 05 04 42 62 09 08 06 63 53 52 22 72 01 00 75 61 78 76 26 79 13 12 14 64 25 24 54 67 21 20 50 66 17 16 18 65 33 32 10 60 57 56 30 73 77 51 31 39 47 07 11 55 03 27 23 19 35 59 15 38 41 69 40 43 
71 50 49 03 68 30 29 47 74 38 37 59 70 46 45 35 62 06 05 43 63 10 09 07 72 54 53 23 61 02 01 77 79 75 78 27 64 14 13 15 67 26 25 55 66 22 21 51 65 18 17 19 60 34 33 11 73 58 57 31 76 48 28 36 44 04 08 52 00 24 20 16 32 56 12 41 69 39 42 40 
06 07 04 05 22 23 20 21 02 03 00 01 42 43 40 41 50 51 48 49 58 59 56 57 14 15 12 13 38 39 36 37 34 35 32 33 54 55 52 53 18 19 16 17 30 31 28 29 26 27 24 25 75 77 76 78 10 11 08 09 62 73 79 61 71 68 67 72 70 66 60 63 65 69 74 44 46 45 47 64 
02 03 00 01 75 77 76 78 06 07 04 05 26 27 24 25 38 39 36 37 14 15 12 13 58 59 56 57 50 51 48 49 30 31 28 29 10 11 08 09 46 47 44 45 34 35 32 33 42 43 40 41 22 23 20 21 54 55 52 53 79 60 62 71 61 74 70 63 67 65 73 72 66 64 68 16 18 17 19 69 
22 23 20 21 06 07 04 05 75 77 76 78 10 11 08 09 30 31 28 29 46 47 44 45 18 19 16 17 34 35 32 33 38 39 36 37 26 27 24 25 14 15 12 13 50 51 48 49 54 55 52 53 02 03 00 01 42 43 40 41 68 65 74 63 72 62 69 71 64 60 66 61 73 67 79 56 58 57 59 70 
54 55 52 53 26 27 24 25 10 11 08 09 75 77 76 78 14 15 12 13 38 39 36 37 50 51 48 49 58 59 56 57 46 47 44 45 06 07 04 05 30 31 28 29 18 19 16 17 22 23 20 21 42 43 40 41 02 03 00 01 65 68 66 69 64 73 63 70 72 79 74 67 62 61 60 32 34 33 35 71 
34 35 32 33 38 39 36 37 30 31 28 29 14 15 12 13 75 77 76 78 26 27 24 25 42 43 40 41 22 23 20 21 06 07 04 05 46 47 44 45 10 11 08 09 02 03 00 01 58 59 56 57 50 51 48 49 18 19 16 17 73 62 60 67 70 65 61 64 71 74 79 69 68 63 66 52 54 53 55 72 
26 27 24 25 54 55 52 53 42 43 40 41 02 03 00 01 18 19 16 17 34 35 32 33 30 31 28 29 46 47 44 45 58 59 56 57 22 23 20 21 50 51 48 49 14 15 12 13 06 07 04 05 10 11 08 09 75 77 76 78 72 64 63 74 68 71 66 62 65 67 69 79 70 60 61 36 38 37 39 73 
46 47 44 45 58 59 56 57 18 19 16 17 50 51 48 49 42 43 40 41 22 23 20 21 75 77 76 78 26 27 24 25 54 55 52 53 34 35 32 33 02 03 00 01 10 11 08 09 38 39 36 37 14 15 12 13 30 31 28 29 66 74 65 64 69 60 72 67 63 62 68 70 79 71 73 04 06 05 07 61 
30 31 28 29 50 51 48 49 34 35 32 33 58 59 56 57 22 23 20 21 42 43 40 41 26 27 24 25 75 77 76 78 02 03 00 01 18 19 16 17 54 55 52 53 06 07 04 05 14 15 12 13 38 39 36 37 46 47 44 45 64 72 69 66 65 70 74 73 68 61 63 60 71 79 67 08 10 09 11 62 
75 77 76 78 02 03 00 01 22 23 20 21 54 55 52 53 34 35 32 33 18 19 16 17 46 47 44 45 30 31 28 29 50 51 48 49 42 43 40 41 58 59 56 57 38 39 36 37 10 11 08 09 06 07 04 05 26 27 24 25 60 79 73 70 67 66 71 69 61 68 62 64 74 72 65 12 14 13 15 63 
38 39 36 37 34 35 32 33 50 51 48 49 18 19 16 17 02 03 00 01 54 55 52 53 10 11 08 09 06 07 04 05 22 23 20 21 58 59 56 57 42 43 40 41 75 77 76 78 46 47 44 45 30 31 28 29 14 15 12 13 61 67 71 62 79 63 73 74 60 64 70 68 69 65 72 24 26 25 27 66 
10 11 08 09 42 43 40 41 54 55 52 53 22 23 20 21 58 59 56 57 50 51 48 49 38 39 36 37 14 15 12 13 18 19 16 17 02 03 00 01 34 35 32 33 46 47 44 45 75 77 76 78 26 27 24 25 06 07 04 05 74 66 68 72 63 79 64 61 69 73 65 71 60 70 62 28 30 29 31 67 
18 19 16 17 14 15 12 13 46 47 44 45 38 39 36 37 26 27 24 25 75 77 76 78 22 23 20 21 42 43 40 41 10 11 08 09 30 31 28 29 06 07 04 05 54 55 52 53 50 51 48 49 58 59 56 57 34 35 32 33 70 71 67 60 73 64 79 65 62 63 61 66 72 74 69 00 02 01 03 68 
42 43 40 41 10 11 08 09 26 27 24 25 06 07 04 05 46 47 44 45 30 31 28 29 34 35 32 33 18 19 16 17 14 15 12 13 75 77 76 78 38 39 36 37 58 59 56 57 02 03 00 01 54 55 52 53 22 23 20 21 63 69 72 68 74 61 65 79 66 70 64 62 67 73 71 48 50 49 51 60 
50 51 48 49 30 31 28 29 38 39 36 37 46 47 44 45 06 07 04 05 10 11 08 09 54 55 52 53 02 03 00 01 75 77 76 78 14 15 12 13 26 27 24 25 22 23 20 21 18 19 16 17 34 35 32 33 58 59 56 57 67 61 70 73 60 69 62 66 79 72 71 65 63 68 64 40 42 41 43 74 
58 59 56 57 46 47 44 45 14 15 12 13 30 31 28 29 10 11 08 09 06 07 04 05 02 03 00 01 54 55 52 53 26 27 24 25 38 39 36 37 75 77 76 78 42 43 40 41 34 35 32 33 18 19 16 17 50 51 48 49 71 70 61 79 62 72 60 68 73 69 67 74 64 66 63 20 22 21 23 65 
13 12 10 64 17 16 14 65 57 56 18 73 33 32 22 60 53 52 26 72 01 00 30 61 05 04 34 62 09 08 38 63 41 40 42 69 49 48 46 71 21 20 50 66 25 24 54 67 29 28 58 68 45 44 02 70 37 36 06 74 43 15 19 59 35 55 03 07 11 23 27 31 47 39 51 75 78 79 76 77 
08 64 15 14 12 65 19 18 16 73 59 58 20 60 35 34 24 72 55 54 28 61 03 02 32 62 07 06 36 63 11 10 40 69 43 42 44 71 51 50 48 66 23 22 52 67 27 26 56 68 31 30 00 70 47 46 04 74 39 38 41 13 17 57 33 53 01 05 09 21 25 29 45 37 49 77 76 75 79 78 
64 14 13 11 65 18 17 15 73 58 57 19 60 34 33 23 72 54 53 27 61 02 01 31 62 06 05 35 63 10 09 39 69 42 41 43 71 50 49 47 66 22 21 51 67 26 25 55 68 30 29 59 70 46 45 03 74 38 37 07 40 12 16 56 32 52 00 04 08 20 24 28 44 36 48 78 79 77 75 76 
15 09 64 12 19 13 65 16 59 17 73 56 35 21 60 32 55 25 72 52 03 29 61 00 07 33 62 04 11 37 63 08 43 41 69 40 51 45 71 48 23 49 66 20 27 53 67 24 31 57 68 28 47 01 70 44 39 05 74 36 42 14 18 58 34 54 02 06 10 22 26 30 46 38 50 79 77 76 78 75 
14 15 12 13 18 19 16 17 58 59 56 57 34 35 32 33 54 55 52 53 02 03 00 01 06 07 04 05 10 11 08 09 42 43 40 41 50 51 48 49 22 23 20 21 26 27 24 25 30 31 28 29 46 47 44 45 38 39 36 37 69 63 64 65 66 67 68 60 74 71 72 73 61 62 70 76 75 78 77 79 
