51 53 60 59 58 52 55 50 56 54 2  0  64 8  7  1  4  9  5  3  33 31 32 61 38 37 30 34 39 35 43 41 65 49 48 42 45 40 46 44 69 67 68 76 74 73 66 70 75 71 24 21 23 63 29 28 22 25 20 26 27 47 6  36 57 72 12 11 62 18 17 10 14 19 15 13 16
55 52 54 60 50 59 53 56 51 57 1  4  3  64 9  8  2  5  0  6  36 34 30 33 61 39 38 32 35 31 42 45 44 65 40 49 43 46 41 47 72 70 66 69 76 75 74 68 71 67 27 25 22 24 63 20 29 23 26 21 28 48 7  37 58 73 10 14 13 62 19 18 12 15 11 16 17
58 56 53 55 60 51 50 54 57 52 5  7  2  4  64 0  9  3  6  1  30 37 35 32 34 61 31 39 33 36 46 48 43 45 65 41 40 44 47 42 66 73 71 68 70 76 67 75 69 72 22 28 26 23 25 63 21 20 24 27 29 49 8  38 59 74 15 17 12 14 62 11 19 13 16 10 18
53 59 57 54 56 60 52 51 55 58 8  2  6  3  5  64 1  0  4  7  37 32 38 36 33 35 61 30 31 34 49 43 47 44 46 65 42 41 45 48 73 68 74 72 69 71 76 66 67 70 28 23 29 27 24 26 63 22 21 25 20 40 9  39 50 75 18 12 16 13 15 62 10 11 14 17 19
59 54 50 58 55 57 60 53 52 56 3  8  9  7  4  6  64 2  1  5  35 38 33 39 37 34 36 61 32 30 44 49 40 48 45 47 65 43 42 46 71 74 69 75 73 70 72 76 68 66 26 29 24 20 28 25 27 63 23 22 21 41 0  31 51 67 13 18 19 17 14 16 62 12 10 15 11
57 50 55 51 59 56 58 60 54 53 9  6  4  0  8  5  7  64 3  2  32 36 39 34 31 38 35 37 61 33 40 47 45 41 49 46 48 65 44 43 68 72 75 70 67 74 71 73 76 69 23 27 20 25 21 29 26 28 63 24 22 42 1  30 52 66 19 16 14 11 18 15 17 62 13 12 10
54 58 51 56 52 50 57 59 60 55 7  3  0  5  1  9  6  8  64 4  34 33 37 31 35 30 39 36 38 61 48 44 41 46 42 40 47 49 65 45 70 69 73 67 71 66 75 72 74 76 25 24 28 21 26 22 20 27 29 63 23 43 2  32 53 68 17 13 11 15 10 19 16 18 62 14 12
56 55 59 52 57 53 51 58 50 60 4  5  8  1  6  2  0  7  9  64 61 35 34 38 30 36 32 31 37 39 45 46 49 42 47 43 41 48 40 65 76 71 70 74 66 72 68 67 73 75 63 26 25 29 22 27 23 21 28 20 24 44 3  33 54 69 14 15 18 10 16 12 11 17 19 62 13
60 57 56 50 53 58 54 52 59 51 6  64 5  9  2  7  3  1  8  0  31 61 36 35 39 32 37 33 30 38 47 65 46 40 43 48 44 42 49 41 67 76 72 71 75 68 73 69 66 74 21 63 27 26 20 23 28 24 22 29 25 45 4  34 55 70 16 62 15 19 12 17 13 10 18 11 14
52 60 58 57 51 54 59 55 53 50 64 1  7  6  0  3  8  4  2  9  39 30 61 37 36 31 33 38 34 32 65 42 48 47 41 44 49 45 43 40 75 66 76 73 72 67 69 74 70 68 20 22 63 28 27 21 24 29 25 23 26 46 5  35 56 71 62 10 17 16 11 13 18 14 12 19 15
45 42 44 65 40 49 43 46 41 47 30 34 33 61 39 38 32 35 31 36 16 14 10 13 62 19 18 12 15 11 1  4  3  64 9  8  2  5  0  6  57 55 52 54 60 50 59 53 56 51 72 70 66 69 76 75 74 68 71 67 73 7  37 17 48 58 22 25 24 63 20 29 23 26 21 27 28
41 43 65 49 48 42 45 40 46 44 32 31 61 38 37 30 34 39 35 33 13 11 12 62 18 17 10 14 19 15 2  0  64 8  7  1  4  9  5  3  54 51 53 60 59 58 52 55 50 56 69 67 68 76 74 73 66 70 75 71 72 6  36 16 47 57 23 21 63 29 28 22 25 20 26 24 27
48 46 43 45 65 41 40 44 47 42 35 37 32 34 61 31 39 33 36 30 10 17 15 12 14 62 11 19 13 16 5  7  2  4  64 0  9  3  6  1  52 58 56 53 55 60 51 50 54 57 66 73 71 68 70 76 67 75 69 72 74 8  38 18 49 59 26 28 23 25 63 21 20 24 27 22 29
43 49 47 44 46 65 42 41 45 48 38 32 36 33 35 61 30 31 34 37 17 12 18 16 13 15 62 10 11 14 8  2  6  3  5  64 1  0  4  7  58 53 59 57 54 56 60 52 51 55 73 68 74 72 69 71 76 66 67 70 75 9  39 19 40 50 29 23 27 24 26 63 22 21 25 28 20
49 44 40 48 45 47 65 43 42 46 33 38 39 37 34 36 61 32 30 35 15 18 13 19 17 14 16 62 12 10 3  8  9  7  4  6  64 2  1  5  56 59 54 50 58 55 57 60 53 52 71 74 69 75 73 70 72 76 68 66 67 0  31 11 41 51 24 29 20 28 25 27 63 23 22 26 21
47 40 45 41 49 46 48 65 44 43 39 36 34 31 38 35 37 61 33 32 12 16 19 14 11 18 15 17 62 13 9  6  4  0  8  5  7  64 3  2  53 57 50 55 51 59 56 58 60 54 68 72 75 70 67 74 71 73 76 69 66 1  30 10 42 52 20 27 25 21 29 26 28 63 24 23 22
44 48 41 46 42 40 47 49 65 45 37 33 31 35 30 39 36 38 61 34 14 13 17 11 15 10 19 16 18 62 7  3  0  5  1  9  6  8  64 4  55 54 58 51 56 52 50 57 59 60 70 69 73 67 71 66 75 72 74 76 68 2  32 12 43 53 28 24 21 26 22 20 27 29 63 25 23
46 45 49 42 47 43 41 48 40 65 34 35 38 30 36 32 31 37 39 61 62 15 14 18 10 16 12 11 17 19 4  5  8  1  6  2  0  7  9  64 60 56 55 59 52 57 53 51 58 50 76 71 70 74 66 72 68 67 73 75 69 3  33 13 44 54 25 26 29 22 27 23 21 28 20 63 24
65 47 46 40 43 48 44 42 49 41 36 61 35 39 32 37 33 30 38 31 11 62 16 15 19 12 17 13 10 18 6  64 5  9  2  7  3  1  8  0  51 60 57 56 50 53 58 54 52 59 67 76 72 71 75 68 73 69 66 74 70 4  34 14 45 55 27 63 26 20 23 28 24 22 29 21 25
42 65 48 47 41 44 49 45 43 40 61 30 37 36 31 33 38 34 32 39 19 10 62 17 16 11 13 18 14 12 64 1  7  6  0  3  8  4  2  9  50 52 60 58 57 51 54 59 55 53 75 66 76 73 72 67 69 74 70 68 71 5  35 15 46 56 63 22 28 27 21 24 29 25 23 20 26
22 63 28 27 21 24 29 25 23 20 60 52 58 57 51 54 59 55 53 50 40 42 65 48 47 41 44 49 45 43 76 66 73 72 67 69 74 70 68 75 19 10 62 17 16 11 13 18 14 12 39 30 61 37 36 31 33 38 34 32 35 71 56 46 26 15 64 1  7  6  0  3  8  4  2  9  5
21 23 63 29 28 22 25 20 26 24 53 51 60 59 58 52 55 50 56 54 44 41 43 65 49 48 42 45 40 46 68 67 76 74 73 66 70 75 71 69 13 11 12 62 18 17 10 14 19 15 33 31 32 61 38 37 30 34 39 35 36 72 57 47 27 16 2  0  64 8  7  1  4  9  5  3  6
25 22 24 63 20 29 23 26 21 27 52 55 54 60 50 59 53 56 51 57 47 45 42 44 65 40 49 43 46 41 66 70 69 76 75 74 68 71 67 72 16 14 10 13 62 19 18 12 15 11 36 34 30 33 61 39 38 32 35 31 37 73 58 48 28 17 1  4  3  64 9  8  2  5  0  6  7
28 26 23 25 63 21 20 24 27 22 56 58 53 55 60 51 50 54 57 52 42 48 46 43 45 65 41 40 44 47 71 73 68 70 76 67 75 69 72 66 10 17 15 12 14 62 11 19 13 16 30 37 35 32 34 61 31 39 33 36 38 74 59 49 29 18 5  7  2  4  64 0  9  3  6  1  8
23 29 27 24 26 63 22 21 25 28 59 53 57 54 56 60 52 51 55 58 48 43 49 47 44 46 65 42 41 45 74 68 72 69 71 76 66 67 70 73 17 12 18 16 13 15 62 10 11 14 37 32 38 36 33 35 61 30 31 34 39 75 50 40 20 19 8  2  6  3  5  64 1  0  4  7  9
29 24 20 28 25 27 63 23 22 26 54 59 50 58 55 57 60 53 52 56 46 49 44 40 48 45 47 65 43 42 69 74 75 73 70 72 76 68 66 71 15 18 13 19 17 14 16 62 12 10 35 38 33 39 37 34 36 61 32 30 31 67 51 41 21 11 3  8  9  7  4  6  64 2  1  5  0
27 20 25 21 29 26 28 63 24 23 50 57 55 51 59 56 58 60 54 53 43 47 40 45 41 49 46 48 65 44 75 72 70 67 74 71 73 76 69 68 12 16 19 14 11 18 15 17 62 13 32 36 39 34 31 38 35 37 61 33 30 66 52 42 22 10 9  6  4  0  8  5  7  64 3  2  1
24 28 21 26 22 20 27 29 63 25 58 54 51 56 52 50 57 59 60 55 45 44 48 41 46 42 40 47 49 65 73 69 67 71 66 75 72 74 76 70 14 13 17 11 15 10 19 16 18 62 34 33 37 31 35 30 39 36 38 61 32 68 53 43 23 12 7  3  0  5  1  9  6  8  64 4  2
26 25 29 22 27 23 21 28 20 63 55 56 59 52 57 53 51 58 50 60 65 46 45 49 42 47 43 41 48 40 70 71 74 66 72 68 67 73 75 76 62 15 14 18 10 16 12 11 17 19 61 35 34 38 30 36 32 31 37 39 33 69 54 44 24 13 4  5  8  1  6  2  0  7  9  64 3
63 27 26 20 23 28 24 22 29 21 57 60 56 50 53 58 54 52 59 51 41 65 47 46 40 43 48 44 42 49 72 76 71 75 68 73 69 66 74 67 11 62 16 15 19 12 17 13 10 18 31 61 36 35 39 32 37 33 30 38 34 70 55 45 25 14 6  64 5  9  2  7  3  1  8  0  4
14 10 13 62 19 18 12 15 11 16 66 70 69 76 75 74 68 71 67 72 57 55 52 54 60 50 59 53 56 51 22 25 24 63 20 29 23 26 21 27 36 34 30 33 61 39 38 32 35 31 6  4  1  3  64 9  8  2  5  0  7  28 73 58 17 37 42 45 44 65 40 49 43 46 41 47 48
11 12 62 18 17 10 14 19 15 13 68 67 76 74 73 66 70 75 71 69 54 51 53 60 59 58 52 55 50 56 23 21 63 29 28 22 25 20 26 24 33 31 32 61 38 37 30 34 39 35 3  0  2  64 8  7  1  4  9  5  6  27 72 57 16 36 43 41 65 49 48 42 45 40 46 44 47
17 15 12 14 62 11 19 13 16 10 71 73 68 70 76 67 75 69 72 66 52 58 56 53 55 60 51 50 54 57 26 28 23 25 63 21 20 24 27 22 30 37 35 32 34 61 31 39 33 36 1  7  5  2  4  64 0  9  3  6  8  29 74 59 18 38 46 48 43 45 65 41 40 44 47 42 49
12 18 16 13 15 62 10 11 14 17 74 68 72 69 71 76 66 67 70 73 58 53 59 57 54 56 60 52 51 55 29 23 27 24 26 63 22 21 25 28 37 32 38 36 33 35 61 30 31 34 7  2  8  6  3  5  64 1  0  4  9  20 75 50 19 39 49 43 47 44 46 65 42 41 45 48 40
18 13 19 17 14 16 62 12 10 15 69 74 75 73 70 72 76 68 66 71 56 59 54 50 58 55 57 60 53 52 24 29 20 28 25 27 63 23 22 26 35 38 33 39 37 34 36 61 32 30 5  8  3  9  7  4  6  64 2  1  0  21 67 51 11 31 44 49 40 48 45 47 65 43 42 46 41
16 19 14 11 18 15 17 62 13 12 75 72 70 67 74 71 73 76 69 68 53 57 50 55 51 59 56 58 60 54 20 27 25 21 29 26 28 63 24 23 32 36 39 34 31 38 35 37 61 33 2  6  9  4  0  8  5  7  64 3  1  22 66 52 10 30 40 47 45 41 49 46 48 65 44 43 42
13 17 11 15 10 19 16 18 62 14 73 69 67 71 66 75 72 74 76 70 55 54 58 51 56 52 50 57 59 60 28 24 21 26 22 20 27 29 63 25 34 33 37 31 35 30 39 36 38 61 4  3  7  0  5  1  9  6  8  64 2  23 68 53 12 32 48 44 41 46 42 40 47 49 65 45 43
15 14 18 10 16 12 11 17 19 62 70 71 74 66 72 68 67 73 75 76 60 56 55 59 52 57 53 51 58 50 25 26 29 22 27 23 21 28 20 63 61 35 34 38 30 36 32 31 37 39 64 5  4  8  1  6  2  0  7  9  3  24 69 54 13 33 45 46 49 42 47 43 41 48 40 65 44
62 16 15 19 12 17 13 10 18 11 72 76 71 75 68 73 69 66 74 67 51 60 57 56 50 53 58 54 52 59 27 63 26 20 23 28 24 22 29 21 31 61 36 35 39 32 37 33 30 38 0  64 6  5  9  2  7  3  1  8  4  25 70 55 14 34 47 65 46 40 43 48 44 42 49 41 45
10 62 17 16 11 13 18 14 12 19 76 66 73 72 67 69 74 70 68 75 50 52 60 58 57 51 54 59 55 53 63 22 28 27 21 24 29 25 23 20 39 30 61 37 36 31 33 38 34 32 9  1  64 7  6  0  3  8  4  2  5  26 71 56 15 35 65 42 48 47 41 44 49 45 43 40 46
30 61 37 36 31 33 38 34 32 39 63 22 28 27 21 24 29 25 23 20 75 66 76 73 72 67 69 74 70 68 62 10 17 16 11 13 18 14 12 19 9  1  64 7  6  0  3  8  4  2  40 42 65 48 47 41 44 49 45 43 46 15 26 71 35 5  60 52 58 57 51 54 59 55 53 50 56
31 32 61 38 37 30 34 39 35 33 23 21 63 29 28 22 25 20 26 24 69 67 68 76 74 73 66 70 75 71 12 11 62 18 17 10 14 19 15 13 3  0  2  64 8  7  1  4  9  5  44 41 43 65 49 48 42 45 40 46 47 16 27 72 36 6  53 51 60 59 58 52 55 50 56 54 57
34 30 33 61 39 38 32 35 31 36 22 25 24 63 20 29 23 26 21 27 72 70 66 69 76 75 74 68 71 67 10 14 13 62 19 18 12 15 11 16 6  4  1  3  64 9  8  2  5  0  47 45 42 44 65 40 49 43 46 41 48 17 28 73 37 7  52 55 54 60 50 59 53 56 51 57 58
37 35 32 34 61 31 39 33 36 30 26 28 23 25 63 21 20 24 27 22 66 73 71 68 70 76 67 75 69 72 15 17 12 14 62 11 19 13 16 10 1  7  5  2  4  64 0  9  3  6  42 48 46 43 45 65 41 40 44 47 49 18 29 74 38 8  56 58 53 55 60 51 50 54 57 52 59
32 38 36 33 35 61 30 31 34 37 29 23 27 24 26 63 22 21 25 28 73 68 74 72 69 71 76 66 67 70 18 12 16 13 15 62 10 11 14 17 7  2  8  6  3  5  64 1  0  4  48 43 49 47 44 46 65 42 41 45 40 19 20 75 39 9  59 53 57 54 56 60 52 51 55 58 50
38 33 39 37 34 36 61 32 30 35 24 29 20 28 25 27 63 23 22 26 71 74 69 75 73 70 72 76 68 66 13 18 19 17 14 16 62 12 10 15 5  8  3  9  7  4  6  64 2  1  46 49 44 40 48 45 47 65 43 42 41 11 21 67 31 0  54 59 50 58 55 57 60 53 52 56 51
36 39 34 31 38 35 37 61 33 32 20 27 25 21 29 26 28 63 24 23 68 72 75 70 67 74 71 73 76 69 19 16 14 11 18 15 17 62 13 12 2  6  9  4  0  8  5  7  64 3  43 47 40 45 41 49 46 48 65 44 42 10 22 66 30 1  50 57 55 51 59 56 58 60 54 53 52
33 37 31 35 30 39 36 38 61 34 28 24 21 26 22 20 27 29 63 25 70 69 73 67 71 66 75 72 74 76 17 13 11 15 10 19 16 18 62 14 4  3  7  0  5  1  9  6  8  64 45 44 48 41 46 42 40 47 49 65 43 12 23 68 32 2  58 54 51 56 52 50 57 59 60 55 53
35 34 38 30 36 32 31 37 39 61 25 26 29 22 27 23 21 28 20 63 76 71 70 74 66 72 68 67 73 75 14 15 18 10 16 12 11 17 19 62 64 5  4  8  1  6  2  0  7  9  65 46 45 49 42 47 43 41 48 40 44 13 24 69 33 3  55 56 59 52 57 53 51 58 50 60 54
61 36 35 39 32 37 33 30 38 31 27 63 26 20 23 28 24 22 29 21 67 76 72 71 75 68 73 69 66 74 16 62 15 19 12 17 13 10 18 11 0  64 6  5  9  2  7  3  1  8  41 65 47 46 40 43 48 44 42 49 45 14 25 70 34 4  57 60 56 50 53 58 54 52 59 51 55
66 76 73 72 67 69 74 70 68 75 65 42 48 47 41 44 49 45 43 40 9  1  64 7  6  0  3  8  4  2  60 52 58 57 51 54 59 55 53 50 20 22 63 28 27 21 24 29 25 23 19 10 62 17 16 11 13 18 14 12 15 56 46 5  71 26 61 30 37 36 31 33 38 34 32 39 35
67 68 76 74 73 66 70 75 71 69 43 41 65 49 48 42 45 40 46 44 3  0  2  64 8  7  1  4  9  5  53 51 60 59 58 52 55 50 56 54 24 21 23 63 29 28 22 25 20 26 13 11 12 62 18 17 10 14 19 15 16 57 47 6  72 27 32 31 61 38 37 30 34 39 35 33 36
70 66 69 76 75 74 68 71 67 72 42 45 44 65 40 49 43 46 41 47 6  4  1  3  64 9  8  2  5  0  52 55 54 60 50 59 53 56 51 57 27 25 22 24 63 20 29 23 26 21 16 14 10 13 62 19 18 12 15 11 17 58 48 7  73 28 30 34 33 61 39 38 32 35 31 36 37
73 71 68 70 76 67 75 69 72 66 46 48 43 45 65 41 40 44 47 42 1  7  5  2  4  64 0  9  3  6  56 58 53 55 60 51 50 54 57 52 22 28 26 23 25 63 21 20 24 27 10 17 15 12 14 62 11 19 13 16 18 59 49 8  74 29 35 37 32 34 61 31 39 33 36 30 38
68 74 72 69 71 76 66 67 70 73 49 43 47 44 46 65 42 41 45 48 7  2  8  6  3  5  64 1  0  4  59 53 57 54 56 60 52 51 55 58 28 23 29 27 24 26 63 22 21 25 17 12 18 16 13 15 62 10 11 14 19 50 40 9  75 20 38 32 36 33 35 61 30 31 34 37 39
74 69 75 73 70 72 76 68 66 71 44 49 40 48 45 47 65 43 42 46 5  8  3  9  7  4  6  64 2  1  54 59 50 58 55 57 60 53 52 56 26 29 24 20 28 25 27 63 23 22 15 18 13 19 17 14 16 62 12 10 11 51 41 0  67 21 33 38 39 37 34 36 61 32 30 35 31
72 75 70 67 74 71 73 76 69 68 40 47 45 41 49 46 48 65 44 43 2  6  9  4  0  8  5  7  64 3  50 57 55 51 59 56 58 60 54 53 23 27 20 25 21 29 26 28 63 24 12 16 19 14 11 18 15 17 62 13 10 52 42 1  66 22 39 36 34 31 38 35 37 61 33 32 30
69 73 67 71 66 75 72 74 76 70 48 44 41 46 42 40 47 49 65 45 4  3  7  0  5  1  9  6  8  64 58 54 51 56 52 50 57 59 60 55 25 24 28 21 26 22 20 27 29 63 14 13 17 11 15 10 19 16 18 62 12 53 43 2  68 23 37 33 31 35 30 39 36 38 61 34 32
71 70 74 66 72 68 67 73 75 76 45 46 49 42 47 43 41 48 40 65 64 5  4  8  1  6  2  0  7  9  55 56 59 52 57 53 51 58 50 60 63 26 25 29 22 27 23 21 28 20 62 15 14 18 10 16 12 11 17 19 13 54 44 3  69 24 34 35 38 30 36 32 31 37 39 61 33
76 72 71 75 68 73 69 66 74 67 47 65 46 40 43 48 44 42 49 41 0  64 6  5  9  2  7  3  1  8  57 60 56 50 53 58 54 52 59 51 21 63 27 26 20 23 28 24 22 29 11 62 16 15 19 12 17 13 10 18 14 55 45 4  70 25 36 61 35 39 32 37 33 30 38 31 34
75 67 66 68 69 70 71 72 73 74 41 40 42 43 44 45 46 47 48 49 8  9  0  1  2  3  4  5  6  7  51 50 52 53 54 55 56 57 58 59 29 20 21 22 23 24 25 26 27 28 18 19 11 10 12 13 14 15 16 17 62 60 65 64 76 63 31 39 30 32 33 34 35 36 37 38 61
19 11 10 12 13 14 15 16 17 18 67 75 66 68 69 70 71 72 73 74 59 50 51 52 53 54 55 56 57 58 21 20 22 23 24 25 26 27 28 29 38 39 31 30 32 33 34 35 36 37 8  9  0  1  2  3  4  5  6  7  64 63 76 60 62 61 41 40 42 43 44 45 46 47 48 49 65
40 41 42 43 44 45 46 47 48 49 31 39 30 32 33 34 35 36 37 38 18 19 11 10 12 13 14 15 16 17 0  9  1  2  3  4  5  6  7  8  59 50 51 52 53 54 55 56 57 58 74 75 67 66 68 69 70 71 72 73 76 64 61 62 65 60 21 20 22 23 24 25 26 27 28 29 63
20 21 22 23 24 25 26 27 28 29 51 50 52 53 54 55 56 57 58 59 49 40 41 42 43 44 45 46 47 48 67 75 66 68 69 70 71 72 73 74 18 19 11 10 12 13 14 15 16 17 38 39 31 30 32 33 34 35 36 37 61 76 60 65 63 62 0  9  1  2  3  4  5  6  7  8  64
50 51 52 53 54 55 56 57 58 59 0  9  1  2  3  4  5  6  7  8  38 39 31 30 32 33 34 35 36 37 41 40 42 43 44 45 46 47 48 49 74 75 67 66 68 69 70 71 72 73 29 20 21 22 23 24 25 26 27 28 63 65 64 61 60 76 11 19 10 12 13 14 15 16 17 18 62
39 31 30 32 33 34 35 36 37 38 21 20 22 23 24 25 26 27 28 29 74 75 67 66 68 69 70 71 72 73 11 19 10 12 13 14 15 16 17 18 8  9  0  1  2  3  4  5  6  7  49 40 41 42 43 44 45 46 47 48 65 62 63 76 61 64 51 50 52 53 54 55 56 57 58 59 60
4  1  3  64 9  8  2  5  0  6  10 14 13 62 19 18 12 15 11 16 27 25 22 24 63 20 29 23 26 21 30 34 33 61 39 38 32 35 31 36 47 45 42 44 65 40 49 43 46 41 57 55 52 54 60 50 59 53 56 51 58 37 17 28 7  48 66 70 69 76 75 74 68 71 67 72 73
0  2  64 8  7  1  4  9  5  3  12 11 62 18 17 10 14 19 15 13 24 21 23 63 29 28 22 25 20 26 32 31 61 38 37 30 34 39 35 33 44 41 43 65 49 48 42 45 40 46 54 51 53 60 59 58 52 55 50 56 57 36 16 27 6  47 68 67 76 74 73 66 70 75 71 69 72
7  5  2  4  64 0  9  3  6  1  15 17 12 14 62 11 19 13 16 10 22 28 26 23 25 63 21 20 24 27 35 37 32 34 61 31 39 33 36 30 42 48 46 43 45 65 41 40 44 47 52 58 56 53 55 60 51 50 54 57 59 38 18 29 8  49 71 73 68 70 76 67 75 69 72 66 74
2  8  6  3  5  64 1  0  4  7  18 12 16 13 15 62 10 11 14 17 28 23 29 27 24 26 63 22 21 25 38 32 36 33 35 61 30 31 34 37 48 43 49 47 44 46 65 42 41 45 58 53 59 57 54 56 60 52 51 55 50 39 19 20 9  40 74 68 72 69 71 76 66 67 70 73 75
8  3  9  7  4  6  64 2  1  5  13 18 19 17 14 16 62 12 10 15 26 29 24 20 28 25 27 63 23 22 33 38 39 37 34 36 61 32 30 35 46 49 44 40 48 45 47 65 43 42 56 59 54 50 58 55 57 60 53 52 51 31 11 21 0  41 69 74 75 73 70 72 76 68 66 71 67
6  9  4  0  8  5  7  64 3  2  19 16 14 11 18 15 17 62 13 12 23 27 20 25 21 29 26 28 63 24 39 36 34 31 38 35 37 61 33 32 43 47 40 45 41 49 46 48 65 44 53 57 50 55 51 59 56 58 60 54 52 30 10 22 1  42 75 72 70 67 74 71 73 76 69 68 66
3  7  0  5  1  9  6  8  64 4  17 13 11 15 10 19 16 18 62 14 25 24 28 21 26 22 20 27 29 63 37 33 31 35 30 39 36 38 61 34 45 44 48 41 46 42 40 47 49 65 55 54 58 51 56 52 50 57 59 60 53 32 12 23 2  43 73 69 67 71 66 75 72 74 76 70 68
5  4  8  1  6  2  0  7  9  64 14 15 18 10 16 12 11 17 19 62 63 26 25 29 22 27 23 21 28 20 34 35 38 30 36 32 31 37 39 61 65 46 45 49 42 47 43 41 48 40 60 56 55 59 52 57 53 51 58 50 54 33 13 24 3  44 70 71 74 66 72 68 67 73 75 76 69
64 6  5  9  2  7  3  1  8  0  16 62 15 19 12 17 13 10 18 11 21 63 27 26 20 23 28 24 22 29 36 61 35 39 32 37 33 30 38 31 41 65 47 46 40 43 48 44 42 49 51 60 57 56 50 53 58 54 52 59 55 34 14 25 4  45 72 76 71 75 68 73 69 66 74 67 70
1  64 7  6  0  3  8  4  2  9  62 10 17 16 11 13 18 14 12 19 20 22 63 28 27 21 24 29 25 23 61 30 37 36 31 33 38 34 32 39 40 42 65 48 47 41 44 49 45 43 50 52 60 58 57 51 54 59 55 53 56 35 15 26 5  46 76 66 73 72 67 69 74 70 68 75 71
9  0  1  2  3  4  5  6  7  8  11 19 10 12 13 14 15 16 17 18 29 20 21 22 23 24 25 26 27 28 31 39 30 32 33 34 35 36 37 38 49 40 41 42 43 44 45 46 47 48 59 50 51 52 53 54 55 56 57 58 60 61 62 63 64 65 67 75 66 68 69 70 71 72 73 74 76
