3  4  0  1  5  72 68 17 13 15 12 14 76 24 29 25 28 27 36 40 37 38 69 39 49 53 50 48 70 52 22 20 23 21 75 19 62 61 60 65 63 64 67 34 30 35 32 31 59 56 55 74 58 54 47 44 43 73 46 42 11 7  8  6  71 10 9  18 26 66 57 16 2  33 45 41 51 
1  5  3  4  72 2  17 16 14 13 15 68 25 29 26 24 76 28 38 37 41 40 36 69 52 49 48 70 51 50 18 75 22 19 23 20 60 64 63 66 61 65 33 32 67 31 30 34 57 58 59 54 55 56 43 42 46 45 44 73 6  71 11 7  10 9  8  21 27 62 74 12 0  35 47 39 53 
5  2  4  72 0  3  12 15 17 68 14 16 29 27 28 26 24 25 37 39 69 41 40 38 48 50 51 53 49 70 19 22 21 75 18 23 61 66 64 60 65 62 31 67 35 32 33 30 54 59 74 58 57 55 44 45 42 43 73 47 71 9  7  10 8  11 6  20 76 63 56 13 1  34 46 36 52 
72 0  5  2  3  1  15 13 16 17 68 12 26 28 76 27 29 24 41 69 36 39 37 40 70 48 53 49 52 51 20 18 19 23 21 22 64 62 65 63 66 60 34 33 31 30 35 67 56 57 54 55 74 59 42 47 73 46 45 43 10 8  71 9  11 6  7  75 25 61 58 14 4  32 44 38 50 
2  3  72 0  1  4  13 14 12 16 17 15 27 76 25 28 26 29 39 36 38 69 41 37 51 70 49 52 50 53 75 21 20 22 19 18 65 60 66 61 62 63 32 35 34 67 31 33 58 74 56 59 54 57 73 43 45 44 47 46 9  11 10 8  6  7  71 23 24 64 55 68 5  30 42 40 48 
4  72 1  5  2  0  16 12 68 14 13 17 24 26 27 29 25 76 40 41 39 37 38 36 50 52 70 51 53 48 21 23 18 20 22 75 63 65 61 62 64 66 35 30 33 34 67 32 74 55 57 56 59 58 46 73 44 47 42 45 7  10 6  71 9  8  11 19 28 60 54 15 3  31 43 69 49 
55 57 58 59 74 54 11 6  9  10 71 8  20 23 22 75 19 21 24 26 27 29 25 76 45 73 43 46 44 47 52 51 49 48 53 70 3  5  1  2  4  72 66 61 65 60 64 63 17 13 68 12 14 15 67 31 33 32 35 34 40 41 38 37 39 69 36 50 18 0  16 7  56 62 30 28 42 
54 58 74 56 55 59 10 9  7  6  11 71 18 19 20 21 22 23 28 25 24 76 27 26 44 46 73 45 47 42 51 50 70 49 48 52 72 3  2  4  0  1  61 62 63 65 60 66 13 16 15 68 12 17 34 67 32 35 30 33 69 38 39 36 40 37 41 53 75 5  14 8  57 64 31 29 43 
58 59 56 55 57 74 8  11 10 71 7  9  19 75 23 20 21 18 25 29 26 24 76 28 73 42 47 43 46 45 49 70 53 50 51 48 0  4  3  72 1  5  65 63 64 62 61 60 68 15 14 16 13 12 30 35 67 34 33 31 38 37 36 40 41 39 69 52 22 2  17 6  54 66 32 27 44 
57 54 59 74 56 58 7  71 11 8  9  6  23 18 21 22 75 20 26 28 76 27 29 24 43 47 44 42 73 46 48 49 50 51 52 53 4  2  5  3  72 0  60 65 62 61 66 64 12 68 16 13 17 14 35 32 31 67 34 30 41 69 37 39 36 38 40 70 19 1  15 10 55 63 33 25 45 
56 55 54 58 59 57 9  8  71 7  6  10 21 20 75 19 18 22 76 24 29 25 28 27 42 44 45 47 43 73 53 48 51 52 70 50 2  1  0  5  3  4  64 60 61 66 63 62 14 12 13 17 15 16 32 33 30 31 67 35 36 40 69 38 37 41 39 49 23 72 68 11 74 65 34 26 46 
74 56 57 54 58 55 71 10 6  11 8  7  22 21 19 18 23 75 27 76 25 28 26 29 46 43 42 73 45 44 70 52 48 53 50 49 5  0  72 1  2  3  63 66 60 64 62 65 15 17 12 14 16 68 31 30 34 33 32 67 39 36 41 69 38 40 37 51 20 4  13 9  59 61 35 24 47 
73 47 42 45 43 46 64 65 63 60 62 61 17 12 15 16 68 14 59 74 54 57 55 58 69 39 38 40 37 36 9  7  10 11 71 6  52 70 50 53 48 51 23 19 75 18 20 21 30 31 32 33 34 35 24 27 29 76 26 28 1  5  3  4  72 2  0  8  13 49 67 66 44 22 25 56 41 
45 43 73 47 46 44 65 66 61 63 60 64 16 15 13 12 17 68 57 54 56 74 59 55 36 69 40 37 41 38 8  71 9  6  10 7  50 51 48 49 70 53 22 20 23 21 75 19 67 34 30 35 32 31 29 28 26 25 27 76 4  72 1  5  2  0  3  11 14 52 33 62 42 18 24 58 39 
44 73 46 42 45 47 63 61 62 66 65 60 14 17 16 68 13 15 58 59 57 55 56 54 41 37 69 36 38 39 71 11 7  9  6  8  53 50 49 70 52 48 20 18 19 23 21 22 34 33 31 30 35 67 76 29 25 27 24 26 0  1  2  3  4  5  72 10 12 51 32 64 43 75 28 74 40 
46 42 43 44 73 45 60 63 66 65 64 62 13 68 17 14 15 12 56 55 59 58 54 74 37 40 39 69 36 41 7  8  6  10 11 9  51 52 53 48 49 50 19 22 21 75 18 23 31 67 35 32 33 30 28 24 76 26 25 29 2  3  72 0  1  4  5  71 16 70 34 61 47 20 27 57 38 
43 44 47 46 42 73 62 60 65 64 61 66 15 14 68 13 12 16 54 58 55 56 74 57 40 38 41 39 69 37 6  9  11 71 8  10 70 49 51 50 53 52 21 23 18 20 22 75 35 30 33 34 67 32 27 25 28 29 76 24 72 0  5  2  3  1  4  7  17 48 31 63 45 19 26 59 36 
42 45 44 73 47 43 61 64 60 62 66 63 68 16 12 17 14 13 55 57 74 59 58 56 39 41 36 38 40 69 10 6  71 8  7  11 49 48 52 51 50 70 75 21 20 22 19 18 32 35 34 67 31 33 25 26 24 28 29 27 3  4  0  1  5  72 2  9  15 53 30 65 46 23 76 54 37 
17 12 68 16 15 13 69 36 41 37 40 39 53 52 50 49 51 70 23 18 21 22 75 20 67 30 35 31 34 33 43 73 47 44 45 42 74 58 54 59 56 55 3  72 0  4  2  5  9  7  10 11 71 6  62 61 60 65 63 64 27 76 26 28 25 24 29 46 48 57 8  38 14 1  66 19 32 
16 15 17 12 13 14 36 38 39 41 37 69 49 50 48 52 53 51 22 21 19 18 23 75 33 67 31 34 32 35 46 45 43 42 47 73 54 55 56 57 58 59 1  2  3  5  0  72 8  71 9  6  10 7  60 64 63 66 61 65 28 25 27 76 24 29 26 44 70 74 11 40 68 4  62 20 30 
14 17 13 68 16 12 41 39 40 38 36 37 70 53 49 51 48 50 20 23 22 75 19 21 32 34 67 33 35 30 45 44 73 43 42 46 59 54 57 58 74 56 2  4  72 3  5  1  71 11 7  9  6  8  65 60 66 61 62 63 29 27 24 26 28 76 25 47 52 55 10 69 15 0  64 18 31 
13 68 15 14 17 16 37 41 38 36 69 40 48 51 53 70 50 52 19 75 23 20 21 18 34 31 30 67 33 32 73 46 42 47 44 43 55 74 59 56 57 54 72 1  5  0  4  3  7  8  6  10 11 9  64 62 65 63 66 60 24 26 25 29 27 28 76 45 49 58 71 39 12 2  61 22 35 
15 14 12 13 68 17 40 37 36 69 39 38 50 70 51 48 52 49 21 20 75 19 18 22 31 35 32 30 67 34 42 43 44 45 46 47 58 57 55 54 59 74 5  3  4  2  1  0  6  9  11 71 8  10 61 66 64 60 65 62 25 29 76 24 26 27 28 73 53 56 7  41 16 72 63 23 33 
68 16 14 17 12 15 39 69 37 40 38 41 51 49 52 53 70 48 75 22 18 23 20 19 30 32 33 35 31 67 47 42 45 46 73 44 57 56 74 55 54 58 0  5  2  1  72 4  10 6  71 8  7  11 66 63 62 64 60 61 26 28 29 27 76 25 24 43 50 59 9  36 13 3  65 21 34 
30 33 32 67 35 31 2  0  5  4  1  72 71 9  8  10 7  6  16 15 13 12 17 68 29 24 27 28 76 26 38 39 36 37 69 41 43 42 46 45 44 73 52 51 49 48 53 70 66 61 65 60 64 63 22 19 18 75 21 20 54 58 74 56 55 59 57 40 11 47 62 3  34 50 23 14 25 
35 34 33 31 32 30 1  4  0  2  72 3  8  6  7  11 9  10 13 68 17 14 15 12 28 27 25 24 29 76 41 38 37 69 40 36 42 47 73 46 45 43 70 52 48 53 50 49 63 66 60 64 62 65 19 23 20 18 75 22 55 57 58 59 74 54 56 39 71 44 61 5  67 51 21 16 26 
67 35 30 33 31 34 0  3  72 5  4  2  10 8  11 9  71 7  12 13 14 15 16 17 26 29 28 76 25 27 40 69 38 41 36 39 46 73 44 47 42 45 50 53 52 70 49 51 62 64 66 63 65 61 18 20 21 23 19 75 56 55 54 58 59 57 74 37 6  43 60 1  32 48 22 68 24 
34 30 31 32 67 33 5  72 1  3  0  4  6  71 10 7  11 8  68 16 12 17 14 13 25 76 29 26 27 24 69 37 39 38 41 40 45 46 47 42 43 44 53 48 51 52 70 50 64 60 61 66 63 62 75 18 23 19 22 21 57 54 59 74 56 58 55 36 9  73 65 2  35 49 20 15 28 
33 31 67 35 34 32 3  1  2  72 5  0  9  11 6  8  10 71 15 14 68 13 12 16 27 26 76 25 24 28 37 36 40 39 38 69 44 45 42 43 73 47 48 49 50 51 52 53 60 65 62 61 66 64 21 75 19 22 20 23 58 59 56 55 57 74 54 41 7  46 63 4  30 70 18 17 29 
31 32 35 34 30 67 4  5  3  0  2  1  11 7  71 6  8  9  14 17 16 68 13 15 76 28 24 29 26 25 39 40 41 36 37 38 73 43 45 44 47 46 51 50 70 49 48 52 61 62 63 65 60 66 20 22 75 21 23 18 59 74 55 57 54 56 58 69 10 42 64 72 33 53 19 12 27 
6  71 11 7  10 9  27 28 29 24 25 26 46 42 73 44 43 47 51 49 52 53 70 48 61 63 65 66 62 64 35 30 33 34 67 32 68 12 17 13 16 15 58 74 56 59 54 57 41 38 37 69 40 36 72 3  2  4  0  1  23 18 75 22 21 19 20 31 45 14 39 76 8  55 5  50 60 
71 9  7  10 8  11 76 25 27 26 29 28 42 45 47 73 44 46 49 50 48 52 53 51 65 64 62 60 63 66 34 33 31 30 35 67 16 13 12 68 15 14 59 56 55 74 58 54 69 37 39 38 41 40 0  4  3  72 1  5  18 19 22 21 20 75 23 32 43 17 36 24 6  57 2  70 61 
10 8  71 9  11 6  25 24 28 27 26 76 73 47 43 45 42 44 52 48 70 50 49 53 66 65 60 63 61 62 32 35 34 67 31 33 12 14 15 17 13 68 57 58 59 54 55 56 36 41 69 40 39 37 3  5  1  2  4  72 21 20 18 19 75 23 22 30 46 16 38 29 7  74 0  51 64 
7  10 6  71 9  8  28 76 26 29 24 27 44 73 45 42 46 43 53 52 50 49 51 70 64 61 66 62 60 65 31 67 35 32 33 30 17 15 16 14 12 13 55 54 58 57 56 74 39 40 41 36 37 38 2  1  0  5  3  4  22 21 23 18 19 20 75 34 47 68 69 25 11 59 72 48 63 
11 7  8  6  71 10 26 27 24 25 76 29 43 44 42 46 47 45 70 53 49 51 48 50 63 60 64 65 66 61 33 32 67 31 30 34 14 16 68 15 17 12 56 57 54 55 74 59 37 36 40 39 38 69 5  0  72 1  2  3  75 22 20 23 18 21 19 35 73 13 41 28 9  58 4  52 62 
8  6  9  11 7  71 29 26 25 76 28 24 47 46 44 43 45 73 48 51 53 70 50 52 60 62 61 64 65 63 67 34 30 35 32 31 13 17 14 12 68 16 54 59 74 58 57 55 40 69 38 41 36 39 4  2  5  3  72 0  20 23 19 75 22 18 21 33 42 15 37 27 10 56 1  49 66 
24 26 25 29 27 28 49 52 51 70 48 53 65 62 60 66 64 61 33 31 34 35 67 30 57 59 54 56 58 74 1  2  3  5  0  72 41 36 39 40 69 38 8  71 9  6  10 7  22 20 23 21 75 19 12 14 15 17 13 68 44 73 46 42 45 47 43 4  63 37 18 50 76 11 16 32 55 
76 24 28 25 29 26 51 53 48 50 52 70 61 65 66 64 63 60 30 33 35 67 32 34 55 58 57 74 54 59 0  5  2  1  72 4  40 39 37 36 41 69 10 6  71 8  7  11 75 21 20 22 19 18 17 15 16 14 12 13 43 44 47 46 42 73 45 3  62 38 23 49 27 9  68 31 56 
28 25 27 76 24 29 70 51 50 52 49 48 63 64 65 61 60 62 32 67 33 30 34 31 58 56 59 57 74 55 2  4  72 3  5  1  38 41 40 69 37 39 71 11 7  9  6  8  20 18 19 23 21 22 68 12 17 13 16 15 47 46 45 43 44 42 73 0  66 36 75 53 26 10 14 35 54 
25 29 76 24 26 27 53 49 70 48 50 51 64 66 62 65 61 63 67 35 31 33 30 32 59 55 74 54 56 57 3  72 0  4  2  5  37 69 41 38 39 36 9  7  10 11 71 6  23 19 75 18 20 21 16 13 12 68 15 14 46 42 43 44 73 45 47 1  60 40 22 52 28 8  17 34 58 
29 27 24 26 28 76 52 50 53 51 70 49 66 60 63 62 65 64 35 34 32 31 33 67 74 57 56 58 55 54 4  0  1  72 3  2  39 38 69 37 36 40 11 10 8  7  9  71 18 75 22 19 23 20 15 68 13 16 14 17 42 45 44 73 47 43 46 5  61 41 21 48 25 6  12 30 59 
26 28 29 27 76 25 50 48 49 53 51 52 62 63 61 60 66 65 31 32 30 34 35 33 54 74 58 55 59 56 5  3  4  2  1  0  69 40 36 41 38 37 6  9  11 71 8  10 21 23 18 20 22 75 13 17 14 12 68 16 73 47 42 45 43 46 44 72 64 39 19 70 24 7  15 67 57 
63 64 60 61 65 66 54 56 57 59 55 74 40 41 39 37 38 36 7  10 9  71 6  11 19 21 75 23 22 20 76 26 28 24 27 29 32 33 30 31 67 35 47 42 45 46 73 44 5  3  4  2  1  0  51 52 53 48 49 50 17 12 68 16 15 13 14 25 69 34 72 58 62 43 70 8  18 
64 66 61 65 62 60 58 55 54 74 57 56 41 69 36 39 37 40 10 8  11 9  71 7  75 20 22 18 21 23 24 28 25 26 76 27 67 31 33 32 35 34 46 45 43 42 47 73 2  4  72 3  5  1  49 48 52 51 50 70 12 13 16 15 14 68 17 29 38 30 0  59 63 44 53 6  19 
65 62 64 66 60 63 55 59 56 54 74 58 39 36 38 69 41 37 9  11 6  8  10 71 23 75 18 21 19 22 29 76 24 27 25 28 33 34 35 30 31 32 44 47 46 73 43 45 0  5  2  1  72 4  52 70 50 53 48 51 15 14 12 13 68 17 16 26 40 67 3  57 61 42 49 7  20 
61 65 63 64 66 62 56 58 74 57 59 54 37 39 69 41 40 38 71 9  8  10 7  6  20 19 23 22 18 75 25 27 76 29 28 26 30 35 67 34 33 31 43 73 47 44 45 42 72 1  5  0  4  3  53 50 49 70 52 48 16 15 17 12 13 14 68 24 36 32 2  55 60 46 51 11 21 
60 61 62 63 64 65 74 54 59 55 58 57 38 37 41 40 36 69 6  71 10 7  11 8  21 18 20 75 23 19 28 29 27 25 26 24 34 67 32 35 30 33 45 44 73 43 42 46 4  0  1  72 3  2  70 49 51 50 53 52 68 16 14 17 12 15 13 76 39 31 5  56 66 47 48 9  22 
62 63 66 60 61 64 57 74 55 58 56 59 36 40 37 38 69 39 11 7  71 6  8  9  18 22 19 20 75 21 27 24 26 76 29 25 31 30 34 33 32 67 73 46 42 47 44 43 1  2  3  5  0  72 48 53 70 52 51 49 14 17 13 68 16 12 15 28 41 35 4  54 65 45 50 10 23 
21 20 18 19 75 23 46 44 47 45 73 43 1  5  72 4  3  0  61 65 66 64 63 60 13 15 68 17 16 14 58 74 56 59 54 57 76 29 25 27 24 26 41 38 37 69 40 36 53 48 51 52 70 50 7  9  71 11 10 8  30 33 32 67 35 31 34 55 2  28 49 42 22 39 6  62 12 
20 23 19 75 22 18 42 73 46 43 47 44 5  2  0  72 4  1  65 62 60 66 64 61 68 14 16 12 15 17 59 56 55 74 58 54 24 27 29 76 26 28 69 37 39 38 41 40 52 51 49 48 53 70 10 11 9  7  8  6  33 31 67 35 34 32 30 57 3  25 50 45 21 36 71 63 13 
75 22 20 23 18 21 73 45 44 46 43 42 72 0  3  2  5  4  66 60 63 62 65 64 17 68 12 15 13 16 57 58 59 54 55 56 29 28 26 25 27 76 36 41 69 40 39 37 50 53 52 70 49 51 9  6  8  71 11 7  35 34 33 31 32 30 67 74 1  24 48 47 19 38 10 61 14 
19 75 21 20 23 22 44 42 43 47 45 46 4  72 2  5  1  3  64 66 62 65 61 63 14 13 17 16 12 68 55 54 58 57 56 74 25 26 24 28 29 27 39 40 41 36 37 38 49 70 53 50 51 48 71 8  10 6  9  11 67 35 30 33 31 34 32 59 0  76 52 73 18 69 7  60 15 
18 19 22 21 20 75 43 46 45 73 42 47 3  4  5  1  0  2  63 64 65 61 60 62 15 12 14 68 17 13 56 57 54 55 74 59 28 24 76 26 25 29 37 36 40 39 38 69 51 50 70 49 48 52 6  10 7  8  71 9  32 67 34 30 33 35 31 58 72 27 53 44 23 41 11 66 16 
22 21 23 18 19 20 47 43 73 42 44 45 0  1  4  3  2  72 60 61 64 63 62 66 12 16 13 14 68 15 54 59 74 58 57 55 27 25 28 29 76 24 40 69 38 41 36 39 70 52 48 53 50 49 11 71 6  9  7  10 34 30 31 32 67 33 35 56 5  26 51 46 75 37 8  65 17 
37 39 40 41 69 36 21 19 22 23 75 18 35 34 32 31 33 67 42 45 47 73 44 46 5  4  2  0  3  72 64 60 61 66 63 62 71 8  10 6  9  11 14 12 13 17 15 16 28 29 27 25 26 24 59 54 57 58 74 56 49 50 53 52 48 70 51 65 30 7  76 20 38 68 55 43 1  
38 37 36 40 41 39 22 18 75 20 19 23 67 35 31 33 30 32 46 42 73 44 43 47 1  3  5  72 2  4  63 66 60 64 62 65 6  10 7  8  71 9  15 17 12 14 16 68 26 25 29 28 24 76 58 57 55 54 59 74 51 49 70 53 52 50 48 61 34 11 27 21 69 13 56 45 0  
36 40 69 38 37 41 23 22 20 19 21 75 30 33 35 67 32 34 43 44 42 46 47 45 3  0  4  5  72 1  60 65 62 61 66 64 11 71 6  9  7  10 12 68 16 13 17 14 29 76 24 27 25 28 56 59 58 74 55 57 70 53 48 51 49 52 50 63 31 8  26 18 39 15 54 73 2  
40 41 38 37 39 69 18 21 23 75 20 22 33 31 34 35 67 30 44 73 45 42 46 43 4  1  72 2  0  5  61 62 63 65 60 66 7  9  71 11 10 8  13 16 15 68 12 17 27 24 26 76 29 25 55 74 59 56 57 54 53 52 51 49 50 48 70 64 32 6  28 19 36 14 58 47 3  
41 69 37 39 36 38 19 20 18 22 23 21 31 32 30 34 35 33 73 47 43 45 42 44 72 5  0  3  1  2  65 63 64 62 61 60 10 11 9  7  8  6  68 15 14 16 13 12 76 26 28 24 27 29 57 56 74 55 54 58 52 48 49 50 70 51 53 66 67 71 25 75 40 17 59 46 4  
39 36 41 69 38 40 20 75 21 18 22 19 34 30 67 32 31 35 45 43 46 47 73 42 2  72 3  1  4  0  66 61 65 60 64 63 9  6  8  71 11 7  17 13 68 12 14 15 25 27 76 29 28 26 74 58 54 59 56 55 50 70 52 48 51 53 49 62 33 10 24 23 37 16 57 44 5  
52 48 49 50 70 51 67 33 32 34 31 30 59 74 54 57 55 58 1  5  72 4  3  0  8  9  6  7  71 11 15 17 12 14 16 68 21 75 19 22 20 23 26 25 29 28 24 76 43 73 47 44 45 42 40 39 37 36 41 69 63 64 60 61 65 66 62 13 56 18 46 35 53 27 38 2  10 
50 70 52 48 51 53 33 35 30 32 34 67 57 54 56 74 59 55 4  72 2  5  1  3  11 8  7  71 10 6  13 16 15 68 12 17 19 23 20 18 75 22 27 24 26 76 29 25 46 45 43 42 47 73 37 69 41 38 39 36 61 65 63 64 66 62 60 14 58 21 44 31 49 28 40 0  9  
70 53 48 51 49 52 31 34 33 67 30 35 54 58 55 56 74 57 72 0  3  2  5  4  7  6  10 9  8  71 68 15 14 16 13 12 75 18 23 19 22 21 76 26 28 24 27 29 42 43 44 45 46 47 39 38 69 37 36 40 65 62 64 66 60 63 61 17 59 20 73 32 50 25 41 1  11 
51 49 70 53 52 50 34 32 35 33 67 31 56 55 59 58 54 74 2  3  1  0  72 5  71 7  9  8  11 10 17 13 68 12 14 15 23 21 22 20 18 19 25 27 76 29 28 26 73 46 42 47 44 43 69 40 36 41 38 37 66 60 65 62 63 61 64 16 57 75 45 30 48 24 39 4  6  
53 52 51 49 50 48 32 30 31 35 33 34 58 59 57 55 56 54 0  1  4  3  2  72 10 71 8  11 6  9  16 14 17 15 68 13 22 19 18 75 21 20 24 28 25 26 76 27 45 44 73 43 42 46 36 37 38 39 40 41 62 63 66 60 61 64 65 12 74 23 47 67 70 29 69 5  7  
48 51 50 70 53 49 35 31 67 30 32 33 74 56 58 54 57 59 5  2  0  72 4  1  6  11 71 10 9  7  14 12 13 17 15 16 20 22 75 21 23 18 28 29 27 25 26 24 44 47 46 73 43 45 41 36 39 40 69 38 64 66 61 65 62 60 63 68 55 19 42 34 52 76 37 3  8  
49 50 53 52 48 70 30 67 34 31 35 32 55 57 74 59 58 56 3  4  5  1  0  2  9  10 11 6  7  8  12 68 16 13 17 14 18 20 21 23 19 75 29 76 24 27 25 28 47 42 45 46 73 44 38 41 40 69 37 39 60 61 62 63 64 65 66 15 54 22 43 33 51 26 36 72 71 
9  11 10 8  6  7  24 29 76 28 27 25 45 43 46 47 73 42 50 70 51 48 52 49 62 66 63 61 64 60 30 31 32 33 34 35 15 68 13 16 14 17 74 55 57 56 59 58 38 39 36 37 69 41 1  72 4  0  5  2  19 75 21 20 23 22 18 67 44 12 40 26 71 54 3  53 65 
47 46 45 43 44 42 66 62 64 61 63 65 12 13 14 15 16 17 74 56 58 54 57 59 38 36 37 41 39 40 11 10 8  7  9  71 48 53 70 52 51 49 18 75 22 19 23 20 33 32 67 31 30 34 26 76 27 24 28 25 5  2  4  72 0  3  1  6  68 50 35 60 73 21 29 55 69 
27 76 26 28 25 24 48 70 52 49 53 50 60 61 64 63 62 66 34 30 67 32 31 35 56 54 55 59 57 58 72 1  5  0  4  3  36 37 38 39 40 41 7  8  6  10 11 9  19 22 21 75 18 23 14 16 68 15 17 12 45 43 73 47 46 44 42 2  65 69 20 51 29 71 13 33 74 
23 18 75 22 21 19 45 47 42 44 46 73 2  3  1  0  72 5  62 63 61 60 66 65 16 17 15 13 14 12 74 55 57 56 59 58 26 76 27 24 28 25 38 39 36 37 69 41 48 49 50 51 52 53 8  7  11 10 6  71 31 32 35 34 30 67 33 54 4  29 70 43 20 40 9  64 68 
59 74 55 57 54 56 6  7  8  9  10 11 75 22 18 23 20 19 29 27 28 26 24 25 47 45 46 44 42 43 50 53 52 70 49 51 1  72 4  0  5  2  62 64 66 63 65 61 16 14 17 15 68 13 33 34 35 30 31 32 37 39 40 41 69 36 38 48 21 3  12 71 58 60 67 76 73 
0  1  2  3  4  5  14 68 15 12 16 13 28 25 24 76 27 26 69 38 40 36 39 41 53 51 52 50 48 49 23 19 75 18 20 21 66 63 62 64 60 61 30 31 32 33 34 35 55 54 58 57 56 74 45 46 47 42 43 44 8  6  9  11 7  71 10 22 29 65 59 17 72 67 73 37 70 
66 60 65 62 63 61 59 57 58 56 54 55 69 38 40 36 39 41 8  6  7  11 9  10 22 23 21 19 20 18 26 25 29 28 24 76 35 32 31 67 34 30 42 43 44 45 46 47 3  72 0  4  2  5  50 51 48 49 70 53 13 68 15 14 17 16 12 27 37 33 1  74 64 73 52 71 75 
69 38 39 36 40 37 75 23 19 21 18 20 32 67 33 30 34 31 47 46 44 43 45 73 0  2  1  4  5  3  62 64 66 63 65 61 8  7  11 10 6  71 16 14 17 15 68 13 24 28 25 26 76 27 54 55 56 57 58 59 48 51 50 70 53 49 52 60 35 9  29 22 41 12 74 42 72 
12 13 16 15 14 68 38 40 69 39 41 36 52 48 70 50 49 53 18 19 20 21 22 23 35 33 34 32 30 31 44 47 46 73 43 45 56 59 58 74 55 57 4  0  1  72 3  2  11 10 8  7  9  71 63 65 61 62 64 66 76 24 28 25 29 26 27 42 51 54 6  37 17 5  60 75 67 
32 67 34 30 33 35 72 2  4  1  3  5  7  10 9  71 6  11 17 12 15 16 68 14 24 25 26 27 28 29 36 41 69 40 39 37 47 44 43 73 46 42 49 70 53 50 51 48 65 63 64 62 61 60 23 21 22 20 18 19 74 56 57 54 58 55 59 38 8  45 66 0  31 52 75 13 76 
