3  4  0  1  5  72 33 32 70 31 30 34 48 49 50 51 52 53 40 68 38 41 36 39 17 16 14 13 15 73 67 45 44 46 43 42 65 66 60 63 61 64 74 24 29 25 28 27 75 20 22 18 21 23 9  10 11 6  7  8  54 56 57 59 55 71 58 26 62 19 47 76 2  69 12 37 35 
1  5  3  4  72 2  31 70 35 32 33 30 53 48 51 52 69 50 41 38 37 68 40 36 14 73 15 12 16 13 46 44 47 45 67 43 61 63 66 65 64 62 24 26 27 29 25 74 23 75 18 21 19 22 7  6  10 9  8  76 58 55 54 71 57 56 59 28 60 20 42 11 0  49 17 39 34 
5  2  4  72 0  3  70 34 30 35 32 31 51 50 69 49 48 52 38 39 36 37 68 41 16 12 73 14 13 17 44 42 43 47 45 46 62 61 65 64 60 66 28 25 24 74 27 26 18 22 19 20 75 21 76 7  9  8  11 10 71 54 59 55 58 57 56 29 63 23 67 6  1  53 15 40 33 
72 0  5  2  3  1  35 30 33 34 70 32 52 51 49 48 53 69 37 36 40 39 38 68 73 17 13 15 12 14 47 43 67 42 44 45 60 64 61 62 66 63 25 29 26 24 74 28 21 18 20 75 23 19 11 8  7  76 10 6  56 58 71 57 59 54 55 27 65 22 46 9  4  50 16 41 31 
2  3  72 0  1  4  34 33 31 30 35 70 69 52 48 53 50 49 39 40 41 36 37 38 13 14 12 16 17 15 42 67 46 43 47 44 66 62 64 60 63 65 29 27 28 26 24 25 19 21 75 23 22 20 10 76 8  11 6  9  55 59 56 54 71 58 57 74 61 18 45 7  5  51 73 68 32 
4  72 1  5  2  0  32 35 34 70 31 33 50 53 52 69 49 51 68 37 39 38 41 40 15 13 16 17 73 12 45 47 42 44 46 67 64 65 63 61 62 60 26 28 74 27 29 24 22 23 21 19 20 18 8  9  6  7  76 11 59 57 58 56 54 55 71 25 66 75 43 10 3  48 14 36 30 
13 17 73 12 14 15 11 6  9  10 76 8  22 23 21 19 20 18 25 27 74 29 28 26 32 34 70 33 35 30 36 41 68 40 39 37 45 67 43 46 44 47 69 49 51 50 53 52 59 58 56 55 57 71 60 64 61 62 66 63 3  72 0  4  2  5  1  48 42 54 38 65 16 75 31 24 7  
12 14 13 17 15 16 10 9  7  6  11 76 18 22 19 20 75 21 29 74 24 27 25 28 70 30 35 31 34 33 40 68 38 41 36 39 44 46 67 45 47 42 49 48 52 51 50 69 71 59 55 57 54 56 66 62 64 60 63 65 1  2  3  5  0  72 4  53 43 58 37 61 73 23 32 26 8  
16 13 15 73 12 17 8  11 10 76 7  9  75 20 22 18 21 23 26 25 29 28 24 74 33 70 31 34 32 35 37 36 40 39 38 68 67 42 47 43 46 45 51 52 53 48 49 50 54 57 59 71 56 58 64 65 63 61 62 60 2  4  72 3  5  1  0  69 44 55 41 66 14 19 30 27 6  
15 73 14 16 13 12 7  76 11 8  9  6  20 19 23 22 18 75 24 28 25 26 74 27 30 32 33 35 31 70 38 39 36 37 68 41 43 47 44 42 67 46 50 51 48 49 69 53 57 55 58 59 71 54 61 63 66 65 64 62 72 1  5  0  4  3  2  52 45 56 40 60 17 21 34 29 10 
14 16 17 15 73 13 9  8  76 7  6  10 19 21 75 23 22 20 74 26 28 24 27 29 34 31 30 70 33 32 68 37 39 38 41 40 42 44 45 47 43 67 53 50 49 69 52 48 55 56 54 58 59 57 65 66 60 63 61 64 5  3  4  2  1  0  72 51 46 71 36 62 12 18 35 25 11 
73 12 16 13 17 14 76 10 6  11 8  7  23 75 18 21 19 22 28 29 27 25 26 24 31 35 32 30 70 34 39 40 41 36 37 38 46 43 42 67 45 44 52 69 50 53 48 51 58 54 71 56 55 59 62 61 65 64 60 66 0  5  2  1  72 4  3  49 47 57 68 63 15 20 33 74 9  
66 65 60 63 61 64 36 41 68 40 39 37 17 12 15 16 73 14 55 54 58 57 56 71 45 42 44 67 47 43 22 21 19 18 23 75 50 48 49 53 51 52 1  4  0  2  72 3  34 35 33 31 32 30 24 27 29 74 26 28 10 8  11 9  76 7  6  5  69 70 20 25 62 13 46 59 38 
61 62 65 64 60 66 68 37 39 38 41 40 16 15 13 12 17 73 58 71 56 59 54 57 42 46 43 44 67 45 19 75 23 20 21 18 69 51 50 52 49 48 72 2  4  1  3  5  31 33 70 35 34 32 25 26 24 28 29 27 7  10 9  76 6  11 8  0  53 30 22 74 63 14 47 55 36 
63 61 66 65 64 62 40 68 38 41 36 39 14 17 16 73 13 15 57 58 59 54 55 56 44 43 47 46 42 67 18 19 20 21 22 23 51 53 48 50 52 69 4  5  3  0  2  1  30 34 31 32 70 33 26 74 27 24 28 25 6  76 10 7  11 8  9  72 49 35 75 29 60 12 45 71 37 
62 66 64 60 63 65 37 36 40 39 38 68 13 73 17 14 15 12 71 55 57 56 59 58 67 44 46 42 45 47 75 22 18 23 20 19 48 69 52 49 53 50 0  3  72 5  4  2  70 32 34 30 33 35 27 25 28 29 74 24 76 9  8  10 7  6  11 1  51 31 21 26 61 16 43 54 41 
65 64 63 61 62 60 41 38 37 68 40 36 15 14 73 13 12 16 54 59 71 58 57 55 47 67 42 45 43 46 21 20 75 19 18 22 52 50 53 51 69 49 5  72 1  3  0  4  33 30 32 70 35 31 28 24 74 26 25 29 9  11 6  8  10 76 7  2  48 34 23 27 66 17 44 56 39 
64 60 61 62 66 63 38 39 36 37 68 41 73 16 12 17 14 13 59 56 55 71 58 54 43 45 67 47 46 44 20 23 22 75 19 21 49 52 51 69 48 53 2  0  5  4  1  72 32 31 35 34 30 70 29 28 26 25 27 74 8  6  7  11 9  10 76 3  50 33 18 24 65 15 42 57 40 
8  11 7  76 10 6  46 44 47 45 67 43 72 5  0  3  1  2  23 18 21 22 75 20 61 60 64 63 62 66 53 51 52 50 48 49 29 28 26 25 27 74 59 71 54 57 55 58 73 16 12 17 14 13 39 38 68 37 36 40 35 31 70 30 32 33 34 56 24 15 69 41 9  4  65 19 42 
76 10 8  11 6  9  45 47 42 44 46 67 2  72 3  1  4  0  22 21 19 18 23 75 64 66 62 65 60 63 50 52 69 51 53 48 27 25 28 29 74 24 71 56 58 54 57 59 13 73 17 14 15 12 36 37 38 39 40 41 34 32 35 33 70 31 30 55 26 16 49 68 7  5  61 20 43 
9  8  6  7  76 11 43 46 45 67 42 47 4  1  72 2  0  5  20 23 22 75 19 21 63 64 65 60 61 62 49 53 50 48 69 52 28 24 74 26 25 29 54 58 55 56 71 57 15 14 73 13 12 16 38 41 40 68 37 39 32 30 31 35 33 34 70 59 27 17 51 36 10 3  66 18 44 
6  7  10 9  8  76 42 67 46 43 47 44 1  3  5  72 2  4  19 75 23 20 21 18 66 61 63 62 65 64 69 48 53 49 52 51 26 74 27 24 28 25 57 54 56 71 59 55 14 17 16 73 13 15 68 40 36 41 38 37 31 34 33 70 30 35 32 58 29 12 50 39 11 0  60 22 45 
10 9  11 6  7  8  47 43 67 42 44 45 3  0  4  5  72 1  21 20 75 19 18 22 60 65 66 64 63 61 52 49 48 69 51 50 24 27 29 74 26 28 55 57 71 59 58 56 17 12 15 16 73 14 41 36 39 40 68 38 33 35 30 32 34 70 31 54 25 13 53 37 76 2  62 23 46 
7  76 9  8  11 10 67 45 44 46 43 42 5  4  2  0  3  72 75 22 18 23 20 19 65 62 61 66 64 60 48 50 51 53 49 69 25 26 24 28 29 27 58 59 57 55 56 54 16 15 13 12 17 73 37 68 41 38 39 36 70 33 32 34 31 30 35 71 74 14 52 40 6  1  63 21 47 
38 39 68 37 36 40 69 48 53 49 52 51 6  10 7  8  76 9  73 12 17 13 16 15 29 24 27 28 74 26 1  5  72 4  3  0  71 58 54 59 56 55 32 70 33 30 34 31 61 65 62 60 66 64 19 18 22 21 20 75 46 42 67 44 43 47 45 35 57 63 2  23 41 11 25 14 50 
41 38 40 68 37 39 51 69 49 52 50 53 11 76 6  9  7  10 15 73 13 16 14 17 28 27 25 24 29 74 0  1  4  3  2  72 58 57 55 54 59 71 33 31 34 35 70 30 63 66 61 64 62 65 18 23 75 22 21 19 43 44 42 46 47 45 67 32 56 60 5  20 36 8  26 12 48 
40 68 36 41 38 37 50 52 69 51 53 48 76 8  10 6  9  11 14 16 73 15 17 12 26 29 28 74 25 27 2  3  1  0  72 5  54 55 56 57 58 59 30 33 35 70 32 34 66 60 65 61 64 63 22 75 20 23 18 21 42 45 47 67 44 46 43 31 71 62 4  19 39 7  24 13 49 
68 37 41 38 39 36 52 49 48 69 51 50 10 11 9  7  8  6  16 13 12 73 15 14 25 74 29 26 27 24 3  4  5  1  0  2  59 54 57 58 71 56 31 32 30 34 35 33 65 63 64 62 60 61 21 22 23 18 19 20 67 47 43 45 42 44 46 70 55 66 72 75 40 76 28 17 53 
37 36 38 39 40 41 49 53 50 48 69 52 9  6  8  76 11 7  13 17 14 12 73 16 27 26 74 25 24 28 4  72 2  5  1  3  56 59 58 71 55 57 70 35 31 33 30 32 64 61 60 66 63 62 20 21 18 19 75 23 45 43 46 47 67 42 44 34 54 65 0  22 68 10 29 15 51 
39 40 37 36 41 68 48 50 51 53 49 69 7  9  76 11 10 8  12 14 15 17 13 73 74 28 24 29 26 25 5  2  0  72 4  1  55 71 59 56 57 54 35 34 32 31 33 70 62 64 66 63 65 60 75 19 21 20 23 22 44 67 45 42 46 43 47 30 58 61 3  18 38 6  27 16 52 
48 50 49 53 51 52 56 57 54 55 71 59 67 43 45 44 47 46 76 10 6  11 8  7  21 75 19 22 20 23 35 30 33 34 70 32 17 13 73 12 14 15 62 60 61 65 63 64 37 38 36 40 41 39 4  3  0  1  5  72 27 28 29 24 25 26 74 66 16 68 31 2  69 42 18 9  58 
53 51 48 50 52 69 55 54 58 57 56 71 46 67 44 47 42 45 11 6  9  10 76 8  19 23 20 18 75 22 34 33 31 30 35 70 14 12 13 17 15 16 60 66 64 61 65 62 39 37 40 41 68 36 5  1  3  4  72 2  74 25 27 26 29 28 24 63 73 38 32 0  49 43 21 7  59 
69 48 52 49 53 50 59 56 55 71 58 54 42 47 67 46 45 43 7  76 11 8  9  6  22 19 18 75 21 20 32 35 34 70 31 33 13 16 15 73 12 17 61 64 63 66 60 65 68 41 37 39 36 38 3  2  72 0  1  4  25 24 28 27 26 74 29 62 14 40 30 5  51 44 23 10 57 
52 49 51 69 48 53 58 71 56 59 54 57 47 44 43 67 46 42 9  8  76 7  6  10 23 21 22 20 18 19 31 70 35 32 33 30 73 15 14 16 13 12 65 61 66 60 62 63 41 40 38 37 39 68 0  72 5  2  3  1  28 74 26 29 24 27 25 64 17 36 34 4  50 45 75 11 55 
51 69 50 52 49 48 54 59 71 58 57 55 44 45 42 43 67 47 6  7  8  9  10 11 75 18 23 19 22 21 33 32 70 31 30 34 16 14 17 15 73 13 63 65 60 62 64 66 40 36 68 38 37 41 2  5  4  72 0  3  26 27 24 25 74 29 28 61 12 39 35 1  53 46 20 76 56 
49 53 69 48 50 51 71 55 57 56 59 58 43 42 46 45 44 67 8  11 10 76 7  9  18 20 21 23 19 75 70 34 30 35 32 31 12 73 16 13 17 14 64 62 65 63 66 61 38 68 39 36 40 37 1  0  2  3  4  5  29 26 25 74 28 24 27 60 15 41 33 72 52 47 22 6  54 
35 30 70 34 33 31 62 66 63 60 64 61 58 54 71 56 55 59 49 53 50 48 69 52 7  11 8  6  76 10 74 26 28 24 27 29 41 36 39 40 68 38 21 19 22 23 75 18 0  2  1  4  5  3  44 46 67 45 47 42 12 16 13 14 73 15 17 20 37 72 25 43 32 57 9  51 65 
70 34 32 35 30 33 64 60 66 62 61 65 54 57 59 71 56 58 69 48 53 49 52 51 9  76 7  10 8  11 27 24 26 74 29 25 40 39 37 36 41 68 18 21 23 75 20 22 2  72 3  1  4  0  45 67 43 46 44 47 13 15 73 17 16 14 12 19 38 5  28 42 31 55 6  50 63 
30 31 34 33 32 70 66 65 61 63 60 62 71 59 55 57 54 56 53 51 52 50 48 49 76 6  11 7  10 9  26 25 29 28 24 74 38 41 40 68 37 39 20 75 21 18 22 19 1  3  5  72 2  4  42 44 45 47 43 67 14 13 17 16 12 73 15 23 36 0  27 46 35 58 8  69 64 
33 32 30 31 70 35 63 61 64 65 66 60 56 71 57 54 58 55 50 52 69 51 53 48 11 9  10 8  6  7  28 29 27 25 26 24 37 68 41 38 39 36 75 23 19 21 18 20 4  1  72 2  0  5  43 47 44 42 67 46 15 12 14 73 17 13 16 22 40 3  74 45 34 59 76 49 62 
31 70 33 32 35 34 65 64 62 61 63 66 55 56 54 58 59 57 51 69 49 52 50 53 10 7  6  76 9  8  25 27 74 29 28 26 39 38 68 37 36 40 23 22 20 19 21 75 5  4  2  0  3  72 67 42 47 43 46 45 16 17 15 13 14 12 73 18 41 1  24 44 30 71 11 48 60 
34 33 35 30 31 32 60 63 65 66 62 64 59 58 56 55 57 71 48 50 51 53 49 69 8  10 76 9  11 6  24 28 25 26 74 27 68 40 36 41 38 37 19 20 18 22 23 21 3  0  4  5  72 1  47 45 46 44 42 43 17 73 12 15 13 16 14 75 39 2  29 67 70 54 7  52 61 
21 20 18 19 75 23 0  1  4  3  2  72 41 40 38 37 39 68 64 60 66 62 61 65 58 56 59 57 71 55 11 6  9  10 76 8  35 32 31 70 34 30 47 42 45 46 67 44 28 26 29 27 74 25 12 73 16 13 17 14 49 51 69 53 52 50 48 43 33 24 7  15 22 36 54 63 5  
23 18 75 22 21 19 5  2  0  72 4  1  39 37 40 41 68 36 63 61 64 65 66 60 55 58 57 71 54 59 7  76 11 8  9  6  31 30 34 33 32 70 46 45 43 42 47 67 74 27 26 28 25 24 16 14 17 15 73 13 51 48 50 69 53 49 52 44 35 29 10 12 20 38 56 62 3  
18 19 22 21 20 75 2  3  1  0  72 5  40 36 68 38 37 41 61 62 60 64 65 63 54 71 58 55 59 56 76 10 6  11 8  7  70 31 33 32 35 34 44 47 46 67 43 45 26 24 25 29 27 28 13 16 15 73 12 17 69 50 52 48 51 53 49 42 30 74 9  14 23 39 57 66 4  
20 23 19 75 22 18 1  5  72 4  3  0  38 68 39 36 40 37 60 63 65 66 62 64 71 57 56 58 55 54 6  7  8  9  10 11 30 35 70 34 33 31 43 67 47 44 45 42 29 25 74 24 26 27 14 12 13 17 15 16 53 69 48 51 49 52 50 46 32 28 76 73 21 41 59 61 2  
22 21 23 18 19 20 72 0  3  2  5  4  36 39 41 68 38 40 65 64 62 61 63 66 57 59 54 56 58 71 8  11 10 76 7  9  32 33 30 31 70 35 45 44 67 43 42 46 24 74 28 25 29 26 73 15 14 16 13 12 52 53 51 49 50 48 69 47 34 27 6  17 75 37 55 60 1  
75 22 20 23 18 21 4  72 2  5  1  3  37 38 36 40 41 39 66 65 61 63 60 62 56 54 55 59 57 58 9  8  76 7  6  10 33 34 35 30 31 32 67 46 42 47 44 43 27 29 24 26 28 74 15 17 12 14 16 73 50 49 53 52 48 69 51 45 70 25 11 13 19 68 71 64 0  
57 58 55 54 59 71 14 16 73 15 17 12 29 25 74 24 26 27 47 43 67 42 44 45 1  72 4  0  5  2  61 62 60 64 65 63 6  11 76 10 9  7  36 40 37 38 68 39 53 48 51 52 69 50 31 30 34 33 32 70 23 19 75 18 20 21 22 41 8  49 66 35 56 28 3  46 13 
59 56 58 71 55 57 73 12 17 13 16 15 24 74 28 25 29 26 67 45 44 46 43 42 72 3  2  4  0  1  60 63 65 66 62 64 8  9  6  7  76 11 68 38 40 36 39 41 52 51 49 48 53 69 35 32 31 70 34 30 21 23 18 20 22 75 19 37 10 50 61 33 54 27 5  47 14 
54 59 57 58 71 56 15 73 13 16 14 17 27 29 24 26 28 74 42 67 46 43 47 44 4  2  5  3  72 0  64 60 66 62 61 65 9  10 11 6  7  8  40 41 39 37 38 36 50 53 52 69 49 51 32 33 30 31 70 35 22 20 23 21 75 19 18 68 76 48 63 34 55 25 1  45 12 
56 57 71 55 54 58 12 14 15 17 13 73 28 26 29 27 74 25 45 47 42 44 46 67 0  4  3  72 1  5  63 61 64 65 66 60 11 8  7  76 10 6  37 39 68 41 40 38 49 69 53 50 51 48 30 35 70 34 33 31 20 18 19 23 21 22 75 36 9  52 62 32 59 24 2  43 16 
58 71 54 59 56 55 16 13 12 73 15 14 74 27 26 28 25 24 43 46 45 67 42 47 5  0  72 1  2  3  62 66 63 60 64 61 7  6  10 9  8  76 41 68 36 39 37 40 51 50 69 49 48 52 70 31 33 32 35 34 18 75 22 19 23 20 21 38 11 53 65 30 57 29 4  44 17 
71 55 59 56 57 54 13 17 14 12 73 16 26 24 25 29 27 28 46 44 47 45 67 43 2  1  0  5  3  4  66 65 61 63 60 62 76 7  9  8  11 10 38 37 41 40 36 68 69 52 48 53 50 49 34 70 32 35 30 33 19 22 21 75 18 23 20 39 6  51 64 31 58 74 72 42 15 
29 74 25 27 24 26 19 75 23 20 21 18 61 65 62 60 66 64 35 30 33 34 70 32 69 53 49 51 48 50 14 16 73 15 17 12 1  0  2  3  4  5  8  76 9  6  10 7  46 67 44 47 42 45 59 54 57 58 71 56 39 68 37 40 38 41 36 11 72 43 13 55 28 63 52 31 22 
25 27 28 29 74 24 21 20 75 19 18 22 65 63 64 62 60 61 70 34 30 35 32 31 52 48 69 50 49 53 17 15 16 14 12 13 3  2  72 0  1  4  7  8  6  10 11 9  67 43 45 44 47 46 58 57 55 54 59 71 37 41 38 36 68 40 39 76 5  42 73 56 26 66 51 33 23 
74 26 27 24 28 25 75 22 18 23 20 19 62 64 66 63 65 60 30 31 32 33 34 35 48 51 53 69 50 52 16 13 12 73 15 14 5  1  3  4  72 2  11 10 8  7  9  76 44 45 42 43 67 47 56 59 58 71 55 57 40 37 36 68 39 38 41 6  0  46 17 54 29 61 49 70 21 
24 28 74 26 25 29 23 18 21 22 75 20 60 62 63 65 61 66 33 32 70 31 30 34 53 52 50 49 51 69 73 12 17 13 16 15 72 4  1  5  2  0  10 6  76 8  7  11 47 44 43 67 46 42 55 71 59 56 57 54 41 39 40 38 36 37 68 9  3  45 14 58 27 64 48 35 19 
26 25 24 28 29 27 22 21 19 18 23 75 66 60 65 61 64 63 31 70 35 32 33 30 50 69 51 48 52 49 13 17 14 12 73 16 2  5  4  72 0  3  6  9  11 76 8  10 42 47 67 46 45 43 57 56 71 55 54 58 68 36 41 37 40 39 38 7  1  44 15 59 74 62 53 34 20 
27 24 29 74 26 28 20 23 22 75 19 21 64 61 60 66 63 62 34 33 31 30 35 70 49 50 48 52 53 51 15 73 13 16 14 17 4  3  0  1  5  72 76 11 7  9  6  8  45 46 47 42 43 44 71 58 54 59 56 55 36 38 39 41 37 68 40 10 2  67 12 57 25 65 69 32 18 
42 67 47 43 46 45 24 28 25 26 74 27 34 35 33 31 32 30 5  2  0  72 4  1  36 68 40 37 41 38 59 56 55 71 58 54 22 75 20 23 18 21 14 15 12 13 73 17 10 11 9  7  8  6  52 50 53 51 69 49 65 60 63 64 66 62 61 16 19 76 57 48 44 70 39 3  29 
67 45 43 46 44 47 28 29 27 25 26 24 33 30 32 70 35 31 2  3  1  0  72 5  41 37 68 36 38 39 56 57 54 55 71 59 21 22 23 18 19 20 16 73 14 17 12 15 9  6  8  76 11 7  49 52 51 69 48 53 64 63 61 60 65 66 62 13 75 10 58 50 42 34 40 4  74 
46 44 67 45 47 42 25 27 74 29 28 26 31 33 70 35 34 32 0  1  4  3  2  72 68 39 38 40 37 36 55 54 58 57 56 71 19 18 22 21 20 75 73 13 15 14 17 16 7  9  76 11 10 8  48 69 52 49 53 50 62 65 64 66 61 63 60 12 23 6  59 51 43 30 41 5  24 
43 46 42 67 45 44 26 25 29 28 24 74 30 34 31 32 70 33 72 0  3  2  5  4  40 38 41 39 68 37 71 55 57 56 59 58 18 23 75 22 21 19 15 16 17 12 13 14 6  10 7  8  76 9  69 51 50 52 49 48 61 66 65 62 63 60 64 73 20 11 54 53 47 35 36 1  27 
47 43 44 42 67 46 74 26 28 24 27 29 35 70 30 33 31 34 4  72 2  5  1  3  39 41 36 38 40 68 58 71 56 59 54 57 23 20 19 75 22 18 17 14 13 73 16 12 11 76 6  9  7  10 51 53 48 50 52 69 63 62 66 61 60 64 65 15 21 8  55 49 45 32 37 0  25 
44 42 45 47 43 67 27 24 26 74 29 25 70 32 34 30 33 35 1  5  72 4  3  0  37 40 39 68 36 41 54 59 71 58 57 55 75 19 21 20 23 22 12 17 73 16 15 13 76 8  10 6  9  11 50 48 49 53 51 52 66 64 60 65 62 61 63 14 18 7  56 69 46 31 38 2  28 
45 47 46 44 42 43 29 74 24 27 25 28 32 31 35 34 30 70 3  4  5  1  0  2  38 36 37 41 39 40 57 58 59 54 55 56 20 21 18 19 75 23 13 12 16 15 14 73 8  7  11 10 6  76 53 49 69 48 50 51 60 61 62 63 64 65 66 17 22 9  71 52 67 33 68 72 26 
19 75 21 20 23 22 3  4  5  1  0  2  68 41 37 39 36 38 62 66 63 60 64 61 59 55 71 54 56 57 10 9  7  6  11 76 34 70 32 35 30 33 42 43 44 45 46 47 25 28 27 74 24 29 17 13 73 12 14 15 48 52 49 50 69 51 53 67 31 26 8  16 18 40 58 65 72 
32 35 31 70 34 30 61 62 60 64 65 63 57 55 58 59 71 54 52 49 48 69 51 50 6  8  9  11 7  76 29 74 24 27 25 28 36 37 38 39 40 41 22 18 75 20 19 23 72 5  0  3  1  2  46 43 42 67 45 44 73 14 16 12 15 17 13 21 68 4  26 47 33 56 10 53 66 
55 54 56 57 58 59 17 15 16 14 12 13 25 28 27 74 24 29 44 42 43 47 45 46 3  5  1  2  4  72 65 64 62 61 63 66 10 76 8  11 6  9  39 36 38 68 41 37 48 49 50 51 52 53 33 34 35 30 31 32 75 21 20 22 19 18 23 40 7  69 60 70 71 26 0  67 73 
50 52 53 51 69 49 57 58 59 54 55 56 45 46 47 42 43 44 10 9  7  6  11 76 20 22 75 21 23 18 30 31 32 33 34 35 15 17 12 14 16 73 66 63 62 64 61 60 36 39 41 68 38 40 72 4  1  5  2  0  24 29 74 28 27 25 26 65 13 37 70 3  48 67 19 8  71 
28 29 26 25 27 74 18 19 20 21 22 23 63 66 61 64 62 65 32 35 34 70 31 33 51 49 52 53 69 48 12 14 15 17 13 73 0  72 5  2  3  1  9  7  10 11 76 6  43 42 46 45 44 67 54 55 56 57 58 59 38 40 68 39 41 36 37 8  4  47 16 71 24 60 50 30 75 
0  1  2  3  4  5  30 31 32 33 34 35 49 69 53 50 51 48 36 41 68 40 39 37 12 15 17 73 14 16 43 46 45 67 42 47 63 60 62 66 65 61 27 74 25 28 26 29 20 19 23 22 18 75 6  11 76 10 9  7  57 71 55 58 56 59 54 24 64 21 44 8  72 52 13 38 70 
60 63 62 66 65 61 39 40 41 36 37 38 12 13 14 15 16 17 56 57 54 55 71 59 46 47 45 43 44 42 23 18 21 22 75 20 53 49 69 48 50 51 3  1  2  72 5  0  35 70 30 33 31 34 74 29 25 27 24 26 11 7  76 6  8  9  10 4  52 32 19 28 64 73 67 58 68 
36 41 39 40 68 38 53 51 52 50 48 49 8  7  11 10 6  76 17 15 16 14 12 13 24 25 26 27 28 29 72 0  3  2  5  4  57 56 71 55 54 58 34 30 70 32 31 35 60 62 63 65 61 66 23 20 19 75 22 18 47 46 44 43 45 67 42 33 59 64 1  21 37 9  74 73 69 
11 6  76 10 9  7  44 42 43 47 45 46 0  2  1  4  5  3  18 19 20 21 22 23 62 63 60 61 66 65 51 69 49 52 50 53 74 29 25 27 24 26 56 55 59 58 54 71 12 13 14 15 16 17 40 39 37 36 41 68 30 70 34 31 35 32 33 57 28 73 48 38 8  72 64 75 67 
17 15 12 14 16 73 6  7  8  9  10 11 21 18 20 75 23 19 27 24 26 74 29 25 35 33 34 32 30 31 41 38 37 68 40 36 47 45 46 44 42 43 48 53 69 52 51 49 56 71 57 54 58 55 63 60 62 66 65 61 4  0  1  72 3  2  5  50 67 59 39 64 13 22 70 28 76 
