3  4  0  1  5  68 31 74 35 32 33 30 49 69 53 50 51 48 41 39 40 38 36 37 17 15 16 14 12 13 46 42 71 44 43 47 60 61 62 63 64 65 26 24 25 29 27 28 70 22 18 23 20 19 8  6  7  11 9  10 59 54 57 58 66 56 76 52 2  21 72 75 73 55 45 67 34 
1  5  3  4  68 2  74 34 30 35 32 31 53 48 51 52 69 50 40 37 36 72 39 38 15 67 13 16 14 17 42 45 47 71 44 46 63 62 73 61 60 64 29 25 75 24 26 27 18 19 20 21 22 23 11 7  76 6  8  9  58 57 55 54 59 66 10 49 0  70 41 28 65 56 43 12 33 
5  2  4  68 0  3  33 32 74 31 30 34 69 52 48 53 50 49 39 72 37 40 38 41 12 14 15 17 13 67 43 44 42 46 47 45 62 65 64 73 61 63 25 28 27 75 24 29 22 21 19 18 23 70 7  10 9  76 6  11 57 56 66 55 54 58 8  51 1  20 36 26 60 59 71 16 35 
68 0  5  2  3  1  32 35 34 74 31 33 48 49 50 51 52 53 37 41 38 36 72 40 14 16 67 15 17 12 44 71 45 42 46 43 73 64 60 65 62 61 75 27 26 28 25 24 19 70 23 20 21 18 76 9  8  10 7  6  55 66 59 56 57 54 11 69 4  22 39 29 63 58 47 13 30 
2  3  68 0  1  4  35 30 33 34 74 32 50 53 52 69 49 51 38 40 72 39 41 36 16 13 12 67 15 14 71 47 43 45 42 44 65 60 63 64 73 62 28 26 29 27 75 25 23 18 21 22 70 20 10 8  11 9  76 7  56 59 58 66 55 57 6  48 5  19 37 24 61 54 46 17 31 
4  68 1  5  2  0  34 33 31 30 35 74 51 50 69 49 48 52 36 38 39 41 37 72 67 12 17 13 16 15 45 43 46 47 71 42 61 73 65 62 63 60 24 75 28 25 29 26 20 23 22 70 19 21 6  76 10 7  11 8  54 55 56 57 58 59 9  53 3  18 40 27 64 66 44 14 32 
17 67 13 15 12 14 11 6  9  10 76 8  21 20 70 19 18 22 28 29 27 25 26 24 31 74 35 32 33 30 37 38 36 40 41 39 45 44 71 43 42 46 53 69 48 51 49 52 66 54 59 55 58 57 62 65 64 73 61 63 2  3  1  0  68 5  60 23 16 56 75 50 47 4  72 34 7  
14 13 12 16 17 15 10 9  7  6  11 76 22 21 19 18 23 70 24 28 25 26 75 27 32 35 34 74 31 33 40 36 72 38 37 41 47 42 45 46 71 44 50 49 53 52 48 69 57 66 55 58 56 59 60 61 62 63 64 65 4  68 2  5  1  3  73 20 67 54 29 51 43 0  39 30 8  
13 15 16 17 67 12 8  11 10 76 7  9  23 18 21 22 70 20 75 26 28 24 27 29 30 31 32 33 34 35 39 37 40 41 72 36 42 43 44 45 46 47 49 51 69 53 52 50 56 58 66 57 59 54 61 73 65 62 63 60 68 0  3  2  5  4  64 19 14 55 25 48 71 1  38 74 6  
67 14 15 12 16 13 7  76 11 8  9  6  18 19 20 21 22 23 26 25 29 28 24 75 34 33 31 30 35 74 72 41 37 39 36 38 44 47 46 71 43 45 69 50 52 48 51 53 58 55 54 66 57 56 65 60 63 64 73 62 3  4  5  1  0  2  61 70 17 59 27 49 42 68 40 32 10 
16 17 14 13 15 67 9  8  76 7  6  10 19 70 23 20 21 18 25 27 75 29 28 26 35 30 33 34 74 32 36 39 41 72 38 40 46 45 43 42 47 71 52 53 51 49 50 48 55 59 56 54 66 58 63 62 73 61 60 64 5  2  0  68 4  1  65 22 12 57 24 69 44 3  37 31 11 
12 16 67 14 13 17 76 10 6  11 8  7  20 23 22 70 19 21 29 75 24 27 25 28 33 32 74 31 30 34 41 40 38 37 39 72 71 46 42 47 44 43 48 52 49 50 69 51 54 56 57 59 55 66 64 63 61 60 65 73 1  5  68 4  3  0  62 18 15 58 26 53 45 2  36 35 9  
61 73 63 62 65 64 40 36 72 38 37 41 17 12 15 16 67 14 55 59 56 54 66 58 44 71 45 42 46 43 20 22 70 21 23 18 50 49 53 52 48 69 68 0  3  2  5  4  74 32 34 30 33 35 26 24 25 29 27 28 11 7  76 6  8  9  75 13 60 31 57 1  51 10 19 47 39 
60 61 64 63 62 73 72 41 37 39 36 38 16 15 13 12 17 67 54 56 57 59 55 66 45 43 46 47 71 42 70 18 23 19 22 21 69 50 52 48 51 53 4  68 2  5  1  3  30 34 31 32 74 33 28 26 29 27 75 25 9  11 6  8  10 76 24 14 65 35 58 0  49 7  20 44 40 
64 63 65 60 61 62 38 72 39 36 40 37 14 17 16 67 13 15 58 55 54 66 57 56 42 45 47 71 44 46 21 70 19 22 20 23 51 48 50 69 53 49 1  5  68 4  3  0  35 74 30 33 31 34 75 27 26 28 25 24 10 8  11 9  76 7  29 12 73 32 59 2  52 6  18 43 41 
63 62 60 61 73 65 41 40 38 37 39 72 13 67 17 14 15 12 57 66 55 58 56 59 43 44 42 46 47 45 18 20 21 23 19 70 48 52 49 50 69 51 5  2  0  68 4  1  31 33 74 35 34 32 27 29 24 26 28 75 8  6  7  11 9  10 25 16 64 30 54 3  53 76 22 71 36 
62 65 61 73 64 60 36 39 41 72 38 40 15 14 67 13 12 16 56 58 66 57 59 54 71 47 43 45 42 44 22 19 18 70 21 20 52 53 51 49 50 48 2  3  1  0  68 5  34 35 33 31 32 30 29 25 75 24 26 27 6  76 10 7  11 8  28 17 63 74 55 4  69 9  23 46 37 
73 64 62 65 60 63 39 37 40 41 72 36 67 16 12 17 14 13 66 54 59 55 58 57 47 46 44 43 45 71 19 23 20 18 70 22 49 51 69 53 52 50 0  1  4  3  2  68 33 30 32 74 35 31 24 75 28 25 29 26 7  10 9  76 6  11 27 15 61 34 56 5  48 8  21 42 38 
6  76 11 7  10 9  46 42 71 44 43 47 0  4  3  68 1  5  23 18 21 22 70 20 65 64 62 61 63 73 52 49 48 69 51 50 26 24 25 29 27 28 54 55 56 57 58 59 14 17 16 67 13 15 38 41 40 72 37 39 35 31 74 30 32 33 36 2  8  12 19 66 75 34 53 60 45 
8  6  9  11 7  76 71 47 43 45 42 44 68 3  2  4  0  1  22 21 19 18 23 70 62 73 63 60 64 61 48 50 51 53 49 69 28 26 29 27 75 25 59 54 57 58 66 56 67 16 12 17 14 13 39 38 72 37 36 40 33 35 30 32 34 74 41 5  10 15 20 55 24 31 52 65 46 
9  11 10 8  6  7  44 71 45 42 46 43 5  0  68 1  2  3  20 23 22 70 19 21 61 62 60 64 65 63 69 48 53 49 52 51 75 27 26 28 25 24 66 58 54 59 56 55 15 14 67 13 12 16 36 37 38 39 40 41 34 32 35 33 74 31 72 4  76 17 18 57 29 30 50 73 47 
11 7  8  6  76 10 47 46 44 43 45 71 2  1  0  5  3  4  19 70 23 20 21 18 73 65 61 63 60 62 50 52 69 51 53 48 27 29 24 26 28 75 58 57 55 54 59 66 12 13 14 15 16 17 37 72 41 38 39 36 32 30 31 35 33 34 40 68 9  67 22 56 25 74 49 64 42 
7  10 6  76 9  8  42 45 47 71 44 46 3  5  1  2  4  68 21 20 70 19 18 22 64 60 73 62 61 65 49 53 50 48 69 52 29 25 75 24 26 27 57 56 66 55 54 58 16 15 13 12 17 67 72 40 36 41 38 37 30 74 34 31 35 32 39 0  11 14 23 59 28 33 51 63 43 
76 9  7  10 8  11 45 43 46 47 71 42 1  68 4  0  5  2  70 22 18 23 20 19 60 63 65 73 62 64 53 51 52 50 48 49 24 75 28 25 29 26 55 66 59 56 57 54 13 67 17 14 15 12 41 36 39 40 72 38 31 34 33 74 30 35 37 3  6  16 21 58 27 32 69 61 44 
40 39 41 36 37 38 49 53 50 48 69 52 9  6  8  76 11 7  13 67 17 14 15 12 29 24 27 28 75 26 0  3  68 5  4  2  57 56 66 55 54 58 74 33 32 34 31 30 62 64 73 63 65 60 70 20 22 18 21 23 47 42 45 46 71 44 19 10 72 61 16 35 59 43 1  25 51 
38 41 37 72 40 36 48 50 51 53 49 69 7  9  76 11 10 8  12 13 14 15 16 17 28 27 25 24 29 75 5  68 1  3  0  4  59 54 57 58 66 56 35 31 74 30 32 33 60 62 63 65 61 73 19 21 70 23 22 20 43 71 47 44 45 42 18 6  39 64 67 34 55 46 2  26 52 
41 36 72 40 39 37 52 49 48 69 51 50 10 11 9  7  8  6  16 15 13 12 17 67 26 29 28 75 25 27 2  0  5  4  1  68 54 55 56 57 58 59 31 34 33 74 30 35 61 65 62 60 73 64 21 18 20 70 23 19 71 46 42 47 44 43 22 76 38 63 14 32 66 45 3  24 53 
39 38 36 37 72 41 51 69 49 52 50 53 11 76 6  9  7  10 15 14 67 13 12 16 25 75 29 26 27 24 1  4  0  2  68 3  56 59 58 66 55 57 33 35 30 32 34 74 65 63 64 62 60 61 20 19 23 22 18 70 42 43 44 45 46 47 21 8  40 73 17 31 54 71 5  28 48 
72 40 38 41 36 39 50 52 69 51 53 48 76 8  10 6  9  11 14 17 16 67 13 15 27 26 75 25 24 28 68 2  4  1  3  5  58 57 55 54 59 66 30 74 34 31 35 32 63 73 61 64 62 65 23 70 18 21 19 22 44 47 46 71 43 45 20 7  37 60 12 33 56 42 0  29 49 
37 72 39 38 41 40 69 48 53 49 52 51 6  10 7  8  76 9  67 16 12 17 14 13 75 28 24 29 26 25 4  5  3  0  2  1  66 58 54 59 56 55 32 30 31 35 33 34 64 61 60 73 63 62 22 23 21 19 20 18 45 44 71 43 42 46 70 11 36 65 15 74 57 47 68 27 50 
50 49 48 52 53 51 57 55 58 59 66 54 45 71 43 46 44 47 7  9  76 11 10 8  19 23 20 18 70 22 35 30 33 34 74 32 12 16 13 14 67 15 63 62 73 61 60 64 41 39 40 38 36 37 4  68 2  5  1  3  27 29 24 26 28 75 0  42 69 72 6  65 17 25 31 21 56 
51 48 53 69 50 52 59 58 56 55 57 66 47 45 46 44 42 43 8  7  11 10 6  76 18 20 21 23 19 70 34 33 31 30 35 74 17 67 12 15 13 16 65 60 63 64 73 62 37 41 38 36 72 40 0  1  4  3  2  68 25 28 27 75 24 29 5  71 49 39 9  61 14 26 32 22 54 
48 52 69 50 49 53 54 57 59 66 56 58 42 44 45 47 43 71 6  10 7  8  76 9  22 19 18 70 21 20 32 35 34 74 31 33 67 14 16 12 15 17 60 61 62 63 64 65 72 36 41 37 40 39 1  5  68 4  3  0  28 26 29 27 75 25 2  46 51 38 11 73 13 24 30 23 55 
49 51 52 53 69 48 56 66 57 54 58 55 44 46 71 45 47 42 10 11 9  7  8  6  21 70 19 22 20 23 31 74 35 32 33 30 16 17 15 13 14 12 62 65 64 73 61 63 36 38 39 41 37 72 68 0  3  2  5  4  29 25 75 24 26 27 1  43 50 40 76 60 67 28 34 18 59 
69 50 51 48 52 49 58 54 66 56 55 59 46 43 42 71 45 44 11 76 6  9  7  10 20 22 70 21 23 18 33 32 74 31 30 34 15 12 14 67 17 13 64 63 61 60 65 73 38 40 72 39 41 36 3  4  5  1  0  2  75 27 26 28 25 24 68 47 53 37 8  62 16 29 35 19 57 
53 69 49 51 48 50 66 59 55 57 54 56 71 42 47 43 46 45 9  6  8  76 11 7  70 18 23 19 22 21 74 34 30 35 32 31 13 15 67 17 16 14 73 64 60 65 62 61 39 72 37 40 38 41 2  3  1  0  68 5  24 75 28 25 29 26 4  44 52 36 10 63 12 27 33 20 58 
30 74 35 31 34 33 63 61 64 65 73 60 55 59 56 54 66 58 50 53 52 69 49 51 10 9  7  6  11 76 29 24 27 28 75 26 41 36 39 40 72 38 21 18 20 70 23 19 5  0  68 1  2  3  44 47 46 71 43 45 15 12 14 67 17 13 42 57 32 4  48 22 37 16 25 8  62 
31 34 30 74 33 32 61 62 60 64 65 63 56 58 66 57 59 54 52 51 49 48 53 69 9  8  76 7  6  10 24 25 26 27 28 29 40 39 37 36 41 72 70 20 22 18 21 23 68 3  2  4  0  1  71 46 42 47 44 43 67 14 16 12 15 17 45 55 35 5  50 19 38 13 75 11 73 
32 30 33 35 31 74 64 60 73 62 61 65 54 56 57 59 55 66 69 52 48 53 50 49 7  76 11 8  9  6  27 26 75 25 24 28 38 41 40 72 37 39 19 21 70 23 22 20 1  68 4  0  5  2  45 44 71 43 42 46 13 15 67 17 16 14 47 58 34 3  51 18 36 12 29 10 63 
33 35 34 32 30 31 65 64 62 61 63 73 58 55 54 66 57 56 51 50 69 49 48 52 6  7  8  9  10 11 28 27 25 24 29 75 37 72 41 38 39 36 22 23 21 19 20 18 3  5  1  2  4  68 42 43 44 45 46 47 16 17 15 13 14 12 71 59 74 0  53 70 40 67 26 76 60 
34 32 74 33 35 30 73 65 61 63 60 62 59 57 58 56 54 55 53 48 51 52 69 50 11 6  9  10 76 8  75 28 24 29 26 25 39 38 72 37 36 40 20 19 23 22 18 70 0  4  3  68 1  5  46 45 43 42 47 71 14 13 17 16 12 67 44 66 31 2  49 21 41 15 27 7  64 
35 31 32 30 74 34 60 63 65 73 62 64 57 66 55 58 56 59 48 49 50 51 52 53 76 10 6  11 8  7  26 29 28 75 25 27 72 40 36 41 38 37 23 70 18 21 19 22 4  2  5  3  68 0  43 71 47 44 45 42 17 67 12 15 13 16 46 54 33 1  69 20 39 14 24 9  61 
22 23 20 19 21 70 3  1  2  68 5  0  38 40 72 39 41 36 65 63 64 62 60 61 54 57 59 66 56 58 9  8  76 7  6  10 34 32 35 33 74 31 47 42 45 46 71 44 75 26 28 24 27 29 16 17 15 13 14 12 52 53 51 49 50 48 67 37 18 25 73 43 30 69 11 55 4  
19 21 22 23 70 18 1  4  0  2  68 3  72 36 41 37 40 39 64 61 60 73 63 62 57 55 58 59 66 54 8  11 10 76 7  9  33 35 30 32 34 74 46 45 43 42 47 71 28 29 27 25 26 24 13 15 67 17 16 14 49 51 69 53 52 50 12 38 20 75 65 44 31 48 6  56 5  
18 22 70 20 19 23 2  0  5  4  1  68 39 72 37 40 38 41 62 64 73 63 65 60 59 58 56 55 57 66 76 10 6  11 8  7  31 34 33 74 30 35 44 47 46 71 43 45 24 28 25 26 75 27 12 16 13 14 67 15 48 52 49 50 69 51 17 36 21 29 61 42 32 53 9  54 3  
70 20 21 18 22 19 68 2  4  1  3  5  36 38 39 41 37 72 61 65 62 60 73 64 66 59 55 57 54 56 7  76 11 8  9  6  30 74 34 31 35 32 43 71 47 44 45 42 29 75 24 27 25 28 67 14 16 12 15 17 69 50 52 48 51 53 13 40 23 26 63 46 33 49 10 58 0  
21 18 23 70 20 22 5  68 1  3  0  4  40 37 36 72 39 38 63 73 61 64 62 65 56 66 57 54 58 55 6  7  8  9  10 11 35 31 74 30 32 33 45 44 71 43 42 46 26 25 29 28 24 75 15 12 14 67 17 13 51 48 50 69 53 49 16 41 19 27 60 47 34 52 76 59 2  
20 19 18 22 23 21 0  3  68 5  4  2  37 41 38 36 72 40 73 60 65 61 64 63 58 54 66 56 55 59 10 9  7  6  11 76 74 33 32 34 31 30 71 46 42 47 44 43 25 27 75 29 28 26 14 13 17 16 12 67 50 49 53 52 48 69 15 39 70 24 62 45 35 51 8  57 1  
54 55 58 57 56 66 14 16 67 15 17 12 25 27 75 29 28 26 46 43 42 71 45 44 3  1  2  68 5  0  61 62 60 64 65 63 11 7  76 6  8  9  72 40 36 41 38 37 53 48 51 52 69 50 35 31 74 30 32 33 23 70 18 21 19 22 34 24 59 49 47 39 10 20 73 4  13 
59 54 66 58 57 55 67 12 17 13 16 15 29 75 24 27 25 28 71 42 47 43 46 45 2  0  5  4  1  68 60 63 65 73 62 64 9  11 6  8  10 76 37 72 41 38 39 36 52 51 49 48 53 69 33 35 30 32 34 74 22 23 21 19 20 18 31 26 56 50 44 40 7  70 61 3  14 
66 58 56 59 54 57 15 67 13 16 14 17 26 25 29 28 24 75 44 46 71 45 47 42 68 2  4  1  3  5  64 60 73 62 61 65 10 8  11 9  76 7  39 38 72 37 36 40 50 53 52 69 49 51 34 32 35 33 74 31 20 19 23 22 18 70 30 27 55 48 43 41 6  21 63 0  12 
58 57 59 54 55 56 12 14 15 17 13 67 24 28 25 26 75 27 47 45 46 44 42 43 0  3  68 5  4  2  63 61 64 65 73 60 8  6  7  11 9  10 38 41 40 72 37 39 49 69 53 50 51 48 32 30 31 35 33 34 19 21 70 23 22 20 74 29 66 52 71 36 76 18 62 1  16 
57 56 54 55 66 59 16 13 12 67 15 14 75 26 28 24 27 29 42 44 45 47 43 71 1  4  0  2  68 3  62 73 63 60 64 61 6  76 10 7  11 8  41 36 39 40 72 38 51 50 69 49 48 52 30 74 34 31 35 32 21 18 20 70 23 19 33 25 58 53 46 37 9  22 65 5  17 
55 66 57 56 59 58 13 17 14 12 67 16 28 29 27 25 26 24 45 71 43 46 44 47 4  5  3  0  2  1  73 65 61 63 60 62 7  10 9  76 6  11 40 39 37 36 41 72 69 52 48 53 50 49 31 34 33 74 30 35 70 20 22 18 21 23 32 75 54 51 42 38 8  19 64 68 15 
25 28 24 75 27 26 22 19 18 70 21 20 64 61 60 73 63 62 33 30 32 74 35 31 48 50 51 53 49 69 17 15 16 14 12 13 2  3  1  0  68 5  76 9  8  10 7  6  45 71 43 46 44 47 59 54 57 58 66 56 41 36 39 40 72 38 55 65 29 42 34 11 4  37 67 52 23 
75 27 25 28 26 29 19 23 20 18 70 22 60 62 63 65 61 73 32 31 35 34 30 74 50 52 69 51 53 48 15 67 13 16 14 17 0  1  4  3  2  68 10 8  11 9  76 7  43 47 44 42 71 46 58 57 55 54 59 66 40 39 37 36 41 72 56 64 24 45 33 6  5  38 12 49 21 
29 25 26 24 75 28 18 20 21 23 19 70 73 60 65 61 64 63 74 32 34 30 33 35 51 69 49 52 50 53 16 13 12 67 15 14 5  2  0  68 4  1  6  76 10 7  11 8  46 43 42 71 45 44 56 59 58 66 55 57 38 41 40 72 37 39 54 62 27 47 31 9  3  36 17 48 22 
26 24 27 29 25 75 70 18 23 19 22 21 62 64 73 63 65 60 31 33 74 35 34 32 53 51 52 50 48 49 14 16 67 15 17 12 4  68 2  5  1  3  11 7  76 6  8  9  47 45 46 44 42 43 55 66 59 56 57 54 37 72 41 38 39 36 58 61 28 71 30 10 0  40 13 69 20 
27 29 28 26 24 25 21 70 19 22 20 23 61 65 62 60 73 64 30 34 31 32 74 33 49 53 50 48 69 52 12 14 15 17 13 67 1  5  68 4  3  0  8  6  7  11 9  10 71 42 47 43 46 45 57 56 66 55 54 58 39 38 72 37 36 40 59 63 75 44 35 76 2  41 16 51 18 
24 75 29 25 28 27 20 22 70 21 23 18 65 63 64 62 60 61 34 35 33 31 32 30 69 48 53 49 52 51 13 17 14 12 67 16 68 0  3  2  5  4  7  10 9  76 6  11 42 44 45 47 43 71 66 58 54 59 56 55 72 40 36 41 38 37 57 73 26 46 74 8  1  39 15 50 19 
71 46 44 47 42 45 26 29 28 75 25 27 74 32 34 30 33 35 5  0  68 1  2  3  36 39 41 72 38 40 54 57 59 66 56 58 23 70 18 21 19 22 67 14 16 12 15 17 11 76 6  9  7  10 51 48 50 69 53 49 65 60 63 64 73 62 52 31 43 8  4  13 20 61 55 37 24 
47 42 71 46 45 43 29 24 27 28 75 26 34 35 33 31 32 30 68 3  2  4  0  1  39 37 40 41 72 36 57 55 58 59 66 54 21 18 20 70 23 19 12 16 13 14 67 15 6  10 7  8  76 9  69 50 52 48 51 53 64 63 61 60 65 73 49 74 44 11 5  17 22 62 56 38 25 
43 71 45 44 47 46 28 27 25 24 29 75 30 34 31 32 74 33 1  68 4  0  5  2  41 40 38 37 39 72 59 58 56 55 57 66 22 23 21 19 20 18 17 67 12 15 13 16 9  6  8  76 11 7  49 51 69 53 52 50 62 65 64 73 61 63 48 35 42 10 3  14 70 60 54 36 26 
45 44 42 43 71 47 75 28 24 29 26 25 35 74 30 33 31 34 3  5  1  2  4  68 72 41 37 39 36 38 66 59 55 57 54 56 20 19 23 22 18 70 13 15 67 17 16 14 10 11 9  7  8  6  52 53 51 49 50 48 61 73 65 62 63 60 69 32 46 76 0  12 21 64 58 40 27 
42 43 46 45 44 71 25 75 29 26 27 24 32 31 35 34 30 74 0  4  3  68 1  5  38 72 39 36 40 37 56 66 57 54 58 55 18 22 19 20 70 21 16 17 15 13 14 12 76 8  10 6  9  11 50 49 53 52 48 69 63 62 73 61 60 64 51 33 47 7  2  67 23 65 59 41 28 
44 47 43 71 46 42 27 26 75 25 24 28 31 33 74 35 34 32 4  2  5  3  68 0  40 36 72 38 37 41 58 54 66 56 55 59 19 21 70 23 22 20 15 12 14 67 17 13 8  7  11 10 6  76 53 69 48 51 49 52 73 64 60 65 62 61 50 30 45 9  1  16 18 63 57 39 29 
28 26 75 27 29 24 23 21 22 20 18 19 63 73 61 64 62 65 35 74 30 33 31 34 52 49 48 69 51 50 67 12 17 13 16 15 3  4  5  1  0  2  9  11 6  8  10 76 44 46 71 45 47 42 54 55 56 57 58 59 36 37 38 39 40 41 66 60 25 43 32 7  68 72 14 53 70 
65 60 73 64 63 61 37 38 36 40 41 39 12 13 14 15 16 17 59 57 58 56 54 55 46 42 71 44 43 47 23 21 22 20 18 19 53 69 48 51 49 52 3  4  5  1  0  2  32 31 35 34 30 74 25 28 27 75 24 29 76 9  8  10 7  6  26 67 62 33 66 68 50 11 70 45 72 
0  1  2  3  4  5  30 31 32 33 34 35 52 51 49 48 53 69 72 36 41 37 40 39 13 17 14 12 67 16 47 46 44 43 45 71 64 63 61 60 65 73 27 29 24 26 28 75 21 20 70 19 18 22 9  11 6  8  10 76 66 58 54 59 56 55 7  50 68 23 38 25 62 57 42 15 74 
56 59 55 66 58 54 17 15 16 14 12 13 27 24 26 75 29 25 43 47 44 42 71 46 5  68 1  3  0  4  65 64 62 61 63 73 76 9  8  10 7  6  36 37 38 39 40 41 48 49 50 51 52 53 74 33 32 34 31 30 18 22 19 20 70 21 35 28 57 69 45 72 11 23 60 2  67 
10 8  76 9  11 6  43 44 42 46 47 45 4  2  5  3  68 0  18 19 20 21 22 23 63 61 64 65 73 60 51 69 49 52 50 53 25 28 27 75 24 29 56 59 58 66 55 57 17 12 15 16 67 14 40 39 37 36 41 72 74 33 32 34 31 30 38 1  7  13 70 54 26 35 48 62 71 
23 70 19 21 18 20 4  5  3  0  2  1  41 39 40 38 36 37 60 62 63 65 61 73 55 56 54 58 59 57 11 6  9  10 76 8  32 30 31 35 33 34 42 43 44 45 46 47 27 24 26 75 29 25 17 67 12 15 13 16 53 69 48 51 49 52 14 72 22 28 64 71 74 50 7  66 68 
74 33 31 34 32 35 62 73 63 60 64 61 66 54 59 55 58 57 49 69 53 50 51 48 8  11 10 76 7  9  25 75 29 26 27 24 36 37 38 39 40 41 18 22 19 20 70 21 2  1  0  5  3  4  47 42 45 46 71 44 12 16 13 14 67 15 43 56 30 68 52 23 72 17 28 6  65 
46 45 47 42 43 44 24 25 26 27 28 29 33 30 32 74 35 31 2  1  0  5  3  4  37 38 36 40 41 39 55 56 54 58 59 57 70 20 22 18 21 23 14 13 17 16 12 67 7  9  76 11 10 8  48 52 49 50 69 51 60 61 62 63 64 65 53 34 71 6  68 15 19 73 66 72 75 
52 53 50 49 51 69 55 56 54 58 59 57 43 47 44 42 71 46 76 8  10 6  9  11 23 21 22 20 18 19 30 31 32 33 34 35 14 13 17 16 12 67 61 73 65 62 63 60 40 37 36 72 39 38 5  2  0  68 4  1  26 24 25 29 27 28 3  45 48 41 7  64 15 75 74 70 66 
36 37 40 39 38 72 53 51 52 50 48 49 8  7  11 10 6  76 17 12 15 16 67 14 24 25 26 27 28 29 3  1  2  68 5  0  55 66 59 56 57 54 34 32 35 33 74 31 73 60 65 61 64 63 18 22 19 20 70 21 46 45 43 42 47 71 23 9  41 62 13 30 58 44 4  75 69 
15 12 17 67 14 16 6  7  8  9  10 11 70 22 18 23 20 19 27 24 26 75 29 25 74 34 30 35 32 31 38 72 39 36 40 37 43 71 47 44 45 42 51 48 50 69 53 49 59 57 58 56 54 55 73 64 60 65 62 61 0  1  4  3  2  68 63 21 13 66 28 52 46 5  41 33 76 
