3  4  0  1  5  75 33 30 32 70 35 31 40 41 39 37 38 36 64 61 62 65 73 60 45 43 46 47 66 42 21 23 18 20 22 69 9  6  8  71 11 7  53 50 49 74 52 48 56 59 58 67 54 57 12 14 13 17 15 16 24 25 28 26 27 29 51 76 44 63 19 34 10 68 55 2  72 
1  5  3  4  75 2  35 70 30 33 31 34 39 36 38 72 41 37 65 62 63 61 64 73 44 66 45 42 46 43 19 22 21 69 18 23 6  10 7  8  71 9  50 51 48 49 74 53 57 56 67 54 55 58 14 16 17 15 76 13 68 28 26 24 29 25 52 12 47 60 20 32 11 27 59 0  40 
5  2  4  75 0  3  34 35 33 31 32 30 41 72 36 39 37 40 62 60 73 63 61 65 42 45 47 66 44 46 69 21 20 22 19 18 11 71 6  9  7  10 52 74 50 53 48 51 67 58 55 59 56 54 13 17 76 12 14 15 29 24 68 27 28 26 49 16 43 64 23 70 8  25 57 1  38 
75 0  5  2  3  1  32 31 35 34 30 70 36 40 37 38 72 39 63 73 64 60 62 61 43 44 42 46 47 45 23 19 69 18 20 21 71 8  10 6  9  11 74 49 51 50 53 52 54 67 59 56 57 55 17 15 12 14 16 76 25 68 27 29 26 24 48 13 66 65 22 33 7  28 58 4  41 
2  3  75 0  1  4  30 34 31 32 70 33 37 39 72 41 40 38 60 64 65 73 63 62 66 47 43 45 42 44 22 20 23 21 69 19 8  7  11 10 6  71 49 48 52 51 50 74 55 54 56 57 58 59 15 76 14 16 13 12 28 27 29 25 24 68 53 17 46 61 18 35 9  26 67 5  36 
4  75 1  5  2  0  31 33 70 35 34 32 38 37 41 40 36 72 61 63 60 62 65 64 47 46 44 43 45 66 20 18 19 23 21 22 10 11 9  7  8  6  51 52 53 48 49 50 58 57 54 55 59 67 16 13 15 76 12 17 27 26 24 68 25 28 74 14 42 73 69 30 71 29 56 3  39 
28 24 25 26 68 27 11 6  9  10 71 8  3  5  1  2  4  75 66 45 44 46 43 42 49 51 74 53 52 50 67 56 58 55 57 59 76 12 17 13 16 15 38 41 40 72 37 39 60 63 64 65 61 73 23 22 21 19 20 18 31 70 33 35 32 30 36 69 48 47 54 7  14 34 62 29 0  
25 26 29 28 24 68 10 9  7  6  11 71 0  4  3  75 1  5  43 46 45 66 42 47 74 50 52 48 51 53 58 59 57 54 56 55 15 76 13 16 14 17 39 38 72 37 36 40 63 62 73 64 65 60 69 23 18 21 19 22 35 30 70 33 34 32 41 20 49 44 67 8  12 31 61 27 2  
24 27 26 68 29 25 8  11 10 71 7  9  4  2  5  3  75 0  45 47 42 44 46 66 53 74 48 51 49 52 55 58 54 56 67 57 14 16 76 15 17 12 36 37 38 39 40 41 64 73 61 62 63 65 18 21 20 69 23 19 32 35 31 34 70 33 72 22 50 43 59 6  13 30 60 28 1  
68 29 24 27 25 28 7  71 11 8  9  6  5  0  75 1  2  3  44 42 43 47 45 46 50 49 53 52 48 74 59 67 55 57 54 58 16 13 12 76 15 14 37 72 41 38 39 36 65 64 62 63 60 61 21 19 69 23 22 20 30 31 34 32 33 35 40 18 51 66 56 10 17 70 73 26 4  
27 25 68 29 28 26 9  8  71 7  6  10 75 3  2  4  0  1  47 43 66 42 44 45 51 48 50 74 53 49 56 54 59 58 55 67 13 17 14 12 76 16 72 40 36 41 38 37 61 65 63 60 73 62 19 20 23 22 18 69 70 34 32 30 35 31 39 21 52 46 57 11 15 33 64 24 5  
26 68 28 24 27 29 71 10 6  11 8  7  1  75 4  0  5  2  46 44 47 45 66 43 48 52 49 50 74 51 54 57 67 59 58 56 12 14 15 17 13 76 41 36 39 40 72 38 73 60 65 61 62 64 22 18 19 20 69 21 34 33 35 31 30 70 37 23 53 42 55 9  16 32 63 25 3  
19 69 21 20 23 22 61 64 73 65 62 63 17 12 15 16 76 14 26 68 27 24 28 25 34 33 31 30 35 70 72 41 37 39 36 38 47 42 45 46 66 44 11 71 6  9  7  10 5  4  2  0  3  75 50 51 74 49 48 52 59 67 54 55 57 58 8  53 32 29 40 60 43 56 1  18 13 
18 19 22 21 20 69 64 60 63 73 65 61 16 15 13 12 17 76 25 26 24 28 29 27 35 30 33 34 70 32 36 39 41 72 38 40 45 44 66 43 42 46 6  10 7  8  71 9  1  3  5  75 2  4  48 53 51 52 74 50 54 57 58 67 59 56 11 49 31 68 37 62 47 55 0  23 14 
22 21 23 18 19 20 73 63 62 60 64 65 14 17 16 76 13 15 29 28 26 25 27 68 33 32 70 31 30 34 41 40 38 37 39 72 46 45 43 42 47 66 9  6  8  71 11 7  3  0  4  5  75 1  49 48 50 51 52 53 67 56 57 58 55 59 10 74 35 24 36 61 44 54 2  69 12 
21 20 18 19 69 23 65 73 60 64 61 62 13 76 17 14 15 12 28 24 68 26 25 29 31 70 35 32 33 30 37 38 36 40 41 39 44 47 46 66 43 45 10 11 9  7  8  6  4  1  75 2  0  5  53 50 52 74 49 51 55 58 67 54 56 57 71 48 34 27 72 63 42 59 3  22 16 
20 23 19 69 22 18 62 65 64 61 63 60 15 14 76 13 12 16 24 27 29 68 26 28 32 35 34 70 31 33 40 36 72 38 37 41 42 43 44 45 46 47 71 8  10 6  9  11 75 5  0  3  1  2  51 52 49 48 53 74 56 54 55 59 58 67 7  50 30 25 39 73 66 57 4  21 17 
69 22 20 23 18 21 63 61 65 62 60 73 76 16 12 17 14 13 68 29 25 27 24 26 30 31 32 33 34 35 39 37 40 41 72 36 43 66 47 44 45 42 8  7  11 10 6  71 2  75 3  1  4  0  52 74 48 53 50 49 57 55 59 56 67 54 9  51 70 28 38 64 46 58 5  19 15 
48 50 49 53 51 52 1  0  2  3  4  5  43 45 66 47 46 44 23 18 21 22 69 20 57 55 56 67 59 54 6  8  9  11 7  71 25 28 27 68 24 29 65 61 73 60 63 64 17 13 76 12 14 15 33 35 34 32 30 31 41 40 39 38 37 72 62 70 58 19 10 75 26 36 16 74 42 
53 51 48 50 52 74 4  3  0  1  5  75 66 44 46 42 45 47 22 21 19 18 23 69 58 59 57 54 56 55 10 7  6  71 9  8  28 26 29 27 68 25 61 62 64 73 60 65 15 17 12 14 16 76 35 31 32 30 70 34 36 39 38 41 72 40 63 33 67 20 11 2  24 37 13 49 43 
74 48 52 49 53 50 0  75 5  2  3  1  47 66 42 45 43 46 20 23 22 69 19 21 59 67 55 57 54 58 7  11 8  6  71 10 27 29 24 26 28 68 73 64 63 62 61 60 16 14 17 15 76 13 30 70 35 31 34 33 39 37 72 40 41 36 65 32 56 18 9  4  25 38 12 51 44 
52 49 51 74 48 53 2  5  4  75 0  3  44 43 47 46 42 66 19 69 23 20 21 18 55 58 54 56 67 57 8  10 71 9  11 6  68 27 26 28 25 24 60 73 62 61 65 63 14 12 13 17 15 16 32 30 33 35 31 70 40 36 37 72 38 41 64 34 59 22 7  1  29 39 76 50 45 
51 74 50 52 49 48 75 4  1  5  2  0  45 42 44 66 47 43 21 20 69 19 18 22 54 57 67 59 58 56 71 6  11 7  10 9  24 68 28 25 29 26 63 60 61 65 64 62 12 76 16 13 17 14 34 32 70 33 35 30 72 41 36 37 39 38 73 31 55 23 8  3  27 40 15 53 46 
49 53 74 48 50 51 3  2  75 0  1  4  42 46 43 44 66 45 69 22 18 23 20 19 56 54 59 58 55 67 9  71 7  10 8  11 29 25 68 24 26 27 64 65 60 63 62 73 13 16 15 76 12 17 70 33 31 34 32 35 38 72 40 39 36 37 61 30 57 21 6  5  28 41 14 52 47 
17 76 13 15 12 14 54 58 57 67 55 59 6  71 10 7  11 8  2  3  1  0  75 5  29 24 27 28 68 26 74 50 52 48 51 53 63 60 61 65 64 62 30 70 34 31 35 32 41 38 37 72 40 36 42 43 46 45 44 66 69 21 19 20 22 18 33 47 25 4  49 56 73 23 39 16 9  
76 14 15 12 16 13 59 54 67 55 56 57 11 7  71 6  8  9  3  4  5  1  0  2  28 27 25 24 29 68 48 52 49 50 74 51 73 64 63 62 61 60 33 35 30 32 34 70 37 36 40 39 38 72 66 46 44 47 42 45 22 20 69 23 21 19 31 43 26 75 53 58 65 18 41 17 10 
12 16 76 14 13 17 56 55 54 59 57 58 71 9  8  10 7  6  1  5  75 4  3  0  26 29 28 68 25 27 53 74 48 51 49 52 64 65 60 63 62 73 35 31 70 30 32 33 72 37 39 38 41 40 46 45 47 42 43 44 18 69 23 22 19 20 34 66 24 2  50 67 61 21 36 15 11 
15 12 17 76 14 16 55 67 58 54 59 56 10 8  11 9  71 7  0  1  4  3  2  75 25 68 29 26 27 24 49 51 74 53 52 50 60 73 62 61 65 63 70 33 32 34 31 30 36 41 72 40 39 37 43 66 45 44 47 46 23 19 20 69 18 21 35 42 28 5  48 57 64 22 38 13 6  
13 15 16 17 76 12 67 57 56 58 54 55 9  11 6  8  10 71 75 0  3  2  5  4  27 26 68 25 24 28 52 53 51 49 50 48 62 63 65 64 73 61 32 30 31 35 33 34 38 39 36 37 72 41 47 42 66 46 45 43 20 18 21 19 23 22 70 44 29 1  74 59 60 69 40 14 7  
16 17 14 13 15 76 58 56 59 57 67 54 7  10 9  71 6  11 5  2  0  75 4  1  68 28 24 29 26 25 51 48 50 74 53 49 61 62 64 73 60 65 34 32 35 33 70 31 39 40 41 36 37 38 44 47 43 66 46 42 19 22 18 21 69 23 30 45 27 3  52 55 63 20 72 12 8  
66 45 43 46 44 47 37 41 38 36 72 40 62 73 63 65 60 64 13 15 76 17 16 14 20 18 19 23 21 22 35 30 33 34 70 32 3  1  2  75 5  0  56 57 55 54 67 59 10 6  71 8  7  11 27 29 28 26 24 25 49 51 52 74 53 50 58 68 69 12 31 39 4  48 9  42 61 
45 47 46 44 42 43 40 37 36 72 39 38 60 65 73 62 64 61 15 12 14 76 17 13 23 19 69 18 20 21 34 33 31 30 35 70 4  5  3  0  2  1  58 67 56 59 55 57 71 11 7  9  6  8  25 28 24 68 27 26 53 74 49 48 51 52 54 29 22 16 32 41 75 50 10 66 63 
44 42 45 47 43 66 39 72 37 40 38 41 73 61 64 63 65 62 76 14 16 12 15 17 22 20 23 21 69 19 32 35 34 70 31 33 5  75 1  3  0  4  67 54 57 56 59 58 8  71 9  6  10 7  28 26 68 27 29 24 50 49 48 53 52 74 55 25 18 13 30 36 2  51 11 46 60 
46 44 66 45 47 42 72 36 41 37 40 39 63 64 60 61 73 65 17 76 12 15 13 16 69 21 20 22 19 18 31 70 35 32 33 30 1  4  0  2  75 3  57 58 59 55 54 56 11 10 8  7  9  71 29 25 26 24 68 28 48 52 74 49 50 51 67 27 23 14 34 38 5  53 6  43 62 
43 46 42 66 45 44 36 38 39 41 37 72 61 60 62 64 63 73 16 17 15 13 14 12 19 22 21 69 18 23 33 32 70 31 30 34 0  3  75 5  4  2  59 56 54 67 58 55 6  9  11 71 8  10 68 27 25 28 26 29 74 50 51 52 48 53 57 24 20 76 35 40 1  49 7  47 65 
42 66 47 43 46 45 41 39 40 38 36 37 65 63 61 73 62 60 14 13 17 16 12 76 21 23 18 20 22 69 70 34 30 35 32 31 2  0  5  4  1  75 55 59 67 58 57 54 9  7  10 11 71 6  24 68 29 25 28 27 52 53 50 51 49 48 56 26 19 15 33 72 3  74 8  44 64 
60 64 63 73 65 61 50 48 49 53 51 52 67 59 54 57 55 56 10 71 8  11 6  9  13 12 16 15 14 76 29 24 27 28 68 26 41 36 39 40 72 38 20 69 21 18 22 19 31 35 32 30 70 34 0  3  4  5  75 1  66 47 42 43 45 44 23 2  17 7  25 74 37 46 33 62 58 
61 63 65 62 60 73 49 52 51 74 48 53 56 67 57 55 58 54 7  6  10 9  8  71 12 17 76 16 15 13 24 25 26 27 28 29 40 39 37 36 41 72 18 21 23 69 20 22 70 30 35 31 34 33 5  75 0  3  1  2  47 46 45 44 43 66 19 4  14 11 68 50 38 42 32 64 59 
63 73 62 60 64 65 53 49 74 48 50 51 58 55 67 56 54 59 6  11 71 10 9  7  16 76 14 17 12 15 27 26 68 25 24 28 38 41 40 72 37 39 19 20 18 22 23 21 35 33 34 32 30 31 2  0  1  4  5  3  43 44 47 42 46 45 69 75 13 8  29 52 36 66 70 61 57 
64 61 73 65 62 63 52 50 53 51 74 49 55 57 59 67 56 58 71 7  9  8  11 10 15 16 17 12 13 14 28 27 25 24 29 68 37 72 41 38 39 36 23 22 20 19 21 69 32 34 70 33 35 30 1  4  75 2  0  5  45 43 66 46 47 42 18 3  76 6  26 48 40 44 31 60 54 
62 60 61 63 73 64 48 74 52 49 53 50 57 54 58 59 67 55 9  10 11 6  7  8  14 15 12 13 76 17 68 28 24 29 26 25 39 38 72 37 36 40 21 19 22 23 69 18 33 70 31 34 32 35 75 2  3  1  4  0  42 45 44 47 66 46 20 5  16 71 27 51 41 43 30 65 56 
65 62 64 61 63 60 74 51 50 52 49 48 59 58 56 54 57 67 8  9  6  7  71 11 76 13 15 14 17 16 26 29 28 68 25 27 72 40 36 41 38 37 22 18 69 20 19 23 30 32 33 35 31 70 4  5  2  0  3  75 44 66 46 45 42 43 21 1  12 10 24 53 39 47 34 73 55 
41 37 38 36 72 40 25 27 68 29 28 26 74 53 49 51 48 50 57 67 54 58 56 59 65 60 64 62 73 63 16 76 14 17 12 15 35 31 70 30 32 33 47 42 45 46 66 44 69 20 22 18 21 23 9  6  11 71 8  10 2  4  5  75 3  1  43 7  61 55 13 24 34 0  19 39 52 
40 38 72 39 41 36 68 26 28 24 27 29 50 74 51 48 52 49 55 56 57 59 54 67 60 61 63 64 62 65 76 13 15 14 17 16 30 70 34 31 35 32 46 45 43 42 47 66 21 18 20 69 23 19 71 8  9  6  10 7  4  0  3  1  75 2  44 11 73 58 12 25 33 5  22 37 53 
38 36 39 41 37 72 29 68 24 27 25 28 52 48 74 50 49 53 56 58 67 57 59 55 64 63 73 61 60 62 14 15 12 13 76 17 33 35 30 32 34 70 44 47 46 66 43 45 20 19 23 22 18 69 7  9  10 11 71 6  75 1  4  5  0  3  42 8  65 54 16 26 31 2  21 40 51 
37 40 36 72 39 38 26 25 29 28 24 68 48 51 53 74 50 52 67 55 59 54 58 57 62 64 61 60 65 73 17 14 13 76 16 12 34 32 35 33 70 31 43 66 47 44 45 42 22 23 21 19 20 18 10 11 8  7  9  71 3  75 2  0  4  5  46 6  63 56 15 27 30 1  69 41 49 
39 41 40 38 36 37 27 24 26 68 29 25 51 49 52 53 74 48 59 57 58 56 55 54 73 62 60 65 63 61 12 17 76 16 15 13 70 33 32 34 31 30 45 44 66 43 42 46 19 21 69 23 22 20 8  7  6  10 11 9  5  3  1  4  2  0  47 71 64 67 14 28 35 75 18 72 50 
72 39 37 40 38 41 24 28 25 26 68 27 53 52 50 49 51 74 54 59 56 55 67 58 63 65 62 73 61 64 15 16 17 12 13 14 32 30 31 35 33 34 66 46 42 47 44 43 18 22 19 20 69 21 11 71 7  9  6  8  1  2  0  3  5  75 45 10 60 57 76 29 70 4  23 36 48 
11 8  10 71 7  9  18 23 69 22 21 19 35 32 31 70 34 30 41 37 72 36 38 39 2  4  75 3  5  1  43 44 42 46 47 45 54 55 58 57 56 67 68 27 26 28 25 24 53 48 51 52 74 50 62 63 73 64 65 60 17 14 16 13 76 12 29 61 0  40 66 20 59 15 49 6  33 
7  6  8  9  10 11 20 21 18 19 69 23 32 33 30 31 70 35 72 39 38 40 37 36 1  2  3  5  0  75 45 43 46 47 66 42 56 57 55 54 67 59 25 28 27 68 24 29 52 51 49 48 53 74 73 64 61 62 63 65 12 17 15 76 16 13 26 60 4  41 44 22 58 14 50 71 34 
71 7  11 8  9  6  21 22 23 18 19 20 31 30 34 33 32 70 36 72 40 37 41 38 0  5  2  1  75 4  66 47 43 45 42 44 55 59 67 58 57 54 27 29 24 26 28 68 50 53 52 74 49 51 63 60 64 65 61 73 15 16 13 17 12 14 25 62 3  39 46 69 56 76 48 10 35 
6  11 9  10 71 8  23 20 19 69 22 18 70 31 33 32 35 34 39 41 36 38 40 72 5  3  4  2  1  0  47 46 44 43 45 66 58 67 56 59 55 57 26 24 25 29 27 28 49 74 53 50 51 48 65 61 63 60 73 62 16 76 12 14 17 15 68 64 75 37 42 21 54 13 52 7  30 
8  9  71 7  6  10 19 18 22 21 20 69 34 70 32 35 30 33 37 40 39 72 36 41 3  75 0  4  2  5  46 42 66 44 43 47 59 56 54 67 58 55 29 25 68 24 26 27 51 50 74 49 48 52 60 73 65 61 62 64 76 13 17 15 14 16 28 63 1  38 45 23 57 12 53 11 31 
9  10 7  6  11 71 69 19 21 20 23 22 30 35 70 34 33 31 40 38 41 39 72 37 4  0  1  75 3  2  44 66 45 42 46 43 57 58 59 55 54 56 28 26 29 27 68 25 74 52 48 53 50 49 64 65 62 63 60 61 14 15 76 12 13 17 24 73 5  36 47 18 67 16 51 8  32 
30 33 32 70 35 31 16 12 76 14 13 17 26 27 24 25 68 29 50 52 74 51 53 48 37 38 36 40 41 39 73 62 60 65 63 61 19 20 18 22 23 21 3  1  2  75 5  0  44 45 42 43 66 47 57 58 54 55 59 67 8  10 11 71 9  6  4  56 72 49 64 15 69 7  46 34 28 
31 32 35 34 30 70 76 17 13 15 12 14 29 26 25 68 28 24 49 53 50 48 74 52 38 72 39 36 40 37 62 64 61 60 65 73 22 18 69 20 19 23 75 2  4  1  3  5  66 43 45 44 47 46 55 59 57 58 67 56 10 7  9  6  71 8  0  54 41 51 63 16 21 11 42 33 27 
34 30 31 32 70 33 12 15 17 76 14 16 25 24 28 27 26 68 48 50 51 53 49 74 41 40 38 37 39 72 63 65 62 73 61 64 18 21 23 69 20 22 2  0  5  4  1  75 46 66 44 47 42 45 59 56 58 67 54 57 11 9  6  10 8  7  3  55 36 52 60 13 19 71 43 35 29 
33 31 70 35 34 32 17 16 14 13 15 76 68 25 27 26 29 28 52 49 48 74 51 50 40 36 72 38 37 41 65 60 64 62 73 63 69 23 19 21 18 20 4  5  3  0  2  1  42 47 66 46 45 43 67 54 59 56 57 55 9  71 8  7  10 11 75 58 39 53 61 12 22 6  44 30 24 
32 70 34 30 33 35 14 76 15 12 16 13 28 68 26 29 24 27 53 51 52 50 48 49 36 39 41 72 38 40 60 61 63 64 62 65 21 19 22 23 69 18 0  3  75 5  4  2  45 46 47 42 43 44 56 57 67 54 55 58 71 6  10 11 7  9  1  59 37 74 73 17 20 8  66 31 25 
70 35 30 33 31 34 13 14 12 16 17 15 24 29 68 28 27 25 51 74 49 52 50 53 72 41 37 39 36 38 64 63 73 61 60 62 20 69 21 18 22 19 1  4  0  2  75 3  47 44 43 66 46 42 58 67 55 59 56 54 7  11 71 8  6  10 5  57 40 48 65 76 23 9  45 32 26 
56 58 59 57 67 54 42 44 45 47 43 66 21 69 19 22 20 23 32 70 33 30 34 31 71 6  11 7  10 9  4  0  1  75 3  2  52 74 50 53 48 51 15 76 13 16 14 17 24 26 27 29 25 68 72 40 38 41 36 39 65 60 73 64 62 63 12 37 8  35 5  46 49 61 28 55 18 
58 54 57 67 55 59 66 42 47 43 46 45 20 22 69 21 23 18 70 35 31 33 30 32 7  11 8  6  71 10 75 1  5  0  4  3  49 48 52 51 50 74 12 14 15 17 13 76 27 68 25 28 26 29 39 38 36 37 72 41 62 64 65 61 60 73 16 40 9  34 2  44 53 63 24 56 19 
59 57 55 56 58 67 47 45 46 44 42 43 18 20 21 23 19 69 34 30 70 32 31 35 11 9  10 8  6  7  1  2  3  5  0  75 51 52 53 48 49 50 17 15 16 14 12 13 26 28 68 27 29 24 37 72 39 38 41 40 64 63 60 73 61 62 76 36 71 33 4  66 74 65 25 54 22 
67 55 58 54 59 56 46 43 42 66 45 44 69 18 23 19 22 21 33 31 34 35 70 30 9  71 7  10 8  11 2  4  75 3  5  1  48 53 74 52 51 49 14 16 76 15 17 12 29 27 28 26 24 25 38 41 37 72 40 36 63 65 61 62 73 64 13 39 6  32 0  47 50 60 68 57 20 
57 67 56 58 54 55 43 47 44 42 66 46 19 23 20 18 69 22 30 33 35 70 32 34 8  10 71 9  11 6  5  3  4  2  1  0  74 49 51 50 53 52 76 12 17 13 16 15 68 24 29 25 28 27 40 39 41 36 37 38 61 73 64 65 63 60 14 72 7  31 75 45 48 62 26 59 21 
55 56 54 59 57 58 44 46 66 45 47 42 22 19 18 69 21 20 31 32 30 34 35 33 10 7  6  71 9  8  3  75 0  4  2  5  50 51 48 49 74 53 13 17 14 12 76 16 28 25 24 68 27 26 36 37 40 39 38 72 73 62 63 60 65 61 15 41 11 70 1  43 52 64 29 67 23 
36 72 41 37 40 39 28 29 27 25 26 24 49 50 48 52 53 51 58 54 55 67 57 56 61 73 65 63 64 60 13 12 16 15 14 76 31 34 33 70 30 35 42 43 44 45 46 47 23 69 18 21 19 22 6  10 71 8  7  11 0  5  75 2  1  4  66 9  62 59 17 68 32 3  20 38 74 
35 34 33 31 32 30 15 13 16 17 76 12 27 28 29 24 25 26 74 48 53 49 52 51 39 37 40 41 72 36 61 73 65 63 64 60 23 22 20 19 21 69 5  75 1  3  0  4  43 42 46 45 44 66 54 55 56 57 58 59 6  8  7  9  11 71 2  67 38 50 62 14 18 10 47 70 68 
14 13 12 16 17 15 57 59 55 56 58 67 8  6  7  11 9  10 4  75 2  5  1  3  24 25 26 27 28 29 50 49 53 52 48 74 65 61 73 60 63 64 31 34 33 70 30 35 40 72 38 41 36 39 45 44 42 43 66 47 21 23 22 18 20 69 32 46 68 0  51 54 62 19 37 76 71 
50 52 53 51 74 49 5  1  3  4  75 2  46 47 45 43 44 42 18 19 20 21 22 23 67 56 58 55 57 59 11 9  10 8  6  7  26 24 25 29 27 28 62 63 65 64 73 61 76 15 14 16 13 12 31 34 30 70 33 32 37 38 41 36 40 39 60 35 54 69 71 0  68 72 17 48 66 
47 43 44 42 66 46 38 40 72 39 41 36 64 62 65 60 61 63 12 16 13 14 76 15 18 69 22 19 23 20 30 31 32 33 34 35 75 2  4  1  3  5  54 55 58 57 56 67 7  8  6  10 11 9  26 24 27 29 25 68 51 48 53 50 74 49 59 28 21 17 70 37 0  52 71 45 73 
29 28 27 25 26 24 6  7  8  9  10 11 2  1  0  5  3  4  42 66 46 43 47 44 52 53 51 49 50 48 57 55 56 67 59 54 17 15 16 14 12 13 40 39 37 36 41 72 62 61 60 73 64 63 20 69 22 18 21 23 33 32 30 70 31 34 38 19 74 45 58 71 76 35 65 68 75 
73 65 60 64 61 62 51 53 48 50 52 74 54 56 55 58 59 57 11 8  7  71 10 6  17 14 13 76 16 12 25 68 29 26 27 24 36 37 38 39 40 41 69 23 19 21 18 20 34 31 30 70 33 32 3  1  5  75 2  4  46 42 43 66 44 47 22 0  15 9  28 49 72 45 35 63 67 
54 59 67 55 56 57 45 66 43 46 44 47 23 21 22 20 18 19 35 34 32 31 33 70 6  8  9  11 7  71 0  5  2  1  75 4  53 50 49 74 52 48 16 13 12 76 15 14 25 29 26 24 68 28 41 36 72 40 39 37 60 61 62 63 64 65 17 38 10 30 3  42 51 73 27 58 69 
10 71 6  11 8  7  22 69 20 23 18 21 33 34 35 30 31 32 38 36 37 41 39 40 75 1  5  0  4  3  42 45 47 66 44 46 67 54 57 56 59 58 24 68 28 25 29 26 48 49 50 51 52 53 61 62 60 73 64 63 13 12 14 16 15 76 27 65 2  72 43 19 55 17 74 9  70 
0  1  2  3  4  5  70 32 34 30 33 35 72 38 40 36 39 41 73 65 61 64 60 63 46 42 66 44 43 47 18 69 22 19 23 20 7  9  71 11 10 8  48 53 74 52 51 49 59 55 57 58 67 56 76 12 16 13 17 14 26 29 25 28 68 27 50 15 45 62 21 31 6  24 54 75 37 
23 18 69 22 21 19 60 62 61 63 73 64 12 13 14 15 16 17 27 25 28 29 68 24 70 34 30 35 32 31 38 72 39 36 40 37 66 46 42 47 44 43 7  9  71 11 10 8  0  2  1  4  5  3  74 49 53 50 51 48 58 59 56 57 54 55 6  52 33 26 41 65 45 67 75 20 76 
