3  4  0  1  15 49 72 48 50 51 21 18 20 69 23 68 53 19 30 33 35 66 32 34 44 42 43 47 45 46 67 60 63 62 65 64 17 76 10 13 11 14 40 41 39 37 38 36 58 73 56 59 54 57 28 27 25 24 29 74 70 9  16 7  5  8  61 6  2  31 52 75 55 26 71 12 22 
1  15 3  4  68 50 53 51 72 49 20 19 23 22 18 2  52 69 33 31 34 35 66 30 45 47 42 44 46 71 62 63 61 60 67 65 13 10 12 76 17 11 36 40 37 38 75 39 59 56 55 73 58 54 29 24 27 28 74 26 7  5  70 9  8  6  64 16 0  32 48 41 57 25 43 14 21 
15 2  4  68 0  53 48 50 52 72 18 22 19 20 69 3  51 21 32 66 33 30 34 31 71 45 44 46 43 42 63 64 65 61 60 62 10 14 11 12 76 13 37 39 75 41 40 38 56 57 54 55 73 59 26 29 28 74 25 27 5  6  9  8  16 70 67 7  1  35 49 36 58 24 47 17 23 
68 0  15 2  3  52 51 72 48 53 19 21 69 23 22 1  49 20 66 35 31 33 30 32 43 46 45 71 42 47 61 65 67 64 63 60 12 11 17 14 10 76 38 37 41 40 36 75 55 54 58 57 56 73 25 74 29 26 27 24 8  16 5  6  70 7  62 9  4  34 50 39 59 28 44 13 18 
2  3  68 0  1  48 49 53 51 52 69 20 22 18 21 4  50 23 35 34 32 31 33 66 42 71 46 43 47 44 64 67 62 65 61 63 14 17 13 11 12 10 75 38 40 36 39 41 57 58 59 54 55 56 27 26 74 25 24 28 6  70 8  16 7  9  60 5  15 30 72 37 73 29 45 76 19 
46 43 45 71 42 7  5  16 9  70 29 25 74 24 26 47 8  27 54 58 55 56 73 57 48 53 72 52 51 49 0  1  4  3  2  68 62 63 61 60 67 65 76 13 12 14 11 10 19 22 21 69 18 23 36 41 75 40 39 37 34 33 35 30 31 32 15 66 44 59 6  17 20 38 50 64 28 
71 42 46 43 47 9  8  70 5  7  74 27 26 28 25 44 6  24 58 59 57 55 56 54 51 52 53 48 49 50 3  4  15 1  0  2  60 61 64 63 62 67 10 76 14 11 17 12 69 21 20 22 19 18 39 40 41 36 37 38 30 31 34 33 32 66 68 35 45 73 16 13 23 75 72 65 29 
45 71 44 46 43 70 9  6  7  16 28 26 29 27 74 42 5  25 57 54 56 73 59 55 52 72 50 53 48 51 2  3  1  0  68 15 67 60 63 62 65 64 13 17 10 12 14 76 18 69 22 19 23 20 40 75 38 41 36 39 35 30 66 34 33 31 4  32 47 58 8  11 21 37 49 61 24 
47 45 42 44 46 6  70 5  16 8  27 29 24 26 28 71 7  74 56 55 59 58 54 73 72 49 51 50 53 52 15 2  0  68 4  1  64 67 62 65 61 63 11 14 13 76 10 17 20 18 19 23 21 22 75 37 39 38 41 40 32 35 31 66 34 30 3  33 43 57 9  12 69 36 48 60 25 
42 44 43 47 45 8  16 9  6  5  25 28 27 74 24 46 70 29 73 56 58 54 57 59 50 51 48 49 72 53 4  68 2  15 1  3  61 65 67 64 63 60 14 12 17 13 76 11 21 23 18 20 22 69 38 39 36 37 75 41 31 66 33 32 35 34 0  30 71 55 7  10 19 40 52 62 26 
70 9  16 7  5  57 58 56 54 55 17 10 13 14 76 8  59 12 74 26 28 24 27 29 66 31 33 32 35 34 49 72 53 50 51 48 71 42 47 43 46 45 3  0  4  15 68 1  38 41 40 75 37 39 60 67 65 62 63 61 21 23 22 20 18 19 52 69 6  25 73 2  36 64 30 44 11 
6  70 8  16 7  56 57 59 55 73 14 13 11 10 17 9  54 76 28 29 27 25 26 24 31 30 34 33 32 66 48 49 50 51 52 53 45 71 43 46 44 47 2  68 3  1  4  0  39 38 75 37 36 40 67 64 61 65 62 60 69 21 19 22 20 23 72 18 5  74 58 15 41 63 35 42 12 
8  16 5  6  70 73 55 58 56 59 12 17 14 76 11 7  57 13 24 28 25 26 74 27 33 34 35 30 31 32 52 51 49 48 53 72 44 46 71 45 47 42 68 15 0  3  1  2  36 37 38 39 40 41 65 61 63 64 67 62 19 22 18 69 21 20 50 23 9  29 54 4  75 60 66 43 10 
16 7  6  70 9  55 54 73 57 56 11 76 17 12 13 5  58 10 29 74 24 27 25 28 32 33 30 31 66 35 51 50 72 49 48 52 46 43 42 71 45 44 0  2  1  4  15 3  37 75 41 38 39 36 62 65 64 67 60 63 22 20 69 21 23 18 53 19 8  26 59 68 40 61 34 47 14 
7  5  70 9  8  54 59 55 58 57 13 12 76 11 10 6  73 14 26 25 29 28 24 74 35 32 31 66 34 30 50 53 52 72 49 51 43 47 44 42 71 46 1  3  15 68 2  4  75 40 36 41 38 37 63 62 67 60 61 64 20 18 21 23 19 69 48 22 16 27 56 0  39 65 33 45 17 
4  68 1  15 2  72 52 49 53 50 23 69 18 21 19 0  48 22 31 32 30 34 35 33 46 44 47 45 71 43 60 61 64 63 62 67 76 12 14 10 13 17 39 36 38 75 41 37 73 55 57 56 59 58 74 28 24 29 26 25 9  8  7  5  6  16 65 70 3  66 51 40 54 27 42 11 20 
44 46 47 45 71 16 7  8  70 6  24 74 28 25 29 43 9  26 55 57 73 59 58 56 53 50 49 72 52 48 68 0  3  2  15 4  65 62 60 67 64 61 17 11 76 10 12 13 23 19 69 18 20 21 41 38 37 75 40 36 66 34 32 35 30 33 1  31 42 54 5  14 22 39 51 63 27 
9  8  7  5  6  58 73 57 59 54 76 14 10 17 12 16 56 11 25 27 74 29 28 26 34 66 32 35 30 33 72 52 48 53 50 49 42 44 45 47 43 71 4  1  68 2  0  15 41 36 39 40 75 38 61 60 62 63 64 65 23 19 20 18 69 22 51 21 70 24 55 3  37 67 31 46 13 
53 48 72 52 51 66 34 31 35 32 75 36 41 37 40 49 30 39 23 18 21 22 69 20 5  7  70 9  8  6  44 46 71 45 47 42 15 2  0  68 4  1  65 64 62 60 63 67 29 26 25 74 28 24 11 12 10 14 17 13 59 56 58 73 55 57 43 54 50 19 33 61 27 76 16 3  38 
49 72 51 50 53 33 32 34 31 30 39 75 37 40 38 52 66 41 22 21 19 18 23 69 70 6  8  16 7  9  43 47 44 42 71 46 3  4  15 1  0  2  63 60 64 65 67 61 27 28 29 24 25 26 10 13 17 76 12 14 57 58 55 54 59 73 45 56 48 20 35 62 74 11 5  68 36 
72 52 50 53 48 32 35 33 66 31 38 40 75 39 41 51 34 36 20 23 22 69 19 21 9  70 16 7  5  8  47 45 46 44 42 43 4  68 2  15 1  3  64 61 67 62 60 65 28 74 26 29 24 27 14 10 76 12 11 17 58 73 54 59 56 55 71 57 49 18 30 63 25 13 6  0  37 
48 49 52 51 50 34 33 66 30 35 40 37 36 75 39 72 31 38 19 69 23 20 21 18 6  5  9  8  16 70 46 43 42 71 45 44 2  3  1  0  68 15 62 67 63 61 64 60 26 27 24 25 74 29 13 11 14 17 76 10 56 57 73 55 54 58 47 59 53 22 32 65 28 12 7  4  41 
50 53 49 72 52 31 66 30 32 33 37 41 38 36 75 48 35 40 21 20 69 19 18 22 7  16 6  70 9  5  42 44 45 47 43 71 1  15 68 4  3  0  61 63 65 67 62 64 24 29 74 28 27 25 12 76 13 10 14 11 54 59 57 58 73 56 46 55 51 23 34 60 26 17 8  2  39 
51 50 48 49 72 30 31 35 33 34 36 38 39 41 37 53 32 75 69 22 18 23 20 19 16 8  5  6  70 7  71 42 47 43 46 45 0  1  4  3  2  68 60 62 61 64 65 63 25 24 28 27 26 74 76 17 11 13 10 12 55 54 56 57 58 59 44 73 52 21 66 67 29 14 9  15 40 
20 18 21 23 19 37 75 36 38 39 47 46 44 43 45 69 41 71 64 65 63 60 62 61 29 24 27 28 74 26 54 59 73 58 57 55 33 32 66 31 30 34 8  5  16 70 7  6  2  3  1  0  68 15 53 50 49 72 52 48 10 14 76 12 11 17 56 13 22 67 40 9  4  51 25 35 42 
21 23 22 20 18 39 38 40 37 36 42 45 47 71 44 19 75 46 61 64 60 62 67 63 28 27 25 24 29 74 57 58 59 54 55 56 30 31 32 33 34 35 5  9  6  16 70 8  68 0  3  2  15 4  72 49 51 50 53 52 76 12 13 10 14 11 73 17 69 65 41 7  1  48 26 66 43 
18 69 23 19 22 75 40 37 41 38 45 43 46 47 71 21 36 42 67 62 64 61 63 65 26 29 28 74 25 27 59 56 55 73 58 54 32 35 34 66 31 33 16 6  7  9  5  70 3  4  15 1  0  2  48 53 72 52 51 49 14 17 12 11 13 76 57 10 20 60 39 8  68 50 24 30 44 
19 22 18 69 21 41 36 38 40 75 46 42 71 44 43 20 39 47 62 60 65 64 61 67 25 74 29 26 27 24 73 55 57 56 59 58 66 34 30 35 32 31 70 16 9  5  8  7  1  15 68 4  3  0  51 52 53 48 49 50 11 13 14 17 76 10 54 12 23 63 37 6  2  72 28 33 45 
69 21 19 22 20 40 39 75 36 41 71 47 43 45 42 23 37 44 60 63 67 65 64 62 27 26 74 25 24 28 56 57 54 55 73 59 35 30 33 34 66 32 7  70 5  8  6  9  4  68 2  15 1  3  49 48 52 51 50 72 17 76 11 13 10 12 58 14 18 61 38 16 0  53 29 31 46 
23 19 20 18 69 38 41 39 75 37 44 71 45 42 46 22 40 43 65 67 61 63 60 64 74 28 24 29 26 25 58 73 56 59 54 57 31 66 35 32 33 30 6  8  70 7  9  16 0  1  4  3  2  68 52 72 50 53 48 51 12 11 10 14 17 13 55 76 21 62 36 5  15 49 27 34 47 
54 59 57 58 73 25 24 74 27 26 15 0  68 1  2  56 28 3  11 17 12 10 76 14 20 22 69 21 23 18 35 30 33 34 66 32 8  16 70 6  5  9  52 53 51 49 50 48 62 63 61 60 67 65 44 42 43 47 45 46 37 75 39 38 41 40 31 36 55 13 29 72 64 71 19 7  4  
58 73 54 59 56 27 28 26 24 25 68 3  2  4  0  55 29 1  17 13 14 12 10 11 23 21 22 20 18 19 34 33 31 30 35 66 6  70 7  16 8  5  48 52 49 50 72 51 60 61 64 63 62 67 45 47 42 44 46 71 38 41 37 75 40 36 32 39 57 76 74 53 65 43 69 9  15 
55 54 56 57 58 74 25 28 26 29 1  68 4  0  15 59 27 2  12 14 76 13 17 10 22 19 18 69 21 20 32 35 34 66 31 33 9  8  6  5  7  70 72 50 52 48 51 53 65 62 60 67 64 61 42 71 46 43 47 44 36 37 40 39 38 75 30 41 73 11 24 49 63 45 23 16 3  
56 57 73 55 54 29 26 24 74 28 3  15 1  2  4  58 25 68 10 12 13 17 11 76 69 18 23 19 22 21 31 66 35 32 33 30 7  5  8  9  70 16 50 49 53 52 48 72 64 67 62 65 61 63 43 46 45 71 42 47 40 39 41 36 37 38 34 75 59 14 27 51 60 44 20 6  0  
73 55 59 56 57 28 74 27 29 24 0  4  3  68 1  54 26 15 76 10 17 11 14 13 19 23 20 18 69 22 33 32 66 31 30 34 70 9  5  7  16 6  49 51 72 53 52 50 61 65 67 64 63 60 71 45 44 46 43 42 41 36 75 40 39 37 35 38 58 12 25 48 62 47 21 8  2  
57 58 55 54 59 26 27 29 25 74 4  2  15 3  68 73 24 0  14 11 10 76 13 12 21 69 19 22 20 23 66 34 30 35 32 31 5  6  16 8  9  7  53 72 48 51 49 52 67 60 63 62 65 64 47 43 71 42 44 45 39 38 36 37 75 41 33 40 56 17 28 50 61 46 18 70 1  
63 64 60 61 65 44 46 42 45 47 59 55 73 54 56 67 71 57 16 70 8  5  9  6  3  2  68 0  1  4  12 11 17 14 10 76 41 36 39 40 75 38 25 26 24 28 29 27 34 33 31 30 35 66 19 23 20 18 69 22 53 48 72 52 51 49 13 50 62 7  43 74 32 21 15 37 58 
61 65 63 64 67 45 71 47 46 44 73 57 56 58 55 62 43 54 70 7  6  8  5  16 1  0  2  3  4  15 14 17 13 11 12 10 40 39 37 36 41 75 27 25 28 29 74 24 30 31 32 33 34 35 69 18 23 19 22 21 52 51 53 48 49 50 76 72 60 9  42 26 66 20 68 38 59 
62 63 67 60 61 42 44 71 47 43 54 73 58 55 59 64 45 56 8  6  9  7  70 5  2  15 4  68 0  3  76 12 14 10 13 17 38 41 40 75 37 39 74 29 25 27 24 26 66 34 30 35 32 31 23 21 22 20 18 19 50 53 49 72 52 48 11 51 65 16 46 28 33 69 1  36 57 
67 60 65 62 63 43 47 46 42 71 57 59 54 56 58 61 44 73 5  8  7  70 16 9  68 4  1  15 2  0  13 10 12 76 17 11 37 75 41 38 39 36 29 28 26 25 27 74 32 35 34 66 31 33 20 22 69 21 23 18 49 72 51 50 53 52 14 48 64 6  45 24 30 19 3  40 55 
65 62 64 67 60 71 42 45 43 46 55 58 57 73 54 63 47 59 9  5  70 16 6  7  15 1  3  4  68 2  17 76 10 13 11 14 39 38 75 37 36 40 28 24 74 26 25 29 31 66 35 32 33 30 21 69 19 22 20 23 51 50 48 49 72 53 12 52 61 8  44 27 34 18 0  41 56 
60 61 62 63 64 47 45 43 44 42 58 56 59 57 73 65 46 55 6  16 5  9  7  8  0  68 15 2  3  1  10 14 11 12 76 13 75 40 36 41 38 37 26 74 27 24 28 25 35 30 33 34 66 32 18 20 21 23 19 69 72 52 50 53 48 51 17 49 67 70 71 29 31 22 4  39 54 
35 30 66 34 33 20 18 22 23 21 60 64 63 67 61 31 19 65 39 37 40 41 75 36 73 58 54 59 56 55 7  5  8  9  70 16 49 72 53 50 51 48 47 42 45 46 71 44 14 17 13 11 12 10 3  2  68 0  1  4  28 74 24 29 26 25 6  27 32 38 69 43 76 15 57 52 62 
33 32 30 31 66 19 22 23 69 18 64 62 65 63 67 35 21 60 75 41 37 39 36 38 57 56 73 55 54 58 8  16 70 6  5  9  53 48 51 52 72 50 46 45 43 42 47 71 13 10 12 76 17 11 15 1  3  4  68 2  26 27 74 25 24 28 7  29 34 40 20 44 14 0  59 49 61 
34 33 35 30 31 23 19 21 18 20 63 65 61 62 64 32 69 67 37 38 36 40 41 39 56 59 58 73 55 57 9  8  6  5  7  70 50 53 52 72 49 51 44 47 46 71 43 45 11 13 76 17 14 12 1  0  2  3  4  15 29 26 28 74 25 27 16 24 66 75 22 42 10 68 54 48 60 
32 35 31 66 34 22 20 19 21 69 67 63 62 64 60 30 23 61 40 36 75 38 37 41 58 57 55 54 59 73 16 7  9  70 6  8  48 49 50 51 52 53 43 71 47 44 45 42 10 14 11 12 76 13 2  15 4  68 0  3  27 28 25 24 29 74 5  26 33 39 18 46 17 1  56 72 65 
30 31 34 33 32 18 69 20 19 23 61 67 64 60 65 66 22 62 38 75 39 36 40 37 55 73 59 56 57 54 5  6  16 8  9  7  72 52 48 53 50 49 45 44 71 43 42 46 17 76 10 13 11 14 4  3  0  1  15 68 74 25 29 26 27 24 70 28 35 41 21 47 12 2  58 51 63 
31 66 33 32 35 69 21 18 22 19 65 60 67 61 62 34 20 63 41 40 38 37 39 75 54 55 56 57 58 59 6  70 7  16 8  5  52 51 49 48 53 72 71 46 42 47 44 43 76 12 14 10 13 17 68 4  1  15 2  0  25 24 26 27 28 29 9  74 30 36 23 45 11 3  73 50 64 
38 41 37 75 40 67 60 64 62 65 70 5  7  6  9  36 63 8  71 43 45 44 47 46 12 76 13 10 14 11 27 28 29 24 25 26 69 21 20 22 19 18 56 73 57 54 58 55 53 48 51 52 72 50 35 32 31 66 34 30 68 0  15 2  3  1  74 4  39 42 61 59 49 33 17 23 16 
75 40 38 41 36 62 63 65 60 67 7  8  9  16 5  39 61 6  43 42 46 45 44 71 14 10 76 12 11 17 24 29 74 28 27 25 22 20 23 21 69 19 55 56 54 58 59 57 52 51 49 48 53 72 34 66 32 35 30 33 2  3  68 0  1  4  26 15 37 47 64 73 50 31 13 18 70 
39 38 36 37 75 64 67 63 65 61 6  7  16 5  70 41 62 9  45 46 47 42 43 44 76 17 11 13 10 12 26 27 24 25 74 29 18 69 22 19 23 20 59 58 56 55 57 73 50 53 52 72 49 51 32 33 30 31 66 35 4  68 1  15 2  0  28 3  40 71 60 54 48 34 14 21 8  
36 37 40 39 38 61 65 60 64 63 8  70 6  9  16 75 67 7  44 45 42 43 71 47 13 11 14 17 76 10 74 25 27 26 29 28 23 19 69 18 20 21 58 54 73 56 55 59 49 72 53 50 51 48 31 30 34 33 32 66 1  15 3  4  68 2  24 0  41 46 62 57 52 35 12 22 5  
40 39 41 36 37 63 64 62 61 60 5  16 8  7  6  38 65 70 47 44 43 71 46 42 17 14 12 11 13 76 29 26 25 74 28 24 20 18 19 23 21 22 54 57 59 73 56 58 51 50 72 49 48 52 33 34 35 30 31 32 3  4  0  1  15 68 27 2  75 45 67 55 53 66 10 69 9  
37 75 39 38 41 65 62 61 67 64 16 9  70 8  7  40 60 5  46 71 44 47 42 45 10 13 17 76 12 14 25 24 28 27 26 74 19 22 21 69 18 23 73 59 55 57 54 56 72 52 48 53 50 49 66 31 33 32 35 34 15 2  4  68 0  3  29 1  36 43 63 58 51 30 11 20 6  
17 76 11 13 10 3  4  2  1  0  30 32 33 35 31 12 15 66 72 53 49 51 48 50 65 61 63 64 67 62 40 39 37 36 41 75 28 74 26 29 24 27 20 21 18 19 69 23 6  70 7  16 8  5  59 54 57 58 73 56 71 42 46 43 47 44 38 45 14 52 68 22 9  55 60 25 34 
11 13 14 17 76 0  1  68 3  2  34 31 30 66 33 10 4  32 50 72 51 48 52 49 64 63 60 61 65 67 41 36 39 40 75 38 24 29 74 28 27 25 21 22 23 18 19 20 8  16 70 6  5  9  58 57 55 54 59 73 46 43 45 71 42 47 37 44 12 53 15 69 7  56 62 26 35 
76 12 13 10 14 4  68 3  15 1  31 35 32 30 66 11 2  34 52 48 72 50 49 53 62 65 64 67 60 63 39 38 75 37 36 40 74 25 27 26 29 28 18 23 69 22 21 19 70 9  5  7  16 6  56 59 58 73 55 57 42 44 43 47 45 46 41 71 17 51 0  20 8  54 61 24 33 
10 14 76 12 11 15 2  1  68 4  32 34 66 33 35 17 0  30 48 51 53 72 50 52 60 67 65 62 63 61 37 75 41 38 39 36 26 27 24 25 74 29 19 18 22 21 20 69 7  5  8  9  70 16 55 73 59 56 57 54 47 45 42 44 46 71 40 43 13 49 3  23 6  58 64 28 31 
12 11 10 14 17 68 0  4  2  15 66 30 35 31 34 13 3  33 51 49 52 53 72 48 63 62 67 60 61 64 38 41 40 75 37 39 25 24 28 27 26 74 69 19 21 20 23 22 9  8  6  5  7  70 57 56 73 55 54 58 44 46 47 45 71 43 36 42 76 50 1  18 16 59 65 29 32 
13 10 17 76 12 1  15 0  4  3  33 66 31 34 32 14 68 35 53 52 50 49 51 72 67 64 61 65 62 60 36 37 38 39 40 41 29 26 25 74 28 24 23 20 19 69 22 18 16 7  9  70 6  8  73 58 54 59 56 55 43 47 71 42 44 45 75 46 11 48 2  21 5  57 63 27 30 
74 25 29 26 27 14 17 10 11 12 52 49 48 72 51 24 13 50 68 2  4  1  3  15 36 41 75 40 39 37 18 69 22 19 23 20 58 73 56 59 54 57 32 31 35 34 30 66 71 42 47 43 46 45 6  5  9  8  16 70 63 64 60 61 65 67 21 62 28 0  76 33 44 7  38 55 53 
26 27 74 25 24 11 13 12 17 14 48 50 51 53 49 28 76 72 2  0  15 4  1  68 39 40 41 36 37 38 19 22 21 69 18 23 59 56 55 73 58 54 66 32 34 30 33 35 43 47 44 42 71 46 16 8  5  6  70 7  61 65 63 64 67 62 20 60 29 3  10 31 45 9  75 57 52 
27 28 25 24 29 13 10 11 76 17 49 53 50 48 72 74 12 52 3  1  2  68 15 0  38 39 36 37 75 41 22 20 23 21 69 19 56 57 54 55 73 59 34 35 33 31 32 30 47 45 46 44 42 43 7  16 6  70 9  5  65 62 64 67 60 63 18 61 26 4  14 66 71 8  40 58 51 
24 29 27 28 74 76 12 17 10 13 50 52 72 51 53 26 14 48 1  4  0  2  68 3  75 37 39 38 41 40 21 23 18 20 22 69 55 54 58 57 56 73 30 34 31 32 66 33 44 46 71 45 47 42 9  70 16 7  5  8  67 60 65 62 63 61 19 64 25 15 11 35 43 6  36 59 49 
28 74 24 29 26 10 14 13 12 76 72 48 53 49 52 25 11 51 4  15 3  0  2  1  41 38 37 75 40 36 20 18 19 23 21 22 57 58 59 54 55 56 33 30 32 66 35 31 45 71 43 46 44 47 5  7  70 9  8  6  62 63 67 60 61 64 69 65 27 68 17 34 42 16 39 73 50 
25 24 26 27 28 17 76 14 13 11 51 72 49 52 50 29 10 53 0  3  68 15 4  2  37 36 40 39 38 75 69 21 20 22 19 18 73 55 57 56 59 58 35 66 30 33 31 34 42 44 45 47 43 71 70 6  8  16 7  9  64 67 61 65 62 60 23 63 74 1  12 32 46 5  41 54 48 
59 56 58 73 55 24 29 25 28 27 2  1  0  15 3  57 74 4  13 76 11 14 12 17 18 20 21 23 19 69 30 31 32 33 34 35 16 7  9  70 6  8  51 48 50 72 53 49 63 64 65 61 60 62 46 44 47 45 71 43 75 40 38 41 36 39 66 37 54 10 26 52 67 42 22 5  68 
29 26 28 74 25 12 11 76 14 10 53 51 52 50 48 27 17 49 15 68 1  3  0  4  40 75 38 41 36 39 23 19 69 18 20 21 54 59 73 58 57 55 31 33 66 35 34 32 46 43 42 71 45 44 8  9  7  5  6  16 60 61 62 63 64 65 22 67 24 2  13 30 47 70 37 56 72 
0  1  2  3  4  51 50 52 49 48 22 23 21 19 20 15 72 18 34 30 66 32 31 35 47 43 71 42 44 45 65 62 60 67 64 61 11 13 76 17 14 12 41 75 36 39 37 40 54 59 73 58 57 55 24 25 26 27 28 29 16 7  6  70 9  5  63 8  68 33 53 38 56 74 46 10 69 
52 51 53 48 49 35 30 32 34 66 41 39 40 38 36 50 33 37 18 19 20 21 22 23 8  9  7  5  6  16 45 71 43 46 44 47 68 0  3  2  15 4  67 65 60 63 61 62 74 25 27 26 29 28 17 14 12 11 13 76 73 55 59 56 57 54 42 58 72 69 31 64 24 10 70 1  75 
43 47 71 42 44 5  6  7  8  9  26 24 25 29 27 45 16 28 59 73 54 57 55 58 49 48 52 51 50 72 1  15 68 4  3  0  63 64 65 61 60 62 12 10 11 17 13 14 22 20 23 21 69 19 37 36 40 39 38 75 33 32 30 31 66 35 2  34 46 56 70 76 18 41 53 67 74 
66 34 32 35 30 21 23 69 20 22 62 61 60 65 63 33 18 64 36 39 41 75 38 40 59 54 57 58 73 56 70 9  5  7  16 6  51 50 72 49 48 52 42 43 44 45 46 47 12 11 17 14 10 76 0  68 15 2  3  1  24 29 27 28 74 26 8  25 31 37 19 71 13 4  55 53 67 
41 36 75 40 39 60 61 67 63 62 9  6  5  70 8  37 64 16 42 47 71 46 45 43 11 12 10 14 17 13 28 74 26 29 24 27 21 23 18 20 22 69 57 55 58 59 73 54 48 49 50 51 52 53 30 35 66 34 33 31 0  1  2  3  4  15 25 68 38 44 65 56 72 32 76 19 7  
14 17 12 11 13 2  3  15 0  68 35 33 34 32 30 76 1  31 49 50 48 52 53 51 61 60 62 63 64 65 75 40 36 41 38 37 27 28 29 24 25 26 22 69 20 23 18 21 5  6  16 8  9  7  54 55 56 57 58 59 45 71 44 46 43 42 39 47 10 72 4  19 70 73 67 74 66 
22 20 69 21 23 36 37 41 39 40 43 44 42 46 47 18 38 45 63 61 62 67 65 60 24 25 26 27 28 29 55 54 58 57 56 73 34 33 31 30 35 66 9  7  8  6  16 5  15 2  0  68 4  1  50 51 48 49 72 53 13 10 17 76 12 14 59 11 19 64 75 70 3  52 74 32 71 
64 67 61 65 62 46 43 44 71 45 56 54 55 59 57 60 42 58 7  9  16 6  8  70 4  3  0  1  15 68 11 13 76 17 14 12 36 37 38 39 40 41 24 27 29 74 26 28 33 32 66 31 30 34 22 19 18 69 21 20 48 49 52 51 50 72 10 53 63 5  47 25 35 23 2  75 73 
5  6  9  8  16 59 56 54 73 58 10 11 12 13 14 70 55 17 27 24 26 74 29 25 30 35 66 34 33 31 53 48 51 52 72 50 47 45 46 44 42 43 15 4  2  0  3  68 40 39 37 36 41 75 64 63 60 61 65 67 18 69 23 19 22 21 49 20 7  28 57 1  38 62 32 71 76 
