74 65 75 72 67 70 68 69 71 73 32 39 43 31 33 38 30 35 36 37 0  8  40 9  2  7  1  4  5  6  42 64 57 55 58 63 56 60 61 62 66 3  24 59 34 54 46 76 45 48 53 47 50 51 52 29 41 20 21 23 28 22 25 26 27 14 13 16 18 12 44 15 11 17 10 19 49 
75 70 65 73 66 67 72 74 69 71 31 37 30 43 39 34 38 33 32 36 9  6  1  40 8  3  7  2  0  5  56 62 55 42 64 59 63 58 57 61 68 4  25 60 35 52 45 47 76 54 49 53 48 46 51 27 22 21 41 29 24 28 23 20 26 15 19 10 14 18 12 13 44 16 11 17 50 
68 73 72 65 69 71 75 66 67 70 35 30 39 33 43 36 37 31 34 38 4  1  8  2  40 5  6  9  3  7  64 56 60 58 42 61 62 55 59 63 74 0  20 57 32 47 50 54 48 76 51 52 45 49 53 22 29 25 23 41 26 27 21 24 28 10 44 14 16 17 19 11 13 18 15 12 46 
71 74 69 66 65 75 67 73 72 68 37 35 32 36 34 43 31 38 39 33 6  4  0  5  3  40 9  7  8  2  57 60 62 61 59 42 55 63 64 58 70 1  22 56 30 50 52 46 51 49 76 45 53 54 48 25 20 27 26 24 41 21 28 29 23 12 14 19 44 11 10 18 16 13 17 15 47 
65 67 70 71 68 66 73 75 74 69 43 36 38 30 37 35 34 39 31 32 40 5  7  1  6  4  3  8  9  0  63 61 42 56 62 60 59 64 55 57 72 2  23 58 33 51 76 53 47 52 50 49 54 45 46 26 28 41 22 27 25 24 29 21 20 13 17 11 15 14 18 19 12 10 44 16 48 
72 71 73 70 74 69 65 68 66 67 33 38 37 39 30 32 36 43 35 34 2  7  6  8  1  0  5  40 4  3  62 63 58 64 56 57 61 42 60 59 75 9  21 55 31 53 48 52 54 47 46 51 76 50 49 28 27 23 29 22 20 26 41 25 24 11 12 15 10 16 17 44 19 14 13 18 45 
70 66 67 69 72 68 71 65 75 74 30 32 34 38 36 33 35 37 43 31 1  0  3  7  5  2  4  6  40 9  59 57 56 63 61 58 60 62 42 55 73 8  29 64 39 46 47 49 53 51 48 50 52 76 45 20 24 22 28 26 23 25 27 41 21 19 16 44 13 15 14 17 18 11 12 10 54 
66 72 68 75 71 73 74 67 70 65 34 43 33 35 31 37 39 32 38 30 3  40 2  4  9  6  8  0  7  1  58 42 59 60 55 62 64 57 63 56 69 5  26 61 36 76 49 48 50 45 52 54 46 53 47 41 23 24 25 21 27 29 20 28 22 16 11 18 17 19 13 10 15 12 14 44 51 
69 75 74 68 70 65 66 71 73 72 36 33 31 32 35 30 43 34 37 39 5  2  9  0  4  1  40 3  6  8  55 58 61 57 60 56 42 59 62 64 67 7  28 63 38 48 51 45 46 50 47 76 49 52 54 23 21 26 20 25 22 41 24 27 29 18 15 17 12 44 11 14 10 19 16 13 53 
67 68 66 74 73 72 69 70 65 75 38 31 35 34 32 39 33 36 30 43 7  9  4  3  0  8  2  5  1  40 60 55 63 59 57 64 58 61 56 42 71 6  27 62 37 45 53 50 49 46 54 48 51 47 76 21 25 28 24 20 29 23 26 22 41 17 10 12 19 13 15 16 14 44 18 11 52 
46 76 45 48 53 47 50 51 52 54 74 73 65 75 72 67 70 68 69 71 20 29 41 21 23 28 22 25 26 27 40 8  0  9  2  7  1  4  5  6  49 24 14 3  66 64 57 42 55 58 63 56 60 61 62 19 44 10 11 13 18 12 15 16 17 34 33 36 38 30 43 35 31 37 32 39 59 
53 50 49 46 54 48 51 47 76 45 67 75 68 66 74 73 72 69 70 65 28 21 25 24 20 29 23 26 22 41 4  9  7  3  0  8  2  5  1  40 52 27 17 6  71 55 63 60 59 57 64 58 61 56 42 11 15 18 14 10 19 13 16 12 44 37 32 30 39 33 35 36 34 43 38 31 62 
45 47 76 54 49 53 48 46 51 52 75 71 70 65 73 66 67 72 74 69 21 27 22 41 29 24 28 23 20 26 1  6  9  40 8  3  7  2  0  5  50 25 15 4  68 62 55 56 42 64 59 63 58 57 61 17 12 11 44 19 14 18 13 10 16 35 39 32 34 38 30 33 43 36 31 37 60 
50 54 48 76 51 52 45 49 53 47 68 70 73 72 65 69 71 75 66 67 25 22 29 23 41 26 27 21 24 28 8  1  4  2  40 5  6  9  3  7  46 20 10 0  74 56 60 64 58 42 61 62 55 59 63 12 19 15 13 44 16 17 11 14 18 32 43 34 36 37 39 31 33 38 35 30 57 
52 46 51 49 76 45 53 54 48 50 71 68 74 69 66 65 75 67 73 72 27 25 20 26 24 41 21 28 29 23 0  4  6  5  3  40 9  7  8  2  47 22 12 1  70 60 62 57 61 59 42 55 63 64 58 15 10 17 16 14 44 11 18 19 13 30 34 39 43 31 32 38 36 33 37 35 56 
76 53 47 52 50 49 54 45 46 51 65 69 67 70 71 68 66 73 75 74 41 26 28 22 27 25 24 29 21 20 7  5  40 1  6  4  3  8  9  0  48 23 13 2  72 61 42 63 56 62 60 59 64 55 57 16 18 44 12 17 15 14 19 11 10 33 37 31 35 34 38 39 30 32 43 36 58 
48 52 54 47 46 51 76 50 49 53 72 67 71 73 70 74 69 65 68 66 23 28 27 29 22 20 26 41 25 24 6  7  2  8  1  0  5  40 4  3  45 21 11 9  75 63 58 62 64 56 57 61 42 60 59 18 17 13 19 12 10 16 44 15 14 31 30 35 32 36 37 43 39 34 33 38 55 
47 49 53 51 48 50 52 76 45 46 70 74 66 67 69 72 68 71 65 75 22 20 24 28 26 23 25 27 41 21 3  0  1  7  5  2  4  6  40 9  54 29 19 8  73 57 56 59 63 61 58 60 62 42 55 10 14 12 18 16 13 15 17 44 11 39 36 43 33 35 34 37 38 31 30 32 64 
49 48 50 45 52 54 46 53 47 76 66 65 72 68 75 71 73 74 67 70 24 41 23 25 21 27 29 20 28 22 2  40 3  4  9  6  8  0  7  1  51 26 16 5  69 42 59 58 60 55 62 64 57 63 56 44 13 14 15 11 17 19 10 18 12 36 31 38 37 39 33 32 35 30 34 43 61 
51 45 46 50 47 76 49 52 54 48 69 72 75 74 68 70 65 66 71 73 26 23 21 20 25 22 41 24 27 29 9  2  5  0  4  1  40 3  6  8  53 28 18 7  67 58 61 55 57 60 56 42 59 62 64 13 11 16 10 15 12 44 14 17 19 38 35 37 30 43 31 34 32 39 36 33 63 
20 41 21 23 28 22 25 26 27 29 0  8  40 9  2  7  1  4  5  6  74 73 65 75 72 67 70 68 69 71 43 39 32 31 33 38 30 35 36 37 24 66 49 34 3  19 10 44 11 13 18 12 15 16 17 54 76 46 45 48 53 47 50 51 52 59 58 61 63 56 42 60 55 62 57 64 14 
28 25 24 20 29 23 26 22 41 21 7  9  4  3  0  8  2  5  1  40 67 75 68 66 74 73 72 69 70 65 35 31 38 34 32 39 33 36 30 43 27 71 52 37 6  11 18 15 14 10 19 13 16 12 44 45 50 53 49 46 54 48 51 47 76 62 57 56 64 58 60 61 59 42 63 55 17 
21 22 41 29 24 28 23 20 26 27 9  6  1  40 8  3  7  2  0  5  75 71 70 65 73 66 67 72 74 69 30 37 31 43 39 34 38 33 32 36 25 68 50 35 4  17 11 12 44 19 14 18 13 10 16 52 47 45 76 54 49 53 48 46 51 60 64 57 59 63 56 58 42 61 55 62 15 
25 29 23 41 26 27 21 24 28 22 4  1  8  2  40 5  6  9  3  7  68 70 73 72 65 69 71 75 66 67 39 30 35 33 43 36 37 31 34 38 20 74 46 32 0  12 15 19 13 44 16 17 11 14 18 47 54 50 48 76 51 52 45 49 53 57 42 59 61 62 64 55 58 63 60 56 10 
27 20 26 24 41 21 28 29 23 25 6  4  0  5  3  40 9  7  8  2  71 68 74 69 66 65 75 67 73 72 32 35 37 36 34 43 31 38 39 33 22 70 47 30 1  15 17 10 16 14 44 11 18 19 13 50 46 52 51 49 76 45 53 54 48 56 59 64 42 55 57 63 61 58 62 60 12 
41 28 22 27 25 24 29 21 20 26 40 5  7  1  6  4  3  8  9  0  65 69 67 70 71 68 66 73 75 74 38 36 43 30 37 35 34 39 31 32 23 72 48 33 2  16 44 18 12 17 15 14 19 11 10 51 53 76 47 52 50 49 54 45 46 58 62 55 60 59 63 64 56 57 42 61 13 
23 27 29 22 20 26 41 25 24 28 2  7  6  8  1  0  5  40 4  3  72 67 71 73 70 74 69 65 68 66 37 38 33 39 30 32 36 43 35 34 21 75 45 31 9  18 13 17 19 12 10 16 44 15 14 53 52 48 54 47 46 51 76 50 49 55 56 60 57 61 62 42 64 59 58 63 11 
22 24 28 26 23 25 27 41 21 20 1  0  3  7  5  2  4  6  40 9  70 74 66 67 69 72 68 71 65 75 34 32 30 38 36 33 35 37 43 31 29 73 54 39 8  10 12 14 18 16 13 15 17 44 11 46 49 47 53 51 48 50 52 76 45 64 61 42 58 60 59 62 63 55 56 57 19 
24 23 25 21 27 29 20 28 22 41 3  40 2  4  9  6  8  0  7  1  66 65 72 68 75 71 73 74 67 70 33 43 34 35 31 37 39 32 38 30 26 69 51 36 5  44 14 13 15 11 17 19 10 18 12 76 48 49 50 45 52 54 46 53 47 61 55 63 62 64 58 57 60 56 59 42 16 
26 21 20 25 22 41 24 27 29 23 5  2  9  0  4  1  40 3  6  8  69 72 75 74 68 70 65 66 71 73 31 33 36 32 35 30 43 34 37 39 28 67 53 38 7  13 16 11 10 15 12 44 14 17 19 48 45 51 46 50 47 76 49 52 54 63 60 62 56 42 55 59 57 64 61 58 18 
11 12 44 19 14 18 13 10 16 17 21 27 22 41 29 24 28 23 20 26 45 52 47 76 54 49 53 48 46 51 70 71 75 65 73 66 67 72 74 69 15 50 60 68 25 37 31 30 43 39 34 38 33 32 36 62 56 55 42 64 59 63 58 57 61 4  8  0  3  7  1  2  40 5  9  6  35 
18 15 14 10 19 13 16 12 44 11 28 21 25 24 20 29 23 26 22 41 53 45 50 49 46 54 48 51 47 76 68 75 67 66 74 73 72 69 70 65 17 52 62 71 27 31 38 35 34 32 39 33 36 30 43 55 60 63 59 57 64 58 61 56 42 6  0  1  8  2  4  5  3  40 7  9  37 
10 44 11 13 18 12 15 16 17 19 20 29 41 21 23 28 22 25 26 27 46 54 76 45 48 53 47 50 51 52 65 73 74 75 72 67 70 68 69 71 14 49 59 66 24 39 32 43 31 33 38 30 35 36 37 64 42 57 55 58 63 56 60 61 62 3  2  5  7  1  40 4  9  6  0  8  34 
15 19 13 44 16 17 11 14 18 12 25 22 29 23 41 26 27 21 24 28 50 47 54 48 76 51 52 45 49 53 73 70 68 72 65 69 71 75 66 67 10 46 57 74 20 30 35 39 33 43 36 37 31 34 38 56 64 60 58 42 61 62 55 59 63 0  40 3  5  6  8  9  2  7  4  1  32 
17 10 16 14 44 11 18 19 13 15 27 25 20 26 24 41 21 28 29 23 52 50 46 51 49 76 45 53 54 48 74 68 71 69 66 65 75 67 73 72 12 47 56 70 22 35 37 32 36 34 43 31 38 39 33 60 57 62 61 59 42 55 63 64 58 1  3  8  40 9  0  7  5  2  6  4  30 
44 18 12 17 15 14 19 11 10 16 41 26 28 22 27 25 24 29 21 20 76 51 53 47 52 50 49 54 45 46 67 69 65 70 71 68 66 73 75 74 13 48 58 72 23 36 43 38 30 37 35 34 39 31 32 61 63 42 56 62 60 59 64 55 57 2  6  9  4  3  7  8  1  0  40 5  33 
13 17 19 12 10 16 44 15 14 18 23 28 27 29 22 20 26 41 25 24 48 53 52 54 47 46 51 76 50 49 71 67 72 73 70 74 69 65 68 66 11 45 55 75 21 38 33 37 39 30 32 36 43 35 34 63 62 58 64 56 57 61 42 60 59 9  1  4  0  5  6  40 8  3  2  7  31 
12 14 18 16 13 15 17 44 11 10 22 20 24 28 26 23 25 27 41 21 47 46 49 53 51 48 50 52 76 45 66 74 70 67 69 72 68 71 65 75 19 54 64 73 29 32 30 34 38 36 33 35 37 43 31 57 59 56 63 61 58 60 62 42 55 8  5  40 2  4  3  6  7  9  1  0  39 
14 13 15 11 17 19 10 18 12 44 24 41 23 25 21 27 29 20 28 22 49 76 48 50 45 52 54 46 53 47 72 65 66 68 75 71 73 74 67 70 16 51 61 69 26 43 34 33 35 31 37 39 32 38 30 42 58 59 60 55 62 64 57 63 56 5  9  7  6  8  2  0  4  1  3  40 36 
16 11 10 15 12 44 14 17 19 13 26 23 21 20 25 22 41 24 27 29 51 48 45 46 50 47 76 49 52 54 75 72 69 74 68 70 65 66 71 73 18 53 63 67 28 33 36 31 32 35 30 43 34 37 39 58 55 61 57 60 56 42 59 62 64 7  4  6  1  40 9  3  0  8  5  2  38 
73 69 71 67 75 74 70 72 68 66 39 34 36 37 38 31 32 30 33 35 8  3  5  6  7  9  0  1  2  4  61 59 64 62 63 55 57 56 58 60 76 41 44 40 65 49 54 51 52 53 45 46 47 48 50 24 26 29 27 28 21 20 22 23 25 43 18 13 11 10 16 12 17 15 19 14 42 
29 26 27 28 21 20 22 23 25 24 8  3  5  6  7  9  0  1  2  4  73 66 69 71 67 75 74 70 72 68 36 34 39 37 38 31 32 30 33 35 44 76 42 65 41 14 19 16 17 18 11 10 12 13 15 49 51 54 52 53 45 46 47 48 50 40 63 58 55 57 61 56 62 60 64 59 43 
8  5  6  7  9  0  1  2  4  3  64 59 61 62 63 55 57 56 58 60 39 34 36 37 38 31 32 30 33 35 16 14 19 17 18 11 10 12 13 15 41 65 76 43 40 24 29 26 27 28 21 20 22 23 25 66 69 73 71 67 75 74 70 72 68 42 53 48 45 46 51 47 52 50 54 49 44 
19 16 17 18 11 10 12 13 15 14 29 24 26 27 28 21 20 22 23 25 54 49 51 52 53 45 46 47 48 50 69 66 73 71 67 75 74 70 72 68 43 42 40 76 44 34 39 36 37 38 31 32 30 33 35 59 61 64 62 63 55 57 56 58 60 41 7  2  9  0  5  1  6  4  8  3  65 
54 51 52 53 45 46 47 48 50 49 73 66 69 71 67 75 74 70 72 68 29 24 26 27 28 21 20 22 23 25 5  3  8  6  7  9  0  1  2  4  42 44 43 41 76 59 64 61 62 63 55 57 56 58 60 14 16 19 17 18 11 10 12 13 15 65 38 33 31 32 36 30 37 35 39 34 40 
38 35 34 32 39 33 36 30 43 31 18 11 15 14 10 19 13 16 12 44 63 55 60 59 57 64 58 61 56 42 50 45 53 49 46 54 48 51 47 76 37 62 6  52 17 75 67 68 66 74 73 72 69 70 65 9  4  7  3  0  8  2  5  1  40 27 20 22 29 23 25 26 24 41 28 21 71 
32 43 31 33 38 30 35 36 37 39 10 19 44 11 13 18 12 15 16 17 57 64 42 55 58 63 56 60 61 62 76 54 46 45 48 53 47 50 51 52 34 59 3  49 14 73 74 65 75 72 67 70 68 69 71 8  40 0  9  2  7  1  4  5  6  24 23 26 28 22 41 25 21 27 20 29 66 
31 30 43 39 34 38 33 32 36 37 11 17 12 44 19 14 18 13 10 16 55 62 56 42 64 59 63 58 57 61 47 52 45 76 54 49 53 48 46 51 35 60 4  50 15 71 75 70 65 73 66 67 72 74 69 6  1  9  40 8  3  7  2  0  5  25 29 20 24 28 22 23 41 26 21 27 68 
35 39 33 43 36 37 31 34 38 30 15 12 19 13 44 16 17 11 14 18 60 56 64 58 42 61 62 55 59 63 54 47 50 48 76 51 52 45 49 53 32 57 0  46 10 70 68 73 72 65 69 71 75 66 67 1  8  4  2  40 5  6  9  3  7  20 41 24 26 27 29 21 23 28 25 22 74 
37 32 36 34 43 31 38 39 33 35 17 15 10 16 14 44 11 18 19 13 62 60 57 61 59 42 55 63 64 58 46 50 52 51 49 76 45 53 54 48 30 56 1  47 12 68 71 74 69 66 65 75 67 73 72 4  0  6  5  3  40 9  7  8  2  22 24 29 41 21 20 28 26 23 27 25 70 
43 38 30 37 35 34 39 31 32 36 44 16 18 12 17 15 14 19 11 10 42 61 63 56 62 60 59 64 55 57 53 51 76 47 52 50 49 54 45 46 33 58 2  48 13 69 65 67 70 71 68 66 73 75 74 5  7  40 1  6  4  3  8  9  0  23 27 21 25 24 28 29 22 20 41 26 72 
33 37 39 30 32 36 43 35 34 38 13 18 17 19 12 10 16 44 15 14 58 63 62 64 56 57 61 42 60 59 52 53 48 54 47 46 51 76 50 49 31 55 9  45 11 67 72 71 73 70 74 69 65 68 66 7  6  2  8  1  0  5  40 4  3  21 22 25 20 26 27 41 29 24 23 28 75 
30 34 38 36 33 35 37 43 31 32 12 10 14 18 16 13 15 17 44 11 56 57 59 63 61 58 60 62 42 55 49 46 47 53 51 48 50 52 76 45 39 64 8  54 19 74 70 66 67 69 72 68 71 65 75 0  3  1  7  5  2  4  6  40 9  29 26 41 23 25 24 27 28 21 22 20 73 
34 33 35 31 37 39 32 38 30 43 14 44 13 15 11 17 19 10 18 12 59 42 58 60 55 62 64 57 63 56 48 76 49 50 45 52 54 46 53 47 36 61 5  51 16 65 66 72 68 75 71 73 74 67 70 40 2  3  4  9  6  8  0  7  1  26 21 28 27 29 23 20 25 22 24 41 69 
36 31 32 35 30 43 34 37 39 33 16 13 11 10 15 12 44 14 17 19 61 58 55 57 60 56 42 59 62 64 45 48 51 46 50 47 76 49 52 54 38 63 7  53 18 72 69 75 74 68 70 65 66 71 73 2  9  5  0  4  1  40 3  6  8  28 25 27 22 41 21 24 20 29 26 23 67 
7  4  3  0  8  2  5  1  40 9  63 55 60 59 57 64 58 61 56 42 38 31 35 34 32 39 33 36 30 43 15 11 18 14 10 19 13 16 12 44 6  37 71 17 62 21 28 25 24 20 29 23 26 22 41 75 68 67 66 74 73 72 69 70 65 52 46 47 54 48 50 51 49 76 53 45 27 
9  1  40 8  3  7  2  0  5  6  55 62 56 42 64 59 63 58 57 61 31 37 30 43 39 34 38 33 32 36 12 17 11 44 19 14 18 13 10 16 4  35 68 15 60 27 21 22 41 29 24 28 23 20 26 71 70 75 65 73 66 67 72 74 69 50 54 46 49 53 47 48 76 51 45 52 25 
0  40 9  2  7  1  4  5  6  8  57 64 42 55 58 63 56 60 61 62 32 39 43 31 33 38 30 35 36 37 44 19 10 11 13 18 12 15 16 17 3  34 66 14 59 29 20 41 21 23 28 22 25 26 27 73 65 74 75 72 67 70 68 69 71 49 48 51 53 47 76 50 45 52 46 54 24 
4  8  2  40 5  6  9  3  7  1  60 56 64 58 42 61 62 55 59 63 35 30 39 33 43 36 37 31 34 38 19 12 15 13 44 16 17 11 14 18 0  32 74 10 57 22 25 29 23 41 26 27 21 24 28 70 73 68 72 65 69 71 75 66 67 46 76 49 51 52 54 45 48 53 50 47 20 
6  0  5  3  40 9  7  8  2  4  62 60 57 61 59 42 55 63 64 58 37 35 32 36 34 43 31 38 39 33 10 15 17 16 14 44 11 18 19 13 1  30 70 12 56 25 27 20 26 24 41 21 28 29 23 68 74 71 69 66 65 75 67 73 72 47 49 54 76 45 46 53 51 48 52 50 22 
40 7  1  6  4  3  8  9  0  5  42 61 63 56 62 60 59 64 55 57 43 36 38 30 37 35 34 39 31 32 18 16 44 12 17 15 14 19 11 10 2  33 72 13 58 26 41 28 22 27 25 24 29 21 20 69 67 65 70 71 68 66 73 75 74 48 52 45 50 49 53 54 47 46 76 51 23 
2  6  8  1  0  5  40 4  3  7  58 63 62 64 56 57 61 42 60 59 33 38 37 39 30 32 36 43 35 34 17 18 13 19 12 10 16 44 15 14 9  31 75 11 55 28 23 27 29 22 20 26 41 25 24 67 71 72 73 70 74 69 65 68 66 45 47 50 46 51 52 76 54 49 48 53 21 
1  3  7  5  2  4  6  40 9  0  56 57 59 63 61 58 60 62 42 55 30 32 34 38 36 33 35 37 43 31 14 10 12 18 16 13 15 17 44 11 8  39 73 19 64 20 22 24 28 26 23 25 27 41 21 74 66 70 67 69 72 68 71 65 75 54 51 76 48 50 49 52 53 45 47 46 29 
3  2  4  9  6  8  0  7  1  40 59 42 58 60 55 62 64 57 63 56 34 43 33 35 31 37 39 32 38 30 13 44 14 15 11 17 19 10 18 12 5  36 69 16 61 41 24 23 25 21 27 29 20 28 22 65 72 66 68 75 71 73 74 67 70 51 45 53 52 54 48 46 50 47 49 76 26 
5  9  0  4  1  40 3  6  8  2  61 58 55 57 60 56 42 59 62 64 36 33 31 32 35 30 43 34 37 39 11 13 16 10 15 12 44 14 17 19 7  38 67 18 63 23 26 21 20 25 22 41 24 27 29 72 75 69 74 68 70 65 66 71 73 53 50 52 47 76 45 49 46 54 51 48 28 
64 61 62 63 55 57 56 58 60 59 54 49 51 52 53 45 46 47 48 50 19 14 16 17 18 11 10 12 13 15 26 24 29 27 28 21 20 22 23 25 40 43 65 44 42 3  8  5  6  7  9  0  1  2  4  34 36 39 37 38 31 32 30 33 35 76 67 72 75 74 69 70 71 68 73 66 41 
62 57 61 59 42 55 63 64 58 60 52 50 46 51 49 76 45 53 54 48 17 15 10 16 14 44 11 18 19 13 20 25 27 26 24 41 21 28 29 23 56 12 30 22 47 4  6  0  5  3  40 9  7  8  2  35 32 37 36 34 43 31 38 39 33 70 66 73 65 75 74 67 69 72 71 68 1  
59 58 60 55 62 64 57 63 56 42 49 76 48 50 45 52 54 46 53 47 14 44 13 15 11 17 19 10 18 12 23 41 24 25 21 27 29 20 28 22 61 16 36 26 51 40 3  2  4  9  6  8  0  7  1  43 33 34 35 31 37 39 32 38 30 69 75 67 71 73 72 74 68 70 66 65 5  
42 63 56 62 60 59 64 55 57 61 76 51 53 47 52 50 49 54 45 46 44 16 18 12 17 15 14 19 11 10 28 26 41 22 27 25 24 29 21 20 58 13 33 23 48 5  40 7  1  6  4  3  8  9  0  36 38 43 30 37 35 34 39 31 32 72 71 75 68 66 67 73 70 74 65 69 2  
58 62 64 56 57 61 42 60 59 63 48 53 52 54 47 46 51 76 50 49 13 18 17 19 12 10 16 44 15 14 27 28 23 29 22 20 26 41 25 24 55 11 31 21 45 7  2  6  8  1  0  5  40 4  3  38 37 33 39 30 32 36 43 35 34 75 70 68 74 69 71 65 73 66 72 67 9  
55 56 42 64 59 63 58 57 61 62 45 52 47 76 54 49 53 48 46 51 11 17 12 44 19 14 18 13 10 16 22 27 21 41 29 24 28 23 20 26 60 15 35 25 50 6  9  1  40 8  3  7  2  0  5  37 30 31 43 39 34 38 33 32 36 68 73 74 66 67 70 72 65 69 75 71 4  
56 59 63 61 58 60 62 42 55 57 47 46 49 53 51 48 50 52 76 45 12 10 14 18 16 13 15 17 44 11 24 20 22 28 26 23 25 27 41 21 64 19 39 29 54 0  1  3  7  5  2  4  6  40 9  32 34 30 38 36 33 35 37 43 31 73 69 65 72 68 66 71 67 75 70 74 8  
60 64 58 42 61 62 55 59 63 56 50 47 54 48 76 51 52 45 49 53 15 12 19 13 44 16 17 11 14 18 29 22 25 23 41 26 27 21 24 28 57 10 32 20 46 1  4  8  2  40 5  6  9  3  7  30 39 35 33 43 36 37 31 34 38 74 65 66 69 71 73 75 72 67 68 70 0  
61 55 57 60 56 42 59 62 64 58 51 48 45 46 50 47 76 49 52 54 16 13 11 10 15 12 44 14 17 19 21 23 26 20 25 22 41 24 27 29 63 18 38 28 53 2  5  9  0  4  1  40 3  6  8  33 31 36 32 35 30 43 34 37 39 67 68 71 70 65 75 66 74 73 69 72 7  
57 42 55 58 63 56 60 61 62 64 46 54 76 45 48 53 47 50 51 52 10 19 44 11 13 18 12 15 16 17 41 29 20 21 23 28 22 25 26 27 59 14 34 24 49 8  0  40 9  2  7  1  4  5  6  39 43 32 31 33 38 30 35 36 37 66 72 69 67 70 65 68 75 71 74 73 3  
63 60 59 57 64 58 61 56 42 55 53 45 50 49 46 54 48 51 47 76 18 11 15 14 10 19 13 16 12 44 25 21 28 24 20 29 23 26 22 41 62 17 37 27 52 9  7  4  3  0  8  2  5  1  40 31 35 38 34 32 39 33 36 30 43 71 74 70 73 72 68 69 66 65 67 75 6  
39 36 37 38 31 32 30 33 35 34 19 14 16 17 18 11 10 12 13 15 64 59 61 62 63 55 57 56 58 60 51 49 54 52 53 45 46 47 48 50 65 40 41 42 43 66 73 69 71 67 75 74 70 72 68 3  5  8  6  7  9  0  1  2  4  44 28 23 21 20 26 22 27 25 29 24 76 
