68 4  2  5  0  1  69 13 16 12 17 15 56 57 58 59 54 55 27 28 29 24 25 26 6  10 67 8  11 7  44 75 42 45 47 46 62 61 60 63 64 65 22 20 76 18 21 23 40 37 39 38 36 70 50 71 48 51 53 52 35 30 34 33 74 31 9  14 3  73 72 41 32 49 43 19 66 
0  68 4  1  5  3  17 12 13 14 15 16 54 59 57 73 55 58 66 29 26 28 27 25 8  7  11 67 9  6  75 47 44 46 45 43 60 62 72 64 61 63 21 18 20 19 23 76 38 70 36 39 41 40 49 48 52 71 50 53 30 33 74 32 31 35 10 69 2  56 65 37 34 51 42 22 24 
5  0  68 3  1  2  15 14 12 69 16 13 55 73 59 56 58 57 24 26 25 29 66 27 67 6  9  11 10 8  47 45 75 43 46 42 72 60 65 61 62 64 23 19 18 22 76 20 39 40 41 36 37 38 51 52 53 48 49 50 33 32 31 34 35 30 7  17 4  54 63 70 74 71 44 21 28 
2  3  1  68 4  0  12 15 17 16 14 69 59 55 54 58 73 56 26 66 24 27 29 28 10 11 6  7  8  9  43 42 46 75 44 47 64 63 61 72 65 60 18 23 21 76 19 22 37 36 40 70 38 41 52 49 51 50 48 71 74 31 33 35 32 34 67 13 5  57 62 39 30 53 45 20 25 
4  2  3  0  68 5  14 16 15 13 69 17 73 58 55 57 56 54 25 24 28 66 26 29 7  9  8  6  67 10 42 44 43 47 75 45 61 64 62 65 63 72 19 76 23 20 22 21 70 41 38 40 39 37 53 51 71 49 52 48 31 35 32 30 34 74 11 12 1  59 60 36 33 50 46 18 27 
3  1  5  4  2  68 13 17 69 15 12 14 57 54 56 55 59 73 29 27 66 25 28 24 9  67 7  10 6  11 46 43 45 44 42 75 63 65 64 60 72 62 20 21 22 23 18 19 41 39 70 37 40 36 48 50 49 53 71 51 34 74 30 31 33 32 8  16 0  58 61 38 35 52 47 76 26 
70 37 41 38 40 39 67 7  10 6  11 9  47 42 43 44 45 46 5  2  4  3  0  68 20 23 19 18 22 76 48 52 71 50 53 49 74 34 31 33 32 30 58 56 73 54 57 59 17 14 16 15 13 69 63 62 60 61 65 72 26 25 24 27 28 29 21 8  36 75 35 12 66 64 51 55 1  
39 38 40 41 36 37 10 67 8  11 7  6  43 47 75 45 42 44 2  0  5  68 3  1  22 18 23 21 76 19 50 49 53 71 51 48 30 35 33 74 31 34 73 58 55 57 56 54 13 15 14 12 69 16 62 65 63 72 61 64 66 24 26 28 25 27 20 9  70 46 32 17 29 60 52 59 4  
36 39 38 37 41 70 7  11 67 9  6  8  42 45 47 46 44 75 4  5  1  0  2  3  21 19 76 23 20 22 49 51 50 48 71 52 33 30 32 31 35 74 56 57 58 59 54 55 12 16 69 14 17 13 60 63 64 65 62 61 24 28 25 29 27 66 18 10 40 43 34 15 26 72 53 73 68 
38 40 70 36 39 41 9  8  6  67 10 7  46 75 44 47 43 42 3  68 0  4  1  5  19 20 21 22 23 18 53 50 52 51 49 71 35 31 30 34 74 32 59 55 54 58 73 56 16 17 12 13 14 15 61 72 65 60 64 63 27 66 29 24 26 25 76 11 37 45 33 69 28 62 48 57 2  
37 41 36 40 70 38 8  10 9  7  67 11 75 43 46 42 47 45 0  3  2  1  68 4  76 21 18 20 19 23 71 48 51 53 52 50 34 32 74 30 33 35 55 73 59 56 58 57 69 12 15 17 16 14 65 61 62 64 72 60 29 26 66 25 24 28 22 6  39 44 31 13 27 63 49 54 5  
41 36 39 70 37 40 6  9  11 10 8  67 44 46 45 43 75 47 68 1  3  5  4  2  23 22 20 76 18 21 51 71 49 52 48 53 32 33 34 35 30 31 54 59 57 73 55 58 14 13 17 69 15 12 72 64 61 63 60 62 28 29 27 26 66 24 19 7  38 42 74 16 25 65 50 56 0  
61 64 63 60 62 72 24 25 26 27 28 29 69 13 16 12 17 15 52 49 51 50 48 71 4  3  0  68 5  2  11 9  67 7  10 6  55 54 58 73 56 59 39 70 37 40 36 41 74 32 35 31 30 34 76 19 22 18 23 21 42 44 45 75 46 43 1  66 65 14 57 33 47 20 8  38 53 
72 60 62 63 65 64 26 24 66 28 25 27 16 69 14 17 13 12 49 48 52 71 50 53 5  68 3  1  2  0  7  6  10 67 8  11 59 57 73 55 58 54 37 39 38 36 70 40 30 31 32 33 34 35 19 23 76 21 18 20 47 45 42 46 44 75 4  29 61 15 56 74 43 22 9  41 51 
65 72 60 64 63 61 25 28 24 29 27 66 13 17 69 15 12 14 51 52 53 48 49 50 1  0  2  3  4  5  6  8  7  11 67 9  73 59 56 58 57 55 70 36 39 41 40 38 33 35 34 32 74 30 22 76 20 23 19 18 45 46 44 43 75 47 68 26 62 16 54 31 42 21 10 37 71 
60 62 61 65 72 63 29 66 27 24 26 25 15 14 12 69 16 13 50 71 48 51 53 52 0  4  1  5  3  68 10 7  9  8  6  67 57 58 59 54 55 56 41 38 40 39 37 70 35 74 33 30 32 31 18 21 23 22 20 76 75 47 43 45 42 44 2  28 64 17 73 34 46 19 11 36 49 
64 63 65 62 61 60 66 26 29 25 24 28 14 16 15 13 69 17 48 50 49 53 71 51 2  1  68 4  0  3  67 11 8  10 9  7  54 56 55 59 73 57 38 37 41 70 39 36 34 33 31 74 35 32 23 18 19 20 21 22 43 42 47 44 45 46 5  27 72 12 58 30 75 76 6  40 52 
63 65 72 61 64 62 27 29 28 26 66 24 12 15 17 16 14 69 71 53 50 52 51 49 3  5  4  2  68 1  8  67 6  9  11 10 56 73 54 57 59 58 40 41 36 37 38 39 32 30 74 34 31 33 21 20 18 76 22 19 46 43 75 42 47 45 0  25 60 13 55 35 44 23 7  70 48 
55 54 56 57 58 59 49 52 48 53 51 71 28 27 25 66 29 26 76 19 22 18 23 21 62 64 72 60 65 61 1  3  5  4  2  68 16 15 13 69 17 14 30 74 34 31 33 32 43 45 44 42 75 46 70 39 36 38 37 41 11 9  6  10 8  67 63 50 73 24 12 47 7  40 0  35 20 
73 59 57 54 56 55 52 51 49 71 53 50 27 29 28 26 66 24 22 76 20 23 19 18 63 72 61 64 62 65 68 0  4  1  5  3  69 14 17 13 12 16 74 33 30 32 31 35 47 44 46 45 43 75 36 70 40 37 39 38 6  8  9  67 10 7  60 48 58 25 15 42 11 41 2  34 21 
59 57 58 56 73 54 48 49 50 51 52 53 25 28 24 29 27 66 19 23 76 21 18 20 65 60 64 63 61 72 4  68 2  5  0  1  14 12 69 16 13 15 34 30 35 33 74 31 75 42 45 47 46 44 39 37 70 41 38 40 7  6  11 8  9  10 62 71 55 26 17 43 67 36 3  32 22 
56 73 59 55 54 58 53 71 51 48 50 49 66 26 29 25 24 28 21 20 18 76 22 19 64 65 62 61 60 63 0  5  68 3  1  2  17 69 15 12 14 13 31 32 33 34 35 30 45 75 43 46 42 47 41 40 38 70 36 39 8  67 10 11 7  6  72 52 57 27 16 44 9  37 4  74 23 
58 55 54 59 57 73 51 53 52 50 71 48 29 66 27 24 26 25 20 22 21 19 76 23 60 61 65 72 63 62 3  2  1  68 4  0  13 16 12 17 15 69 33 31 74 35 32 34 42 46 75 44 47 43 40 36 41 39 70 37 9  10 8  7  67 11 64 49 56 28 14 45 6  38 5  30 18 
57 58 55 73 59 56 71 50 53 49 48 52 26 24 66 28 25 27 18 21 23 22 20 76 72 62 63 65 64 60 2  4  3  0  68 5  12 13 14 15 16 17 32 35 31 30 34 74 44 43 47 75 45 42 38 41 37 36 40 70 10 7  67 6  11 9  61 51 54 29 69 46 8  39 1  33 19 
51 49 50 48 71 52 34 30 35 33 74 31 70 36 39 41 40 38 75 46 43 45 44 42 66 25 28 24 29 27 12 14 13 17 69 15 19 18 22 76 20 23 5  4  2  68 1  3  62 64 72 60 65 61 7  67 11 8  10 9  57 59 54 73 55 58 26 32 53 37 21 63 56 6  16 0  47 
48 71 51 53 52 50 31 32 33 34 35 30 38 37 41 70 39 36 45 42 44 43 47 75 28 66 26 29 25 24 69 17 14 16 15 13 21 22 23 18 19 20 3  0  68 5  2  4  72 62 63 65 64 60 8  9  10 11 6  7  73 56 58 54 57 59 27 74 49 40 76 61 55 67 12 1  46 
50 53 52 51 49 71 33 31 74 35 32 34 41 38 40 39 37 70 42 47 45 75 43 46 25 29 66 27 24 26 16 13 15 14 12 69 20 76 18 21 23 22 68 3  1  2  0  5  64 65 62 61 60 63 9  6  8  7  11 67 55 58 73 57 56 54 28 30 48 36 19 72 59 10 17 4  44 
49 50 53 71 51 48 32 35 31 30 34 74 37 39 38 36 70 40 44 45 46 47 42 43 27 26 24 66 28 25 13 12 16 69 14 17 18 20 19 23 76 21 0  2  3  4  5  1  61 63 60 62 72 64 10 8  67 6  9  11 58 57 56 59 54 55 29 33 52 41 22 65 73 7  15 68 75 
53 52 48 49 50 51 30 74 34 31 33 32 36 40 70 38 41 37 43 75 47 44 46 45 26 28 27 25 66 29 15 16 17 12 13 14 76 23 20 22 21 19 4  1  5  3  68 0  63 72 61 64 62 65 11 7  6  10 67 8  54 55 59 58 73 56 24 35 71 39 18 60 57 9  69 2  42 
71 51 49 52 48 53 74 33 30 32 31 35 40 41 36 37 38 39 47 43 42 46 75 44 24 27 29 28 26 66 14 69 12 15 17 16 22 19 21 20 18 76 1  68 4  0  3  2  60 61 65 72 63 62 6  11 9  67 7  10 59 73 55 56 58 57 25 34 50 70 23 64 54 8  13 5  45 
10 9  11 6  7  8  59 55 54 58 73 56 65 62 61 60 63 64 16 14 69 12 15 17 47 44 46 45 43 75 74 31 34 30 35 33 2  3  4  5  1  0  51 53 52 50 71 48 76 21 18 20 19 23 27 28 29 24 25 26 40 38 41 39 37 70 42 57 67 72 68 22 36 66 32 49 13 
9  11 67 7  10 6  57 54 56 55 59 73 72 61 64 62 65 63 15 12 14 13 17 69 75 42 45 47 46 44 34 74 32 35 31 30 3  1  2  0  5  68 49 52 48 53 51 71 23 22 20 76 18 21 25 24 28 66 26 29 70 40 36 38 41 37 43 58 8  60 4  19 39 27 33 50 16 
7  10 9  8  6  67 73 58 55 57 56 54 63 60 62 72 64 61 13 69 17 14 16 15 45 75 43 46 42 47 31 35 74 33 30 32 4  2  68 1  3  5  71 50 53 49 48 52 20 23 19 18 22 76 66 29 26 28 27 25 38 39 37 36 70 40 44 59 11 65 0  21 41 24 34 51 12 
67 8  6  9  11 10 55 73 59 56 58 57 62 63 65 64 60 72 69 16 13 15 14 12 42 46 75 44 47 43 33 32 30 74 34 31 5  0  1  4  68 2  53 71 51 48 50 49 22 18 23 21 76 19 29 27 66 25 28 24 41 37 38 70 39 36 45 54 7  61 3  20 40 26 35 52 17 
11 67 8  10 9  7  58 56 73 54 57 59 60 64 63 61 72 65 17 13 12 16 69 14 44 43 47 75 45 42 32 34 33 31 74 35 1  5  3  68 0  4  50 48 71 52 49 51 21 19 76 23 20 22 26 66 24 27 29 28 37 70 39 40 36 41 46 55 6  62 2  18 38 25 30 53 15 
8  6  7  11 67 9  54 59 57 73 55 58 61 65 72 63 62 60 14 15 16 17 12 13 43 45 44 42 75 46 30 33 35 34 32 74 0  68 5  2  4  3  52 51 49 71 53 50 19 20 21 22 23 18 28 25 27 26 24 66 36 41 40 37 38 39 47 56 10 64 1  76 70 29 31 48 69 
76 23 21 18 20 19 75 43 46 42 47 45 33 31 74 35 32 34 67 10 7  9  8  6  50 52 51 49 71 53 26 25 29 66 27 24 70 37 40 36 41 39 62 63 65 64 60 72 56 59 55 54 58 73 1  4  68 2  5  0  15 16 14 13 69 17 48 44 22 30 38 57 12 3  28 61 11 
20 76 23 19 18 22 47 42 43 44 45 46 32 35 31 30 34 74 11 7  6  10 67 8  49 53 71 51 48 50 25 27 26 24 66 28 40 70 38 41 37 36 60 64 63 61 72 65 54 73 58 55 57 56 3  68 0  4  1  5  16 13 69 12 17 15 52 75 21 33 39 59 14 2  29 62 9  
23 21 22 20 76 18 44 46 45 43 75 47 30 74 34 31 33 32 8  9  10 11 6  7  53 48 49 50 51 52 29 26 28 27 25 66 37 41 70 39 36 38 61 65 72 63 62 60 73 57 54 56 55 59 5  2  4  3  0  68 17 15 12 16 14 69 71 42 19 35 40 58 13 1  24 64 67 
19 18 20 21 22 23 46 75 44 47 43 42 74 33 30 32 31 35 10 8  67 6  9  11 71 49 52 48 53 51 66 24 27 29 28 26 39 38 36 70 40 37 65 62 61 60 63 64 58 54 59 57 73 55 4  5  1  0  2  3  12 14 15 69 16 13 50 45 76 34 41 56 17 68 25 72 7  
18 20 76 22 19 21 45 44 42 75 46 43 34 30 35 33 74 31 9  6  8  7  11 67 51 50 48 71 52 49 27 66 25 28 24 29 38 40 39 37 70 41 72 61 64 62 65 63 55 56 57 58 59 54 2  0  5  68 3  1  13 12 17 14 15 16 53 47 23 32 36 73 69 4  26 60 10 
22 19 18 23 21 76 43 47 75 45 42 44 31 32 33 34 35 30 7  67 11 8  10 9  48 51 53 52 50 71 24 28 66 26 29 25 36 39 41 40 38 70 63 60 62 72 64 61 57 55 73 59 56 58 68 1  3  5  4  2  14 69 16 17 13 12 49 46 20 74 37 54 15 0  27 65 6  
15 17 69 13 16 12 20 21 22 23 18 19 49 52 48 53 51 71 41 40 38 70 36 39 55 56 57 58 59 54 65 63 72 61 64 62 26 29 25 24 28 66 75 43 46 42 47 45 8  7  11 67 9  6  34 35 30 31 32 33 5  1  4  3  68 0  73 76 14 50 27 10 2  74 60 44 37 
12 13 16 69 14 17 22 20 76 18 21 23 48 49 50 51 52 53 40 36 41 39 70 37 59 58 56 73 54 57 61 62 64 72 60 65 66 27 24 26 25 29 46 75 44 47 43 42 9  67 7  10 6  11 35 32 34 33 31 74 2  4  5  68 1  3  55 19 15 71 28 8  0  30 63 45 38 
14 12 13 17 69 15 21 18 20 19 23 76 52 51 49 71 53 50 38 41 37 36 40 70 73 57 54 56 55 59 62 60 61 65 72 63 24 66 28 25 27 26 43 47 75 45 42 44 10 11 6  7  8  9  30 34 74 32 35 31 4  68 1  0  3  2  58 22 16 48 29 67 5  33 64 46 39 
13 16 15 14 12 69 19 76 23 20 22 21 71 50 53 49 48 52 70 39 36 38 37 41 57 55 73 59 56 58 64 61 63 60 62 72 27 25 66 29 26 28 45 44 42 75 46 43 11 8  10 9  7  67 31 33 32 30 74 34 3  2  0  4  5  1  54 18 17 51 24 6  68 35 65 47 40 
17 69 14 16 15 13 76 22 19 21 20 18 50 48 71 52 49 51 36 70 40 37 39 38 54 73 58 55 57 56 72 65 60 64 63 61 29 28 26 66 24 27 44 46 45 43 75 47 6  10 67 8  11 7  32 31 35 74 33 30 0  5  2  1  4  68 59 23 12 53 25 9  3  34 62 42 41 
69 14 12 15 17 16 23 19 18 22 76 20 53 71 51 48 50 49 39 37 70 41 38 40 56 59 55 54 58 73 60 72 62 63 65 64 28 24 29 27 66 25 42 45 47 46 44 75 7  9  8  6  67 10 33 74 31 34 30 35 68 0  3  5  2  4  57 21 13 52 26 11 1  32 61 43 36 
42 43 46 75 44 47 62 63 65 64 60 72 68 3  1  2  0  5  56 58 57 55 73 59 35 74 33 30 32 31 37 70 41 38 40 39 11 67 9  6  8  7  66 26 29 25 24 28 71 49 52 48 53 51 15 12 14 13 17 69 23 76 19 20 22 21 34 61 45 4  10 50 18 16 36 27 54 
75 44 42 45 47 46 72 61 64 62 65 63 5  4  2  68 1  3  55 59 73 57 54 56 33 35 34 32 74 30 40 38 70 36 39 41 10 9  7  67 11 8  28 27 25 66 29 26 52 71 50 53 49 48 13 69 17 14 16 15 20 18 21 19 23 76 31 60 43 0  6  51 22 12 37 24 58 
46 45 47 42 43 44 64 72 60 65 61 62 2  5  0  1  4  68 59 54 55 56 57 58 74 32 35 31 30 34 36 41 39 70 37 40 8  6  67 10 7  9  25 28 24 29 27 66 49 53 71 51 48 50 69 16 13 15 14 12 22 21 20 23 18 19 33 63 75 3  11 52 76 17 38 26 73 
43 46 45 44 42 75 61 65 72 63 62 60 4  1  5  3  68 0  73 55 58 54 59 57 31 34 30 35 33 74 41 37 36 40 70 38 67 8  11 7  6  10 27 29 28 26 66 24 51 50 48 71 52 49 17 13 12 16 69 14 21 23 18 76 19 22 32 64 47 2  9  53 20 15 39 25 56 
45 47 75 43 46 42 63 60 62 72 64 61 3  0  68 5  2  4  57 56 54 73 58 55 34 33 31 74 35 32 39 36 38 37 41 70 6  7  8  9  10 11 26 24 66 28 25 27 50 52 51 49 71 53 14 15 16 17 12 13 19 22 76 21 20 18 30 65 44 1  67 48 23 69 40 29 59 
44 42 43 47 75 45 60 64 63 61 72 65 0  2  3  4  5  1  54 57 59 58 56 73 30 31 32 33 34 35 70 40 37 39 38 36 9  11 10 8  67 6  24 25 26 27 28 29 48 51 53 52 50 71 16 14 69 12 15 17 76 20 22 18 21 23 74 62 46 68 7  49 19 13 41 66 55 
32 33 30 74 34 31 1  68 4  0  3  2  9  8  6  67 10 7  60 63 64 65 62 61 37 36 40 70 38 41 19 22 18 23 21 76 45 47 46 44 75 42 15 14 12 69 16 13 24 27 29 28 26 66 73 55 58 54 59 57 51 71 53 48 50 49 39 5  35 11 43 25 52 56 20 17 72 
35 31 74 33 30 32 68 3  1  2  0  5  8  10 9  7  67 11 64 60 72 62 63 65 39 40 41 36 37 38 76 20 23 19 18 22 44 42 75 46 43 45 14 16 15 13 69 17 25 29 66 27 24 26 58 73 56 59 55 54 53 50 71 49 48 52 70 4  34 6  47 28 51 57 21 12 61 
31 74 34 30 35 33 4  1  5  3  68 0  6  9  11 10 8  67 63 62 60 61 65 72 38 70 36 39 41 40 23 76 21 18 20 19 42 43 44 45 46 47 12 15 17 16 14 69 26 28 27 25 66 29 55 59 73 57 54 56 52 53 51 50 71 48 37 2  32 7  75 24 49 58 22 13 64 
30 35 31 32 33 34 0  2  3  4  5  1  67 7  10 6  11 9  61 72 65 60 64 63 36 38 37 41 70 39 20 18 76 22 19 21 75 44 47 43 42 46 69 13 16 12 17 15 27 26 24 66 28 25 57 56 54 73 58 55 50 49 48 51 52 53 40 68 74 8  45 29 71 59 23 14 62 
34 32 33 31 74 35 3  0  68 5  2  4  10 67 8  11 7  6  72 64 61 63 60 62 70 41 38 40 39 37 22 21 19 76 23 20 46 45 43 75 47 44 16 69 14 17 13 12 28 66 26 29 25 24 56 58 57 55 73 59 71 48 50 52 49 51 36 1  30 9  42 27 53 54 18 15 65 
74 34 32 35 31 30 2  5  0  1  4  68 7  11 67 9  6  8  65 61 62 64 72 60 40 37 39 38 36 70 21 23 22 20 76 18 43 46 42 47 45 75 13 17 69 15 12 14 29 24 25 26 27 28 54 57 59 58 56 73 48 52 49 53 51 71 41 3  33 10 44 66 50 55 19 16 63 
28 24 66 26 29 25 37 39 38 36 70 40 76 22 19 21 20 18 30 34 74 32 35 31 17 14 16 15 13 69 57 59 58 56 73 54 51 49 71 53 50 52 67 7  10 6  11 9  4  3  0  68 5  2  47 43 42 46 75 44 72 65 61 63 62 60 12 41 27 23 48 1  64 45 55 8  33 
24 66 27 29 28 26 41 38 40 39 37 70 23 19 18 22 76 20 35 32 34 33 31 74 69 12 15 17 16 14 58 57 55 73 59 56 49 50 51 52 53 48 8  10 9  7  67 11 2  1  68 4  0  3  75 46 43 45 44 42 60 72 64 65 61 62 13 36 25 21 71 5  63 47 54 6  30 
25 26 29 66 27 24 38 37 41 70 39 36 19 76 23 20 22 21 34 35 30 31 32 33 13 15 14 12 69 16 56 54 73 58 55 57 52 48 53 51 71 49 10 67 8  11 7  6  5  68 3  1  2  0  43 75 47 44 46 45 64 61 72 62 65 63 17 40 28 18 50 4  60 42 59 9  74 
66 27 25 28 24 29 36 40 70 38 41 37 21 18 20 19 23 76 31 33 32 30 74 34 14 13 17 69 15 12 55 58 54 59 57 73 50 53 49 48 52 71 6  9  11 10 8  67 3  5  4  2  68 1  44 45 46 47 42 43 62 60 63 72 64 61 16 39 26 22 51 0  65 75 56 7  35 
26 29 28 27 25 66 40 41 36 37 38 39 18 23 21 76 19 22 32 31 35 74 33 30 16 17 12 13 14 15 73 56 59 55 54 58 48 71 52 49 51 50 9  8  6  67 10 7  0  4  1  5  3  68 46 44 75 42 45 47 63 64 60 61 72 65 69 70 24 20 53 2  62 43 57 11 34 
29 28 24 25 26 27 70 36 39 41 40 38 20 21 22 23 18 19 33 74 31 34 30 35 15 69 13 16 12 17 59 73 57 54 56 55 71 51 48 50 49 53 11 6  7  8  9  10 68 2  5  0  1  4  45 42 44 43 47 75 65 63 62 64 60 72 14 37 66 76 52 3  61 46 58 67 32 
52 48 71 50 53 49 35 34 32 74 30 33 39 70 37 40 36 41 46 44 75 42 45 47 29 24 25 26 27 28 17 15 69 13 16 12 23 21 76 19 22 18 2  5  0  1  4  68 65 60 64 63 61 72 67 10 7  9  8  6  56 54 57 55 59 73 66 31 51 38 20 62 58 11 14 3  43 
40 70 37 39 38 36 11 6  7  8  9  10 45 44 42 75 46 43 1  4  68 2  5  0  18 76 22 19 21 20 52 53 48 49 50 51 31 74 35 32 34 33 57 54 56 55 59 73 15 69 13 16 12 17 64 60 72 62 63 65 25 27 28 66 29 26 23 67 41 47 30 14 24 61 71 58 3  
1  5  0  2  3  4  16 69 14 17 13 12 58 56 73 54 57 59 28 25 27 26 24 66 11 8  10 9  7  67 45 46 47 42 43 44 65 72 63 62 60 61 76 22 19 21 20 18 36 38 37 41 70 39 71 53 50 52 51 49 32 34 35 74 30 33 6  15 68 55 64 40 31 48 75 23 29 
62 61 64 72 60 65 28 27 25 66 29 26 17 12 13 14 15 16 53 51 71 49 52 48 68 2  5  0  1  4  9  10 11 6  7  8  58 55 57 56 54 73 36 40 70 38 41 37 31 34 30 35 33 74 20 22 21 19 76 23 44 75 46 47 43 42 3  24 63 69 59 32 45 18 67 39 50 
21 22 19 76 23 20 42 45 47 46 44 75 35 34 32 74 30 33 6  11 9  67 7  10 52 71 50 53 49 48 28 29 24 25 26 27 41 36 37 38 39 40 64 72 60 65 61 62 59 58 56 73 54 57 0  3  2  1  68 4  69 17 13 15 12 14 51 43 18 31 70 55 16 5  66 63 8  
47 75 44 46 45 43 65 62 61 60 63 64 1  68 4  0  3  2  58 73 56 59 55 54 32 30 74 34 31 33 38 39 40 41 36 37 7  10 6  11 9  67 29 66 27 24 26 25 53 48 49 50 51 52 12 17 15 69 13 16 18 19 23 22 76 20 35 72 42 5  8  71 21 14 70 28 57 
27 25 26 24 66 28 39 70 37 40 36 41 22 20 76 18 21 23 74 30 33 35 34 32 12 16 69 14 17 13 54 55 56 57 58 59 53 52 50 71 48 51 7  11 67 9  6  8  1  0  2  3  4  5  42 47 45 75 43 46 61 62 65 60 63 64 15 38 29 19 49 68 72 44 73 10 31 
33 30 35 34 32 74 5  4  2  68 1  3  11 6  7  8  9  10 62 65 63 72 61 64 41 39 70 37 40 36 18 19 20 21 22 23 47 75 45 42 44 43 17 12 13 14 15 16 66 25 28 24 29 27 59 54 55 56 57 58 49 51 52 71 53 50 38 0  31 67 46 26 48 73 76 69 60 
6  7  10 67 8  11 56 57 58 59 54 55 64 72 60 65 61 62 12 17 15 69 13 16 46 47 42 43 44 45 35 30 31 32 33 34 68 4  0  3  2  1  48 49 50 51 52 53 18 76 22 19 21 20 24 26 25 29 66 27 39 36 70 41 40 38 75 73 9  63 5  23 37 28 74 71 14 
16 15 17 12 13 14 18 23 21 76 19 22 51 53 52 50 71 48 37 38 39 40 41 36 58 54 59 57 73 55 63 64 65 62 61 60 25 26 27 28 29 24 47 42 43 44 45 46 67 6  9  11 10 8  74 30 33 35 34 32 1  3  68 2  0  5  56 20 69 49 66 7  4  31 72 75 70 
54 56 73 58 55 57 50 48 71 52 49 51 24 25 26 27 28 29 23 18 19 20 21 22 61 63 60 62 72 64 5  1  0  2  3  4  15 17 16 14 69 12 35 34 32 74 30 33 46 47 42 43 44 45 37 38 39 40 41 36 67 11 7  9  6  8  65 53 59 66 13 75 10 70 68 31 76 
