70 4  2  5  0  1  14 12 66 16 13 15 53 50 52 51 49 74 35 33 76 31 34 30 55 56 57 58 59 54 6  11 9  69 7  10 24 29 27 75 25 28 40 41 36 37 38 39 63 61 62 60 65 67 19 72 23 20 22 21 43 42 44 45 46 47 48 71 26 17 3  68 32 18 64 73 8  
0  70 4  1  5  3  13 16 12 17 15 66 51 74 49 52 48 53 76 35 32 34 33 31 59 58 56 73 54 57 8  9  10 11 6  7  26 27 28 29 24 25 39 68 37 40 36 41 65 60 61 64 67 62 72 22 19 21 20 18 44 71 47 43 42 46 50 45 75 14 2  38 30 23 63 55 69 
5  0  70 3  1  2  15 17 16 14 66 12 52 53 48 49 50 51 32 76 30 33 35 34 54 73 58 55 57 56 69 10 7  9  8  6  75 28 25 27 26 24 41 38 40 39 37 68 67 64 60 63 62 61 22 20 72 18 21 23 47 45 46 44 71 42 74 43 29 13 4  36 31 19 65 59 11 
2  3  1  70 4  0  16 15 13 66 17 14 50 49 53 74 51 48 34 31 33 32 30 76 58 54 59 57 73 55 10 8  69 6  9  11 28 26 75 24 27 29 36 40 68 38 41 37 60 67 65 62 64 63 18 23 21 72 19 22 71 47 45 42 44 43 52 46 25 12 5  39 35 20 61 56 7  
4  2  3  0  70 5  17 66 15 12 14 13 74 48 51 53 52 50 33 34 35 30 31 32 73 57 54 56 55 59 7  69 11 8  10 9  25 75 29 26 28 27 37 39 38 36 68 40 64 62 67 61 63 65 23 19 18 22 72 20 45 46 43 71 47 44 49 42 24 16 1  41 76 21 60 58 6  
3  1  5  4  2  70 12 13 14 15 16 17 48 52 74 50 53 49 31 30 34 76 32 35 56 59 55 54 58 73 9  6  8  7  11 69 27 24 26 25 29 75 38 37 41 68 39 36 61 65 63 67 60 64 21 18 20 19 23 72 42 44 71 46 43 45 51 47 28 66 0  40 33 22 62 57 10 
42 46 47 45 71 43 69 7  10 6  11 9  57 59 58 56 73 54 5  0  1  4  70 2  63 61 62 60 65 67 21 19 72 23 20 22 32 34 33 31 76 35 25 26 27 28 29 24 40 38 68 36 39 41 53 51 74 49 52 48 16 15 17 12 13 14 55 66 30 8  44 75 3  50 37 64 18 
43 45 71 47 44 46 10 69 8  11 7  6  73 56 59 55 54 58 2  3  4  5  1  0  62 63 64 65 61 60 19 20 21 22 23 18 34 76 32 35 31 30 75 27 24 26 25 29 68 40 37 39 38 36 49 48 52 74 50 53 13 16 15 14 12 66 57 17 33 9  42 28 70 51 41 67 72 
44 43 45 46 47 42 7  11 69 9  6  8  55 58 54 59 57 73 4  2  70 1  3  5  61 65 63 67 60 64 72 21 18 20 19 23 33 32 30 76 34 31 29 28 26 75 24 27 38 39 40 41 36 37 48 50 49 53 74 51 15 17 66 13 16 12 56 14 35 10 71 25 0  52 68 62 22 
45 71 42 44 43 47 9  8  6  69 10 7  58 57 55 73 59 56 3  1  2  0  5  70 67 64 60 63 62 61 23 22 20 72 18 21 31 35 76 33 30 32 26 29 25 24 28 75 41 37 36 40 68 38 52 49 51 50 48 74 14 12 13 17 66 15 54 16 34 11 46 27 4  53 39 65 19 
46 47 44 71 42 45 8  10 9  7  69 11 54 55 56 57 58 59 0  70 5  2  4  3  64 62 67 61 63 65 20 23 19 18 22 72 76 31 34 30 35 33 28 24 29 27 75 25 37 68 41 38 40 39 74 53 50 52 51 49 12 13 16 66 14 17 73 15 32 6  43 26 1  48 36 60 21 
47 44 43 42 46 71 6  9  11 10 8  69 59 73 57 54 56 55 70 4  0  3  2  1  60 67 65 62 64 63 22 18 23 21 72 19 35 30 31 32 33 34 27 25 75 29 26 28 36 41 39 68 37 40 50 74 48 51 53 52 66 14 12 15 17 16 58 13 76 7  45 24 5  49 38 61 20 
36 38 68 40 37 39 31 76 35 32 34 33 66 13 16 12 17 15 62 67 61 63 65 64 9  8  6  69 10 7  5  2  4  3  0  70 58 59 54 55 56 57 51 49 74 53 50 52 72 18 21 23 22 20 71 45 42 44 43 47 24 27 26 25 29 75 14 28 73 30 41 48 60 46 19 11 1  
40 37 36 41 39 68 33 30 32 31 35 76 16 66 14 17 13 12 60 61 64 67 62 65 7  11 69 9  6  8  3  70 0  4  1  5  55 57 56 54 73 58 49 50 51 52 53 48 20 19 23 72 21 18 43 44 45 46 47 42 75 25 29 26 28 27 15 24 59 34 38 74 63 71 22 10 2  
68 41 39 36 38 37 32 33 34 35 30 31 13 17 66 15 12 14 65 63 67 60 64 61 69 7  10 6  11 9  70 1  3  5  4  2  57 73 55 58 54 59 74 51 48 50 49 53 23 20 22 21 19 72 46 42 47 45 71 43 28 75 25 27 26 24 16 29 56 76 40 52 62 44 18 8  0  
38 68 41 37 36 40 30 35 33 76 31 34 15 14 12 66 16 13 67 65 62 64 63 60 11 6  7  8  9  10 0  3  2  1  70 4  56 55 59 73 57 54 53 52 50 74 48 51 19 21 20 18 72 22 42 71 46 43 45 44 25 29 24 28 75 26 17 27 58 32 39 49 61 47 23 69 5  
41 39 40 38 68 36 76 34 31 33 32 30 14 16 15 13 66 17 63 64 65 61 60 62 8  10 9  7  69 11 4  5  1  0  2  3  54 58 73 56 59 55 50 53 49 48 52 74 18 22 72 20 23 19 47 46 44 71 42 45 27 26 28 29 24 25 12 75 57 35 37 51 67 43 21 6  70 
37 36 38 39 40 41 34 32 76 30 33 35 12 15 17 16 14 66 61 62 60 65 67 63 10 69 8  11 7  6  1  4  70 2  5  0  73 54 57 59 58 56 52 48 53 51 74 49 22 23 18 19 20 21 45 43 71 47 44 46 26 28 75 24 27 29 13 25 55 31 68 50 64 42 72 9  3  
53 74 50 52 51 49 65 60 61 64 67 62 76 33 30 32 31 35 72 19 22 18 23 21 70 3  1  2  0  5  38 40 39 37 68 41 11 7  6  10 69 8  16 14 66 12 15 17 43 42 46 71 44 47 25 24 28 75 26 29 73 57 55 58 54 59 34 56 9  63 48 13 20 27 45 4  36 
51 53 74 49 52 48 67 64 60 63 62 61 32 35 31 30 34 76 22 72 20 23 19 18 0  2  3  4  5  1  36 39 41 40 38 68 9  6  8  7  11 69 17 13 12 16 66 14 44 71 42 45 47 46 24 26 25 29 75 27 55 56 59 73 57 54 33 58 10 65 50 15 21 28 43 70 37 
74 50 48 51 53 52 63 61 62 60 65 67 35 34 32 76 30 33 19 23 72 21 18 20 4  1  5  3  70 0  68 37 40 36 41 39 69 10 7  9  8  6  12 17 15 66 13 16 45 46 47 42 43 44 28 25 27 26 24 75 58 54 73 56 59 55 31 57 11 64 49 14 22 29 71 2  38 
49 52 51 50 48 74 61 65 63 67 60 64 31 32 33 34 35 30 21 20 18 72 22 19 1  70 4  0  3  2  40 68 38 41 37 36 7  69 11 8  10 9  13 66 17 14 16 15 46 43 45 44 42 71 75 29 26 28 27 25 54 73 57 59 58 56 76 55 6  62 53 12 23 24 47 5  39 
52 51 53 48 49 50 62 63 64 65 61 60 30 76 34 31 33 32 20 22 21 19 72 23 5  4  2  70 1  3  37 41 68 39 36 38 10 8  69 6  9  11 14 15 16 17 12 13 47 45 71 43 46 42 26 75 24 27 29 28 59 58 54 55 56 57 35 73 7  67 74 66 18 25 44 0  40 
48 49 52 74 50 53 60 67 65 62 64 63 34 30 35 33 76 31 18 21 23 22 20 72 3  0  70 5  2  4  39 38 36 68 40 37 6  11 9  69 7  10 15 12 14 13 17 66 42 44 43 47 71 45 29 27 75 25 28 24 57 55 56 54 73 58 32 59 8  61 51 16 19 26 46 1  41 
7  10 9  8  6  69 51 50 48 74 52 49 68 39 36 38 37 41 14 17 13 12 16 66 75 25 28 24 29 27 55 57 56 54 73 58 42 43 44 45 46 47 1  2  0  5  70 3  76 34 31 33 32 30 62 61 67 64 60 63 23 20 19 18 22 72 40 21 71 53 11 4  15 65 35 26 59 
69 8  6  9  11 10 48 51 53 52 50 74 37 38 39 40 41 36 66 15 12 14 13 17 28 75 26 29 25 24 57 73 55 58 54 59 43 46 42 47 45 71 4  0  3  2  1  70 31 76 35 32 34 33 64 63 60 67 65 62 22 23 20 72 18 21 68 19 44 49 7  5  16 61 30 27 56 
11 69 8  10 9  7  50 52 51 49 74 53 40 36 41 39 68 37 12 66 16 13 15 14 25 29 75 27 24 26 56 55 59 73 57 54 44 42 71 46 43 45 70 5  2  4  3  0  34 32 76 30 33 35 63 65 64 62 67 61 20 19 21 22 23 18 38 72 47 48 6  1  17 60 31 28 58 
8  6  7  11 69 9  49 53 74 51 48 50 36 68 40 37 39 38 15 13 66 17 14 16 27 26 24 75 28 25 54 58 73 56 59 55 45 47 46 44 71 42 2  70 1  3  5  4  30 35 33 76 31 34 60 64 61 65 63 67 72 18 22 19 21 20 41 23 43 52 10 0  12 62 32 29 57 
10 9  11 6  7  8  53 48 49 50 51 52 41 40 38 68 36 39 17 16 14 66 12 15 26 28 27 25 75 29 73 54 57 59 58 56 46 45 43 71 47 44 5  3  70 0  4  1  35 31 30 34 76 32 67 62 65 60 61 64 18 22 23 21 72 19 37 20 42 74 69 2  13 63 33 24 55 
9  11 69 7  10 6  74 49 52 48 53 51 39 37 68 41 38 40 16 12 17 15 66 13 24 27 29 28 26 75 58 59 54 55 56 57 47 71 45 42 44 43 0  1  4  70 2  5  33 30 32 31 35 76 65 67 63 61 62 60 21 72 18 20 19 23 36 22 46 50 8  3  14 64 34 25 73 
62 67 65 60 61 64 24 27 29 28 26 75 46 44 71 42 45 47 59 55 54 58 73 56 16 15 13 66 17 14 76 31 34 30 35 33 53 49 48 52 74 50 23 72 21 18 20 19 69 7  10 6  11 9  1  3  5  4  2  70 37 68 40 36 41 39 43 38 51 25 63 22 57 0  8  12 32 
63 64 60 67 65 62 27 26 24 75 28 25 43 71 47 44 46 45 58 56 73 54 57 59 15 17 16 14 66 12 34 76 32 35 31 30 48 53 51 74 49 52 20 18 72 22 19 21 7  11 69 9  6  8  70 0  4  1  5  3  68 40 38 41 37 36 42 39 50 29 61 23 55 2  10 13 33 
64 60 61 65 63 67 29 24 25 26 27 28 45 42 44 43 47 71 56 57 58 59 54 55 13 16 12 17 15 66 31 35 76 33 30 32 49 74 53 50 52 51 22 21 19 72 23 20 10 69 8  11 7  6  4  70 2  5  0  1  41 37 68 39 36 38 46 40 48 75 62 18 73 3  9  14 34 
65 63 64 62 67 61 28 75 26 29 25 24 44 45 46 47 42 43 73 58 55 57 56 54 66 14 17 13 12 16 33 32 30 76 34 31 50 51 52 53 48 49 21 23 22 20 72 18 6  9  11 10 8  69 0  5  70 3  1  2  38 39 36 68 40 37 71 41 74 27 60 19 59 4  7  15 35 
61 62 67 64 60 63 26 28 27 25 75 29 42 47 45 71 43 46 54 59 57 73 55 58 17 66 15 12 14 13 32 34 33 31 76 35 51 48 50 49 53 74 19 22 18 23 21 72 11 6  7  8  9  10 3  2  1  70 4  0  40 38 39 37 68 41 44 36 52 24 65 20 56 5  69 16 30 
60 61 62 63 64 65 75 25 28 24 29 27 71 46 43 45 44 42 57 54 56 55 59 73 14 12 66 16 13 15 30 33 35 34 32 76 52 50 74 48 51 53 72 20 23 19 18 22 9  8  6  69 10 7  2  4  3  0  70 5  39 36 41 40 38 68 47 37 49 26 67 21 58 1  11 17 31 
31 30 32 33 34 35 42 44 43 47 71 45 22 19 21 20 18 72 24 25 26 27 28 29 74 49 52 48 53 51 16 13 15 14 12 66 68 37 40 36 41 39 67 61 63 65 64 62 54 73 58 55 57 56 10 7  9  8  6  69 5  4  1  0  2  3  23 70 38 46 76 60 75 11 59 50 17 
76 35 33 30 32 31 44 71 42 45 47 46 23 21 72 19 22 18 27 29 28 26 75 24 49 53 74 51 48 50 15 16 17 12 13 14 40 68 38 41 37 36 64 65 61 60 62 63 73 57 54 56 55 59 69 11 8  10 9  7  4  1  70 2  5  0  20 3  39 43 34 67 25 6  58 52 66 
35 33 34 32 76 30 43 42 46 71 44 47 18 20 19 23 72 21 29 75 27 24 26 25 52 74 50 53 49 48 13 12 16 66 14 17 37 41 68 39 36 38 60 63 62 61 67 64 58 54 59 57 73 55 8  69 6  9  11 10 2  5  4  3  0  70 22 1  40 45 31 65 28 7  56 51 15 
32 76 35 31 30 34 47 45 71 43 46 42 19 18 22 72 20 23 28 27 25 75 29 26 48 51 53 52 50 74 66 17 14 16 15 13 39 38 36 68 40 37 63 67 60 64 61 65 55 56 57 58 59 54 11 9  69 7  10 6  70 3  0  4  1  5  21 2  41 44 33 62 24 8  73 49 12 
34 31 30 35 33 76 71 47 44 46 45 43 20 72 18 21 23 22 26 24 75 28 25 27 53 48 49 50 51 52 17 15 66 13 16 12 38 40 39 37 68 41 62 60 65 67 63 61 57 55 73 59 56 58 7  6  10 69 8  11 1  70 3  5  4  2  19 0  36 42 32 64 29 9  54 74 14 
33 34 31 76 35 32 45 46 47 42 43 44 21 22 23 18 19 20 75 26 29 25 24 28 51 50 48 74 52 49 14 66 12 15 17 16 36 39 41 40 38 68 61 64 67 62 65 60 56 59 55 54 58 73 6  8  7  11 69 9  3  0  2  1  70 4  72 5  37 71 30 63 27 10 57 53 13 
72 19 23 20 22 21 54 73 58 55 57 56 24 28 75 26 29 25 69 8  11 7  6  10 33 30 32 31 35 76 60 65 67 63 61 62 14 66 12 15 17 16 71 43 46 42 47 45 0  2  3  4  5  1  39 41 40 38 68 36 48 51 50 49 53 74 27 52 13 59 18 44 9  37 70 34 64 
23 18 21 72 19 22 55 56 57 58 59 54 28 29 24 25 26 27 6  7  8  9  10 11 31 76 35 32 34 33 62 64 63 60 67 65 16 13 15 14 12 66 46 71 44 47 43 42 4  1  5  3  70 0  37 40 36 41 39 68 52 74 49 51 50 48 75 53 17 73 20 45 69 38 2  30 61 
20 22 72 18 21 23 56 59 55 54 58 73 75 24 27 29 28 26 9  11 10 8  69 6  76 34 31 33 32 30 63 62 61 67 64 60 15 16 17 12 13 14 43 47 71 45 42 44 1  70 4  0  3  2  68 38 41 37 36 40 74 49 53 50 52 51 25 48 66 57 19 46 7  39 5  35 65 
22 72 19 21 20 18 57 55 73 59 56 58 26 25 29 75 27 24 11 69 9  6  8  7  35 31 30 34 76 32 64 67 62 65 60 61 13 12 16 66 14 17 45 44 42 71 46 43 5  4  2  70 1  3  41 68 39 36 38 37 50 52 74 48 51 53 28 49 15 54 23 47 10 40 0  33 63 
21 20 22 23 18 19 58 54 59 57 73 55 29 26 28 27 25 75 10 9  7  69 11 8  32 33 34 35 30 31 65 61 60 62 63 64 66 17 14 16 15 13 44 46 45 43 71 47 3  0  70 5  2  4  38 36 68 40 37 39 53 48 51 74 49 52 24 50 12 56 72 42 6  41 1  76 67 
19 23 18 22 72 20 59 58 56 73 54 57 25 27 26 24 75 28 8  6  69 10 7  9  34 32 76 30 33 35 61 63 65 64 62 67 17 15 66 13 16 12 42 45 47 46 44 71 70 3  1  2  0  5  40 39 37 68 41 38 49 53 48 52 74 50 29 51 14 55 21 43 11 36 4  31 60 
28 27 29 24 25 26 70 3  1  2  0  5  8  7  11 69 9  6  38 68 36 39 41 40 22 23 18 19 20 21 46 45 43 71 47 44 64 67 62 65 60 61 58 55 57 56 54 73 74 49 52 48 53 51 12 16 66 14 17 13 30 35 31 32 33 34 10 76 63 4  75 59 37 15 50 72 42 
26 24 25 29 75 27 1  70 4  0  3  2  9  69 7  10 6  11 40 37 39 38 36 68 18 22 72 20 23 19 45 47 46 44 71 42 67 60 64 61 65 63 59 57 73 55 58 54 52 74 50 53 49 48 14 13 17 66 15 12 33 30 35 34 32 76 8  31 62 5  28 56 41 16 51 21 43 
75 26 24 27 29 28 3  0  70 5  2  4  10 11 6  7  8  9  39 40 41 36 37 38 23 20 22 21 19 72 43 46 42 47 45 71 62 64 63 60 67 65 54 56 55 59 73 57 49 53 74 51 48 50 13 15 14 12 66 16 35 31 76 33 30 32 69 34 61 1  25 58 68 17 52 18 44 
24 25 28 75 26 29 5  4  2  70 1  3  11 8  10 9  7  69 37 36 40 68 38 41 21 72 19 22 18 23 71 44 47 43 42 46 65 61 60 62 63 64 55 54 58 73 56 59 51 50 48 74 52 49 17 14 16 15 13 66 34 32 33 31 76 35 6  30 67 0  27 57 39 12 53 20 45 
27 29 75 25 28 24 4  1  5  3  70 0  6  10 69 8  11 7  68 41 38 40 39 37 72 18 21 23 22 20 47 71 45 42 44 43 60 65 67 63 61 62 56 73 54 57 59 58 50 52 51 49 74 53 66 12 15 17 16 14 32 33 30 76 34 31 9  35 64 2  26 55 36 13 48 19 46 
29 75 26 28 27 25 2  5  0  1  4  70 7  9  8  6  69 10 41 39 68 37 40 36 19 21 20 18 72 22 44 42 71 46 43 45 61 63 65 64 62 67 57 58 59 54 55 56 48 51 53 52 50 74 15 66 13 16 12 17 76 34 32 35 31 30 11 33 60 3  24 73 38 14 49 23 47 
13 14 17 66 15 12 19 21 20 18 72 22 67 63 61 62 60 65 44 43 47 71 45 42 37 68 41 38 40 39 49 74 53 50 52 51 1  4  70 2  5  0  35 32 34 33 31 76 28 75 26 29 25 24 73 55 58 54 59 57 8  10 69 6  9  11 64 7  3  23 16 30 46 56 27 36 48 
14 17 16 15 13 66 23 20 22 21 19 72 65 64 62 67 61 63 43 45 44 42 71 46 36 41 39 68 37 40 52 50 74 48 51 53 5  2  4  3  0  70 33 76 31 34 30 35 27 26 24 75 28 25 58 73 56 59 55 54 6  9  8  7  11 69 60 10 1  18 12 32 47 57 29 38 49 
15 13 14 12 66 16 72 18 21 23 22 20 62 65 60 61 64 67 47 44 46 45 43 71 40 38 68 36 39 41 48 53 51 74 49 52 3  70 0  4  1  5  76 30 33 35 34 32 25 29 75 27 24 26 55 59 73 57 54 56 69 7  11 8  10 9  63 6  2  19 17 31 42 58 28 37 50 
16 12 66 14 17 13 21 72 19 22 18 23 64 61 65 63 67 60 71 42 45 47 46 44 68 40 37 39 38 36 53 49 48 52 74 50 70 1  3  5  4  2  31 33 32 30 76 34 75 25 28 24 29 27 57 56 54 73 58 55 10 69 7  9  8  6  62 11 0  20 15 35 43 59 26 41 51 
17 16 12 13 14 15 18 22 72 20 23 19 63 60 67 65 62 64 45 71 43 46 42 47 38 39 40 41 36 37 51 48 50 49 53 74 0  3  2  1  70 4  34 35 30 31 32 33 29 24 25 26 27 28 56 58 57 55 73 59 7  11 6  10 69 8  61 9  5  21 66 76 44 54 75 68 52 
12 66 15 17 16 14 20 19 23 72 21 18 60 62 63 64 65 61 42 46 71 44 47 43 41 37 36 40 68 38 74 52 49 51 50 48 4  5  1  0  2  3  30 34 76 32 35 31 26 28 27 25 75 29 54 57 59 58 56 73 9  8  10 11 6  7  67 69 70 22 13 33 45 55 24 39 53 
57 54 59 58 56 73 39 36 38 37 41 68 1  0  2  3  4  5  50 48 74 52 49 51 43 42 46 71 44 47 29 25 24 28 75 26 19 20 21 22 23 18 69 9  6  8  7  11 16 15 13 66 17 14 76 32 35 31 30 34 67 64 62 65 60 61 70 63 72 40 55 10 53 33 12 45 27 
73 58 56 59 55 54 38 39 40 41 36 37 4  3  0  70 5  2  51 53 52 50 74 48 46 43 45 44 42 71 25 75 29 26 28 27 20 23 19 18 22 72 10 6  11 9  69 7  13 16 12 17 15 66 31 34 30 35 33 76 60 67 64 61 65 63 1  62 21 68 57 8  49 32 14 47 24 
54 59 55 56 57 58 40 38 68 36 39 41 5  70 3  1  2  0  48 49 50 51 52 53 45 46 47 42 43 44 75 28 25 27 26 24 23 22 20 72 18 21 8  11 7  6  10 69 12 13 14 15 16 17 35 76 33 30 32 31 65 60 67 63 61 62 4  64 19 37 73 9  74 34 66 71 29 
56 57 54 73 58 55 41 37 36 40 68 38 3  5  4  2  70 1  74 50 53 49 48 52 44 71 42 45 47 46 27 24 26 25 29 75 72 21 18 20 19 23 11 10 8  69 6  9  17 66 15 12 14 13 32 30 76 34 31 33 62 63 61 67 64 60 0  65 22 39 59 7  51 35 16 43 28 
55 73 58 54 59 57 36 41 39 68 37 40 70 2  5  0  1  4  52 51 49 74 53 50 42 44 43 47 71 45 24 29 27 75 25 28 21 19 72 23 20 22 7  8  9  10 11 6  15 17 16 14 66 12 34 33 31 76 35 32 64 62 63 60 67 65 3  61 18 38 56 69 48 30 13 46 26 
59 55 73 57 54 56 37 68 41 38 40 39 0  4  1  5  3  70 49 52 48 53 51 74 71 47 44 46 45 43 26 27 28 29 24 25 18 72 22 19 21 20 6  69 10 7  9  8  66 14 17 13 12 16 33 35 34 32 76 30 63 61 65 64 62 67 2  60 23 36 58 11 50 31 15 42 75 
39 40 37 68 41 38 35 31 30 34 76 32 17 12 13 14 15 16 64 60 63 62 61 67 6  9  11 10 8  69 2  0  5  70 3  1  59 56 58 57 55 73 48 74 52 49 51 50 21 72 19 22 18 23 44 47 43 42 46 71 29 24 27 75 25 28 66 26 54 33 36 53 65 45 20 7  4  
58 56 57 55 73 59 68 40 37 39 38 36 2  1  70 4  0  3  53 74 51 48 50 49 47 45 71 43 46 42 28 26 75 24 27 29 22 18 23 21 72 19 9  7  69 11 8  10 14 12 66 16 13 15 30 31 32 33 34 35 61 65 60 62 63 64 5  67 20 41 54 6  52 76 17 44 25 
30 32 76 34 31 33 46 43 45 44 42 71 72 23 20 22 21 19 25 28 24 29 27 75 50 52 51 49 74 53 12 14 13 17 66 15 41 36 37 38 39 40 65 62 64 63 60 67 59 58 56 73 54 57 9  10 11 6  7  8  0  2  5  70 3  1  18 4  68 47 35 61 26 69 55 48 16 
71 42 46 43 45 44 11 6  7  8  9  10 56 54 73 58 55 57 1  5  3  70 0  4  65 60 61 64 67 62 18 72 22 19 21 20 30 33 35 34 32 76 24 75 28 25 27 26 39 36 38 37 41 68 51 52 53 48 49 50 17 66 14 16 15 13 59 12 31 69 47 29 2  74 40 63 23 
1  5  0  2  3  4  66 14 17 13 12 16 49 51 50 48 74 52 30 32 31 35 76 33 57 55 73 59 56 58 11 7  6  10 69 8  29 25 24 28 75 26 68 36 39 41 40 38 62 63 64 65 61 60 20 21 22 23 18 19 46 43 42 47 45 71 53 44 27 15 70 37 34 72 67 54 9  
18 21 20 19 23 72 73 57 54 56 55 59 27 75 25 28 24 29 7  10 6  11 9  69 30 35 33 76 31 34 67 60 64 61 65 63 12 14 13 17 66 15 47 42 43 44 45 46 2  5  0  1  4  70 36 37 38 39 40 41 51 50 52 53 48 49 26 74 16 58 22 71 8  68 3  32 62 
50 48 49 53 74 51 64 62 67 61 63 65 33 31 76 35 32 34 23 18 19 20 21 22 2  5  0  1  4  70 41 36 37 38 39 40 8  9  10 11 6  7  66 16 13 15 14 12 71 47 44 46 45 43 27 28 29 24 25 26 56 59 58 57 55 73 30 54 69 60 52 17 72 75 42 3  68 
66 15 13 16 12 17 22 23 18 19 20 21 61 67 64 60 63 62 46 47 42 43 44 45 39 36 38 37 41 68 50 51 52 53 48 49 2  0  5  70 3  1  32 31 35 76 33 30 24 27 29 28 26 75 59 54 55 56 57 58 11 6  9  69 7  10 65 8  4  72 14 34 71 73 25 40 74 
25 28 27 26 24 75 0  2  3  4  5  1  69 6  9  11 10 8  36 38 37 41 68 39 20 19 23 72 21 18 42 43 44 45 46 47 63 62 61 67 64 60 73 59 56 58 57 55 53 48 49 50 51 52 16 17 12 13 14 15 31 76 34 30 35 33 7  32 65 70 29 54 40 66 74 22 71 
6  7  10 69 8  11 52 74 50 53 49 48 38 41 37 36 40 68 13 14 15 16 17 12 29 24 25 26 27 28 59 56 58 57 55 73 71 44 47 43 42 46 3  4  5  1  0  2  32 33 34 35 30 31 61 60 62 63 64 65 19 21 72 23 20 22 39 18 45 51 9  70 66 67 76 75 54 
67 65 63 61 62 60 25 29 75 27 24 26 47 43 42 46 71 44 55 73 59 56 58 57 12 13 14 15 16 17 35 30 31 32 33 34 74 52 49 51 50 48 18 19 20 21 22 23 8  10 9  7  69 11 5  1  0  2  3  4  36 41 37 38 39 40 45 68 53 28 64 72 54 70 6  66 76 
