67 4  2  5  0  1  53 48 49 50 51 52 74 19 22 18 23 21 45 47 46 44 69 42 11 10 8  71 6  9  39 38 36 75 40 37 56 58 57 55 66 59 61 63 72 60 64 65 68 32 35 31 30 34 13 16 12 17 15 70 24 73 26 25 29 27 14 3  41 62 20 76 28 7  43 54 33 
0  67 4  1  5  3  50 52 51 49 76 53 20 22 21 19 74 23 43 46 42 47 45 69 8  11 7  6  10 71 38 40 39 37 75 41 58 66 56 59 55 54 65 62 60 61 72 63 31 34 30 35 33 68 16 15 13 70 17 14 29 28 27 73 25 24 12 2  36 64 18 48 26 9  44 57 32 
5  0  67 3  1  2  49 53 76 51 48 50 18 21 23 22 20 74 44 42 69 46 43 45 7  8  9  10 11 6  40 75 38 41 37 36 66 55 58 54 59 57 63 64 61 65 60 62 35 68 33 30 32 31 15 17 16 14 70 12 25 26 24 28 73 29 13 4  39 72 19 52 27 71 47 56 34 
2  3  1  67 4  0  48 51 53 52 50 76 21 20 18 74 22 19 42 43 44 45 46 47 6  71 10 7  9  8  41 36 37 38 39 40 54 57 59 58 56 66 72 61 62 64 63 60 32 30 68 34 31 33 14 12 70 16 13 15 26 29 73 24 27 28 17 5  75 65 23 49 25 11 69 55 35 
4  2  3  0  67 5  52 76 50 53 49 48 23 18 19 20 21 22 69 44 47 43 42 46 10 6  11 9  71 7  36 39 41 40 38 75 57 56 54 66 58 55 60 65 64 72 62 61 34 33 31 68 35 32 12 13 14 15 16 17 27 25 28 29 24 26 70 1  37 63 74 51 73 8  45 59 30 
3  1  5  4  2  67 76 49 52 48 53 51 22 74 20 23 19 18 46 45 43 69 47 44 71 9  6  8  7  11 37 41 75 39 36 38 59 54 55 56 57 58 64 60 63 62 65 72 33 35 34 32 68 30 70 14 17 13 12 16 28 24 25 27 26 73 15 0  40 61 21 50 29 10 42 66 31 
57 54 59 58 56 66 71 7  10 6  11 9  25 26 27 28 29 24 36 40 75 38 41 37 62 63 64 61 65 60 17 70 15 12 14 13 48 52 76 50 53 49 35 33 68 31 34 30 42 47 45 69 43 46 18 19 20 21 22 23 2  0  1  67 4  3  74 55 16 32 73 8  5  72 39 51 44 
58 56 57 55 66 59 10 71 8  11 7  6  28 24 29 27 73 25 38 37 41 75 39 36 72 64 60 63 62 65 14 12 70 16 13 15 53 50 52 51 49 76 33 34 35 30 31 32 45 42 44 43 47 69 22 21 19 74 23 20 67 1  2  5  0  4  18 54 17 68 26 9  3  61 40 48 46 
59 55 66 57 54 56 7  11 71 9  6  8  24 73 28 25 27 26 37 39 38 36 75 40 65 61 63 72 60 64 16 15 13 70 17 14 51 76 49 52 48 53 68 35 32 34 33 31 47 43 42 46 69 44 74 20 23 19 18 22 1  4  0  2  3  5  21 58 12 30 29 10 67 62 41 50 45 
54 59 55 56 57 58 9  8  6  71 10 7  29 28 26 73 24 27 41 38 40 39 37 75 63 65 62 60 61 72 15 17 16 14 70 12 76 48 51 53 52 50 31 30 34 68 32 35 46 44 69 42 45 47 20 18 74 22 19 21 3  67 5  4  2  1  23 66 13 33 25 11 0  64 36 49 43 
55 66 58 54 59 57 8  10 9  7  71 11 27 25 73 29 26 28 75 36 39 41 40 38 61 60 65 64 72 62 13 16 12 17 15 70 49 51 50 48 76 52 34 31 33 32 30 68 44 45 46 47 42 43 23 74 21 18 20 19 5  2  67 3  1  0  22 56 14 35 24 6  4  63 37 53 69 
56 57 54 66 58 55 6  9  11 10 8  71 73 27 24 26 25 29 39 75 37 40 36 41 64 62 72 65 63 61 70 14 17 13 12 16 52 53 48 49 50 51 30 32 31 35 68 33 69 46 43 45 44 42 19 22 18 23 21 74 4  5  3  0  67 2  20 59 15 34 28 7  1  60 38 76 47 
27 26 28 29 24 25 57 59 58 56 66 54 70 13 16 12 17 15 34 35 30 31 32 33 48 76 52 49 51 50 42 69 46 43 45 44 2  4  3  0  67 5  8  9  10 11 6  7  63 61 64 62 72 65 38 40 39 37 75 41 18 21 74 22 19 20 36 73 47 71 14 55 23 53 68 1  60 
73 25 29 26 28 27 55 58 54 59 57 66 16 70 14 17 13 12 30 34 68 32 35 31 49 50 51 52 53 48 44 47 43 42 46 69 5  1  0  2  3  4  6  11 9  71 7  10 60 64 65 61 63 72 41 36 37 38 39 40 23 18 22 20 74 21 75 24 45 8  15 56 19 76 33 67 62 
25 29 24 28 73 26 66 56 59 55 54 58 13 17 70 15 12 14 35 32 34 33 31 68 50 53 49 48 52 76 43 44 45 46 47 42 0  5  67 3  1  2  71 10 7  9  8  6  72 62 61 60 65 64 37 41 75 39 36 38 21 20 19 74 23 22 40 27 69 11 16 57 18 51 30 4  63 
28 73 25 27 26 24 59 66 57 54 56 55 15 14 12 70 16 13 33 68 31 34 30 35 51 49 76 53 50 52 47 46 44 69 42 45 1  3  5  4  2  67 10 8  71 6  9  11 61 72 63 65 62 60 36 39 41 40 38 75 74 19 21 18 20 23 37 29 43 7  17 58 22 48 32 0  64 
24 27 26 25 29 73 56 54 66 58 55 57 14 16 15 13 70 17 68 30 33 35 34 32 52 48 53 51 76 49 69 45 42 44 43 47 4  67 2  5  0  1  7  71 11 8  10 9  62 65 72 64 60 63 40 75 38 41 37 36 19 23 20 21 22 18 39 28 46 6  12 59 74 50 31 3  61 
29 24 27 73 25 28 58 57 55 66 59 56 12 15 17 16 14 70 31 33 32 30 68 34 53 52 50 76 48 51 45 43 69 47 44 46 67 0  4  1  5  3  9  6  8  7  11 71 64 63 60 72 61 62 75 37 40 36 41 39 22 74 18 23 21 19 38 26 42 10 13 54 20 49 35 2  65 
71 9  7  10 6  11 32 30 68 34 31 33 56 55 59 66 57 54 74 19 22 18 23 21 46 47 42 43 44 45 29 25 24 28 73 26 65 63 61 64 62 72 39 40 41 36 37 38 16 12 17 15 70 13 1  3  5  4  2  67 51 52 50 48 76 49 0  8  27 75 58 35 53 69 20 60 14 
8  11 10 9  7  71 35 68 33 30 32 31 59 56 58 57 55 66 22 74 20 23 19 18 43 45 44 42 69 46 26 27 28 29 24 25 72 60 64 65 61 63 37 36 40 75 38 41 14 17 13 12 16 70 67 0  4  1  5  3  53 51 48 49 50 52 2  6  73 39 54 34 76 47 21 62 15 
11 10 6  7  8  9  31 34 30 35 33 68 55 57 56 54 66 58 19 23 74 21 18 20 45 69 43 46 42 47 28 26 73 24 27 29 64 72 62 61 60 65 75 41 38 40 39 37 70 15 12 14 13 17 4  67 2  5  0  1  52 49 76 50 53 48 3  71 25 36 59 32 51 44 22 63 16 
7  8  11 71 9  6  30 31 32 33 34 35 54 58 66 56 59 55 21 20 18 74 22 19 44 43 47 69 45 42 27 24 26 25 29 73 60 61 72 63 65 62 41 39 75 37 40 36 12 70 16 13 15 14 0  5  67 3  1  2  50 76 52 51 49 53 4  10 28 38 57 68 48 46 23 64 17 
6  71 9  11 10 8  34 33 31 68 35 32 58 59 54 55 56 57 20 22 21 19 74 23 42 46 69 44 47 43 25 73 29 26 28 27 63 62 65 72 64 60 38 75 36 39 41 40 15 13 70 17 14 16 3  2  1  67 4  0  76 53 49 52 48 51 5  7  24 37 66 30 50 45 18 61 12 
10 6  71 8  11 7  68 32 35 31 30 34 66 54 57 59 58 56 18 21 23 22 20 74 69 42 45 47 46 44 73 28 25 27 26 24 62 64 63 60 72 61 40 37 39 38 36 75 17 16 14 70 12 15 2  4  3  0  67 5  48 50 51 53 52 76 1  9  29 41 55 33 49 43 19 65 13 
37 75 40 36 41 39 21 19 74 23 20 22 68 30 33 35 34 32 53 51 76 49 52 48 73 25 28 24 29 27 11 8  10 9  7  71 16 15 13 70 17 14 1  2  0  5  67 3  56 54 66 58 55 57 61 65 60 62 63 64 47 69 43 42 46 44 72 38 6  4  31 18 45 26 50 12 59 
41 37 75 39 36 38 23 22 20 74 18 21 31 33 32 30 68 34 50 76 48 51 53 52 28 73 26 29 25 24 8  7  11 71 9  6  15 17 16 14 70 12 3  4  5  1  0  2  58 57 55 66 59 56 65 63 61 64 62 72 46 45 44 69 42 47 60 40 10 67 35 19 43 27 49 13 54 
75 40 38 41 37 36 22 18 23 21 74 19 34 35 30 31 32 33 52 49 51 50 48 76 25 29 73 27 24 26 10 11 6  7  8  9  13 16 12 17 15 70 5  3  67 0  4  1  57 59 58 56 66 54 60 61 72 63 65 62 44 42 45 46 47 43 64 39 71 2  68 20 69 28 53 14 55 
39 36 41 40 38 75 20 23 19 18 22 74 30 34 68 32 35 31 51 52 53 48 49 50 27 26 24 73 28 25 9  71 7  10 6  11 70 14 17 13 12 16 4  0  3  2  1  67 55 58 54 59 57 66 62 64 63 60 72 61 69 44 46 43 45 42 65 37 8  5  33 21 47 29 76 15 56 
36 41 37 38 39 40 74 21 18 20 19 23 35 32 34 33 31 68 49 48 52 76 50 53 26 28 27 25 73 29 7  9  8  6  71 10 17 70 15 12 14 13 2  67 1  3  5  4  66 56 59 55 54 58 63 62 65 72 64 60 42 43 47 45 69 46 61 75 11 0  30 22 44 24 51 16 57 
38 39 36 75 40 37 18 74 22 19 21 20 33 68 31 34 30 35 76 53 50 52 51 49 24 27 29 28 26 73 71 6  9  11 10 8  14 12 70 16 13 15 67 5  2  4  3  0  59 66 57 54 56 55 64 72 62 61 60 65 45 47 42 44 43 69 63 41 7  1  32 23 46 25 48 17 58 
19 18 20 21 22 23 4  3  0  67 5  2  41 38 40 39 37 75 62 60 61 72 63 65 57 54 56 55 59 66 68 31 34 30 35 33 27 24 26 25 29 73 50 51 52 53 48 49 6  9  11 10 8  71 43 44 45 46 47 42 12 15 70 16 13 14 69 74 32 76 36 1  17 58 64 28 7  
18 20 74 22 19 21 2  1  67 4  0  3  37 39 38 36 75 40 63 72 60 64 65 61 54 59 57 66 55 58 34 68 32 35 31 30 26 27 28 29 24 25 53 49 48 52 76 50 71 7  10 6  11 9  45 43 69 47 44 46 14 16 17 13 12 70 42 23 33 51 41 5  15 56 62 73 8  
22 19 18 23 21 74 67 2  5  0  1  4  36 40 75 38 41 37 64 61 65 60 62 63 56 57 58 59 54 55 31 35 68 33 30 32 24 29 27 73 25 28 49 76 53 50 52 51 10 71 8  11 7  6  44 47 43 42 46 69 13 17 14 15 16 12 45 20 34 48 39 3  70 66 72 26 9  
74 23 21 18 20 19 1  0  2  3  4  5  40 41 36 37 38 39 61 62 64 63 60 72 55 66 59 56 58 57 33 32 30 68 34 31 73 28 25 27 26 24 48 53 51 76 49 52 7  11 71 9  6  8  42 69 46 43 45 44 17 12 16 14 70 15 47 22 35 50 75 67 13 54 65 29 10 
20 74 23 19 18 22 3  5  4  2  67 1  75 36 39 41 40 38 65 64 72 62 61 60 59 55 54 58 66 56 32 34 33 31 68 35 28 26 73 24 27 29 52 50 76 48 51 53 9  8  6  71 10 7  69 45 42 44 43 47 70 13 15 12 14 17 46 21 30 49 37 0  16 57 63 25 11 
23 21 22 20 74 18 5  67 3  1  2  0  38 37 41 75 39 36 60 63 62 65 72 64 66 58 55 57 56 54 30 33 35 34 32 68 25 73 29 26 28 27 76 52 49 51 50 48 8  10 9  7  71 11 46 42 47 45 69 43 15 14 13 70 17 16 44 19 31 53 40 4  12 59 61 24 6  
42 46 47 45 69 43 17 16 14 70 12 15 72 65 63 61 64 62 66 54 57 59 58 56 23 21 74 19 22 18 50 49 53 76 51 48 75 37 40 36 41 39 26 24 73 28 25 27 0  4  1  5  3  67 71 6  9  11 10 8  32 31 30 68 34 33 7  44 52 29 60 13 35 20 55 38 2  
46 47 44 69 42 45 15 13 70 17 14 16 64 61 65 60 62 63 58 59 54 55 56 57 21 22 23 18 19 20 53 50 52 51 49 76 40 75 38 41 37 36 28 27 25 73 29 26 67 2  5  0  1  4  9  71 7  10 6  11 33 68 35 34 32 30 8  43 48 24 72 12 31 74 66 39 3  
69 42 46 43 45 44 70 15 12 14 13 17 60 63 62 65 72 64 55 57 56 54 66 58 74 23 20 22 21 19 49 51 50 48 76 52 37 41 75 39 36 38 27 29 28 26 73 24 5  67 3  1  2  0  6  10 71 8  11 7  34 35 33 31 68 32 9  47 53 25 61 16 30 18 59 40 4  
44 43 45 46 47 42 13 14 15 16 17 12 63 72 60 64 65 61 57 66 55 58 54 59 19 18 22 74 20 23 48 52 76 50 53 49 39 38 36 75 40 37 25 28 24 29 27 73 2  1  67 4  0  3  8  7  11 71 9  6  35 32 68 33 30 31 10 69 51 26 62 70 34 21 56 41 5  
47 44 43 42 46 69 16 12 17 15 70 13 62 60 61 72 63 65 56 55 59 66 57 54 22 19 21 20 18 74 52 53 48 49 50 51 38 40 39 37 75 41 73 26 29 25 24 28 4  3  0  67 5  2  7  9  8  6  71 10 30 34 31 32 33 35 11 45 76 27 64 14 68 23 58 36 1  
43 45 69 47 44 46 12 70 16 13 15 14 65 64 72 62 61 60 54 58 66 56 59 55 18 20 19 23 74 21 76 48 51 53 52 50 36 39 41 40 38 75 29 73 27 24 26 25 3  5  4  2  67 1  11 8  10 9  7  71 31 33 34 30 35 68 6  42 49 28 63 17 32 22 57 37 0  
49 50 53 76 51 48 61 72 63 65 62 60 2  0  5  67 3  1  13 17 70 15 12 14 30 35 33 68 31 34 19 22 18 23 21 74 7  9  8  6  71 10 69 43 46 42 47 45 40 39 37 75 41 38 25 73 29 26 28 27 66 54 56 59 55 58 24 52 20 44 4  64 57 32 16 11 36 
53 52 48 49 50 51 72 62 61 60 65 64 1  4  67 2  5  0  14 16 15 13 70 17 31 68 35 32 34 33 20 18 74 22 19 21 11 8  10 9  7  71 46 69 44 47 43 42 39 41 40 38 75 36 24 29 27 73 25 28 56 55 54 66 58 57 26 76 23 45 3  63 59 30 12 6  37 
76 51 49 52 48 53 63 61 64 62 72 65 67 1  3  5  4  2  15 14 12 70 16 13 32 33 34 35 30 31 21 23 22 20 74 18 71 6  9  11 10 8  43 47 69 45 42 44 37 40 36 41 39 75 28 26 73 24 27 29 59 56 66 57 54 55 25 50 19 46 0  60 58 68 17 7  38 
51 49 50 48 76 52 65 60 62 63 64 61 4  5  1  0  2  3  16 70 14 17 13 12 33 30 32 31 35 68 22 21 19 74 23 20 9  71 7  10 6  11 45 44 42 69 46 43 75 38 41 37 36 40 73 28 25 27 26 24 55 57 58 54 59 66 29 53 18 47 67 72 56 34 15 8  39 
48 76 51 53 52 50 62 65 72 64 60 63 0  3  2  1  67 4  17 12 13 14 15 16 34 32 68 30 33 35 23 74 21 18 20 19 6  10 71 8  11 7  44 46 45 43 69 47 41 75 39 36 38 37 26 27 28 29 24 25 54 58 55 56 57 59 73 49 22 42 5  61 66 31 70 9  40 
50 53 52 51 49 76 60 64 65 61 63 72 3  67 0  4  1  5  12 15 17 16 14 70 35 31 30 34 68 32 18 19 20 21 22 23 8  7  11 71 9  6  42 45 47 46 44 69 38 36 75 40 37 39 29 25 24 28 73 26 58 59 57 55 66 56 27 48 74 43 2  62 54 33 13 10 41 
16 13 12 17 15 70 29 27 73 25 28 24 69 44 47 43 42 46 11 9  71 7  10 6  67 4  0  3  2  1  64 72 62 61 60 65 22 21 19 74 23 20 55 54 58 66 56 59 76 49 52 48 53 51 30 33 35 34 32 68 75 36 38 41 37 40 31 14 63 57 45 26 39 5  8  18 50 
17 15 16 14 70 12 73 29 26 28 27 25 43 46 42 47 45 69 7  6  10 71 8  11 5  0  1  4  67 2  60 61 72 63 65 62 23 74 21 18 20 19 54 56 55 59 66 57 52 76 50 53 49 48 32 34 33 31 68 35 41 38 75 39 36 37 30 13 64 58 44 24 40 3  9  22 51 
12 14 70 16 13 15 27 28 29 24 25 26 46 45 43 69 47 44 6  8  7  11 71 9  2  3  4  5  1  0  63 62 65 72 64 60 18 19 20 21 22 23 58 55 57 56 54 66 49 53 76 51 48 50 31 35 68 33 30 32 38 37 36 75 40 39 34 17 61 59 42 73 41 67 10 74 52 
13 12 14 15 16 17 24 26 25 29 73 27 42 43 44 45 46 47 10 7  9  8  6  71 4  2  67 1  3  5  62 64 63 60 72 61 19 22 18 23 21 74 66 59 56 58 57 55 51 50 48 76 52 49 35 30 31 32 33 34 40 41 39 37 75 38 68 70 65 54 69 28 36 0  11 20 53 
14 70 17 13 12 16 26 73 24 27 29 28 47 69 45 42 44 43 71 11 8  10 9  7  3  1  2  0  5  67 65 63 61 64 62 72 20 18 74 22 19 21 56 66 54 57 59 58 50 52 51 49 76 53 68 31 34 30 35 33 39 75 41 40 38 36 32 15 60 55 46 25 37 4  6  23 48 
15 16 13 70 17 14 25 24 28 73 26 29 45 47 46 44 69 42 8  71 6  9  11 10 0  67 5  2  4  3  72 60 64 65 61 63 21 23 22 20 74 18 59 57 66 55 58 54 48 51 53 52 50 76 33 32 30 68 34 31 37 39 40 36 41 75 35 12 62 56 43 27 38 1  7  19 49 
72 64 62 61 60 65 43 69 47 44 46 45 51 52 53 48 49 50 26 29 25 24 28 73 38 39 40 41 36 37 3  2  1  67 4  0  31 35 68 33 30 32 16 17 12 13 14 15 20 23 19 18 22 74 66 55 58 54 59 57 11 9  6  7  8  10 56 63 5  70 76 42 71 75 27 34 21 
64 62 63 60 72 61 45 42 44 43 47 69 49 48 52 76 50 53 28 24 29 27 73 25 39 36 38 37 41 75 1  3  5  4  2  67 68 31 34 30 35 33 13 15 14 12 70 16 74 21 18 20 19 23 58 66 56 59 55 54 10 7  71 8  11 6  57 65 0  17 51 46 9  40 26 32 22 
60 72 64 65 61 63 44 45 46 47 42 43 76 53 50 52 51 49 27 25 73 29 26 28 40 38 75 36 39 41 2  4  3  0  67 5  35 30 31 32 33 34 15 70 13 16 12 17 18 74 22 19 21 20 55 59 66 57 54 56 8  71 10 9  7  11 58 62 1  14 48 69 6  37 24 68 23 
63 65 61 64 62 72 42 47 45 69 43 46 53 51 76 49 52 48 25 26 27 28 29 24 41 37 36 40 75 38 0  5  67 3  1  2  32 34 33 31 68 35 14 13 17 70 15 12 21 19 74 23 20 22 57 56 54 66 58 55 71 11 7  10 6  9  59 60 4  16 50 44 8  39 73 30 18 
62 63 65 72 64 60 69 46 43 45 44 42 50 76 48 51 53 52 73 27 24 26 25 29 36 41 39 75 37 40 5  1  0  2  3  4  34 68 32 35 31 30 12 16 70 14 17 13 23 22 20 74 18 21 56 58 57 55 66 59 6  8  9  11 10 71 54 61 67 15 49 47 7  38 28 33 19 
65 61 60 62 63 64 46 44 69 42 45 47 52 49 51 50 48 76 29 28 26 73 24 27 37 75 41 38 40 39 67 0  4  1  5  3  33 32 30 68 34 31 70 12 15 17 16 14 22 18 23 21 74 19 54 57 59 58 56 66 9  10 8  6  71 7  55 72 2  13 53 43 11 36 25 35 20 
68 34 32 35 31 30 39 41 40 38 75 36 7  6  10 71 8  11 1  4  67 2  5  0  70 17 14 16 15 13 55 59 66 57 54 56 69 45 42 44 43 47 19 21 20 18 74 22 73 29 26 28 27 25 48 52 76 50 53 49 72 65 62 61 60 64 51 33 58 23 9  37 63 12 3  46 24 
33 30 35 34 32 68 37 40 36 41 39 75 10 7  9  8  6  71 67 1  3  5  4  2  16 13 15 14 12 70 56 58 57 55 66 59 47 46 44 69 42 45 74 18 21 23 22 20 24 26 25 29 73 27 49 51 50 48 76 52 63 72 61 64 62 65 53 31 54 19 11 38 60 17 0  43 28 
35 31 68 33 30 32 40 39 37 75 41 38 71 11 8  10 9  7  2  0  5  67 3  1  12 14 13 17 70 15 54 57 59 58 56 66 43 44 45 46 47 42 21 74 19 22 18 23 26 73 24 27 29 28 53 50 52 51 49 76 61 62 72 63 65 60 48 34 55 20 6  36 64 16 4  69 25 
32 33 30 68 34 31 41 75 39 36 38 37 11 9  71 7  10 6  0  3  2  1  67 4  15 16 17 12 13 14 58 66 56 59 55 54 46 42 47 45 69 43 20 19 23 74 21 18 29 27 73 25 28 24 51 76 49 52 48 53 62 60 65 72 64 63 50 35 57 22 8  40 61 70 5  44 26 
34 32 33 31 68 35 36 37 38 39 40 41 8  71 6  9  11 10 5  2  4  3  0  67 17 15 70 13 16 12 66 55 58 54 59 57 42 69 46 43 45 44 18 22 74 20 23 19 25 24 28 73 26 29 76 48 51 53 52 50 64 61 63 60 72 62 49 30 56 21 7  75 65 14 1  47 27 
31 68 34 30 35 33 38 36 75 40 37 39 9  10 11 6  7  8  3  67 0  4  1  5  14 70 12 15 17 16 59 54 55 56 57 58 45 43 69 47 44 46 22 23 18 19 20 21 28 25 27 26 24 73 52 53 48 49 50 51 60 63 64 65 61 72 76 32 66 74 71 41 62 13 2  42 29 
61 60 72 63 65 62 47 43 42 46 69 44 48 50 49 53 76 51 24 73 28 25 27 26 75 40 37 39 38 36 4  67 2  5  0  1  30 33 35 34 32 68 17 14 16 15 13 70 19 20 21 22 23 18 59 54 55 56 57 58 7  6  11 71 9  8  66 64 3  12 52 45 10 41 29 31 74 
1  5  0  2  3  4  51 50 48 76 52 49 19 23 74 21 18 20 47 69 45 42 44 43 9  7  71 11 8  10 75 37 40 36 41 39 55 59 66 57 54 56 62 72 65 63 61 64 30 31 32 33 34 35 17 70 15 12 14 13 73 27 29 26 28 25 16 67 38 60 22 53 24 6  46 58 68 
21 22 19 74 23 20 0  4  1  5  3  67 39 75 37 40 36 41 72 65 63 61 64 62 58 56 66 54 57 59 35 30 31 32 33 34 29 25 24 28 73 26 51 48 50 49 53 76 11 6  7  8  9  10 47 46 44 69 42 45 16 70 12 17 15 13 43 18 68 52 38 2  14 55 60 27 71 
52 48 76 50 53 49 64 63 60 72 61 62 5  2  4  3  0  67 70 13 16 12 17 15 68 34 31 33 32 30 74 20 23 19 18 22 10 11 6  7  8  9  47 42 43 44 45 46 36 37 38 39 40 41 27 24 26 25 29 73 57 66 59 58 56 54 28 51 21 69 1  65 55 35 14 71 75 
26 28 73 24 27 29 54 55 56 57 58 59 17 12 13 14 15 16 32 31 35 68 33 30 76 51 48 50 49 53 46 42 47 45 69 43 3  2  1  67 4  0  11 7  6  10 71 8  65 60 62 63 64 61 39 38 36 75 40 37 20 22 23 19 18 74 41 25 44 9  70 66 21 52 34 5  72 
66 58 56 59 55 54 11 6  7  8  9  10 26 29 25 24 28 73 40 41 36 37 38 39 60 72 61 62 64 63 12 13 14 15 16 17 50 49 53 76 51 48 32 68 30 33 35 34 43 69 47 44 46 45 21 23 22 20 74 18 0  3  4  1  5  67 19 57 70 31 27 71 2  65 75 52 42 
30 35 31 32 33 34 75 38 41 37 36 40 6  8  7  11 71 9  4  5  1  0  2  3  13 12 16 70 14 17 57 56 54 66 58 55 44 47 43 42 46 69 23 20 22 21 19 74 27 28 29 24 25 26 50 49 53 76 51 48 65 64 60 62 63 61 52 68 59 18 10 39 72 15 67 45 73 
40 38 39 37 75 41 19 20 21 22 23 18 32 31 35 68 33 30 48 50 49 53 76 51 29 24 25 26 27 28 6  10 71 8  11 7  12 13 14 15 16 17 0  1  4  67 2  5  54 55 56 57 58 59 72 60 64 65 61 63 43 46 69 47 44 45 62 36 9  3  34 74 42 73 52 70 66 
9  7  8  6  71 10 33 35 34 32 68 30 57 66 55 58 54 59 23 18 19 20 21 22 47 44 46 45 43 69 24 29 27 73 25 28 61 65 60 62 63 64 36 38 37 41 75 39 13 14 15 16 17 12 5  1  0  2  3  4  49 48 53 76 51 50 67 11 26 40 56 31 52 42 74 72 70 
45 69 42 44 43 47 14 17 13 12 16 70 61 62 64 63 60 72 59 56 58 57 55 66 20 74 18 21 23 22 51 76 49 52 48 53 41 36 37 38 39 40 24 25 26 27 28 29 1  0  2  3  4  5  10 11 6  7  8  9  68 30 32 35 31 34 71 46 50 73 65 15 33 19 54 75 67 
70 17 15 12 14 13 28 25 27 26 24 73 44 42 69 46 43 45 9  10 11 6  7  8  1  5  3  67 0  4  61 65 60 62 63 64 74 20 23 19 18 22 57 58 59 54 55 56 53 48 49 50 51 52 34 68 32 35 31 30 36 40 37 38 39 41 33 16 72 66 47 29 75 2  71 21 76 
