61 41 59 55 57 58 56 64 62 63 20 22 23 26 21 24 29 40 27 28 33 39 31 37 32 30 36 34 44 38 74 75 72 71 70 68 69 67 65 73 35 10 60 25 66 0  5  42 9  6  2  8  4  7  1  18 19 16 15 14 12 13 11 43 17 46 51 53 50 45 48 49 54 76 52 47 3  
60 63 56 41 61 64 58 55 59 57 40 26 29 25 23 21 20 28 24 22 39 30 33 34 36 44 35 31 38 32 75 68 74 67 69 65 66 72 73 70 37 15 62 27 71 3  42 1  5  0  4  9  7  8  6  19 12 18 11 13 43 10 16 17 14 52 76 45 54 46 50 48 51 47 49 53 2  
57 55 62 64 63 56 59 58 60 41 29 28 21 22 24 27 23 20 25 40 31 33 34 35 38 39 32 37 30 44 72 74 67 66 73 75 70 71 68 65 36 13 61 26 69 6  9  5  8  1  3  7  2  4  42 16 18 11 10 17 19 14 15 12 43 45 54 47 48 53 49 52 50 51 46 76 0  
58 62 41 60 56 57 63 61 55 59 25 21 22 23 28 40 26 27 20 24 32 36 38 30 31 35 33 44 37 34 70 69 73 68 72 66 74 65 71 67 39 19 64 29 75 8  3  2  0  7  5  6  42 1  4  14 13 17 12 16 10 18 43 15 11 54 46 48 53 50 47 76 45 52 51 49 9  
56 60 55 61 59 63 41 57 64 62 26 24 28 21 40 20 22 25 29 27 38 32 44 39 34 36 31 30 35 37 73 70 65 75 67 69 72 68 66 71 33 18 58 23 74 7  0  3  6  4  9  1  5  42 2  17 14 43 19 11 13 16 12 10 15 50 45 49 47 48 76 51 53 46 54 52 8  
62 57 58 63 60 55 64 41 56 61 28 25 20 27 29 23 40 22 21 26 30 44 39 31 35 38 37 33 32 36 68 65 75 72 66 73 71 74 70 69 34 11 59 24 67 2  1  6  42 3  7  5  8  9  0  12 43 19 16 10 17 15 18 14 13 49 47 46 51 52 54 50 76 53 48 45 4  
64 59 63 62 58 61 57 60 41 56 27 23 26 29 22 28 25 24 40 21 36 35 32 44 33 37 39 38 34 31 69 66 70 65 74 71 75 73 67 72 30 12 55 20 68 9  2  4  3  8  42 0  1  6  7  13 10 14 43 18 15 19 17 11 16 51 52 50 45 54 53 47 46 49 76 48 5  
63 64 60 58 41 59 62 56 61 55 23 40 24 28 27 25 21 29 26 20 34 31 37 36 44 33 38 35 39 30 67 72 71 69 65 74 73 66 75 68 32 14 57 22 70 1  8  9  7  42 0  4  3  2  5  11 16 15 13 43 18 17 10 19 12 53 50 76 49 47 52 46 48 54 45 51 6  
59 61 64 57 62 41 55 63 58 60 22 27 40 24 20 29 28 26 23 25 44 38 30 33 37 32 34 39 36 35 65 73 68 74 71 70 67 75 69 66 31 16 56 21 72 4  6  0  1  2  8  42 9  5  3  43 17 12 18 15 14 11 19 13 10 48 53 52 76 49 51 54 47 45 50 46 7  
41 58 61 56 55 62 60 59 57 64 21 20 27 40 25 26 24 23 22 29 37 34 35 32 30 31 44 36 33 39 71 67 66 70 68 72 65 69 74 75 38 17 63 28 73 42 7  8  4  5  6  2  0  3  9  15 11 10 14 12 16 43 13 18 19 47 48 51 52 76 46 45 49 50 53 54 1  
18 15 43 10 16 14 17 13 12 11 35 31 32 33 38 44 36 37 30 34 70 69 73 68 72 66 74 65 71 67 53 45 47 51 48 46 50 76 52 49 75 29 19 39 54 58 60 62 61 56 55 57 41 63 59 22 26 28 20 21 25 23 40 27 24 9  3  7  6  8  1  42 0  2  5  4  64 
16 10 12 13 11 17 43 14 19 15 36 34 38 31 44 30 32 35 39 37 73 70 65 75 67 69 72 68 66 71 47 53 76 54 49 45 48 51 46 52 74 23 18 33 50 56 61 60 57 59 64 63 55 41 62 28 22 40 29 24 26 21 20 25 27 8  0  4  1  7  42 5  6  3  9  2  58 
15 14 18 17 10 12 19 43 16 13 38 35 30 37 39 33 44 32 31 36 68 65 75 72 66 73 71 74 70 69 51 76 54 48 46 47 52 50 53 45 67 24 11 34 49 62 63 57 41 60 56 55 58 64 61 20 40 29 21 25 28 27 23 22 26 4  1  3  5  2  9  8  42 6  7  0  59 
13 43 11 12 14 18 16 19 15 17 30 32 33 36 31 34 39 44 37 38 74 75 72 71 70 68 69 67 65 73 50 54 48 52 53 51 45 49 76 47 66 25 10 35 46 61 55 41 64 57 62 58 59 56 63 23 29 21 27 22 20 26 24 40 28 3  5  6  8  0  7  4  9  42 2  1  60 
19 11 17 15 18 13 14 10 43 16 37 33 36 39 32 38 35 34 44 31 69 66 70 65 74 71 75 73 67 72 45 46 53 76 50 52 54 47 49 48 68 20 12 30 51 64 62 59 60 58 41 61 63 57 56 26 25 22 40 23 27 29 28 24 21 5  2  8  0  9  6  1  3  4  42 7  55 
14 12 15 19 17 16 11 18 10 43 39 38 31 32 34 37 33 30 35 44 72 74 67 66 73 75 70 71 68 65 48 50 49 46 47 54 53 52 51 76 69 26 13 36 45 57 64 55 58 63 60 56 62 59 41 21 23 24 25 28 29 22 27 20 40 0  9  1  7  6  4  2  8  5  3  42 61 
17 19 10 18 43 11 15 16 13 12 33 44 34 38 37 35 31 39 36 30 67 72 71 69 65 74 73 66 75 68 49 48 52 45 76 50 47 46 54 51 70 22 14 32 53 63 58 64 56 41 61 59 60 62 55 24 21 27 26 40 23 28 25 29 20 6  8  42 4  1  2  3  7  9  0  5  57 
10 17 16 43 13 19 18 12 11 14 44 36 39 35 33 31 30 38 34 32 75 68 74 67 69 65 66 72 73 70 54 51 50 49 45 76 46 48 47 53 71 27 15 37 52 60 41 63 55 61 59 64 56 58 57 29 20 23 24 26 40 25 21 28 22 2  42 0  9  3  8  7  5  1  4  6  62 
11 13 19 14 15 43 12 17 18 10 32 37 44 34 30 39 38 36 33 35 65 73 68 74 71 70 67 75 69 66 76 47 51 50 52 53 49 54 45 46 72 21 16 31 48 59 57 61 63 62 58 41 64 55 60 40 28 20 23 27 22 24 29 26 25 7  6  2  42 4  5  9  1  0  8  3  56 
43 18 13 16 12 15 10 11 14 19 31 30 37 44 35 36 34 33 32 39 71 67 66 70 68 72 65 69 74 75 52 49 46 53 51 48 76 45 50 54 73 28 17 38 47 41 56 58 59 55 57 62 61 60 64 27 24 25 22 20 21 40 26 23 29 1  7  5  2  42 3  0  4  8  6  9  63 
52 53 50 47 46 51 54 76 48 45 63 60 55 62 64 58 41 57 56 61 12 43 19 16 10 17 15 18 14 13 20 40 29 21 25 28 27 23 22 26 11 4  49 59 24 71 73 70 65 66 72 68 74 75 69 5  42 9  7  3  1  2  8  6  0  34 38 35 30 37 39 33 44 32 31 36 67 
47 54 46 50 76 49 52 48 45 51 58 41 59 63 62 60 56 64 61 55 11 16 15 13 43 18 17 10 19 12 24 21 27 26 40 23 28 25 29 20 14 6  53 57 22 73 74 75 72 65 69 67 66 71 68 4  7  2  0  42 8  1  3  9  5  32 33 44 34 38 37 35 31 39 36 30 70 
54 49 47 52 50 45 53 46 76 48 62 58 61 64 57 63 60 59 41 56 13 10 14 43 18 15 19 17 11 16 26 25 22 40 23 27 29 28 24 21 12 5  51 55 20 75 71 67 66 74 65 69 73 70 72 0  3  6  42 8  2  9  1  4  7  30 37 33 36 39 32 38 35 34 44 31 68 
49 45 54 53 52 76 51 47 50 46 57 62 41 59 55 64 63 61 58 60 43 17 12 18 15 14 11 19 13 10 40 28 20 23 27 22 24 29 26 25 16 7  48 56 21 67 70 69 73 71 74 65 75 68 66 42 1  5  8  2  6  4  9  0  3  31 32 37 44 34 30 39 38 36 33 35 72 
48 46 51 45 49 47 76 53 54 52 61 59 63 56 41 55 57 60 64 62 17 14 43 19 11 13 16 12 10 15 28 22 40 29 24 26 21 20 25 27 18 8  50 58 23 72 69 66 70 67 75 73 68 65 71 1  6  42 9  4  0  7  5  3  2  33 36 34 38 31 44 30 32 35 39 37 74 
50 52 76 46 48 53 47 45 51 49 60 56 57 58 63 41 61 62 55 59 14 13 17 12 16 10 18 43 15 11 22 26 28 20 21 25 23 40 27 24 19 9  54 64 29 74 66 71 69 72 68 70 65 73 67 6  0  1  5  7  3  8  42 2  4  39 35 31 32 33 38 44 36 37 30 34 75 
45 76 49 51 53 50 48 54 52 47 55 57 58 61 56 59 64 41 62 63 18 19 16 15 14 12 13 11 43 17 23 29 21 27 22 20 26 24 40 28 10 3  46 60 25 69 68 65 75 70 71 74 67 72 73 8  9  7  2  6  5  0  4  42 1  35 30 32 33 36 31 34 39 44 37 38 66 
53 51 52 54 47 48 49 50 46 76 64 63 56 57 59 62 58 55 60 41 16 18 11 10 17 19 14 15 12 43 21 23 24 25 28 29 22 27 20 40 13 0  45 61 26 70 75 68 74 73 66 72 71 67 65 7  8  4  3  1  9  6  2  5  42 36 39 38 31 32 34 37 33 30 35 44 69 
46 47 48 76 45 54 50 51 49 53 41 61 64 60 58 56 55 63 59 57 19 12 18 11 13 43 10 16 17 14 29 20 23 24 26 40 25 21 28 22 15 2  52 62 27 66 65 73 68 69 67 75 72 74 70 9  5  8  4  0  42 3  7  1  6  37 44 36 39 35 33 31 30 38 34 32 71 
76 50 45 48 51 52 46 49 53 54 56 55 62 41 60 61 59 58 57 64 15 11 10 14 12 16 43 13 18 19 27 24 25 22 20 21 40 26 23 29 17 1  47 63 28 65 72 74 67 68 70 71 69 66 75 2  4  3  6  5  7  42 0  8  9  38 31 30 37 44 35 36 34 33 32 39 73 
27 22 23 28 25 20 29 40 21 26 73 66 68 71 75 74 65 70 72 69 51 76 54 48 46 47 52 50 53 45 5  42 9  7  3  1  2  8  6  0  49 34 24 67 4  15 17 14 43 10 16 12 18 19 13 30 44 39 31 35 38 37 33 32 36 59 63 60 55 62 64 58 41 57 56 61 11 
28 29 25 23 40 24 27 21 26 20 74 65 67 73 71 66 72 75 69 68 49 48 52 45 76 50 47 46 54 51 4  7  2  0  42 8  1  3  9  5  53 32 22 70 6  17 18 19 16 43 13 11 10 15 12 34 31 37 36 44 33 38 35 39 30 57 58 41 59 63 62 60 56 64 61 55 14 
29 24 28 27 23 26 22 25 40 21 71 74 69 75 70 73 66 67 65 72 45 46 53 76 50 52 54 47 49 48 0  3  6  42 8  2  9  1  4  7  51 30 20 68 5  19 15 11 10 18 43 13 17 14 16 36 35 32 44 33 37 39 38 34 31 55 62 58 61 64 57 63 60 59 41 56 12 
24 26 29 22 27 40 20 28 23 25 70 71 65 67 68 75 73 69 74 66 76 47 51 50 52 53 49 54 45 46 42 1  5  8  2  6  4  9  0  3  48 31 21 72 7  11 14 13 17 15 18 43 19 12 10 44 38 30 33 37 32 34 39 36 35 56 57 62 41 59 55 64 63 61 58 60 16 
21 25 20 26 24 28 40 22 29 27 69 67 73 72 65 68 70 66 75 71 47 53 76 54 49 45 48 51 46 52 1  6  42 9  4  0  7  5  3  2  50 33 23 74 8  16 13 10 14 11 19 17 12 43 15 38 32 44 39 34 36 31 30 35 37 58 61 59 63 56 41 55 57 60 64 62 18 
23 27 40 25 21 22 28 26 20 24 66 72 70 74 73 65 69 71 68 67 53 45 47 51 48 46 50 76 52 49 6  0  1  5  7  3  8  42 2  4  54 39 29 75 9  18 10 15 13 16 12 14 43 17 11 32 36 38 30 31 35 33 44 37 34 64 60 56 57 58 63 41 61 62 55 59 19 
26 40 24 20 22 23 21 29 27 28 68 70 74 69 72 67 75 65 71 73 50 54 48 52 53 51 45 49 76 47 8  9  7  2  6  5  0  4  42 1  46 35 25 66 3  13 12 43 19 14 15 18 11 16 17 33 39 31 37 32 30 36 34 44 38 60 55 57 58 61 56 59 64 41 62 63 10 
22 20 27 29 28 21 24 23 25 40 75 73 72 70 67 71 74 68 66 65 48 50 49 46 47 54 53 52 51 76 7  8  4  3  1  9  6  2  5  42 45 36 26 69 0  14 19 12 18 17 10 16 15 11 43 31 33 34 35 38 39 32 37 30 44 61 64 63 56 57 59 62 58 55 60 41 13 
25 28 21 40 26 29 23 20 24 22 65 69 75 66 74 72 68 73 67 70 54 51 50 49 45 76 46 48 47 53 9  5  8  4  0  42 3  7  1  6  52 37 27 71 2  10 43 17 12 13 11 19 16 18 14 39 30 33 34 36 44 35 31 38 32 62 41 61 64 60 58 56 55 63 59 57 15 
40 23 26 21 20 27 25 24 22 29 72 68 71 65 66 69 67 74 70 75 52 49 46 53 51 48 76 45 50 54 2  4  3  6  5  7  42 0  8  9  47 38 28 73 1  43 16 18 11 12 14 15 13 10 19 37 34 35 32 30 31 44 36 33 39 63 56 55 62 41 60 61 59 58 57 64 17 
51 48 53 49 54 46 45 52 47 50 59 64 60 55 61 57 62 56 63 58 10 15 13 17 19 11 12 14 16 18 25 27 26 28 29 24 20 22 21 23 65 40 43 44 76 68 67 72 71 75 73 66 70 69 74 3  2  0  1  9  4  5  6  7  8  42 34 39 35 30 36 32 37 31 38 33 41 
68 72 70 67 75 66 69 71 73 74 4  9  3  5  0  6  2  7  1  8  60 62 61 63 64 59 55 57 56 58 10 15 13 17 19 11 12 14 16 18 44 43 41 40 65 30 34 31 37 39 38 35 32 36 33 46 52 45 47 54 49 51 53 48 50 76 24 29 25 20 26 22 27 21 28 23 42 
55 56 57 59 64 60 61 62 63 58 24 29 25 20 26 22 27 21 28 23 35 37 36 38 39 34 30 32 31 33 66 71 69 73 75 67 68 70 72 74 42 65 44 76 41 5  4  7  2  9  1  3  6  0  8  10 15 13 17 19 11 12 14 16 18 43 49 54 46 51 45 53 52 48 47 50 40 
12 16 14 11 19 10 13 15 17 18 34 39 35 30 36 32 37 31 38 33 66 71 69 73 75 67 68 70 72 74 46 52 45 47 54 49 51 53 48 50 41 76 65 42 43 55 59 56 62 64 63 60 57 61 58 25 27 26 28 29 24 20 22 21 23 40 4  9  3  5  0  6  2  7  1  8  44 
20 21 22 24 29 25 26 27 28 23 67 75 66 68 69 70 71 72 73 74 46 52 45 47 54 49 51 53 48 50 3  2  0  1  9  4  5  6  7  8  43 42 76 41 40 12 11 16 15 19 17 10 14 13 18 35 37 36 38 39 34 30 32 31 33 44 59 64 60 55 61 57 62 56 63 58 65 
36 44 34 30 32 33 31 39 37 38 51 53 50 45 48 49 54 76 52 47 8  9  7  2  6  5  0  4  42 1  58 64 56 62 57 55 61 59 41 63 3  66 35 46 60 26 20 40 29 22 27 23 24 21 28 74 75 72 71 70 68 69 67 65 73 10 12 14 18 13 16 11 19 43 15 17 25 
33 37 44 35 31 32 38 36 30 34 46 48 53 50 47 76 45 52 51 49 6  0  1  5  7  3  8  42 2  4  57 61 63 55 56 60 58 41 62 59 9  75 39 54 64 23 25 27 26 21 20 22 40 28 24 70 69 73 68 72 66 74 65 71 67 19 10 16 14 18 17 43 13 15 12 11 29 
35 38 31 44 36 39 33 30 34 32 76 45 54 46 50 48 51 47 49 53 9  5  8  4  0  42 3  7  1  6  64 55 58 59 61 41 60 56 63 57 2  71 37 52 62 25 40 28 20 26 24 29 21 23 22 75 68 74 67 69 65 66 72 73 70 15 43 13 19 10 18 16 12 17 11 14 27 
38 39 35 33 44 34 37 31 36 30 50 76 49 47 52 46 48 54 45 51 4  7  2  0  42 8  1  3  9  5  59 56 62 61 41 58 63 60 64 55 6  70 32 53 57 28 23 29 21 40 26 24 25 27 20 67 72 71 69 65 74 73 66 75 68 14 18 43 11 17 15 10 16 19 13 12 22 
31 35 30 36 34 38 44 32 39 37 45 49 47 48 76 51 53 46 54 52 1  6  42 9  4  0  7  5  3  2  63 57 41 64 59 61 56 55 60 62 8  74 33 50 58 21 26 25 22 24 29 28 20 40 27 73 70 65 75 67 69 72 68 66 71 18 13 11 17 16 43 12 14 10 19 15 23 
34 36 39 32 37 44 30 38 33 35 53 52 76 49 51 54 47 45 50 46 42 1  5  8  2  6  4  9  0  3  41 63 55 58 62 57 59 64 61 60 7  72 31 48 56 24 22 26 28 27 23 40 29 20 25 65 73 68 74 71 70 67 75 69 66 16 14 15 43 11 12 19 17 13 18 10 21 
37 32 33 38 35 30 39 44 31 36 47 46 51 52 54 50 76 53 48 45 5  42 9  7  3  1  2  8  6  0  55 41 64 56 60 63 62 58 57 61 4  67 34 49 59 27 28 22 40 25 21 20 23 29 26 68 65 75 72 66 73 71 74 70 69 11 17 10 12 15 19 18 43 14 16 13 24 
32 30 37 39 38 31 34 33 35 44 54 47 48 53 49 52 50 51 46 76 7  8  4  3  1  9  6  2  5  42 56 58 59 60 63 64 57 62 55 41 0  69 36 45 61 22 29 20 23 28 25 21 27 24 40 72 74 67 66 73 75 70 71 68 65 13 19 17 16 14 11 15 18 12 10 43 26 
39 34 38 37 33 36 32 35 44 31 52 50 45 54 53 47 46 49 76 48 0  3  6  42 8  2  9  1  4  7  61 60 57 41 58 62 64 63 59 56 5  68 30 51 55 29 27 24 25 23 40 26 28 22 21 69 66 70 65 74 71 75 73 67 72 12 15 18 13 19 14 17 10 11 43 16 20 
44 33 36 31 30 37 35 34 32 39 48 51 52 76 46 45 49 50 53 54 2  4  3  6  5  7  42 0  8  9  62 59 60 57 55 56 41 61 58 64 1  73 38 47 63 40 21 23 24 20 22 27 26 25 29 71 67 66 70 68 72 65 69 74 75 17 16 12 15 43 10 13 11 18 14 19 28 
71 70 74 73 66 68 75 65 72 69 1  3  5  2  9  8  42 6  7  0  55 41 64 56 60 63 62 58 57 61 12 43 19 16 10 17 15 18 14 13 59 49 67 4  11 37 38 32 44 35 31 30 33 39 36 51 76 54 48 46 47 52 50 53 45 24 28 25 20 27 29 23 40 22 21 26 34 
73 75 66 74 65 67 71 72 69 68 8  42 4  1  2  3  7  9  0  5  59 56 62 61 41 58 63 60 64 55 11 16 15 13 43 18 17 10 19 12 57 53 70 6  14 38 33 39 31 44 36 34 35 37 30 49 48 52 45 76 50 47 46 54 51 22 23 40 24 28 27 25 21 29 26 20 32 
75 67 73 71 74 69 70 66 65 72 2  8  0  9  6  1  3  4  42 7  61 60 57 41 58 62 64 63 59 56 13 10 14 43 18 15 19 17 11 16 55 51 68 5  12 39 37 34 35 33 44 36 38 32 31 45 46 53 76 50 52 54 47 49 48 20 27 23 26 29 22 28 25 24 40 21 30 
67 69 75 70 71 65 68 73 74 66 6  2  42 4  5  9  1  0  8  3  41 63 55 58 62 57 59 64 61 60 43 17 12 18 15 14 11 19 13 10 56 48 72 7  16 34 32 36 38 37 33 44 39 30 35 76 47 51 50 52 53 49 54 45 46 21 22 27 40 24 20 29 28 26 23 25 31 
72 66 68 69 67 73 65 70 75 71 0  4  1  7  42 5  6  3  9  2  63 57 41 64 59 61 56 55 60 62 17 14 43 19 11 13 16 12 10 15 58 50 74 8  18 31 36 35 32 34 39 38 30 44 37 47 53 76 54 49 45 48 51 46 52 23 26 24 28 21 40 20 22 25 29 27 33 
74 71 65 66 72 70 73 69 68 67 3  7  6  8  1  42 0  2  5  4  57 61 63 55 56 60 58 41 62 59 14 13 17 12 16 10 18 43 15 11 64 54 75 9  19 33 35 37 36 31 30 32 44 38 34 53 45 47 51 48 46 50 76 52 49 29 25 21 22 23 28 40 26 27 20 24 39 
69 65 67 68 70 74 72 75 71 73 5  6  8  0  7  4  9  42 2  1  58 64 56 62 57 55 61 59 41 63 18 19 16 15 14 12 13 11 43 17 60 46 66 3  10 36 30 44 39 32 37 33 34 31 38 50 54 48 52 53 51 45 49 76 47 25 20 22 23 26 21 24 29 40 27 28 35 
70 68 71 75 73 72 67 74 66 65 9  1  7  6  4  2  8  5  3  42 56 58 59 60 63 64 57 62 55 41 16 18 11 10 17 19 14 15 12 43 61 45 69 0  13 32 39 30 33 38 35 31 37 34 44 48 50 49 46 47 54 53 52 51 76 26 29 28 21 22 24 27 23 20 25 40 36 
66 73 72 65 69 75 74 68 67 70 42 0  9  3  8  7  5  1  4  6  64 55 58 59 61 41 60 56 63 57 19 12 18 11 13 43 10 16 17 14 62 52 71 2  15 35 44 38 30 36 34 39 31 33 32 54 51 50 49 45 76 46 48 47 53 27 40 26 29 25 23 21 20 28 24 22 37 
65 74 69 72 68 71 66 67 70 75 7  5  2  42 3  0  4  8  6  9  62 59 60 57 55 56 41 61 58 64 15 11 10 14 12 16 43 13 18 19 63 47 73 1  17 44 31 33 34 30 32 37 36 35 39 52 49 46 53 51 48 76 45 50 54 28 21 20 27 40 25 26 24 23 22 29 38 
5  7  6  4  9  3  0  2  1  8  11 19 10 12 13 14 15 16 17 18 25 27 26 28 29 24 20 22 21 23 35 37 36 38 39 34 30 32 31 33 76 44 40 65 42 51 49 48 52 54 47 46 53 45 50 60 62 61 63 64 59 55 57 56 58 41 67 75 66 68 69 70 71 72 73 74 43 
8  2  42 3  7  6  1  0  5  4  10 16 14 18 17 43 13 15 12 11 22 26 28 20 21 25 23 40 27 24 32 36 38 30 31 35 33 44 37 34 29 64 9  19 39 50 46 52 45 48 51 53 76 47 49 57 61 63 55 56 60 58 41 62 59 75 66 72 70 74 73 65 69 71 68 67 54 
7  3  5  0  4  1  42 6  9  2  13 11 17 16 43 12 14 10 19 15 28 22 40 29 24 26 21 20 25 27 38 32 44 39 34 36 31 30 35 37 23 58 8  18 33 48 45 46 53 49 54 47 51 76 52 63 57 41 64 59 61 56 55 60 62 74 69 67 73 72 65 68 70 66 75 71 50 
2  6  8  1  3  5  9  42 7  0  17 10 12 15 19 18 43 14 16 13 20 40 29 21 25 28 27 23 22 26 30 44 39 31 35 38 37 33 32 36 24 59 4  11 34 52 47 53 76 46 48 51 50 54 45 55 41 64 56 60 63 62 58 57 61 67 73 66 68 71 75 74 65 70 72 69 49 
0  42 4  5  6  8  7  9  2  1  12 14 18 13 16 11 19 43 15 17 23 29 21 27 22 20 26 24 40 28 33 39 31 37 32 30 36 34 44 38 25 60 3  10 35 45 51 76 54 53 52 50 49 48 47 58 64 56 62 57 55 61 59 41 63 66 68 70 74 69 72 67 75 65 71 73 46 
9  4  1  2  8  0  6  3  42 7  15 18 13 19 14 17 10 11 43 16 26 25 22 40 23 27 29 28 24 21 36 35 32 44 33 37 39 38 34 31 20 55 5  12 30 54 52 49 46 50 76 45 47 53 48 61 60 57 41 58 62 64 63 59 56 68 71 74 69 75 70 73 66 67 65 72 51 
6  5  2  9  1  7  4  8  3  42 19 17 16 14 11 15 18 12 10 43 21 23 24 25 28 29 22 27 20 40 31 33 34 35 38 39 32 37 30 44 26 61 0  13 36 53 54 51 50 47 46 48 52 49 76 56 58 59 60 63 64 57 62 55 41 69 75 73 72 70 67 71 74 68 66 65 45 
1  9  3  8  42 4  2  7  0  5  18 43 11 17 15 10 16 19 13 12 24 21 27 26 40 23 28 25 29 20 34 31 37 36 44 33 38 35 39 30 22 57 6  14 32 47 50 54 48 76 45 49 46 52 51 59 56 62 61 41 58 63 60 64 55 70 74 65 67 73 71 66 72 75 69 68 53 
3  1  7  42 0  9  8  5  4  6  43 13 19 10 18 16 12 17 11 14 29 20 23 24 26 40 25 21 28 22 39 30 33 34 36 44 35 31 38 32 27 62 2  15 37 46 76 47 51 45 49 54 48 50 53 64 55 58 59 61 41 60 56 63 57 71 65 69 75 66 74 72 68 73 67 70 52 
4  0  9  6  2  42 5  1  8  3  14 15 43 11 12 19 17 13 18 10 40 28 20 23 27 22 24 29 26 25 44 38 30 33 37 32 34 39 36 35 21 56 7  16 31 49 53 45 47 52 50 76 54 51 46 41 63 55 58 62 57 59 64 61 60 72 70 71 65 67 68 75 73 69 74 66 48 
42 8  0  7  5  2  3  4  6  9  16 12 15 43 10 13 11 18 14 19 27 24 25 22 20 21 40 26 23 29 37 34 35 32 30 31 44 36 33 39 28 63 1  17 38 76 48 50 49 51 53 52 45 46 54 62 59 60 57 55 56 41 61 58 64 73 72 68 71 65 66 69 67 74 70 75 47 
30 31 32 34 39 35 36 37 38 33 49 54 46 51 45 53 52 48 47 50 3  2  0  1  9  4  5  6  7  8  60 62 61 63 64 59 55 57 56 58 40 41 42 43 44 20 24 21 27 29 28 25 22 26 23 66 71 69 73 75 67 68 70 72 74 65 11 19 10 12 13 14 15 16 17 18 76 
