70 72 76 69 71 66 74 68 73 67 10 13 61 17 11 12 18 15 19 14 40 43 64 47 41 42 48 45 49 44 0  9  65 6  1  2  7  4  8  3  52 50 60 57 51 53 58 55 59 54 37 33 30 63 31 32 38 35 39 34 36 16 46 5  56 75 29 25 24 23 20 62 27 21 22 28 26
76 69 75 70 67 73 66 72 71 68 61 11 16 19 10 17 14 18 13 12 64 41 46 49 40 47 44 48 43 42 65 1  5  8  0  6  3  7  9  2  60 51 56 59 52 57 54 58 50 53 39 31 63 36 30 37 34 38 33 32 35 15 45 4  55 74 23 28 22 21 62 26 29 20 27 24 25
73 74 71 66 70 72 68 75 69 76 14 15 12 61 18 10 13 19 16 11 44 45 42 64 48 40 43 49 46 41 3  4  2  65 7  0  9  8  5  1  54 55 53 60 58 52 50 59 56 51 63 35 34 32 38 30 33 39 36 31 37 17 47 6  57 67 26 29 21 25 24 22 62 28 20 23 27
71 66 67 73 76 69 72 74 70 75 12 18 17 16 14 61 11 13 15 10 42 48 47 46 44 64 41 43 45 40 2  7  6  5  3  65 1  9  4  0  53 58 57 56 54 60 51 50 55 52 36 38 32 37 34 63 31 33 35 30 39 19 49 8  59 68 25 23 20 28 22 27 26 24 62 21 29
68 71 72 67 74 76 70 73 75 66 19 12 13 18 17 15 61 10 14 16 49 42 43 48 47 45 64 40 44 46 8  2  9  7  6  4  65 0  3  5  59 53 50 58 57 55 60 52 54 56 38 32 39 33 37 35 63 30 34 36 31 11 41 1  51 69 24 20 26 22 29 23 28 27 25 62 21
72 67 69 68 66 75 76 71 74 73 13 17 11 14 19 18 16 61 12 15 43 47 41 44 49 48 46 64 42 45 9  6  1  3  8  7  5  65 2  4  50 57 51 54 59 58 56 60 53 55 34 37 33 31 39 38 36 63 32 35 30 10 40 0  52 70 22 62 25 27 23 21 24 29 28 26 20
66 75 73 74 69 68 67 76 72 70 18 16 14 10 15 11 19 17 61 13 48 46 44 40 45 41 49 47 64 43 7  5  3  0  4  1  8  6  65 9  58 56 54 52 55 51 59 57 60 50 30 36 38 34 35 31 39 37 63 33 32 12 42 2  53 71 62 27 23 26 28 24 20 25 21 29 22
67 73 68 71 75 70 69 66 76 74 17 14 19 15 12 16 10 11 18 61 47 44 49 45 42 46 40 41 48 64 6  3  8  4  2  5  0  1  7  65 57 54 59 55 53 56 52 51 58 60 35 34 37 39 32 36 30 31 38 63 33 13 43 9  50 72 28 21 62 24 27 29 25 22 26 20 23
74 76 66 75 72 67 71 70 68 69 15 61 18 11 16 13 17 12 10 19 45 64 48 41 46 43 47 42 40 49 4  65 7  1  5  9  6  2  0  8  55 60 58 51 56 50 57 53 52 59 31 63 35 38 36 33 37 32 30 39 34 14 44 3  54 73 20 22 29 62 25 28 21 26 23 27 24
75 70 74 76 68 71 73 69 67 72 16 10 15 13 61 19 12 14 11 17 46 40 45 43 64 49 42 44 41 47 5  0  4  9  65 8  2  3  1  6  56 52 55 50 60 59 53 54 51 57 33 30 36 35 63 39 32 34 31 37 38 18 48 7  58 66 21 24 27 20 26 25 23 62 29 22 28
40 43 64 41 42 48 45 49 44 47 70 72 76 67 69 71 66 74 68 73 20 23 62 27 21 22 28 25 29 24 52 50 60 57 51 53 58 55 59 54 10 13 61 17 11 12 18 15 19 14 6  9  0  65 1  2  7  4  8  3  5  75 26 56 16 46 39 35 34 33 30 63 37 31 32 38 36
64 41 46 40 47 44 48 43 42 49 76 69 75 68 70 67 73 66 72 71 62 21 26 29 20 27 24 28 23 22 60 51 56 59 52 57 54 58 50 53 61 11 16 19 10 17 14 18 13 12 8  1  65 5  0  6  3  7  9  2  4  74 25 55 15 45 33 38 32 31 63 36 39 30 37 34 35
44 45 42 48 40 43 49 46 41 64 73 74 71 76 66 70 72 68 75 69 24 25 22 62 28 20 23 29 26 21 54 55 53 60 58 52 50 59 56 51 14 15 12 61 18 10 13 19 16 11 65 4  3  2  7  0  9  8  5  1  6  67 27 57 17 47 36 39 31 35 34 32 63 38 30 33 37
46 40 45 64 49 42 44 41 47 43 75 70 74 72 76 68 71 73 69 67 26 20 25 23 62 29 22 24 21 27 56 52 55 50 60 59 53 54 51 57 16 10 15 13 61 19 12 14 11 17 9  0  5  4  65 8  2  3  1  6  7  66 28 58 18 48 31 34 37 30 36 35 33 63 39 32 38
42 48 47 44 64 41 43 45 40 46 71 66 67 75 73 76 69 72 74 70 22 28 27 26 24 62 21 23 25 20 53 58 57 56 54 60 51 50 55 52 12 18 17 16 14 61 11 13 15 10 5  7  2  6  3  65 1  9  4  0  8  68 29 59 19 49 35 33 30 38 32 37 36 34 63 31 39
49 42 43 47 45 64 40 44 46 48 68 71 72 66 67 74 76 70 73 75 29 22 23 28 27 25 62 20 24 26 59 53 50 58 57 55 60 52 54 56 19 12 13 18 17 15 61 10 14 16 7  2  8  9  6  4  65 0  3  5  1  69 21 51 11 41 34 30 36 32 39 33 38 37 35 63 31
43 47 41 49 48 46 64 42 45 44 72 67 69 73 68 66 75 76 71 74 23 27 21 24 29 28 26 62 22 25 50 57 51 54 59 58 56 60 53 55 13 17 11 14 19 18 16 61 12 15 3  6  9  1  8  7  5  65 2  4  0  70 20 52 10 40 32 63 35 37 33 31 34 39 38 36 30
48 46 44 45 41 49 47 64 43 40 66 75 73 70 74 69 68 67 76 72 28 26 24 20 25 21 29 27 62 23 58 56 54 52 55 51 59 57 60 50 18 16 14 10 15 11 19 17 61 13 0  5  7  3  4  1  8  6  65 9  2  71 22 53 12 42 63 37 33 36 38 34 30 35 31 39 32
47 44 49 42 46 40 41 48 64 45 67 73 68 74 71 75 70 69 66 76 27 24 29 25 22 26 20 21 28 62 57 54 59 55 53 56 52 51 58 60 17 14 19 15 12 16 10 11 18 61 4  3  6  8  2  5  0  1  7  65 9  72 23 50 13 43 38 31 63 34 37 39 35 32 36 30 33
45 64 48 46 43 47 42 40 49 41 74 76 66 69 75 72 67 71 70 68 25 62 28 21 26 23 27 22 20 29 55 60 58 51 56 50 57 53 52 59 15 61 18 11 16 13 17 12 10 19 1  65 4  7  5  9  6  2  0  8  3  73 24 54 14 44 30 32 39 63 35 38 31 36 33 37 34
10 13 61 11 12 18 15 19 14 17 52 50 60 57 51 53 58 55 59 54 70 72 76 67 69 71 66 74 68 73 30 33 63 37 31 32 38 35 39 34 0  9  65 6  1  2  7  4  8  3  27 23 20 62 21 22 28 25 29 24 26 56 75 36 5  16 49 45 44 43 40 64 47 41 42 48 46
61 11 16 10 17 14 18 13 12 19 60 51 56 59 52 57 54 58 50 53 76 69 75 68 70 67 73 66 72 71 63 31 36 39 30 37 34 38 33 32 65 1  5  8  0  6  3  7  9  2  29 21 62 26 20 27 24 28 23 22 25 55 74 35 4  15 43 48 42 41 64 46 49 40 47 44 45
14 15 12 18 10 13 19 16 11 61 54 55 53 60 58 52 50 59 56 51 73 74 71 76 66 70 72 68 75 69 34 35 32 63 38 30 33 39 36 31 3  4  2  65 7  0  9  8  5  1  62 25 24 22 28 20 23 29 26 21 27 57 67 37 6  17 46 49 41 45 44 42 64 48 40 43 47
16 10 15 61 19 12 14 11 17 13 56 52 55 50 60 59 53 54 51 57 75 70 74 72 76 68 71 73 69 67 36 30 35 33 63 39 32 34 31 37 5  0  4  9  65 8  2  3  1  6  23 20 26 25 62 29 22 24 21 27 28 58 66 38 7  18 41 44 47 40 46 45 43 64 49 42 48
12 18 17 14 61 11 13 15 10 16 53 58 57 56 54 60 51 50 55 52 71 66 67 75 73 76 69 72 74 70 32 38 37 36 34 63 31 33 35 30 2  7  6  5  3  65 1  9  4  0  26 28 22 27 24 62 21 23 25 20 29 59 68 39 8  19 45 43 40 48 42 47 46 44 64 41 49
19 12 13 17 15 61 10 14 16 18 59 53 50 58 57 55 60 52 54 56 68 71 72 66 67 74 76 70 73 75 39 32 33 38 37 35 63 30 34 36 8  2  9  7  6  4  65 0  3  5  28 22 29 23 27 25 62 20 24 26 21 51 69 31 1  11 44 40 46 42 49 43 48 47 45 64 41
13 17 11 19 18 16 61 12 15 14 50 57 51 54 59 58 56 60 53 55 72 67 69 73 68 66 75 76 71 74 33 37 31 34 39 38 36 63 32 35 9  6  1  3  8  7  5  65 2  4  24 27 23 21 29 28 26 62 22 25 20 52 70 30 0  10 42 64 45 47 43 41 44 49 48 46 40
18 16 14 15 11 19 17 61 13 10 58 56 54 52 55 51 59 57 60 50 66 75 73 70 74 69 68 67 76 72 38 36 34 30 35 31 39 37 63 33 7  5  3  0  4  1  8  6  65 9  20 26 28 24 25 21 29 27 62 23 22 53 71 32 2  12 64 47 43 46 48 44 40 45 41 49 42
17 14 19 12 16 10 11 18 61 15 57 54 59 55 53 56 52 51 58 60 67 73 68 74 71 75 70 69 66 76 37 34 39 35 32 36 30 31 38 63 6  3  8  4  2  5  0  1  7  65 25 24 27 29 22 26 20 21 28 62 23 50 72 33 9  13 48 41 64 44 47 49 45 42 46 40 43
15 61 18 16 13 17 12 10 19 11 55 60 58 51 56 50 57 53 52 59 74 76 66 69 75 72 67 71 70 68 35 63 38 31 36 33 37 32 30 39 4  65 7  1  5  9  6  2  0  8  21 62 25 28 26 23 27 22 20 29 24 54 73 34 3  14 40 42 49 64 45 48 41 46 43 47 44
30 33 63 31 32 38 35 39 34 37 20 23 62 27 21 22 28 25 29 24 0  9  65 6  1  2  7  4  8  3  70 72 76 67 69 71 66 74 68 73 40 43 64 47 41 42 48 45 49 44 17 13 10 61 11 12 18 15 19 14 16 26 5  75 46 36 59 55 54 50 52 60 57 51 53 58 56
63 31 36 30 37 34 38 33 32 39 62 21 26 29 20 27 24 28 23 22 65 1  5  8  0  6  3  7  9  2  76 69 75 68 70 67 73 66 72 71 64 41 46 49 40 47 44 48 43 42 19 11 61 16 10 17 14 18 13 12 15 25 4  74 45 35 50 58 53 51 60 56 59 52 57 54 55
34 35 32 38 30 33 39 36 31 63 24 25 22 62 28 20 23 29 26 21 3  4  2  65 7  0  9  8  5  1  73 74 71 76 66 70 72 68 75 69 44 45 42 64 48 40 43 49 46 41 61 15 14 12 18 10 13 19 16 11 17 27 6  67 47 37 56 59 51 55 54 53 60 58 52 50 57
36 30 35 63 39 32 34 31 37 33 26 20 25 23 62 29 22 24 21 27 5  0  4  9  65 8  2  3  1  6  75 70 74 72 76 68 71 73 69 67 46 40 45 43 64 49 42 44 41 47 13 10 16 15 61 19 12 14 11 17 18 28 7  66 48 38 51 54 57 52 56 55 50 60 59 53 58
32 38 37 34 63 31 33 35 30 36 22 28 27 26 24 62 21 23 25 20 2  7  6  5  3  65 1  9  4  0  71 66 67 75 73 76 69 72 74 70 42 48 47 46 44 64 41 43 45 40 16 18 12 17 14 61 11 13 15 10 19 29 8  68 49 39 55 50 52 58 53 57 56 54 60 51 59
39 32 33 37 35 63 30 34 36 38 29 22 23 28 27 25 62 20 24 26 8  2  9  7  6  4  65 0  3  5  68 71 72 66 67 74 76 70 73 75 49 42 43 48 47 45 64 40 44 46 18 12 19 13 17 15 61 10 14 16 11 21 1  69 41 31 54 52 56 53 59 50 58 57 55 60 51
33 37 31 39 38 36 63 32 35 34 23 27 21 24 29 28 26 62 22 25 9  6  1  3  8  7  5  65 2  4  72 67 69 73 68 66 75 76 71 74 43 47 41 44 49 48 46 64 42 45 14 17 13 11 19 18 16 61 12 15 10 20 0  70 40 30 53 60 55 57 50 51 54 59 58 56 52
38 36 34 35 31 39 37 63 33 30 28 26 24 20 25 21 29 27 62 23 7  5  3  0  4  1  8  6  65 9  66 75 73 70 74 69 68 67 76 72 48 46 44 40 45 41 49 47 64 43 10 16 18 14 15 11 19 17 61 13 12 22 2  71 42 32 60 57 50 56 58 54 52 55 51 59 53
37 34 39 32 36 30 31 38 63 35 27 24 29 25 22 26 20 21 28 62 6  3  8  4  2  5  0  1  7  65 67 73 68 74 71 75 70 69 66 76 47 44 49 45 42 46 40 41 48 64 15 14 17 19 12 16 10 11 18 61 13 23 9  72 43 33 58 51 60 54 57 59 55 53 56 52 50
35 63 38 36 33 37 32 30 39 31 25 62 28 21 26 23 27 22 20 29 4  65 7  1  5  9  6  2  0  8  74 76 66 69 75 72 67 71 70 68 45 64 48 41 46 43 47 42 40 49 11 61 15 18 16 13 17 12 10 19 14 24 3  73 44 34 52 53 59 60 55 58 51 56 50 57 54
20 23 62 21 22 28 25 29 24 27 40 43 64 47 41 42 48 45 49 44 30 33 63 37 31 32 38 35 39 34 10 13 61 17 11 12 18 15 19 14 70 72 76 67 69 71 66 74 68 73 57 50 52 60 51 53 58 55 59 54 56 46 36 16 75 26 8  4  3  9  0  65 6  1  2  7  5
62 21 26 20 27 24 28 23 22 29 64 41 46 49 40 47 44 48 43 42 63 31 36 39 30 37 34 38 33 32 61 11 16 19 10 17 14 18 13 12 76 69 75 68 70 67 73 66 72 71 59 51 60 56 52 57 54 58 50 53 55 45 35 15 74 25 9  7  2  1  65 5  8  0  6  3  4
24 25 22 28 20 23 29 26 21 62 44 45 42 64 48 40 43 49 46 41 34 35 32 63 38 30 33 39 36 31 14 15 12 61 18 10 13 19 16 11 73 74 71 76 66 70 72 68 75 69 60 55 54 53 58 52 50 59 56 51 57 47 37 17 67 27 5  8  1  4  3  2  65 7  0  9  6
26 20 25 62 29 22 24 21 27 23 46 40 45 43 64 49 42 44 41 47 36 30 35 33 63 39 32 34 31 37 16 10 15 13 61 19 12 14 11 17 75 70 74 72 76 68 71 73 69 67 50 52 56 55 60 59 53 54 51 57 58 48 38 18 66 28 1  3  6  0  5  4  9  65 8  2  7
22 28 27 24 62 21 23 25 20 26 42 48 47 46 44 64 41 43 45 40 32 38 37 36 34 63 31 33 35 30 12 18 17 16 14 61 11 13 15 10 71 66 67 75 73 76 69 72 74 70 56 58 53 57 54 60 51 50 55 52 59 49 39 19 68 29 4  9  0  7  2  6  5  3  65 1  8
29 22 23 27 25 62 20 24 26 28 49 42 43 48 47 45 64 40 44 46 39 32 33 38 37 35 63 30 34 36 19 12 13 18 17 15 61 10 14 16 68 71 72 66 67 74 76 70 73 75 58 53 59 50 57 55 60 52 54 56 51 41 31 11 69 21 3  0  5  2  8  9  7  6  4  65 1
23 27 21 29 28 26 62 22 25 24 43 47 41 44 49 48 46 64 42 45 33 37 31 34 39 38 36 63 32 35 13 17 11 14 19 18 16 61 12 15 72 67 69 73 68 66 75 76 71 74 54 57 50 51 59 58 56 60 53 55 52 40 30 10 70 20 2  65 4  6  9  1  3  8  7  5  0
28 26 24 25 21 29 27 62 23 20 48 46 44 40 45 41 49 47 64 43 38 36 34 30 35 31 39 37 63 33 18 16 14 10 15 11 19 17 61 13 66 75 73 70 74 69 68 67 76 72 52 56 58 54 55 51 59 57 60 50 53 42 32 12 71 22 65 6  9  5  7  3  0  4  1  8  2
27 24 29 22 26 20 21 28 62 25 47 44 49 45 42 46 40 41 48 64 37 34 39 35 32 36 30 31 38 63 17 14 19 15 12 16 10 11 18 61 67 73 68 74 71 75 70 69 66 76 55 54 57 59 53 56 52 51 58 60 50 43 33 13 72 23 7  1  65 3  6  8  4  2  5  0  9
25 62 28 26 23 27 22 20 29 21 45 64 48 41 46 43 47 42 40 49 35 63 38 31 36 33 37 32 30 39 15 61 18 11 16 13 17 12 10 19 74 76 66 69 75 72 67 71 70 68 51 60 55 58 56 50 57 53 52 59 54 44 34 14 73 24 0  2  8  65 4  7  1  5  9  6  3
5  0  4  65 8  2  3  1  6  9  36 30 35 33 63 39 32 34 31 37 56 52 55 50 60 59 53 54 51 57 46 40 45 43 64 49 42 44 41 47 26 20 25 23 62 29 22 24 21 27 72 70 75 74 76 68 71 73 69 67 66 38 58 48 28 7  11 14 17 10 16 15 13 61 19 12 18
65 1  5  0  6  3  7  9  2  8  63 31 36 39 30 37 34 38 33 32 60 51 56 59 52 57 54 58 50 53 64 41 46 49 40 47 44 48 43 42 62 21 26 29 20 27 24 28 23 22 68 69 76 75 70 67 73 66 72 71 74 35 55 45 25 4  13 18 12 11 61 16 19 10 17 14 15
0  9  65 1  2  7  4  8  3  6  30 33 63 37 31 32 38 35 39 34 52 50 60 57 51 53 58 55 59 54 40 43 64 47 41 42 48 45 49 44 20 23 62 27 21 22 28 25 29 24 67 72 70 76 69 71 66 74 68 73 75 36 56 46 26 5  19 15 14 13 10 61 17 11 12 18 16
3  4  2  7  0  9  8  5  1  65 34 35 32 63 38 30 33 39 36 31 54 55 53 60 58 52 50 59 56 51 44 45 42 64 48 40 43 49 46 41 24 25 22 62 28 20 23 29 26 21 76 74 73 71 66 70 72 68 75 69 67 37 57 47 27 6  16 19 11 15 14 12 61 18 10 13 17
2  7  6  3  65 1  9  4  0  5  32 38 37 36 34 63 31 33 35 30 53 58 57 56 54 60 51 50 55 52 42 48 47 46 44 64 41 43 45 40 22 28 27 26 24 62 21 23 25 20 75 66 71 67 73 76 69 72 74 70 68 39 59 49 29 8  15 13 10 18 12 17 16 14 61 11 19
8  2  9  6  4  65 0  3  5  7  39 32 33 38 37 35 63 30 34 36 59 53 50 58 57 55 60 52 54 56 49 42 43 48 47 45 64 40 44 46 29 22 23 28 27 25 62 20 24 26 66 71 68 72 67 74 76 70 73 75 69 31 51 41 21 1  14 10 16 12 19 13 18 17 15 61 11
9  6  1  8  7  5  65 2  4  3  33 37 31 34 39 38 36 63 32 35 50 57 51 54 59 58 56 60 53 55 43 47 41 44 49 48 46 64 42 45 23 27 21 24 29 28 26 62 22 25 73 67 72 69 68 66 75 76 71 74 70 30 52 40 20 0  12 61 15 17 13 11 14 19 18 16 10
7  5  3  4  1  8  6  65 9  0  38 36 34 30 35 31 39 37 63 33 58 56 54 52 55 51 59 57 60 50 48 46 44 40 45 41 49 47 64 43 28 26 24 20 25 21 29 27 62 23 70 75 66 73 74 69 68 67 76 72 71 32 53 42 22 2  61 17 13 16 18 14 10 15 11 19 12
6  3  8  2  5  0  1  7  65 4  37 34 39 35 32 36 30 31 38 63 57 54 59 55 53 56 52 51 58 60 47 44 49 45 42 46 40 41 48 64 27 24 29 25 22 26 20 21 28 62 74 73 67 68 71 75 70 69 66 76 72 33 50 43 23 9  18 11 61 14 17 19 15 12 16 10 13
4  65 7  5  9  6  2  0  8  1  35 63 38 31 36 33 37 32 30 39 55 60 58 51 56 50 57 53 52 59 45 64 48 41 46 43 47 42 40 49 25 62 28 21 26 23 27 22 20 29 69 76 74 66 75 72 67 71 70 68 73 34 54 44 24 3  10 12 19 61 15 18 11 16 13 17 14
1  8  0  9  3  4  5  6  7  2  31 39 30 32 33 34 35 36 37 38 51 59 52 53 50 54 55 56 57 58 41 49 40 42 43 44 45 46 47 48 21 29 20 22 23 24 25 26 27 28 71 68 69 70 72 73 74 75 67 66 76 63 60 64 62 65 17 16 18 19 11 10 12 13 14 15 61
41 49 40 43 44 45 46 47 48 42 69 68 70 71 72 73 74 75 67 66 21 29 20 22 23 24 25 26 27 28 51 59 52 53 50 54 55 56 57 58 11 19 10 12 13 14 15 16 17 18 2  8  1  0  9  3  4  5  6  7  65 76 62 60 61 64 37 36 38 39 31 30 32 33 34 35 63
11 19 10 13 14 15 16 17 18 12 51 59 52 53 50 54 55 56 57 58 69 68 70 71 72 73 74 75 67 66 31 39 30 32 33 34 35 36 37 38 1  8  0  2  9  3  4  5  6  7  22 29 21 20 23 24 25 26 27 28 62 60 76 63 65 61 47 46 48 49 41 40 42 43 44 45 64
31 39 30 33 34 35 36 37 38 32 21 29 20 22 23 24 25 26 27 28 1  8  0  2  9  3  4  5  6  7  69 68 70 71 72 73 74 75 67 66 41 49 40 42 43 44 45 46 47 48 12 19 11 10 13 14 15 16 17 18 61 62 65 76 64 63 57 56 58 59 51 52 53 50 54 55 60
21 29 20 23 24 25 26 27 28 22 41 49 40 42 43 44 45 46 47 48 31 39 30 32 33 34 35 36 37 38 11 19 10 12 13 14 15 16 17 18 69 68 70 71 72 73 74 75 67 66 53 59 51 52 50 54 55 56 57 58 60 64 63 61 76 62 6  5  7  8  1  0  2  9  3  4  65
69 68 70 72 73 74 75 67 66 71 11 19 10 12 13 14 15 16 17 18 41 49 40 42 43 44 45 46 47 48 1  8  0  2  9  3  4  5  6  7  51 59 52 53 50 54 55 56 57 58 32 39 31 30 33 34 35 36 37 38 63 61 64 65 60 76 27 26 28 29 21 20 22 23 24 25 62
57 54 59 53 56 52 51 58 60 55 6  3  8  4  2  5  0  1  7  65 17 14 19 15 12 16 10 11 18 61 27 24 29 25 22 26 20 21 28 62 37 34 39 35 32 36 30 31 38 63 45 44 47 49 42 46 40 41 48 64 43 9  13 23 33 50 66 69 76 73 67 68 74 71 75 70 72
58 56 54 55 51 59 57 60 50 52 7  5  3  0  4  1  8  6  65 9  18 16 14 10 15 11 19 17 61 13 28 26 24 20 25 21 29 27 62 23 38 36 34 30 35 31 39 37 63 33 40 46 48 44 45 41 49 47 64 43 42 2  12 22 32 53 76 67 72 75 66 73 70 74 69 68 71
55 60 58 56 50 57 53 52 59 51 4  65 7  1  5  9  6  2  0  8  15 61 18 11 16 13 17 12 10 19 25 62 28 21 26 23 27 22 20 29 35 63 38 31 36 33 37 32 30 39 41 64 45 48 46 43 47 42 40 49 44 3  14 24 34 54 70 71 68 76 74 66 69 75 72 67 73
60 51 56 52 57 54 58 50 53 59 65 1  5  8  0  6  3  7  9  2  61 11 16 19 10 17 14 18 13 12 62 21 26 29 20 27 24 28 23 22 63 31 36 39 30 37 34 38 33 32 49 41 64 46 40 47 44 48 43 42 45 4  15 25 35 55 72 66 71 69 76 75 68 70 67 73 74
52 50 60 51 53 58 55 59 54 57 0  9  65 6  1  2  7  4  8  3  10 13 61 17 11 12 18 15 19 14 20 23 62 27 21 22 28 25 29 24 30 33 63 37 31 32 38 35 39 34 47 43 40 64 41 42 48 45 49 44 46 5  16 26 36 56 68 74 73 72 70 76 67 69 71 66 75
54 55 53 58 52 50 59 56 51 60 3  4  2  65 7  0  9  8  5  1  14 15 12 61 18 10 13 19 16 11 24 25 22 62 28 20 23 29 26 21 34 35 32 63 38 30 33 39 36 31 64 45 44 42 48 40 43 49 46 41 47 6  17 27 37 57 75 68 69 74 73 71 76 66 70 72 67
56 52 55 60 59 53 54 51 57 50 5  0  4  9  65 8  2  3  1  6  16 10 15 13 61 19 12 14 11 17 26 20 25 23 62 29 22 24 21 27 36 30 35 33 63 39 32 34 31 37 43 40 46 45 64 49 42 44 41 47 48 7  18 28 38 58 69 73 67 70 75 74 72 76 68 71 66
53 58 57 54 60 51 50 55 52 56 2  7  6  5  3  65 1  9  4  0  12 18 17 16 14 61 11 13 15 10 22 28 27 26 24 62 21 23 25 20 32 38 37 36 34 63 31 33 35 30 46 48 42 47 44 64 41 43 45 40 49 8  19 29 39 59 74 72 70 66 71 67 75 73 76 69 68
59 53 50 57 55 60 52 54 56 58 8  2  9  7  6  4  65 0  3  5  19 12 13 18 17 15 61 10 14 16 29 22 23 28 27 25 62 20 24 26 39 32 33 38 37 35 63 30 34 36 48 42 49 43 47 45 64 40 44 46 41 1  11 21 31 51 73 70 75 71 68 72 66 67 74 76 69
50 57 51 59 58 56 60 53 55 54 9  6  1  3  8  7  5  65 2  4  13 17 11 14 19 18 16 61 12 15 23 27 21 24 29 28 26 62 22 25 33 37 31 34 39 38 36 63 32 35 44 47 43 41 49 48 46 64 42 45 40 0  10 20 30 52 71 76 74 67 72 69 73 68 66 75 70
51 59 52 50 54 55 56 57 58 53 1  8  0  2  9  3  4  5  6  7  11 19 10 12 13 14 15 16 17 18 21 29 20 22 23 24 25 26 27 28 31 39 30 32 33 34 35 36 37 38 42 49 41 40 43 44 45 46 47 48 64 65 61 62 63 60 67 75 66 68 69 70 71 72 73 74 76
