3  4  0  1  5  73 19 21 69 23 22 20 41 38 37 70 40 36 15 13 16 17 72 12 64 66 62 65 60 63 44 47 46 74 43 45 57 75 55 58 56 59 9  11 6  8  10 76 32 31 35 34 30 71 27 67 25 28 26 29 53 48 51 52 68 50 49 61 33 14 54 42 39 2  7  24 18 
1  5  3  4  73 2  23 69 18 21 19 22 36 41 70 40 39 37 16 12 72 14 13 17 65 62 61 66 64 60 42 43 44 45 46 47 75 54 59 55 58 57 7  10 9  76 6  11 30 34 31 32 71 33 25 29 26 24 67 28 68 52 48 53 50 49 51 63 35 15 56 74 38 0  8  27 20 
5  2  4  73 0  3  69 20 22 18 21 23 70 37 39 38 41 40 13 14 12 16 17 15 62 63 60 61 66 65 45 44 74 43 42 46 56 58 75 57 59 54 76 9  8  10 7  6  33 30 32 71 35 31 67 24 29 25 28 27 49 68 53 50 51 48 52 64 34 72 55 47 36 1  11 26 19 
73 0  5  2  3  1  18 22 19 20 69 21 40 70 38 41 36 39 12 15 17 72 14 16 61 60 64 63 62 66 47 42 45 46 74 44 58 55 54 75 57 56 11 7  76 6  8  9  35 71 30 33 31 34 29 27 28 26 24 25 51 50 68 49 48 52 53 65 32 13 59 43 37 4  10 67 23 
2  3  73 0  1  4  20 19 23 22 18 69 39 40 41 36 37 38 17 16 14 13 15 72 63 64 65 60 61 62 43 74 47 44 45 42 55 59 56 54 75 58 10 8  11 9  76 7  31 33 71 35 34 32 28 25 24 67 27 26 48 49 50 51 52 53 68 66 30 12 57 46 70 5  6  29 21 
4  73 1  5  2  0  21 18 20 69 23 19 37 36 40 39 38 70 72 17 13 15 12 14 66 61 63 62 65 64 74 46 42 47 44 43 54 56 57 59 55 75 8  6  7  11 9  10 71 32 34 30 33 35 26 28 67 27 29 24 50 53 52 68 49 51 48 60 31 16 58 45 41 3  76 25 22 
72 12 16 13 17 14 11 6  9  10 76 8  18 69 22 19 23 20 27 67 25 28 26 29 31 32 30 34 35 33 40 36 70 38 37 41 47 43 74 42 44 45 48 50 51 53 49 68 55 56 54 58 59 57 63 65 60 62 64 66 2  5  4  73 0  3  1  71 75 24 46 39 21 15 52 61 7  
13 17 72 12 14 15 10 9  7  6  11 76 20 18 19 23 21 22 25 29 26 24 67 28 34 30 71 32 31 35 39 37 40 41 70 36 43 46 45 74 42 47 52 49 48 68 51 50 59 58 56 55 57 75 60 66 64 61 65 62 0  73 5  2  3  1  4  33 54 27 44 38 69 16 53 63 8  
15 72 14 16 13 12 8  11 10 76 7  9  21 23 18 20 22 69 28 25 24 67 27 26 33 31 34 35 71 30 37 38 36 40 41 39 74 45 44 46 43 42 49 53 50 48 68 52 56 75 57 54 58 55 62 60 61 65 63 64 5  1  3  4  73 2  0  32 59 29 47 70 19 17 51 66 6  
14 16 17 15 72 13 7  76 11 8  9  6  23 19 69 18 20 21 29 27 28 26 24 25 71 35 31 33 30 32 36 39 41 70 38 40 42 74 46 43 47 44 50 52 68 51 53 48 54 57 59 75 56 58 66 63 62 64 61 60 4  3  0  1  5  73 2  34 55 67 45 37 22 12 49 65 10 
17 15 12 14 16 72 9  8  76 7  6  10 19 22 21 69 18 23 67 24 29 25 28 27 30 33 35 71 32 34 41 40 38 37 39 70 44 42 43 47 45 46 68 48 53 49 52 51 75 59 55 57 54 56 65 61 66 60 62 63 1  0  2  3  4  5  73 31 58 26 74 36 20 13 50 64 11 
16 13 15 72 12 17 76 10 6  11 8  7  69 21 20 22 19 18 24 26 27 29 25 67 35 34 32 31 33 71 70 41 37 39 36 38 45 47 42 44 46 74 51 68 49 52 50 53 58 54 75 56 55 59 61 64 63 66 60 65 73 4  1  5  2  0  3  30 57 28 43 40 23 14 48 62 9  
59 75 55 57 54 56 27 26 67 25 24 28 17 12 15 16 72 14 42 47 74 46 45 43 18 22 19 20 69 21 3  73 0  4  2  5  52 53 51 49 50 48 63 66 61 64 62 65 6  11 76 10 9  7  39 36 38 70 41 37 31 33 71 35 34 32 30 23 8  44 68 1  13 58 60 40 29 
54 58 75 56 55 59 67 28 24 29 26 25 16 15 13 12 17 72 47 44 43 74 46 42 19 21 69 23 22 20 5  3  4  2  1  0  50 49 53 52 48 68 65 63 64 62 60 61 8  9  6  7  76 11 36 40 37 38 70 39 30 34 31 32 71 33 35 18 10 45 51 73 14 57 66 41 27 
57 54 59 75 56 58 25 67 29 26 27 24 14 17 16 72 13 15 74 43 45 44 47 46 20 19 23 22 18 69 1  2  3  5  0  73 53 68 48 51 49 52 60 62 63 65 61 66 9  10 11 6  7  8  38 37 41 40 36 70 34 35 33 31 32 30 71 21 76 42 50 4  12 55 64 39 28 
58 59 56 55 57 75 28 27 25 24 29 67 13 72 17 14 15 12 46 74 44 47 42 45 21 18 20 69 23 19 2  4  73 3  5  1  51 48 50 68 53 49 62 64 66 63 65 60 11 8  7  76 10 6  70 38 40 36 39 41 33 30 32 71 35 31 34 22 9  43 52 0  16 54 61 37 26 
75 56 57 54 58 55 26 29 28 67 25 27 15 14 72 13 12 16 45 46 47 42 43 44 22 23 21 19 20 18 4  0  1  73 3  2  68 50 52 48 51 53 64 61 60 66 63 62 7  6  10 9  8  76 41 70 36 39 37 40 32 31 35 34 30 71 33 69 11 74 49 5  17 59 65 38 24 
56 55 54 58 59 57 29 24 27 28 67 26 72 16 12 17 14 13 43 42 46 45 44 74 23 69 18 21 19 22 73 1  5  0  4  3  49 51 68 53 52 50 66 60 65 61 64 63 76 7  9  8  11 10 37 39 70 41 40 38 71 32 34 30 33 35 31 20 6  47 48 2  15 75 62 36 25 
38 36 39 41 37 70 71 35 31 33 30 32 65 64 62 61 63 66 23 18 21 22 69 20 68 49 51 50 53 52 27 29 24 26 28 67 12 17 72 16 15 13 57 58 59 54 55 56 1  0  2  3  4  5  7  11 8  6  76 10 46 47 45 43 44 42 74 48 73 19 14 25 60 40 75 9  34 
40 38 70 39 41 36 32 71 33 30 34 31 60 63 65 66 62 64 22 21 19 18 23 69 52 68 50 53 48 51 28 26 29 27 67 25 72 13 15 14 17 16 55 54 58 57 56 75 0  73 5  2  3  1  6  8  9  11 7  76 47 74 42 45 43 46 44 49 4  20 12 24 61 37 59 10 35 
70 39 37 40 38 41 34 30 71 32 31 35 63 61 64 65 66 60 20 23 22 69 19 21 48 53 68 52 51 49 29 25 67 24 26 27 16 72 14 17 12 15 58 75 56 59 54 57 2  5  4  73 0  3  10 7  6  76 9  8  45 42 44 74 47 43 46 50 1  18 13 28 62 36 55 11 33 
39 41 40 38 36 37 30 33 35 71 32 34 64 60 66 62 61 65 19 69 23 20 21 18 53 50 49 68 52 48 24 67 28 25 29 26 13 12 16 15 14 72 59 56 55 75 58 54 3  2  73 0  1  4  9  76 7  10 8  11 43 45 74 47 46 44 42 51 5  22 17 27 63 70 57 6  31 
41 37 38 36 70 40 33 31 34 35 71 30 66 65 61 63 60 62 21 20 69 19 18 22 50 51 48 49 68 53 25 28 27 67 24 29 17 14 13 72 16 12 75 55 57 56 59 58 4  3  0  1  5  73 8  10 76 9  11 6  44 43 47 46 42 74 45 52 2  23 15 26 64 39 54 7  32 
36 70 41 37 40 39 35 34 32 31 33 71 62 66 63 60 64 61 69 22 18 23 20 19 49 48 52 51 50 68 26 24 25 29 27 28 14 15 12 13 72 17 54 59 75 58 57 55 5  1  3  4  73 2  76 6  11 7  10 9  42 46 43 44 74 45 47 53 0  21 16 67 65 38 56 8  30 
51 52 49 48 53 68 40 38 41 39 70 37 47 45 46 44 42 43 3  5  1  2  4  73 29 24 27 28 67 26 58 75 56 59 54 57 33 35 30 32 34 71 23 20 19 69 22 18 62 65 64 66 61 63 16 12 72 14 13 17 76 7  9  8  11 10 6  25 60 0  31 55 74 50 21 15 36 
48 53 51 52 68 50 39 41 36 38 40 70 43 47 44 42 74 46 1  73 4  0  5  2  28 27 25 24 29 67 55 54 58 57 56 75 35 31 71 30 32 33 21 22 23 18 19 20 61 66 65 62 63 60 72 17 13 15 12 14 11 8  7  76 10 6  9  26 64 3  34 59 45 49 69 16 37 
50 51 68 49 48 52 37 40 39 70 36 41 74 42 47 43 46 45 2  1  0  5  3  4  26 29 28 67 25 27 54 59 75 58 57 55 30 71 34 31 35 32 22 69 20 23 18 21 65 60 63 64 66 62 14 72 15 12 16 13 7  6  10 9  8  76 11 24 61 73 33 56 44 53 19 17 38 
68 49 53 50 51 48 36 70 40 37 41 38 42 44 45 47 43 74 73 3  2  4  0  1  25 67 29 26 27 24 75 55 57 56 59 58 32 30 31 35 33 34 20 21 18 19 69 23 64 63 61 60 65 66 17 16 14 13 15 72 9  10 11 6  7  8  76 28 62 5  71 54 46 52 22 12 39 
53 50 52 68 49 51 41 37 70 36 38 39 44 46 74 45 47 42 5  0  73 1  2  3  27 26 67 25 24 28 57 58 59 54 55 56 34 32 35 33 71 31 18 23 69 22 21 19 60 61 62 63 64 65 12 15 17 72 14 16 6  11 76 10 9  7  8  29 66 4  30 75 43 48 20 13 40 
49 48 50 51 52 53 70 39 38 40 37 36 45 74 43 46 44 47 0  4  3  73 1  5  67 28 24 29 26 25 56 57 54 55 75 59 71 33 32 34 31 30 19 18 22 21 20 69 66 64 60 65 62 61 15 13 16 17 72 12 8  9  6  7  76 11 10 27 63 2  35 58 42 68 23 14 41 
9  8  6  7  76 11 42 45 47 74 44 46 75 57 56 58 55 54 49 52 51 68 48 53 12 14 15 17 13 72 35 30 33 34 71 32 60 64 61 62 66 63 39 37 40 41 70 36 24 29 67 28 27 25 1  73 4  0  5  2  18 21 23 69 20 22 19 16 26 50 65 31 59 10 38 3  43 
8  11 7  76 10 6  45 43 46 47 74 42 56 54 55 59 57 58 48 68 52 49 53 50 14 16 72 15 17 12 34 33 31 30 35 71 65 66 60 63 61 64 41 40 38 37 39 70 25 24 28 27 26 67 5  0  73 1  2  3  22 18 69 20 19 23 21 13 29 51 62 32 75 9  36 4  44 
76 10 8  11 6  9  47 46 44 43 45 74 58 56 59 57 75 55 52 50 53 51 68 49 15 72 13 16 14 17 32 35 34 71 31 33 66 62 64 60 63 65 36 39 41 70 38 40 26 27 24 25 67 29 73 3  2  4  0  1  19 20 18 22 23 21 69 12 28 48 61 30 54 7  37 5  42 
7  76 9  8  11 10 74 47 43 45 42 44 54 75 58 55 59 56 51 53 48 50 52 68 17 15 16 14 12 13 31 71 35 32 33 30 64 65 63 61 62 60 38 70 39 36 40 37 27 28 29 24 25 26 4  2  5  3  73 0  20 69 21 18 22 19 23 72 67 49 66 34 57 6  41 1  46 
6  7  10 9  8  76 44 74 45 42 46 43 57 59 54 56 58 75 50 48 49 53 51 52 13 17 14 12 72 16 33 32 71 31 30 34 63 60 62 66 65 61 40 36 70 38 37 41 28 67 26 29 24 27 3  5  1  2  4  73 69 23 19 21 18 20 22 15 25 68 64 35 55 11 39 0  47 
10 9  11 6  7  8  46 42 74 44 43 47 59 55 75 54 56 57 68 51 50 52 49 48 72 12 17 13 16 15 71 34 30 35 32 31 61 63 66 65 64 62 70 41 37 39 36 38 29 26 25 67 28 24 0  4  3  73 1  5  21 19 22 23 69 18 20 14 27 53 60 33 58 76 40 2  45 
27 26 24 25 67 29 49 48 52 51 50 68 8  7  11 10 6  76 62 60 61 65 63 64 75 56 58 54 57 59 22 69 20 23 18 21 41 36 39 40 70 38 1  2  3  5  0  73 44 43 47 46 42 74 30 35 71 34 33 31 12 72 16 13 17 14 15 55 45 66 37 19 9  28 4  32 53 
29 24 67 28 27 25 53 50 49 68 52 48 6  10 7  8  76 9  64 62 65 63 66 61 55 57 75 59 58 56 69 19 21 20 23 22 40 39 37 36 41 70 2  4  73 3  5  1  47 74 42 45 43 46 31 30 34 33 32 71 16 14 17 15 72 13 12 54 44 60 38 18 11 26 0  35 51 
24 25 28 27 26 67 50 51 48 49 68 53 7  9  76 11 10 8  66 63 62 64 61 60 57 54 56 75 59 55 20 21 18 19 69 23 38 41 40 70 37 39 3  73 0  4  2  5  46 47 45 43 44 42 32 33 30 31 71 35 13 16 15 72 12 17 14 58 74 65 36 22 6  29 1  34 52 
26 29 25 67 28 24 48 53 68 52 51 49 11 76 6  9  7  10 63 65 60 62 64 66 56 55 59 58 54 75 23 20 19 69 22 18 37 70 41 38 39 36 5  3  4  2  1  0  74 44 46 42 45 47 33 34 35 30 31 32 14 12 13 17 15 16 72 57 43 61 40 21 8  27 73 71 50 
28 27 29 24 25 26 68 49 51 50 53 52 9  6  8  76 11 7  65 61 66 60 62 63 59 75 54 57 55 58 18 23 69 22 21 19 39 38 70 37 36 40 0  5  2  1  73 4  43 45 74 47 46 44 34 71 32 35 30 33 72 15 14 16 13 12 17 56 42 64 41 20 10 67 3  31 48 
67 28 26 29 24 27 52 68 50 53 48 51 10 11 9  7  8  6  60 66 64 61 65 62 58 59 57 55 56 54 21 22 23 18 19 20 70 40 36 41 38 37 73 1  5  0  4  3  45 42 44 74 47 43 35 32 31 71 34 30 15 17 12 14 16 72 13 75 46 63 39 69 76 25 2  33 49 
18 22 69 20 19 23 75 56 58 54 57 59 32 34 71 33 35 30 8  10 76 9  11 6  3  4  5  1  0  2  60 62 63 65 61 66 28 24 67 26 25 29 47 42 45 46 74 44 13 16 15 72 12 17 53 49 68 48 50 51 40 37 36 70 39 38 41 73 14 7  27 64 31 21 43 52 55 
22 23 20 19 21 69 56 55 59 58 54 75 71 30 35 31 34 33 11 9  10 8  6  7  4  73 2  5  1  3  65 63 64 62 60 61 27 25 28 29 67 24 46 45 43 42 47 74 17 13 72 12 14 15 50 48 49 53 51 52 38 40 70 39 41 36 37 0  16 76 26 66 32 18 44 68 57 
19 21 22 23 69 18 58 59 57 55 56 54 33 71 31 34 32 35 10 7  6  76 9  8  5  2  0  73 4  1  66 60 65 61 64 63 25 26 24 28 29 27 44 47 46 74 43 45 14 12 13 17 15 16 49 52 51 68 48 53 41 39 40 38 36 37 70 3  72 11 67 62 30 20 42 50 75 
20 19 18 22 23 21 54 58 55 56 75 57 30 32 33 35 31 71 76 6  11 7  10 9  1  5  73 4  3  0  64 61 60 66 63 62 24 27 29 67 26 28 43 74 47 44 45 42 12 72 16 13 17 14 68 51 50 52 49 48 39 70 37 40 38 41 36 2  15 8  25 65 34 69 46 53 59 
69 20 21 18 22 19 57 54 56 75 59 55 34 31 30 71 33 32 7  11 8  6  76 10 0  1  4  3  2  73 63 66 61 64 62 65 29 28 26 25 27 67 45 44 74 43 42 46 72 15 14 16 13 12 52 50 53 51 68 49 70 36 41 37 40 39 38 5  17 9  24 60 35 23 47 48 58 
21 18 23 69 20 22 59 75 54 57 55 58 31 35 32 30 71 34 9  76 7  10 8  11 2  3  1  0  73 5  61 65 62 60 66 64 67 29 25 27 24 26 74 46 42 47 44 43 16 14 17 15 72 13 48 68 52 49 53 50 37 41 38 36 70 40 39 4  12 6  28 63 33 19 45 51 56 
43 44 47 46 42 74 64 66 62 65 60 63 24 28 25 26 67 27 41 70 36 39 37 40 6  7  8  9  10 11 13 15 72 17 16 14 0  3  73 5  4  2  31 71 35 32 33 30 53 48 51 52 68 50 18 19 20 21 22 23 55 56 54 58 59 57 75 76 49 38 1  12 29 45 34 69 61 
47 46 45 43 44 42 60 65 66 64 63 61 28 29 27 25 26 24 38 37 41 40 36 70 10 9  7  6  11 76 72 14 16 12 15 17 2  0  5  4  1  73 35 30 33 34 71 32 52 51 49 48 53 68 69 22 18 23 20 19 58 54 75 56 55 59 57 8  50 39 3  13 67 74 31 21 62 
44 74 46 42 45 47 66 61 63 62 65 64 25 27 67 29 28 26 37 39 70 41 40 38 7  76 11 8  9  6  17 72 12 15 13 16 1  4  0  2  73 3  32 35 34 71 31 33 50 53 52 68 49 51 22 21 19 18 23 69 57 55 58 59 75 54 56 10 48 36 5  14 24 43 30 20 60 
42 45 44 74 47 43 62 63 60 61 66 65 26 25 29 28 24 67 70 38 40 36 39 41 8  11 10 76 7  9  14 13 17 16 12 72 4  5  3  0  2  1  30 31 32 33 34 35 49 68 53 50 51 48 19 69 23 20 21 18 75 59 55 57 54 56 58 6  52 37 73 15 27 46 71 22 64 
74 47 42 45 43 46 61 60 64 63 62 66 67 26 28 24 27 29 40 41 39 37 38 36 76 10 6  11 8  7  15 12 14 72 17 13 5  73 1  3  0  4  71 34 30 35 32 31 51 50 68 49 48 52 23 18 21 22 69 20 54 57 59 75 56 58 55 9  53 70 2  16 25 44 33 19 65 
46 42 43 44 74 45 65 62 61 66 64 60 27 24 26 67 29 25 36 40 37 38 70 39 9  8  76 7  6  10 12 16 13 14 72 15 3  1  2  73 5  0  34 33 31 30 35 71 68 52 48 53 50 49 20 23 22 69 19 21 59 58 56 55 57 75 54 11 51 41 4  17 28 47 32 18 63 
65 62 64 66 61 63 73 0  3  2  5  4  49 50 48 52 53 51 35 32 31 71 34 30 42 45 47 74 44 46 8  6  7  11 9  10 22 19 18 69 21 20 17 72 12 15 13 16 41 39 40 38 36 37 59 54 57 58 75 56 27 28 29 24 25 26 67 43 70 33 23 76 68 60 14 55 1  
60 65 63 64 66 62 4  73 2  5  1  3  68 53 49 51 48 50 71 31 33 32 35 34 46 42 74 44 43 47 9  11 6  8  10 76 18 20 21 23 19 69 13 15 72 17 16 14 39 70 37 40 38 41 58 57 55 54 59 75 28 67 26 29 24 27 25 45 36 30 22 7  52 61 12 56 0  
63 64 61 60 65 66 1  5  73 4  3  0  53 52 50 49 51 68 30 35 71 34 33 31 43 44 42 46 47 45 6  76 10 7  11 8  69 18 23 19 22 21 72 14 16 12 15 17 40 37 36 70 39 38 56 59 58 75 55 57 29 26 25 67 28 24 27 74 41 32 20 9  48 62 13 54 2  
64 66 60 65 62 61 5  2  0  73 4  1  50 68 51 48 52 49 33 34 35 30 31 32 44 74 45 42 46 43 7  10 9  76 6  11 20 22 69 21 23 18 12 16 13 14 72 15 38 40 70 39 41 36 55 75 59 56 57 54 24 29 67 28 27 25 26 47 37 71 19 8  53 63 17 58 3  
66 61 65 62 63 60 2  3  1  0  73 5  51 49 52 53 68 48 31 30 34 33 32 71 74 47 43 45 42 44 76 9  8  10 7  6  19 23 20 18 69 22 14 13 17 16 12 72 36 38 39 41 37 70 57 56 75 55 54 58 25 24 28 27 26 67 29 46 40 35 21 11 50 64 15 59 4  
62 63 66 61 60 64 0  1  4  3  2  73 48 51 53 68 50 52 34 71 32 35 30 33 45 43 46 47 74 42 11 7  76 6  8  9  23 21 22 20 18 19 15 12 14 72 17 13 37 41 38 36 70 40 75 58 54 59 56 55 26 27 24 25 67 29 28 44 39 31 69 10 49 65 16 57 5  
30 33 32 71 35 31 15 72 13 16 14 17 5  4  2  0  3  73 58 57 55 54 59 75 41 37 70 36 38 39 50 52 68 51 53 48 7  8  6  10 11 9  27 29 24 26 28 67 22 18 69 20 19 23 42 47 74 46 45 43 65 60 63 64 66 62 61 40 21 56 76 49 1  34 25 44 12 
32 71 34 30 33 35 14 16 72 15 17 12 4  1  73 2  0  5  56 59 58 75 55 57 38 36 37 41 39 40 68 48 53 49 52 51 9  7  10 11 76 6  24 67 28 25 29 26 20 69 21 18 22 19 44 45 42 43 74 47 64 63 61 60 65 66 62 70 23 54 8  50 3  31 27 46 13 
33 31 71 35 34 32 72 12 17 13 16 15 2  73 3  1  4  0  59 54 57 58 75 56 37 40 39 70 36 41 51 68 49 52 50 53 76 11 7  9  6  8  26 24 25 29 27 28 23 22 20 19 21 69 45 46 47 42 43 44 62 65 64 66 61 63 60 38 18 55 10 48 5  30 67 74 14 
35 34 33 31 32 30 13 17 14 12 72 16 0  2  1  4  5  3  57 56 75 55 54 58 70 39 38 40 37 36 48 50 51 53 49 68 11 10 8  7  9  76 67 27 26 28 25 24 21 19 22 23 69 18 47 44 43 74 46 42 61 66 65 62 63 60 64 41 20 59 6  52 73 71 29 45 15 
31 32 35 34 30 71 12 14 15 17 13 72 3  0  4  5  73 1  75 58 54 59 56 55 40 38 41 39 70 37 52 49 48 68 51 50 10 6  76 8  7  11 29 25 67 24 26 27 69 23 19 21 18 20 43 42 46 45 44 74 63 62 66 61 60 64 65 36 22 57 9  53 2  33 28 47 16 
71 35 30 33 31 34 16 13 12 72 15 14 73 5  0  3  1  2  55 75 59 56 57 54 36 70 40 37 41 38 49 53 50 48 68 52 8  76 9  6  10 7  25 28 27 67 24 29 19 20 18 22 23 21 74 43 45 44 47 46 66 64 60 65 62 61 63 39 69 58 11 51 4  32 26 42 17 
34 30 31 32 71 33 17 15 16 14 12 13 1  3  5  73 2  4  54 55 56 57 58 59 39 41 36 38 40 70 53 51 52 50 48 49 6  9  11 76 8  10 28 26 29 27 67 25 18 21 23 69 20 22 46 74 44 47 42 45 60 61 62 63 64 65 66 37 19 75 7  68 0  35 24 43 72 
52 68 48 53 50 49 38 36 37 41 39 40 46 43 42 74 45 44 4  2  5  3  73 0  24 25 26 27 28 29 59 56 55 75 58 54 31 34 33 71 30 35 69 19 21 20 23 22 63 62 66 61 60 64 13 14 12 16 17 15 10 76 8  11 6  9  7  67 65 1  32 57 47 51 18 72 70 
45 43 74 47 46 44 63 64 65 60 61 62 29 67 24 27 25 28 39 36 38 70 41 37 11 6  9  10 76 8  16 17 15 13 14 12 73 2  4  1  3  5  33 32 71 31 30 34 48 49 50 51 52 53 21 20 69 19 18 22 56 75 57 54 58 55 59 7  68 40 0  72 26 42 35 23 66 
37 40 36 70 39 38 31 32 30 34 35 33 61 62 60 64 65 63 18 19 20 21 22 23 51 52 53 48 49 50 67 27 26 28 25 24 15 16 17 12 13 14 56 57 54 55 75 59 73 4  1  5  2  0  11 9  10 8  6  7  74 44 46 42 45 47 43 68 3  69 72 29 66 41 58 76 71 
25 67 27 26 29 28 51 52 53 48 49 50 76 8  10 6  9  11 61 64 63 66 60 65 54 58 55 56 75 57 19 18 22 21 20 69 36 37 38 39 40 41 4  0  1  73 3  2  42 46 43 44 74 45 71 31 33 32 35 34 17 13 72 12 14 15 16 59 47 62 70 23 7  24 5  30 68 
11 6  76 10 9  7  43 44 42 46 47 45 55 58 57 75 54 59 53 49 68 48 50 51 16 13 12 72 15 14 30 31 32 33 34 35 62 61 65 64 60 66 37 38 36 40 41 39 67 25 27 26 29 28 2  1  0  5  3  4  23 22 20 19 21 69 18 17 24 52 63 71 56 8  70 73 74 
55 57 58 59 75 54 24 25 26 27 28 29 12 13 14 15 16 17 44 45 42 43 74 47 69 20 22 18 21 23 0  5  2  1  73 4  48 52 49 50 68 51 61 65 62 60 66 64 10 76 8  11 6  9  40 41 39 37 38 36 35 71 30 33 31 34 32 19 7  46 53 3  72 56 63 70 67 
0  1  2  3  4  5  22 23 21 19 20 18 38 39 36 37 70 41 14 72 15 12 16 13 60 65 66 64 63 61 46 45 43 42 47 74 59 57 58 56 54 55 6  76 10 7  11 8  34 35 33 31 32 30 24 26 27 29 25 67 52 51 49 48 53 68 50 62 71 17 75 44 40 73 9  28 69 
23 69 19 21 18 20 55 57 75 59 58 56 35 33 34 32 30 31 6  8  9  11 7  76 73 0  3  2  5  4  62 64 66 63 65 60 26 67 27 24 28 25 42 43 44 45 46 47 15 17 12 14 16 72 51 53 48 50 52 68 36 38 39 41 37 70 40 1  13 10 29 61 71 22 74 49 54 
61 60 62 63 64 65 3  4  5  1  0  2  52 48 68 50 49 53 32 33 30 31 71 35 47 46 44 43 45 74 10 8  11 9  76 7  21 69 19 22 20 23 16 17 15 13 14 12 70 36 41 37 40 39 54 55 56 57 58 59 67 25 27 26 29 28 24 42 38 34 18 6  51 66 72 75 73 
12 14 13 17 15 16 6  7  8  9  10 11 22 20 23 21 69 19 26 28 67 27 29 24 32 71 33 30 34 31 38 70 39 36 40 37 46 44 47 45 74 43 53 51 52 50 48 49 57 55 58 59 75 54 64 62 65 63 66 61 3  2  73 0  1  4  5  35 56 25 42 41 18 72 68 60 76 
