3  4  0  1  5  69 65 70 61 63 60 64 37 74 41 38 39 36 33 35 30 32 34 75 12 14 15 17 13 67 29 26 25 68 28 24 53 48 51 52 71 50 22 73 20 23 18 21 10 11 9  7  8  6  46 66 44 47 42 45 72 55 59 56 57 54 19 40 16 2  58 76 43 31 49 27 62 
1  5  3  4  69 2  70 62 64 61 63 65 41 36 39 40 74 38 34 32 35 33 75 31 14 16 67 15 17 12 24 29 68 28 27 25 51 50 71 49 48 52 23 20 19 73 22 18 9  6  8  76 11 7  42 47 66 46 45 43 56 57 72 55 54 58 21 37 13 0  59 10 44 30 53 26 60 
5  2  4  69 0  3  60 63 70 65 64 62 74 40 36 41 38 37 31 34 33 75 30 35 13 17 14 12 67 16 68 25 27 26 29 28 48 49 50 51 52 53 20 21 18 19 73 23 11 76 6  9  7  10 43 42 46 45 44 66 57 58 55 54 59 72 22 39 15 1  56 8  47 32 71 24 61 
69 0  5  2  3  1  63 61 62 70 65 60 36 37 38 39 40 41 30 75 34 31 35 32 17 15 16 14 12 13 28 68 26 29 24 27 50 53 52 71 49 51 19 18 22 21 20 73 6  10 7  8  76 9  44 45 42 43 66 47 54 59 57 58 72 56 23 74 67 4  55 11 46 33 48 25 64 
2  3  69 0  1  4  61 64 60 62 70 63 38 41 40 74 37 39 35 31 75 30 32 33 15 67 13 16 14 17 27 28 29 24 25 26 52 51 49 48 53 71 21 22 23 18 19 20 7  9  76 11 10 8  66 43 45 44 47 46 58 72 54 59 56 55 73 36 12 5  57 6  42 34 50 68 65 
4  69 1  5  2  0  62 60 65 64 61 70 39 38 74 37 36 40 75 33 32 34 31 30 16 13 12 67 15 14 25 24 28 27 26 68 71 52 48 53 50 49 73 19 21 20 23 22 8  7  11 10 6  76 45 46 47 42 43 44 55 54 56 57 58 59 18 41 17 3  72 9  66 35 51 29 63 
72 55 59 56 57 54 11 6  9  10 76 8  18 73 22 19 23 20 26 28 68 27 29 24 69 2  4  1  3  5  38 36 37 41 39 40 66 42 47 43 46 45 53 71 48 51 49 52 15 14 67 13 12 16 70 64 61 65 62 60 35 33 30 32 34 75 50 21 0  58 31 17 63 25 44 74 7  
54 59 57 58 72 56 10 9  7  6  11 76 20 18 19 23 21 22 68 24 29 25 28 27 1  4  0  2  69 3  39 41 36 38 40 74 45 66 43 46 44 47 50 49 53 52 48 71 16 15 13 12 17 67 61 60 62 63 64 65 75 30 34 31 35 32 51 73 5  55 33 14 70 26 42 37 8  
59 56 58 72 55 57 8  11 10 76 7  9  21 23 18 20 22 73 27 68 25 28 26 29 5  69 1  3  0  4  36 74 40 37 41 38 44 46 66 45 47 42 49 51 71 53 52 50 17 12 15 16 67 14 65 61 63 64 70 62 30 32 31 35 33 34 48 19 2  54 75 13 60 24 43 39 6  
55 54 56 57 58 59 7  76 11 8  9  6  23 19 73 18 20 21 24 26 27 29 25 68 0  3  69 5  4  2  37 40 39 74 36 41 46 43 42 66 45 44 71 50 52 48 51 53 12 13 14 15 16 17 60 70 65 62 63 61 33 75 32 34 31 30 49 22 1  72 35 67 64 28 47 38 10 
58 72 54 59 56 55 9  8  76 7  6  10 19 22 21 73 18 23 28 25 24 68 27 26 4  5  3  0  2  1  74 39 38 40 37 36 43 47 44 42 66 46 52 53 51 49 50 48 13 67 17 14 15 12 64 63 60 61 65 70 31 35 75 30 32 33 71 20 69 57 34 16 62 29 45 41 11 
57 58 55 54 59 72 76 10 6  11 8  7  73 21 20 22 19 18 25 29 26 24 68 28 3  1  2  69 5  0  41 37 74 36 38 39 42 44 45 47 43 66 48 52 49 50 71 51 14 17 16 67 13 15 63 62 70 60 61 64 34 31 33 75 30 35 53 23 4  56 32 12 65 27 46 40 9  
53 71 49 51 48 50 68 28 24 29 26 25 17 12 15 16 67 14 70 64 61 65 62 60 23 73 18 21 19 22 11 8  7  76 10 6  58 56 59 57 72 55 1  5  69 4  3  0  37 74 41 38 39 36 35 31 75 30 32 33 66 46 44 47 42 45 2  13 20 52 43 40 34 63 54 9  27 
52 53 50 49 51 71 24 25 26 27 28 29 16 15 13 12 17 67 64 63 60 61 65 70 18 22 19 20 73 21 9  10 11 6  7  8  57 59 54 56 58 72 0  1  4  3  2  69 38 41 40 74 37 39 31 34 33 75 30 35 43 66 45 44 47 46 5  14 23 48 42 36 32 62 55 76 68 
50 49 48 52 53 51 29 24 27 28 68 26 14 17 16 67 13 15 61 60 62 63 64 65 21 18 20 73 23 19 10 76 8  11 6  9  55 58 57 72 54 59 2  3  1  0  69 5  36 37 38 39 40 41 75 33 32 34 31 30 45 44 42 43 66 47 4  12 22 71 46 74 35 70 56 7  25 
49 51 52 53 71 48 25 68 29 26 27 24 13 67 17 14 15 12 65 61 63 64 70 62 22 23 21 19 20 18 8  9  6  7  76 11 54 72 58 55 59 56 3  4  5  1  0  2  40 39 37 36 41 74 30 75 34 31 35 32 44 47 43 66 46 42 69 16 73 50 45 38 33 60 57 10 28 
51 48 53 71 50 52 28 27 25 24 29 68 15 14 67 13 12 16 62 65 64 70 60 63 73 20 22 18 21 23 6  11 76 10 9  7  59 55 72 54 56 57 4  69 2  5  1  3  41 36 39 40 74 38 32 30 31 35 33 34 47 42 66 46 45 43 0  17 19 49 44 37 75 61 58 8  26 
71 50 51 48 52 49 27 26 68 25 24 28 67 16 12 17 14 13 60 70 65 62 63 61 20 19 23 22 18 73 7  6  10 9  8  76 72 57 56 58 55 54 5  2  0  69 4  1  39 38 74 37 36 40 33 35 30 32 34 75 46 45 47 42 43 44 3  15 21 53 66 41 31 64 59 11 29 
27 29 28 26 24 25 69 2  4  1  3  5  66 42 47 43 46 45 23 18 21 22 73 20 33 34 35 30 31 32 52 50 53 51 71 49 9  6  8  76 11 7  65 62 60 70 64 61 72 57 56 58 55 54 14 67 15 12 16 13 74 38 39 36 40 37 63 44 75 68 41 59 17 19 10 48 0  
28 26 68 27 29 24 5  69 1  3  0  4  44 46 66 45 47 42 22 21 19 18 23 73 32 33 30 31 75 35 50 48 49 53 51 52 10 11 9  7  8  6  64 70 62 65 61 63 59 55 72 54 56 57 12 15 17 67 14 16 39 36 41 74 38 40 60 43 34 25 37 58 13 20 76 71 2  
29 25 26 24 68 28 0  3  69 5  4  2  46 43 42 66 45 44 20 23 22 73 19 21 75 31 33 32 35 34 53 49 71 48 50 51 11 76 6  9  7  10 62 63 61 60 70 65 55 58 57 72 54 59 13 14 12 16 17 15 38 37 36 40 41 39 64 47 30 27 74 56 67 18 8  52 1  
24 68 29 25 28 27 3  1  2  69 5  0  42 44 45 47 43 66 19 73 23 20 21 18 31 30 34 33 32 75 51 53 48 50 52 71 6  10 7  8  76 9  60 61 64 63 62 70 57 59 54 56 58 72 17 16 14 13 15 67 40 41 38 37 39 74 65 46 35 26 36 55 12 22 11 49 4  
25 28 24 68 27 26 1  4  0  2  69 3  45 66 43 46 44 47 21 20 73 19 18 22 30 35 75 34 33 31 71 51 50 52 49 48 7  9  76 11 10 8  63 64 65 61 60 62 54 72 58 55 59 56 15 13 16 17 67 12 37 39 40 41 74 36 70 42 32 29 38 57 14 23 6  53 5  
26 24 27 29 25 68 2  0  5  4  1  69 47 45 46 44 42 43 73 22 18 23 20 19 34 75 32 35 30 33 49 52 51 71 48 53 8  7  11 10 6  76 70 60 63 62 65 64 56 54 55 59 57 58 16 12 67 14 13 17 36 40 74 38 37 41 61 66 31 28 39 72 15 21 9  50 3  
40 41 38 37 39 74 54 58 55 56 72 57 62 61 60 65 63 64 53 52 50 49 51 71 29 24 27 28 68 26 47 66 42 45 43 46 16 15 13 12 17 67 6  76 10 7  11 8  34 30 75 32 31 35 1  0  2  3  4  5  21 22 19 18 23 73 9  70 25 36 20 33 69 48 14 44 59 
74 38 39 36 40 37 56 55 59 58 54 72 64 62 65 63 70 60 50 71 51 48 52 49 28 27 25 24 29 68 43 45 66 47 46 44 67 16 12 17 14 13 9  11 6  8  10 76 35 34 32 31 33 75 2  5  4  69 0  3  73 19 23 20 21 18 7  61 26 41 22 30 1  53 15 42 57 
38 37 36 40 41 39 57 54 56 72 59 55 70 63 62 64 60 61 49 50 48 52 53 51 26 29 28 68 25 27 66 44 46 42 45 47 14 17 16 67 13 15 11 7  76 6  8  9  33 31 34 35 75 30 3  2  69 0  1  4  19 18 20 21 22 23 10 65 24 74 73 32 5  71 12 43 58 
41 74 37 39 36 38 59 72 54 57 55 58 63 65 61 62 64 70 71 53 49 51 48 50 25 68 29 26 27 24 42 46 43 44 66 45 17 12 15 16 67 14 76 9  8  10 7  6  31 32 30 34 35 33 5  1  3  4  69 2  22 73 18 23 20 19 11 60 28 40 21 75 0  52 13 47 56 
36 40 74 38 37 41 55 57 72 59 58 56 65 60 70 61 62 63 52 48 71 50 49 53 27 26 68 25 24 28 44 43 47 46 42 66 12 13 14 15 16 17 8  6  7  11 9  10 32 75 33 30 34 31 0  69 5  2  3  1  20 21 73 19 18 22 76 64 29 39 23 35 4  51 67 45 54 
39 36 41 74 38 40 72 56 58 54 57 59 61 70 64 60 65 62 48 51 53 71 50 52 68 28 24 29 26 25 45 42 44 66 47 43 15 14 67 13 12 16 10 8  11 9  76 7  30 33 35 75 32 34 69 4  1  5  2  0  23 20 22 73 19 21 6  63 27 37 18 31 3  49 17 46 55 
17 67 13 15 12 14 44 66 45 42 46 43 29 68 24 27 25 28 72 58 54 59 56 55 10 9  7  6  11 76 35 30 33 34 75 32 21 23 18 20 22 73 40 41 39 37 38 36 63 65 61 62 64 70 53 52 50 49 51 71 1  5  3  4  69 2  74 26 8  16 0  60 48 57 19 31 47 
12 16 67 14 13 17 46 42 66 44 43 47 68 26 28 24 27 29 57 56 72 55 54 58 11 6  9  10 76 8  34 33 31 30 35 75 23 19 73 18 20 21 39 36 38 74 41 37 65 60 70 61 62 63 48 51 53 71 50 52 69 0  5  2  3  1  40 25 7  15 4  64 49 59 22 32 45 
15 12 17 67 14 16 66 47 43 45 42 44 24 28 25 26 68 27 56 59 58 72 55 57 9  8  76 7  6  10 32 35 34 75 31 33 18 73 22 19 23 20 37 39 74 41 40 38 61 70 64 60 65 62 51 49 52 53 71 48 4  69 1  5  2  0  36 29 11 13 3  63 50 54 21 30 46 
16 17 14 13 15 67 45 43 46 47 66 42 27 24 26 68 29 25 58 57 55 54 59 72 7  76 11 8  9  6  31 75 35 32 33 30 20 18 19 23 21 22 36 40 37 38 74 39 62 61 60 65 63 64 52 48 71 50 49 53 0  1  2  3  4  5  41 28 10 12 69 70 51 56 73 34 44 
67 14 15 12 16 13 47 46 44 43 45 66 25 27 68 29 28 26 55 72 59 56 57 54 8  11 10 76 7  9  33 32 75 31 30 34 22 20 23 21 73 19 41 74 36 39 37 40 64 62 65 63 70 60 71 53 49 51 48 50 5  2  4  69 0  3  38 24 6  17 1  61 52 58 18 35 42 
14 13 12 16 17 15 42 45 47 66 44 46 28 29 27 25 26 24 54 55 56 57 58 59 6  7  8  9  10 11 75 34 30 35 32 31 73 21 20 22 19 18 74 38 40 36 39 41 70 63 62 64 60 61 50 71 51 48 52 49 2  3  69 0  1  4  37 68 76 67 5  65 53 72 23 33 43 
6  76 11 7  10 9  50 52 71 51 53 48 32 75 33 30 34 31 1  0  2  3  4  5  63 61 62 70 65 60 59 58 56 55 57 72 41 36 39 40 74 38 26 24 25 29 27 28 42 44 45 47 43 66 21 20 73 19 18 22 16 17 14 13 15 67 68 35 64 8  12 46 23 69 37 54 49 
8  6  9  11 7  76 71 48 53 49 52 51 30 33 35 75 32 34 0  69 5  2  3  1  62 60 65 64 61 70 54 57 59 72 56 58 40 39 37 36 41 74 28 26 29 27 68 25 47 45 46 44 42 43 20 23 22 73 19 21 12 16 67 14 13 17 24 31 63 10 15 66 18 4  38 55 50 
9  11 10 8  6  7  51 71 49 52 50 53 31 32 30 34 35 33 2  5  4  69 0  3  70 62 64 61 63 65 57 55 58 59 72 54 38 41 40 74 37 39 68 27 26 28 25 24 66 42 47 43 46 45 73 22 18 23 20 19 67 14 15 12 16 13 29 75 60 76 17 44 21 1  36 56 48 
11 7  8  6  76 10 48 50 51 53 49 71 35 34 32 31 33 75 3  2  69 0  1  4  60 63 70 65 64 62 58 54 72 56 55 59 37 74 41 38 39 36 27 29 24 26 28 68 46 43 42 66 45 44 19 73 23 20 21 18 14 13 12 16 17 15 25 30 61 9  67 47 22 5  40 57 52 
7  10 6  76 9  8  52 49 48 71 51 50 33 31 34 35 75 30 4  3  0  1  5  69 61 64 60 62 70 63 72 59 55 57 54 56 39 38 74 37 36 40 29 25 68 24 26 27 45 66 43 46 44 47 18 19 20 21 22 23 13 15 16 17 67 12 28 32 65 11 14 42 73 2  41 58 53 
76 9  7  10 8  11 49 53 50 48 71 52 34 30 75 32 31 35 5  1  3  4  69 2  64 65 63 60 62 61 56 72 57 54 58 55 74 40 36 41 38 37 24 68 28 25 29 26 43 47 44 42 66 46 22 21 19 18 23 73 17 67 13 15 12 14 27 33 70 6  16 45 20 0  39 59 51 
34 31 33 75 30 35 16 13 12 67 15 14 71 52 48 53 50 49 37 38 36 40 41 39 54 58 55 56 72 57 22 18 73 20 19 23 62 61 60 65 63 64 47 42 45 46 66 44 2  1  0  5  3  4  7  11 8  6  76 10 29 25 26 24 68 28 43 51 59 32 27 69 9  74 70 21 17 
75 30 34 31 35 32 13 17 14 12 67 16 48 49 50 51 52 53 41 40 38 37 39 74 58 59 57 55 56 54 23 22 20 19 21 73 60 64 63 70 61 65 46 45 43 42 47 66 0  4  3  69 1  5  76 6  11 7  10 9  24 68 29 25 28 27 44 71 72 33 26 2  8  36 62 18 15 
32 34 35 33 75 31 12 14 15 17 13 67 53 48 51 52 71 50 38 74 39 36 40 37 55 57 72 59 58 56 21 19 22 23 73 18 65 60 70 61 62 63 44 47 46 66 43 45 5  0  69 1  2  3  11 9  10 8  6  7  27 29 28 26 24 25 42 49 54 30 68 4  76 41 64 20 16 
35 33 30 32 34 75 67 12 17 13 16 15 49 71 53 50 51 48 36 39 41 74 38 40 56 55 59 58 54 72 19 20 18 22 23 21 64 62 65 63 70 60 43 66 47 44 45 42 4  2  5  3  69 0  8  10 76 9  11 6  28 26 68 27 29 24 46 52 57 31 25 1  7  37 61 73 14 
30 32 31 35 33 34 15 67 13 16 14 17 52 51 49 48 53 71 74 41 37 39 36 38 72 56 58 54 57 59 20 73 21 18 22 19 61 70 64 60 65 62 45 44 66 43 42 46 1  69 4  0  5  2  9  76 7  10 8  11 68 27 25 28 26 29 47 50 55 75 24 3  6  40 63 23 12 
33 75 32 34 31 30 14 16 67 15 17 12 51 50 71 49 48 52 40 36 74 38 37 41 57 54 56 72 59 55 18 21 23 73 20 22 70 63 62 64 60 61 66 46 42 47 44 43 69 3  2  4  0  1  6  8  9  11 7  76 26 24 27 29 25 68 45 53 58 35 28 5  10 39 65 19 13 
60 61 62 63 64 65 19 21 73 23 22 20 56 54 55 59 57 58 17 16 14 13 15 67 43 44 42 46 47 45 4  1  69 2  0  5  26 25 29 28 24 68 33 75 31 34 32 35 53 48 51 52 71 50 40 36 74 38 37 41 6  76 11 7  10 9  30 72 66 70 8  49 39 12 27 3  18 
70 60 65 62 63 61 73 20 22 18 21 23 59 55 72 54 56 57 16 12 67 14 13 17 42 45 47 66 44 46 3  0  4  5  69 1  28 29 27 25 26 24 35 33 34 32 30 31 52 51 49 48 53 71 36 39 41 74 38 40 8  6  9  11 7  76 75 58 43 64 10 50 37 15 68 2  19 
65 62 64 70 60 63 23 73 18 21 19 22 58 56 59 57 72 55 14 67 15 12 16 13 46 42 66 44 43 47 0  2  1  4  5  3  68 26 28 24 27 29 30 32 33 35 31 75 50 53 52 71 49 51 74 41 37 39 36 38 9  11 10 8  6  7  34 54 45 61 76 48 40 17 25 69 20 
62 63 70 60 61 64 20 19 23 22 18 73 72 57 56 58 55 54 13 14 12 16 17 15 45 43 46 47 66 42 1  3  5  69 2  4  27 24 26 68 29 25 32 34 75 33 35 30 49 71 53 50 51 48 38 74 39 36 40 37 11 7  8  6  76 10 31 59 44 65 9  52 41 67 28 0  21 
63 64 60 61 65 70 21 18 20 73 23 19 55 58 57 72 54 59 15 13 16 17 67 12 44 66 45 42 46 43 5  4  2  0  3  69 29 68 24 27 25 28 34 31 30 75 33 32 51 50 71 49 48 52 37 38 36 40 41 39 7  10 6  76 9  8  35 56 47 62 11 53 74 14 26 1  22 
61 65 63 64 70 62 18 22 19 20 73 21 57 59 54 56 58 72 67 17 13 15 12 14 66 47 43 45 42 44 69 5  0  3  1  2  24 28 25 26 68 27 75 30 35 31 34 33 71 52 48 53 50 49 41 40 38 37 39 74 76 9  7  10 8  11 32 55 46 60 6  51 36 16 29 4  23 
21 22 19 18 23 73 75 31 33 32 35 34 11 76 6  9  7  10 66 43 45 44 47 46 37 41 38 36 74 40 65 64 62 60 63 70 0  4  3  69 1  5  16 17 15 13 14 12 29 68 24 27 25 28 59 54 57 58 72 56 52 53 50 49 51 71 67 8  39 20 48 26 55 42 2  61 30 
19 18 20 21 22 23 34 75 32 35 30 33 8  7  11 10 6  76 44 45 42 43 66 47 40 37 36 74 39 38 64 61 70 62 60 65 2  1  0  5  3  4  14 13 17 16 12 67 26 25 29 28 24 68 58 57 55 54 59 72 50 49 48 52 53 51 15 9  41 73 71 27 56 46 69 63 31 
22 73 18 23 20 19 30 35 75 34 33 31 7  9  76 11 10 8  46 66 44 47 42 45 39 74 37 40 38 41 62 70 63 61 64 60 1  69 4  0  5  2  17 67 12 15 13 16 25 27 68 29 28 26 56 59 58 72 55 57 53 71 49 51 48 50 14 6  36 21 52 24 54 43 3  65 32 
23 20 22 73 19 21 35 32 31 75 34 30 76 8  10 6  9  11 42 47 66 46 45 43 74 36 41 37 40 39 60 62 61 64 65 63 4  2  5  3  69 0  15 12 14 67 17 13 68 26 28 24 27 29 55 72 59 56 57 54 51 48 53 71 50 52 16 7  38 18 49 25 58 44 1  70 33 
73 19 23 20 21 18 32 33 30 31 75 35 10 11 9  7  8  6  45 46 47 42 43 44 36 38 39 41 37 74 63 60 64 65 70 61 5  0  69 1  2  3  67 14 16 12 15 17 28 29 27 25 26 24 57 56 72 55 54 58 71 50 51 48 52 49 13 76 40 22 53 68 59 66 4  62 34 
18 23 21 22 73 20 31 30 34 33 32 75 6  10 7  8  76 9  47 44 43 66 46 42 41 39 40 38 36 37 70 65 60 63 61 62 3  5  1  2  4  69 13 15 67 17 16 14 24 28 25 26 68 27 72 58 54 59 56 55 49 51 52 53 71 48 12 11 74 19 50 29 57 45 0  64 35 
47 42 66 46 45 43 39 74 37 40 38 41 1  69 4  0  5  2  11 9  10 8  6  7  71 48 53 49 52 51 16 14 17 15 67 13 30 33 35 75 32 34 59 56 55 72 58 54 22 20 23 21 73 19 27 68 25 28 26 29 63 64 60 61 65 70 57 3  50 44 62 18 24 76 31 12 36 
46 45 47 42 43 44 74 36 41 37 40 39 4  2  5  3  69 0  6  8  9  11 7  76 48 50 51 53 49 71 13 16 15 67 12 17 35 34 32 31 33 75 72 55 57 56 59 58 23 19 73 18 20 21 26 28 68 27 29 24 61 65 63 64 70 62 54 1  52 66 60 22 25 10 30 14 38 
45 44 42 43 66 47 38 40 74 39 41 36 69 3  2  4  0  1  76 6  11 7  10 9  52 49 48 71 51 50 15 17 12 14 16 67 33 31 34 35 75 30 55 54 58 57 56 72 20 18 19 23 21 22 24 26 27 29 25 68 65 62 64 70 60 63 59 5  53 46 61 73 28 8  32 13 37 
43 66 45 44 47 46 40 37 36 74 39 38 2  1  0  5  3  4  10 7  6  76 9  8  49 53 50 48 71 52 67 15 14 16 13 12 34 30 75 32 31 35 57 58 59 54 55 56 19 22 21 73 18 23 25 29 26 24 68 28 70 60 65 62 63 61 72 69 51 42 64 20 27 11 33 17 41 
44 47 43 66 46 42 37 41 38 36 74 40 0  4  3  69 1  5  9  76 7  10 8  11 53 51 52 50 48 49 12 67 16 13 17 14 75 35 31 33 30 32 54 59 72 58 57 55 21 23 18 20 22 73 68 24 29 25 28 27 62 63 70 60 61 64 56 2  71 45 65 19 26 6  34 15 39 
42 43 46 45 44 66 36 38 39 41 37 74 5  0  69 1  2  3  7  11 8  6  76 10 50 52 71 51 53 48 17 13 67 12 14 15 32 75 33 30 34 31 56 57 54 55 72 59 73 21 20 22 19 18 29 27 28 26 24 25 64 70 61 65 62 60 58 4  49 47 63 23 68 9  35 16 40 
31 35 75 30 32 33 17 15 16 14 12 13 50 53 52 71 49 51 39 37 40 41 74 36 59 72 54 57 55 58 73 23 19 21 18 20 63 65 61 62 64 70 42 43 44 45 46 47 3  5  1  2  4  69 10 7  6  76 9  8  25 28 24 68 27 26 66 48 56 34 29 0  11 38 60 22 67 
48 52 71 50 49 53 26 29 28 68 25 27 12 13 14 15 16 17 63 62 70 60 61 64 19 21 73 23 22 20 76 7  9  8  11 10 56 54 55 59 57 58 69 0  3  2  5  4  74 40 36 41 38 37 34 32 35 33 75 31 42 43 46 45 44 66 1  67 18 51 47 39 30 65 72 6  24 
37 39 40 41 74 36 58 59 57 55 56 54 60 64 63 70 61 65 51 49 52 53 71 48 24 25 26 27 28 29 46 47 45 43 44 42 13 67 17 14 15 12 7  10 9  76 6  11 75 35 31 33 30 32 4  3  0  1  5  69 18 23 21 22 73 20 8  62 68 38 19 34 2  50 16 66 72 
0  1  2  3  4  5  64 65 63 60 62 61 40 39 37 36 41 74 32 30 31 35 33 34 67 12 17 13 16 15 26 27 24 25 68 29 49 71 53 50 51 48 18 23 73 22 21 19 76 8  10 6  9  11 47 44 43 66 46 42 59 56 58 72 55 57 20 38 14 69 54 7  45 75 52 28 70 
66 46 44 47 42 45 41 39 40 38 36 37 3  5  1  2  4  69 8  10 76 9  11 6  51 71 49 52 50 53 14 12 13 17 15 16 31 32 30 34 35 33 58 72 56 59 54 57 18 73 22 19 23 20 28 25 24 68 27 26 60 61 62 63 64 65 55 0  48 43 70 21 29 7  75 67 74 
64 70 61 65 62 60 22 23 21 19 20 18 54 72 58 55 59 56 12 15 17 67 14 16 47 46 44 43 45 66 2  69 3  1  4  0  25 27 68 29 28 26 31 35 32 30 75 34 48 49 50 51 52 53 39 37 40 41 74 36 10 8  76 9  11 6  33 57 42 63 7  71 38 13 24 5  73 
20 21 73 19 18 22 33 34 35 30 31 32 9  6  8  76 11 7  43 42 46 45 44 66 38 40 74 39 41 36 61 63 65 70 62 64 69 3  2  4  0  1  12 16 13 14 67 15 27 24 26 68 29 25 54 55 56 57 58 59 48 52 71 50 49 53 17 10 37 23 51 28 72 47 5  60 75 
68 27 25 28 26 29 4  5  3  0  2  1  43 47 44 42 66 46 18 19 20 21 22 23 35 32 31 75 34 30 48 71 52 49 53 50 76 8  10 6  9  11 61 65 70 64 63 60 58 56 59 57 72 55 67 17 13 15 12 14 41 74 37 39 36 38 62 45 33 24 40 54 16 73 7  51 69 
10 8  76 9  11 6  53 51 52 50 48 49 75 35 31 33 30 32 69 4  1  5  2  0  65 70 61 63 60 64 55 56 54 58 59 57 36 37 38 39 40 41 25 28 27 68 24 29 44 46 66 45 47 42 23 18 21 22 73 20 15 12 17 67 14 16 26 34 62 7  13 43 19 3  74 72 71 
13 15 16 17 67 12 43 44 42 46 47 45 26 25 29 28 24 68 59 54 57 58 72 56 76 10 6  11 8  7  30 31 32 33 34 35 19 22 21 73 18 23 38 37 41 40 36 74 60 64 63 70 61 65 49 50 48 52 53 51 3  4  0  1  5  69 39 27 9  14 2  62 71 55 20 75 66 
56 57 72 55 54 58 6  7  8  9  10 11 22 20 23 21 73 19 29 27 28 26 24 25 2  0  5  4  1  69 40 38 41 39 74 37 47 45 46 44 42 43 51 48 50 71 53 49 67 16 12 17 14 13 62 65 64 70 60 63 32 34 35 33 75 31 52 18 3  59 30 15 61 68 66 36 76 
