3  4  0  1  5  73 68 42 44 40 43 64 53 55 67 54 56 13 12 16 15 14 66 50 46 71 45 47 48 57 70 61 58 65 29 69 33 30 62 31 36 39 38 74 35 10 11 9  7  8  6  26 75 24 27 25 28 19 20 17 18 72 59 51 37 22 52 23 34 60 21 76 63 2  32 49 41 
1  5  3  4  73 2  43 40 42 68 64 41 55 52 51 67 54 66 13 15 14 63 16 45 71 49 46 50 47 58 61 60 70 57 32 62 29 31 33 69 34 35 36 37 38 11 76 6  9  7  10 24 28 25 23 75 27 20 21 22 17 18 65 53 39 19 56 26 74 59 72 8  12 0  30 48 44 
5  2  4  73 0  3  41 43 68 64 44 42 56 54 55 53 51 15 16 63 12 13 14 71 48 47 49 46 45 61 59 65 60 70 31 29 30 62 32 33 37 36 74 35 34 8  7  11 10 6  76 75 23 28 24 27 26 72 18 20 19 22 58 52 38 21 67 25 39 57 17 9  66 1  69 50 40 
73 0  5  2  3  1  44 64 43 41 42 40 54 67 52 55 53 14 15 12 13 66 63 49 47 50 48 71 46 60 65 57 59 61 69 32 31 33 30 29 39 34 37 38 74 7  9  76 11 10 8  28 26 27 25 23 24 18 17 21 20 19 70 56 36 72 51 75 35 58 22 6  16 4  62 45 68 
2  3  73 0  1  4  42 41 64 44 40 68 67 51 56 52 55 63 14 13 66 16 12 48 50 45 47 49 71 59 57 58 65 60 62 30 69 29 31 32 35 74 39 36 37 9  6  8  76 11 7  27 24 23 75 26 25 17 22 72 21 20 61 54 34 18 53 28 38 70 19 10 15 5  33 46 43 
4  73 1  5  2  0  64 68 40 43 41 44 52 56 53 51 67 16 66 14 63 12 15 46 49 48 71 45 50 70 60 59 61 58 30 33 32 69 29 62 74 38 34 39 36 76 8  10 6  9  11 25 27 75 26 28 23 21 72 19 22 17 57 55 35 20 54 24 37 65 18 7  13 3  31 47 42 
37 35 74 39 38 36 11 6  9  10 76 8  0  3  73 5  4  25 24 28 27 23 75 33 32 30 29 62 69 50 46 71 45 47 64 40 43 44 68 42 21 22 20 18 19 67 51 56 52 55 54 65 70 57 60 58 61 12 13 14 15 16 48 2  17 63 1  59 72 49 66 53 26 34 41 31 7  
74 39 34 37 35 38 10 9  7  6  11 76 2  0  5  4  1  24 26 75 28 27 25 62 29 32 33 69 31 47 45 46 50 48 43 42 68 41 40 44 20 17 19 72 22 54 67 52 55 53 56 59 58 65 61 57 70 63 12 15 16 66 49 73 18 14 3  60 21 71 13 51 23 36 64 30 8  
35 36 39 38 34 74 8  11 10 76 7  9  1  4  0  2  73 28 75 23 26 24 27 32 31 69 30 29 33 46 49 48 71 45 44 43 41 40 64 68 18 20 72 22 21 53 55 67 54 56 51 58 60 70 65 61 59 66 16 12 63 14 50 3  19 13 5  57 17 47 15 52 25 37 42 62 6  
38 34 35 36 74 37 7  76 11 8  9  6  4  5  3  0  2  27 28 26 24 25 23 30 69 62 31 32 29 71 48 47 49 46 42 64 44 68 41 43 17 21 18 19 72 55 52 51 67 54 53 70 59 61 57 60 65 16 15 13 12 63 45 1  20 66 73 58 22 50 14 56 75 39 40 33 10 
36 74 38 34 37 39 9  8  76 7  6  10 5  73 1  3  0  23 27 24 25 75 26 31 62 33 69 30 32 49 47 50 48 71 40 41 42 43 44 64 22 72 17 20 18 52 56 53 51 67 55 61 65 60 58 59 57 15 14 66 13 12 46 4  21 16 2  70 19 45 63 54 28 35 68 29 11 
39 38 37 35 36 34 76 10 6  11 8  7  3  1  2  73 5  75 25 27 23 26 28 29 30 31 32 33 62 45 71 49 46 50 41 68 64 42 43 40 72 19 21 17 20 51 53 54 56 52 67 57 61 58 59 70 60 13 66 63 14 15 47 0  22 12 4  65 18 48 16 55 24 74 44 69 9  
75 27 25 28 23 26 35 37 74 39 38 36 63 12 15 16 66 69 31 33 29 32 62 53 52 56 55 51 67 76 7  9  8  11 3  73 0  4  2  5  65 61 59 58 60 72 18 20 19 22 21 44 68 42 64 40 43 49 48 46 45 50 10 14 70 71 13 41 57 6  47 17 30 24 1  54 34 
26 25 23 24 75 28 74 36 38 34 37 39 16 15 13 12 63 32 29 31 69 62 30 54 51 53 67 56 52 6  11 76 10 9  73 1  5  0  4  3  61 57 70 59 58 19 20 17 18 72 22 43 44 64 40 41 42 45 46 47 48 49 7  66 65 50 14 68 60 8  71 21 33 27 2  55 35 
25 28 24 75 27 23 39 74 34 37 35 38 14 63 16 66 13 31 30 62 33 29 69 51 55 52 53 67 54 11 8  7  76 10 0  5  2  1  73 4  59 70 60 57 61 21 72 19 22 17 20 41 40 44 43 42 68 71 49 45 50 47 6  15 58 46 12 64 65 9  48 18 32 26 3  56 36 
27 26 28 23 24 25 36 35 39 38 34 74 13 66 63 14 15 33 62 32 30 31 29 52 54 67 56 55 53 7  6  10 9  8  4  0  1  73 3  2  58 59 57 61 65 17 22 72 21 20 18 40 64 68 44 43 41 47 50 49 71 46 76 12 60 48 16 42 70 11 45 19 69 75 5  51 37 
24 75 26 25 28 27 37 34 36 74 39 35 15 14 66 13 12 30 32 69 62 33 31 67 53 55 51 54 56 10 76 8  11 6  2  4  73 3  5  1  60 58 61 65 70 20 21 22 17 18 19 64 42 41 68 44 40 46 71 50 47 48 9  16 57 45 63 43 59 7  49 72 29 23 0  52 38 
55 56 53 52 54 67 30 29 33 32 31 69 6  10 7  8  76 22 17 20 21 72 19 60 65 57 59 61 70 27 26 24 23 28 48 46 49 50 71 45 73 1  5  0  4  68 43 42 44 41 40 16 63 15 13 14 12 74 37 36 38 35 75 9  3  34 11 66 2  25 39 64 18 51 47 58 62 
54 51 56 67 53 55 62 31 30 69 33 29 76 8  10 6  9  21 20 18 17 22 72 57 70 61 58 65 59 24 75 28 25 26 45 48 50 71 47 49 3  73 0  4  2  41 44 43 68 40 64 63 66 12 15 13 16 35 38 37 74 34 23 11 5  39 7  14 1  27 36 42 19 52 46 60 32 
52 54 55 56 67 51 31 32 29 30 69 62 10 11 9  7  8  19 22 21 72 18 20 59 57 58 65 60 61 23 24 25 26 27 47 71 48 45 49 46 2  4  73 3  5  43 64 40 42 44 68 15 12 14 66 63 13 37 39 34 36 38 28 6  1  74 76 16 0  75 35 41 17 53 50 70 33 
51 55 67 53 52 56 29 62 69 33 32 30 7  9  76 11 10 18 72 22 19 20 17 70 60 59 61 58 57 75 27 23 28 25 71 50 46 48 45 47 4  0  1  73 3  42 40 41 64 43 44 13 15 66 63 16 14 36 34 35 39 37 24 8  2  38 6  12 5  26 74 68 21 54 49 65 31 
56 67 52 54 51 53 69 30 32 31 62 33 11 76 6  9  7  20 19 72 18 17 21 65 58 70 57 59 60 26 25 75 24 23 50 49 47 46 48 71 0  5  2  1  73 64 41 68 40 42 43 14 13 63 16 12 66 39 35 74 34 36 27 10 4  37 8  15 3  28 38 44 22 55 45 61 29 
67 53 54 51 55 52 33 69 31 62 29 32 8  7  11 10 6  72 21 17 22 19 18 58 61 60 70 57 65 25 28 27 75 24 46 47 45 49 50 48 1  2  3  5  0  44 42 64 43 68 41 12 16 13 14 66 15 38 36 39 37 74 26 76 73 35 9  63 4  23 34 40 20 56 71 59 30 
9  10 7  6  11 76 48 71 46 49 47 50 44 42 64 43 68 35 39 36 34 74 38 28 23 26 27 75 25 63 13 66 12 14 57 60 65 70 59 61 53 54 51 52 67 29 32 62 69 31 33 17 20 22 72 19 21 73 2  4  1  3  15 41 56 5  40 18 55 16 0  30 37 8  58 24 45 
6  11 9  10 76 8  47 49 71 48 50 45 42 40 41 64 43 38 35 34 74 37 36 27 26 24 23 28 75 12 66 16 13 63 58 59 57 61 65 60 55 67 53 56 51 32 30 33 62 69 29 22 21 19 18 20 72 2  0  5  4  1  14 44 54 73 68 17 52 15 3  31 39 7  70 25 46 
8  9  76 7  6  10 71 45 50 46 49 48 64 41 68 40 42 37 74 35 38 36 39 25 28 27 75 24 26 15 63 12 14 16 59 70 60 57 61 58 67 52 54 53 56 62 33 31 30 32 69 72 22 18 20 17 19 4  5  3  0  2  66 43 55 1  44 21 51 13 73 29 34 11 65 23 47 
76 7  11 8  9  6  46 50 47 45 71 49 43 64 40 42 44 74 34 39 35 38 37 24 75 28 25 26 23 16 14 63 15 66 60 58 61 65 70 57 54 55 56 51 52 69 62 30 32 29 31 21 17 72 19 18 22 1  4  0  2  73 13 68 53 3  41 20 67 12 5  33 36 10 59 27 48 
11 8  10 76 7  9  45 47 48 50 46 71 68 43 42 44 41 34 36 37 39 35 74 26 25 75 24 23 27 66 15 14 16 13 61 57 70 59 58 65 56 53 52 67 55 31 69 32 29 33 30 20 18 21 22 72 17 3  1  2  73 5  12 40 51 0  64 19 54 63 4  62 38 6  60 28 49 
7  6  8  9  10 11 49 46 45 71 48 47 41 44 43 68 40 39 37 38 36 34 35 75 27 23 28 25 24 14 12 13 63 15 65 61 59 58 60 70 51 56 67 55 54 33 29 69 31 30 62 18 19 17 21 22 20 5  73 1  3  0  16 64 52 4  42 72 53 66 2  32 74 76 57 26 50 
72 17 21 18 22 19 53 67 54 51 55 52 39 35 74 34 36 65 59 58 70 61 57 40 43 64 68 42 44 62 29 32 33 69 7  11 8  6  76 10 12 15 63 66 14 4  5  3  0  2  1  49 50 48 46 47 45 23 26 28 75 25 31 37 16 27 38 71 13 30 24 73 60 20 9  41 56 
18 22 72 17 19 20 55 51 67 53 52 56 35 38 37 74 34 57 65 70 61 60 58 68 64 41 43 40 42 33 32 30 29 62 9  76 7  10 8  11 13 14 12 16 63 5  73 1  3  0  4  48 45 47 71 50 46 26 24 27 28 75 69 39 15 23 36 49 66 31 25 2  59 21 6  44 54 
20 72 19 21 18 17 67 56 52 54 51 53 74 37 36 38 35 60 61 65 57 58 59 44 40 68 42 41 64 31 62 33 69 30 76 6  11 7  10 9  14 66 15 12 16 3  1  2  73 5  0  46 48 71 50 49 47 28 27 25 24 26 32 34 13 75 39 45 63 29 23 4  70 22 8  43 55 
19 21 22 20 72 18 54 52 55 56 67 51 34 74 38 35 39 61 70 59 65 57 60 41 42 40 44 64 43 30 69 62 31 32 11 9  10 8  6  7  15 13 16 63 66 0  3  73 5  4  2  45 49 46 47 71 48 75 28 24 26 23 29 36 12 25 37 50 14 33 27 1  58 17 76 68 53 
22 20 17 19 21 72 56 55 53 52 54 67 36 34 35 39 37 70 58 60 59 65 61 64 44 42 41 43 68 32 31 69 30 29 10 7  6  76 9  8  16 12 66 14 13 2  0  5  4  1  73 50 71 45 48 46 49 25 75 26 23 27 33 38 63 24 74 47 15 62 28 3  57 18 11 40 51 
59 57 60 65 58 70 72 20 19 21 18 17 25 75 26 23 27 64 43 44 42 40 41 4  73 2  5  1  3  56 67 51 54 52 39 34 37 38 74 36 46 47 45 49 50 63 12 15 16 66 14 7  10 9  76 6  11 33 29 69 31 30 55 24 48 62 28 8  71 53 32 13 68 61 35 0  22 
57 70 65 58 61 60 17 72 21 18 22 19 28 27 25 24 26 44 41 40 68 43 42 73 0  3  2  5  4  67 53 55 51 54 38 37 35 34 39 74 49 45 71 47 46 13 66 63 14 15 12 6  76 10 7  11 8  32 30 33 62 69 56 75 50 29 23 9  48 52 31 16 64 59 36 1  20 
58 61 57 70 60 59 22 18 72 17 19 20 27 23 75 25 24 42 44 68 43 64 40 2  3  1  0  73 5  51 55 52 53 67 36 39 38 74 35 37 48 46 49 50 71 66 16 12 63 14 13 10 8  11 9  76 7  30 31 29 33 62 54 28 45 32 26 6  47 56 69 15 41 65 34 4  21 
65 58 59 57 70 61 18 21 20 72 17 22 75 28 24 26 23 41 64 42 40 68 44 5  2  0  73 4  1  54 51 53 67 56 35 74 39 36 37 34 71 50 46 48 45 12 13 14 15 16 63 9  11 6  8  10 76 29 32 62 69 31 52 25 47 33 27 7  49 55 30 66 43 60 38 3  19 
60 65 61 59 57 58 21 19 22 20 72 18 24 25 23 27 28 43 68 41 44 42 64 1  5  73 4  3  0  52 54 67 56 55 37 36 74 35 34 38 45 48 50 71 47 14 63 16 66 13 15 8  6  7  11 9  10 62 33 31 30 32 53 26 49 69 75 76 46 51 29 12 40 70 39 2  17 
61 59 70 60 65 57 20 22 17 19 21 72 26 24 27 28 75 68 40 64 41 44 43 3  4  5  1  0  2  55 56 54 52 53 74 38 34 39 36 35 50 49 47 46 48 15 14 66 13 12 16 76 9  8  10 7  6  69 62 30 32 29 51 23 71 31 25 11 45 67 33 63 42 58 37 73 18 
31 62 30 69 33 29 75 24 26 25 28 27 50 45 48 49 71 56 52 67 51 53 54 72 17 22 18 21 20 34 37 39 74 36 15 13 16 63 66 12 64 40 43 44 68 59 65 61 70 58 60 3  5  1  2  4  73 7  9  76 11 10 38 47 42 8  46 0  41 35 6  57 55 32 14 19 23 
62 29 69 33 32 30 27 75 25 28 23 26 46 71 50 47 48 67 54 53 55 52 51 17 19 20 22 18 72 37 35 38 39 74 63 16 14 13 15 66 44 43 41 40 64 57 58 59 60 61 65 4  2  5  3  73 0  6  10 7  8  76 34 45 68 9  49 1  42 36 11 70 56 31 12 21 24 
33 32 62 29 30 31 23 28 75 27 26 24 71 49 45 50 47 51 67 55 52 56 53 22 20 21 19 17 18 39 38 36 35 37 12 15 63 66 14 16 42 64 44 68 41 58 70 65 59 60 57 5  0  73 1  2  3  10 11 9  7  8  74 46 43 6  48 4  40 34 76 61 54 69 13 72 25 
69 33 31 62 29 32 28 25 24 75 27 23 45 46 47 48 49 54 56 51 53 55 67 18 22 19 17 72 21 74 39 35 37 34 14 66 15 12 16 13 41 68 64 42 43 65 57 60 61 70 59 1  73 4  0  5  2  9  6  8  76 11 36 50 40 7  71 3  44 38 10 58 52 30 63 20 26 
30 69 32 31 62 33 25 26 23 24 75 28 47 50 49 71 46 52 55 54 67 51 56 21 18 17 72 20 19 36 74 37 34 38 16 12 66 14 13 63 43 42 68 41 40 60 59 70 58 57 61 0  4  3  73 1  5  8  7  11 10 6  35 48 44 76 45 2  64 39 9  65 53 29 15 22 27 
43 41 68 64 44 42 59 61 70 60 65 57 30 31 29 33 62 2  73 3  1  4  0  63 13 66 12 14 15 22 20 21 19 17 24 27 26 75 23 28 76 6  11 7  10 50 45 48 49 71 47 37 38 39 34 35 36 67 51 56 52 55 18 32 9  54 69 74 8  72 53 46 5  40 25 16 58 
42 68 44 40 43 64 70 57 65 58 61 60 33 29 69 31 30 4  1  73 2  0  5  16 14 63 15 66 13 72 17 22 18 21 27 25 28 26 75 24 6  8  9  11 7  49 48 46 45 50 71 36 37 34 35 74 39 52 56 53 51 67 20 62 76 55 32 38 10 19 54 47 3  41 23 12 59 
68 64 40 43 41 44 60 70 58 61 59 65 32 30 33 62 69 73 5  0  3  1  2  14 12 13 63 15 16 17 19 20 22 18 26 28 23 25 27 75 11 9  10 8  6  47 50 49 71 46 48 74 35 37 36 39 38 54 67 52 55 53 72 29 7  56 31 34 76 21 51 45 4  42 24 66 57 
41 42 64 44 40 68 57 59 60 65 58 70 69 62 30 32 29 3  0  4  5  73 1  13 16 15 66 12 63 20 72 18 21 19 75 26 25 27 24 23 7  11 8  6  76 46 71 50 47 48 45 35 34 38 37 36 74 53 55 67 54 56 22 31 10 51 33 39 9  17 52 49 2  43 28 14 61 
40 43 42 68 64 41 61 58 57 70 60 59 29 32 62 69 31 5  4  2  0  3  73 15 63 12 14 16 66 18 22 19 17 72 23 75 27 24 28 25 10 7  6  76 9  48 47 71 46 45 49 34 39 74 38 37 35 56 54 55 53 51 21 33 8  52 30 36 11 20 67 50 1  44 26 13 65 
44 40 41 42 68 43 58 65 59 57 70 61 62 33 31 30 32 1  3  5  73 2  4  66 15 14 16 13 12 21 18 17 72 20 28 24 75 23 25 26 9  76 7  10 8  71 49 45 50 47 46 38 74 36 39 34 37 55 52 51 67 54 19 69 11 53 29 35 6  22 56 48 0  64 27 63 60 
48 50 49 47 45 46 16 13 12 66 15 14 58 70 65 59 60 6  9  11 76 8  10 74 39 35 37 34 36 4  73 2  5  1  17 21 18 19 72 20 32 62 29 31 33 26 24 27 28 75 23 56 51 54 55 67 53 43 64 40 42 44 3  57 69 68 61 52 30 0  41 25 7  71 22 38 63 
71 48 46 49 47 50 13 63 14 12 66 16 65 57 60 61 70 7  8  6  10 11 9  36 74 37 34 38 35 3  4  5  1  0  72 19 21 17 20 22 33 31 62 32 69 27 23 75 25 24 28 55 54 52 51 56 67 40 68 44 41 64 2  59 30 42 58 53 29 73 43 26 76 45 18 39 15 
46 49 45 71 48 47 12 14 15 63 13 66 59 65 61 70 58 8  76 9  6  10 7  38 34 74 36 35 39 0  1  4  3  2  21 22 20 18 19 17 62 30 69 29 31 28 27 25 24 26 75 53 56 55 67 52 54 42 40 41 64 43 73 60 32 44 57 51 33 5  68 23 11 50 72 37 16 
49 47 71 48 50 45 66 12 63 13 16 15 57 58 59 60 61 9  7  10 11 76 6  34 37 39 74 36 38 1  5  73 4  3  18 20 72 22 21 19 29 69 33 30 62 23 26 28 75 25 27 52 67 56 53 54 51 68 43 42 44 41 0  65 31 40 70 55 32 2  64 24 8  46 17 35 14 
47 45 48 50 46 71 15 66 13 16 14 63 70 61 57 65 59 10 6  76 8  7  11 37 35 38 39 74 34 5  2  0  73 4  22 72 17 20 18 21 30 33 32 69 29 24 25 23 27 28 26 54 53 67 52 51 55 64 41 68 40 42 1  58 62 43 60 56 31 3  44 75 9  49 19 36 12 
50 46 47 45 71 49 14 16 66 15 63 12 61 60 58 57 65 11 10 8  7  9  76 39 38 36 35 37 74 73 0  3  2  5  19 18 22 21 17 72 31 29 30 62 32 25 75 26 23 27 24 67 55 51 56 53 52 41 44 43 68 40 4  70 33 64 59 54 69 1  42 28 6  48 20 34 13 
15 63 16 14 12 13 3  2  73 0  1  4  19 20 17 18 72 50 47 46 71 49 45 7  6  10 9  8  76 68 64 41 43 40 56 53 52 67 55 51 25 23 24 28 26 37 39 34 36 38 74 69 29 62 30 33 32 65 57 60 61 70 42 22 27 59 21 31 75 44 58 35 48 66 54 11 5  
13 16 12 66 15 14 73 4  1  5  2  0  18 17 21 20 19 49 71 47 50 45 48 11 8  7  76 10 6  44 40 68 42 41 53 54 51 52 67 56 23 75 27 24 28 36 34 35 39 37 38 32 69 30 33 31 62 61 60 58 57 65 64 72 25 70 22 29 26 43 59 74 46 63 55 9  3  
16 14 66 15 63 12 0  73 5  2  3  1  22 19 18 72 21 47 48 45 46 71 50 8  9  6  7  76 11 40 43 64 68 42 52 51 55 54 53 67 24 27 26 75 23 74 37 36 38 35 34 31 33 69 32 62 29 59 65 61 70 58 44 17 28 60 20 30 25 41 57 39 49 13 56 10 4  
63 13 14 12 66 16 4  3  0  1  5  73 21 72 19 22 17 46 45 49 48 47 71 6  11 76 10 9  7  64 44 42 41 43 67 52 54 53 56 55 28 24 75 23 25 35 38 37 74 34 39 33 30 29 69 32 31 58 70 65 59 60 68 20 26 57 18 62 27 40 61 36 50 15 51 8  2  
66 15 13 16 14 63 2  5  4  73 0  3  17 22 72 21 20 48 49 50 45 46 47 76 7  9  8  11 10 42 68 43 40 44 55 67 53 56 51 54 26 28 23 25 27 34 74 38 35 39 36 30 62 31 29 69 33 60 59 70 58 57 41 18 75 61 19 32 24 64 65 37 71 12 52 6  1  
21 18 20 72 17 22 51 54 56 67 53 55 37 39 34 36 38 59 60 57 58 70 65 42 68 43 40 44 41 69 33 29 62 31 8  10 76 9  11 6  63 16 14 13 15 1  4  0  2  73 3  71 47 49 45 48 50 27 23 75 25 24 30 74 66 28 35 46 12 32 26 5  61 19 7  64 52 
23 24 27 26 25 75 34 38 35 36 74 37 66 16 12 63 14 29 33 30 31 69 32 56 67 51 54 52 55 9  10 11 6  7  5  3  4  2  1  0  70 65 58 60 57 22 19 18 72 21 17 68 41 43 42 64 44 50 45 48 49 71 8  13 59 47 15 40 61 76 46 20 62 28 73 53 39 
32 31 29 30 69 62 24 23 27 26 25 75 48 47 71 46 45 55 53 56 54 67 52 20 72 18 21 19 22 38 34 74 36 35 66 63 13 15 12 14 68 44 40 64 42 61 60 58 57 65 70 2  1  0  5  3  4  76 8  10 6  9  39 49 41 11 50 73 43 37 7  59 51 33 16 17 28 
12 66 63 13 16 15 5  1  3  4  73 2  72 18 20 19 22 71 46 48 47 50 49 10 76 8  11 6  9  41 42 40 44 64 51 56 67 55 54 52 27 25 28 26 75 38 36 39 37 74 35 29 31 32 62 30 69 70 61 57 65 59 43 21 24 58 17 33 23 68 60 34 45 14 53 7  0  
28 23 75 27 26 24 38 39 37 35 36 34 12 13 14 15 16 62 69 29 32 30 33 55 56 54 52 53 51 8  9  6  7  76 1  2  3  5  0  73 57 60 65 70 59 18 17 21 20 19 72 42 43 40 41 68 64 48 47 71 46 45 11 63 61 49 66 44 58 10 50 22 31 25 4  67 74 
45 71 50 46 49 48 63 15 16 14 12 13 60 59 70 58 57 76 11 7  9  6  8  35 36 34 38 39 37 2  3  1  0  73 20 17 19 72 22 18 69 32 31 33 30 75 28 24 26 23 25 51 52 53 54 55 56 44 42 64 43 68 5  61 29 41 65 67 62 4  40 27 10 47 21 74 66 
29 30 33 32 31 69 26 27 28 23 24 25 49 48 46 45 50 53 51 52 56 54 55 19 21 72 20 22 17 35 36 34 38 39 13 14 12 16 63 15 40 41 42 43 44 70 61 57 65 59 58 73 3  2  4  0  1  11 76 6  9  7  37 71 64 10 47 5  68 74 8  60 67 62 66 18 75 
17 19 18 22 20 21 52 53 51 55 56 54 38 36 39 37 74 58 57 61 60 59 70 43 41 44 64 68 40 29 30 31 32 33 6  8  9  11 7  76 66 63 13 15 12 73 2  4  1  3  5  47 46 50 49 45 71 24 25 23 27 28 62 35 14 26 34 48 16 69 75 0  65 72 10 42 67 
14 12 15 63 13 66 1  0  2  3  4  5  20 21 22 17 18 45 50 71 49 48 46 9  10 11 6  7  8  43 41 44 64 68 54 55 56 51 52 53 75 26 25 27 24 39 35 74 34 36 37 62 32 33 31 29 30 57 58 59 60 61 40 19 23 65 72 69 28 42 70 38 47 16 67 76 73 
64 44 43 41 42 40 65 60 61 59 57 58 31 69 32 29 33 0  2  1  4  5  3  12 66 16 13 63 14 19 21 72 20 22 25 23 24 28 26 27 8  10 76 9  11 45 46 47 48 49 50 39 36 35 74 38 34 51 53 54 56 52 17 30 6  67 62 37 7  18 55 71 73 68 75 15 70 
53 52 51 55 56 54 32 33 62 29 30 31 9  6  8  76 11 17 18 19 20 21 22 61 59 65 60 70 58 28 23 26 27 75 49 45 71 47 46 50 5  3  4  2  1  40 68 44 41 64 42 66 14 16 12 15 63 34 74 38 35 39 25 7  0  36 10 13 73 24 37 43 72 67 48 57 69 
0  1  2  3  4  5  40 44 41 42 68 43 51 53 54 56 52 12 63 66 16 15 13 47 45 46 50 48 49 65 58 70 57 59 33 31 62 32 69 30 38 37 35 34 39 6  10 7  8  76 9  23 25 26 28 24 75 22 19 18 72 21 60 67 74 17 55 27 36 61 20 11 14 73 29 71 64 
70 60 58 61 59 65 19 17 18 22 20 21 23 26 28 75 25 40 42 43 64 41 68 0  1  4  3  2  73 53 52 56 55 51 34 35 36 37 38 39 47 71 48 45 49 16 15 13 12 63 66 11 7  76 6  8  9  31 69 32 29 33 67 27 46 30 24 10 50 54 62 14 44 57 74 5  72 
10 76 6  11 8  7  50 48 49 47 45 46 40 68 44 41 64 36 38 74 37 39 34 23 24 25 26 27 28 13 16 15 66 12 70 65 58 60 57 59 52 51 55 54 53 30 31 29 33 62 32 19 72 20 17 21 18 0  3  73 5  4  63 42 67 2  43 22 56 14 1  69 35 9  61 75 71 
34 37 36 74 39 35 6  7  8  9  10 11 73 2  4  1  3  26 23 25 75 28 24 69 33 29 62 31 30 48 50 45 47 49 68 44 40 64 42 41 19 18 22 21 17 56 54 55 53 51 52 60 57 59 70 65 58 14 63 16 66 13 71 5  72 15 0  61 20 46 12 67 27 38 43 32 76 
