3  4  0  1  5  74 72 32 34 30 33 35 62 67 63 61 64 60 57 69 54 56 59 58 47 68 42 45 43 46 18 76 22 19 23 20 9  7  10 11 70 6  75 12 17 13 16 15 26 25 29 28 24 73 48 66 52 49 51 53 41 39 36 38 40 71 27 37 14 50 31 8  21 44 2  65 55 
1  5  3  4  74 2  35 72 30 33 31 34 63 60 64 65 67 61 69 55 58 54 56 57 42 46 43 44 68 45 19 22 21 76 18 23 10 6  70 8  7  11 12 14 15 17 13 75 28 29 27 25 26 24 51 53 48 50 49 52 39 71 38 40 37 36 73 41 16 66 32 9  20 47 0  62 59 
5  2  4  74 0  3  30 34 31 32 72 33 67 65 60 63 61 62 59 56 69 57 58 55 68 44 46 42 45 47 22 20 23 21 76 19 7  8  6  10 11 9  16 13 12 75 15 14 29 73 24 27 25 28 50 48 49 53 66 51 36 38 37 41 39 40 26 71 17 52 35 70 18 43 1  64 54 
74 0  5  2  3  1  33 30 32 72 35 31 60 62 61 64 65 63 56 54 55 69 57 59 46 47 45 43 44 42 21 23 18 20 22 76 6  9  11 70 8  10 13 17 14 12 75 16 27 24 26 73 29 25 66 51 50 52 53 49 38 40 41 39 71 37 28 36 15 48 34 7  19 68 4  67 58 
2  3  74 0  1  4  31 33 72 35 34 32 61 63 65 67 62 64 54 58 59 55 69 56 45 42 44 68 47 43 20 18 19 23 21 22 11 10 8  7  9  70 17 15 16 14 12 13 73 26 28 24 27 29 53 49 66 48 52 50 40 37 39 71 36 41 25 38 75 51 30 6  76 46 5  60 57 
4  74 1  5  2  0  34 35 33 31 32 30 64 61 67 62 60 65 55 59 57 58 54 69 43 45 68 47 46 44 76 21 20 22 19 18 70 11 7  9  6  8  14 16 75 15 17 12 25 27 73 29 28 26 49 52 51 66 50 48 71 36 40 37 41 38 24 39 13 53 72 10 23 42 3  63 56 
23 19 20 18 76 22 11 6  9  10 70 8  48 50 51 53 49 66 32 72 33 30 34 31 64 61 67 62 60 65 28 29 27 25 26 24 14 17 16 75 13 15 3  1  2  74 5  0  68 45 44 46 43 42 40 71 38 41 37 36 54 58 69 55 59 57 47 56 4  39 7  12 73 63 21 52 35 
76 21 19 22 20 23 10 9  7  6  11 70 50 52 66 51 53 48 34 30 72 32 31 35 61 63 65 67 62 64 27 24 26 73 29 25 17 12 15 16 75 14 5  74 1  3  0  4  44 42 43 47 45 46 39 40 41 36 71 37 69 55 56 54 58 59 68 57 2  38 8  13 28 60 18 49 33 
18 76 23 19 22 21 8  11 10 70 7  9  51 66 49 52 50 53 72 35 31 33 30 32 67 65 60 63 61 62 25 27 73 29 28 26 16 15 13 12 17 75 1  4  0  2  74 3  46 44 47 45 68 43 37 36 40 39 41 38 58 57 55 59 56 69 42 54 5  71 6  14 24 64 20 48 34 
21 23 22 20 18 19 7  70 11 8  9  6  53 51 52 50 48 49 33 31 34 35 72 30 62 67 63 61 64 60 24 28 25 26 73 27 75 16 12 17 14 13 2  0  5  4  1  74 42 68 46 43 47 44 36 41 71 40 38 39 59 56 58 57 69 54 45 55 3  37 10 15 29 65 76 66 32 
19 22 18 76 21 20 9  8  70 7  6  10 49 53 50 48 66 52 35 34 32 31 33 72 60 62 61 64 65 63 29 73 24 27 25 28 13 75 17 14 15 12 4  5  3  0  2  1  45 47 42 44 46 68 41 38 37 71 39 40 57 69 59 56 54 55 43 58 74 36 11 16 26 67 23 51 30 
22 20 76 21 23 18 70 10 6  11 8  7  66 48 53 49 52 51 30 33 35 72 32 34 65 64 62 60 63 67 73 26 28 24 27 29 15 14 75 13 12 16 74 2  4  1  3  5  47 43 68 42 44 45 71 37 39 38 36 41 55 59 54 58 57 56 46 69 0  40 9  17 25 61 19 50 31 
38 37 36 40 41 39 46 68 44 47 42 45 17 12 15 16 75 14 26 28 73 27 29 24 9  7  10 11 70 6  59 54 58 56 55 69 60 62 61 64 65 63 49 50 48 52 53 51 35 30 33 34 72 32 3  74 0  4  1  2  21 20 18 19 76 23 31 22 66 5  43 67 57 8  71 13 25 
71 38 39 36 40 37 43 42 46 45 44 68 16 15 13 12 17 75 73 24 29 25 28 27 11 10 8  7  9  70 69 59 56 55 57 58 64 61 67 62 60 65 48 51 53 66 50 52 32 35 34 72 31 33 2  4  74 3  0  5  76 22 20 23 18 21 30 19 49 1  47 63 54 6  41 14 26 
39 36 41 71 38 40 42 47 68 46 45 43 14 17 16 75 13 15 27 73 25 28 26 29 6  9  11 70 8  10 57 55 59 69 58 54 63 60 64 65 67 61 52 48 66 50 49 53 31 72 35 32 33 30 74 1  5  0  2  4  19 76 21 20 23 22 34 18 51 3  44 62 56 7  37 12 24 
36 40 71 38 37 41 68 43 45 44 47 46 13 75 17 14 15 12 24 26 27 29 25 73 8  70 9  6  10 7  55 56 54 59 69 57 67 65 60 63 61 62 51 49 52 53 66 48 72 34 30 35 32 31 0  5  2  1  3  74 22 21 23 18 19 20 33 76 50 4  42 64 58 11 39 16 28 
40 41 38 37 39 71 45 46 47 42 43 44 15 14 75 13 12 16 28 25 24 73 27 26 10 6  70 8  7  11 56 58 57 54 59 55 61 63 65 67 62 64 50 66 51 48 52 49 34 33 31 30 35 72 1  2  3  5  4  0  20 23 19 76 22 18 32 21 53 74 68 60 69 9  36 17 29 
37 39 40 41 71 36 44 45 42 43 68 47 75 16 12 17 14 13 25 29 26 24 73 28 70 11 7  9  6  8  54 57 69 58 56 59 65 64 62 60 63 67 66 53 49 51 48 50 30 31 32 33 34 35 4  0  1  74 5  3  23 18 76 22 21 19 72 20 52 2  46 61 55 10 38 15 27 
51 50 48 49 66 53 29 25 73 24 26 27 9  7  10 11 70 6  23 18 21 22 76 20 72 30 35 31 34 33 41 71 36 39 37 40 46 47 45 43 44 42 60 61 64 63 62 67 56 58 57 54 59 55 14 15 12 13 16 75 74 2  3  1  4  0  69 5  65 17 28 68 38 32 52 8  19 
53 48 66 52 51 49 26 24 25 29 27 28 6  9  11 70 8  10 22 21 19 18 23 76 33 72 31 34 32 35 38 37 41 40 36 71 42 46 43 44 68 45 63 64 65 61 60 62 69 59 56 55 57 58 15 16 17 12 75 13 1  4  74 2  0  5  54 3  67 14 73 47 39 30 50 7  20 
48 49 52 51 50 66 25 28 27 73 24 29 8  70 9  6  10 7  20 23 22 76 19 21 32 34 72 33 35 30 37 39 71 41 40 38 68 44 46 42 45 47 67 60 63 62 65 64 59 54 58 56 55 69 12 17 75 16 14 15 5  74 0  3  1  2  57 4  61 13 26 43 36 31 53 11 18 
50 53 49 66 52 48 73 27 26 28 25 24 70 11 7  9  6  8  19 76 23 20 21 18 34 31 30 72 33 32 71 38 40 36 39 41 44 43 47 46 42 68 65 62 60 67 64 61 58 69 55 57 54 56 13 12 16 15 17 14 0  3  4  5  74 1  59 2  63 75 29 45 37 35 51 10 22 
52 51 53 48 49 50 28 26 29 27 73 25 11 10 8  7  9  70 21 20 76 19 18 22 31 35 32 30 72 34 40 41 39 37 38 36 43 45 68 47 46 44 64 67 62 65 61 63 55 56 54 59 69 57 75 13 15 14 12 17 4  5  2  0  3  74 58 1  60 16 24 42 71 33 66 6  23 
66 52 50 53 48 51 24 73 28 25 29 26 7  8  6  10 11 9  76 22 18 23 20 19 30 32 33 35 31 72 36 40 37 38 71 39 47 68 42 45 43 46 62 63 61 60 67 65 57 55 59 69 58 54 17 14 13 75 15 16 3  1  5  74 2  4  56 0  64 12 27 44 41 34 49 70 21 
15 12 17 75 14 16 59 55 54 58 57 56 47 68 42 45 43 46 38 40 71 39 41 36 29 24 27 28 73 26 3  4  5  1  0  2  72 30 35 31 34 33 9  10 11 6  7  8  19 22 21 76 18 23 64 65 63 60 67 62 66 53 48 51 49 52 20 50 70 61 69 32 74 25 13 44 37 
13 15 16 17 75 12 69 57 59 56 54 55 45 42 44 68 47 43 71 36 41 37 40 39 28 27 25 24 29 73 2  3  1  0  74 5  31 35 32 30 72 34 11 8  7  70 10 6  23 19 76 18 20 21 62 60 65 64 63 61 49 50 53 52 48 66 22 51 9  67 58 33 4  26 14 46 38 
16 17 14 13 15 75 57 58 55 59 56 69 46 47 45 43 44 42 39 71 37 40 38 41 26 29 28 73 25 27 74 0  3  2  5  4  33 72 31 34 32 35 6  11 70 10 9  7  20 18 19 23 21 22 65 67 61 63 62 60 51 49 66 53 52 50 76 48 8  64 54 30 1  24 12 68 36 
17 75 13 15 12 14 55 69 56 54 58 59 44 43 47 46 42 68 36 38 39 41 37 71 25 73 29 26 27 24 0  1  4  3  2  74 32 34 72 33 35 30 8  9  6  7  70 11 18 76 22 19 23 20 63 61 62 67 64 65 50 66 52 48 51 53 21 49 10 60 57 31 5  28 16 45 40 
75 14 15 12 16 13 56 59 58 57 69 54 42 46 43 44 68 45 40 37 36 71 39 38 27 26 73 25 24 28 1  5  74 4  3  0  35 33 34 32 30 31 10 70 8  11 6  9  76 21 20 22 19 18 67 62 64 61 60 63 53 52 51 49 50 48 23 66 7  65 55 72 2  29 17 47 41 
12 16 75 14 13 17 54 56 57 69 55 58 43 45 68 47 46 44 37 41 38 36 71 40 73 28 24 29 26 25 4  74 2  5  1  3  34 31 30 72 33 32 70 7  9  8  11 10 22 20 23 21 76 19 60 63 67 65 61 64 52 48 49 50 66 51 18 53 6  62 59 35 0  27 15 42 39 
54 57 56 58 69 55 64 63 60 61 65 67 5  0  74 1  2  3  44 47 46 68 43 45 17 12 15 16 75 14 35 30 33 34 72 32 48 50 51 53 49 66 36 38 39 41 37 71 8  10 70 9  11 6  20 76 21 18 23 22 28 25 27 73 24 29 7  26 40 19 62 52 31 13 59 4  42 
58 69 54 57 55 59 67 64 61 65 62 60 74 3  2  4  0  1  47 42 45 46 68 44 15 14 75 13 12 16 34 33 31 30 35 72 51 66 49 52 50 53 38 40 71 39 41 36 9  70 7  10 8  11 23 22 20 19 18 21 25 29 73 24 26 27 6  28 37 76 63 48 32 17 56 5  43 
59 54 55 56 58 57 62 65 64 67 60 63 1  74 4  0  5  2  46 45 43 42 47 68 16 15 13 12 17 75 32 35 34 72 31 33 53 51 52 50 48 49 39 71 37 40 38 41 6  8  9  11 7  70 22 18 76 20 21 19 24 26 25 29 27 28 10 73 36 23 61 66 30 14 69 3  44 
55 56 69 59 54 58 65 61 63 64 67 62 3  5  1  2  4  74 68 46 42 47 44 43 14 17 16 75 13 15 31 72 35 32 33 30 66 48 53 49 52 51 41 39 40 38 36 37 7  11 8  6  70 10 76 23 19 21 22 18 73 24 28 25 29 26 9  27 71 20 60 50 34 12 57 0  45 
69 59 57 55 56 54 61 60 62 63 64 65 0  4  3  74 1  5  43 68 47 44 45 42 12 13 14 15 16 17 33 32 72 31 30 34 50 52 66 51 53 48 37 41 38 36 71 40 70 6  11 7  10 9  19 20 18 22 76 23 27 73 26 28 25 24 8  29 39 21 67 49 35 75 58 2  46 
56 58 59 54 57 69 63 62 67 60 61 64 4  2  5  3  74 0  45 44 68 43 42 46 13 75 17 14 15 12 72 34 30 35 32 31 52 49 48 66 51 50 71 36 41 37 40 39 11 9  10 8  6  7  21 19 22 23 20 76 26 28 29 27 73 25 70 24 38 18 65 53 33 16 55 1  47 
32 35 31 72 34 30 66 50 52 48 51 53 18 22 19 20 76 21 67 60 63 62 65 64 3  5  1  2  4  74 70 6  11 7  10 9  41 36 39 40 71 38 59 56 69 57 58 55 16 17 15 13 14 12 28 73 26 29 25 24 44 47 43 68 46 42 75 45 54 27 49 37 8  0  33 23 61 
33 32 30 31 72 35 49 51 66 53 52 50 20 19 23 22 18 76 63 64 65 61 60 62 2  1  0  5  3  4  9  70 7  10 8  11 40 39 37 36 41 71 69 55 58 54 56 57 12 16 13 14 75 15 24 29 73 28 26 27 46 45 47 42 43 44 17 68 59 25 48 38 6  74 34 21 67 
30 31 34 33 32 72 51 48 50 66 53 49 21 18 20 76 23 19 62 63 61 60 67 65 74 3  2  4  0  1  8  10 70 9  11 6  38 41 40 71 37 39 57 69 54 56 59 58 75 14 16 12 15 17 73 25 27 26 24 29 68 46 44 47 42 45 13 43 55 28 52 36 7  5  35 22 64 
31 72 33 32 35 34 50 49 53 52 48 66 23 76 18 21 19 22 64 67 62 65 61 63 0  4  3  74 1  5  10 7  6  70 9  8  37 71 41 38 39 36 55 59 57 58 54 69 14 13 17 16 12 75 26 27 24 25 28 73 45 44 42 43 68 47 15 46 56 29 51 40 11 2  30 20 60 
72 34 32 35 30 33 53 66 48 51 49 52 19 21 76 23 22 20 60 61 64 63 62 67 1  74 4  0  5  2  7  11 8  6  70 10 39 38 71 37 36 40 56 54 55 69 57 59 13 15 75 17 16 14 25 24 28 27 29 26 47 42 68 46 45 43 12 44 58 73 50 41 9  3  31 18 65 
35 30 72 34 33 31 52 53 51 49 50 48 76 20 22 18 21 23 61 65 67 64 63 60 4  2  5  3  74 0  6  8  9  11 7  70 71 40 36 41 38 37 54 58 59 55 69 56 17 75 12 15 13 16 29 26 25 73 27 28 42 43 46 45 44 68 14 47 57 24 66 39 10 1  32 19 62 
67 61 64 60 65 62 21 22 23 18 19 20 72 30 35 31 34 33 1  4  0  2  74 3  59 58 56 69 54 57 66 52 48 53 50 49 29 24 27 28 73 26 47 42 45 46 68 44 39 36 38 71 41 37 70 8  10 6  7  9  15 75 14 16 13 12 40 17 43 11 76 25 51 55 63 32 5  
62 64 65 63 67 60 19 18 22 21 20 76 33 72 31 34 32 35 2  0  5  4  1  74 57 59 69 54 55 56 51 50 66 49 48 52 26 29 28 73 25 27 46 45 43 42 47 68 40 41 39 37 38 36 8  7  11 10 9  6  16 13 15 75 12 17 71 14 44 70 23 24 53 58 61 30 3  
64 60 63 67 61 65 22 76 20 23 18 21 32 34 72 33 35 30 3  1  2  74 5  0  55 54 59 57 56 58 50 53 52 66 49 51 25 73 29 26 27 24 44 47 46 68 43 45 41 71 36 39 37 40 10 11 9  7  70 8  17 15 12 14 16 75 38 13 42 6  19 28 48 69 62 31 4  
61 62 60 65 63 64 23 20 19 76 22 18 34 31 30 72 33 32 5  74 1  3  0  4  54 69 58 59 57 55 52 51 49 48 53 66 73 28 24 29 26 25 43 68 47 44 45 42 36 40 37 38 71 39 6  10 7  8  11 70 12 14 13 17 15 16 41 75 46 9  21 27 50 56 67 35 2  
63 67 62 64 60 61 76 19 21 20 23 22 31 35 32 30 72 34 0  3  74 5  4  2  69 56 55 58 59 54 49 66 53 50 51 48 28 27 25 24 29 73 45 44 68 43 42 46 37 39 71 41 40 38 9  6  8  70 10 11 13 17 75 12 14 15 36 16 47 7  18 26 52 57 65 33 1  
65 63 61 62 64 67 18 23 76 22 21 19 30 32 33 35 31 72 74 2  4  1  3  5  58 55 57 56 69 59 48 49 50 51 52 53 24 25 26 27 28 29 68 46 42 47 44 43 38 37 41 40 36 71 11 70 6  9  8  7  14 16 17 15 75 13 39 12 45 10 20 73 66 54 60 34 0  
68 45 43 46 44 47 74 5  0  3  1  2  59 58 56 69 54 57 16 13 12 75 15 14 41 36 39 40 71 38 65 63 64 62 61 60 21 18 20 76 23 19 29 27 28 26 24 25 53 48 51 52 66 50 34 32 35 33 30 72 8  9  70 7  6  10 49 11 73 31 4  22 67 37 42 55 17 
46 44 68 45 47 42 2  74 3  1  4  0  56 57 54 55 58 69 13 17 14 12 75 16 39 38 71 37 36 40 62 64 67 63 65 61 20 19 23 22 18 76 27 73 25 28 26 29 52 51 49 48 53 66 30 72 34 31 33 35 9  10 7  6  11 70 50 8  24 32 5  21 60 41 43 59 15 
42 68 47 43 46 45 4  1  74 2  0  5  69 56 55 58 59 54 12 14 15 17 13 75 40 39 37 36 41 71 60 65 62 61 67 64 76 20 22 18 21 23 28 25 24 73 27 26 50 53 52 66 49 51 72 33 32 34 35 31 6  11 9  10 70 8  48 7  29 30 3  19 63 38 44 57 16 
47 43 44 42 68 46 1  3  5  74 2  4  57 59 69 54 55 56 75 12 17 13 16 15 38 41 40 71 37 39 67 61 65 60 64 63 19 21 76 23 22 20 26 28 73 27 29 24 49 66 53 50 51 48 32 30 31 35 72 33 7  6  8  9  10 11 52 70 25 34 0  18 62 36 45 58 14 
44 42 45 47 43 68 3  0  4  5  74 1  58 55 57 56 69 59 15 75 13 16 14 17 36 37 38 39 40 41 64 60 61 67 63 62 18 22 19 20 76 21 24 26 27 29 25 73 51 50 66 49 48 52 31 34 33 72 32 30 70 7  11 8  9  6  53 10 28 35 2  23 65 71 46 54 12 
43 46 42 68 45 44 5  4  2  0  3  74 55 54 59 57 56 58 14 16 75 15 17 12 37 71 41 38 39 36 61 62 63 65 60 67 22 23 21 19 20 18 25 29 26 24 73 28 66 52 48 53 50 49 35 31 72 30 34 32 11 8  10 70 7  9  51 6  27 33 1  76 64 40 47 69 13 
28 29 26 25 27 73 17 13 75 12 14 15 37 71 41 38 39 36 70 7  9  8  11 10 50 52 66 51 53 48 45 47 42 44 46 68 5  0  74 1  2  3  22 21 19 18 23 76 65 63 64 62 61 60 57 56 58 55 69 54 31 32 35 34 30 72 67 33 20 59 16 4  43 49 24 40 6  
29 73 25 27 24 26 75 15 14 16 13 12 39 38 71 37 36 40 6  11 70 10 9  7  53 51 52 50 48 49 47 43 68 42 44 45 2  1  0  5  3  4  20 23 22 76 19 21 63 67 60 64 62 65 55 58 69 56 59 57 72 35 30 33 31 34 61 32 18 54 17 74 46 66 28 41 8  
27 24 29 73 26 28 12 75 16 13 17 14 71 40 36 41 38 37 11 8  7  70 10 6  52 49 48 66 51 50 42 68 46 43 47 44 0  4  3  74 1  5  23 18 21 22 76 20 64 60 61 67 63 62 59 57 55 54 56 69 35 34 33 31 32 30 65 72 19 58 15 2  45 53 25 39 9  
25 27 28 29 73 24 15 17 12 14 16 75 41 36 39 40 71 38 7  6  10 9  8  70 66 48 53 49 52 51 44 42 43 47 45 46 74 3  2  4  0  1  21 20 76 19 18 22 62 64 67 63 65 61 69 54 57 59 55 58 32 72 34 30 33 35 60 31 23 56 13 5  68 50 26 37 11 
73 26 27 24 28 25 14 12 13 17 15 16 36 37 38 39 40 41 8  9  6  7  70 11 48 50 51 53 49 66 43 46 45 68 42 47 3  5  1  2  4  74 18 19 20 21 22 23 67 61 65 60 64 63 56 69 59 58 54 55 34 30 31 32 72 33 62 35 76 57 75 0  44 52 29 71 10 
26 25 24 28 29 27 13 16 15 75 12 17 40 39 37 36 41 71 10 70 8  11 6  9  49 53 50 48 66 52 46 44 47 45 68 43 4  2  5  3  74 0  76 22 18 23 20 19 61 62 63 65 60 67 58 59 54 69 57 56 33 31 72 35 34 32 64 30 21 55 14 1  42 51 73 38 7  
6  8  7  11 9  10 40 38 41 39 71 37 27 26 73 25 24 28 52 48 66 50 49 53 20 19 23 22 18 76 75 14 16 12 15 17 69 56 55 58 59 54 31 32 30 34 35 33 0  1  4  3  2  74 47 46 44 43 42 45 63 64 60 61 65 67 5  62 72 68 36 57 13 21 70 29 51 
10 7  9  70 6  11 71 39 38 40 37 36 28 27 25 24 29 73 50 66 51 48 52 49 76 20 22 18 21 23 13 15 75 17 16 14 54 69 58 59 57 55 34 30 72 32 31 35 5  2  0  74 4  1  46 42 68 44 45 43 61 65 63 64 67 62 3  60 33 47 41 56 12 19 8  26 53 
70 6  10 7  11 8  36 71 40 37 41 38 25 73 29 26 27 24 66 53 49 51 48 50 22 23 21 19 20 18 17 75 12 15 13 16 58 55 57 56 69 59 30 33 35 72 32 34 74 0  3  2  5  4  45 43 46 47 44 68 65 62 64 67 60 63 1  61 31 42 39 54 14 76 9  28 52 
8  10 11 9  70 7  41 37 71 36 38 39 24 25 26 27 28 29 51 49 52 53 66 48 18 22 19 20 76 21 14 13 17 16 12 75 59 58 56 69 54 57 72 35 31 33 30 32 1  5  74 4  3  0  43 44 42 46 68 47 67 60 65 62 63 61 2  64 34 45 40 55 15 23 6  73 50 
7  11 70 6  8  9  38 36 37 41 39 40 29 24 27 28 73 26 53 52 50 49 51 66 21 18 20 76 23 19 15 12 14 75 17 13 57 59 69 54 55 56 33 31 34 35 72 30 2  3  1  0  74 5  44 68 45 42 47 46 62 63 67 60 61 64 4  65 32 43 71 58 16 22 10 25 48 
11 9  6  8  10 70 37 40 39 71 36 41 73 28 24 29 26 25 48 51 53 66 50 52 23 76 18 21 19 22 12 16 13 14 75 15 55 54 59 57 56 58 32 72 33 30 34 31 3  4  5  1  0  2  42 45 47 68 43 44 64 67 61 65 62 60 74 63 35 46 38 69 17 20 7  27 49 
45 47 46 44 42 43 0  2  1  4  5  3  54 69 58 59 57 55 17 15 16 14 12 13 71 40 36 41 38 37 63 67 60 64 62 65 23 76 18 21 19 22 73 24 29 25 28 27 48 49 50 51 52 53 33 35 30 32 31 34 10 70 6  11 8  7  66 9  26 72 74 20 61 39 68 56 75 
9  70 8  10 7  6  39 41 36 38 40 71 26 29 28 73 25 27 49 50 48 52 53 51 19 21 76 23 22 20 16 17 15 13 14 12 56 57 54 55 58 69 35 34 32 31 33 72 4  74 2  5  1  3  68 47 43 45 46 42 60 61 62 63 64 65 0  67 30 44 37 59 75 18 11 24 66 
60 65 67 61 62 63 20 21 18 19 76 23 35 33 34 32 30 31 4  5  3  0  2  1  56 57 54 55 58 69 53 48 51 52 66 50 27 26 73 25 24 28 42 43 44 45 46 47 71 38 40 36 39 41 7  9  70 11 6  10 75 12 16 13 17 14 37 15 68 8  22 29 49 59 64 72 74 
24 28 73 26 25 29 16 14 17 15 75 13 38 41 40 71 37 39 9  10 11 6  7  8  51 66 49 52 50 53 68 45 44 46 43 42 1  74 4  0  5  2  19 76 23 20 21 18 60 65 62 61 67 64 54 55 56 57 58 59 30 33 32 72 35 31 63 34 22 69 12 3  47 48 27 36 70 
20 18 21 23 19 76 6  7  8  9  10 11 52 49 48 66 51 50 31 32 30 34 35 33 63 60 64 65 67 61 26 25 29 28 24 73 12 13 14 15 16 17 0  3  74 5  4  2  43 46 45 68 42 47 38 39 36 37 40 71 56 54 57 69 55 58 44 59 1  41 70 75 27 62 22 53 72 
34 33 35 30 31 32 48 52 49 50 66 51 22 23 21 19 20 18 65 62 60 67 64 61 5  0  74 1  2  3  11 9  10 8  6  7  36 37 38 39 40 41 58 57 56 59 55 54 15 12 14 75 17 13 27 28 29 24 73 25 43 68 45 44 47 46 16 42 69 26 53 71 70 4  72 76 63 
57 55 58 69 59 56 60 67 65 62 63 61 2  1  0  5  3  4  42 43 44 45 46 47 75 16 12 17 14 13 30 31 32 33 34 35 49 53 50 48 66 52 40 37 36 71 39 38 10 7  6  70 9  8  18 21 23 76 19 20 29 27 24 26 28 73 11 25 41 22 64 51 72 15 54 74 68 
14 13 12 16 17 15 58 54 69 55 59 57 68 44 46 42 45 47 41 39 40 38 36 37 24 25 26 27 28 29 5  2  0  74 4  1  30 32 33 35 31 72 7  6  10 9  8  70 21 23 18 20 22 76 61 64 60 62 65 67 48 51 50 66 53 49 19 52 11 63 56 34 3  73 75 43 71 
0  1  2  3  4  5  32 31 35 34 30 72 65 64 62 60 63 67 58 57 56 59 55 54 44 43 47 46 42 68 23 19 76 18 20 21 8  70 9  6  10 7  15 75 13 16 14 17 24 28 25 26 73 27 52 50 53 51 48 66 37 41 71 36 38 39 29 40 12 49 33 11 22 45 74 61 69 
41 71 37 39 36 38 47 44 43 68 46 42 12 13 14 15 16 17 29 27 28 26 24 25 7  8  6  10 11 9  58 69 55 57 54 56 62 67 63 61 64 60 53 52 50 49 51 66 33 32 72 31 30 34 5  3  4  2  74 1  18 19 22 21 20 76 35 23 48 0  45 65 59 70 40 75 73 
49 66 51 50 53 52 27 29 24 26 28 73 10 6  70 8  7  11 18 19 20 21 22 23 35 33 34 32 30 31 39 36 38 71 41 37 45 42 44 68 47 43 61 65 67 64 63 60 54 57 69 58 56 59 16 75 14 17 13 12 2  0  1  4  5  3  55 74 62 15 25 46 40 72 48 9  76 
