3  4  0  1  5  72 59 54 71 55 56 57 73 11 7  9  6  8  47 43 67 42 44 45 32 31 35 34 30 76 68 64 61 65 62 60 52 48 70 50 49 53 16 12 69 14 13 17 18 19 20 21 22 23 24 29 27 28 75 26 36 39 38 74 41 37 46 15 40 10 66 25 2  58 51 33 63 
1  5  3  4  72 2  71 57 56 58 54 55 6  9  11 73 8  10 44 42 43 47 45 46 30 34 31 32 76 33 63 62 68 60 61 64 53 52 50 49 51 70 17 16 14 13 15 69 22 21 19 18 23 66 28 75 24 29 26 25 41 40 39 37 38 36 67 12 74 7  20 27 0  59 48 35 65 
5  2  4  72 0  3  54 58 57 71 55 59 10 6  73 8  7  11 46 44 47 45 67 43 33 30 32 76 35 31 60 68 65 62 63 61 50 70 51 48 52 49 14 69 15 12 16 13 66 22 18 23 20 19 75 25 29 26 27 24 39 37 74 41 40 38 42 17 36 9  21 28 1  56 53 34 64 
72 0  5  2  3  1  57 59 55 56 58 71 7  8  6  10 11 9  67 45 44 46 43 42 35 76 30 33 31 34 64 63 60 61 65 68 49 50 48 52 53 51 13 14 12 16 17 15 20 23 22 66 19 21 26 27 75 25 24 28 40 36 37 38 74 39 47 69 41 73 18 29 4  54 70 32 62 
2  3  72 0  1  4  55 71 58 54 59 56 11 10 8  7  9  73 43 46 45 67 42 47 31 33 76 35 34 32 62 65 64 68 60 63 51 49 52 53 70 48 15 13 16 17 69 12 19 66 23 20 21 18 25 24 26 27 28 29 74 41 36 39 37 40 44 14 38 6  22 75 5  57 50 30 61 
4  72 1  5  2  0  56 55 54 59 57 58 8  73 9  6  10 7  45 47 42 44 46 67 76 32 34 30 33 35 65 61 63 64 68 62 70 53 49 51 48 50 69 17 13 15 12 14 23 18 21 22 66 20 29 26 28 75 25 27 38 74 40 36 39 41 43 16 37 11 19 24 3  71 52 31 60 
28 75 24 29 26 25 11 6  9  10 73 8  18 19 20 21 22 23 68 62 64 61 63 65 56 59 58 71 54 57 15 69 13 16 14 17 45 44 67 43 42 46 34 31 30 76 33 32 2  5  4  72 0  3  41 39 36 38 40 74 49 52 48 70 51 50 60 35 53 66 1  37 27 7  47 55 12 
27 28 25 24 29 75 10 9  7  6  11 73 19 66 23 20 21 18 62 60 65 64 61 68 59 55 57 58 71 56 14 16 69 15 17 12 47 42 45 46 67 44 35 33 34 32 30 31 5  1  3  4  72 2  37 41 74 36 38 39 70 51 49 52 50 53 63 76 48 22 0  40 26 8  43 54 13 
25 24 26 27 28 29 8  11 10 73 7  9  20 23 22 66 19 21 64 65 63 60 62 61 58 57 54 55 59 71 69 12 17 13 16 15 42 43 44 45 46 47 33 76 31 34 32 35 4  3  0  1  5  72 74 36 40 37 41 38 53 49 50 48 70 52 68 30 51 18 2  39 75 6  67 56 14 
24 29 27 28 75 26 7  73 11 8  9  6  21 20 66 19 18 22 61 64 60 62 68 63 71 58 55 59 56 54 13 17 14 12 69 16 44 47 46 67 43 45 31 35 32 30 76 34 72 4  1  5  2  0  36 38 37 41 39 40 50 48 51 53 49 70 65 33 52 23 3  74 25 10 42 57 15 
29 26 28 75 25 27 9  8  73 7  6  10 22 21 19 18 23 66 63 61 62 68 65 60 54 71 59 56 57 55 12 14 15 17 13 69 46 45 43 42 47 67 32 34 76 33 35 30 0  72 5  2  3  1  38 40 41 39 74 37 51 53 52 50 48 49 64 31 70 20 4  36 24 11 44 58 16 
75 25 29 26 27 24 73 10 6  11 8  7  23 18 21 22 66 20 65 68 61 63 60 64 57 56 71 54 55 58 16 13 12 69 15 14 67 46 42 47 44 43 30 32 33 35 31 76 3  2  72 0  1  4  39 74 38 40 37 36 48 70 53 49 52 51 62 34 50 19 5  41 28 9  45 59 17 
55 59 57 58 71 56 61 65 68 64 63 60 17 12 15 16 69 14 25 75 29 26 27 24 44 42 43 47 45 46 37 39 74 41 40 38 1  3  5  72 2  4  51 49 52 53 70 48 34 35 33 31 32 30 6  10 73 8  7  11 18 66 23 19 22 21 28 50 20 13 76 9  54 62 0  67 36 
57 58 54 55 59 71 62 63 61 60 68 65 16 15 13 12 17 69 26 29 28 75 25 27 47 43 67 42 44 45 74 38 40 36 39 41 3  0  4  5  72 1  49 50 48 52 53 51 31 33 76 35 34 32 73 8  9  6  10 7  21 23 22 20 18 19 24 70 66 14 30 11 56 64 2  46 37 
59 56 58 71 54 57 63 64 65 61 60 62 14 17 16 69 13 15 24 25 26 27 28 29 46 44 47 45 67 43 41 74 36 39 37 40 5  4  2  0  3  72 52 48 70 50 49 53 30 34 31 32 76 33 10 11 8  7  9  73 23 19 20 18 66 22 75 51 21 12 35 6  55 68 1  42 38 
71 54 59 56 57 55 65 62 60 68 64 61 13 69 17 14 15 12 28 27 25 24 29 75 67 45 44 46 43 42 38 37 41 40 36 74 72 5  0  3  1  2  53 52 50 49 51 70 76 32 34 30 33 35 7  9  10 11 73 6  66 21 19 22 20 23 26 48 18 16 31 8  58 63 4  47 39 
56 57 71 54 55 58 60 61 64 63 62 68 15 14 69 13 12 16 29 24 27 28 75 26 43 46 45 67 42 47 39 36 38 74 41 37 2  72 3  1  4  0  70 53 49 51 48 50 33 30 32 76 35 31 11 73 7  9  6  8  20 18 21 23 19 66 25 52 22 17 34 10 59 65 5  44 40 
58 71 55 59 56 54 68 60 63 62 65 64 69 16 12 17 14 13 27 26 75 25 24 28 45 47 42 44 46 67 36 40 37 38 74 39 4  1  72 2  0  5  48 51 53 70 50 52 32 31 35 34 30 76 8  7  6  10 11 9  22 20 66 21 23 18 29 49 19 15 33 73 57 61 3  43 41 
69 13 17 14 15 12 70 51 50 52 49 48 47 43 67 42 44 45 23 18 21 22 66 20 36 74 40 37 41 38 72 1  5  0  4  3  6  73 10 7  11 8  25 26 24 28 29 27 68 62 64 61 63 65 32 76 34 30 33 35 71 57 54 58 56 59 19 75 55 46 60 31 16 53 9  39 2  
17 14 16 69 13 15 53 49 70 48 50 51 42 67 46 43 47 44 22 21 19 18 23 66 37 40 39 74 36 41 5  3  4  2  1  0  73 9  8  10 7  6  26 75 27 24 28 25 61 64 60 62 68 63 34 30 31 32 76 33 59 54 56 55 71 58 20 29 57 45 65 35 12 52 11 38 72 
13 12 14 15 16 17 49 52 51 70 48 53 45 47 42 44 46 67 20 23 22 66 19 21 38 36 37 41 39 40 0  5  2  1  72 4  10 8  11 9  73 7  24 27 29 75 26 28 65 68 61 63 60 64 76 35 30 33 31 34 54 58 55 71 57 56 18 25 59 43 62 32 69 50 6  74 3  
15 16 13 12 17 69 51 53 48 50 52 70 46 44 47 45 67 43 19 66 23 20 21 18 39 41 36 38 40 74 3  72 0  4  2  5  7  10 9  73 6  11 28 24 75 26 25 29 60 63 68 65 64 62 33 31 76 35 34 32 57 59 58 56 55 54 22 27 71 42 61 30 14 49 8  37 1  
12 17 15 16 69 14 48 70 52 49 53 50 67 45 44 46 43 42 21 20 66 19 18 22 40 38 41 39 74 37 1  2  3  5  0  72 11 7  73 6  8  9  29 28 26 25 27 75 64 65 63 60 62 61 35 34 33 31 32 30 55 71 59 54 58 57 23 24 56 47 68 76 13 51 10 36 4  
14 15 69 13 12 16 50 48 49 53 51 52 44 42 43 47 45 46 66 22 18 23 20 19 41 37 74 36 38 39 2  4  72 3  5  1  8  6  7  11 9  10 27 25 28 29 75 24 63 61 62 68 65 60 30 33 32 76 35 31 56 55 57 59 54 71 21 26 58 67 64 34 17 70 73 40 0  
65 64 63 60 62 61 39 37 40 41 74 36 50 53 52 70 49 51 7  8  6  10 11 9  29 24 27 28 75 26 20 22 66 21 23 18 56 71 57 55 58 54 72 5  0  3  1  2  43 46 45 67 42 47 12 17 15 16 69 14 35 32 34 76 31 33 73 4  30 48 44 13 68 38 59 25 19 
63 60 68 65 64 62 38 74 39 36 40 37 70 52 48 53 50 49 10 6  73 8  7  11 28 27 25 24 29 75 66 18 23 19 22 21 71 59 54 57 55 56 5  4  2  0  3  72 67 45 44 46 43 42 15 16 13 12 17 69 33 34 31 30 35 76 9  1  32 51 47 14 61 41 58 26 20 
64 61 60 62 68 63 74 41 37 39 36 38 51 50 70 49 48 52 9  7  10 11 73 6  26 29 28 75 25 27 21 66 19 22 20 23 57 54 58 59 71 55 0  2  1  4  5  3  47 43 67 42 44 45 17 14 16 69 13 15 34 76 30 35 32 31 8  72 33 53 46 12 65 40 56 24 18 
62 68 64 61 63 65 37 38 36 40 41 39 48 49 50 51 52 53 73 11 7  9  6  8  25 75 29 26 27 24 18 20 21 23 19 66 55 57 59 71 56 58 3  0  4  5  72 1  44 42 43 47 45 46 69 13 17 14 15 12 32 33 76 31 30 34 10 2  35 70 67 16 60 74 54 28 22 
61 63 62 68 65 60 36 39 41 74 38 40 52 51 49 48 53 70 6  9  11 73 8  10 27 26 75 25 24 28 22 19 18 66 21 20 58 55 71 56 54 59 1  3  5  72 2  4  45 47 42 44 46 67 14 15 69 13 12 16 30 35 33 34 76 32 7  0  31 50 43 17 64 37 57 29 23 
60 62 65 64 61 68 40 36 74 38 37 41 49 70 53 50 51 48 11 10 8  7  9  73 75 28 24 29 26 25 19 23 20 18 66 22 54 56 55 58 59 57 2  72 3  1  4  0  42 67 46 43 47 44 16 69 12 17 14 13 31 30 32 33 34 35 6  5  76 52 45 15 63 39 71 27 21 
74 36 40 37 41 38 18 66 22 19 23 20 1  0  2  3  4  5  17 12 15 16 69 14 8  73 9  6  10 7  35 30 33 34 76 32 62 64 68 63 65 61 57 54 58 59 71 55 24 25 26 27 28 29 53 50 52 70 49 51 45 43 67 47 46 44 13 56 42 72 75 48 39 21 60 11 31 
36 38 37 41 39 40 23 19 66 18 20 21 5  1  3  4  72 2  14 17 16 69 13 15 7  8  6  10 11 9  34 33 31 30 35 76 68 61 65 60 64 63 58 55 71 56 54 59 29 24 27 28 75 26 50 51 70 49 48 52 67 47 42 45 43 46 12 57 44 0  25 53 74 22 62 73 32 
41 39 36 38 40 74 66 21 20 22 19 18 72 4  1  5  2  0  13 69 17 14 15 12 11 10 8  7  9  73 32 35 34 76 31 33 63 68 60 64 62 65 59 58 56 54 57 71 75 28 24 29 26 25 49 48 50 51 52 53 43 44 47 46 42 67 16 55 45 3  27 70 37 23 61 6  30 
37 41 74 36 38 39 22 20 23 21 66 19 4  3  0  1  5  72 69 16 12 17 14 13 10 6  73 8  7  11 31 76 35 32 33 30 61 62 63 65 60 68 55 57 59 71 56 58 28 27 25 24 29 75 70 49 53 50 51 48 46 42 43 44 67 45 15 54 47 2  26 52 40 18 64 9  34 
40 37 39 74 36 41 21 23 18 20 22 66 3  2  72 0  1  4  16 15 13 12 17 69 6  9  11 73 8  10 33 32 76 31 30 34 64 60 61 68 63 62 54 56 55 58 59 57 27 26 75 25 24 28 52 70 48 53 50 49 44 67 46 42 45 47 14 71 43 5  29 51 38 19 65 7  35 
39 74 38 40 37 36 19 22 21 66 18 23 0  72 5  2  3  1  12 13 14 15 16 17 73 11 7  9  6  8  76 34 30 35 32 31 60 65 62 61 68 64 56 71 57 55 58 54 25 75 29 26 27 24 48 53 51 52 70 50 47 46 45 43 44 42 69 59 67 4  28 49 41 20 63 10 33 
22 66 18 23 20 19 76 31 33 32 35 34 59 55 57 58 71 56 70 52 48 53 50 49 15 14 69 13 12 16 67 44 46 42 45 47 41 36 39 40 74 38 61 62 63 65 60 68 7  8  6  10 11 9  2  3  72 0  1  4  75 27 25 28 26 29 51 64 24 54 73 5  21 30 37 17 43 
20 21 66 19 18 22 31 30 34 33 32 76 54 71 59 56 57 55 51 50 70 49 48 52 17 12 15 16 69 14 47 67 42 45 43 46 40 39 37 36 41 74 65 63 64 62 61 60 73 11 7  9  6  8  1  5  3  4  72 2  27 29 28 26 24 25 53 68 75 58 10 0  23 35 38 13 44 
23 20 22 66 19 21 33 34 35 30 31 32 71 58 55 59 56 54 50 53 52 70 49 51 12 13 14 15 16 17 43 45 67 47 46 44 38 41 40 74 37 39 68 61 65 60 64 63 11 10 8  7  9  73 0  1  2  3  4  5  26 24 27 29 25 75 48 62 28 57 6  72 18 76 36 69 42 
21 22 19 18 23 66 32 33 30 31 76 35 55 54 56 57 58 59 52 51 49 48 53 70 14 17 16 69 13 15 45 42 44 67 47 43 37 74 41 38 39 36 64 60 61 68 63 62 8  73 9  6  10 7  5  2  4  72 0  3  28 26 75 27 29 24 50 65 25 71 11 1  20 34 40 12 46 
66 19 23 20 21 18 35 32 31 76 34 30 56 59 58 71 54 57 49 70 53 50 51 48 16 15 13 12 17 69 42 46 43 44 67 45 39 38 74 37 36 40 63 68 60 64 62 65 9  7  10 11 73 6  3  4  0  1  5  72 25 28 24 75 27 26 52 61 29 55 8  2  22 33 41 14 47 
19 18 20 21 22 23 34 76 32 35 30 33 57 56 71 54 55 58 48 49 50 51 52 53 69 16 12 17 14 13 44 43 47 46 42 67 74 40 36 41 38 37 60 65 62 61 68 64 6  9  11 73 8  10 4  72 1  5  2  0  24 75 29 25 28 27 70 63 26 59 7  3  66 31 39 15 45 
6  10 73 8  7  11 14 12 13 17 15 16 31 33 76 35 34 32 74 39 38 40 37 36 68 62 64 61 63 65 70 48 53 49 52 51 27 25 28 29 75 24 47 42 45 46 67 44 59 55 57 58 71 56 18 23 21 22 66 20 72 3  0  4  2  5  41 43 1  30 54 19 9  69 26 60 50 
7  9  10 11 73 6  12 69 16 13 17 14 30 34 31 32 76 33 41 37 74 36 38 39 60 63 68 65 64 62 51 70 49 52 50 53 29 28 26 25 27 75 46 45 43 42 47 67 54 71 59 56 57 55 66 19 23 20 21 18 3  5  4  2  1  0  40 44 72 35 58 22 8  15 24 61 48 
8  7  6  10 11 9  13 16 15 69 12 17 34 35 33 31 32 30 37 40 39 74 36 41 63 61 62 68 65 60 50 52 70 51 53 48 24 27 29 75 26 28 44 47 46 67 43 45 71 58 55 59 56 54 22 66 18 23 20 19 2  1  3  5  0  72 38 42 4  76 57 21 73 14 25 64 49 
9  6  11 73 8  10 17 13 69 12 14 15 33 30 32 76 35 31 39 41 36 38 40 74 62 60 65 64 61 68 52 49 48 70 51 50 26 75 27 24 28 25 43 67 47 44 45 42 55 54 56 57 58 59 19 18 20 21 22 23 4  2  72 3  5  1  37 46 0  34 71 66 7  16 29 63 53 
10 11 8  7  9  73 15 17 12 14 16 69 32 31 35 34 30 76 36 74 40 37 41 38 65 68 61 63 60 64 49 53 50 48 70 52 28 24 75 26 25 29 45 44 67 43 42 46 56 59 58 71 54 57 23 20 22 66 19 21 0  4  1  72 3  2  39 47 5  33 55 18 6  13 27 62 51 
11 73 7  9  6  8  16 14 17 15 69 13 76 32 34 30 33 35 38 36 37 41 39 40 64 65 63 60 62 61 48 50 51 53 49 70 75 29 25 27 24 26 67 46 42 47 44 43 57 56 71 54 55 58 20 21 66 19 18 22 1  72 5  0  4  3  74 45 2  31 59 23 10 12 28 68 52 
42 44 43 47 45 46 27 29 24 26 28 75 39 41 36 38 40 74 57 56 71 54 55 58 4  3  0  1  5  72 6  11 73 10 9  7  35 33 34 32 30 31 66 23 19 21 18 20 53 48 51 52 70 50 62 68 64 61 63 65 69 15 13 16 14 17 59 22 12 37 49 60 67 25 76 2  8  
43 47 67 42 44 45 25 28 27 75 24 29 38 36 37 41 39 40 54 71 59 56 57 55 1  0  2  3  4  5  73 7  9  8  11 10 33 76 31 34 32 35 23 22 20 19 21 66 52 51 49 48 53 70 64 61 60 62 68 63 17 13 14 12 69 16 58 18 15 74 50 65 46 26 30 72 6  
44 46 47 45 67 43 28 26 29 27 75 25 74 39 38 40 37 36 58 57 54 55 59 71 72 4  1  5  2  0  10 73 8  11 6  9  34 31 30 76 33 32 19 20 18 22 23 21 50 53 52 70 49 51 68 65 61 63 60 64 13 16 12 69 15 14 56 66 17 41 48 62 42 24 35 3  7  
45 67 44 46 43 42 29 25 75 24 26 27 37 40 39 74 36 41 59 55 57 58 71 56 2  5  4  72 0  3  7  6  10 9  8  73 32 34 76 33 35 30 21 19 22 23 66 18 49 70 53 50 51 48 63 60 68 65 64 62 15 17 16 14 12 13 54 20 69 38 52 61 47 28 31 1  11 
46 43 45 67 42 47 75 27 26 28 25 24 36 74 40 37 41 38 71 58 55 59 56 54 0  72 5  2  3  1  11 8  7  73 10 6  30 32 33 35 31 76 18 21 23 66 20 22 51 50 70 49 48 52 65 64 63 60 62 61 12 69 17 13 16 15 57 19 14 39 53 68 44 29 34 4  9  
47 45 42 44 46 67 24 75 28 25 29 26 40 38 41 39 74 37 55 54 56 57 58 59 5  1  3  4  72 2  8  9  6  7  73 11 31 35 32 30 76 34 20 66 21 18 22 19 70 52 48 53 50 49 61 63 62 68 65 60 14 12 15 17 13 69 71 23 16 36 51 64 43 27 33 0  10 
30 33 32 76 35 31 67 47 43 45 42 44 68 62 64 61 63 65 72 4  1  5  2  0  49 70 53 50 51 48 75 24 29 25 28 27 22 18 66 20 19 23 37 74 41 38 39 36 15 14 69 13 12 16 57 58 54 55 59 71 11 6  73 10 9  7  3  40 8  60 17 56 34 46 21 52 26 
76 35 30 33 31 34 43 44 42 46 47 45 63 61 62 68 65 60 2  5  4  72 0  3  51 50 70 49 48 52 26 28 75 27 29 24 23 22 20 19 21 66 36 37 38 39 40 41 12 13 14 15 16 17 55 59 57 58 71 56 9  8  6  7  73 11 1  74 10 64 69 54 32 67 18 53 25 
35 34 33 31 32 30 47 46 44 43 45 67 60 63 68 65 64 62 3  2  72 0  1  4  52 51 49 48 53 70 27 75 25 28 26 29 20 66 21 18 22 19 38 41 40 74 37 39 17 12 15 16 69 14 59 56 58 71 54 57 6  7  10 9  8  73 5  36 11 61 13 55 76 42 23 50 24 
31 32 35 34 30 76 44 67 45 42 46 43 64 65 63 60 62 61 1  0  2  3  4  5  53 48 51 52 70 50 24 26 27 29 25 75 19 20 18 22 23 21 39 38 74 37 36 40 69 16 12 17 14 13 71 54 59 56 57 55 8  11 7  73 10 6  72 41 9  68 15 58 33 47 66 49 28 
34 30 31 32 76 33 45 43 46 47 67 42 62 60 65 64 61 68 4  3  0  1  5  72 70 52 48 53 50 49 28 25 24 75 27 26 21 19 22 23 66 18 40 39 37 36 41 74 14 17 16 69 13 15 56 57 71 54 55 58 10 9  11 6  7  8  2  38 73 63 12 59 35 44 20 51 29 
33 31 76 35 34 32 42 45 47 67 44 46 65 68 61 63 60 64 0  72 5  2  3  1  48 49 50 51 52 53 25 29 26 24 75 28 66 23 19 21 18 20 41 36 39 40 74 38 16 15 13 12 17 69 58 71 55 59 56 54 73 10 8  11 6  9  4  37 7  62 14 57 30 43 22 70 27 
51 52 49 48 53 70 1  72 4  0  5  2  75 28 24 29 26 25 33 30 32 76 35 31 19 66 23 20 21 18 55 56 57 59 54 71 12 15 17 69 14 16 7  10 9  73 6  11 40 38 41 39 74 37 42 44 43 47 45 46 63 64 60 61 65 68 34 8  62 27 36 67 50 3  13 22 58 
50 51 70 49 48 52 0  4  3  72 1  5  28 27 25 24 29 75 30 34 31 32 76 33 66 22 18 23 20 19 54 59 56 55 71 58 13 14 12 16 17 15 8  6  7  11 9  10 38 36 37 41 39 40 67 42 46 43 47 44 61 65 63 64 68 62 35 73 60 26 74 45 53 2  69 21 57 
48 53 51 52 70 50 4  2  5  3  72 0  26 29 28 75 25 27 35 76 30 33 31 34 21 20 66 19 18 22 58 54 55 71 57 56 16 12 69 14 13 17 11 7  73 6  8  9  74 39 38 40 37 36 47 45 42 44 46 67 65 62 64 68 60 63 32 10 61 24 41 43 49 1  15 23 59 
49 48 50 51 52 53 3  5  1  2  4  72 29 24 27 28 75 26 76 32 34 30 33 35 20 23 22 66 19 21 57 71 54 58 56 59 15 13 16 17 69 12 10 8  11 9  73 7  39 41 36 38 40 74 43 47 67 42 44 45 68 60 65 62 63 61 31 6  64 25 37 46 70 0  14 18 55 
70 49 53 50 51 48 2  1  0  5  3  4  24 25 26 27 28 29 32 31 35 34 30 76 23 18 21 22 66 20 56 58 71 57 59 55 14 69 15 12 16 13 6  73 10 7  11 8  41 37 74 36 38 39 46 43 45 67 42 47 62 63 68 60 61 64 33 9  65 75 40 44 52 72 17 19 54 
53 50 52 70 49 51 72 3  2  4  0  1  27 26 75 25 24 28 34 35 33 31 32 30 22 21 19 18 23 66 71 55 59 54 58 57 69 17 13 15 12 14 73 9  8  10 7  6  36 74 40 37 41 38 45 67 44 46 43 42 64 68 61 65 62 60 76 11 63 29 39 47 48 5  16 20 56 
16 69 12 17 14 13 52 50 53 51 70 49 43 46 45 67 42 47 18 19 20 21 22 23 74 39 38 40 37 36 4  0  1  72 3  2  9  11 6  8  10 73 75 29 25 27 24 26 62 60 65 64 61 68 31 32 35 34 30 76 58 56 71 57 59 55 66 28 54 44 63 33 15 48 7  41 5  
73 8  9  6  10 7  69 15 14 16 13 12 35 76 30 33 31 34 40 38 41 39 74 37 61 64 60 62 68 63 53 51 52 50 48 49 25 26 24 28 29 27 42 43 44 45 46 47 58 57 54 55 59 71 21 22 19 18 23 66 5  0  2  1  72 4  36 67 3  32 56 20 11 17 75 65 70 
52 70 48 53 50 49 5  0  72 1  2  3  25 75 29 26 27 24 31 33 76 35 34 32 18 19 20 21 22 23 59 57 58 56 55 54 17 16 14 13 15 69 9  11 6  8  10 73 37 40 39 74 36 41 44 46 47 45 67 43 60 61 62 63 64 65 30 7  68 28 38 42 51 4  12 66 71 
54 55 56 57 58 59 64 68 62 65 61 63 12 13 14 15 16 17 75 28 24 29 26 25 42 67 46 43 47 44 40 41 39 37 38 36 0  2  1  4  5  3  50 70 51 48 52 49 35 76 30 33 31 34 9  6  11 73 8  10 19 22 18 66 21 20 27 53 23 69 32 7  71 60 72 45 74 
67 42 46 43 47 44 26 24 25 29 27 28 41 37 74 36 38 39 56 59 58 71 54 57 3  2  72 0  1  4  9  10 11 6  7  8  76 30 35 31 34 33 22 18 66 20 19 23 48 49 50 51 52 53 60 62 65 64 61 68 16 14 69 15 17 12 55 21 13 40 70 63 45 75 32 5  73 
32 76 34 30 33 35 46 42 67 44 43 47 61 64 60 62 68 63 5  1  3  4  72 2  50 53 52 70 49 51 29 27 28 26 24 25 18 21 23 66 20 22 74 40 36 41 38 37 13 69 17 14 15 12 54 55 56 57 58 59 7  73 9  8  11 10 0  39 6  65 16 71 31 45 19 48 75 
0  1  2  3  4  5  58 56 59 57 71 54 9  7  10 11 73 6  42 67 46 43 47 44 34 35 33 31 32 30 61 60 62 63 64 65 48 51 53 70 50 52 12 15 17 69 14 16 21 20 66 19 18 22 27 28 25 24 29 75 37 38 41 40 36 74 45 13 39 8  23 26 72 55 49 76 68 
26 27 75 25 24 28 6  7  8  9  10 11 66 22 18 23 20 19 60 63 68 65 64 62 55 54 56 57 58 59 17 15 16 14 12 13 43 67 47 44 45 42 76 30 35 31 34 33 1  0  2  3  4  5  40 37 39 74 36 41 52 50 70 51 53 48 61 32 49 21 72 38 29 73 46 71 69 
18 23 21 22 66 20 30 35 76 34 33 31 58 57 54 55 59 71 53 48 51 52 70 50 13 69 17 14 15 12 46 47 45 43 44 42 36 37 38 39 40 41 62 64 68 63 65 61 10 6  73 8  7  11 72 0  5  2  3  1  29 25 26 24 75 28 49 60 27 56 9  4  19 32 74 16 67 
68 65 61 63 60 64 41 40 38 37 39 74 53 48 51 52 70 50 8  73 9  6  10 7  24 25 26 27 28 29 23 21 22 20 18 19 59 58 56 54 57 71 4  1  72 2  0  5  46 44 47 45 67 43 13 12 14 15 16 17 76 31 35 32 33 30 11 3  34 49 42 69 62 36 55 75 66 
38 40 41 39 74 37 20 18 19 23 21 22 2  5  4  72 0  3  15 14 69 13 12 16 9  7  10 11 73 6  30 31 32 33 34 35 65 63 64 62 61 60 71 59 54 57 55 56 26 29 28 75 25 27 51 52 49 48 53 70 42 45 44 67 47 43 17 58 46 1  24 50 36 66 68 8  76 
