3  4  0  1  5  73 57 56 67 55 54 58 44 47 46 71 43 45 62 66 63 61 64 60 14 13 17 16 12 70 72 22 18 23 20 19 9  8  76 7  6  10 37 39 74 41 40 38 31 33 69 35 34 32 75 50 52 48 51 53 25 27 28 29 68 24 26 49 15 21 42 36 65 2  11 30 59 
1  5  3  4  73 2  55 67 59 56 57 54 45 44 71 43 42 46 66 65 60 63 61 62 15 12 14 70 17 13 22 21 19 18 23 72 7  76 11 8  9  6  38 37 41 40 36 74 69 32 34 30 33 35 48 52 49 50 75 51 28 29 26 25 27 68 24 53 16 20 47 39 64 0  10 31 58 
5  2  4  73 0  3  67 58 54 59 56 55 71 46 42 47 44 43 64 61 66 62 60 65 70 14 16 12 15 17 20 23 22 72 19 21 76 10 6  11 8  7  41 74 36 39 37 40 33 30 32 69 35 31 52 53 51 49 50 48 24 28 68 26 25 29 27 75 13 18 45 38 63 1  9  34 57 
73 0  5  2  3  1  59 54 57 58 67 56 43 71 47 44 45 42 61 63 65 66 62 64 13 15 70 17 16 14 23 18 21 22 72 20 11 6  9  10 76 8  40 41 39 37 38 36 32 31 35 34 30 69 49 51 75 53 52 50 68 26 27 24 28 25 29 48 12 19 46 74 60 4  7  33 55 
2  3  73 0  1  4  58 57 55 54 59 67 42 43 44 45 46 47 63 60 64 65 66 61 12 16 13 14 70 15 18 19 20 21 22 23 10 9  7  6  11 76 36 40 37 38 74 39 35 69 30 33 31 34 53 75 48 51 49 52 27 24 29 68 26 28 25 50 17 72 71 41 62 5  8  32 56 
4  73 1  5  2  0  56 59 58 67 55 57 46 45 43 42 47 71 65 64 62 60 63 66 16 17 15 13 14 12 21 20 72 19 18 22 8  11 10 76 7  9  74 38 40 36 39 41 34 35 33 31 32 30 50 49 53 52 48 75 26 25 24 28 29 27 68 51 70 23 44 37 61 3  6  69 54 
49 51 52 53 75 48 11 6  9  10 76 8  20 21 18 19 72 23 26 24 25 29 27 28 4  0  1  73 3  2  39 37 40 41 74 36 15 70 13 16 14 17 33 34 35 30 31 32 56 58 67 57 59 54 62 65 64 66 60 63 46 44 71 45 47 42 43 61 5  38 22 69 68 50 12 55 7  
53 75 49 51 48 50 10 9  7  6  11 76 23 20 19 72 22 18 24 68 28 25 29 26 5  3  4  2  1  0  37 38 36 40 41 39 16 13 12 70 15 14 32 33 30 31 69 35 67 54 59 55 58 57 66 64 61 65 62 60 71 45 43 46 44 47 42 63 73 74 21 34 27 52 17 56 8  
50 49 48 52 53 51 8  11 10 76 7  9  22 72 20 23 18 21 25 28 27 68 24 29 3  73 0  4  2  5  40 36 74 38 37 41 17 15 16 14 12 13 69 31 33 32 35 34 57 67 55 58 56 59 63 62 66 60 61 64 44 42 45 47 43 71 46 65 1  39 19 30 26 75 70 54 6  
48 52 75 50 49 53 7  76 11 8  9  6  72 19 21 20 23 22 29 25 68 24 26 27 0  5  2  1  73 4  41 40 38 37 39 74 12 14 15 17 13 70 31 30 34 33 32 69 54 56 57 59 55 67 61 60 62 63 64 65 47 43 44 42 71 46 45 66 3  36 18 35 28 51 16 58 10 
75 50 51 48 52 49 9  8  76 7  6  10 19 18 22 21 20 72 27 29 24 26 28 68 2  4  73 3  5  1  74 41 37 39 36 38 13 17 14 12 70 16 30 35 69 34 33 31 58 55 54 67 57 56 64 63 60 61 65 66 42 71 47 43 46 45 44 62 0  40 23 32 25 53 15 59 11 
52 53 50 49 51 75 76 10 6  11 8  7  21 22 23 18 19 20 28 26 29 27 68 25 1  2  3  5  0  73 36 39 41 74 38 40 14 16 70 15 17 12 34 69 32 35 30 33 55 59 56 54 67 58 60 66 65 62 63 61 45 47 46 44 42 43 71 64 4  37 72 31 24 48 13 57 9  
41 36 74 40 39 37 28 24 68 26 25 29 17 12 15 16 70 14 59 58 56 55 57 67 21 19 22 23 72 18 5  73 1  3  0  4  44 46 71 45 47 42 49 52 51 75 48 53 66 61 65 60 64 63 34 32 35 33 69 31 10 76 6  11 8  7  9  30 20 2  13 50 54 38 43 62 27 
39 38 36 37 74 41 68 29 25 27 24 26 16 15 13 12 17 70 57 55 58 59 67 54 18 21 23 72 20 22 0  3  73 5  4  2  71 42 47 43 46 45 75 51 50 52 49 48 61 62 63 65 60 66 35 31 69 30 32 33 7  6  8  9  10 11 76 34 19 1  14 53 56 40 44 64 28 
40 39 41 36 37 38 26 68 27 24 28 25 14 17 16 70 13 15 58 54 67 56 55 59 20 72 21 18 22 19 73 2  4  1  3  5  45 71 43 46 44 47 53 49 75 48 50 51 65 63 64 62 61 60 33 35 30 32 34 69 6  11 9  10 76 8  7  31 23 0  12 52 57 74 42 66 29 
38 41 37 74 40 36 29 28 26 25 27 68 13 70 17 14 15 12 56 67 57 54 58 55 72 23 19 21 18 20 1  4  0  2  73 3  42 44 45 47 43 71 50 48 49 53 51 52 60 65 62 61 66 64 31 34 33 69 30 35 76 7  11 8  9  6  10 32 22 5  16 75 59 39 46 63 24 
36 37 40 39 38 74 24 27 29 68 26 28 15 14 70 13 12 16 54 57 59 67 56 58 23 22 20 19 21 72 2  0  5  4  1  73 46 43 42 71 45 44 51 53 48 50 52 75 64 60 61 66 63 62 32 30 31 35 33 34 9  10 7  6  11 76 8  69 18 3  17 49 55 41 47 65 25 
37 74 39 38 41 40 27 25 28 29 68 24 70 16 12 17 14 13 55 56 54 58 59 57 19 20 18 22 23 21 3  1  2  73 5  0  43 47 44 42 71 46 48 75 52 49 53 50 63 66 60 64 62 65 30 69 34 31 35 32 8  9  76 7  6  10 11 33 72 4  15 51 67 36 45 61 26 
29 28 27 25 26 24 0  1  4  3  2  73 35 32 31 69 34 30 23 18 21 22 72 20 65 60 66 61 62 63 59 58 56 55 57 67 52 53 51 49 50 48 7  9  76 11 10 8  17 16 14 13 15 70 43 47 44 42 71 46 40 74 36 41 38 37 39 45 64 54 33 6  19 68 75 12 5  
24 27 26 68 29 25 5  2  0  73 4  1  34 69 32 35 30 33 22 21 19 18 23 72 60 64 63 66 61 65 55 56 54 58 59 57 75 50 52 48 51 53 10 11 9  7  8  6  70 17 13 15 12 14 45 71 43 46 44 47 38 39 74 37 36 40 41 42 62 67 31 76 20 28 49 16 3  
27 25 68 29 28 26 2  3  1  0  73 5  32 33 30 31 69 35 20 23 22 72 19 21 66 63 62 64 60 61 67 59 55 57 54 56 50 49 53 52 48 75 9  6  8  76 11 7  12 15 17 70 14 16 71 42 47 43 46 45 41 38 40 74 37 39 36 44 65 58 34 10 18 24 51 13 4  
28 24 25 26 68 27 1  5  73 4  3  0  31 30 34 33 32 69 19 72 23 20 21 18 61 66 64 60 65 62 54 57 59 67 56 58 53 75 48 51 49 52 76 8  10 6  9  11 15 13 16 17 70 12 47 45 46 44 42 43 39 40 37 36 41 74 38 71 63 55 35 7  22 29 50 14 2  
68 29 24 27 25 28 73 0  3  2  5  4  33 34 35 30 31 32 21 20 72 19 18 22 62 61 60 65 63 64 56 67 57 54 58 55 48 52 49 50 75 51 6  10 7  8  76 9  13 14 12 16 17 15 46 43 42 71 45 44 74 37 41 38 39 36 40 47 66 59 69 11 23 26 53 70 1  
26 68 28 24 27 29 4  73 2  5  1  3  69 31 33 32 35 34 72 22 18 23 20 19 63 65 61 62 64 66 57 55 58 59 67 54 51 48 50 75 53 49 11 76 6  9  7  10 16 12 70 14 13 17 44 46 71 45 47 42 37 36 38 39 40 41 74 43 60 56 30 8  21 25 52 15 0  
45 71 44 46 43 42 51 48 50 75 53 49 57 54 56 67 59 55 39 37 40 41 74 36 29 24 27 28 68 26 9  7  10 11 76 6  64 63 60 61 65 66 16 15 13 12 17 70 1  73 4  0  5  2  72 21 20 22 19 18 31 35 69 30 32 33 34 23 25 8  58 14 38 47 62 3  52 
71 42 46 43 47 44 48 52 49 50 75 51 56 55 59 58 54 67 38 74 39 36 40 37 28 27 25 24 29 68 8  76 9  6  10 7  63 62 66 60 61 64 13 70 17 14 15 12 5  0  73 1  2  3  21 23 18 20 22 72 34 31 33 69 30 35 32 19 26 11 57 16 41 45 65 4  53 
43 47 71 42 44 45 50 49 53 52 48 75 67 56 58 54 57 59 74 41 37 39 36 38 26 29 28 68 25 27 76 11 7  9  6  8  60 66 65 62 63 61 12 13 14 15 16 17 73 3  2  4  0  1  20 18 19 23 21 22 33 69 32 34 31 30 35 72 24 10 55 70 40 46 64 5  51 
46 43 45 71 42 47 75 50 52 48 51 53 55 57 67 59 58 56 37 38 36 40 41 39 25 68 29 26 27 24 7  8  6  10 11 9  61 60 62 63 64 65 70 16 12 17 14 13 4  2  5  3  73 0  22 20 23 21 72 19 69 30 34 31 35 32 33 18 28 76 54 15 74 44 66 1  49 
44 46 47 45 71 43 53 75 48 51 49 52 54 58 55 56 67 57 36 39 41 74 38 40 27 26 68 25 24 28 6  9  11 76 8  10 65 61 63 64 66 62 15 14 70 13 12 16 3  5  1  2  4  73 19 22 21 72 18 23 30 32 31 35 33 34 69 20 29 7  59 17 37 42 60 0  50 
47 45 42 44 46 71 49 51 75 53 52 50 58 59 57 55 56 54 40 36 74 38 37 41 68 28 24 29 26 25 10 6  76 8  7  11 66 64 61 65 62 60 14 17 16 70 13 15 0  4  3  73 1  5  18 72 22 19 23 20 35 33 30 32 34 69 31 21 27 9  67 12 39 43 63 2  48 
63 62 61 60 66 65 12 14 15 17 13 70 41 74 36 39 37 40 42 47 71 46 45 43 52 75 50 53 48 51 35 30 33 34 69 32 73 0  3  2  5  4  54 58 55 56 67 57 6  8  9  11 7  76 24 27 29 68 26 28 19 23 72 18 20 21 22 25 49 31 38 59 44 64 1  10 16 
65 61 66 64 63 60 16 13 12 70 15 14 37 39 74 41 40 38 46 71 44 47 42 45 75 49 51 50 53 52 34 33 31 30 35 69 1  5  73 4  3  0  67 56 58 54 57 59 76 6  11 7  10 9  25 26 24 28 29 27 20 22 23 21 72 19 18 68 48 32 36 55 43 62 2  8  17 
61 60 64 63 62 66 13 17 14 12 70 16 74 38 40 36 39 41 43 42 46 45 44 71 50 51 48 49 75 53 32 35 34 69 31 33 5  2  0  73 4  1  58 59 57 55 56 54 10 7  6  76 9  8  26 68 27 24 28 25 18 20 19 23 21 22 72 29 52 30 37 67 47 65 3  11 15 
62 65 60 66 64 61 14 16 70 15 17 12 36 40 37 38 74 39 44 45 42 43 71 47 53 50 49 75 52 48 31 69 35 32 33 30 0  1  4  3  2  73 55 57 67 59 58 56 7  11 8  6  76 10 27 25 28 29 68 24 22 19 21 72 18 23 20 26 51 34 41 54 46 63 5  9  13 
64 63 65 61 60 62 70 12 17 13 16 15 38 37 41 40 36 74 71 43 45 44 47 46 48 53 75 52 51 49 33 32 69 31 30 34 4  73 2  5  1  3  59 67 54 57 55 58 11 9  10 8  6  7  28 24 68 26 25 29 23 21 18 20 22 72 19 27 50 35 39 56 42 66 0  76 14 
66 64 62 65 61 63 15 70 13 16 14 17 39 36 38 74 41 37 45 46 47 42 43 44 51 52 53 48 49 50 69 34 30 35 32 31 3  4  5  1  0  2  56 55 59 58 54 67 8  10 76 9  11 6  29 28 26 25 27 68 21 72 20 22 19 18 23 24 75 33 40 57 71 60 73 7  12 
54 55 58 57 56 67 23 19 72 18 20 21 49 52 51 75 48 53 17 14 13 70 16 12 34 30 69 32 31 35 66 65 60 63 61 62 41 36 39 40 74 38 68 24 29 25 28 27 71 47 43 45 42 44 10 9  7  6  11 76 0  73 3  2  5  4  1  8  33 64 50 26 15 59 37 46 22 
57 56 54 55 67 59 18 72 22 19 23 20 53 49 75 48 50 51 14 15 12 13 70 17 33 31 34 35 69 30 65 64 62 60 63 66 40 39 37 36 41 74 27 68 25 28 26 29 43 44 42 46 47 45 6  7  8  9  10 11 3  2  1  0  73 5  4  76 32 61 52 24 16 58 38 71 21 
59 54 67 58 57 55 21 23 18 20 22 72 50 48 49 53 51 52 13 12 16 15 14 70 31 32 30 34 35 33 60 62 61 64 65 63 38 41 40 74 37 39 26 28 68 27 29 24 45 43 46 47 71 42 76 10 6  11 8  7  73 4  2  5  1  3  0  9  69 66 75 25 17 56 36 44 19 
67 58 56 59 54 57 22 20 23 21 72 19 48 75 52 49 53 50 70 13 15 14 17 16 30 33 35 69 32 34 63 60 64 65 66 61 37 74 41 38 39 36 28 25 24 68 27 26 44 71 45 42 46 43 8  11 10 76 7  9  5  1  73 4  3  0  2  6  31 62 51 29 12 55 40 47 18 
56 59 55 67 58 54 72 21 20 22 19 18 75 51 50 52 49 48 16 70 14 17 12 15 35 34 32 31 33 69 61 63 65 66 62 64 39 38 74 37 36 40 25 29 26 24 68 28 47 46 44 43 45 71 7  76 11 8  9  6  4  3  5  1  0  2  73 10 30 60 53 27 13 57 41 42 23 
58 57 59 54 55 56 20 18 19 23 21 22 52 50 53 51 75 49 12 17 70 16 15 13 69 35 31 33 30 32 62 66 63 61 64 60 74 40 36 41 38 37 24 26 27 29 25 68 46 42 71 44 43 47 11 6  9  10 76 8  2  5  0  73 4  1  3  7  34 65 48 28 14 67 39 45 72 
10 9  11 6  7  8  39 38 74 37 36 40 62 60 65 64 61 66 73 2  4  1  3  5  57 59 54 56 58 67 29 25 68 24 26 27 30 69 34 31 35 32 47 42 45 46 71 44 21 18 20 72 23 19 16 13 12 70 15 14 50 75 52 48 51 53 49 17 55 28 63 43 0  76 33 22 41 
7  76 9  8  11 10 74 40 36 41 38 37 64 65 63 60 62 61 3  1  2  73 5  0  67 57 56 58 55 54 26 24 25 29 27 28 34 32 35 33 69 31 46 45 43 42 47 71 18 22 19 20 72 21 12 14 15 17 13 70 53 52 51 49 50 48 75 16 59 68 66 44 4  6  30 23 39 
6  7  10 9  8  76 37 74 41 38 39 36 66 62 64 61 63 65 2  0  5  4  1  73 55 58 57 67 54 59 25 28 27 68 24 29 31 34 33 69 30 35 44 47 46 71 43 45 20 19 23 22 18 72 70 12 17 13 16 15 52 48 49 50 75 51 53 14 56 26 60 42 3  11 32 21 40 
76 10 8  11 6  9  40 39 37 36 41 74 63 61 62 66 65 60 4  5  3  0  2  1  58 56 59 57 67 55 68 27 26 28 25 24 32 30 31 35 33 34 43 71 47 44 45 42 72 20 22 18 21 23 14 16 70 15 17 12 75 53 48 51 49 52 50 13 54 29 64 46 73 7  69 19 38 
9  8  6  7  76 11 38 41 40 74 37 39 65 66 61 63 60 64 0  3  73 5  4  2  56 54 55 59 57 58 28 26 29 27 68 25 69 33 32 34 31 30 45 44 71 43 42 46 23 72 18 21 19 22 13 17 14 12 70 16 49 50 53 52 48 75 51 15 67 24 62 47 1  10 35 20 36 
8  11 7  76 10 6  41 36 39 40 74 38 61 64 60 62 66 63 1  4  0  2  73 3  59 55 67 54 56 57 24 68 28 25 29 26 33 35 30 32 34 69 71 46 42 47 44 43 19 21 72 23 22 20 17 15 16 14 12 13 51 49 75 53 52 50 48 70 58 27 65 45 5  9  31 18 37 
19 22 18 72 21 20 66 64 61 65 62 60 10 11 9  7  8  6  32 35 34 69 31 33 45 42 44 71 47 43 70 13 15 14 17 16 25 26 24 28 29 27 0  2  1  4  5  3  53 48 51 52 75 50 38 41 40 74 37 39 59 56 58 67 55 57 54 36 46 12 76 73 30 23 68 49 63 
23 19 20 18 72 22 60 66 65 62 63 61 76 8  10 6  9  11 34 33 31 30 35 69 47 71 42 45 43 46 15 16 17 12 13 14 27 25 28 29 68 24 73 5  0  3  1  2  52 51 49 48 53 75 39 38 74 37 36 40 56 57 67 55 54 58 59 41 44 70 7  4  32 21 26 50 64 
20 18 21 23 19 72 63 62 66 60 61 64 8  7  11 10 6  76 69 34 30 35 32 31 42 46 43 44 71 45 14 15 12 13 70 17 68 29 25 27 24 26 5  4  2  0  3  73 50 53 52 75 49 51 36 37 38 39 40 41 55 54 56 57 58 59 67 74 47 16 9  1  33 22 28 48 65 
18 72 23 19 22 21 62 65 64 66 60 63 11 76 6  9  7  10 33 32 69 31 30 34 44 43 47 46 42 71 16 70 14 17 12 15 29 28 26 25 27 68 2  73 3  1  4  0  49 75 53 50 51 48 37 74 41 38 39 36 67 55 59 56 57 54 58 40 45 13 8  5  35 20 24 52 61 
72 21 19 22 20 23 65 61 63 64 66 62 6  10 7  8  76 9  35 30 33 34 69 32 46 47 45 43 44 42 13 12 16 15 14 70 28 24 68 26 25 29 3  0  4  5  73 1  51 50 75 49 48 52 74 40 36 41 38 37 58 67 54 59 56 55 57 39 71 17 11 2  31 18 27 53 60 
22 20 72 21 23 18 64 63 60 61 65 66 9  6  8  76 11 7  30 31 32 33 34 35 71 44 46 42 45 47 12 17 70 16 15 13 26 68 27 24 28 25 1  3  5  73 2  4  75 52 48 53 50 49 41 36 39 40 74 38 54 59 57 58 67 56 55 37 43 14 10 0  69 19 29 51 62 
31 34 30 69 33 32 43 47 44 42 71 46 3  0  4  5  73 1  7  8  6  10 11 9  74 39 38 40 37 36 49 53 50 48 75 52 23 19 72 18 20 21 63 61 62 66 65 60 68 25 27 26 29 28 59 54 57 58 67 56 14 12 15 17 13 70 16 55 41 51 2  64 76 35 22 24 45 
69 33 31 34 32 35 42 44 45 47 43 71 1  3  5  73 2  4  8  76 9  6  10 7  41 37 74 36 38 39 53 51 52 50 48 49 18 72 22 19 23 20 60 63 66 65 64 62 27 28 29 24 25 26 58 57 55 54 59 67 15 17 16 14 12 13 70 56 40 75 0  61 11 30 21 68 46 
35 31 32 30 69 34 46 43 42 71 45 44 2  73 3  1  4  0  6  9  11 76 8  10 37 40 39 74 36 41 50 52 75 51 53 48 21 23 18 20 22 72 64 65 63 60 62 61 26 27 24 25 68 29 56 59 58 67 55 57 12 70 17 13 16 15 14 54 38 49 5  66 7  33 19 28 47 
32 30 33 35 31 69 45 71 43 46 44 47 73 5  0  3  1  2  10 6  76 8  7  11 39 41 36 38 40 74 48 50 51 53 49 75 22 20 23 21 72 19 65 66 61 63 60 64 28 68 26 29 24 27 55 67 59 56 57 54 13 16 12 70 15 14 17 58 37 52 4  62 9  34 18 25 42 
33 35 34 32 30 31 44 46 71 45 47 42 5  4  2  0  3  73 11 10 8  7  9  76 36 74 40 37 41 38 75 48 53 49 52 51 72 21 20 22 19 18 66 62 64 61 63 65 25 24 28 27 26 68 57 56 67 55 54 58 70 15 13 16 14 17 12 59 39 50 1  60 6  69 23 29 43 
30 69 35 31 34 33 71 42 47 43 46 45 0  2  1  4  5  3  9  7  10 11 76 6  38 36 37 41 39 40 52 49 48 75 51 50 20 18 19 23 21 22 61 64 60 62 66 63 24 29 68 28 27 25 67 58 54 59 56 55 17 13 14 12 70 16 15 57 74 53 73 65 8  32 72 26 44 
14 16 17 15 70 13 33 35 30 32 34 69 24 26 27 29 25 68 53 51 52 50 48 49 11 7  76 6  8  9  46 71 44 47 42 45 56 59 58 67 55 57 19 18 22 21 20 72 74 36 41 37 40 39 2  3  1  0  73 5  63 64 60 61 65 66 62 4  10 43 28 23 75 12 54 38 31 
17 15 12 14 16 70 34 32 35 33 69 31 26 28 68 27 29 24 49 53 50 48 75 52 76 9  8  10 7  6  45 46 47 42 43 44 55 67 59 56 57 54 18 23 72 22 21 19 38 40 74 39 41 36 73 0  3  2  5  4  61 65 63 64 66 62 60 1  11 71 25 20 51 13 58 37 30 
13 17 70 12 14 15 31 34 33 69 30 35 25 29 26 24 68 28 50 52 75 51 53 48 7  10 9  76 6  11 47 44 43 71 46 42 54 55 56 57 58 59 20 21 18 19 72 23 39 74 37 40 38 41 4  73 2  5  1  3  65 62 64 66 60 63 61 0  8  45 27 22 49 16 67 36 32 
70 12 16 13 17 14 30 69 34 31 35 32 29 27 28 26 24 25 48 50 51 53 49 75 9  11 6  8  10 76 42 47 71 46 45 43 58 57 55 54 59 67 21 22 23 18 19 20 36 38 39 41 37 74 1  5  73 4  3  0  66 60 65 62 63 61 64 2  7  44 68 72 52 15 56 40 33 
16 13 15 70 12 17 35 31 69 30 32 33 27 68 25 28 26 29 75 48 53 49 52 51 6  76 10 7  11 8  43 42 46 45 44 71 59 54 57 58 67 56 22 72 20 23 18 21 40 37 36 74 39 38 3  4  5  1  0  2  62 63 66 60 61 64 65 73 9  47 24 19 50 14 55 41 34 
12 14 13 17 15 16 69 33 32 34 31 30 28 25 24 68 27 26 52 49 48 75 51 50 8  6  7  11 9  10 44 45 42 43 71 47 57 56 67 55 54 58 23 20 19 72 22 18 37 41 38 36 74 40 5  2  0  73 4  1  64 66 61 65 62 60 63 3  76 46 29 21 53 70 59 39 35 
15 70 14 16 13 12 32 30 31 35 33 34 68 24 29 25 28 27 51 75 49 52 50 53 10 8  11 9  76 7  71 43 45 44 47 46 67 58 54 59 56 55 72 19 21 20 23 22 41 39 40 38 36 37 0  1  4  3  2  73 60 61 62 63 64 65 66 5  6  42 26 18 48 17 57 74 69 
34 32 69 33 35 30 47 45 46 44 42 43 4  1  73 2  0  5  76 11 7  9  6  8  40 38 41 39 74 37 51 75 49 52 50 53 19 22 21 72 18 23 62 60 65 64 61 66 29 26 25 68 28 24 54 55 56 57 58 59 16 14 70 15 17 12 13 67 36 48 3  63 10 31 20 27 71 
42 44 43 47 45 46 52 53 51 49 50 48 59 67 54 57 55 58 41 40 38 37 39 74 24 25 26 27 28 29 11 10 8  7  9  76 62 65 64 66 60 63 17 12 15 16 70 14 2  1  0  5  3  4  23 19 72 18 20 21 32 34 35 33 69 31 30 22 68 6  56 13 36 71 61 73 75 
60 66 63 62 65 64 17 15 16 14 12 13 40 41 39 37 38 36 47 44 43 71 46 42 49 48 52 51 50 75 30 31 32 33 34 35 2  3  1  0  73 5  57 54 56 67 59 55 9  76 7  10 8  11 68 29 25 27 24 26 72 18 22 19 23 20 21 28 53 69 74 58 45 61 4  6  70 
74 40 38 41 36 39 25 26 24 28 29 27 12 13 14 15 16 17 67 59 55 57 54 56 22 18 72 20 19 23 4  5  3  0  2  1  47 45 46 44 42 43 52 50 53 51 75 49 62 64 66 63 65 61 69 33 32 34 31 30 11 8  10 76 7  9  6  35 21 73 70 48 58 37 71 60 68 
11 6  76 10 9  7  36 37 38 39 40 41 60 63 66 65 64 62 5  73 1  3  0  4  54 67 58 55 59 56 27 29 24 26 28 68 35 31 69 30 32 33 42 43 44 45 46 47 22 23 21 19 20 18 15 70 13 16 14 17 48 51 50 75 53 49 52 12 57 25 61 71 2  8  34 72 74 
25 26 29 28 24 68 3  4  5  1  0  2  30 35 69 34 33 31 18 19 20 21 22 23 64 62 65 63 66 60 58 54 67 56 55 59 49 51 75 53 52 50 8  7  11 10 6  76 14 70 15 12 16 13 42 44 45 47 43 71 36 41 39 40 74 38 37 46 61 57 32 9  72 27 48 17 73 
0  1  2  3  4  5  54 55 56 57 58 59 47 42 45 46 71 44 60 62 61 64 65 63 17 70 12 15 13 16 19 72 23 20 21 18 6  7  8  9  10 11 39 36 38 74 41 37 30 34 31 32 69 33 51 48 50 75 53 49 29 68 25 27 24 26 28 52 14 22 43 40 66 73 76 35 67 
55 67 57 56 59 58 19 22 21 72 18 23 51 53 48 50 52 75 15 16 17 12 13 14 32 69 33 30 34 31 64 61 66 62 60 65 36 37 38 39 40 41 29 27 28 26 24 25 42 45 47 71 44 46 9  8  76 7  6  10 1  0  4  3  2  73 5  11 35 63 49 68 70 54 74 43 20 
21 23 22 20 18 19 61 60 62 63 64 65 7  9  76 11 10 8  31 69 35 32 33 30 43 45 71 47 46 44 17 14 13 70 16 12 24 27 29 68 26 28 4  1  73 2  0  5  48 49 50 51 52 53 40 39 37 36 41 74 57 58 55 54 59 67 56 38 42 15 6  3  34 72 25 75 66 
51 48 53 75 50 52 6  7  8  9  10 11 18 23 72 22 21 19 68 27 26 28 25 24 73 1  5  0  4  3  38 74 39 36 40 37 70 12 17 13 16 15 35 32 31 69 34 30 59 57 58 56 54 55 65 61 63 64 66 62 43 46 42 71 45 44 47 60 2  41 20 33 29 49 14 67 76 
