74 65 73 71 68 75 67 69 66 70 35 32 43 38 39 30 31 34 37 36 0  4  40 7  8  1  9  3  6  5  42 60 57 63 64 55 56 59 62 61 72 2  23 58 33 50 46 76 53 54 47 45 49 52 51 41 25 20 28 29 22 21 24 27 26 13 10 19 44 14 12 16 18 17 11 15 48 
72 68 65 75 66 69 71 70 74 73 38 33 30 43 31 36 37 39 35 32 2  7  1  40 9  5  6  8  4  0  55 63 58 42 56 61 62 64 60 57 67 3  24 59 34 53 48 47 76 45 51 52 54 50 46 22 28 23 41 21 26 27 29 25 20 14 17 10 12 19 16 11 44 15 13 18 49 
69 67 72 65 71 68 73 66 75 74 32 37 34 33 43 39 30 38 36 31 6  0  3  2  40 8  1  7  5  9  59 57 62 58 42 64 55 63 61 56 70 4  25 60 35 46 52 49 48 76 54 47 53 51 45 24 20 27 23 41 29 22 28 26 21 15 12 44 14 18 19 10 13 16 17 11 50 
66 73 70 67 65 71 72 75 68 69 37 36 38 35 34 43 39 33 31 30 5  6  7  4  3  40 8  2  9  1  63 62 61 60 59 42 64 58 56 55 74 0  20 57 32 52 51 53 50 49 76 54 48 45 47 28 27 26 25 24 41 29 23 21 22 11 19 14 18 13 44 12 15 10 16 17 46 
65 69 75 74 70 72 66 67 73 71 39 43 37 31 32 35 33 36 34 38 40 8  6  9  0  4  2  5  3  7  62 64 42 56 57 60 58 61 59 63 68 1  22 55 30 54 76 52 45 46 50 48 51 49 53 27 29 41 21 20 25 23 26 24 28 12 13 11 17 16 15 18 10 14 44 19 47 
70 71 67 68 75 66 65 74 69 72 33 35 39 34 30 31 36 43 32 37 4  2  8  3  1  9  5  40 0  6  64 58 60 59 55 56 61 42 57 62 73 7  28 63 38 48 50 54 49 47 45 51 76 46 52 29 23 25 24 22 21 26 41 20 27 18 16 12 19 44 10 17 14 11 15 13 53 
71 74 66 70 72 73 69 65 67 68 30 39 32 36 35 33 38 37 43 34 8  1  0  5  4  2  7  6  40 3  57 55 64 61 60 58 63 62 42 59 75 9  21 56 31 47 54 46 51 50 48 53 52 76 49 20 22 29 26 25 23 28 27 41 24 10 18 15 11 17 13 14 16 44 19 12 45 
67 66 68 69 74 70 75 73 72 65 43 34 36 30 37 32 35 31 38 33 3  40 5  1  6  0  4  9  7  2  61 42 59 55 62 57 60 56 63 58 71 8  29 64 39 76 49 51 47 52 46 50 45 53 48 26 41 24 22 27 20 25 21 28 23 19 15 17 16 10 11 13 12 18 14 44 54 
75 72 74 73 67 65 70 68 71 66 36 31 33 32 38 34 43 35 30 39 9  5  2  0  7  3  40 4  1  8  58 61 56 57 63 59 42 60 55 64 69 6  27 62 37 51 45 48 46 53 49 76 50 47 54 23 26 21 20 28 24 41 25 22 29 17 44 18 13 15 14 19 11 12 10 16 52 
68 70 69 72 73 67 74 71 65 75 31 30 35 37 33 38 34 32 39 43 1  9  4  6  2  7  3  0  8  40 60 56 55 62 58 63 59 57 64 42 66 5  26 61 36 45 47 50 52 48 53 49 46 54 76 25 21 22 27 23 28 24 20 29 41 16 14 13 15 11 18 44 17 19 12 10 51 
47 50 52 48 53 49 46 54 76 45 75 68 70 69 72 73 67 74 71 65 22 21 25 27 23 28 24 20 29 41 4  9  1  6  2  7  3  0  8  40 51 26 16 5  66 56 55 60 62 58 63 59 57 64 42 15 10 12 17 13 18 14 11 19 44 36 34 33 35 32 38 43 37 39 30 31 61 
46 76 53 54 47 45 49 52 51 50 70 74 65 73 71 68 75 67 69 66 20 25 41 28 29 22 21 24 27 26 40 4  0  7  8  1  9  3  6  5  48 23 13 2  72 60 57 42 63 64 55 56 59 62 61 44 15 11 18 19 12 10 14 17 16 33 31 39 43 34 30 36 38 37 32 35 58 
48 47 76 45 51 52 54 50 46 53 73 72 68 65 75 66 69 71 70 74 23 28 22 41 21 26 27 29 25 20 1  7  2  40 9  5  6  8  4  0  49 24 14 3  67 63 58 55 42 56 61 62 64 60 57 12 18 13 44 10 16 17 19 15 11 34 37 31 30 39 36 32 43 35 33 38 59 
52 49 48 76 54 47 53 51 45 46 74 69 67 72 65 71 68 73 66 75 27 20 24 23 41 29 22 28 26 21 3  0  6  2  40 8  1  7  5  9  50 25 15 4  70 57 62 59 58 42 64 55 63 61 56 14 11 17 13 44 19 12 18 16 10 35 30 43 34 38 39 31 33 36 37 32 60 
51 53 50 49 76 54 48 45 47 52 69 66 73 70 67 65 71 72 75 68 26 27 28 25 24 41 29 23 21 22 7  6  5  4  3  40 8  2  9  1  46 20 11 0  74 62 61 63 60 59 42 64 58 56 55 18 17 16 15 14 44 19 13 10 12 32 39 34 38 33 43 30 35 31 36 37 57 
76 52 45 46 50 48 51 49 53 54 71 65 69 75 74 70 72 66 67 73 41 29 27 21 20 25 23 26 24 28 6  8  40 9  0  4  2  5  3  7  47 22 12 1  68 64 42 62 56 57 60 58 61 59 63 17 19 44 10 11 15 13 16 14 18 30 33 32 37 36 35 38 31 34 43 39 55 
50 54 49 47 45 51 76 46 52 48 72 70 71 67 68 75 66 65 74 69 25 23 29 24 22 21 26 41 20 27 8  2  4  3  1  9  5  40 0  6  53 28 18 7  73 58 60 64 59 55 56 61 42 57 62 19 13 15 14 12 10 16 44 11 17 38 36 30 39 43 31 37 34 32 35 33 63 
54 46 51 50 48 53 52 76 49 47 68 71 74 66 70 72 73 69 65 67 29 22 20 26 25 23 28 27 41 24 0  1  8  5  4  2  7  6  40 3  45 21 10 9  75 55 64 57 61 60 58 63 62 42 59 11 12 19 16 15 13 18 17 44 14 31 38 35 32 37 33 34 36 43 39 30 56 
49 51 47 52 46 50 45 53 48 76 65 67 66 68 69 74 70 75 73 72 24 41 26 22 27 20 25 21 28 23 5  40 3  1  6  0  4  9  7  2  54 29 19 8  71 42 59 61 55 62 57 60 56 63 58 16 44 14 12 17 11 15 10 18 13 39 35 37 36 31 32 33 30 38 34 43 64 
45 48 46 53 49 76 50 47 54 51 66 75 72 74 73 67 65 70 68 71 21 26 23 20 28 24 41 25 22 29 2  5  9  0  7  3  40 4  1  8  52 27 17 6  69 61 56 58 57 63 59 42 60 55 64 13 16 10 11 18 14 44 15 12 19 37 43 38 33 35 34 39 32 30 31 36 62 
20 41 28 29 22 21 24 27 26 25 4  0  40 7  8  1  9  3  6  5  74 70 65 73 71 68 75 67 69 66 43 35 32 38 39 30 31 34 37 36 23 72 48 33 2  15 11 44 18 19 12 10 14 17 16 76 50 46 53 54 47 45 49 52 51 58 56 64 42 59 55 61 63 62 57 60 13 
22 25 27 23 28 24 20 29 41 21 9  1  4  6  2  7  3  0  8  40 68 75 70 69 72 73 67 74 71 65 35 31 30 37 33 38 34 32 39 43 26 66 51 36 5  10 12 15 17 13 18 14 11 19 44 50 45 47 52 48 53 49 46 54 76 61 59 58 60 57 63 42 62 64 55 56 16 
23 22 41 21 26 27 29 25 20 28 7  2  1  40 9  5  6  8  4  0  72 73 68 65 75 66 69 71 70 74 30 38 33 43 31 36 37 39 35 32 24 67 49 34 3  18 13 12 44 10 16 17 19 15 11 47 53 48 76 45 51 52 54 50 46 59 62 56 55 64 61 57 42 60 58 63 14 
27 24 23 41 29 22 28 26 21 20 0  6  3  2  40 8  1  7  5  9  69 74 67 72 65 71 68 73 66 75 34 32 37 33 43 39 30 38 36 31 25 70 50 35 4  11 17 14 13 44 19 12 18 16 10 49 46 52 48 76 54 47 53 51 45 60 55 42 59 63 64 56 58 61 62 57 15 
26 28 25 24 41 29 23 21 22 27 6  5  7  4  3  40 8  2  9  1  66 69 73 70 67 65 71 72 75 68 38 37 36 35 34 43 39 33 31 30 20 74 46 32 0  17 16 18 15 14 44 19 13 10 12 53 52 51 50 49 76 54 48 45 47 57 64 59 63 58 42 55 60 56 61 62 11 
41 27 21 20 25 23 26 24 28 29 8  40 6  9  0  4  2  5  3  7  65 71 69 75 74 70 72 66 67 73 37 39 43 31 32 35 33 36 34 38 22 68 47 30 1  19 44 17 10 11 15 13 16 14 18 52 54 76 45 46 50 48 51 49 53 55 58 57 62 61 60 63 56 59 42 64 12 
25 29 24 22 21 26 41 20 27 23 2  4  8  3  1  9  5  40 0  6  70 72 71 67 68 75 66 65 74 69 39 33 35 34 30 31 36 43 32 37 28 73 53 38 7  13 15 19 14 12 10 16 44 11 17 54 48 50 49 47 45 51 76 46 52 63 61 55 64 42 56 62 59 57 60 58 18 
29 20 26 25 23 28 27 41 24 22 1  8  0  5  4  2  7  6  40 3  71 68 74 66 70 72 73 69 65 67 32 30 39 36 35 33 38 37 43 34 21 75 45 31 9  12 19 11 16 15 13 18 17 44 14 46 47 54 51 50 48 53 52 76 49 56 63 60 57 62 58 59 61 42 64 55 10 
24 26 22 27 20 25 21 28 23 41 40 3  5  1  6  0  4  9  7  2  67 65 66 68 69 74 70 75 73 72 36 43 34 30 37 32 35 31 38 33 29 71 54 39 8  44 14 16 12 17 11 15 10 18 13 51 76 49 47 52 46 50 45 53 48 64 60 62 61 56 57 58 55 63 59 42 19 
21 23 20 28 24 41 25 22 29 26 5  9  2  0  7  3  40 4  1  8  75 66 72 74 73 67 65 70 68 71 33 36 31 32 38 34 43 35 30 39 27 69 52 37 6  16 10 13 11 18 14 44 15 12 19 48 51 45 46 53 49 76 50 47 54 62 42 63 58 60 59 64 57 55 56 61 17 
13 12 44 10 16 17 19 15 11 18 28 23 22 41 21 26 27 29 25 20 48 53 47 76 45 51 52 54 50 46 68 73 72 65 75 66 69 71 70 74 14 49 59 67 24 38 33 30 43 31 36 37 39 35 32 55 63 58 42 56 61 62 64 60 57 3  6  9  1  8  5  0  40 4  2  7  34 
12 15 17 13 18 14 11 19 44 10 21 22 25 27 23 28 24 20 29 41 47 45 50 52 48 53 49 46 54 76 70 75 68 69 72 73 67 74 71 65 16 51 61 66 26 31 30 35 37 33 38 34 32 39 43 60 56 55 62 58 63 59 57 64 42 5  3  2  4  0  7  40 6  8  1  9  36 
11 44 18 19 12 10 14 17 16 15 25 20 41 28 29 22 21 24 27 26 46 50 76 53 54 47 45 49 52 51 65 70 74 73 71 68 75 67 69 66 13 48 58 72 23 35 32 43 38 39 30 31 34 37 36 42 60 57 63 64 55 56 59 62 61 2  9  8  40 3  1  5  7  6  0  4  33 
17 14 13 44 19 12 18 16 10 11 20 27 24 23 41 29 22 28 26 21 52 46 49 48 76 54 47 53 51 45 67 74 69 72 65 71 68 73 66 75 15 50 60 70 25 32 37 34 33 43 39 30 38 36 31 59 57 62 58 42 64 55 63 61 56 4  1  40 3  7  8  9  2  5  6  0  35 
16 18 15 14 44 19 13 10 12 17 27 26 28 25 24 41 29 23 21 22 51 52 53 50 49 76 54 48 45 47 73 69 66 70 67 65 71 72 75 68 11 46 57 74 20 37 36 38 35 34 43 39 33 31 30 63 62 61 60 59 42 64 58 56 55 0  8  3  7  2  40 1  4  9  5  6  32 
44 17 10 11 15 13 16 14 18 19 29 41 27 21 20 25 23 26 24 28 76 54 52 45 46 50 48 51 49 53 69 71 65 75 74 70 72 66 67 73 12 47 55 68 22 39 43 37 31 32 35 33 36 34 38 62 64 42 56 57 60 58 61 59 63 1  2  0  6  5  4  7  9  3  40 8  30 
15 19 14 12 10 16 44 11 17 13 23 25 29 24 22 21 26 41 20 27 50 48 54 49 47 45 51 76 46 52 71 72 70 67 68 75 66 65 74 69 18 53 63 73 28 33 35 39 34 30 31 36 43 32 37 64 58 60 59 55 56 61 42 57 62 7  5  1  8  40 9  6  3  0  4  2  38 
19 11 16 15 13 18 17 44 14 12 22 29 20 26 25 23 28 27 41 24 54 47 46 51 50 48 53 52 76 49 74 68 71 66 70 72 73 69 65 67 10 45 56 75 21 30 39 32 36 35 33 38 37 43 34 57 55 64 61 60 58 63 62 42 59 9  7  4  0  6  2  3  5  40 8  1  31 
14 16 12 17 11 15 10 18 13 44 41 24 26 22 27 20 25 21 28 23 49 76 51 47 52 46 50 45 53 48 66 65 67 68 69 74 70 75 73 72 19 54 64 71 29 43 34 36 30 37 32 35 31 38 33 61 42 59 55 62 57 60 56 63 58 8  4  6  5  9  0  2  1  7  3  40 39 
10 13 11 18 14 44 15 12 19 16 26 21 23 20 28 24 41 25 22 29 45 51 48 46 53 49 76 50 47 54 72 66 75 74 73 67 65 70 68 71 17 52 62 69 27 36 31 33 32 38 34 43 35 30 39 58 61 56 57 63 59 42 60 55 64 6  40 7  2  4  3  8  0  1  9  5  37 
73 75 71 66 69 74 68 72 70 67 34 38 31 39 36 37 32 30 33 35 7  3  9  8  5  6  0  1  2  4  56 59 63 64 61 62 57 55 58 60 76 41 44 40 65 49 53 45 54 51 52 46 47 48 50 21 24 28 29 26 27 20 22 23 25 43 11 16 10 12 17 15 19 13 18 14 42 
28 21 29 26 27 20 22 23 25 24 3  7  9  8  5  6  0  1  2  4  73 67 75 71 66 69 74 68 72 70 31 34 38 39 36 37 32 30 33 35 44 76 42 65 41 14 18 10 19 16 17 11 12 13 15 45 49 53 54 51 52 46 47 48 50 40 57 61 56 55 62 60 64 58 63 59 43 
7  9  8  5  6  0  1  2  4  3  59 63 56 64 61 62 57 55 58 60 38 34 31 39 36 37 32 30 33 35 10 14 18 19 16 17 11 12 13 15 41 65 76 43 40 24 28 21 29 26 27 20 22 23 25 75 67 73 71 66 69 74 68 72 70 42 46 51 45 47 52 50 54 48 53 49 44 
18 10 19 16 17 11 12 13 15 14 24 28 21 29 26 27 20 22 23 25 53 49 45 54 51 52 46 47 48 50 75 67 73 71 66 69 74 68 72 70 43 42 40 76 44 34 38 31 39 36 37 32 30 33 35 56 59 63 64 61 62 57 55 58 60 41 0  5  9  1  6  4  8  2  7  3  65 
53 45 54 51 52 46 47 48 50 49 67 73 75 71 66 69 74 68 72 70 28 24 21 29 26 27 20 22 23 25 9  3  7  8  5  6  0  1  2  4  42 44 43 41 76 59 63 56 64 61 62 57 55 58 60 10 14 18 19 16 17 11 12 13 15 65 32 36 31 30 37 35 39 33 38 34 40 
30 35 37 33 38 34 32 39 43 31 10 12 15 17 13 18 14 11 19 44 55 56 60 62 58 63 59 57 64 42 50 45 47 52 48 53 49 46 54 76 36 61 5  51 16 75 68 70 69 72 73 67 74 71 65 4  9  1  6  2  7  3  0  8  40 26 24 23 25 20 28 41 27 29 22 21 66 
32 43 38 39 30 31 34 37 36 35 15 11 44 18 19 12 10 14 17 16 57 60 42 63 64 55 56 59 62 61 76 50 46 53 54 47 45 49 52 51 33 58 2  48 13 70 74 65 73 71 68 75 67 69 66 40 4  0  7  8  1  9  3  6  5  23 21 29 41 24 22 26 28 27 20 25 72 
33 30 43 31 36 37 39 35 32 38 18 13 12 44 10 16 17 19 15 11 58 63 55 42 56 61 62 64 60 57 47 53 48 76 45 51 52 54 50 46 34 59 3  49 14 73 72 68 65 75 66 69 71 70 74 1  7  2  40 9  5  6  8  4  0  24 27 21 22 29 26 20 41 25 23 28 67 
37 34 33 43 39 30 38 36 31 32 11 17 14 13 44 19 12 18 16 10 62 57 59 58 42 64 55 63 61 56 49 46 52 48 76 54 47 53 51 45 35 60 4  50 15 74 69 67 72 65 71 68 73 66 75 3  0  6  2  40 8  1  7  5  9  25 22 41 24 28 29 21 23 26 27 20 70 
36 38 35 34 43 39 33 31 30 37 17 16 18 15 14 44 19 13 10 12 61 62 63 60 59 42 64 58 56 55 53 52 51 50 49 76 54 48 45 47 32 57 0  46 11 69 66 73 70 67 65 71 72 75 68 7  6  5  4  3  40 8  2  9  1  20 29 24 28 23 41 22 25 21 26 27 74 
43 37 31 32 35 33 36 34 38 39 19 44 17 10 11 15 13 16 14 18 42 64 62 56 57 60 58 61 59 63 52 54 76 45 46 50 48 51 49 53 30 55 1  47 12 71 65 69 75 74 70 72 66 67 73 6  8  40 9  0  4  2  5  3  7  22 23 20 27 26 25 28 21 24 41 29 68 
35 39 34 30 31 36 43 32 37 33 13 15 19 14 12 10 16 44 11 17 60 58 64 59 55 56 61 42 57 62 54 48 50 49 47 45 51 76 46 52 38 63 7  53 18 72 70 71 67 68 75 66 65 74 69 8  2  4  3  1  9  5  40 0  6  28 26 22 29 41 21 27 24 20 25 23 73 
39 32 36 35 33 38 37 43 34 30 12 19 11 16 15 13 18 17 44 14 64 55 57 61 60 58 63 62 42 59 46 47 54 51 50 48 53 52 76 49 31 56 9  45 10 68 71 74 66 70 72 73 69 65 67 0  1  8  5  4  2  7  6  40 3  21 28 25 20 27 23 24 26 41 29 22 75 
34 36 30 37 32 35 31 38 33 43 44 14 16 12 17 11 15 10 18 13 59 42 61 55 62 57 60 56 63 58 51 76 49 47 52 46 50 45 53 48 39 64 8  54 19 65 67 66 68 69 74 70 75 73 72 5  40 3  1  6  0  4  9  7  2  29 25 27 26 21 20 23 22 28 24 41 71 
31 33 32 38 34 43 35 30 39 36 16 10 13 11 18 14 44 15 12 19 56 61 58 57 63 59 42 60 55 64 48 51 45 46 53 49 76 50 47 54 37 62 6  52 17 66 75 72 74 73 67 65 70 68 71 2  5  9  0  7  3  40 4  1  8  27 41 28 23 25 24 29 20 22 21 26 69 
2  1  40 9  5  6  8  4  0  7  63 58 55 42 56 61 62 64 60 57 33 38 30 43 31 36 37 39 35 32 12 18 13 44 10 16 17 19 15 11 3  34 67 14 59 28 23 22 41 21 26 27 29 25 20 68 73 72 65 75 66 69 71 70 74 49 52 45 47 54 51 46 76 50 48 53 24 
1  4  6  2  7  3  0  8  40 9  56 55 60 62 58 63 59 57 64 42 30 31 35 37 33 38 34 32 39 43 15 10 12 17 13 18 14 11 19 44 5  36 66 16 61 21 22 25 27 23 28 24 20 29 41 70 75 68 69 72 73 67 74 71 65 51 49 48 50 46 53 76 52 54 47 45 26 
0  40 7  8  1  9  3  6  5  4  60 57 42 63 64 55 56 59 62 61 32 35 43 38 39 30 31 34 37 36 44 15 11 18 19 12 10 14 17 16 2  33 72 13 58 25 20 41 28 29 22 21 24 27 26 65 70 74 73 71 68 75 67 69 66 48 45 54 76 49 47 51 53 52 46 50 23 
6  3  2  40 8  1  7  5  9  0  57 62 59 58 42 64 55 63 61 56 37 32 34 33 43 39 30 38 36 31 14 11 17 13 44 19 12 18 16 10 4  35 70 15 60 20 27 24 23 41 29 22 28 26 21 67 74 69 72 65 71 68 73 66 75 50 47 76 49 53 54 45 48 51 52 46 25 
5  7  4  3  40 8  2  9  1  6  62 61 63 60 59 42 64 58 56 55 36 37 38 35 34 43 39 33 31 30 18 17 16 15 14 44 19 13 10 12 0  32 74 11 57 27 26 28 25 24 41 29 23 21 22 73 69 66 70 67 65 71 72 75 68 46 54 49 53 48 76 47 50 45 51 52 20 
40 6  9  0  4  2  5  3  7  8  64 42 62 56 57 60 58 61 59 63 43 39 37 31 32 35 33 36 34 38 17 19 44 10 11 15 13 16 14 18 1  30 68 12 55 29 41 27 21 20 25 23 26 24 28 69 71 65 75 74 70 72 66 67 73 47 48 46 52 51 50 53 45 49 76 54 22 
4  8  3  1  9  5  40 0  6  2  58 60 64 59 55 56 61 42 57 62 35 33 39 34 30 31 36 43 32 37 19 13 15 14 12 10 16 44 11 17 7  38 73 18 63 23 25 29 24 22 21 26 41 20 27 71 72 70 67 68 75 66 65 74 69 53 51 47 54 76 45 52 49 46 50 48 28 
8  0  5  4  2  7  6  40 3  1  55 64 57 61 60 58 63 62 42 59 39 30 32 36 35 33 38 37 43 34 11 12 19 16 15 13 18 17 44 14 9  31 75 10 56 22 29 20 26 25 23 28 27 41 24 74 68 71 66 70 72 73 69 65 67 45 53 50 46 52 48 49 51 76 54 47 21 
3  5  1  6  0  4  9  7  2  40 42 59 61 55 62 57 60 56 63 58 34 43 36 30 37 32 35 31 38 33 16 44 14 12 17 11 15 10 18 13 8  39 71 19 64 41 24 26 22 27 20 25 21 28 23 66 65 67 68 69 74 70 75 73 72 54 50 52 51 45 46 48 47 53 49 76 29 
9  2  0  7  3  40 4  1  8  5  61 56 58 57 63 59 42 60 55 64 31 36 33 32 38 34 43 35 30 39 13 16 10 11 18 14 44 15 12 19 6  37 69 17 62 26 21 23 20 28 24 41 25 22 29 72 66 75 74 73 67 65 70 68 71 52 76 53 48 50 49 54 46 47 45 51 27 
63 56 64 61 62 57 55 58 60 59 49 53 45 54 51 52 46 47 48 50 18 14 10 19 16 17 11 12 13 15 21 24 28 29 26 27 20 22 23 25 40 43 65 44 42 3  7  9  8  5  6  0  1  2  4  31 34 38 39 36 37 32 30 33 35 76 74 66 75 68 69 70 71 72 73 67 41 
60 64 59 55 56 61 42 57 62 58 48 50 54 49 47 45 51 76 46 52 15 13 19 14 12 10 16 44 11 17 29 23 25 24 22 21 26 41 20 27 63 18 38 28 53 2  4  8  3  1  9  5  40 0  6  39 33 35 34 30 31 36 43 32 37 73 66 68 71 65 75 69 67 74 70 72 7  
61 63 60 59 42 64 58 56 55 62 52 51 53 50 49 76 54 48 45 47 16 17 18 15 14 44 19 13 10 12 28 27 26 25 24 41 29 23 21 22 57 11 32 20 46 6  5  7  4  3  40 8  2  9  1  38 37 36 35 34 43 39 33 31 30 74 71 67 73 72 65 68 70 75 66 69 0  
58 55 42 56 61 62 64 60 57 63 53 48 47 76 45 51 52 54 50 46 13 18 12 44 10 16 17 19 15 11 22 28 23 41 21 26 27 29 25 20 59 14 34 24 49 7  2  1  40 9  5  6  8  4  0  30 38 33 43 31 36 37 39 35 32 67 69 75 68 71 66 74 65 70 72 73 3  
64 57 61 60 58 63 62 42 59 55 47 54 46 51 50 48 53 52 76 49 19 12 11 16 15 13 18 17 44 14 20 22 29 26 25 23 28 27 41 24 56 10 31 21 45 1  8  0  5  4  2  7  6  40 3  32 30 39 36 35 33 38 37 43 34 75 73 70 74 69 72 67 66 65 71 68 9  
42 62 56 57 60 58 61 59 63 64 54 76 52 45 46 50 48 51 49 53 44 19 17 10 11 15 13 16 14 18 27 29 41 21 20 25 23 26 24 28 55 12 30 22 47 8  40 6  9  0  4  2  5  3  7  37 39 43 31 32 35 33 36 34 38 68 72 74 69 66 70 73 75 67 65 71 1  
56 58 57 63 59 42 60 55 64 61 51 45 48 46 53 49 76 50 47 54 10 16 13 11 18 14 44 15 12 19 23 26 21 20 28 24 41 25 22 29 62 17 37 27 52 5  9  2  0  7  3  40 4  1  8  33 36 31 32 38 34 43 35 30 39 69 65 73 72 70 67 71 74 68 75 66 6  
62 59 58 42 64 55 63 61 56 57 46 52 49 48 76 54 47 53 51 45 17 11 14 13 44 19 12 18 16 10 24 20 27 23 41 29 22 28 26 21 60 15 35 25 50 0  6  3  2  40 8  1  7  5  9  34 32 37 33 43 39 30 38 36 31 70 68 65 67 73 71 75 72 66 69 74 4  
59 61 55 62 57 60 56 63 58 42 76 49 51 47 52 46 50 45 53 48 14 44 16 12 17 11 15 10 18 13 26 41 24 22 27 20 25 21 28 23 64 19 39 29 54 40 3  5  1  6  0  4  9  7  2  36 43 34 30 37 32 35 31 38 33 71 70 69 66 75 74 72 68 73 67 65 8  
57 42 63 64 55 56 59 62 61 60 50 46 76 53 54 47 45 49 52 51 11 15 44 18 19 12 10 14 17 16 41 25 20 28 29 22 21 24 27 26 58 13 33 23 48 4  0  40 7  8  1  9  3  6  5  43 35 32 38 39 30 31 34 37 36 72 75 71 65 67 68 66 73 69 74 70 2  
55 60 62 58 63 59 57 64 42 56 45 47 50 52 48 53 49 46 54 76 12 10 15 17 13 18 14 11 19 44 25 21 22 27 23 28 24 20 29 41 61 16 36 26 51 9  1  4  6  2  7  3  0  8  40 35 31 30 37 33 38 34 32 39 43 66 67 72 70 74 73 65 69 71 68 75 5  
38 31 39 36 37 32 30 33 35 34 14 18 10 19 16 17 11 12 13 15 63 59 56 64 61 62 57 55 58 60 45 49 53 54 51 52 46 47 48 50 65 40 41 42 43 67 73 75 71 66 69 74 68 72 70 9  3  7  8  5  6  0  1  2  4  44 20 26 21 22 27 25 29 23 28 24 76 
