66 4  2  5  0  1  60 64 65 62 61 73 44 42 69 46 43 45 24 27 29 28 26 74 12 15 17 16 14 70 23 71 21 18 20 19 50 49 53 76 51 48 37 36 40 72 38 41 10 11 6  7  8  9  35 33 67 31 34 30 59 75 58 57 55 54 3  22 63 39 47 25 52 56 13 32 68 
0  66 4  1  5  3  64 61 60 73 62 63 69 44 47 43 42 46 29 24 25 26 27 28 17 12 13 14 15 16 19 22 18 23 21 71 48 52 76 50 53 49 38 72 36 39 41 40 68 6  9  11 10 8  34 31 33 32 30 67 57 59 55 58 54 56 2  20 65 37 45 74 51 75 70 35 7  
5  0  66 3  1  2  61 62 64 63 73 65 47 69 45 42 44 43 25 29 74 27 24 26 13 17 70 15 12 14 71 20 23 19 18 22 49 51 50 48 76 52 41 39 72 37 40 36 7  9  8  6  68 10 30 32 31 35 67 33 58 57 54 55 56 75 4  21 60 38 46 28 53 59 16 34 11 
2  3  1  66 4  0  63 65 73 64 60 61 43 46 42 47 45 69 26 28 27 25 74 29 14 16 15 13 70 17 21 23 22 20 71 18 53 50 52 51 49 76 72 41 38 40 39 37 9  68 7  10 6  11 31 30 34 67 32 35 56 54 59 75 57 58 5  19 62 36 44 24 48 55 12 33 8  
4  2  3  0  66 5  65 60 63 61 64 62 42 43 44 45 46 47 27 26 24 74 28 25 15 14 12 70 16 13 18 19 20 21 22 23 76 48 51 53 52 50 39 40 41 36 37 38 8  7  11 68 9  6  32 67 30 33 35 34 75 56 57 59 58 55 1  71 73 72 69 29 49 54 17 31 10 
3  1  5  4  2  66 73 63 62 60 65 64 46 45 43 69 47 44 28 74 26 29 25 24 16 70 14 17 13 12 20 18 71 22 19 21 51 76 49 52 48 53 36 38 37 41 72 39 6  10 68 8  11 7  33 34 35 30 31 32 54 55 75 56 59 57 0  23 61 40 42 27 50 58 15 67 9  
58 57 59 54 55 56 68 7  10 6  11 9  4  2  66 1  3  5  12 15 17 16 14 70 40 41 36 37 38 39 53 50 52 51 49 76 35 30 31 32 33 34 22 23 18 19 20 21 43 69 47 44 46 45 73 64 60 61 63 65 28 74 27 26 24 29 75 48 8  71 0  13 67 25 72 62 42 
57 59 75 55 58 54 10 68 8  11 7  6  2  3  4  5  1  0  15 14 12 70 16 13 41 38 40 39 37 72 51 76 49 52 48 53 32 34 33 31 67 35 71 18 21 23 22 20 46 44 69 42 45 47 62 60 65 64 73 63 74 25 26 28 27 24 56 50 9  19 66 17 30 29 36 61 43 
55 58 57 56 54 75 7  11 68 9  6  8  66 4  0  3  2  1  17 12 13 14 15 16 36 40 72 38 41 37 76 48 51 53 52 50 34 67 32 35 31 30 20 19 23 71 21 18 42 47 45 69 43 46 63 61 64 62 65 60 26 28 24 27 29 25 59 49 10 22 5  70 33 74 39 73 44 
75 56 54 57 59 58 9  8  6  68 10 7  1  5  3  66 0  4  16 70 14 17 13 12 37 39 38 36 72 40 49 51 50 48 76 52 33 32 30 67 34 31 23 20 22 21 19 71 47 43 42 46 69 44 64 63 73 65 61 62 29 24 74 25 28 26 55 53 11 18 2  15 35 27 41 60 45 
59 75 56 58 57 55 8  10 9  7  68 11 3  1  2  0  5  66 14 16 15 13 70 17 38 37 41 72 39 36 52 53 48 49 50 51 31 35 67 33 30 32 19 21 20 18 71 22 45 42 44 43 47 69 61 65 63 60 62 73 25 29 28 74 26 27 54 76 6  23 4  12 34 24 40 64 46 
56 54 55 59 75 57 6  9  11 10 8  68 5  0  1  4  66 2  70 13 16 12 17 15 39 72 37 40 36 41 48 52 76 50 53 49 67 31 34 30 35 33 18 22 71 20 23 19 69 46 43 45 44 42 60 73 62 63 64 61 24 27 25 29 74 28 58 51 7  21 3  14 32 26 38 65 47 
38 37 39 40 41 36 57 58 59 54 55 56 70 13 16 12 17 15 52 49 51 50 48 76 67 30 33 35 34 32 7  6  10 68 8  11 47 46 44 69 42 45 73 64 60 61 63 65 28 24 29 27 74 25 0  2  3  4  5  1  71 19 20 22 21 18 72 9  75 62 14 53 43 23 31 66 26 
41 38 37 36 40 72 58 55 57 56 54 75 16 70 14 17 13 12 51 52 53 48 49 50 33 67 31 34 30 35 11 9  68 7  10 6  45 43 69 47 44 46 63 61 64 62 65 60 26 29 25 24 28 74 5  4  2  66 1  3  22 71 21 20 18 23 39 8  59 73 15 76 42 19 32 0  27 
37 39 72 41 38 40 59 57 75 55 58 54 13 17 70 15 12 14 49 48 52 76 50 53 30 34 67 32 35 31 68 11 8  10 9  7  69 45 42 44 43 47 62 60 65 64 73 63 74 27 24 26 25 29 66 3  1  2  0  5  19 23 22 71 20 21 36 6  56 61 16 51 46 18 33 4  28 
36 40 41 39 72 37 54 56 55 59 75 57 15 14 12 70 16 13 76 53 50 52 51 49 32 31 35 67 33 30 9  10 11 6  7  8  43 44 45 46 47 42 60 73 62 63 64 61 24 74 28 25 27 26 3  0  66 5  2  4  21 20 23 18 19 71 38 68 58 65 17 48 69 22 34 1  29 
40 41 38 72 36 39 55 54 58 75 56 59 14 16 15 13 70 17 53 51 76 49 52 48 31 33 32 30 67 34 6  8  7  11 68 9  46 42 47 45 69 43 65 62 61 73 60 64 27 25 74 29 26 28 1  66 4  0  3  2  20 22 18 21 23 19 37 10 57 63 12 50 44 71 35 5  24 
72 36 40 37 39 38 56 75 54 57 59 58 12 15 17 16 14 70 50 76 48 51 53 52 35 32 34 33 31 67 8  68 6  9  11 10 42 69 46 43 45 44 64 63 73 65 61 62 29 28 26 74 24 27 2  5  0  1  4  66 18 21 19 23 71 22 41 7  55 60 13 49 47 20 30 3  25 
14 16 70 12 15 17 3  2  1  66 4  0  27 26 24 74 28 25 71 19 22 18 23 21 52 49 51 50 48 76 64 62 65 60 63 61 6  8  7  11 68 9  35 33 67 31 34 30 59 55 54 58 75 56 47 42 43 44 45 46 39 72 38 37 41 40 13 73 5  32 29 20 10 36 53 69 57 
15 14 16 17 12 13 2  4  3  0  66 5  24 27 29 28 26 74 22 71 20 23 19 18 51 52 53 48 49 50 61 73 60 64 65 62 9  10 11 6  7  8  34 31 33 32 30 67 57 54 56 55 59 75 45 44 42 69 46 43 37 39 41 38 40 36 70 63 1  35 25 21 68 72 76 47 58 
16 70 13 15 14 12 1  3  5  4  2  66 26 28 27 25 74 29 19 23 71 21 18 20 49 48 52 76 50 53 60 61 63 65 73 64 11 9  68 7  10 6  32 67 30 33 35 34 75 58 55 57 56 54 69 43 46 42 47 45 72 36 37 39 38 41 17 62 0  31 24 22 8  40 51 44 59 
17 12 15 70 13 16 66 0  4  1  5  3  25 29 74 27 24 26 21 20 18 71 22 19 76 53 50 52 51 49 73 65 61 62 64 63 10 7  9  8  6  68 67 35 32 34 33 31 55 75 59 56 58 57 43 47 69 45 42 44 41 38 36 40 72 39 14 60 2  30 28 23 11 37 48 46 54 
12 15 14 13 17 70 4  66 2  5  0  1  29 24 25 26 27 28 20 22 21 19 71 23 53 51 76 49 52 48 62 63 64 61 60 73 8  68 6  9  11 10 30 32 31 35 67 33 58 56 75 54 57 59 46 69 44 47 43 42 38 37 40 41 36 72 16 65 3  34 74 18 7  39 50 45 55 
13 17 12 16 70 14 0  5  66 3  1  2  74 25 28 24 29 27 18 21 23 22 20 71 50 76 48 51 53 52 63 60 62 73 61 65 68 11 8  10 9  7  33 34 35 30 31 32 54 59 57 75 55 58 42 45 47 46 44 69 40 41 72 36 39 37 15 64 4  67 26 19 6  38 49 43 56 
43 46 45 44 42 69 30 67 34 31 33 32 68 10 7  9  8  6  58 57 55 75 59 56 74 25 28 24 29 27 40 72 38 41 37 36 19 22 18 23 21 71 70 12 15 17 16 14 63 64 61 60 73 62 76 52 49 51 50 48 5  0  3  1  2  4  47 39 35 13 11 54 20 66 26 53 65 
42 43 46 69 44 47 67 33 30 32 31 35 7  68 11 8  10 9  55 58 54 59 57 75 28 74 26 29 25 24 36 39 41 40 38 72 71 20 23 19 18 22 16 17 12 13 14 15 65 61 62 64 63 73 50 51 52 53 48 49 1  5  2  3  4  66 45 37 34 70 6  56 21 0  27 76 60 
46 45 47 42 43 44 34 30 35 33 67 31 10 8  68 6  9  11 57 59 58 56 75 54 25 29 74 27 24 26 41 36 37 38 39 40 23 71 21 18 20 19 13 15 14 12 70 16 73 60 64 65 62 61 53 49 48 52 76 50 0  66 1  5  3  2  69 72 32 17 7  55 22 4  28 51 63 
69 44 42 45 47 46 31 32 33 34 35 30 6  11 9  68 7  10 56 54 75 58 55 57 27 26 24 74 28 25 39 38 36 72 40 37 20 18 71 22 19 21 15 70 13 16 12 17 64 73 63 62 60 65 49 76 53 50 52 51 2  3  66 4  0  5  43 41 67 14 8  59 23 1  29 48 61 
44 42 43 47 69 45 33 31 67 35 32 34 11 7  6  10 68 8  54 55 56 57 58 59 26 28 27 25 74 29 72 37 40 36 41 39 22 21 19 71 23 20 14 13 17 70 15 12 60 62 73 61 65 63 48 53 51 76 49 52 3  1  4  2  66 0  46 38 30 16 9  75 18 5  24 50 64 
47 69 44 46 45 43 32 35 31 30 34 67 9  6  8  7  11 68 75 56 59 55 54 58 24 27 29 28 26 74 37 41 72 39 36 38 21 23 22 20 71 18 12 16 70 14 17 13 61 63 65 73 64 60 52 50 76 48 51 53 4  2  0  66 5  1  42 40 33 15 10 57 19 3  25 49 62 
28 74 25 27 26 24 46 43 45 44 42 69 57 59 58 56 75 54 38 37 41 72 39 36 20 22 21 19 71 23 67 31 34 30 35 33 61 73 60 64 65 62 76 52 49 51 50 48 5  2  4  3  0  66 11 10 8  68 6  9  13 17 16 70 14 15 29 32 47 53 55 40 63 12 18 7  1  
25 29 24 28 74 26 47 45 69 43 46 42 75 56 59 55 54 58 39 72 37 40 36 41 71 19 22 18 23 21 34 67 32 35 31 30 60 61 63 65 73 64 51 48 50 49 53 76 66 1  3  5  4  2  68 9  6  8  7  11 12 15 13 17 70 16 27 33 44 52 57 38 62 14 20 10 0  
27 26 28 29 24 25 42 44 43 47 69 45 55 58 54 59 57 75 40 41 36 37 38 39 18 21 23 22 20 71 31 35 67 33 30 32 73 65 61 62 64 63 48 53 51 76 49 52 3  66 0  4  1  5  9  7  68 11 8  10 16 70 15 14 12 17 74 34 46 50 56 72 60 13 19 6  2  
26 28 74 24 27 29 43 42 46 69 44 47 58 57 55 75 59 56 41 38 40 39 37 72 21 20 18 71 22 19 33 32 30 67 34 31 62 63 64 61 60 73 50 51 52 53 48 49 1  4  66 2  5  0  6  68 10 7  9  8  70 13 14 16 15 12 25 35 45 76 54 36 65 17 23 11 3  
24 27 26 25 29 74 44 69 42 45 47 46 54 55 56 57 58 59 36 40 72 38 41 37 23 18 19 20 21 22 32 34 33 31 67 35 63 60 62 73 61 65 49 76 53 50 52 51 2  0  5  66 3  1  8  11 7  6  10 68 14 16 12 15 17 13 28 30 43 48 75 39 64 70 71 9  4  
74 25 29 26 28 27 45 46 47 42 43 44 59 75 57 54 56 55 37 39 38 36 72 40 22 71 20 23 19 18 30 33 35 34 32 67 64 62 65 60 63 61 53 49 48 52 76 50 0  3  2  1  66 4  7  8  9  10 11 6  17 12 70 13 16 14 24 31 69 51 58 41 73 15 21 68 5  
6  11 7  8  9  10 76 50 53 49 48 52 73 62 63 64 61 60 5  0  1  4  66 2  75 56 59 55 54 58 16 15 13 70 17 14 72 37 40 36 41 39 24 28 74 26 29 25 31 34 30 35 33 67 21 71 19 22 18 23 44 42 47 69 45 46 68 12 51 27 65 3  38 43 57 20 32 
7  68 10 6  11 9  51 53 52 50 76 48 61 64 62 65 60 63 66 4  0  3  2  1  54 55 56 57 58 59 13 16 12 17 15 70 40 72 38 41 37 36 26 25 29 74 27 24 67 32 35 31 30 34 22 23 18 19 20 21 43 46 44 42 69 47 8  14 49 28 73 5  39 45 75 71 33 
8  9  6  68 10 7  48 49 50 51 52 53 65 63 60 62 73 61 3  1  2  0  5  66 57 59 58 56 75 54 15 17 16 14 70 12 37 41 72 39 36 38 25 27 26 24 74 28 35 67 33 30 32 31 23 20 22 21 19 71 47 69 46 45 43 42 11 13 76 29 64 4  40 44 55 18 34 
9  6  11 10 8  68 50 48 76 52 49 51 63 73 65 61 62 64 1  5  3  66 0  4  59 75 57 54 56 55 14 12 70 16 13 15 39 38 36 72 40 37 29 26 28 27 25 74 32 30 67 34 31 33 18 22 71 20 23 19 69 44 45 47 46 43 7  17 53 24 60 2  41 42 58 21 35 
10 8  9  7  68 11 49 52 48 53 51 76 60 65 64 73 63 62 2  3  4  5  1  0  58 57 55 75 59 56 12 13 14 15 16 17 38 40 39 37 72 41 74 24 27 29 28 26 34 33 31 67 35 32 19 21 20 18 71 22 45 47 43 46 42 44 6  70 50 25 61 66 36 69 54 23 30 
11 7  68 9  6  8  53 76 51 48 50 49 62 61 73 60 64 65 0  66 5  2  4  3  56 54 75 58 55 57 70 14 17 13 12 16 36 39 41 40 38 72 27 74 25 28 24 29 33 35 34 32 67 30 20 19 23 71 21 18 42 43 69 44 47 45 10 15 52 26 63 1  37 46 59 22 31 
53 51 52 50 76 48 17 13 12 16 70 14 19 23 71 21 18 20 62 61 73 60 64 65 6  11 9  68 7  10 5  3  66 0  4  1  57 55 75 59 56 58 69 43 46 42 47 45 40 39 37 72 41 38 26 25 29 74 27 24 67 30 31 33 32 35 49 2  15 44 22 63 54 34 8  28 36 
48 50 76 52 49 51 16 14 70 12 15 17 20 22 21 19 71 23 65 63 60 62 73 61 10 8  68 6  9  11 2  66 1  3  5  4  54 75 58 55 57 56 46 69 44 47 43 42 39 41 40 38 72 36 29 26 28 27 25 74 32 31 34 35 30 67 53 0  13 45 18 64 59 33 7  24 37 
49 48 50 51 52 53 14 15 16 17 12 13 21 20 18 71 22 19 60 65 64 73 63 62 68 10 7  9  8  6  4  0  3  2  1  66 56 59 55 54 58 75 43 47 69 45 42 44 37 40 36 41 39 72 25 27 26 24 74 28 35 32 30 34 67 33 76 5  70 46 23 61 57 31 11 29 38 
50 76 53 49 48 52 70 16 13 15 14 12 22 71 20 23 19 18 63 73 65 61 62 64 8  9  10 11 6  7  3  4  5  1  0  2  55 56 57 58 59 54 45 44 42 69 46 43 72 38 41 37 36 40 24 28 74 26 29 25 31 33 35 32 34 30 51 66 17 47 21 60 75 67 68 27 39 
51 52 49 76 53 50 12 17 15 70 13 16 23 18 19 20 21 22 61 64 62 65 60 63 11 7  6  10 68 8  0  1  4  66 2  5  59 58 56 75 54 57 44 46 45 43 69 47 41 72 39 36 38 37 28 29 24 25 26 27 30 34 33 67 31 32 48 3  14 42 71 73 55 35 9  74 40 
52 49 48 53 51 76 15 12 14 13 17 70 18 21 23 22 20 71 64 60 61 63 65 73 7  68 11 8  10 9  66 5  2  4  3  0  75 57 54 56 55 59 42 45 47 46 44 69 38 36 72 40 37 39 74 24 27 29 28 26 34 35 67 30 33 31 50 1  16 43 19 62 58 32 6  25 41 
64 60 65 62 61 73 18 23 21 71 19 22 31 33 32 30 67 34 69 44 47 43 42 46 66 4  0  3  2  1  25 28 24 29 27 74 16 15 13 70 17 14 57 56 54 75 58 55 76 49 52 48 53 51 37 36 40 72 38 41 10 8  7  68 11 6  63 26 20 59 35 45 12 9  5  39 50 
63 73 62 60 65 64 22 20 71 18 21 23 30 34 67 32 35 31 43 46 42 47 45 69 3  1  2  0  5  66 27 29 28 26 74 24 17 70 15 12 14 13 56 58 57 55 75 59 52 76 50 53 49 48 36 38 37 41 72 39 6  11 8  9  10 68 61 25 19 54 33 44 16 7  4  40 51 
73 62 61 65 63 60 71 22 19 21 20 18 34 35 30 31 32 33 46 45 43 69 47 44 1  5  3  66 0  4  26 24 74 28 25 27 12 13 14 15 16 17 54 57 59 58 56 75 49 53 76 51 48 50 40 37 39 38 36 72 11 7  9  6  8  10 64 29 23 55 67 42 70 68 2  41 52 
65 63 73 64 60 61 20 21 22 23 18 19 67 30 33 35 34 32 42 43 44 45 46 47 2  3  4  5  1  0  24 25 26 27 28 29 13 16 12 17 15 70 75 55 58 54 59 57 51 50 48 76 52 49 72 41 38 40 39 37 9  6  10 8  68 7  62 74 71 56 31 69 14 11 66 36 53 
61 64 60 73 62 63 23 19 18 22 71 20 32 31 35 67 33 30 47 69 45 42 44 43 0  66 5  2  4  3  74 26 29 25 24 28 14 12 70 16 13 15 58 75 56 59 55 54 50 52 51 49 76 53 38 72 36 39 41 40 68 10 11 7  6  9  65 27 21 57 34 46 17 8  1  37 48 
62 61 64 63 73 65 19 71 23 20 22 21 35 32 34 33 31 67 45 47 46 44 69 42 5  0  1  4  66 2  28 27 25 74 29 26 15 17 16 14 70 12 55 59 75 57 54 56 48 51 53 52 50 76 41 39 72 37 40 36 7  68 6  11 9  8  60 24 18 58 30 43 13 10 3  38 49 
19 23 18 22 71 20 25 74 29 26 28 27 39 72 37 40 36 41 35 32 34 33 31 67 73 62 63 64 61 60 46 42 47 45 69 43 2  66 1  3  5  4  7  8  9  10 11 6  17 16 14 70 12 15 75 55 58 54 59 57 51 52 76 53 50 48 21 44 24 68 38 30 0  49 65 56 13 
20 22 71 18 21 23 26 27 28 29 24 25 41 38 40 39 37 72 67 30 33 35 34 32 60 65 64 73 63 62 44 47 43 42 46 69 0  1  4  66 2  5  9  7  68 11 8  10 16 12 17 15 70 13 58 75 56 59 55 54 50 76 49 48 52 51 19 45 74 6  36 31 3  53 61 57 14 
21 20 22 23 18 19 27 24 26 25 29 74 40 41 36 37 38 39 33 67 31 34 30 35 64 60 61 63 65 73 69 45 42 44 43 47 5  3  66 0  4  1  8  11 7  6  10 68 14 17 13 12 16 70 55 59 75 57 54 56 48 50 52 49 51 53 71 46 28 9  72 32 2  76 62 58 15 
22 71 19 21 20 18 28 26 74 24 27 29 38 37 41 72 39 36 30 34 67 32 35 31 65 63 60 62 73 61 42 69 46 43 45 44 66 5  2  4  3  0  6  68 10 7  9  8  70 15 12 14 13 17 57 56 54 75 58 55 76 53 48 50 49 52 23 47 25 11 40 33 1  51 64 59 16 
23 18 21 71 19 22 29 25 24 28 74 26 72 36 39 41 40 38 32 31 35 67 33 30 62 61 73 60 64 65 45 43 69 47 44 46 3  4  5  1  0  2  68 9  6  8  7  11 12 70 16 13 15 14 56 58 57 55 75 59 52 49 53 51 76 50 20 42 27 10 37 34 66 48 63 54 17 
18 21 20 19 23 71 24 29 27 74 25 28 36 40 72 38 41 37 31 33 32 30 67 34 61 64 62 65 60 63 47 46 44 69 42 45 1  2  0  5  66 3  10 6  11 9  68 7  15 13 70 17 14 16 54 57 59 58 56 75 49 48 51 52 53 76 22 43 26 8  39 35 4  50 73 55 12 
31 33 67 35 32 34 36 72 40 37 39 38 76 53 50 52 51 49 6  11 9  68 7  10 47 69 45 42 44 43 75 57 54 56 55 59 26 24 74 28 25 27 2  5  0  1  4  66 18 71 22 19 21 20 14 13 17 70 15 12 73 62 65 63 60 64 30 58 41 3  48 8  29 61 46 16 23 
32 31 33 34 35 30 72 39 36 38 37 41 50 76 48 51 53 52 9  6  8  7  11 68 45 47 46 44 69 42 59 58 56 75 54 57 27 29 28 26 74 24 4  1  5  3  66 0  23 22 20 71 18 21 15 70 13 16 12 17 63 73 60 65 64 61 67 55 40 2  49 10 25 62 43 14 19 
67 30 34 31 33 32 41 40 38 72 36 39 51 52 53 48 49 50 7  68 11 8  10 9  44 42 69 46 43 45 54 75 58 55 57 56 74 26 29 25 24 28 1  66 4  0  3  2  20 23 19 18 22 71 70 12 15 17 16 14 61 64 73 62 63 65 35 59 37 5  76 6  27 60 47 13 21 
33 67 30 32 31 35 40 36 41 39 72 37 53 51 76 49 52 48 11 7  6  10 68 8  69 44 47 43 42 46 56 59 55 54 58 75 28 27 25 74 29 26 3  0  66 5  2  4  21 19 71 23 20 22 16 17 12 13 14 15 62 61 63 73 65 60 34 57 38 1  50 9  24 64 45 70 18 
30 34 35 33 67 31 38 41 37 36 40 72 52 49 51 50 48 76 68 10 7  9  8  6  42 43 44 45 46 47 55 56 57 58 59 54 25 28 24 29 27 74 5  4  2  66 1  3  22 18 23 21 71 19 13 15 14 12 70 16 64 60 62 61 73 63 32 75 39 0  53 11 26 65 69 17 20 
34 35 32 67 30 33 37 38 39 40 41 36 49 48 52 76 50 53 10 8  68 6  9  11 43 46 42 47 45 69 58 54 59 57 75 55 29 74 27 24 26 25 0  2  3  4  5  1  71 21 18 20 19 23 17 14 16 15 13 70 60 65 61 64 62 73 31 56 72 66 51 7  28 63 44 12 22 
1  5  0  2  3  4  62 73 61 65 63 60 45 47 46 44 69 42 74 25 28 24 29 27 70 13 16 12 17 15 22 21 19 71 23 20 52 53 48 49 50 51 40 37 39 38 36 72 11 8  10 9  7  68 67 35 32 34 33 31 55 58 56 54 75 59 66 18 64 41 43 26 76 57 14 30 6  
29 24 27 74 25 28 69 47 44 46 45 43 56 54 75 58 55 57 72 36 39 41 40 38 19 23 71 21 18 20 35 30 31 32 33 34 65 64 73 63 62 60 52 50 76 48 51 53 4  5  1  0  2  3  10 6  11 9  68 7  15 14 17 12 13 70 26 67 42 49 59 37 61 16 22 8  66 
54 55 58 75 56 59 11 6  7  8  9  10 0  66 5  2  4  3  13 17 70 15 12 14 72 36 39 41 40 38 50 49 53 76 51 48 30 33 35 34 32 67 21 71 19 22 18 23 44 45 46 47 42 43 65 62 61 73 60 64 27 26 29 24 25 74 57 52 68 20 1  16 31 28 37 63 69 
76 53 51 48 50 49 13 70 17 14 16 15 71 19 22 18 23 21 73 62 63 64 61 60 9  6  8  7  11 68 1  2  0  5  66 3  58 54 59 57 75 55 47 42 43 44 45 46 36 37 38 39 40 41 27 74 25 28 24 29 33 67 32 31 35 34 52 4  12 69 20 65 56 30 10 26 72 
39 72 36 38 37 41 75 59 56 58 57 55 17 12 13 14 15 16 48 50 49 53 76 51 34 35 30 31 32 33 10 7  9  8  6  68 44 47 43 42 46 69 61 65 63 60 62 73 25 26 27 28 29 24 4  1  5  3  66 0  23 18 71 19 22 20 40 11 54 64 70 52 45 21 67 2  74 
70 13 17 14 16 15 5  1  0  2  3  4  28 74 26 29 25 24 23 18 19 20 21 22 48 50 49 53 76 51 65 64 73 63 62 60 7  6  10 68 8  11 31 30 34 67 32 35 56 57 58 59 54 55 44 46 45 43 69 47 36 40 39 72 37 38 12 61 66 33 27 71 9  41 52 42 75 
68 10 8  11 7  6  52 51 49 76 53 50 64 60 61 63 65 73 4  2  66 1  3  5  55 58 54 59 57 75 17 70 15 12 14 13 41 36 37 38 39 40 28 29 24 25 26 27 30 31 32 33 34 35 71 18 21 23 22 20 46 45 42 43 44 69 9  16 48 74 62 0  72 47 56 19 67 
35 32 31 30 34 67 39 37 72 41 38 40 48 50 49 53 76 51 8  9  10 11 6  7  46 45 43 69 47 44 57 55 75 59 56 58 24 25 26 27 28 29 66 3  1  2  0  5  19 20 21 22 23 18 12 16 70 14 17 13 65 63 64 60 61 62 33 54 36 4  52 68 74 73 42 15 71 
45 47 69 43 46 42 35 34 32 67 30 33 8  9  10 11 6  7  59 75 57 54 56 55 29 24 25 26 27 28 38 40 39 37 72 41 18 19 20 21 22 23 17 14 16 15 13 70 62 65 60 63 61 64 51 48 50 49 53 76 66 4  5  0  1  3  44 36 31 12 68 58 71 2  74 52 73 
71 19 23 20 22 21 74 28 25 27 26 24 37 39 38 36 72 40 34 35 30 31 32 33 63 73 65 61 62 64 43 44 45 46 47 42 4  0  3  2  1  66 11 10 8  68 6  9  13 14 15 16 17 12 59 54 55 56 57 58 53 51 50 76 48 49 18 69 29 7  41 67 5  52 60 75 70 
60 65 63 61 64 62 21 18 20 19 23 71 33 67 31 34 30 35 44 42 69 46 43 45 4  2  66 1  3  5  29 74 27 24 26 25 70 14 17 13 12 16 59 54 55 56 57 58 53 48 49 50 51 52 39 40 41 36 37 38 8  9  68 10 7  11 73 28 22 75 32 47 15 6  0  72 76 
