67 4  2  5  0  1  20 21 22 23 18 19 27 26 24 74 28 25 48 73 52 49 51 50 11 6  7  8  9  10 60 62 63 64 65 61 30 33 35 34 32 71 72 16 13 15 14 12 70 57 54 56 55 59 36 37 38 39 40 41 43 44 47 76 45 42 53 3  46 31 69 68 29 58 75 66 17 
0  67 4  1  5  3  21 18 20 19 23 66 26 28 27 25 74 29 52 48 53 51 73 49 6  9  11 10 8  75 61 68 64 60 63 62 71 31 34 30 35 33 13 72 17 14 16 15 56 59 55 54 58 70 69 38 41 37 36 40 76 45 43 46 42 47 50 2  44 32 39 65 24 57 7  22 12 
5  0  67 3  1  2  18 23 21 66 19 22 28 74 26 29 25 24 53 52 50 73 48 51 9  8  6  75 10 7  62 65 60 61 64 68 33 32 30 71 34 31 17 13 12 16 72 14 54 70 58 55 57 56 39 41 40 38 69 36 46 42 76 44 47 43 49 4  45 35 37 63 27 59 11 20 15 
2  3  1  67 4  0  66 22 19 21 20 18 29 24 25 26 27 28 51 49 73 53 50 52 75 7  10 6  11 9  63 60 68 65 62 64 35 30 31 32 33 34 14 15 16 17 12 13 57 55 70 59 56 58 41 69 39 36 38 37 42 76 45 47 46 44 48 5  43 71 40 61 74 54 8  23 72 
4  2  3  0  67 5  22 20 66 18 21 23 24 27 29 28 26 74 73 51 48 50 49 53 7  11 75 9  6  8  64 61 65 63 68 60 34 71 32 35 31 30 16 14 72 12 15 17 59 58 56 70 54 57 40 39 37 69 41 38 47 46 42 43 44 45 52 1  76 33 36 62 25 55 10 19 13 
3  1  5  4  2  67 19 66 23 20 22 21 25 29 74 27 24 26 49 50 51 52 53 48 10 75 8  11 7  6  65 64 62 68 61 63 32 34 33 31 71 35 15 12 14 13 17 72 58 54 59 57 70 55 38 36 69 40 37 39 45 43 44 42 76 46 73 0  47 30 41 60 28 56 9  18 16 
50 53 52 51 49 73 75 7  10 6  11 9  57 59 58 56 70 54 33 71 31 34 30 35 44 45 46 47 42 43 15 16 17 12 13 14 63 60 68 65 62 64 40 41 36 37 38 39 22 19 21 20 18 66 27 74 25 28 24 29 1  4  5  3  67 0  32 48 2  61 26 72 55 23 76 8  69 
53 52 48 49 50 51 10 75 8  11 7  6  58 57 55 70 59 56 71 30 33 35 34 32 46 44 76 42 45 47 12 14 13 17 72 15 65 64 62 68 61 63 41 38 40 39 37 69 66 23 20 22 21 19 24 28 74 26 29 25 5  2  0  1  4  67 31 73 3  60 27 16 54 18 43 9  36 
49 50 53 73 51 48 7  11 75 9  6  8  59 70 57 54 56 55 31 33 32 30 71 34 45 42 44 43 47 76 14 72 12 15 17 16 64 61 65 63 68 60 36 40 69 38 41 37 20 66 18 21 23 22 26 25 29 74 27 24 3  67 1  2  0  5  35 52 4  62 28 13 58 19 46 10 39 
48 73 51 53 52 50 9  8  6  75 10 7  54 55 56 57 58 59 34 35 30 31 32 33 43 76 47 44 46 45 13 12 16 72 14 17 62 65 60 61 64 68 37 39 38 36 69 40 23 21 66 19 22 18 25 27 26 24 74 28 67 1  4  0  3  2  71 49 5  63 29 15 70 20 42 11 41 
52 48 73 50 53 49 8  10 9  7  75 11 55 58 54 59 57 70 30 34 71 32 35 31 76 46 43 45 44 42 17 15 72 13 16 12 68 63 61 62 60 65 38 37 41 69 39 36 19 18 22 66 20 23 29 26 28 27 25 74 0  3  67 5  2  4  33 51 1  64 24 14 56 21 47 6  40 
73 51 49 52 48 53 6  9  11 10 8  75 56 54 70 58 55 57 35 32 34 33 31 71 47 43 42 46 76 44 72 17 14 16 15 13 61 68 64 60 63 62 39 69 37 40 36 41 18 20 19 23 66 21 74 24 27 29 28 26 4  5  2  67 1  3  30 50 0  65 25 12 59 22 45 7  38 
6  11 7  8  9  10 74 25 28 24 29 27 72 13 16 12 17 15 76 43 46 42 47 45 58 57 55 70 59 56 48 53 51 73 49 52 5  3  67 0  4  1  35 32 34 33 31 71 39 36 38 37 41 69 65 60 61 64 68 62 20 23 22 21 19 66 44 75 18 2  63 50 14 40 54 26 30 
11 7  75 9  6  8  28 74 26 29 25 24 16 72 14 17 13 12 43 47 76 45 42 44 55 58 54 59 57 70 73 52 49 51 50 48 0  1  4  67 2  5  32 31 35 71 33 30 69 40 37 39 38 36 68 64 60 63 62 61 22 18 66 20 23 19 46 10 21 3  65 53 15 41 56 27 34 
9  6  11 10 8  75 25 29 74 27 24 26 13 17 72 15 12 14 46 76 44 47 43 42 57 59 58 56 70 54 52 50 73 48 51 53 1  2  0  5  67 3  34 35 30 31 32 33 37 69 41 38 40 39 63 61 62 60 65 68 21 19 20 18 66 22 45 7  23 4  64 49 16 36 55 28 71 
75 10 8  11 7  6  27 26 24 74 28 25 15 14 12 72 16 13 42 45 47 46 44 76 56 54 70 58 55 57 49 73 53 50 52 51 4  0  3  2  1  67 33 71 31 34 30 35 40 38 69 36 39 41 61 65 63 68 60 64 19 20 23 66 21 18 43 9  22 5  62 48 17 37 59 29 32 
7  75 10 6  11 9  26 28 27 25 74 29 14 16 15 13 72 17 47 42 43 44 45 46 54 55 56 57 58 59 51 48 50 49 53 73 67 5  2  4  3  0  31 33 32 30 71 34 36 41 39 69 37 40 62 63 64 65 61 60 66 21 19 22 18 23 76 8  20 1  68 52 12 38 70 24 35 
10 8  9  7  75 11 24 27 29 28 26 74 12 15 17 16 14 72 45 44 42 76 46 43 70 56 59 55 54 58 50 51 52 53 48 49 2  67 1  3  5  4  71 30 33 35 34 32 41 37 36 40 69 38 60 68 65 62 64 63 23 22 18 19 20 21 47 6  66 0  61 73 13 39 57 25 31 
54 56 70 58 55 57 13 17 72 15 12 14 31 32 33 34 35 30 66 19 22 18 23 21 37 38 39 40 41 36 42 43 44 45 46 47 11 9  75 7  10 6  3  1  2  0  5  67 68 61 63 65 64 62 52 49 51 50 48 73 27 74 24 26 25 29 20 59 28 8  53 76 71 60 69 16 4  
55 54 56 57 58 59 17 12 13 14 15 16 32 35 31 30 34 71 22 66 20 23 19 18 38 41 37 36 40 69 47 76 45 42 44 43 6  8  7  11 75 9  2  3  4  5  1  0  65 62 64 63 60 68 53 51 73 49 52 48 26 25 27 28 29 24 21 70 74 10 50 46 33 61 39 72 67 
56 70 59 55 54 58 72 13 16 12 17 15 33 31 71 35 32 34 19 23 66 21 18 20 39 37 69 41 38 40 45 47 46 44 76 42 7  6  10 75 8  11 1  5  3  67 0  4  62 60 65 68 63 61 48 50 49 53 73 51 24 28 29 27 74 25 22 57 26 9  52 43 30 64 36 14 2  
57 58 55 70 59 56 15 14 12 72 16 13 34 30 35 33 71 31 21 20 18 66 22 19 40 36 41 39 69 37 76 44 47 43 42 46 8  75 6  9  11 10 67 4  0  3  2  1  64 65 61 60 62 63 49 48 52 73 50 53 74 24 28 25 27 26 23 54 29 7  51 45 32 68 38 17 5  
58 55 54 59 57 70 12 15 17 16 14 72 35 34 32 71 30 33 20 22 21 19 66 23 41 40 38 69 36 39 43 46 42 47 45 76 9  10 11 6  7  8  4  2  67 1  3  5  63 68 60 64 61 65 50 73 48 51 53 52 28 29 26 74 24 27 18 56 25 75 49 44 31 62 37 13 0  
59 57 58 56 70 54 14 16 15 13 72 17 30 71 34 31 33 32 18 21 23 22 20 66 36 69 40 37 39 38 46 45 43 76 47 44 10 7  9  8  6  75 0  67 5  2  4  3  60 63 62 61 68 64 51 52 53 48 49 50 25 27 74 29 26 28 19 55 24 11 73 42 35 65 41 12 1  
18 21 20 19 23 66 69 39 36 38 37 41 62 68 61 63 65 64 8  9  10 11 6  7  74 25 28 24 29 27 5  3  67 0  4  1  45 47 46 44 76 42 52 48 53 51 73 49 13 16 12 17 15 72 32 30 71 34 31 33 59 54 57 70 55 58 75 22 56 43 35 2  60 14 26 40 50 
21 20 22 23 18 19 36 69 40 37 39 38 61 62 60 65 68 63 9  6  8  7  11 75 28 74 26 29 25 24 0  1  4  67 2  5  44 42 76 46 43 45 48 73 52 49 51 50 72 14 17 13 12 16 31 34 30 35 33 71 57 56 58 59 54 55 10 66 70 47 32 3  64 15 27 41 53 
23 18 21 66 19 22 39 37 69 41 38 40 68 65 62 64 63 60 10 8  75 6  9  11 25 29 74 27 24 26 1  2  0  5  67 3  42 43 44 45 46 47 53 52 50 73 48 51 17 72 15 12 14 13 35 71 33 30 32 31 70 55 59 56 58 57 7  20 54 76 34 4  61 16 28 36 49 
22 66 19 21 20 18 41 40 38 69 36 39 64 60 63 62 61 68 11 7  6  10 75 8  27 26 24 74 28 25 4  0  3  2  1  67 76 44 47 43 42 46 51 49 73 53 50 52 14 12 72 16 13 15 71 32 35 31 30 34 55 59 54 58 70 56 9  23 57 45 33 5  65 17 29 37 48 
20 22 66 18 21 23 40 36 41 39 69 37 60 61 64 68 62 65 6  11 9  75 7  10 26 28 27 25 74 29 67 5  2  4  3  0  46 45 43 76 47 44 73 51 48 50 49 53 16 15 13 72 17 14 33 35 34 32 71 30 58 70 55 57 56 54 8  19 59 42 31 1  63 12 24 38 52 
66 19 23 20 22 21 38 41 37 36 40 69 63 64 65 61 60 62 7  75 11 8  10 9  24 27 29 28 26 74 2  67 1  3  5  4  43 46 42 47 45 76 49 50 51 52 53 48 15 17 16 14 72 12 30 31 32 33 34 35 54 57 56 55 59 70 6  18 58 44 71 0  68 13 25 39 73 
45 44 46 47 42 43 56 54 70 58 55 57 36 69 40 37 39 38 3  1  2  0  5  67 23 19 18 22 66 20 71 31 34 30 35 33 51 48 50 49 53 73 68 62 65 60 61 64 28 27 25 74 29 26 13 15 14 12 72 16 10 11 8  75 6  9  4  76 7  52 17 32 41 24 21 59 63 
46 76 43 45 44 42 59 70 57 54 56 55 41 40 38 69 36 39 5  0  1  4  67 2  21 18 20 19 23 66 34 71 32 35 31 30 50 51 52 53 48 49 61 60 62 63 64 65 27 29 28 26 74 24 16 17 12 13 14 15 9  75 6  8  7  11 3  47 10 73 72 33 37 25 22 58 68 
47 42 45 76 43 46 55 58 54 59 57 70 39 37 69 41 38 40 4  2  67 1  3  5  66 22 19 21 20 18 31 35 71 33 30 32 48 53 51 73 49 52 63 65 64 62 68 61 25 28 24 29 27 74 12 16 72 14 17 13 7  9  75 11 8  10 0  44 6  50 15 34 36 26 23 56 60 
42 45 44 43 47 76 54 55 56 57 58 59 69 39 36 38 37 41 2  3  4  5  1  0  19 66 23 20 22 21 33 32 30 71 34 31 73 52 49 51 50 48 65 68 63 61 62 60 74 26 29 25 24 28 17 14 16 15 13 72 75 6  10 7  9  8  67 46 11 53 12 35 40 27 18 70 64 
43 47 42 46 76 44 58 57 55 70 59 56 37 38 39 40 41 36 67 4  0  3  2  1  22 20 66 18 21 23 32 34 33 31 71 35 52 50 73 48 51 53 64 63 60 68 65 62 29 74 27 24 26 25 15 72 13 16 12 17 11 8  7  6  10 75 5  45 9  49 14 30 69 28 19 54 61 
44 46 76 42 45 47 70 56 59 55 54 58 40 36 41 39 69 37 1  5  3  67 0  4  18 23 21 66 19 22 30 33 35 34 32 71 49 73 53 50 52 51 62 61 68 64 60 63 26 24 74 28 25 27 72 12 15 17 16 14 8  7  9  10 11 6  2  43 75 48 13 31 38 29 20 57 65 
65 68 62 64 63 60 3  2  1  67 4  0  9  8  6  75 10 7  14 15 16 17 12 13 50 49 53 73 51 48 25 24 28 74 26 29 69 37 40 36 41 39 57 58 59 54 55 56 43 42 46 76 44 47 66 21 18 20 19 23 33 35 71 31 34 30 72 61 32 38 22 27 11 45 52 5  70 
62 61 60 65 68 63 5  1  0  2  3  4  11 6  7  8  9  10 12 17 15 72 13 16 52 53 48 49 50 51 28 25 27 26 24 74 40 69 38 41 37 36 55 54 58 70 56 59 42 44 43 47 76 45 23 22 20 66 18 21 30 31 34 71 32 35 14 64 33 39 19 29 75 46 73 67 57 
64 63 65 61 60 62 4  67 2  5  0  1  10 75 8  11 7  6  72 16 13 15 14 12 51 73 49 52 48 53 24 26 25 29 74 27 37 41 69 39 36 38 70 59 56 58 57 55 46 43 45 44 42 76 20 23 19 18 22 66 32 30 31 35 71 33 17 68 34 40 21 28 9  47 50 3  54 
63 65 68 60 64 61 2  4  3  0  67 5  8  10 9  7  75 11 16 14 72 12 15 17 49 51 50 48 73 52 29 27 74 25 28 24 39 38 36 69 40 37 59 57 70 55 58 54 76 47 44 46 45 43 22 18 23 21 66 19 31 34 33 32 30 71 13 62 35 41 20 26 6  42 53 1  56 
60 64 63 62 61 68 67 0  4  1  5  3  75 7  10 6  11 9  13 72 17 14 16 15 73 48 51 53 52 50 27 28 29 24 25 26 38 40 39 37 69 41 56 70 54 57 59 58 44 76 42 45 47 46 21 19 66 23 20 22 35 71 32 34 33 31 12 65 30 36 18 74 8  43 49 2  55 
68 62 61 63 65 64 1  3  5  4  2  67 6  9  11 10 8  75 15 12 14 13 17 72 53 50 52 51 49 73 74 29 26 28 27 25 36 39 41 40 38 69 58 55 57 56 54 70 47 45 76 43 46 42 19 20 21 22 23 18 71 32 30 33 35 34 16 60 31 37 66 24 7  44 48 0  59 
29 25 74 27 24 26 63 64 65 61 60 62 53 50 52 51 49 73 70 59 56 58 57 55 14 16 15 13 72 17 8  75 6  9  11 10 19 22 18 23 21 66 76 43 46 42 47 45 34 32 71 30 33 35 4  5  1  0  2  3  69 38 36 39 41 40 54 28 37 20 67 7  48 31 12 68 44 
24 29 25 26 27 28 64 60 63 62 61 68 50 49 53 73 51 48 56 70 54 57 59 58 16 72 14 17 13 12 10 7  9  8  6  75 66 20 23 19 18 22 46 76 44 47 43 42 30 35 33 71 31 34 67 1  3  5  4  2  39 41 69 37 40 36 55 74 38 21 0  11 52 32 15 65 45 
25 74 28 24 29 27 65 63 68 60 64 61 52 53 48 49 50 51 59 57 70 55 58 54 15 14 12 72 16 13 9  10 11 6  7  8  23 66 21 18 20 19 43 47 76 45 42 44 35 31 30 34 71 32 2  0  5  67 3  1  36 37 40 69 38 41 56 26 39 22 4  75 73 33 17 62 46 
26 27 24 74 28 25 61 62 60 65 68 63 51 73 49 52 48 53 55 54 58 70 56 59 13 17 72 15 12 14 7  6  10 75 8  11 20 18 66 22 19 21 45 44 42 76 46 43 33 30 32 31 35 71 5  2  4  3  0  67 38 36 37 41 69 39 57 29 40 23 1  9  50 34 16 64 47 
27 24 29 28 26 74 60 61 64 68 62 65 49 51 50 48 73 52 54 56 55 59 70 57 72 13 16 12 17 15 75 11 8  10 9  7  22 21 19 66 23 20 44 46 45 43 76 47 71 34 31 33 32 30 0  3  2  1  67 4  37 40 39 38 36 69 58 25 41 18 5  6  53 35 14 63 42 
28 26 27 25 74 29 62 68 61 63 65 64 73 48 51 53 52 50 58 55 57 56 54 70 17 12 13 14 15 16 11 9  75 7  10 6  21 23 22 20 66 18 42 45 47 46 44 76 31 71 35 32 34 33 1  4  67 2  5  0  41 69 38 40 39 37 59 24 36 19 3  8  49 30 72 60 43 
40 41 38 69 36 39 71 33 30 32 31 35 67 0  4  1  5  3  74 28 25 27 26 24 62 68 61 63 65 64 20 18 66 22 19 21 59 56 58 57 55 70 11 7  6  10 75 8  73 49 52 48 53 51 45 43 76 47 44 46 12 16 17 15 72 13 29 37 14 54 42 23 2  50 60 34 9  
69 36 40 37 39 38 31 32 33 34 35 30 5  1  0  2  3  4  29 25 24 28 74 26 65 63 68 60 64 61 18 19 20 21 22 23 56 55 59 70 57 54 9  6  8  7  11 75 52 73 50 53 49 48 47 46 44 76 42 45 14 13 15 16 17 12 27 41 72 58 43 66 67 51 62 71 10 
38 37 39 40 41 36 34 30 35 33 71 31 2  4  3  0  67 5  26 27 28 29 24 25 60 61 64 68 62 65 66 20 23 19 18 22 58 59 54 55 56 57 75 10 7  9  8  6  49 53 73 51 48 50 46 42 47 45 76 43 13 15 72 17 14 16 74 69 12 70 44 21 1  52 63 32 11 
41 38 37 36 40 69 30 71 34 31 33 32 4  67 2  5  0  1  28 26 74 24 27 29 61 62 60 65 68 63 22 21 19 66 23 20 57 70 55 58 54 59 7  75 11 8  10 9  51 50 48 73 52 49 44 47 43 42 46 76 17 14 13 12 16 72 25 39 15 56 45 18 3  53 64 35 6  
37 39 69 41 38 40 35 34 32 71 30 33 3  2  1  67 4  0  27 24 26 25 29 74 64 60 63 62 61 68 19 22 18 23 21 66 55 57 56 54 70 58 10 8  75 6  9  11 50 52 51 49 73 53 76 45 42 44 43 47 72 12 16 13 15 14 28 36 17 59 46 20 5  48 65 31 7  
36 40 41 39 69 37 33 31 71 35 32 34 0  5  67 3  1  2  25 74 29 26 28 27 68 65 62 64 63 60 21 23 22 20 66 18 70 54 57 59 58 56 6  11 9  75 7  10 48 51 53 52 50 73 42 76 46 43 45 44 15 72 12 14 13 17 24 38 16 55 47 19 4  49 61 30 8  
32 31 33 34 35 30 47 43 42 46 76 44 23 19 18 22 66 20 64 63 60 68 65 62 2  4  3  0  67 5  39 38 36 69 40 37 13 12 16 72 14 17 29 25 24 28 74 26 9  11 10 8  75 6  70 55 58 54 59 57 51 52 49 73 53 50 61 71 48 15 56 41 21 7  1  45 27 
71 30 34 31 33 32 44 45 46 47 42 43 20 21 22 23 18 19 68 62 65 60 61 64 5  1  0  2  3  4  40 69 38 41 37 36 14 72 12 15 17 16 28 26 74 24 27 29 7  10 6  11 9  75 58 70 56 59 55 54 53 51 52 50 73 48 63 35 49 13 57 39 66 8  67 76 25 
30 34 35 33 71 31 46 44 76 42 45 47 22 20 66 18 21 23 62 61 68 64 60 63 0  5  67 3  1  2  41 36 37 38 39 40 15 16 17 12 13 14 26 27 28 29 24 25 75 8  11 7  6  10 55 59 70 57 54 56 52 49 48 53 51 73 65 32 50 72 58 69 19 9  4  43 74 
33 71 30 32 31 35 45 42 44 43 47 76 21 18 20 19 23 66 65 68 63 61 62 60 1  3  5  4  2  67 36 39 41 40 38 69 16 13 15 14 12 72 74 28 25 27 26 24 11 75 9  6  8  7  57 56 54 70 58 55 50 73 53 49 48 52 64 34 51 17 59 37 22 10 0  46 29 
35 32 31 30 34 71 43 76 47 44 46 45 19 66 23 20 22 21 60 64 61 65 63 68 4  67 2  5  0  1  37 41 69 39 36 38 17 15 72 13 16 12 24 29 27 74 25 28 8  6  75 10 7  9  56 58 57 55 70 59 73 53 51 48 50 49 62 33 52 14 54 40 18 11 3  42 26 
34 35 32 71 30 33 76 46 43 45 44 42 66 22 19 21 20 18 61 60 62 63 64 65 67 0  4  1  5  3  38 40 39 37 69 41 12 14 13 17 72 15 27 24 26 25 29 74 10 9  7  75 11 8  54 57 59 58 56 70 48 50 73 52 49 51 68 31 53 16 55 36 23 6  2  47 28 
12 17 13 14 15 16 53 50 52 51 49 73 43 76 47 44 46 45 40 41 36 37 38 39 30 71 34 31 33 32 58 59 54 55 56 57 25 24 28 74 26 29 22 66 20 23 19 18 2  1  67 4  0  3  10 11 6  7  8  9  68 64 62 65 60 61 69 72 63 27 75 70 42 5  35 48 21 
72 16 14 17 13 12 73 48 51 53 52 50 45 42 44 43 47 76 37 39 38 36 69 40 32 35 31 30 34 71 56 55 59 70 57 54 26 74 24 27 29 28 23 18 19 20 21 22 5  67 3  1  2  0  6  10 75 8  11 7  60 68 64 61 65 63 41 15 62 25 9  58 46 4  33 49 66 
15 12 17 16 14 72 50 49 53 73 51 48 76 46 43 45 44 42 36 40 69 38 41 37 71 33 30 32 31 35 57 70 55 58 54 59 29 27 74 25 28 24 20 22 21 19 66 23 4  3  0  67 5  2  75 6  9  11 10 8  65 60 68 63 61 62 39 13 64 26 7  56 47 1  34 52 18 
17 13 72 15 12 14 52 53 48 49 50 51 47 43 42 46 76 44 41 38 40 39 37 69 34 30 35 33 71 31 55 57 56 54 70 58 74 29 26 28 27 25 66 19 22 18 23 21 3  5  4  2  67 1  8  7  11 75 9  6  62 63 61 68 64 60 36 16 65 24 10 59 45 0  32 73 20 
16 14 15 13 72 17 51 73 49 52 48 53 44 45 46 47 42 43 39 69 37 40 36 41 31 32 33 34 35 30 70 54 57 59 58 56 27 28 29 24 25 26 18 21 23 22 20 66 0  4  1  5  3  67 11 8  10 9  7  75 64 62 63 60 68 65 38 12 61 74 6  55 76 2  71 50 19 
14 15 12 72 16 13 49 51 50 48 73 52 46 44 76 42 45 47 69 36 39 41 40 38 33 31 71 35 32 34 59 56 58 57 55 70 24 26 25 29 74 27 21 20 18 66 22 19 67 2  5  0  1  4  7  9  8  6  75 10 63 61 65 64 62 68 37 17 60 28 11 54 43 3  30 53 23 
70 59 57 54 56 55 16 72 14 17 13 12 71 33 30 32 31 35 23 18 19 20 21 22 69 39 36 38 37 41 44 42 76 46 43 45 75 11 8  10 9  7  5  0  1  4  67 2  61 64 68 62 65 60 73 53 50 52 51 49 29 26 25 24 28 74 66 58 27 6  48 47 34 63 40 15 3  
1  5  0  2  3  4  23 19 18 22 66 20 74 25 28 24 29 27 50 53 49 48 52 73 8  10 9  7  75 11 68 63 61 62 60 65 31 35 71 33 30 32 12 17 15 72 13 16 55 56 57 58 59 54 37 40 36 41 39 69 44 47 46 45 43 76 51 67 42 34 38 64 26 70 6  21 14 
13 72 16 12 17 15 48 52 73 50 53 49 42 47 45 76 43 46 38 37 41 69 39 36 35 34 32 71 30 33 54 58 70 56 59 55 28 25 27 26 24 74 19 23 66 21 18 20 1  0  2  3  4  5  9  75 7  10 6  11 61 65 60 62 63 64 40 14 68 29 8  57 44 67 31 51 22 
61 60 64 68 62 65 0  5  67 3  1  2  7  11 75 9  6  8  17 13 12 16 72 14 48 52 73 50 53 49 26 74 24 27 29 28 41 36 37 38 39 40 54 56 55 59 70 57 45 46 47 42 43 44 18 66 22 19 21 20 34 33 35 30 31 32 15 63 71 69 23 25 10 76 51 4  58 
31 33 71 35 32 34 42 47 45 76 43 46 18 23 21 66 19 22 63 65 64 62 68 61 3  2  1  67 4  0  69 37 40 36 41 39 72 17 14 16 15 13 25 74 29 26 28 27 6  7  8  9  10 11 59 54 55 56 57 58 49 48 50 51 52 53 60 30 73 12 70 38 20 75 5  44 24 
76 43 47 44 46 45 57 59 58 56 70 54 38 41 37 36 40 69 0  67 5  2  4  3  20 21 22 23 18 19 35 30 31 32 33 34 53 49 48 52 73 50 60 64 61 65 63 68 24 25 26 27 28 29 14 13 17 72 15 12 6  10 11 9  75 7  1  42 8  51 16 71 39 74 66 55 62 
8  9  6  75 10 7  29 24 25 26 27 28 17 12 13 14 15 16 44 46 45 43 76 47 59 70 57 54 56 55 53 49 48 52 73 50 3  4  5  1  0  2  30 34 71 32 35 31 38 39 40 41 36 37 64 62 68 61 63 65 18 66 21 23 22 20 42 11 19 67 60 51 72 69 58 74 33 
39 69 36 38 37 41 32 35 31 30 34 71 1  3  5  4  2  67 24 29 27 74 25 28 63 64 65 61 60 62 23 66 21 18 20 19 54 58 70 56 59 55 8  9  10 11 6  7  53 48 49 50 51 52 43 44 45 46 47 42 16 17 14 72 12 15 26 40 13 57 76 22 0  73 68 33 75 
19 23 18 22 66 20 37 38 39 40 41 36 65 63 68 60 64 61 75 10 7  9  8  6  29 24 25 26 27 28 3  4  5  1  0  2  47 76 45 42 44 43 50 53 49 48 52 73 12 13 14 15 16 17 34 33 31 71 35 32 56 58 70 54 57 59 11 21 55 46 30 67 62 72 74 69 51 
51 49 50 48 73 52 11 6  7  8  9  10 70 56 59 55 54 58 32 31 35 71 33 30 42 47 45 76 43 46 16 13 15 14 12 72 60 62 63 64 65 61 69 36 39 41 40 38 21 22 23 18 19 20 28 29 24 25 26 27 2  0  3  4  5  1  34 53 67 68 74 17 57 66 44 75 37 
74 28 26 29 25 24 68 65 62 64 63 60 48 52 73 50 53 49 57 58 59 54 55 56 12 15 17 16 14 72 6  8  7  11 75 9  18 19 20 21 22 23 47 42 43 44 45 46 32 33 34 35 30 31 3  67 0  4  1  5  40 39 41 36 37 38 70 27 69 66 2  10 51 71 13 61 76 
