72 4  2  5  0  1  49 51 50 48 75 52 37 70 41 38 40 39 74 35 32 34 33 31 46 68 44 47 43 42 60 63 62 61 67 64 56 59 55 54 58 66 14 13 17 73 15 12 26 28 27 25 76 29 18 21 23 22 20 69 10 8  9  7  71 11 19 6  16 30 57 53 3  36 65 24 45 
0  72 4  1  5  3  53 50 52 51 49 75 38 39 40 41 36 37 33 34 35 30 31 32 68 43 46 42 47 45 64 65 61 60 62 63 66 57 54 56 55 59 13 15 14 12 73 16 28 76 26 29 25 24 20 22 21 19 69 23 9  6  11 10 8  71 18 7  17 74 58 48 2  70 67 27 44 
5  0  72 3  1  2  48 52 75 50 53 49 41 37 36 40 70 38 31 30 34 74 32 35 43 47 68 45 42 44 63 67 60 64 61 65 59 58 56 66 54 57 15 73 13 16 12 17 76 25 28 24 29 27 69 19 22 18 23 21 11 7  71 9  6  8  20 10 14 33 55 51 4  39 62 26 46 
2  3  1  72 4  0  52 53 48 49 50 51 70 40 37 39 38 36 34 31 33 32 30 74 45 44 42 68 46 43 62 60 65 67 63 61 55 56 57 58 59 54 16 17 12 13 14 15 24 27 29 28 26 76 22 69 20 23 19 18 6  11 7  8  9  10 21 71 73 35 66 75 5  41 64 25 47 
4  2  3  0  72 5  75 48 51 53 52 50 39 36 38 37 41 70 30 32 31 35 74 33 44 46 45 43 68 47 61 64 67 62 65 60 54 66 58 55 57 56 17 14 16 15 13 73 27 26 24 76 28 25 19 23 69 21 18 20 7  71 10 6  11 9  22 8  12 34 59 49 1  40 63 29 42 
3  1  5  4  2  72 50 49 53 75 51 48 36 41 39 70 37 40 35 33 74 31 34 30 42 45 47 46 44 68 67 61 63 65 64 62 58 54 59 57 66 55 12 16 73 14 17 13 29 24 25 26 27 28 21 20 18 69 22 19 8  9  6  71 10 7  23 11 15 32 56 52 0  38 60 76 43 
27 24 29 28 26 76 71 7  10 6  11 9  58 59 54 55 56 57 13 16 12 17 15 73 48 51 53 52 50 75 68 47 44 46 45 43 33 32 30 74 34 31 61 60 62 63 64 65 40 36 41 39 70 37 0  2  3  4  5  1  20 22 69 18 21 23 72 19 67 14 35 8  25 66 42 38 49 
25 76 28 24 29 27 10 71 8  11 7  6  66 54 57 59 58 56 16 15 13 73 17 14 75 49 52 48 53 51 45 46 47 42 43 44 34 74 32 35 31 30 65 67 63 61 62 60 37 38 39 40 41 36 2  5  0  1  4  72 22 69 19 21 20 18 3  23 64 12 33 9  26 55 68 70 50 
76 28 26 29 25 24 7  11 71 9  6  8  56 55 59 66 57 54 12 13 14 15 16 17 52 75 50 53 49 48 42 44 43 47 68 45 35 30 31 32 33 34 63 65 64 62 67 61 39 37 70 41 38 40 3  0  72 5  2  4  21 20 22 23 18 19 1  69 60 73 74 10 27 58 46 36 51 
29 25 76 27 24 26 9  8  6  71 10 7  59 56 58 57 55 66 17 73 15 12 14 13 49 53 75 51 48 50 44 68 42 45 47 46 30 33 35 34 32 74 67 62 65 60 61 64 38 41 37 36 40 70 4  1  5  3  72 0  19 23 18 22 69 20 2  21 63 16 31 11 28 54 43 39 52 
26 27 24 76 28 25 8  10 9  7  71 11 55 57 56 54 66 58 15 17 16 14 73 12 51 50 48 75 52 49 43 42 46 68 44 47 31 35 74 33 30 32 60 64 61 65 63 67 36 70 40 37 39 38 5  4  2  72 1  3  69 19 23 20 22 21 0  18 62 13 34 6  29 59 45 41 53 
28 26 27 25 76 29 6  9  11 10 8  71 54 58 66 56 59 55 73 14 17 13 12 16 50 52 51 49 75 53 47 45 68 43 46 42 32 34 33 31 74 35 64 63 60 67 65 62 70 39 36 38 37 41 1  72 4  0  3  2  23 18 21 69 19 22 5  20 61 15 30 7  24 57 44 40 48 
58 57 59 54 55 56 72 1  3  5  4  2  73 13 16 12 17 15 44 47 43 42 46 68 20 69 18 21 23 22 9  71 7  10 6  11 61 64 67 62 65 60 49 53 75 51 48 50 30 74 34 31 33 32 41 39 70 37 40 36 26 29 28 27 25 76 38 24 52 45 63 0  66 14 8  35 19 
54 55 58 66 56 59 5  2  4  3  0  72 16 73 14 17 13 12 68 45 42 44 43 47 23 21 69 19 22 18 71 6  9  11 10 8  64 65 61 60 62 63 48 51 53 52 50 75 33 31 74 35 32 34 36 38 37 41 70 39 76 27 25 28 24 29 40 26 49 46 67 1  57 15 7  30 20 
59 66 56 58 57 55 2  0  5  72 3  1  13 17 73 15 12 14 42 68 46 43 45 44 19 18 22 69 20 23 7  9  8  6  71 10 67 61 63 65 64 62 52 75 50 53 49 48 35 34 32 74 30 33 37 36 40 70 38 41 24 76 27 29 28 26 39 25 51 47 60 4  54 16 11 31 21 
57 59 66 55 58 54 4  5  1  0  2  3  15 14 12 73 16 13 45 43 68 47 44 46 18 20 19 23 69 21 10 11 6  7  8  9  62 60 65 67 63 61 75 49 52 48 53 51 34 30 35 33 74 31 38 70 36 39 41 40 27 25 26 24 76 28 37 29 50 42 64 72 56 17 71 32 22 
66 56 54 57 59 58 3  72 0  4  1  5  14 16 15 13 73 17 47 46 44 68 42 45 22 19 21 20 18 69 6  10 71 8  11 7  65 62 64 63 60 67 50 52 51 49 75 53 32 35 31 30 34 74 39 40 41 36 37 38 29 28 24 25 26 27 70 76 48 43 61 2  55 12 9  33 23 
55 58 57 56 54 66 0  3  2  1  72 4  12 15 17 16 14 73 46 42 47 45 68 43 69 23 20 22 21 19 11 8  10 9  7  71 60 63 62 61 67 64 53 48 49 50 51 52 74 33 30 32 31 35 40 37 39 38 36 70 28 24 76 26 29 25 41 27 75 44 65 5  59 13 6  34 18 
61 62 67 64 60 63 66 58 55 57 56 54 49 52 48 53 51 75 69 19 22 18 23 21 39 37 70 41 38 40 29 27 76 25 28 24 71 6  9  11 10 8  1  3  5  4  2  72 68 43 46 42 47 45 15 17 16 14 73 12 31 30 32 33 34 35 13 74 0  20 7  59 65 50 26 44 36 
63 64 60 67 65 62 58 56 66 54 57 59 51 53 52 50 75 48 22 69 20 23 19 18 41 40 38 70 36 39 26 76 24 27 29 28 7  9  8  6  71 10 4  72 2  5  0  1  42 45 47 46 44 68 16 15 13 73 17 14 34 31 30 35 33 74 12 32 3  21 11 55 61 49 25 43 37 
65 63 64 62 67 61 55 66 59 56 58 57 50 48 75 52 49 51 19 23 69 21 18 20 40 36 41 39 70 37 28 25 27 26 24 76 10 11 6  7  8  9  72 0  4  1  5  3  45 44 42 68 46 43 17 73 15 12 14 13 30 32 74 34 31 33 16 35 2  22 71 54 60 53 29 47 38 
64 60 61 65 63 67 57 54 56 55 59 66 48 49 50 51 52 53 21 20 18 69 22 19 38 41 37 36 40 70 27 28 29 24 25 26 6  10 71 8  11 7  2  4  3  0  72 5  47 42 43 44 45 46 12 13 14 15 16 17 35 33 34 32 74 30 73 31 1  23 9  58 62 75 76 68 39 
62 67 65 60 61 64 56 57 58 59 54 55 75 50 53 49 48 52 20 22 21 19 69 23 70 39 36 38 37 41 25 24 28 76 26 29 11 8  10 9  7  71 5  1  0  2  3  4  46 68 44 47 43 42 13 16 12 17 15 73 33 34 31 74 35 32 14 30 72 18 6  66 63 51 27 45 40 
67 65 63 61 62 60 54 59 57 66 55 58 52 51 49 75 53 50 18 21 23 22 20 69 36 70 40 37 39 38 76 29 26 28 27 25 9  71 7  10 6  11 0  5  72 3  1  2  44 46 45 43 68 47 14 12 73 16 13 15 74 35 33 30 32 31 17 34 4  19 8  56 64 48 24 42 41 
16 12 73 14 17 13 41 70 39 36 38 37 47 68 45 42 44 43 10 8  71 6  9  11 76 25 28 24 29 27 5  3  72 0  4  1  53 51 75 49 52 48 18 20 19 23 69 21 62 61 67 64 60 63 30 32 31 35 74 33 54 57 56 55 59 66 34 58 22 7  50 40 15 46 2  65 26 
12 73 15 17 16 14 38 36 70 40 37 39 43 46 42 47 45 68 7  71 11 8  10 9  28 76 26 29 25 24 0  1  4  72 2  5  49 48 52 75 50 53 19 18 22 69 20 23 67 62 65 60 61 64 34 31 33 32 30 74 55 59 54 58 66 56 35 57 21 6  51 41 13 44 3  63 27 
17 16 12 13 14 15 40 39 37 70 41 38 42 43 44 45 46 47 9  6  8  7  11 71 25 29 76 27 24 26 1  2  0  5  72 3  48 50 49 53 75 51 20 69 18 21 23 22 61 60 62 63 64 65 74 35 32 34 33 31 56 58 66 54 57 59 30 55 19 10 52 36 73 68 4  67 28 
15 13 14 12 73 16 39 41 40 38 70 36 46 45 43 68 47 44 8  9  10 11 6  7  27 26 24 76 28 25 4  0  3  2  1  72 52 49 51 50 48 75 21 22 23 18 19 20 63 65 64 62 67 61 32 74 30 33 35 34 57 56 58 59 54 55 31 66 69 71 53 37 17 42 5  60 29 
73 15 13 16 12 17 37 40 36 41 39 70 68 44 47 43 42 46 6  11 9  71 7  10 26 28 27 25 76 29 72 5  2  4  3  0  75 53 50 52 51 49 22 19 21 20 18 69 65 67 63 61 62 60 35 33 74 31 34 30 58 66 55 57 56 54 32 59 23 8  48 38 14 45 1  64 24 
13 14 17 73 15 12 70 38 41 37 36 40 44 42 68 46 43 45 71 10 7  9  8  6  24 27 29 28 26 76 2  72 1  3  5  4  50 75 48 51 53 52 23 21 69 19 22 18 64 63 60 67 65 62 31 30 34 74 32 35 59 54 57 66 55 58 33 56 20 11 49 39 16 47 0  61 25 
6  8  71 10 7  9  62 64 63 60 67 65 2  1  72 4  0  3  40 37 39 38 36 70 13 15 14 12 73 16 74 31 34 30 35 33 28 25 27 26 24 76 54 56 55 59 66 57 18 20 19 23 69 21 49 50 51 52 53 48 44 47 46 45 43 68 75 42 58 41 29 61 11 5  32 22 17 
71 11 9  6  8  7  65 61 60 62 63 64 1  0  2  3  4  5  38 70 36 39 41 40 17 14 16 15 13 73 34 74 32 35 31 30 27 28 29 24 25 26 58 55 57 56 54 66 22 19 21 20 18 69 52 48 53 51 75 49 42 68 45 47 46 44 50 43 59 37 76 67 10 72 33 23 12 
10 7  6  11 9  71 60 65 67 63 61 62 72 2  5  0  1  4  70 41 38 40 39 37 73 12 15 17 16 14 31 35 74 33 30 32 25 24 28 76 26 29 66 59 56 58 57 55 69 23 20 22 21 19 48 75 52 49 51 50 68 45 43 46 42 47 53 44 54 36 27 64 8  3  34 18 13 
7  6  8  9  10 11 61 63 65 64 62 67 4  3  0  72 5  2  36 38 37 41 70 39 15 73 13 16 12 17 33 32 30 74 34 31 76 29 26 28 27 25 56 66 54 57 59 58 20 69 18 21 23 22 53 52 50 75 48 51 46 42 68 44 47 43 49 45 55 40 24 60 71 1  35 19 14 
9  10 7  71 11 8  64 67 62 65 60 61 0  4  1  5  3  72 39 40 41 36 37 38 12 16 73 14 17 13 32 34 33 31 74 35 29 27 76 25 28 24 59 57 66 55 58 54 23 21 69 19 22 18 51 49 75 53 50 52 43 44 47 68 45 42 48 46 56 70 26 63 6  2  30 20 15 
8  71 11 7  6  10 67 60 64 61 65 63 3  5  4  2  72 1  41 39 70 37 40 36 14 13 17 73 15 12 30 33 35 34 32 74 26 76 24 27 29 28 55 54 58 66 56 59 19 18 22 69 20 23 75 51 48 50 49 53 45 43 44 42 68 46 52 47 57 38 25 62 9  0  31 21 16 
20 18 19 23 69 21 68 42 45 47 46 44 26 24 76 28 25 27 59 54 55 56 57 58 63 65 64 62 67 61 12 17 15 73 13 16 70 37 40 36 41 39 31 32 33 34 35 30 1  3  5  4  2  72 11 7  6  10 71 8  51 49 50 48 75 52 9  53 74 66 38 43 22 29 14 0  60 
19 22 21 20 18 69 44 43 47 68 45 42 24 25 26 27 28 29 56 58 57 55 66 59 60 64 61 65 63 67 15 12 14 13 17 73 40 70 38 41 37 36 74 33 30 32 31 35 0  5  72 3  1  2  10 8  71 6  9  11 53 52 48 49 50 51 7  75 34 54 39 46 23 76 16 4  62 
23 69 20 22 21 19 47 44 46 45 43 68 76 26 29 25 24 28 58 66 56 59 55 54 67 62 65 60 61 64 17 13 12 16 73 14 37 41 70 39 36 38 35 34 32 74 30 33 2  4  3  0  72 5  8  9  10 11 6  7  52 48 75 50 53 49 71 51 31 57 40 42 18 27 15 1  63 
69 20 18 21 23 22 43 45 44 42 68 46 28 27 25 76 29 26 57 56 54 66 58 55 65 67 63 61 62 60 16 14 73 12 15 17 39 38 36 70 40 37 32 35 31 30 34 74 3  2  1  72 4  0  71 10 7  9  8  6  50 53 52 51 49 75 11 48 33 59 41 47 19 24 13 5  64 
21 23 69 19 22 18 42 46 68 44 47 43 25 28 24 29 27 76 55 59 66 57 54 56 62 61 67 64 60 63 14 15 16 17 12 13 38 40 39 37 70 41 34 30 35 33 74 31 4  72 2  5  0  1  6  11 9  71 7  10 75 51 49 52 48 53 8  50 32 58 36 45 20 26 73 3  65 
18 19 22 69 20 23 46 47 42 43 44 45 27 29 28 26 76 24 66 55 58 54 59 57 64 63 60 67 65 62 73 16 13 15 14 12 36 39 41 40 38 70 33 31 74 35 32 34 5  1  0  2  3  4  9  6  8  7  11 71 48 75 51 53 52 50 10 49 30 56 37 68 21 25 17 72 61 
40 41 38 70 36 39 69 22 19 21 20 18 30 35 33 74 31 34 64 62 67 61 63 65 71 8  11 7  6  10 50 75 48 51 53 52 73 16 13 15 14 12 68 43 46 42 47 45 66 59 56 58 57 55 76 27 24 26 25 29 1  72 3  5  4  2  28 0  44 60 17 23 37 32 49 54 9  
41 38 37 36 40 70 20 21 22 23 18 19 34 32 74 30 33 35 60 67 65 62 64 63 11 71 9  6  8  7  51 52 53 48 49 50 15 12 14 13 17 73 46 68 44 47 43 42 56 66 54 57 59 58 28 24 29 27 76 25 5  4  1  0  2  3  26 72 45 61 16 69 39 31 75 55 10 
36 40 41 39 70 37 23 19 18 22 69 20 74 34 31 33 32 30 63 61 62 60 65 67 8  6  71 10 7  9  52 49 51 50 48 75 12 17 15 73 13 16 43 47 68 45 42 44 59 57 66 55 58 54 25 26 27 28 29 24 3  0  2  1  72 4  76 5  46 64 14 21 38 35 53 56 11 
37 39 70 41 38 40 19 69 23 20 22 21 32 33 34 35 30 31 62 63 64 65 61 60 10 9  7  71 11 8  53 51 75 49 52 48 14 15 16 17 12 13 45 44 42 68 46 43 55 54 58 66 56 59 27 25 76 29 26 28 72 3  0  4  1  5  24 2  47 67 73 18 36 74 50 57 6  
38 37 39 40 41 36 18 23 21 69 19 22 35 31 30 34 74 32 61 65 63 67 60 64 9  11 10 8  71 6  48 50 49 53 75 51 13 73 17 14 16 15 44 46 45 43 68 47 54 56 55 59 66 57 26 29 25 24 28 76 0  2  5  72 3  1  27 4  42 62 12 20 70 33 52 58 7  
39 70 36 38 37 41 22 20 69 18 21 23 31 74 35 32 34 33 67 64 60 63 62 61 7  10 6  11 9  71 49 48 52 75 50 53 17 13 12 16 73 14 42 45 47 46 44 68 58 55 57 56 54 66 24 76 28 25 27 26 4  1  72 2  5  0  29 3  43 65 15 19 40 30 51 59 8  
43 68 46 42 47 45 35 74 33 30 32 31 11 10 8  71 6  9  4  1  5  3  72 0  55 54 58 66 56 59 41 36 37 38 39 40 19 20 21 22 23 18 24 27 29 28 26 76 75 49 52 48 53 51 65 60 61 64 67 62 16 15 17 12 13 14 63 73 25 2  69 34 44 7  70 50 57 
68 46 44 47 43 42 32 30 74 34 31 33 9  7  71 11 8  10 2  5  0  1  4  72 58 55 57 56 54 66 38 40 39 37 70 41 22 18 23 21 69 19 29 24 25 26 27 28 52 75 50 53 49 48 63 61 62 60 65 67 12 13 16 73 14 17 64 15 76 3  20 35 45 6  36 51 59 
47 43 68 45 42 44 34 33 31 74 35 32 71 9  6  8  7  11 72 3  1  2  0  5  54 56 55 59 66 57 40 70 38 41 37 36 18 69 22 19 21 20 27 26 24 76 28 25 49 53 75 51 48 50 67 64 60 63 62 61 17 73 14 16 15 13 65 12 29 4  23 30 46 10 39 52 58 
44 45 42 68 46 43 33 35 34 32 74 30 7  8  9  10 11 6  1  72 4  0  3  2  59 57 66 55 58 54 39 38 36 70 40 37 23 22 20 69 18 21 76 25 28 24 29 27 51 50 48 75 52 49 60 67 65 62 64 63 15 17 73 13 16 12 61 14 26 5  19 31 47 71 41 53 56 
46 44 45 43 68 47 31 34 30 35 33 74 10 6  11 9  71 7  3  0  72 5  2  4  57 58 59 54 55 56 37 41 70 39 36 38 21 19 69 23 20 22 25 29 76 27 24 26 50 52 51 49 75 53 64 62 67 61 63 65 73 14 12 15 17 16 60 13 28 1  18 32 42 8  40 48 66 
45 42 47 46 44 68 74 32 35 31 30 34 6  71 10 7  9  8  5  4  2  72 1  3  66 59 56 58 57 55 70 37 40 36 41 39 69 21 18 20 19 23 28 76 26 29 25 24 48 51 53 52 50 75 61 65 63 67 60 64 13 16 15 14 12 73 62 17 27 0  22 33 43 11 38 49 54 
35 32 31 30 34 74 27 76 25 28 24 29 63 60 67 65 62 64 49 50 51 52 53 48 0  5  72 3  1  2  20 23 19 18 22 69 44 68 42 45 47 46 7  10 6  11 9  71 17 14 16 15 13 73 66 55 58 54 59 57 41 39 40 38 70 36 56 37 8  75 43 26 33 61 21 12 4  
74 30 34 31 33 32 76 24 27 29 28 26 62 65 60 61 64 67 51 49 75 53 50 52 3  2  1  72 4  0  21 19 69 23 20 22 43 42 46 68 44 47 11 71 9  6  8  7  15 73 13 16 12 17 58 66 56 59 55 54 70 41 39 36 38 37 57 40 10 48 45 25 35 63 18 14 5  
33 74 30 32 31 35 25 27 26 24 76 28 61 67 64 60 63 62 50 53 49 48 52 75 2  4  3  0  72 5  22 18 23 21 69 19 47 45 68 43 46 42 71 8  11 7  6  10 73 12 15 17 16 14 55 59 66 57 54 56 39 40 37 70 41 38 58 36 9  51 44 29 34 65 20 13 1  
30 34 35 33 74 31 28 29 24 25 26 27 67 63 61 62 60 65 48 75 52 49 51 50 1  3  5  4  2  72 23 22 20 69 18 21 68 47 44 46 45 43 9  11 10 8  71 6  13 15 14 12 73 16 57 56 54 66 58 55 36 38 70 40 37 39 59 41 7  53 42 76 32 64 19 17 0  
32 31 33 34 35 30 24 28 76 26 29 25 64 61 65 63 67 60 75 51 48 50 49 53 72 0  4  1  5  3  18 69 22 19 21 20 45 46 47 42 43 44 6  7  8  9  10 11 16 17 12 13 14 15 56 58 57 55 66 59 38 70 41 37 36 40 54 39 71 52 68 27 74 62 23 73 2  
31 33 74 35 32 34 29 26 28 27 25 76 60 62 63 64 65 61 52 48 53 51 75 49 4  72 2  5  0  1  19 20 21 22 23 18 42 44 43 47 68 45 8  6  71 10 7  9  12 16 73 14 17 13 54 57 59 58 56 66 37 36 38 39 40 41 55 70 11 50 46 24 30 67 69 15 3  
52 50 51 49 75 53 17 15 73 13 16 12 21 69 19 22 18 23 26 29 25 24 28 76 74 33 30 32 31 35 56 59 55 54 58 66 0  1  4  72 2  5  41 40 38 70 36 39 7  10 6  11 9  71 45 43 68 47 44 46 67 64 62 65 60 61 42 63 37 27 3  14 48 20 57 8  34 
53 49 75 51 48 50 15 16 17 12 13 14 18 22 69 20 23 19 25 26 27 28 29 24 32 35 31 30 34 74 57 55 66 59 56 58 3  4  5  1  0  2  70 39 36 38 37 41 11 71 9  6  8  7  68 45 42 44 43 47 60 67 64 61 65 63 46 62 40 76 72 73 52 21 54 10 33 
50 51 48 75 52 49 16 13 15 14 12 73 23 20 22 21 19 69 27 25 76 29 26 28 30 74 34 31 33 32 54 66 58 55 57 56 72 5  2  4  3  0  38 41 37 36 40 70 6  7  8  9  10 11 42 68 46 43 45 44 65 60 67 63 61 62 47 64 39 24 1  17 53 18 59 71 35 
75 52 50 53 49 48 14 73 12 15 17 16 22 23 18 19 20 21 28 24 29 27 76 25 33 31 74 35 32 34 66 57 54 56 55 59 5  3  72 0  4  1  40 36 41 39 70 37 10 9  7  71 11 8  44 47 43 42 46 68 62 63 61 67 64 60 45 65 38 26 2  13 51 69 58 6  30 
48 53 49 50 51 52 73 17 14 16 15 13 20 19 23 69 21 18 29 28 26 76 24 27 35 34 32 74 30 33 58 54 59 57 66 55 2  72 1  3  5  4  39 37 70 41 38 40 71 8  11 7  6  10 43 44 45 46 47 42 64 62 63 60 67 65 68 61 36 25 0  12 75 22 56 9  31 
51 48 53 52 50 75 12 14 13 17 73 15 69 18 21 23 22 20 24 76 28 25 27 26 34 30 35 33 74 31 55 56 57 58 59 54 4  0  3  2  1  72 37 38 39 40 41 36 8  6  71 10 7  9  47 46 44 68 42 45 63 61 65 64 62 67 43 60 70 29 5  16 49 19 66 11 32 
34 35 32 74 30 33 26 25 29 76 27 24 65 64 62 67 61 63 53 52 50 75 48 51 5  1  0  2  3  4  69 21 18 20 19 23 46 43 45 44 42 68 10 9  7  71 11 8  14 13 17 73 15 12 59 54 55 56 57 58 40 37 36 41 39 70 66 38 6  49 47 28 31 60 22 16 72 
49 75 52 48 53 51 13 12 16 73 14 17 19 21 20 18 69 22 76 27 24 26 25 29 31 32 33 34 35 30 59 58 56 66 54 57 1  2  0  5  72 3  36 70 40 37 39 38 9  11 10 8  71 6  46 42 47 45 68 43 61 65 60 62 63 64 44 67 41 28 4  15 50 23 55 7  74 
70 36 40 37 39 38 21 18 20 19 23 69 33 30 32 31 35 74 65 60 61 64 67 62 6  7  8  9  10 11 75 53 50 52 51 49 16 14 73 12 15 17 47 42 43 44 45 46 57 58 59 54 55 56 29 28 26 76 24 27 2  5  4  3  0  72 25 1  68 63 13 22 41 34 48 66 71 
60 61 62 63 64 65 59 55 54 58 66 56 53 75 51 48 50 49 23 18 19 20 21 22 37 38 39 40 41 36 24 26 25 29 76 27 8  7  11 71 9  6  3  2  1  72 4  0  43 47 68 45 42 44 73 14 17 13 12 16 32 74 35 31 30 34 15 33 5  69 10 57 67 52 28 46 70 
22 21 23 18 19 20 45 68 43 46 42 47 29 76 27 24 26 25 54 57 59 58 56 66 61 60 62 63 64 65 13 73 17 14 16 15 41 36 37 38 39 40 30 74 34 31 33 32 72 0  4  1  5  3  7  71 11 8  10 9  49 50 53 75 51 48 6  52 35 55 70 44 69 28 12 2  67 
24 29 25 26 27 28 11 6  7  8  9  10 57 66 55 58 54 59 14 12 73 16 13 15 53 48 49 50 51 52 46 43 45 44 42 68 74 31 34 30 35 33 62 61 67 64 60 63 41 40 38 70 36 39 72 3  1  2  0  5  18 21 20 19 23 69 4  22 65 17 32 71 76 56 47 37 75 
1  5  0  2  3  4  51 75 49 52 48 53 40 38 70 36 39 41 32 74 30 33 35 34 47 42 43 44 45 46 65 62 64 63 60 67 57 55 66 59 56 58 73 12 15 17 16 14 25 29 76 27 24 26 23 18 19 20 21 22 71 10 8  11 7  6  69 9  13 31 54 50 72 37 61 28 68 
56 54 55 59 66 57 1  4  72 2  5  0  17 12 13 14 15 16 43 44 45 46 47 42 21 22 23 18 19 20 8  7  11 71 9  6  63 67 60 64 61 65 51 50 48 75 52 49 31 32 33 34 35 30 70 41 38 40 39 37 25 26 29 76 27 24 36 28 53 68 62 3  58 73 10 74 69 
11 9  10 8  71 6  63 62 61 67 64 60 5  72 3  1  2  0  37 36 40 70 38 41 16 17 12 13 14 15 35 30 31 32 33 34 24 26 25 29 76 27 57 58 59 54 55 56 21 22 23 18 19 20 50 53 49 48 52 75 47 46 42 43 44 45 51 68 66 39 28 65 7  4  74 69 73 
42 47 43 44 45 46 30 31 32 33 34 35 8  11 7  6  10 71 0  2  3  4  5  1  56 66 54 57 59 58 36 39 41 40 38 70 20 23 19 18 22 69 26 28 27 25 76 29 53 48 49 50 51 52 62 63 64 65 61 60 14 12 13 17 73 15 67 16 24 72 21 74 68 9  37 75 55 
14 17 16 15 13 73 36 37 38 39 40 41 45 47 46 44 68 42 11 7  6  10 71 8  29 24 25 26 27 28 3  4  5  1  0  2  51 52 53 48 49 50 69 23 20 22 21 19 60 64 61 65 63 67 33 34 35 30 31 32 66 55 59 56 58 57 74 54 18 9  75 70 12 43 72 62 76 
