54 59 57 51 50 60 56 58 55 53 0  6  4  8  7  64 3  5  2  1  32 38 33 36 30 31 61 35 37 34 45 48 49 44 47 40 41 65 46 43 68 71 67 72 66 70 74 73 76 69 26 23 21 27 22 25 29 28 63 24 20 42 9  39 52 75 10 16 14 18 17 62 13 15 12 11 19
56 53 50 59 60 55 57 54 52 58 3  1  7  6  64 2  4  0  9  5  37 32 35 31 38 61 34 36 33 39 42 44 43 46 41 49 65 45 47 48 75 66 71 67 69 73 72 76 68 70 22 20 26 21 24 28 27 63 23 25 29 40 8  30 51 74 13 11 17 16 62 12 14 10 19 15 18
50 54 55 58 52 51 60 57 59 56 7  0  2  5  9  8  64 4  6  3  35 33 31 34 37 39 30 61 36 38 49 47 44 41 45 48 42 40 65 46 72 70 69 66 73 68 71 75 74 76 25 27 24 22 28 23 26 20 29 63 21 43 1  32 53 67 17 10 12 15 19 18 62 14 16 13 11
55 57 51 56 59 53 52 60 58 50 2  4  8  3  6  1  9  64 5  7  31 36 34 30 35 38 32 39 61 37 48 65 47 45 40 46 49 43 42 41 71 76 73 70 68 74 69 72 67 75 63 26 28 25 23 29 24 27 21 20 22 44 0  33 54 66 12 14 18 13 16 11 19 62 15 17 10
58 51 56 52 57 50 54 53 60 59 5  8  3  9  4  7  0  1  64 6  38 30 37 35 39 36 31 33 32 61 65 43 40 48 46 42 47 41 44 49 76 67 72 74 71 69 75 70 73 66 21 63 27 29 26 24 20 25 28 22 23 45 2  34 55 68 15 18 13 19 14 17 10 11 62 16 12
52 50 59 57 53 58 51 55 54 60 9  7  6  4  1  5  8  2  0  64 61 31 39 38 36 32 37 30 34 33 44 45 41 42 49 47 43 48 40 65 66 68 76 73 75 72 70 67 71 74 23 22 63 28 20 27 25 21 26 29 24 46 3  35 56 69 19 17 16 14 11 15 18 12 10 62 13
51 60 53 50 58 54 59 52 56 55 8  64 1  7  5  0  6  9  3  2  34 61 30 32 31 37 33 38 39 35 46 42 65 40 43 41 48 44 49 45 69 75 68 76 74 67 73 71 66 72 20 24 23 63 29 21 28 26 22 27 25 47 4  36 57 70 18 62 11 17 15 10 16 19 13 12 14
60 56 52 54 51 59 55 50 53 57 64 3  9  0  8  6  2  7  1  4  36 35 61 39 33 30 38 34 31 32 43 41 46 65 42 44 40 49 45 47 67 73 70 69 76 75 66 74 72 68 28 21 25 24 63 20 22 29 27 23 26 48 5  37 58 71 62 13 19 10 18 16 12 17 11 14 15
57 58 60 53 55 52 50 56 51 54 4  5  64 1  2  9  7  3  8  0  33 37 36 61 32 34 39 31 35 30 40 46 48 47 65 43 45 42 41 44 74 69 66 71 70 76 67 68 75 73 24 29 22 26 25 63 21 23 20 28 27 49 6  38 59 72 14 15 62 11 12 19 17 13 18 10 16
59 55 58 60 54 56 53 51 57 52 6  2  5  64 0  3  1  8  4  9  39 34 38 37 61 33 35 32 30 36 47 40 45 49 48 65 44 46 43 42 70 74 75 68 72 71 76 66 69 67 29 25 20 23 27 26 63 22 24 21 28 41 7  31 50 73 16 12 15 62 10 13 11 18 14 19 17
44 49 47 40 41 65 46 48 45 43 33 38 36 30 31 61 35 37 34 32 11 16 10 14 18 17 62 13 15 12 2  5  6  0  4  8  7  64 3  1  55 58 53 59 54 57 51 50 60 56 71 68 67 72 66 70 74 73 76 69 75 9  39 19 42 52 22 27 25 29 28 63 24 26 23 21 20
46 43 41 49 65 45 47 44 42 48 35 32 31 38 61 34 36 33 39 37 15 11 13 17 16 62 12 14 10 19 9  0  1  3  7  6  64 2  4  5  52 54 58 53 56 50 59 60 55 57 66 75 71 67 69 73 72 76 68 70 74 8  30 18 40 51 24 21 28 27 63 23 25 22 20 26 29
41 44 45 48 42 40 65 47 49 46 31 33 34 37 39 30 61 36 38 35 13 10 17 12 15 19 18 62 14 16 6  4  0  7  2  5  9  8  64 3  59 57 56 54 50 55 58 52 51 60 70 72 69 66 73 68 71 75 74 76 67 1  32 11 43 53 28 22 23 26 20 29 63 25 27 24 21
45 47 40 46 49 43 42 65 48 41 34 36 30 35 38 32 39 61 37 31 17 14 12 18 13 16 11 19 62 15 5  64 4  2  8  3  6  1  9  7  58 60 50 57 55 51 56 59 53 52 76 71 73 70 68 74 69 72 67 75 66 0  33 10 44 54 23 25 29 24 27 21 20 63 26 28 22
48 40 46 42 47 41 44 43 65 49 37 30 35 39 36 31 33 32 61 38 16 18 15 13 19 14 17 10 11 62 64 1  8  5  3  9  4  7  0  6  60 53 59 51 58 56 52 57 50 54 67 76 72 74 71 69 75 70 73 66 68 2  34 12 45 55 26 29 24 20 25 28 22 21 63 27 23
42 41 49 47 43 48 40 45 44 65 39 31 38 36 32 37 30 34 33 61 62 17 19 16 14 11 15 18 12 10 0  2  7  9  6  4  1  5  8  64 54 55 60 50 52 59 57 53 58 51 68 66 76 73 75 72 70 67 71 74 69 3  35 13 46 56 20 28 27 25 21 26 29 23 22 63 24
40 65 43 41 48 44 49 42 46 45 30 61 32 31 37 33 38 39 35 34 12 62 18 11 17 15 10 16 19 13 3  9  64 8  1  7  5  0  6  2  56 52 55 60 51 53 50 58 54 59 75 69 68 76 74 67 73 71 66 72 70 4  36 14 47 57 29 63 21 28 26 22 27 20 24 23 25
65 46 42 44 40 49 45 41 43 47 61 35 39 33 30 38 34 31 32 36 14 13 62 19 10 18 16 12 17 11 1  7  3  64 9  0  8  6  2  4  53 50 57 56 60 52 54 51 59 55 73 67 70 69 76 75 66 74 72 68 71 5  37 15 48 58 63 24 20 22 29 27 23 28 21 25 26
47 48 65 43 45 42 41 46 40 44 36 37 61 32 34 39 31 35 30 33 10 15 14 62 11 12 19 17 13 18 8  3  5  4  64 1  2  9  7  0  51 56 54 58 57 60 53 55 52 50 69 74 66 71 70 76 67 68 75 73 72 6  38 16 49 59 25 26 63 21 23 20 28 24 29 22 27
49 45 48 65 44 46 43 40 47 42 38 34 37 61 33 35 32 30 36 39 19 12 16 15 62 10 13 11 18 14 4  8  2  6  5  64 0  3  1  9  57 51 52 55 59 58 60 54 56 53 74 70 75 68 72 71 76 66 69 67 73 7  31 17 41 50 27 23 26 63 22 24 21 29 25 20 28
27 23 26 63 22 24 21 29 25 20 59 55 58 60 54 56 53 51 57 52 42 45 49 48 65 44 46 43 40 47 70 74 68 72 71 76 66 69 67 75 14 18 19 12 16 15 62 10 13 11 30 36 39 34 38 37 61 33 35 32 31 73 50 41 28 17 6  2  5  64 0  3  1  8  4  9  7
24 21 28 27 63 23 25 22 20 26 56 53 50 59 60 55 57 54 52 58 48 43 46 41 49 65 45 47 44 42 75 66 67 69 73 72 76 68 70 71 19 10 15 11 13 17 16 62 12 14 33 39 37 32 35 31 38 61 34 36 30 74 51 40 29 18 3  1  7  6  64 2  4  0  9  5  8
22 27 25 29 28 63 24 26 23 21 54 59 57 51 50 60 56 58 55 53 43 49 44 47 40 41 65 46 48 45 68 71 72 66 70 74 73 76 69 67 12 15 11 16 10 14 18 17 62 13 37 34 32 38 33 36 30 31 61 35 39 75 52 42 20 19 0  6  4  8  7  64 3  5  2  1  9
28 22 23 26 20 29 63 25 27 24 50 54 55 58 52 51 60 57 59 56 46 44 41 45 48 42 40 65 47 49 72 70 66 73 68 71 75 74 76 69 16 14 13 10 17 12 15 19 18 62 36 38 35 33 31 34 37 39 30 61 32 67 53 43 21 11 7  0  2  5  9  8  64 4  6  3  1
23 25 29 24 27 21 20 63 26 28 55 57 51 56 59 53 52 60 58 50 41 47 45 40 46 49 43 42 65 48 71 76 70 68 74 69 72 67 75 73 15 62 17 14 12 18 13 16 11 19 61 37 31 36 34 30 35 38 32 39 33 66 54 44 22 10 2  4  8  3  6  1  9  64 5  7  0
26 29 24 20 25 28 22 21 63 27 58 51 56 52 57 50 54 53 60 59 49 40 48 46 42 47 41 44 43 65 76 67 74 71 69 75 70 73 66 72 62 11 16 18 15 13 19 14 17 10 32 61 38 30 37 35 39 36 31 33 34 68 55 45 23 12 5  8  3  9  4  7  0  1  64 6  2
20 28 27 25 21 26 29 23 22 63 52 50 59 57 53 58 51 55 54 60 65 41 42 49 47 43 48 40 45 44 66 68 73 75 72 70 67 71 74 76 10 12 62 17 19 16 14 11 15 18 34 33 61 31 39 38 36 32 37 30 35 69 56 46 24 13 9  7  6  4  1  5  8  2  0  64 3
29 63 21 28 26 22 27 20 24 23 51 60 53 50 58 54 59 52 56 55 45 65 40 43 41 48 44 49 42 46 69 75 76 74 67 73 71 66 72 68 13 19 12 62 18 11 17 15 10 16 39 35 34 61 30 32 31 37 33 38 36 70 57 47 25 14 8  64 1  7  5  0  6  9  3  2  4
63 24 20 22 29 27 23 28 21 25 60 56 52 54 51 59 55 50 53 57 47 46 65 42 44 40 49 45 41 43 67 73 69 76 75 66 74 72 68 70 11 17 14 13 62 19 10 18 16 12 31 32 36 35 61 39 33 30 38 34 37 71 58 48 26 15 64 3  9  0  8  6  2  7  1  4  5
25 26 63 21 23 20 28 24 29 22 57 58 60 53 55 52 50 56 51 54 44 48 47 65 43 45 42 41 46 40 74 69 71 70 76 67 68 75 73 66 18 13 10 15 14 62 11 12 19 17 35 30 33 37 36 61 32 34 39 31 38 72 59 49 27 16 4  5  64 1  2  9  7  3  8  0  6
14 15 62 11 12 19 17 13 18 10 70 71 76 67 68 75 73 69 74 66 54 58 57 60 53 55 52 50 56 51 29 24 26 25 63 21 23 20 28 22 30 35 33 37 36 61 32 34 39 31 3  8  0  5  4  64 1  2  9  7  6  27 72 59 16 38 47 48 65 43 45 42 41 46 40 44 49
62 13 19 10 18 16 12 17 11 14 76 69 75 66 74 72 68 73 67 70 57 56 60 52 54 51 59 55 50 53 21 28 24 63 20 22 29 27 23 25 32 31 36 35 61 39 33 30 38 34 7  1  4  3  64 9  0  8  6  2  5  26 71 58 15 37 65 46 42 44 40 49 45 41 43 47 48
13 11 17 16 62 12 14 10 19 15 69 67 73 72 76 68 70 66 75 71 58 53 56 50 59 60 55 57 54 52 20 22 21 24 28 27 63 23 25 26 39 33 37 32 35 31 38 61 34 36 0  9  5  1  3  7  6  64 2  4  8  29 74 51 18 30 46 43 41 49 65 45 47 44 42 48 40
10 16 14 18 17 62 13 15 12 11 66 72 70 74 73 76 69 71 68 67 53 59 54 57 51 50 60 56 58 55 23 26 27 22 25 29 28 63 24 21 34 37 32 38 33 36 30 31 61 35 5  2  1  6  0  4  8  7  64 3  9  20 75 52 19 39 44 49 47 40 41 65 46 48 45 43 42
17 10 12 15 19 18 62 14 16 13 73 66 68 71 75 74 76 70 72 69 56 54 50 55 58 52 51 60 57 59 27 25 22 28 23 26 20 29 63 24 38 36 35 33 31 34 37 39 30 61 4  6  3  0  7  2  5  9  8  64 1  21 67 53 11 32 41 44 45 48 42 40 65 47 49 46 43
12 14 18 13 16 11 19 62 15 17 68 70 74 69 72 67 75 76 71 73 50 57 55 51 56 59 53 52 60 58 26 63 25 23 29 24 27 21 20 28 37 61 31 36 34 30 35 38 32 39 64 5  7  4  2  8  3  6  1  9  0  22 66 54 10 33 45 47 40 46 49 43 42 65 48 41 44
15 18 13 19 14 17 10 11 62 16 71 74 69 75 70 73 66 67 76 72 59 51 58 56 52 57 50 54 53 60 63 21 29 26 24 20 25 28 22 27 61 32 38 30 37 35 39 36 31 33 1  64 6  8  5  3  9  4  7  0  2  23 68 55 12 34 48 40 46 42 47 41 44 43 65 49 45
19 17 16 14 11 15 18 12 10 62 75 73 72 70 67 71 74 68 66 76 60 50 52 59 57 53 58 51 55 54 22 23 28 20 27 25 21 26 29 63 33 34 61 31 39 38 36 32 37 30 2  0  64 7  9  6  4  1  5  8  3  24 69 56 13 35 42 41 49 47 43 48 40 45 44 65 46
18 62 11 17 15 10 16 19 13 12 74 76 67 73 71 66 72 75 69 68 55 60 51 53 50 58 54 59 52 56 24 20 63 29 21 28 26 22 27 23 35 39 34 61 30 32 31 37 33 38 9  3  2  64 8  1  7  5  0  6  4  25 70 57 14 36 40 65 43 41 48 44 49 42 46 45 47
16 12 15 62 10 13 11 18 14 19 72 68 71 76 66 69 67 74 70 75 52 55 59 58 60 54 56 53 51 57 25 29 23 27 26 63 22 24 21 20 36 30 39 34 38 37 61 33 35 32 8  4  9  2  6  5  64 0  3  1  7  28 73 50 17 31 49 45 48 65 44 46 43 40 47 42 41
36 37 61 32 34 39 31 35 30 33 25 26 63 21 23 20 28 24 29 22 66 71 70 76 67 68 75 73 69 74 18 13 15 14 62 11 12 19 17 10 8  3  0  5  4  64 1  2  9  7  46 40 44 48 47 65 43 45 42 41 49 16 27 72 38 6  57 58 60 53 55 52 50 56 51 54 59
61 35 39 33 30 38 34 31 32 36 63 24 20 22 29 27 23 28 21 25 70 69 76 75 66 74 72 68 73 67 11 17 13 62 19 10 18 16 12 14 1  7  4  3  64 9  0  8  6  2  41 43 47 46 65 42 44 40 49 45 48 15 26 71 37 5  60 56 52 54 51 59 55 50 53 57 58
38 34 37 61 33 35 32 30 36 39 27 23 26 63 22 24 21 29 25 20 75 68 72 71 76 66 69 67 74 70 14 18 12 16 15 62 10 13 11 19 4  8  9  2  6  5  64 0  3  1  40 47 42 45 49 48 65 44 46 43 41 17 28 73 31 7  59 55 58 60 54 56 53 51 57 52 50
35 32 31 38 61 34 36 33 39 37 24 21 28 27 63 23 25 22 20 26 71 67 69 73 72 76 68 70 66 75 19 10 11 13 17 16 62 12 14 15 9  0  5  1  3  7  6  64 2  4  44 42 48 43 46 41 49 65 45 47 40 18 29 74 30 8  56 53 50 59 60 55 57 54 52 58 51
33 38 36 30 31 61 35 37 34 32 22 27 25 29 28 63 24 26 23 21 67 72 66 70 74 73 76 69 71 68 12 15 16 10 14 18 17 62 13 11 2  5  1  6  0  4  8  7  64 3  48 45 43 49 44 47 40 41 65 46 42 19 20 75 39 9  54 59 57 51 50 60 56 58 55 53 52
31 33 34 37 39 30 61 36 38 35 28 22 23 26 20 29 63 25 27 24 69 66 73 68 71 75 74 76 70 72 16 14 10 17 12 15 19 18 62 13 6  4  3  0  7  2  5  9  8  64 47 49 46 44 41 45 48 42 40 65 43 11 21 67 32 1  50 54 55 58 52 51 60 57 59 56 53
34 36 30 35 38 32 39 61 37 31 23 25 29 24 27 21 20 63 26 28 73 70 68 74 69 72 67 75 76 71 15 62 14 12 18 13 16 11 19 17 5  64 7  4  2  8  3  6  1  9  65 48 41 47 45 40 46 49 43 42 44 10 22 66 33 0  55 57 51 56 59 53 52 60 58 50 54
37 30 35 39 36 31 33 32 61 38 26 29 24 20 25 28 22 21 63 27 72 74 71 69 75 70 73 66 67 76 62 11 18 15 13 19 14 17 10 16 64 1  6  8  5  3  9  4  7  0  43 65 49 40 48 46 42 47 41 44 45 12 23 68 34 2  58 51 56 52 57 50 54 53 60 59 55
39 31 38 36 32 37 30 34 33 61 20 28 27 25 21 26 29 23 22 63 76 73 75 72 70 67 71 74 68 66 10 12 17 19 16 14 11 15 18 62 0  2  64 7  9  6  4  1  5  8  45 44 65 41 42 49 47 43 48 40 46 13 24 69 35 3  52 50 59 57 53 58 51 55 54 60 56
30 61 32 31 37 33 38 39 35 34 29 63 21 28 26 22 27 20 24 23 68 76 74 67 73 71 66 72 75 69 13 19 62 18 11 17 15 10 16 12 3  9  2  64 8  1  7  5  0  6  42 46 45 65 40 43 41 48 44 49 47 14 25 70 36 4  51 60 53 50 58 54 59 52 56 55 57
76 69 75 66 74 72 68 73 67 70 65 46 42 44 40 49 45 41 43 47 4  3  64 9  0  8  6  2  7  1  53 50 56 60 52 54 51 59 55 57 21 28 25 24 63 20 22 29 27 23 17 11 14 13 62 19 10 18 16 12 15 58 48 5  71 26 61 35 39 33 30 38 34 31 32 36 37
70 71 76 67 68 75 73 69 74 66 47 48 65 43 45 42 41 46 40 44 0  5  4  64 1  2  9  7  3  8  51 56 58 57 60 53 55 52 50 54 29 24 22 26 25 63 21 23 20 28 13 18 10 15 14 62 11 12 19 17 16 59 49 6  72 27 36 37 61 32 34 39 31 35 30 33 38
72 68 71 76 66 69 67 74 70 75 49 45 48 65 44 46 43 40 47 42 9  2  6  5  64 0  3  1  8  4  57 51 55 59 58 60 54 56 53 52 25 29 20 23 27 26 63 22 24 21 18 14 19 12 16 15 62 10 13 11 17 50 41 7  73 28 38 34 37 61 33 35 32 30 36 39 31
69 67 73 72 76 68 70 66 75 71 46 43 41 49 65 45 47 44 42 48 5  1  3  7  6  64 2  4  0  9  52 54 53 56 50 59 60 55 57 58 20 22 26 21 24 28 27 63 23 25 10 19 15 11 13 17 16 62 12 14 18 51 40 8  74 29 35 32 31 38 61 34 36 33 39 37 30
66 72 70 74 73 76 69 71 68 67 44 49 47 40 41 65 46 48 45 43 1  6  0  4  8  7  64 3  5  2  55 58 59 54 57 51 50 60 56 53 23 26 21 27 22 25 29 28 63 24 15 12 11 16 10 14 18 17 62 13 19 52 42 9  75 20 33 38 36 30 31 61 35 37 34 32 39
73 66 68 71 75 74 76 70 72 69 41 44 45 48 42 40 65 47 49 46 3  0  7  2  5  9  8  64 4  6  59 57 54 50 55 58 52 51 60 56 27 25 24 22 28 23 26 20 29 63 14 16 13 10 17 12 15 19 18 62 11 53 43 1  67 21 31 33 34 37 39 30 61 36 38 35 32
68 70 74 69 72 67 75 76 71 73 45 47 40 46 49 43 42 65 48 41 7  4  2  8  3  6  1  9  64 5  58 60 57 55 51 56 59 53 52 50 26 63 28 25 23 29 24 27 21 20 62 15 17 14 12 18 13 16 11 19 10 54 44 0  66 22 34 36 30 35 38 32 39 61 37 31 33
71 74 69 75 70 73 66 67 76 72 48 40 46 42 47 41 44 43 65 49 6  8  5  3  9  4  7  0  1  64 60 53 51 58 56 52 57 50 54 59 63 21 27 29 26 24 20 25 28 22 11 62 16 18 15 13 19 14 17 10 12 55 45 2  68 23 37 30 35 39 36 31 33 32 61 38 34
75 73 72 70 67 71 74 68 66 76 42 41 49 47 43 48 40 45 44 65 64 7  9  6  4  1  5  8  2  0  54 55 50 52 59 57 53 58 51 60 22 23 63 28 20 27 25 21 26 29 12 10 62 17 19 16 14 11 15 18 13 56 46 3  69 24 39 31 38 36 32 37 30 34 33 61 35
74 76 67 73 71 66 72 75 69 68 40 65 43 41 48 44 49 42 46 45 2  64 8  1  7  5  0  6  9  3  56 52 60 51 53 50 58 54 59 55 24 20 23 63 29 21 28 26 22 27 19 13 12 62 18 11 17 15 10 16 14 57 47 4  70 25 30 61 32 31 37 33 38 39 35 34 36
67 75 66 68 69 70 71 72 73 74 43 42 44 45 46 47 48 49 41 40 8  9  1  0  2  3  4  5  6  7  50 59 52 53 54 55 56 57 58 51 28 27 29 20 21 22 23 24 25 26 16 17 18 19 11 10 12 13 14 15 62 60 65 64 76 63 32 39 33 34 35 36 37 38 31 30 61
11 19 10 12 13 14 15 16 17 18 67 75 66 68 69 70 71 72 73 74 51 52 53 54 55 56 57 58 59 50 28 27 20 21 22 23 24 25 26 29 31 38 30 39 32 33 34 35 36 37 6  7  8  9  1  0  2  3  4  5  64 63 76 60 62 61 43 42 44 45 46 47 48 49 41 40 65
43 42 44 45 46 47 48 49 41 40 32 39 33 34 35 36 37 38 31 30 18 19 11 10 12 13 14 15 16 17 7  6  9  1  0  2  3  4  5  8  50 59 51 52 53 54 55 56 57 58 72 73 74 75 67 66 68 69 70 71 76 64 61 62 65 60 21 20 22 23 24 25 26 27 28 29 63
21 20 22 23 24 25 26 27 28 29 53 52 54 55 56 57 58 59 50 51 40 42 43 44 45 46 47 48 49 41 73 72 75 67 66 68 69 70 71 74 17 16 18 19 11 10 12 13 14 15 38 31 30 39 32 33 34 35 36 37 61 76 60 65 63 62 1  9  0  2  3  4  5  6  7  8  64
53 52 54 55 56 57 58 59 50 51 1  9  0  2  3  4  5  6  7  8  30 39 32 33 34 35 36 37 38 31 41 49 42 43 44 45 46 47 48 40 73 72 74 75 67 66 68 69 70 71 27 28 29 20 21 22 23 24 25 26 63 65 64 61 60 76 11 19 10 12 13 14 15 16 17 18 62
32 39 33 34 35 36 37 38 31 30 21 20 22 23 24 25 26 27 28 29 74 75 67 66 68 69 70 71 72 73 17 16 19 11 10 12 13 14 15 18 7  6  8  9  1  0  2  3  4  5  49 41 40 42 43 44 45 46 47 48 65 62 63 76 61 64 53 52 54 55 56 57 58 59 50 51 60
0  6  4  8  7  64 3  5  2  1  10 16 14 18 17 62 13 15 12 11 21 27 22 25 29 28 63 24 26 23 34 37 38 33 36 30 31 61 35 32 45 48 43 49 44 47 40 41 65 46 58 55 53 59 54 57 51 50 60 56 52 39 19 20 9  42 66 72 70 74 73 76 69 71 68 67 75
3  1  7  6  64 2  4  0  9  5  13 11 17 16 62 12 14 10 19 15 26 21 24 28 27 63 23 25 22 20 39 33 32 35 31 38 61 34 36 37 42 44 48 43 46 41 49 65 45 47 54 52 58 53 56 50 59 60 55 57 51 30 18 29 8  40 69 67 73 72 76 68 70 66 75 71 74
7  0  2  5  9  8  64 4  6  3  17 10 12 15 19 18 62 14 16 13 24 22 28 23 26 20 29 63 25 27 38 36 33 31 34 37 39 30 61 35 49 47 46 44 41 45 48 42 40 65 57 59 56 54 50 55 58 52 51 60 53 32 11 21 1  43 73 66 68 71 75 74 76 70 72 69 67
2  4  8  3  6  1  9  64 5  7  12 14 18 13 16 11 19 62 15 17 28 25 23 29 24 27 21 20 63 26 37 61 36 34 30 35 38 32 39 31 48 65 41 47 45 40 46 49 43 42 60 58 50 57 55 51 56 59 53 52 54 33 10 22 0  44 68 70 74 69 72 67 75 76 71 73 66
5  8  3  9  4  7  0  1  64 6  15 18 13 19 14 17 10 11 62 16 27 29 26 24 20 25 28 22 21 63 61 32 30 37 35 39 36 31 33 38 65 43 49 40 48 46 42 47 41 44 53 60 59 51 58 56 52 57 50 54 55 34 12 23 2  45 71 74 69 75 70 73 66 67 76 72 68
9  7  6  4  1  5  8  2  0  64 19 17 16 14 11 15 18 12 10 62 63 28 20 27 25 21 26 29 23 22 33 34 31 39 38 36 32 37 30 61 44 45 65 41 42 49 47 43 48 40 55 54 60 50 52 59 57 53 58 51 56 35 13 24 3  46 75 73 72 70 67 71 74 68 66 76 69
8  64 1  7  5  0  6  9  3  2  18 62 11 17 15 10 16 19 13 12 23 63 29 21 28 26 22 27 20 24 35 39 61 30 32 31 37 33 38 34 46 42 45 65 40 43 41 48 44 49 52 56 55 60 51 53 50 58 54 59 57 36 14 25 4  47 74 76 67 73 71 66 72 75 69 68 70
64 3  9  0  8  6  2  7  1  4  62 13 19 10 18 16 12 17 11 14 25 24 63 20 22 29 27 23 28 21 32 31 35 61 39 33 30 38 34 36 43 41 47 46 65 42 44 40 49 45 50 53 57 56 60 52 54 51 59 55 58 37 15 26 5  48 76 69 75 66 74 72 68 73 67 70 71
4  5  64 1  2  9  7  3  8  0  14 15 62 11 12 19 17 13 18 10 22 26 25 63 21 23 20 28 24 29 30 35 37 36 61 32 34 39 31 33 40 46 44 48 47 65 43 45 42 41 56 51 54 58 57 60 53 55 52 50 59 38 16 27 6  49 70 71 76 67 68 75 73 69 74 66 72
6  2  5  64 0  3  1  8  4  9  16 12 15 62 10 13 11 18 14 19 20 23 27 26 63 22 24 21 29 25 36 30 34 38 37 61 33 35 32 39 47 40 42 45 49 48 65 44 46 43 51 57 52 55 59 58 60 54 56 53 50 31 17 28 7  41 72 68 71 76 66 69 67 74 70 75 73
1  9  0  2  3  4  5  6  7  8  11 19 10 12 13 14 15 16 17 18 29 20 21 22 23 24 25 26 27 28 31 38 39 32 33 34 35 36 37 30 41 49 40 42 43 44 45 46 47 48 59 50 51 52 53 54 55 56 57 58 60 61 62 63 64 65 67 75 66 68 69 70 71 72 73 74 76
