3  4  0  1  5  75 13 17 14 12 67 16 70 33 32 34 31 30 60 72 65 62 63 61 50 48 49 53 51 52 42 45 47 69 44 46 6  11 76 10 9  7  21 18 20 71 23 19 57 56 73 54 55 58 39 68 38 40 37 36 66 27 25 28 26 29 74 35 8  22 43 64 24 41 59 2  15 
1  5  3  4  75 2  16 13 12 67 15 14 35 31 70 30 32 33 61 60 62 63 64 65 74 51 50 52 49 48 69 47 43 45 42 44 11 8  7  76 10 6  22 23 21 19 20 18 54 73 59 56 57 55 38 40 41 39 68 37 27 29 28 26 24 25 53 34 9  71 46 72 66 36 58 0  17 
5  2  4  75 0  3  12 14 15 17 13 67 30 70 34 31 35 32 62 65 64 72 60 63 52 50 53 51 74 49 47 46 44 43 45 69 9  10 11 6  7  8  19 21 71 23 22 20 73 58 55 59 56 54 36 38 37 41 39 40 25 28 24 66 27 26 48 33 76 18 42 61 29 68 57 1  16 
75 0  5  2  3  1  67 12 17 13 16 15 33 35 30 32 34 70 63 62 72 60 61 64 48 74 52 49 53 50 43 44 42 46 47 45 10 76 8  11 6  9  18 22 19 20 71 21 59 55 57 58 73 56 37 41 68 36 38 39 28 26 66 27 29 24 51 31 7  23 69 65 25 40 54 4  14 
2  3  75 0  1  4  15 67 13 16 14 17 31 34 33 70 30 35 64 63 60 61 65 72 51 53 48 50 52 74 46 42 69 44 43 47 76 7  9  8  11 10 23 71 18 21 19 22 58 57 54 55 59 73 68 36 40 37 41 38 26 24 27 29 25 66 49 32 6  20 45 62 28 39 56 5  12 
4  75 1  5  2  0  14 16 67 15 17 12 34 32 35 33 70 31 65 61 63 64 72 62 53 49 74 48 50 51 45 43 46 47 69 42 8  9  6  7  76 11 71 20 22 18 21 23 56 59 58 73 54 57 41 39 36 38 40 68 29 25 26 24 66 28 52 30 10 19 44 60 27 37 55 3  13 
15 13 67 17 16 14 11 6  9  10 76 8  22 23 21 19 20 18 25 29 26 24 66 28 30 70 34 31 35 32 39 41 36 38 40 68 44 42 43 47 45 46 55 73 58 54 59 56 65 63 64 62 61 60 51 52 49 48 53 74 4  5  2  0  3  75 33 71 69 57 37 27 1  50 72 12 7  
16 12 13 14 67 15 10 9  7  6  11 76 18 22 19 20 71 21 24 26 27 29 25 66 32 30 31 35 33 34 36 68 40 37 41 38 45 47 42 44 46 69 56 55 54 59 57 58 64 60 61 72 63 62 74 49 53 50 51 48 2  0  1  4  5  3  70 23 43 73 39 28 75 52 65 17 8  
17 16 15 13 14 12 8  11 10 76 7  9  71 20 22 18 21 23 28 25 24 66 27 26 33 35 30 32 34 70 38 36 37 41 39 40 42 69 46 43 47 44 57 59 55 56 58 73 62 64 72 63 65 61 49 48 50 51 52 53 5  75 0  3  1  2  31 19 45 54 68 29 4  74 60 67 6  
12 15 14 67 17 13 7  76 11 8  9  6  20 19 23 22 18 71 27 66 25 28 26 29 35 31 70 30 32 33 68 39 38 40 37 36 43 46 45 69 42 47 59 54 73 55 56 57 60 65 62 61 72 64 52 74 48 53 50 49 3  1  5  75 2  4  34 21 44 58 41 24 0  51 63 16 10 
13 14 17 16 12 67 9  8  76 7  6  10 19 21 71 23 22 20 26 28 66 27 29 24 31 34 33 70 30 35 41 37 68 36 38 39 69 45 44 46 43 42 54 58 57 73 55 59 63 72 60 64 62 65 50 51 74 49 48 52 75 2  3  1  4  0  32 18 47 56 40 25 5  53 61 15 11 
14 67 16 12 15 17 76 10 6  11 8  7  23 71 18 21 19 22 66 24 29 25 28 27 70 33 32 34 31 30 37 40 39 68 36 41 47 43 69 42 44 45 73 57 56 58 54 55 72 61 65 60 64 63 53 50 52 74 49 51 0  3  4  5  75 1  35 20 46 59 38 26 2  48 62 13 9  
33 32 30 31 70 35 21 20 71 19 18 22 17 12 15 16 67 14 36 41 68 40 39 37 1  2  3  5  0  75 61 62 63 65 60 72 58 55 73 56 54 59 76 8  10 6  9  11 46 42 69 44 43 47 28 29 26 25 27 66 51 49 74 53 52 50 4  13 57 7  64 38 48 24 45 34 23 
32 35 31 70 34 30 71 22 18 23 20 19 16 15 13 12 17 67 68 37 39 38 41 40 5  3  4  2  1  0  62 64 72 63 65 61 57 54 58 59 73 55 6  10 7  8  76 9  42 45 47 69 44 46 24 28 66 26 25 29 50 74 52 48 51 53 75 14 56 11 60 36 49 27 43 33 21 
70 34 32 35 30 33 19 71 23 20 21 18 14 17 16 67 13 15 40 68 38 41 36 39 75 1  5  0  4  3  63 72 60 64 62 65 54 56 55 58 59 57 11 76 6  9  7  10 69 47 43 45 42 44 66 26 27 24 28 25 74 53 48 51 49 52 2  12 73 8  61 37 50 29 46 31 22 
31 70 33 32 35 34 22 21 19 18 23 71 13 67 17 14 15 12 37 36 40 39 38 68 4  0  1  75 3  2  65 63 64 62 61 60 55 57 59 73 56 58 7  9  76 11 10 8  44 69 45 42 46 43 26 25 24 28 29 27 49 50 53 52 48 74 5  16 54 6  72 41 51 66 47 30 20 
30 31 34 33 32 70 20 23 22 71 19 21 15 14 67 13 12 16 41 38 37 68 40 36 3  75 0  4  2  5  60 65 62 61 72 64 59 58 56 54 57 73 10 11 9  7  8  6  43 44 42 46 47 45 25 27 28 29 66 24 48 51 50 74 53 49 1  17 55 76 63 39 52 26 69 35 18 
34 33 35 30 31 32 23 18 21 22 71 20 67 16 12 17 14 13 38 39 36 37 68 41 0  5  2  1  75 4  72 61 65 60 64 63 73 59 54 57 55 56 9  6  8  76 11 7  47 46 44 43 45 69 29 66 25 27 24 26 52 48 49 50 74 51 3  15 58 10 62 40 53 28 42 70 19 
65 63 61 62 64 72 66 24 29 25 28 27 38 68 39 36 40 37 23 18 21 22 71 20 43 69 47 44 45 42 14 67 15 12 16 13 1  4  0  2  75 3  51 53 48 50 52 74 34 33 31 30 35 70 9  11 10 8  6  7  59 58 57 54 56 55 46 41 5  49 17 19 73 76 32 60 26 
64 60 63 72 61 65 25 29 26 24 66 28 37 38 36 40 41 39 22 21 19 18 23 71 42 43 44 45 46 47 15 13 16 17 67 12 75 2  4  1  3  5  74 51 50 52 49 48 31 70 35 32 33 30 7  10 6  76 9  8  57 54 73 59 58 56 69 68 0  53 14 20 55 11 34 62 27 
62 64 65 63 72 60 27 66 25 28 26 29 41 40 38 37 39 68 20 23 22 71 19 21 46 45 43 42 47 69 12 15 17 67 14 16 4  5  3  0  2  1  49 52 51 74 48 53 30 31 32 33 34 35 10 8  76 9  11 6  58 55 54 56 73 57 44 36 75 50 13 18 59 7  70 61 24 
60 65 72 61 62 63 26 28 66 27 29 24 40 36 68 38 37 41 19 71 23 20 21 18 45 44 69 43 42 46 13 14 12 16 17 15 0  3  75 5  4  2  52 50 53 51 74 49 70 34 30 35 32 31 11 7  8  6  76 10 56 73 58 55 57 59 47 39 1  48 67 22 54 9  33 64 25 
63 72 62 64 60 61 29 27 28 26 24 25 36 39 41 68 38 40 21 20 71 19 18 22 44 47 46 69 43 45 67 17 13 15 12 14 5  75 1  3  0  4  50 48 49 53 51 52 33 32 70 31 30 34 76 9  7  10 8  11 55 57 56 73 59 54 42 37 2  74 16 23 58 6  35 65 66 
72 61 64 60 65 62 28 25 24 66 27 26 68 41 37 39 36 38 71 22 18 23 20 19 69 46 42 47 44 43 17 16 14 13 15 67 2  0  5  4  1  75 53 49 74 48 50 51 32 35 34 70 31 33 6  76 11 7  10 9  54 56 59 58 55 73 45 40 3  52 12 21 57 8  30 63 29 
50 53 49 74 52 48 31 33 70 35 34 32 75 1  5  0  4  3  45 69 43 46 44 47 29 24 27 28 66 26 58 57 54 55 59 73 23 20 19 71 22 18 12 13 14 15 16 17 76 6  11 7  10 9  60 64 61 72 63 62 40 39 41 36 37 38 25 2  21 67 56 42 68 65 8  51 30 
53 48 74 52 51 49 70 32 34 30 33 35 0  5  2  1  75 4  43 47 44 42 69 46 28 27 25 24 29 66 57 56 73 54 55 58 21 22 23 18 19 20 15 14 67 13 12 16 6  8  9  11 7  76 65 60 62 61 72 64 38 41 37 68 40 36 26 3  71 17 59 45 39 63 10 50 31 
52 51 53 48 49 50 35 70 30 33 31 34 3  75 0  4  2  5  46 43 42 69 45 44 26 29 28 66 25 27 54 73 59 56 57 55 22 71 20 23 18 21 17 12 15 16 67 14 11 9  10 8  6  7  62 61 63 65 60 72 41 36 68 40 39 37 24 1  19 13 58 47 38 64 76 74 32 
74 52 50 53 48 51 32 31 35 34 30 70 2  4  75 3  5  1  47 45 46 44 42 43 25 66 29 26 27 24 55 54 56 57 58 59 20 21 18 19 71 23 67 16 12 17 14 13 7  11 8  6  76 10 61 72 65 60 64 63 39 38 36 37 68 41 28 0  22 15 73 69 40 62 9  49 33 
49 74 51 50 53 52 33 30 32 70 35 31 5  3  4  2  1  0  69 42 47 43 46 45 27 26 66 25 24 28 59 55 57 58 73 56 18 23 71 22 21 19 14 17 16 67 13 15 10 7  6  76 9  8  72 63 60 64 62 65 68 40 38 41 36 39 29 75 20 12 54 44 37 61 11 48 34 
51 50 48 49 74 53 30 34 31 32 70 33 4  0  1  75 3  2  42 44 45 47 43 69 66 28 24 29 26 25 73 58 55 59 56 54 19 18 22 21 20 71 16 15 13 12 17 67 9  76 7  10 8  11 64 62 72 63 65 61 37 68 39 38 41 40 27 5  23 14 57 46 36 60 6  52 35 
47 46 45 43 44 42 68 37 39 38 41 40 60 63 72 65 64 62 12 14 15 17 13 67 54 58 57 73 55 59 35 30 33 34 70 32 53 52 50 49 51 74 29 24 27 28 66 26 2  3  1  0  75 5  21 23 22 20 18 19 11 8  10 76 7  9  56 61 48 25 31 16 6  71 4  69 36 
43 44 47 46 42 69 40 68 38 41 36 39 61 64 60 62 72 63 67 12 17 13 16 15 56 55 54 59 57 58 34 33 31 30 35 70 52 48 74 50 49 53 25 66 29 26 27 24 0  1  4  3  2  75 22 20 71 21 23 18 8  9  76 7  6  10 73 65 51 28 32 14 11 19 5  45 37 
69 47 42 45 43 46 36 41 68 40 39 37 64 65 63 60 62 61 16 13 12 67 15 14 55 73 58 54 59 56 32 35 34 70 31 33 50 74 51 48 52 49 66 28 24 29 26 25 5  2  0  75 4  1  23 19 20 18 71 22 7  6  8  9  10 11 57 72 53 27 30 17 76 21 3  44 38 
42 45 44 69 47 43 41 38 37 68 40 36 63 61 62 72 65 60 13 17 14 12 67 16 58 56 59 57 73 54 31 70 35 32 33 30 49 50 48 52 53 51 24 25 26 27 28 29 4  75 2  5  1  3  18 71 23 19 22 21 76 7  11 8  9  6  55 64 74 66 34 15 10 20 0  46 39 
44 69 46 42 45 47 38 39 36 37 68 41 62 60 65 64 61 72 17 15 16 14 12 13 59 54 73 55 56 57 33 32 70 31 30 34 51 49 52 53 74 48 26 29 28 66 25 27 1  5  75 4  3  0  19 22 18 71 21 20 10 76 6  11 8  7  58 63 50 24 35 67 9  23 2  43 40 
45 43 69 47 46 44 37 36 40 39 38 68 72 62 64 61 63 65 14 16 67 15 17 12 57 59 55 56 58 73 70 34 30 35 32 31 74 53 49 51 48 50 27 26 66 25 24 28 75 0  3  2  5  4  20 18 21 23 19 71 6  11 9  10 76 8  54 60 52 29 33 13 7  22 1  42 41 
11 9  6  8  10 76 45 69 43 46 44 47 56 55 54 59 57 58 3  0  4  5  75 1  20 19 23 22 18 71 50 53 52 74 49 51 41 36 39 40 68 38 62 60 65 64 61 72 66 29 25 27 24 26 30 35 33 34 70 32 67 15 13 16 14 17 21 73 37 63 48 2  12 31 28 7  42 
76 6  10 7  11 8  44 46 69 45 47 42 55 73 58 54 59 56 75 5  0  3  1  2  19 21 71 23 22 20 48 49 50 51 52 53 40 39 37 36 41 68 60 63 72 65 64 62 28 24 66 26 25 29 70 31 35 32 33 30 16 14 67 15 17 12 18 57 38 61 74 4  13 34 27 9  43 
6  8  7  11 9  10 69 42 47 43 46 45 54 58 57 73 55 59 0  2  1  4  5  3  23 71 18 21 19 22 49 74 53 50 51 48 38 41 40 68 37 39 65 72 61 63 60 64 24 27 29 66 26 28 34 70 30 35 32 31 12 67 17 13 16 15 20 56 36 62 52 75 14 33 25 76 44 
9  76 8  10 7  6  43 47 44 42 69 46 59 54 73 55 56 57 4  1  75 2  0  5  22 23 21 19 20 18 53 48 51 52 74 50 37 68 41 38 39 36 64 65 63 60 62 61 29 28 26 25 27 66 31 30 32 33 34 35 17 13 14 12 67 16 71 58 40 72 49 3  15 70 24 11 45 
7  11 76 6  8  9  42 44 45 47 43 69 57 59 55 56 58 73 2  75 3  1  4  0  18 22 19 20 71 21 51 50 74 49 48 52 39 38 68 37 36 40 61 64 60 62 72 63 26 66 27 24 28 25 35 32 34 70 31 33 14 12 15 17 13 67 23 54 41 65 53 5  16 30 29 10 46 
10 7  9  76 6  11 46 43 42 69 45 44 58 56 59 57 73 54 5  4  2  0  3  75 71 20 22 18 21 23 52 51 49 48 53 74 68 40 36 41 38 37 72 62 64 61 63 65 25 26 24 28 29 27 32 33 70 31 30 34 13 16 12 67 15 14 19 55 39 60 50 1  17 35 66 8  47 
21 71 20 22 19 18 54 57 73 59 58 56 11 76 6  9  7  10 52 53 51 49 50 48 12 13 14 15 16 17 24 27 29 66 26 28 65 62 60 72 64 61 47 42 45 46 69 44 39 41 36 38 40 68 1  0  4  3  2  75 30 33 32 70 35 31 67 8  63 43 25 74 34 5  37 23 55 
71 18 22 19 23 20 73 56 58 55 57 59 9  6  8  76 11 7  51 48 50 74 53 49 15 14 67 13 12 16 27 25 28 29 66 24 63 64 65 61 60 62 46 45 43 42 47 69 41 37 68 36 38 39 5  1  75 4  3  0  31 32 35 34 30 70 17 10 72 44 26 52 33 2  40 21 54 
19 23 71 18 20 21 59 73 55 57 54 58 10 11 9  7  8  6  49 51 74 53 52 50 17 12 15 16 67 14 29 28 26 25 27 66 64 72 62 65 61 63 44 47 46 69 43 45 36 68 40 37 41 38 75 4  2  5  1  3  32 70 34 30 33 35 13 76 60 42 24 48 31 0  39 22 56 
22 19 21 71 18 23 56 54 59 58 55 73 8  7  11 10 6  76 48 52 49 50 74 51 67 16 12 17 14 13 66 29 25 27 24 26 62 63 61 60 72 65 43 69 47 44 45 42 38 36 37 41 39 40 4  3  5  1  0  2  33 31 70 35 34 32 15 9  64 46 28 53 30 75 68 20 57 
20 22 23 21 71 19 57 55 56 73 59 54 6  10 7  8  76 9  53 74 48 51 49 52 14 17 16 67 13 15 26 66 27 24 28 25 61 65 72 64 63 60 45 44 69 43 42 46 40 38 41 39 68 37 3  2  1  0  75 5  34 30 31 32 70 33 12 11 62 47 29 50 35 4  36 18 58 
23 21 18 20 22 71 55 58 54 56 73 57 7  9  76 11 10 8  74 50 52 48 51 53 16 15 13 12 17 67 28 24 66 26 25 29 60 61 64 63 62 72 69 46 42 47 44 43 68 39 38 40 37 36 0  75 3  2  5  4  35 34 33 31 32 30 14 6  65 45 27 49 70 1  41 19 59 
56 59 54 73 58 55 72 64 61 65 62 60 47 42 45 46 69 44 34 35 33 31 32 30 6  10 7  8  76 9  75 0  3  2  5  4  27 29 24 26 28 66 41 40 38 37 39 68 53 48 51 52 74 50 67 14 15 12 16 13 21 22 19 18 23 71 11 43 25 36 1  70 20 17 49 57 63 
73 58 56 59 55 57 60 72 65 62 63 61 43 69 47 44 45 42 30 34 31 32 70 33 11 76 6  9  7  10 2  3  1  0  75 5  29 25 66 24 26 27 36 39 41 68 38 40 52 51 49 48 53 74 15 12 17 67 14 16 22 71 18 23 20 19 8  46 28 37 4  35 21 13 50 54 64 
57 56 55 54 73 59 63 62 72 60 61 64 69 46 42 47 44 43 70 32 34 30 33 35 76 8  10 6  9  11 4  75 2  5  1  3  24 66 28 25 29 26 39 37 40 41 68 36 50 53 52 74 49 51 14 13 12 16 17 15 23 20 22 71 19 21 7  45 27 38 0  31 18 67 48 58 65 
55 54 58 57 56 73 62 65 64 72 60 63 42 43 44 45 46 47 32 31 35 34 30 70 10 11 9  7  8  6  1  5  75 4  3  0  26 24 25 29 27 28 40 36 68 38 37 41 49 74 53 50 51 48 16 17 14 13 15 67 18 23 21 22 71 20 76 69 66 39 2  33 19 12 52 59 61 
58 57 59 55 54 56 65 61 63 64 72 62 44 47 46 69 43 45 31 33 70 35 34 32 9  6  8  76 11 7  3  4  5  1  0  2  28 26 29 27 66 25 68 41 37 39 36 38 51 50 74 49 48 52 13 15 16 17 67 12 19 18 20 21 22 23 10 42 24 40 75 30 71 14 53 73 60 
54 73 57 56 59 58 64 63 60 61 65 72 45 44 69 43 42 46 35 70 30 33 31 34 7  9  76 11 10 8  5  2  0  75 4  1  66 27 26 28 25 24 38 68 39 36 40 37 74 52 48 53 50 49 12 16 67 14 13 17 20 21 71 19 18 22 6  47 29 41 3  32 23 15 51 55 62 
41 37 38 36 68 40 53 74 48 51 49 52 29 24 27 28 66 26 9  8  76 7  6  10 65 72 61 63 60 64 20 22 71 21 23 18 33 31 34 35 70 30 5  3  4  2  1  0  67 17 13 15 12 14 57 58 54 55 59 73 44 42 45 47 43 69 62 25 32 75 19 11 46 56 16 39 50 
38 36 39 41 37 68 74 50 52 48 51 53 27 26 66 25 24 28 8  11 10 76 7  9  61 64 60 62 72 63 23 21 22 20 18 19 30 33 35 70 32 34 4  0  1  75 3  2  12 15 17 67 14 16 55 59 57 58 73 56 46 44 69 45 47 42 65 29 31 5  71 6  43 54 13 40 49 
40 38 68 39 41 36 49 51 74 53 52 50 24 25 26 27 28 29 6  7  8  9  10 11 72 62 64 61 63 65 19 23 20 18 71 22 35 34 32 31 33 70 3  75 0  4  2  5  16 12 67 14 13 17 59 56 58 73 54 57 47 43 44 42 69 46 60 66 30 1  21 76 45 55 15 37 48 
68 39 37 40 38 41 51 48 50 74 53 49 26 29 28 66 25 27 7  76 11 8  9  6  64 65 63 60 62 61 71 18 23 19 22 21 70 35 31 33 30 32 0  5  2  1  75 4  13 14 12 16 17 15 73 54 59 56 57 55 45 47 46 44 42 43 72 24 34 3  20 10 69 58 67 36 52 
37 40 36 68 39 38 48 52 49 50 74 51 28 27 25 24 29 66 76 10 6  11 8  7  63 61 62 72 65 60 22 19 18 71 21 20 32 70 33 30 34 31 2  4  75 3  5  1  17 16 14 13 15 67 56 57 73 54 55 58 69 45 43 46 44 47 64 26 35 0  23 9  42 59 12 41 53 
39 41 40 38 36 37 50 49 53 52 48 74 66 28 24 29 26 25 11 6  9  10 76 8  60 63 72 65 64 62 18 20 21 23 19 71 34 30 70 32 31 35 1  2  3  5  0  75 14 67 15 12 16 13 58 73 55 59 56 54 43 46 42 69 45 44 61 27 33 4  22 7  47 57 17 68 51 
24 27 26 66 29 25 5  4  2  0  3  75 50 48 49 53 51 52 54 57 73 59 58 56 68 41 37 39 36 38 10 7  6  76 9  8  14 12 13 17 15 16 34 32 35 33 70 31 18 20 21 23 19 71 47 69 43 45 42 44 63 64 60 61 65 72 40 74 67 30 11 55 62 46 22 28 1  
25 26 29 28 24 66 3  0  4  5  75 1  48 74 52 49 53 50 58 59 57 54 56 55 41 40 38 37 39 68 11 9  10 8  6  7  17 13 67 12 14 15 32 30 31 35 33 34 22 19 18 71 21 20 42 46 69 44 43 47 61 65 63 64 72 62 36 51 16 70 76 73 60 45 23 27 2  
28 24 25 26 66 27 1  3  5  75 2  4  51 53 48 50 52 74 55 58 54 56 73 57 36 39 41 68 38 40 8  10 76 9  11 6  13 16 15 67 12 17 70 33 32 34 31 30 71 18 23 19 22 21 69 44 45 42 46 43 65 62 64 72 60 63 37 49 14 35 7  59 61 47 20 29 0  
27 25 66 29 28 26 2  75 3  1  4  0  53 49 74 48 50 51 73 56 58 55 57 59 39 37 40 41 68 36 7  11 8  6  76 10 67 15 14 16 13 12 33 35 30 32 34 70 20 22 71 21 23 18 46 47 44 43 45 69 72 60 65 62 63 61 38 52 17 31 9  54 64 42 19 24 5  
26 66 28 24 27 29 4  1  75 2  0  5  49 52 51 74 48 53 57 55 56 73 59 54 37 38 36 40 41 39 9  76 7  10 8  11 16 14 17 15 67 13 35 31 70 30 32 33 19 23 20 18 71 22 45 42 47 69 44 46 62 63 72 60 61 64 68 50 12 34 6  58 65 43 21 25 3  
66 29 24 27 25 28 75 5  0  3  1  2  74 51 50 52 49 48 56 54 59 58 55 73 40 36 68 38 37 41 76 6  11 7  10 9  12 67 16 13 17 14 30 70 34 31 35 32 23 21 22 20 18 19 43 45 46 47 69 42 64 72 61 65 62 60 39 53 15 33 8  57 63 44 71 26 4  
48 49 52 51 50 74 34 35 33 31 32 30 1  2  3  5  0  75 44 46 69 45 47 42 24 25 26 27 28 29 56 59 58 73 54 57 71 19 21 20 23 22 13 67 17 14 15 12 8  10 76 9  11 6  63 65 64 62 61 60 36 37 40 39 38 68 66 4  18 16 55 43 41 72 7  53 70 
35 30 70 34 33 31 18 19 20 21 22 23 12 13 14 15 16 17 39 40 41 36 37 38 2  4  75 3  5  1  64 60 61 72 63 62 56 73 57 55 58 54 8  7  11 10 6  76 45 43 46 47 69 42 27 24 29 66 26 28 53 52 51 49 50 48 0  67 59 9  65 68 74 25 44 32 71 
8  10 11 9  76 7  47 45 46 44 42 43 73 57 56 58 54 55 1  3  5  75 2  4  21 18 20 71 23 19 74 52 48 53 50 49 36 37 38 39 40 41 63 61 62 72 65 60 27 25 28 29 66 24 33 34 31 30 35 70 15 17 16 14 12 13 22 59 68 64 51 0  67 32 26 6  69 
18 20 19 23 21 22 58 59 57 54 56 55 76 8  10 6  9  11 50 49 53 52 48 74 13 67 17 14 15 12 25 26 24 28 29 27 72 60 63 62 65 64 42 43 44 45 46 47 37 40 39 68 36 41 2  5  0  75 4  1  70 35 30 33 31 34 16 7  61 69 66 51 32 3  38 71 73 
46 42 43 44 69 45 39 40 41 36 37 38 65 72 61 63 60 64 15 67 13 16 14 17 73 57 56 58 54 55 30 31 32 33 34 35 48 51 53 74 50 52 28 27 25 24 29 66 3  4  5  1  0  2  71 21 19 22 20 23 9  10 7  6  11 76 59 62 49 26 70 12 8  18 75 47 68 
61 62 60 65 63 64 24 26 27 29 25 66 39 37 40 41 68 36 18 19 20 21 22 23 47 42 45 46 69 44 16 12 67 14 13 17 3  1  2  75 5  0  48 74 52 49 53 50 35 30 33 34 70 32 8  6  9  11 7  76 73 59 55 57 54 58 43 38 4  51 15 71 56 10 31 72 28 
29 28 27 25 26 24 0  2  1  4  5  3  52 50 53 51 74 49 59 73 55 57 54 58 38 68 39 36 40 37 6  8  9  11 7  76 15 17 12 14 16 67 31 34 33 70 30 35 21 71 19 22 20 23 44 43 42 46 47 45 60 61 62 63 64 65 41 48 13 32 10 56 72 69 18 66 75 
36 68 41 37 40 39 52 53 51 49 50 48 25 66 29 26 27 24 10 9  7  6  11 76 62 60 65 64 61 72 21 71 19 22 20 23 31 32 30 34 35 33 75 1  5  0  4  3  15 13 16 17 67 12 54 55 56 57 58 59 42 69 47 43 46 45 63 28 70 2  18 8  44 73 14 38 74 
59 55 73 58 57 54 61 60 62 63 64 65 46 45 43 42 47 69 33 30 32 70 35 31 8  7  11 10 6  76 0  1  4  3  2  75 25 28 27 66 24 29 37 38 36 40 41 39 48 49 50 51 52 53 17 67 13 15 12 14 71 19 23 20 21 18 9  44 26 68 5  34 22 16 74 56 72 
0  1  2  3  4  5  17 15 16 14 12 13 32 30 31 35 33 34 72 64 61 65 62 60 49 52 51 74 48 53 44 69 45 42 46 43 7  6  10 9  8  76 20 19 23 22 18 71 55 54 56 57 58 59 40 37 39 68 36 41 24 66 29 25 28 27 50 70 11 21 47 63 26 38 73 75 67 
67 17 12 15 13 16 6  7  8  9  10 11 21 18 20 71 23 19 29 27 28 26 24 25 34 32 35 33 70 31 40 38 41 39 68 37 46 44 47 45 69 43 58 56 59 57 73 54 61 62 63 65 60 72 48 53 51 52 74 50 1  4  75 2  0  5  30 22 42 55 36 66 3  49 64 14 76 
