3  4  0  1  5  66 57 56 71 55 54 58 48 51 53 73 50 52 61 60 62 63 64 65 37 39 69 41 40 38 7  6  10 9  8  76 74 23 19 21 18 20 32 75 33 30 34 31 67 45 44 46 43 42 27 24 26 68 29 25 16 14 70 15 17 12 2  35 36 22 49 28 13 47 72 11 59 
1  5  3  4  66 2  55 71 59 56 57 54 52 48 73 50 49 53 63 62 72 60 61 64 69 38 40 36 39 41 8  9  6  7  76 11 23 22 20 19 21 74 31 32 30 34 35 33 43 46 45 67 42 47 68 26 28 24 27 29 70 15 13 16 14 17 0  75 37 18 51 25 12 44 65 10 58 
5  2  4  66 0  3  71 58 54 59 56 55 73 53 49 51 48 50 62 65 64 72 60 63 39 36 38 69 41 37 11 8  7  76 10 6  18 21 23 74 20 22 30 33 35 75 32 34 47 43 67 42 44 45 26 25 29 28 24 68 12 70 17 13 16 15 1  31 40 19 52 27 14 46 61 9  57 
66 0  5  2  3  1  59 54 57 58 71 56 50 73 51 48 52 49 72 64 61 65 62 60 38 37 41 40 36 69 10 76 8  11 6  9  21 19 22 23 74 18 34 30 75 32 31 35 44 42 43 47 45 46 28 29 27 25 26 24 17 13 14 12 70 16 4  33 39 20 53 68 15 67 63 7  55 
2  3  66 0  1  4  58 57 55 54 59 71 49 50 48 52 53 51 65 61 63 64 72 62 41 69 36 39 37 40 6  11 76 10 9  7  19 20 18 22 23 21 35 34 32 31 33 75 45 47 42 44 46 67 25 27 68 29 28 26 14 12 15 17 13 70 5  30 38 74 73 24 16 43 60 8  56 
4  66 1  5  2  0  56 59 58 71 55 57 53 52 50 49 51 73 60 72 65 62 63 61 40 41 39 37 38 36 76 7  9  8  11 10 22 18 74 20 19 23 33 31 34 35 75 30 42 67 46 43 47 44 24 28 25 26 68 27 13 16 12 70 15 14 3  32 69 21 48 29 17 45 64 6  54 
56 59 55 71 58 54 11 6  9  10 76 8  25 28 27 68 24 29 13 17 14 12 70 16 34 32 35 33 75 31 39 69 37 40 38 41 67 43 45 44 47 46 53 52 50 49 51 73 64 72 62 65 61 63 22 21 19 18 23 74 66 4  2  5  1  3  57 48 30 42 26 20 0  60 15 36 7  
71 58 56 59 54 57 10 9  7  6  11 76 29 25 68 24 26 27 12 14 15 17 13 70 35 31 75 30 32 33 38 40 69 39 41 36 43 42 46 45 44 67 73 53 49 51 48 50 61 65 72 64 63 60 18 19 20 21 22 23 2  5  0  66 4  1  55 52 34 47 28 74 3  62 16 37 8  
57 56 54 55 71 59 8  11 10 76 7  9  26 24 25 29 27 28 16 13 12 70 15 14 33 35 30 32 34 75 69 36 41 37 40 39 45 46 47 42 43 44 48 51 53 73 50 52 72 60 63 62 65 64 74 22 18 23 20 19 4  3  5  1  0  2  58 49 31 67 68 21 66 61 17 38 6  
54 55 58 57 56 71 7  76 11 8  9  6  24 68 28 25 29 26 15 70 13 16 14 17 31 34 33 75 30 35 37 41 38 36 69 40 44 45 42 43 67 47 51 49 52 53 73 48 62 63 61 60 72 65 20 23 22 74 19 21 1  0  4  3  2  66 59 50 32 46 27 18 5  64 12 39 10 
58 57 59 54 55 56 9  8  76 7  6  10 68 27 26 28 25 24 14 16 70 15 17 12 32 30 31 35 33 34 36 38 39 41 37 69 47 44 43 67 46 42 49 50 48 52 53 51 60 61 64 63 62 72 19 74 23 20 21 18 3  2  1  0  66 5  71 73 75 45 29 22 4  65 13 40 11 
55 71 57 56 59 58 76 10 6  11 8  7  28 26 29 27 68 25 70 12 17 13 16 15 30 75 34 31 35 32 40 37 36 69 39 38 46 67 44 47 42 45 52 48 73 50 49 53 65 62 60 72 64 61 23 18 21 22 74 20 5  1  66 4  3  0  54 51 33 43 24 19 2  63 14 41 9  
53 50 52 73 49 51 25 27 68 29 28 26 17 12 15 16 70 14 40 38 41 39 69 37 67 47 43 45 42 44 18 23 74 22 21 19 55 56 54 58 59 57 60 63 72 65 64 62 6  11 76 10 9  7  1  5  66 4  3  0  34 33 35 30 31 32 48 61 46 71 13 2  75 8  36 20 24 
49 48 50 51 52 53 68 26 28 24 27 29 16 15 13 12 17 70 41 37 69 36 38 39 47 46 44 43 45 67 20 21 18 19 74 23 59 58 56 55 57 71 65 72 61 63 60 64 8  9  6  7  76 11 66 0  3  2  5  4  32 35 31 75 34 30 73 62 42 54 14 1  33 10 40 22 25 
73 49 53 50 51 48 29 68 24 27 25 28 14 17 16 70 13 15 39 41 36 38 40 69 43 44 42 46 47 45 21 22 23 18 19 20 56 71 57 54 58 55 62 60 65 64 61 72 9  10 11 6  7  8  4  66 2  5  1  3  35 30 75 34 33 31 52 63 67 59 12 0  32 76 37 74 26 
48 53 51 52 73 50 26 25 29 28 24 68 13 70 17 14 15 12 37 40 39 69 36 41 45 43 46 47 67 42 23 20 19 74 22 18 54 57 59 71 56 58 61 64 60 62 72 63 11 8  7  76 10 6  0  1  4  3  2  66 33 32 30 31 75 35 49 65 44 55 16 5  34 9  38 21 27 
50 51 73 49 48 52 27 24 26 68 29 25 15 14 70 13 12 16 38 36 37 41 39 40 42 45 47 67 44 46 19 18 22 21 20 74 71 59 55 57 54 56 72 62 64 61 63 65 7  6  10 9  8  76 5  2  0  66 4  1  75 34 32 35 30 33 53 60 43 58 17 3  31 11 69 23 28 
51 52 49 48 53 73 24 28 25 26 68 27 70 16 12 17 14 13 36 69 40 37 41 38 44 67 45 42 46 43 74 19 21 20 23 22 58 54 71 56 55 59 64 65 63 60 62 61 76 7  9  8  11 10 2  3  1  0  66 5  31 75 33 32 35 34 50 72 47 57 15 4  30 6  39 18 29 
60 72 63 62 65 64 13 17 14 12 70 16 40 69 38 41 36 39 23 18 21 22 74 20 55 59 56 54 71 58 4  3  0  1  5  66 52 53 51 49 50 48 8  7  11 10 6  76 29 28 26 25 27 68 31 30 34 33 32 75 67 45 43 46 44 47 61 9  57 73 37 35 42 24 19 2  15 
62 65 60 72 64 61 12 14 15 17 13 70 39 40 41 36 37 38 22 21 19 18 23 74 56 58 71 57 59 54 5  1  3  4  66 2  53 73 48 51 49 52 76 8  10 6  9  11 27 25 28 29 68 24 33 34 35 30 31 32 43 46 42 67 45 44 63 7  55 50 69 75 47 26 20 0  16 
61 60 64 63 62 72 16 13 12 70 15 14 37 36 40 39 38 69 20 23 22 74 19 21 54 56 57 59 55 71 3  2  66 0  1  4  51 48 50 73 53 49 9  6  8  76 11 7  28 24 68 26 25 29 75 31 33 32 35 34 45 47 46 44 42 43 65 10 58 52 41 30 67 27 18 5  17 
64 63 65 61 60 62 15 70 13 16 14 17 36 41 69 40 39 37 19 74 23 20 21 18 58 55 54 71 57 56 0  66 5  2  3  1  49 51 73 53 52 50 6  10 7  8  76 9  26 68 27 24 28 25 35 32 31 75 34 30 44 42 45 47 43 67 72 11 59 48 38 33 46 29 22 4  12 
65 61 72 64 63 60 14 16 70 15 17 12 41 38 37 69 40 36 21 20 74 19 18 22 59 57 58 56 54 55 2  5  4  66 0  3  50 49 53 52 48 73 10 11 9  7  8  6  24 27 29 68 26 28 34 75 32 35 30 33 47 43 44 42 67 46 62 76 71 51 39 31 45 25 23 1  13 
63 62 61 60 72 65 70 12 17 13 16 15 69 37 39 38 41 40 74 22 18 23 20 19 57 71 55 58 56 59 1  0  2  3  4  5  48 52 49 50 73 51 7  9  76 11 10 8  25 26 24 28 29 27 32 33 30 31 75 35 46 44 67 45 47 42 64 6  54 53 36 34 43 68 21 66 14 
38 36 39 41 37 69 75 31 33 32 35 34 42 43 44 45 46 47 71 58 54 59 56 55 29 24 27 28 68 26 50 53 52 73 49 51 12 17 70 16 15 13 21 18 20 74 23 19 3  2  66 0  1  4  62 65 64 72 60 63 6  11 9  10 76 8  40 22 25 14 67 61 7  5  57 48 30 
40 38 69 39 41 36 34 75 32 35 30 33 67 46 42 47 44 43 55 71 59 56 57 54 28 27 25 24 29 68 53 48 51 52 73 50 70 13 15 14 17 16 22 23 21 19 20 18 2  5  4  66 0  3  63 62 72 60 61 64 11 8  10 76 7  9  37 74 26 12 45 65 6  1  58 49 31 
69 39 37 40 38 41 30 35 75 34 33 31 46 45 43 42 47 67 57 56 71 55 54 58 26 29 28 68 25 27 52 51 49 48 53 73 16 70 14 17 12 15 23 74 18 21 19 22 66 4  1  5  2  0  61 60 62 63 64 65 76 7  11 8  9  6  36 20 24 13 44 72 10 3  59 50 32 
39 41 40 38 36 37 35 32 31 75 34 30 43 67 47 44 45 42 56 59 58 71 55 57 25 68 29 26 27 24 73 52 48 53 50 49 13 12 16 15 14 70 18 22 19 20 74 21 0  66 5  2  3  1  60 72 65 62 63 61 10 76 6  11 8  7  69 23 28 17 46 64 9  4  54 51 33 
41 37 38 36 69 40 32 33 30 31 75 35 47 42 45 46 67 44 59 54 57 58 71 56 27 26 68 25 24 28 49 73 53 50 51 48 17 14 13 70 16 12 19 21 74 23 22 20 1  0  2  3  4  5  72 64 61 65 62 60 9  10 7  6  11 76 39 18 29 15 43 63 8  66 55 52 34 
36 69 41 37 40 39 31 30 34 33 32 75 44 47 46 67 43 45 58 57 55 54 59 71 68 28 24 29 26 25 51 50 73 49 48 52 14 15 12 13 70 17 20 19 23 22 18 74 4  3  0  1  5  66 65 61 63 64 72 62 7  6  8  9  10 11 38 21 27 16 42 60 76 2  56 53 35 
6  7  10 9  8  76 36 69 40 37 41 38 20 19 23 22 18 74 2  3  1  0  66 5  49 52 51 73 48 53 35 30 33 34 75 32 65 64 62 60 63 72 29 25 68 24 26 27 16 14 17 15 70 13 43 47 44 42 67 46 58 71 54 59 56 55 11 28 50 61 21 45 57 12 4  31 39 
10 9  11 6  7  8  41 37 69 36 38 39 19 21 74 23 22 20 66 0  3  2  5  4  50 48 49 53 51 52 34 33 31 30 35 75 72 65 60 63 61 62 25 28 27 68 24 29 15 17 12 14 16 70 67 42 47 43 46 45 59 56 58 71 55 57 76 26 73 64 18 44 54 13 1  32 40 
7  76 9  8  11 10 69 39 38 40 37 36 23 74 18 21 19 22 3  4  5  1  0  2  48 73 52 49 53 50 32 35 34 75 31 33 61 63 65 72 62 64 68 27 26 28 25 24 13 16 15 70 12 17 47 45 46 44 42 43 57 58 55 54 59 71 6  29 51 60 20 67 56 14 66 30 41 
8  11 7  76 10 6  40 38 41 39 69 37 22 23 21 19 20 18 1  5  66 4  3  0  52 50 53 51 73 49 31 75 35 32 33 30 63 60 64 65 72 61 24 68 28 25 29 26 12 70 16 13 17 14 44 46 67 45 47 42 55 54 56 57 58 59 9  27 48 62 74 43 71 15 2  34 36 
76 10 8  11 6  9  39 41 36 38 40 69 18 22 19 20 74 21 4  66 2  5  1  3  53 49 73 48 50 51 33 32 75 31 30 34 60 62 61 64 65 63 26 24 25 29 27 28 17 13 70 12 14 15 45 67 43 46 44 47 56 57 71 55 54 58 7  68 52 72 23 42 59 16 0  35 37 
9  8  6  7  76 11 37 40 39 69 36 41 74 20 22 18 21 23 0  1  4  3  2  66 51 53 48 50 52 73 75 34 30 35 32 31 64 61 72 62 60 65 27 29 24 26 28 68 70 15 14 16 13 12 42 44 45 47 43 67 54 59 57 58 71 56 10 25 49 63 19 46 55 17 5  33 38 
21 20 18 19 74 23 42 44 45 47 43 67 71 56 58 54 57 59 73 49 51 50 53 52 12 15 17 70 14 16 72 60 63 62 65 64 41 36 39 40 69 38 5  4  2  0  3  66 32 35 34 75 31 33 76 10 6  11 8  7  29 28 27 25 26 24 22 1  13 37 55 9  68 30 48 61 46 
23 18 74 22 21 19 46 43 42 67 45 44 57 54 56 71 59 55 48 53 73 52 51 49 16 12 70 14 13 17 63 64 65 61 60 62 40 39 37 36 41 69 3  0  4  5  66 1  34 33 31 30 35 75 9  8  76 7  6  10 26 68 28 24 27 29 20 2  15 38 58 11 25 32 50 72 47 
18 19 22 21 20 74 43 47 44 42 67 46 56 55 59 58 54 71 53 50 49 73 52 48 13 14 12 16 17 15 62 63 61 60 72 65 38 41 40 69 37 39 4  1  66 2  0  5  75 34 30 35 32 31 8  11 10 76 7  9  25 26 29 28 24 68 23 3  70 36 57 6  27 33 51 64 45 
20 23 19 74 22 18 44 46 67 45 47 42 58 59 57 55 56 54 49 48 52 51 50 73 14 70 15 12 16 13 64 72 62 65 61 63 37 69 41 38 39 36 2  66 3  1  4  0  33 32 75 31 30 34 10 9  7  6  11 76 68 29 24 27 25 28 21 5  17 40 71 8  26 35 53 60 43 
22 21 23 18 19 20 67 42 47 43 46 45 55 57 71 59 58 56 52 73 50 53 48 51 70 17 13 15 12 14 60 61 64 63 62 72 39 38 69 37 36 40 1  3  5  66 2  4  35 30 33 34 75 32 7  76 11 8  9  6  28 24 25 26 68 27 74 0  16 41 54 10 29 31 49 65 44 
74 22 20 23 18 21 45 67 43 46 44 47 54 58 55 56 71 57 51 52 53 48 49 50 15 13 16 17 70 12 61 65 72 64 63 60 69 40 36 41 38 37 0  2  1  4  5  3  30 31 32 33 34 35 6  7  8  9  10 11 24 27 26 68 29 25 19 66 14 39 59 76 28 75 73 62 42 
32 33 75 31 30 34 48 53 73 52 51 49 61 64 60 62 72 63 9  8  76 7  6  10 74 18 23 19 22 21 68 29 25 27 24 26 0  3  66 5  4  2  47 42 45 46 67 44 55 54 58 57 56 71 17 15 16 14 12 13 37 41 69 36 38 39 35 43 20 1  65 70 40 59 11 28 50 
30 35 33 34 75 32 73 49 51 50 53 52 62 60 65 64 61 72 76 10 6  11 8  7  18 20 21 23 19 74 28 24 68 26 25 29 4  5  3  0  2  1  46 45 43 42 47 67 59 56 55 71 58 54 16 13 12 70 15 14 39 69 38 40 37 36 31 44 22 66 63 17 41 57 9  27 48 
31 30 32 33 34 35 52 73 50 53 48 51 63 61 62 72 65 60 7  76 11 8  9  6  23 21 22 20 18 19 24 27 29 68 26 28 3  1  2  66 5  0  44 47 46 67 43 45 56 57 54 55 71 59 14 16 70 15 17 12 69 36 40 37 41 38 75 42 74 4  64 13 39 58 10 25 49 
35 32 34 75 31 33 49 48 52 51 50 73 65 72 61 63 60 64 10 9  7  6  11 76 19 23 20 18 74 22 29 28 26 25 27 68 66 2  4  1  3  5  43 67 47 44 45 42 54 59 71 58 57 55 13 17 14 12 70 16 41 39 36 38 40 69 30 46 21 0  62 15 37 56 8  24 53 
33 34 31 30 35 75 53 50 49 73 52 48 60 63 72 65 64 62 8  11 10 76 7  9  22 19 18 74 21 20 26 68 27 24 28 25 1  4  0  2  66 3  45 44 67 43 42 46 71 55 57 56 59 58 15 70 13 16 14 17 40 37 39 69 36 41 32 47 23 5  61 12 38 54 6  29 51 
34 75 30 35 32 31 50 51 48 49 73 53 72 62 64 61 63 65 11 6  9  10 76 8  21 74 19 22 20 23 25 26 24 28 29 27 5  66 1  3  0  4  67 46 42 47 44 43 58 71 56 59 54 57 70 12 17 13 16 15 38 40 41 39 69 37 33 45 18 2  60 14 36 55 7  68 52 
45 67 44 46 43 42 60 72 65 62 63 61 8  7  11 10 6  76 24 28 25 26 68 27 1  66 4  0  5  2  16 14 17 15 70 13 31 33 75 35 34 32 54 58 55 56 71 57 53 48 51 52 73 50 36 69 40 37 41 38 22 74 18 23 20 19 47 59 3  30 9  39 21 49 29 12 64 
44 46 47 45 67 43 63 62 72 60 61 64 7  9  76 11 10 8  68 26 28 24 27 29 3  5  1  2  4  66 15 17 12 14 16 70 32 31 35 34 30 75 58 59 57 55 56 54 52 51 49 48 53 73 41 37 69 36 38 39 23 20 22 74 19 21 42 71 0  33 6  40 18 50 25 13 65 
67 42 46 43 47 44 72 64 61 65 62 60 11 76 6  9  7  10 28 29 27 25 26 24 5  0  66 1  2  3  13 16 15 70 12 17 30 34 31 32 75 33 55 57 71 59 58 56 50 53 52 73 49 51 69 39 38 40 37 36 21 22 19 18 23 74 45 54 4  35 8  41 20 48 68 14 63 
43 47 67 42 44 45 65 61 63 64 72 62 10 11 9  7  8  6  25 27 68 29 28 26 66 3  2  4  0  1  12 70 16 13 17 14 34 35 33 31 32 30 56 55 59 58 54 71 49 73 53 50 51 48 40 38 41 39 69 37 19 18 20 21 22 23 46 57 5  75 76 36 74 52 24 15 60 
42 44 43 47 45 46 64 63 60 61 65 72 6  10 7  8  76 9  29 68 24 27 25 28 2  1  0  5  3  4  17 13 70 12 14 15 35 75 30 33 31 34 71 56 58 54 57 59 51 50 73 49 48 52 39 41 36 38 40 69 20 21 74 19 18 22 67 55 66 32 11 37 23 53 26 16 62 
46 43 45 67 42 47 62 65 64 72 60 63 76 8  10 6  9  11 26 25 29 28 24 68 4  2  5  3  66 0  70 15 14 16 13 12 33 30 32 75 35 31 57 54 56 71 59 55 73 52 48 53 50 49 37 40 39 69 36 41 18 23 21 22 74 20 44 58 1  34 7  38 19 51 27 17 61 
24 28 68 26 25 29 22 21 19 18 23 74 1  3  5  66 2  4  31 30 34 33 32 75 63 72 60 64 62 65 45 47 42 44 46 67 7  8  6  10 11 9  15 14 70 13 12 16 39 69 37 40 38 41 59 54 57 58 71 56 52 51 53 48 49 50 27 17 61 76 0  55 73 36 35 43 20 
26 25 24 28 29 27 18 19 20 21 22 23 4  1  66 2  0  5  33 34 35 30 31 32 60 65 62 61 72 64 46 44 47 45 67 43 8  76 9  6  10 7  16 15 13 12 17 70 38 40 69 39 41 36 58 57 55 54 59 71 53 48 73 52 51 49 68 14 63 11 3  56 50 37 75 42 74 
27 24 29 68 26 28 74 22 18 23 20 19 0  2  1  4  5  3  75 31 33 32 35 34 64 60 61 72 63 62 47 43 67 42 44 45 6  9  11 76 8  10 17 12 15 16 70 14 69 36 41 37 40 39 56 59 58 71 55 57 51 50 48 49 73 53 25 13 65 7  66 54 52 38 30 46 21 
29 68 25 27 24 26 20 23 22 74 19 21 2  66 3  1  4  0  35 32 31 75 34 30 65 63 64 62 61 60 42 67 46 43 47 44 10 6  76 8  7  11 12 13 14 15 16 17 37 41 38 36 69 40 55 71 59 56 57 54 49 73 51 50 53 52 28 70 72 9  5  58 48 39 33 45 18 
25 27 28 29 68 24 19 74 23 20 21 18 66 5  0  3  1  2  34 75 32 35 30 33 72 61 65 60 64 63 43 46 45 67 42 47 11 10 8  7  9  76 13 70 17 14 15 12 36 38 39 41 37 69 57 56 71 55 54 58 50 53 49 73 52 48 26 16 62 6  4  59 51 40 31 44 22 
68 26 27 24 28 25 23 18 21 22 74 20 3  0  4  5  66 1  32 33 30 31 75 35 61 62 63 65 60 72 44 42 43 47 45 46 9  7  10 11 76 6  14 17 16 70 13 15 40 37 36 69 39 38 71 58 54 59 56 55 48 49 52 51 50 73 29 12 64 8  2  57 53 41 34 67 19 
17 15 12 14 16 70 0  1  4  3  2  66 75 35 31 33 30 32 42 44 45 47 43 67 6  8  9  11 7  76 59 56 55 71 58 54 29 27 28 26 24 25 38 39 36 37 69 41 23 20 19 74 22 18 73 49 51 50 53 52 63 64 60 61 65 72 13 40 10 68 34 48 62 21 46 57 5  
12 14 13 17 15 16 2  3  1  0  66 5  35 34 32 31 33 75 43 47 44 42 67 46 10 7  6  76 9  8  71 55 57 56 59 58 25 29 26 24 68 28 39 40 41 36 37 38 74 19 21 20 23 22 53 50 49 73 52 48 61 65 63 64 72 62 70 69 11 27 30 51 60 18 45 54 4  
70 12 16 13 17 14 5  2  0  66 4  1  30 33 35 75 32 34 46 43 42 67 45 44 76 6  11 7  10 9  55 54 58 57 56 71 26 28 68 27 29 24 69 37 39 38 41 40 19 18 22 21 20 74 48 53 73 52 51 49 65 62 64 72 60 63 15 36 8  25 31 50 61 23 47 59 3  
16 13 15 70 12 17 4  66 2  5  1  3  33 31 34 35 75 30 45 67 43 46 44 47 8  10 76 9  11 6  57 58 59 54 55 56 24 26 27 29 25 68 37 36 40 39 38 69 21 22 23 18 19 20 51 52 53 48 49 50 72 60 65 62 63 61 14 41 7  28 32 73 64 74 42 71 0  
15 70 14 16 13 12 1  5  66 4  3  0  31 32 30 34 35 33 44 46 67 45 47 42 7  11 8  6  76 10 54 59 71 58 57 55 68 24 29 25 28 27 36 41 69 40 39 37 18 23 74 22 21 19 49 48 52 51 50 73 62 63 72 60 61 64 17 38 9  26 75 53 65 20 43 56 2  
13 17 70 12 14 15 66 0  3  2  5  4  34 30 75 32 31 35 67 42 47 43 46 45 11 9  10 8  6  7  56 57 54 55 71 59 28 25 24 68 27 26 40 69 38 41 36 39 20 21 18 19 74 23 52 73 50 53 48 51 64 72 61 65 62 60 16 37 76 29 33 49 63 22 44 58 1  
0  1  2  3  4  5  54 55 56 57 58 59 51 49 52 53 73 48 64 63 60 61 65 72 36 40 37 38 69 39 9  10 11 6  7  8  20 74 21 18 22 19 75 35 31 33 30 32 46 44 47 45 67 43 29 68 24 27 25 28 15 17 16 14 12 13 66 34 41 23 50 26 70 42 62 76 71 
75 31 35 32 33 30 51 52 53 48 49 50 64 65 63 60 62 61 6  7  8  9  10 11 20 22 74 21 23 18 27 25 28 29 68 24 2  0  5  4  1  66 42 43 44 45 46 47 57 58 59 54 55 56 12 14 15 17 13 70 36 38 37 41 39 40 34 67 19 3  72 16 69 71 76 26 73 
37 40 36 69 39 38 33 34 35 30 31 32 45 44 67 43 42 46 54 55 56 57 58 59 24 25 26 27 28 29 48 49 50 51 52 53 15 16 17 12 13 14 74 20 22 18 21 23 5  1  3  4  66 2  64 63 60 61 65 72 8  9  76 7  6  10 41 19 68 70 47 62 11 0  71 73 75 
19 74 21 20 23 22 47 45 46 44 42 43 59 71 54 57 55 58 50 51 48 49 73 53 17 16 14 13 15 70 65 62 60 72 64 61 36 37 38 39 40 41 66 5  0  3  1  2  31 75 35 32 33 30 11 6  9  10 76 8  27 25 68 29 28 26 18 4  12 69 56 7  24 34 52 63 67 
52 73 48 53 50 49 28 29 27 25 26 24 12 13 14 15 16 17 69 39 38 40 37 36 46 42 67 44 43 47 22 74 20 23 18 21 57 55 58 59 71 54 63 61 62 72 65 60 10 76 8  11 6  9  3  4  5  1  0  2  30 31 34 33 32 75 51 64 45 56 70 66 35 7  41 19 68 
28 29 26 25 27 68 21 20 74 19 18 22 5  4  2  0  3  66 30 35 75 34 33 31 62 64 72 63 65 61 67 45 44 46 43 42 76 11 7  9  6  8  70 16 12 17 14 13 41 39 40 38 36 37 54 55 56 57 58 59 73 52 50 53 48 51 24 15 60 10 1  71 49 69 32 47 23 
14 16 17 15 70 13 3  4  5  1  0  2  32 75 33 30 34 31 47 45 46 44 42 43 9  76 7  10 8  11 58 71 56 59 54 57 27 68 25 28 26 29 41 38 37 69 40 36 22 74 20 23 18 21 50 51 48 49 73 53 60 61 62 63 64 65 12 39 6  24 35 52 72 19 67 55 66 
47 45 42 44 46 67 61 60 62 63 64 65 9  6  8  76 11 7  27 24 26 68 29 25 0  4  3  66 1  5  14 12 13 17 15 16 75 32 34 30 33 35 59 71 54 57 55 58 48 49 50 51 52 53 38 36 37 41 39 40 74 19 23 20 21 18 43 56 2  31 10 69 22 73 28 70 72 
72 64 62 65 61 63 17 15 16 14 12 13 38 39 36 37 69 41 18 19 20 21 22 23 71 54 59 55 58 57 66 4  1  5  2  0  73 50 52 48 51 53 11 76 6  9  7  10 68 29 25 27 24 26 30 35 75 34 33 31 42 67 47 43 46 45 60 8  56 49 40 32 44 28 74 3  70 
11 6  76 10 9  7  38 36 37 41 39 40 21 18 20 74 23 19 5  2  0  66 4  1  73 51 50 52 49 48 30 31 32 33 34 35 62 72 63 61 64 60 28 26 29 27 68 25 14 12 13 17 15 16 46 43 42 67 45 44 71 55 59 56 57 54 8  24 53 65 22 47 58 70 3  75 69 
59 54 71 58 57 55 6  7  8  9  10 11 27 29 24 26 28 68 17 15 16 14 12 13 75 33 32 34 31 30 41 39 40 38 36 37 42 47 67 46 45 43 50 73 51 48 52 49 63 64 65 61 60 62 21 20 74 19 18 22 0  66 3  2  5  4  56 53 35 44 25 23 1  72 70 69 76 
