3  11 0  1  68 55 59 56 54 69 58 4  43 42 46 45 44 67 41 70 36 39 37 40 14 16 76 15 17 12 51 75 49 52 50 53 28 72 26 29 24 27 62 66 63 60 64 61 74 9  5  10 7  6  19 23 20 18 71 22 35 33 34 32 30 31 73 65 2  21 25 38 13 48 57 8  47 
1  4  3  11 2  59 57 58 56 54 55 68 44 45 42 43 67 47 39 36 38 70 41 37 13 17 14 12 76 16 50 52 75 51 53 48 26 27 24 25 72 29 60 63 65 66 62 64 9  8  6  5  10 74 20 22 71 21 23 18 73 30 35 31 34 33 32 61 0  19 28 40 15 49 69 7  46 
4  2  11 68 3  69 54 59 55 58 57 0  47 44 43 67 46 42 36 40 37 38 70 39 12 14 15 17 13 76 48 50 51 53 49 75 72 25 27 26 29 28 63 61 64 65 66 60 7  10 9  74 6  8  23 21 22 20 18 19 31 35 32 30 73 34 33 62 1  71 24 41 16 52 56 5  45 
68 0  4  2  1  54 56 57 59 55 69 3  46 67 44 47 42 45 38 37 41 40 36 70 16 13 12 76 15 14 49 53 50 48 75 52 27 28 29 24 25 26 65 64 62 61 63 66 10 5  8  9  74 7  22 19 18 71 21 20 33 73 31 34 32 35 30 60 11 23 72 39 17 51 58 6  43 
11 68 1  4  0  57 69 55 58 56 59 2  67 43 45 44 47 46 70 38 40 36 39 41 15 76 13 16 14 17 53 51 52 50 48 49 24 29 72 28 27 25 66 65 61 63 60 62 8  7  74 6  5  9  71 18 23 19 22 21 32 34 73 33 35 30 31 64 3  20 26 37 12 75 54 10 42 
55 57 58 59 54 10 5  8  9  74 7  69 3  2  68 0  1  11 49 52 51 75 48 53 67 45 44 46 43 42 63 60 62 66 65 61 32 30 31 35 33 34 19 71 23 20 21 18 39 70 37 40 38 41 24 29 72 28 27 25 13 17 14 12 76 16 15 22 56 26 73 50 47 64 6  36 4  
54 58 69 56 59 9  8  6  5  10 74 55 68 11 1  4  2  0  50 48 49 53 51 52 45 47 42 44 46 67 62 61 65 64 60 66 34 32 35 33 73 31 22 21 19 18 23 71 40 37 36 70 39 38 25 24 28 27 26 72 17 15 16 14 12 13 76 20 57 29 30 75 43 63 7  41 3  
58 59 56 55 69 7  10 9  74 6  8  57 0  68 4  2  3  1  48 75 52 49 53 50 44 42 43 47 45 46 66 62 64 60 63 65 73 33 32 34 31 30 21 20 71 19 18 22 41 39 40 38 36 37 26 27 24 25 72 29 14 16 76 15 17 12 13 23 54 28 35 51 67 61 5  70 11 
57 54 59 69 58 6  74 10 7  8  5  56 11 3  0  1  4  68 52 50 53 51 75 49 46 44 47 45 67 43 61 63 66 65 64 62 33 35 30 32 34 73 71 22 18 23 20 19 36 38 39 41 37 70 27 28 29 24 25 26 12 14 15 17 13 76 16 21 55 72 31 48 42 60 9  40 2  
56 55 54 58 57 8  7  74 6  5  9  59 2  4  11 68 0  3  53 49 75 48 50 51 43 46 45 67 42 47 60 64 61 62 66 63 35 31 73 30 32 33 18 19 20 21 22 23 37 41 38 36 70 40 28 72 26 29 24 27 76 12 17 13 16 15 14 71 69 25 34 52 44 65 10 39 1  
69 56 57 54 55 74 9  5  10 7  6  58 4  1  3  11 68 2  51 53 48 50 52 75 42 67 46 43 47 44 64 65 63 61 62 60 30 73 34 31 35 32 23 18 21 22 71 20 38 40 70 39 41 36 29 26 25 72 28 24 16 13 12 76 15 14 17 19 59 27 33 49 45 66 8  37 0  
2  3  68 0  11 56 58 69 57 59 54 1  42 47 67 46 45 43 40 41 39 37 38 36 17 15 16 14 12 13 75 48 53 49 52 51 29 26 25 72 28 24 61 62 60 64 65 63 5  6  7  8  9  10 18 20 21 23 19 71 30 32 33 35 31 73 34 66 4  22 27 70 76 50 55 74 44 
46 45 47 42 44 68 2  11 1  3  4  43 17 12 15 16 76 14 8  10 5  7  9  74 32 34 73 33 35 30 37 38 36 40 41 39 20 22 71 21 23 18 51 53 48 50 52 75 69 54 59 55 58 57 63 64 65 60 61 62 26 29 28 72 25 27 24 49 67 66 19 6  31 70 0  56 13 
47 42 67 46 43 4  68 1  3  0  11 45 16 15 13 12 17 76 9  7  10 8  74 6  73 30 35 31 34 33 40 36 70 38 37 41 19 23 20 18 71 22 52 50 53 51 75 49 57 69 55 58 56 59 66 61 63 62 65 64 28 27 25 24 29 72 26 48 44 60 21 5  32 39 2  54 14 
45 44 42 43 47 0  3  68 4  11 2  67 14 17 16 76 13 15 10 6  74 5  7  8  33 73 31 34 32 35 39 37 40 41 70 36 23 21 22 20 18 19 53 49 75 48 50 51 56 58 69 57 59 54 61 60 64 63 62 66 72 28 24 29 26 25 27 52 46 65 71 9  30 38 1  55 12 
43 67 45 44 46 3  1  2  68 4  0  47 13 76 17 14 15 12 5  74 9  6  10 7  30 32 33 35 31 73 70 41 37 39 36 38 22 19 18 71 21 20 48 75 52 49 53 50 58 55 54 69 57 56 64 66 62 65 60 63 27 26 72 25 24 28 29 51 42 61 23 8  34 40 11 59 16 
44 47 43 67 42 1  11 0  2  68 3  46 15 14 76 13 12 16 6  9  8  74 5  10 34 31 30 73 33 32 36 39 41 70 38 40 18 20 21 23 19 71 49 52 51 75 48 53 55 59 56 54 69 58 62 63 60 61 66 65 29 24 27 28 72 26 25 50 45 64 22 7  35 37 4  57 17 
42 43 46 45 67 2  0  4  11 1  68 44 76 16 12 17 14 13 7  5  6  10 8  9  31 35 32 30 73 34 41 40 38 37 39 70 71 18 23 19 22 21 50 48 49 53 51 52 54 56 57 59 55 69 65 62 61 66 64 60 24 25 26 27 28 29 72 75 47 63 20 74 33 36 3  58 15 
38 37 36 40 39 50 53 52 75 49 51 41 8  74 6  9  7  10 23 18 21 22 71 20 54 59 69 58 57 55 26 25 29 28 24 72 44 46 67 45 47 42 35 32 31 73 34 30 65 61 66 60 62 63 13 16 15 76 12 17 0  4  2  1  68 11 3  33 70 14 43 19 56 27 48 64 5  
40 41 38 37 70 53 48 51 52 75 50 39 7  9  74 8  10 5  22 21 19 18 23 71 56 57 54 55 69 59 24 28 25 26 72 27 67 42 47 43 46 45 73 31 33 32 35 34 61 64 63 66 60 65 15 17 12 14 16 76 3  68 0  11 2  4  1  30 36 13 44 20 58 29 49 62 6  
70 38 39 36 37 52 51 49 48 53 75 40 74 5  10 6  9  8  20 23 22 71 19 21 57 58 59 54 55 56 25 27 72 29 28 26 45 67 43 46 44 47 30 35 73 34 33 31 66 63 62 64 61 60 76 15 14 16 13 12 68 1  4  0  11 3  2  32 41 17 42 18 69 24 50 65 7  
39 36 41 70 40 75 52 48 53 50 49 38 6  10 7  5  74 9  19 71 23 20 21 18 59 56 55 69 58 54 29 72 24 27 25 28 42 44 45 47 43 67 33 34 35 30 31 32 60 66 64 61 65 62 17 13 76 12 14 15 4  3  11 2  1  0  68 73 37 16 46 22 57 26 51 63 8  
41 70 37 39 38 49 75 53 50 51 48 36 5  7  8  10 6  74 21 20 71 19 18 22 55 54 58 57 56 69 27 24 26 72 29 25 46 43 42 67 45 44 31 30 34 33 32 73 62 60 61 65 63 64 16 14 17 15 76 13 11 0  1  68 3  2  4  35 40 12 47 23 59 28 52 66 9  
36 40 70 38 41 51 50 75 49 48 52 37 9  6  5  74 8  7  71 22 18 23 20 19 69 55 57 56 59 58 28 29 27 25 26 24 43 47 44 42 67 46 34 73 32 35 30 33 63 65 60 62 64 66 14 12 13 17 15 16 2  11 68 3  4  1  0  31 39 76 45 21 54 72 53 61 10 
12 17 15 16 14 42 45 47 67 44 46 76 73 34 30 35 32 31 69 56 58 54 57 59 29 24 27 28 72 26 6  10 7  5  74 9  66 61 63 62 65 64 38 37 41 40 36 70 2  0  4  11 1  68 50 49 53 52 48 75 19 22 21 71 18 23 20 39 13 51 60 55 25 8  43 3  33 
17 14 16 76 15 43 44 42 46 47 45 13 31 73 35 32 33 30 56 55 59 58 54 69 28 27 25 24 29 72 9  6  5  74 8  7  65 62 61 66 64 60 37 39 70 41 40 38 3  1  2  68 4  0  48 52 49 50 75 51 71 21 20 22 19 18 23 36 12 53 63 57 26 10 67 11 34 
76 13 17 14 12 44 67 45 42 46 43 15 33 32 73 31 30 34 58 59 57 55 56 54 26 29 28 72 25 27 8  74 6  9  7  10 61 60 64 63 62 66 41 70 36 39 37 40 1  11 0  2  68 3  49 51 75 53 52 50 23 19 71 18 20 21 22 38 16 48 65 69 24 5  47 4  35 
16 76 12 17 13 45 43 46 47 67 42 14 32 35 34 73 31 33 54 58 55 56 69 57 25 72 29 26 27 24 74 5  10 6  9  8  63 64 65 60 61 62 40 41 39 37 38 36 0  3  68 4  11 2  53 75 48 51 49 52 20 18 19 23 21 22 71 70 15 50 66 59 28 7  44 1  30 
15 16 13 12 76 46 42 67 44 43 47 17 35 30 33 34 73 32 57 54 56 69 59 55 27 26 72 25 24 28 5  7  8  10 6  74 60 65 66 64 63 61 36 40 37 38 70 39 68 2  11 1  3  4  51 48 50 75 53 49 21 23 18 20 22 71 19 41 14 52 62 58 29 9  45 0  31 
13 12 14 15 17 47 46 44 43 45 67 16 34 33 31 30 35 73 59 69 54 57 55 58 72 28 24 29 26 25 10 8  9  7  5  6  62 63 60 61 66 65 70 38 40 36 39 41 4  68 1  3  0  11 52 53 51 49 50 48 18 71 22 19 23 20 21 37 76 75 64 56 27 74 42 2  32 
52 50 75 51 48 66 63 62 64 61 60 53 39 37 40 41 70 36 72 29 25 27 24 26 8  6  9  10 74 5  35 30 33 34 73 32 0  11 3  68 1  4  76 13 15 14 17 16 71 23 19 21 18 20 44 46 67 45 47 42 69 55 57 56 59 58 54 12 49 43 2  28 7  31 65 22 38 
75 51 49 52 53 60 66 64 61 65 62 50 41 40 38 37 39 70 24 27 29 72 26 28 9  5  74 7  6  10 34 33 31 30 35 73 2  1  0  4  3  11 17 14 13 76 16 12 20 71 21 18 22 19 43 47 44 42 67 46 57 58 59 54 55 56 69 15 48 45 68 25 8  32 63 23 36 
50 48 51 53 75 65 61 66 60 62 63 49 36 39 41 70 38 40 29 28 26 25 27 72 10 9  7  6  8  74 32 35 34 73 31 33 1  68 11 0  4  2  13 12 16 15 14 76 22 18 71 20 19 23 47 45 46 44 42 43 56 57 54 55 69 59 58 17 52 67 3  24 5  30 64 21 37 
53 49 50 48 52 61 64 63 66 60 65 75 38 70 39 36 40 37 25 26 24 28 29 27 5  8  10 74 7  9  31 73 35 32 33 30 11 2  4  3  68 0  15 16 17 12 13 14 18 21 23 71 20 22 46 43 42 67 45 44 58 69 56 59 54 57 55 76 51 47 1  72 6  34 62 19 41 
48 75 53 49 51 64 62 65 63 66 61 52 40 36 70 38 37 41 28 24 72 26 25 29 6  7  5  9  10 8  33 32 73 31 30 34 4  0  68 1  2  3  12 17 76 16 15 13 21 19 22 23 71 18 42 44 45 47 43 67 55 54 58 57 56 69 59 14 50 46 11 27 74 35 60 20 39 
51 53 52 50 49 63 65 60 62 64 66 48 70 41 37 39 36 38 27 25 28 29 72 24 7  74 8  5  9  6  73 34 30 35 32 31 3  4  1  2  11 68 14 15 12 13 76 17 23 22 20 19 21 71 67 42 47 43 46 45 54 59 69 58 57 55 56 16 75 44 0  26 10 33 61 18 40 
29 28 27 25 24 35 73 30 33 31 34 26 71 19 21 20 23 22 67 46 42 47 44 43 65 60 63 64 66 62 2  4  11 68 0  3  41 36 39 40 70 38 59 69 54 57 55 58 13 15 76 17 16 14 9  10 8  6  7  5  53 52 50 49 51 75 48 56 72 74 37 45 61 1  32 12 18 
72 29 24 27 28 30 34 31 32 73 33 25 19 18 22 21 20 71 43 67 47 44 45 42 66 64 60 65 62 61 4  1  3  11 68 2  40 39 37 36 41 70 58 59 57 55 56 54 76 14 16 12 15 17 6  8  74 10 9  7  51 49 52 53 75 48 50 69 26 5  38 46 63 0  35 13 23 
24 27 26 72 25 33 30 32 73 35 31 29 21 22 23 18 19 20 45 44 67 43 42 46 60 61 62 63 64 65 11 3  0  1  4  68 38 41 40 70 37 39 56 55 59 58 54 69 17 76 12 15 13 16 5  9  6  7  74 8  52 48 75 50 49 53 51 57 28 10 36 47 66 2  34 14 71 
27 25 72 29 26 34 35 33 31 32 30 28 20 21 18 19 71 23 44 47 46 67 43 45 63 62 66 61 60 64 68 11 1  4  2  0  37 70 41 38 39 36 55 57 69 59 58 56 14 13 17 16 12 76 74 7  9  5  8  10 50 75 51 48 52 49 53 54 24 6  40 42 65 3  73 15 22 
25 26 29 28 72 73 32 34 30 33 35 24 23 20 19 71 22 18 47 42 45 46 67 44 61 66 65 62 63 60 0  68 4  2  3  1  39 38 70 37 36 40 57 54 56 69 59 55 15 12 14 76 17 13 8  5  7  74 10 6  48 51 53 75 50 52 49 58 27 9  41 43 64 11 31 16 21 
28 24 25 26 27 32 31 35 34 30 73 72 22 71 20 23 18 21 46 45 43 42 47 67 64 63 61 60 65 66 3  2  68 0  1  11 70 40 36 41 38 37 69 56 58 54 57 59 12 16 13 14 76 15 7  6  10 9  5  74 49 50 48 52 53 51 75 55 29 8  39 44 62 4  33 17 19 
65 64 63 61 60 22 18 71 20 19 23 62 51 75 49 52 50 53 35 32 31 73 34 30 40 70 38 41 36 39 16 15 13 12 17 76 55 69 59 56 57 54 47 42 45 46 67 44 25 28 27 72 24 29 4  0  68 1  2  3  5  8  10 74 7  9  6  43 66 11 58 33 37 14 21 26 48 
61 62 65 64 66 18 21 23 71 20 22 60 50 52 75 51 53 48 73 31 33 32 35 34 37 36 40 39 38 70 17 12 15 16 76 14 59 54 57 58 69 56 46 45 43 42 47 67 28 26 29 27 72 25 68 3  2  11 0  1  6  7  5  9  10 8  74 44 63 4  55 30 41 13 19 24 49 
66 65 60 63 64 71 23 19 21 18 20 61 75 48 53 49 52 51 30 35 73 34 33 31 36 41 70 40 39 37 15 14 76 13 12 16 56 59 58 69 55 57 44 47 46 67 43 45 27 29 24 26 28 72 1  68 11 0  4  2  7  74 8  5  9  6  10 42 62 3  54 32 38 17 22 25 50 
60 63 62 66 61 20 71 21 18 22 19 65 49 53 50 48 75 52 33 34 35 30 31 32 70 37 39 38 41 40 13 76 17 14 15 12 54 55 56 57 58 59 43 67 47 44 45 42 72 27 26 28 25 24 3  4  1  2  11 68 8  6  9  10 74 5  7  46 64 0  69 73 36 16 23 29 51 
62 66 64 60 65 19 20 18 22 23 21 63 48 50 51 53 49 75 31 30 34 33 32 73 39 40 41 36 37 38 14 17 16 76 13 15 69 58 54 59 56 55 45 44 67 43 42 46 24 72 28 25 29 26 0  11 3  68 1  4  9  5  74 7  6  10 8  47 61 2  57 35 70 12 71 27 52 
63 61 66 65 62 23 22 20 19 21 71 64 52 49 48 75 51 50 34 73 32 35 30 33 38 39 36 37 70 41 12 13 14 15 16 17 58 57 55 54 59 69 67 46 42 47 44 43 29 25 72 24 26 27 11 2  4  3  68 0  10 9  7  6  8  74 5  45 60 1  56 31 40 76 18 28 53 
74 8  6  9  10 39 70 37 40 38 41 7  58 54 69 56 55 59 62 66 63 60 64 61 11 0  1  68 3  2  23 20 19 71 22 18 12 76 16 13 17 14 24 27 29 72 26 28 53 48 51 52 75 50 33 35 30 32 34 73 47 43 67 42 44 45 46 25 5  31 15 65 4  21 36 49 57 
10 6  7  5  9  40 37 36 70 39 38 74 69 59 55 57 54 56 65 64 62 61 63 66 0  4  2  1  68 11 19 18 22 21 20 71 14 12 13 17 15 16 25 26 24 28 29 27 52 51 49 48 53 75 73 33 32 34 31 30 43 46 45 67 42 47 44 72 8  35 76 60 3  23 41 50 58 
6  9  5  74 7  41 39 40 38 36 37 8  56 69 57 54 58 55 64 60 66 62 61 65 1  2  3  4  0  68 71 19 21 20 23 22 15 17 12 14 16 76 26 72 27 24 28 25 50 53 52 75 49 51 31 34 33 73 30 35 67 45 44 46 43 42 47 29 10 32 13 63 11 18 70 48 59 
8  10 9  7  6  36 38 39 41 37 70 5  59 58 56 55 57 69 66 65 61 63 60 62 68 1  4  0  11 3  18 23 71 22 21 19 17 13 76 12 14 15 27 25 28 29 72 24 49 75 53 50 51 48 34 32 35 33 73 31 42 67 46 43 47 44 45 26 74 30 16 64 2  20 40 52 54 
5  74 10 6  8  37 41 38 36 70 40 9  54 57 59 69 56 58 61 62 60 64 65 63 3  68 0  11 2  4  20 21 18 19 71 23 13 16 15 76 12 17 28 24 72 26 25 29 51 50 75 49 48 52 32 30 31 35 33 34 44 42 43 47 45 46 67 27 7  73 14 66 1  22 39 53 55 
7  5  8  10 74 38 40 70 39 41 36 6  57 55 58 59 69 54 63 61 64 65 66 60 2  11 68 3  4  1  21 22 23 18 19 20 76 15 14 16 13 12 29 28 26 25 27 72 75 52 48 53 50 49 35 31 73 30 32 33 45 47 42 44 46 67 43 24 9  34 17 62 0  71 37 51 56 
22 21 23 18 20 25 28 27 72 24 29 19 63 60 62 66 65 61 13 12 16 15 14 76 53 52 50 49 51 75 45 46 47 42 43 44 74 7  9  5  8  10 4  2  0  68 11 1  73 32 34 30 33 35 59 54 57 58 69 56 37 36 40 39 38 70 41 3  71 55 6  17 48 67 26 31 64 
71 22 20 23 21 27 29 24 26 28 72 18 60 64 61 62 66 63 76 13 15 14 17 16 51 49 52 53 75 48 46 67 44 47 42 45 5  9  6  7  74 8  1  4  68 11 3  0  34 35 33 31 32 30 58 57 55 54 59 69 38 39 36 37 70 41 40 2  19 56 10 12 50 43 25 73 65 
20 23 19 71 18 72 27 26 28 25 24 22 62 61 65 64 60 66 17 14 13 76 16 12 52 48 75 50 49 53 47 44 43 67 46 42 10 74 5  8  6  9  3  11 4  1  0  2  30 34 31 32 73 33 56 59 58 69 55 57 36 41 70 40 39 37 38 68 21 54 7  15 51 45 29 35 63 
23 18 71 22 19 29 25 72 24 26 27 21 66 62 64 60 63 65 14 15 12 13 76 17 50 75 51 48 52 49 42 47 67 46 45 43 6  8  74 10 9  7  11 68 2  4  1  3  35 73 30 33 31 34 55 69 59 56 57 54 40 70 38 41 36 39 37 0  20 58 5  16 53 44 28 32 61 
18 19 22 21 71 28 26 29 27 72 25 20 65 66 60 63 61 64 15 16 17 12 13 14 48 51 53 75 50 52 43 42 46 45 44 67 9  10 8  6  7  5  68 0  3  2  4  11 32 31 35 34 30 73 57 56 69 55 54 58 41 38 37 70 40 36 39 1  23 59 74 76 49 47 24 33 62 
21 20 18 19 23 26 24 25 29 27 28 71 61 63 66 65 64 62 12 17 76 16 15 13 49 50 48 52 53 51 44 45 42 43 67 47 8  5  7  74 10 6  2  3  1  0  68 4  31 33 73 35 34 32 69 58 54 59 56 55 39 40 41 36 37 38 70 11 22 57 9  14 75 46 72 30 60 
34 73 30 35 31 14 13 17 16 12 76 32 72 26 28 24 27 29 1  4  68 11 3  0  23 19 71 18 20 21 69 59 55 57 54 56 48 52 49 50 75 51 74 8  7  9  6  5  67 47 43 45 42 44 39 38 70 37 36 40 65 60 63 64 66 62 61 10 33 41 53 2  22 58 15 46 25 
73 31 35 32 30 15 12 14 76 17 13 33 29 72 24 27 25 28 4  2  0  68 11 1  18 71 22 19 23 20 56 69 57 54 58 55 75 50 52 48 51 53 8  10 5  7  9  74 46 42 67 44 43 47 36 37 38 39 40 41 64 63 61 60 65 66 62 6  34 70 49 3  21 59 16 45 26 
32 33 73 31 34 12 16 13 14 76 15 30 25 27 72 29 28 26 68 0  3  2  4  11 21 23 18 20 22 71 58 54 69 56 55 59 52 53 51 49 50 48 7  5  6  10 8  9  42 45 47 67 44 46 38 41 40 70 37 39 62 65 64 66 61 63 60 74 35 36 75 1  19 57 17 43 24 
35 32 34 73 33 13 15 76 17 16 14 31 27 24 26 72 29 25 11 68 2  4  1  3  22 20 23 21 71 19 54 57 59 69 56 58 49 51 75 53 52 50 9  7  10 8  74 6  47 46 44 43 45 67 70 40 36 41 38 37 61 66 65 62 63 60 64 5  30 39 48 0  18 55 12 42 28 
30 35 33 34 32 76 14 16 12 15 17 73 24 28 25 26 72 27 3  11 4  1  0  2  71 21 20 22 19 18 57 55 58 59 69 54 53 75 48 51 49 52 6  9  8  74 5  10 44 67 45 42 46 43 41 36 39 40 70 38 63 62 66 61 60 64 65 7  31 37 50 68 23 56 13 47 29 
33 34 31 30 73 17 76 12 15 13 16 35 26 25 29 28 24 72 0  1  11 3  2  68 20 18 19 23 21 22 59 58 56 55 57 69 50 49 53 52 48 75 5  74 9  6  10 7  43 44 42 46 47 45 37 70 41 38 39 36 66 64 60 65 62 61 63 8  32 40 51 4  71 54 14 67 27 
31 30 32 33 35 16 17 15 13 14 12 34 28 29 27 25 26 24 2  3  1  0  68 4  19 22 21 71 18 23 55 56 54 58 59 57 51 48 50 75 53 49 10 6  74 5  7  8  45 43 46 47 67 42 40 39 37 36 41 70 60 61 62 63 64 65 66 9  73 38 52 11 20 69 76 44 72 
64 60 61 62 63 21 19 22 23 71 18 66 53 51 52 50 48 49 32 33 30 31 73 35 41 38 37 70 40 36 76 16 12 17 14 13 57 56 69 55 54 58 42 43 44 45 46 47 26 24 25 29 27 28 2  1  0  4  3  11 74 10 6  8  5  7  9  67 65 68 59 34 39 15 20 72 75 
0  1  2  3  4  58 55 54 69 57 56 11 45 46 47 42 43 44 37 39 70 41 40 38 76 12 17 13 16 15 52 49 48 75 51 50 25 24 28 27 26 72 64 60 66 62 61 65 6  74 10 7  8  5  21 71 19 22 20 23 34 31 30 73 33 32 35 63 68 18 29 36 14 53 59 9  67 
19 71 21 20 22 24 72 28 25 29 26 23 64 65 63 61 62 60 16 76 14 17 12 15 75 53 49 51 48 50 67 43 45 44 47 46 7  6  10 9  5  74 0  1  11 3  2  68 33 30 32 73 35 31 54 55 56 57 58 59 70 37 39 38 41 40 36 4  18 69 8  13 52 42 27 34 66 
26 72 28 24 29 31 33 73 35 34 32 27 18 23 71 22 21 19 42 43 44 45 46 47 62 65 64 66 61 63 1  0  2  3  11 4  36 37 38 39 40 41 54 58 55 56 69 57 16 17 15 13 14 12 10 74 5  8  6  9  75 53 49 51 48 50 52 59 25 7  70 67 60 68 30 76 20 
37 39 40 41 36 48 49 50 51 52 53 70 10 8  9  7  5  6  18 19 20 21 22 23 58 69 56 59 54 57 72 26 28 24 27 29 47 45 46 44 42 43 32 33 30 31 73 35 64 62 65 63 66 61 12 76 16 13 17 14 1  2  3  4  0  68 11 34 38 15 67 71 55 25 75 60 74 
14 15 76 13 16 67 47 43 45 42 44 12 30 31 32 33 34 35 55 57 69 59 58 56 24 25 26 27 28 29 7  9  74 8  10 5  64 66 62 65 60 63 39 36 38 70 41 37 11 4  3  0  2  1  75 50 52 48 51 53 22 20 23 21 71 19 18 40 17 49 61 54 72 6  46 68 73 
49 52 48 75 50 62 60 61 65 63 64 51 37 38 36 40 41 39 26 72 27 24 28 25 74 10 6  8  5  7  30 31 32 33 34 35 68 3  2  11 0  1  16 76 14 17 12 15 19 20 18 22 23 21 45 67 43 46 44 47 59 56 55 69 58 54 57 13 53 42 4  29 9  73 66 71 70 
59 69 55 57 56 5  6  7  8  9  10 54 1  0  2  3  11 4  75 51 50 52 49 48 47 43 67 42 44 45 65 66 60 63 61 64 31 34 33 73 30 35 20 23 22 71 19 21 70 36 41 37 40 39 72 25 27 26 29 28 15 76 13 16 14 17 12 18 58 24 32 53 46 62 74 38 68 
9  7  74 8  5  70 36 41 37 40 39 10 55 56 54 58 59 57 60 63 65 66 62 64 4  3  11 2  1  0  22 71 20 23 18 21 16 14 17 15 76 13 72 29 25 27 24 26 48 49 50 51 52 53 30 73 34 31 35 32 46 44 47 45 67 43 42 28 6  33 12 61 68 19 38 75 69 
67 46 44 47 45 11 4  3  0  2  1  42 12 13 14 15 16 17 74 8  7  9  6  5  35 33 34 32 30 31 38 70 39 36 40 37 21 71 19 22 20 23 75 51 50 52 49 48 59 57 58 56 54 55 60 65 66 64 63 61 25 72 29 26 27 24 28 53 43 62 18 10 73 41 68 69 76 
