3  4  0  1  5  76 68 13 15 14 17 16 23 22 20 19 21 75 55 71 59 56 57 54 35 73 30 33 31 34 70 36 41 37 40 39 6  9  11 69 8  10 53 74 48 51 49 52 72 61 65 60 64 63 42 46 43 44 66 45 26 27 67 25 24 28 50 32 18 12 7  47 29 38 62 58 2  
1  5  3  4  76 2  15 16 17 12 13 14 18 21 23 75 20 22 71 58 54 59 56 55 31 33 73 35 34 32 38 40 70 39 41 36 8  69 9  6  10 7  49 51 74 53 52 50 62 64 72 63 65 61 46 47 45 43 44 42 25 24 26 27 28 29 48 30 19 68 11 66 67 37 60 57 0  
5  2  4  76 0  3  13 12 16 15 14 68 75 23 19 21 18 20 57 56 71 55 54 58 32 31 35 34 30 73 39 70 37 40 38 41 7  8  6  10 11 9  50 49 53 52 48 74 63 72 60 64 62 65 66 44 46 42 45 47 24 29 27 28 67 26 51 33 22 17 69 43 25 36 61 59 1  
76 0  5  2  3  1  16 68 14 17 12 15 22 18 75 20 19 23 56 59 58 71 55 57 30 34 31 32 73 33 36 38 39 41 37 70 11 10 8  7  9  69 48 52 49 50 74 51 61 62 63 65 60 72 44 43 47 46 42 66 28 67 24 29 26 25 53 35 21 13 6  45 27 40 64 54 4  
2  3  76 0  1  4  14 15 12 13 68 17 21 19 22 23 75 18 59 54 57 58 71 56 73 32 34 30 33 35 40 37 36 70 39 38 9  7  10 11 69 6  74 50 52 48 51 53 64 60 61 72 63 62 43 45 66 47 46 44 29 26 28 67 25 27 49 31 20 16 8  42 24 41 65 55 5  
4  76 1  5  2  0  17 14 13 68 16 12 19 20 18 22 23 21 58 57 55 54 59 71 34 35 33 31 32 30 37 41 38 36 70 40 10 6  69 8  7  11 52 53 51 49 50 48 60 65 62 61 72 64 47 66 42 45 43 46 27 28 25 24 29 67 74 73 75 15 9  44 26 39 63 56 3  
12 15 14 68 17 13 11 6  9  10 69 8  42 44 45 47 43 66 70 38 40 36 39 41 49 51 74 53 52 50 27 67 25 28 26 29 57 71 55 58 56 59 72 64 61 65 62 60 1  2  3  5  0  76 30 73 34 31 35 32 20 18 21 23 19 75 63 48 46 7  54 33 22 24 4  37 16 
16 12 13 14 68 15 10 9  7  6  11 69 43 47 44 42 66 46 40 41 39 37 38 36 51 48 50 74 53 49 26 28 67 27 29 24 71 54 59 55 58 57 64 63 60 61 65 72 0  5  2  1  76 4  34 32 35 33 73 31 22 20 75 21 23 18 62 52 45 8  56 30 19 25 3  70 17 
13 14 17 16 12 68 8  11 10 69 7  9  44 46 66 45 47 42 36 40 37 38 70 39 74 50 52 48 51 53 67 24 29 25 28 27 55 59 56 54 71 58 61 60 62 63 64 65 2  4  76 3  5  1  31 34 33 73 30 35 75 21 19 22 20 23 72 49 43 6  57 32 18 26 0  41 15 
14 68 16 12 15 17 7  69 11 8  9  6  45 66 43 46 44 47 41 70 36 39 37 40 53 74 48 51 49 52 25 29 26 24 67 28 58 55 54 71 57 56 65 61 63 64 72 62 3  76 0  4  2  5  32 30 31 35 33 34 21 23 22 20 18 19 60 50 42 10 59 73 75 27 1  38 13 
68 17 12 15 13 16 9  8  69 7  6  10 46 43 42 66 45 44 38 37 41 40 36 70 52 53 51 49 50 48 24 26 27 29 25 67 56 58 71 57 59 54 62 65 64 72 60 63 4  0  1  76 3  2  73 33 32 34 31 30 23 19 20 18 75 22 61 74 47 11 55 35 21 28 5  39 14 
15 13 68 17 16 14 69 10 6  11 8  7  47 45 46 44 42 43 37 39 70 41 40 38 50 49 53 52 48 74 28 25 24 67 27 26 59 57 58 56 54 55 60 72 65 62 63 61 5  3  4  2  1  0  33 35 30 32 34 73 18 75 23 19 22 21 64 51 66 9  71 31 20 29 76 36 12 
18 75 23 19 22 21 47 43 66 42 44 45 17 12 15 16 68 14 51 53 48 50 52 74 54 56 57 59 55 71 65 63 64 62 61 60 31 33 73 35 34 32 40 39 37 36 41 70 26 28 67 27 29 24 6  8  9  11 7  69 2  3  76 0  1  4  38 58 13 46 30 10 5  72 25 49 20 
75 21 19 22 20 23 44 42 43 47 45 46 16 15 13 12 17 68 49 52 51 74 48 53 71 54 59 55 58 57 62 64 72 63 65 61 32 31 35 34 30 73 70 40 36 41 38 37 27 67 25 28 26 29 10 7  6  69 9  8  3  4  0  1  5  76 39 56 14 66 33 11 2  60 24 50 18 
22 20 75 21 23 18 43 46 45 66 42 47 14 17 16 68 13 15 52 50 53 51 74 49 58 55 54 71 57 56 60 65 62 61 72 64 30 34 31 32 73 33 38 41 40 70 37 39 24 26 27 29 25 67 7  11 8  6  69 10 1  5  3  4  76 2  36 59 12 44 35 9  0  63 28 48 19 
19 22 18 75 21 20 66 45 44 46 43 42 13 68 17 14 15 12 53 49 74 48 50 51 55 59 56 54 71 58 72 61 65 60 64 63 34 35 33 31 32 30 41 36 39 40 70 38 25 29 26 24 67 28 8  10 69 9  11 6  0  1  2  3  4  5  37 57 16 47 73 7  76 62 27 52 23 
23 19 20 18 75 22 46 44 47 45 66 43 15 14 68 13 12 16 74 51 50 52 49 48 59 57 58 56 54 55 64 60 61 72 63 62 35 73 30 33 31 34 36 37 38 39 40 41 67 24 29 25 28 27 69 6  11 7  10 9  76 0  5  2  3  1  70 71 17 42 32 8  4  65 26 53 21 
20 18 21 23 19 75 42 66 46 43 47 44 68 16 12 17 14 13 48 74 52 49 53 50 56 58 71 57 59 54 61 62 63 65 60 72 33 30 32 73 35 31 39 38 70 37 36 40 29 27 28 26 24 25 9  69 7  10 8  11 5  2  4  76 0  3  41 55 15 45 34 6  1  64 67 51 22 
58 56 71 57 59 54 39 41 36 38 40 70 53 48 51 52 74 50 23 18 21 22 75 20 76 4  1  5  2  0  66 42 47 43 46 45 26 29 28 67 25 27 12 16 13 14 68 15 11 8  7  69 10 6  72 62 64 61 63 65 73 35 30 33 31 34 17 3  49 37 24 60 32 44 9  19 55 
54 71 59 55 58 57 70 39 38 40 37 36 48 49 50 51 52 53 22 21 19 18 23 75 1  0  2  3  4  5  42 44 45 47 43 66 28 27 25 24 29 67 13 15 68 17 16 14 8  9  6  7  69 11 61 64 60 62 72 63 34 30 31 32 73 33 12 76 74 41 26 65 35 46 10 20 56 
71 57 55 58 56 59 37 40 39 70 36 41 51 50 74 49 48 52 20 23 22 75 19 21 5  1  3  4  76 2  47 45 46 44 42 43 67 28 24 29 26 25 14 13 17 16 12 68 7  6  10 9  8  69 65 72 61 63 60 64 30 33 32 73 35 31 15 0  53 38 27 62 34 66 11 18 54 
56 54 57 59 55 71 40 38 41 39 70 37 52 51 49 48 53 74 19 75 23 20 21 18 0  76 5  2  3  1  43 47 44 42 66 46 27 26 67 25 24 28 15 12 14 68 17 13 69 7  9  8  11 10 60 63 72 65 64 62 35 34 33 31 32 30 16 4  50 36 29 61 73 45 6  22 58 
55 58 54 71 57 56 38 36 37 41 39 40 74 52 48 53 50 49 21 20 75 19 18 22 4  3  0  1  5  76 46 43 42 66 45 44 29 24 27 28 67 26 16 17 15 13 14 12 10 69 8  11 6  9  64 65 63 60 62 61 32 73 34 30 33 35 68 2  51 70 25 72 31 47 7  23 59 
59 55 56 54 71 58 41 37 70 36 38 39 50 53 52 74 49 51 75 22 18 23 20 19 3  2  76 0  1  4  45 66 43 46 44 47 24 25 26 27 28 29 17 68 12 15 13 16 6  11 69 10 9  7  63 61 62 72 65 60 31 32 35 34 30 73 14 5  48 40 67 64 33 42 8  21 57 
34 30 31 32 73 33 48 53 74 52 51 49 55 56 54 58 59 57 76 2  4  1  3  5  29 24 27 28 67 26 68 16 12 17 14 13 65 61 63 64 72 62 75 18 23 19 22 21 66 42 47 43 46 45 70 38 40 36 39 41 7  9  10 11 69 6  20 25 71 50 60 37 8  15 44 0  35 
31 32 35 34 30 73 50 51 48 49 74 53 54 57 59 71 56 58 5  76 1  3  0  4  28 27 25 24 29 67 12 13 14 15 16 17 64 63 60 61 65 72 19 23 20 18 75 22 47 45 46 44 42 43 41 70 36 39 37 40 10 11 8  7  9  69 21 26 55 52 62 38 6  68 66 2  33 
30 33 32 73 35 31 51 52 53 48 49 50 58 54 71 56 55 59 0  3  76 5  4  2  26 29 28 67 25 27 17 12 15 16 68 14 62 65 64 72 60 63 21 75 19 22 20 23 43 47 44 42 66 46 37 39 70 41 40 38 9  6  11 69 8  10 18 24 57 74 61 36 7  13 45 1  34 
73 35 30 33 31 34 53 50 49 74 52 48 57 55 58 59 71 54 3  1  2  76 5  0  25 67 29 26 27 24 13 68 17 14 15 12 60 72 65 62 63 61 20 22 75 21 23 18 45 66 43 46 44 47 39 36 38 70 41 37 69 8  9  6  10 7  19 28 56 51 64 40 11 16 42 4  32 
33 31 73 35 34 32 49 48 52 51 50 74 56 71 57 54 58 55 1  4  0  2  76 3  27 26 67 25 24 28 16 15 13 12 17 68 63 62 72 60 61 64 23 21 22 20 18 19 42 44 45 47 43 66 36 40 37 38 70 39 6  10 69 8  7  11 75 29 59 53 65 41 9  14 46 5  30 
32 73 34 30 33 35 74 49 51 50 53 52 71 59 55 57 54 56 2  0  5  4  1  76 67 28 24 29 26 25 15 14 68 13 12 16 72 64 61 65 62 60 22 19 18 75 21 20 44 46 66 45 47 42 38 37 41 40 36 70 11 69 7  9  6  8  23 27 58 48 63 39 10 17 43 3  31 
40 70 36 41 38 37 25 28 27 67 24 29 63 72 60 64 62 65 45 42 44 66 47 43 13 15 68 17 16 14 35 30 33 34 73 32 19 23 20 18 75 22 6  9  11 69 8  10 57 55 58 59 71 54 76 2  4  1  3  5  52 48 49 50 74 51 7  12 61 26 21 0  53 31 56 46 39 
70 37 41 38 39 36 24 67 28 25 29 26 64 60 61 72 63 62 46 47 45 43 44 42 14 13 17 16 12 68 34 33 31 30 35 73 22 19 18 75 21 20 10 6  69 8  7  11 59 58 56 55 57 71 0  3  76 5  4  2  48 51 50 74 53 49 9  15 65 27 23 1  52 32 54 66 40 
38 39 70 37 36 40 28 26 29 27 67 25 65 63 64 62 61 60 47 66 42 45 43 46 12 16 13 14 68 15 32 35 34 73 31 33 21 75 19 22 20 23 7  8  6  10 11 9  54 57 59 71 56 58 3  1  2  76 5  0  74 53 48 51 49 52 69 17 72 24 18 4  50 30 55 44 41 
41 38 40 70 37 39 27 29 24 26 28 67 61 62 63 65 60 72 42 46 43 44 66 45 16 17 15 13 14 12 31 73 35 32 33 30 75 18 23 19 22 21 8  69 9  6  10 7  56 71 57 54 58 55 2  0  5  4  1  76 50 74 52 48 51 53 11 68 64 25 20 3  49 34 59 47 36 
36 41 39 40 70 38 26 24 25 29 27 28 60 65 62 61 72 64 43 45 66 47 46 44 17 68 12 15 13 16 33 32 73 31 30 34 18 20 21 23 19 75 69 11 7  9  6  8  58 54 71 56 55 59 5  76 1  3  0  4  49 50 53 52 48 74 10 14 63 67 22 2  51 35 57 42 37 
39 40 37 36 41 70 67 27 26 28 25 24 62 64 72 63 65 61 44 43 47 46 42 66 15 12 14 68 17 13 73 34 30 35 32 31 23 21 22 20 18 19 9  7  10 11 69 6  71 59 55 57 54 56 4  5  3  0  2  1  53 52 51 49 50 48 8  16 60 29 75 76 74 33 58 45 38 
8  7  6  10 11 9  59 71 54 57 55 58 31 73 35 32 33 30 67 26 28 24 27 29 64 63 60 61 65 72 21 19 22 23 75 18 41 36 39 40 70 38 2  5  4  76 0  3  15 14 68 13 12 16 52 50 53 51 74 49 66 43 47 44 45 42 1  62 34 56 37 48 46 20 17 25 69 
6  10 69 8  7  11 56 55 59 58 54 71 35 30 33 34 73 32 29 67 24 27 25 28 61 60 62 63 64 65 22 18 75 20 19 23 40 39 37 36 41 70 76 4  1  5  2  0  68 16 12 17 14 13 49 52 51 74 48 53 47 44 46 66 43 45 3  72 31 57 38 50 42 21 15 26 9  
7  9  10 11 69 6  55 57 71 59 58 56 32 35 34 73 31 33 25 27 67 29 28 26 72 64 61 65 62 60 23 22 20 19 21 75 38 41 40 70 37 39 3  2  76 0  1  4  13 68 17 14 15 12 48 74 52 49 53 50 43 42 44 45 46 47 5  63 30 54 36 51 66 18 16 24 8  
11 69 7  9  6  8  71 56 58 54 57 59 30 31 32 33 34 35 27 24 26 67 29 25 62 65 64 72 60 63 18 21 23 75 20 22 37 70 41 38 39 36 1  0  2  3  4  5  16 15 13 12 17 68 74 51 50 52 49 48 45 46 43 42 47 66 76 61 73 55 40 53 44 19 14 28 10 
9  6  11 69 8  10 58 59 57 55 56 54 73 34 30 35 32 31 24 28 25 26 67 27 60 72 65 62 63 61 19 20 18 22 23 21 39 38 70 37 36 40 4  3  0  1  5  76 14 17 16 68 13 15 51 53 48 50 52 74 42 47 45 46 66 44 2  64 33 71 41 49 43 75 12 29 7  
10 11 8  7  9  69 54 58 55 56 71 57 34 33 31 30 35 73 26 25 29 28 24 67 65 61 63 64 72 62 20 75 21 18 22 19 70 40 36 41 38 37 0  76 5  2  3  1  17 12 15 16 68 14 50 48 49 53 51 52 44 45 66 43 42 46 4  60 32 59 39 74 47 23 13 27 6  
52 48 49 50 74 51 63 65 61 62 64 72 41 39 40 38 36 37 12 68 16 13 17 14 75 18 23 19 22 21 11 8  7  69 10 6  0  76 5  2  3  1  47 42 45 46 66 44 33 32 73 31 30 34 25 27 67 29 28 26 59 55 56 54 71 58 43 20 70 60 4  24 57 9  35 15 53 
49 50 53 52 48 74 60 64 63 72 61 65 40 37 36 70 39 38 14 12 13 17 15 16 19 23 20 18 75 22 7  6  10 9  8  69 2  5  4  76 0  3  46 45 43 42 47 66 73 34 30 35 32 31 26 25 29 28 24 67 56 54 57 59 55 71 44 21 41 62 1  27 58 11 33 68 51 
48 51 50 74 53 49 64 62 65 63 72 60 38 40 70 39 41 36 15 17 12 14 16 68 21 75 19 22 20 23 69 7  9  8  11 10 1  0  2  3  4  5  44 47 46 66 43 45 31 73 35 32 33 30 24 28 25 26 67 27 55 58 54 71 57 56 42 18 37 61 76 29 59 6  34 13 52 
74 53 48 51 49 52 65 60 72 61 62 63 37 41 38 36 70 40 17 13 68 12 14 15 20 22 75 21 23 18 6  11 69 10 9  7  4  3  0  1  5  76 43 66 47 44 45 42 34 33 31 30 35 73 28 29 27 25 26 24 71 57 55 58 56 59 46 19 39 64 2  67 54 8  32 16 50 
51 49 74 53 52 50 72 63 62 64 60 61 39 70 37 40 38 41 13 16 15 68 12 17 23 21 22 20 18 19 8  9  6  7  69 11 5  1  3  4  76 2  45 44 66 43 42 46 32 35 34 73 31 33 29 67 24 27 25 28 58 56 71 57 59 54 47 75 36 65 0  26 55 10 30 14 48 
50 74 52 48 51 53 61 72 64 60 65 62 70 36 41 37 40 39 68 15 14 16 13 12 22 19 18 75 21 20 9  10 11 6  7  8  3  2  76 0  1  4  66 46 42 47 44 43 35 30 33 34 73 32 27 24 26 67 29 25 54 71 59 55 58 57 45 23 38 63 5  28 56 69 31 17 49 
64 72 61 65 62 60 3  5  1  2  4  76 28 25 24 67 27 26 6  8  9  11 7  69 45 44 66 43 42 46 57 55 58 59 71 54 14 13 17 16 12 68 34 35 33 31 32 30 53 48 51 52 74 50 75 22 18 23 20 19 38 39 70 37 36 40 73 47 29 0  15 21 41 56 49 10 63 
72 60 65 62 63 61 4  2  5  3  76 0  67 24 29 25 28 27 10 7  6  69 9  8  46 45 43 42 47 66 59 58 56 55 57 71 68 14 16 12 15 17 30 34 31 32 73 33 52 51 49 48 53 74 21 20 75 19 18 22 39 40 37 36 41 70 35 44 26 1  13 23 38 54 50 11 64 
62 63 72 60 61 64 5  0  76 1  2  3  26 28 67 27 29 24 7  11 8  6  69 10 47 42 45 46 66 44 54 57 59 71 56 58 15 12 14 68 17 13 73 32 34 30 33 35 50 53 52 74 49 51 20 23 22 75 19 21 36 41 39 40 70 38 31 43 25 4  16 18 37 55 48 9  65 
65 62 64 72 60 63 1  76 4  0  5  2  29 27 28 26 24 25 8  10 69 9  11 6  42 43 44 45 46 47 56 71 57 54 58 55 12 16 13 14 68 15 32 31 35 34 30 73 49 74 53 50 51 48 22 21 19 18 23 75 37 36 38 39 40 41 33 66 67 3  17 20 70 59 52 7  61 
61 65 63 64 72 62 0  4  3  76 1  5  24 26 27 29 25 67 69 6  11 7  10 9  43 66 47 44 45 42 58 54 71 56 55 59 16 17 15 13 14 12 31 33 73 35 34 32 51 50 74 49 48 52 19 75 23 20 21 18 70 37 41 38 39 36 30 46 28 2  68 22 40 57 53 8  60 
63 64 60 61 65 72 2  1  0  5  3  4  27 67 25 28 26 29 9  69 7  10 8  11 44 47 46 66 43 45 71 59 55 57 54 56 13 15 68 17 16 14 35 73 30 33 31 34 74 52 48 53 50 49 18 19 20 21 22 23 41 38 40 70 37 39 32 42 24 76 12 75 36 58 51 6  62 
44 45 66 43 42 46 34 73 32 35 30 33 7  6  10 9  8  69 60 63 72 65 64 62 37 70 41 38 39 36 5  3  4  2  1  0  74 50 52 48 51 53 24 25 26 27 28 29 19 20 18 22 23 21 59 54 57 58 71 56 16 12 13 14 68 15 67 40 11 31 49 55 17 76 75 61 47 
46 66 42 47 44 43 33 34 35 30 31 32 6  11 69 10 9  7  65 72 61 63 60 64 41 36 39 40 70 38 3  76 0  4  2  5  52 53 51 49 50 48 26 29 28 67 25 27 20 75 21 18 22 19 58 57 55 54 59 71 15 13 68 17 16 14 24 37 8  73 74 56 12 1  23 62 45 
66 43 47 44 45 42 31 30 34 33 32 73 10 69 8  11 6  9  62 60 65 64 61 72 38 41 40 70 37 39 4  0  1  76 3  2  48 52 49 50 74 51 27 26 67 25 24 28 18 21 23 75 20 22 56 59 58 71 55 57 13 14 17 16 12 68 29 36 7  35 53 54 15 5  19 63 46 
45 46 43 42 47 66 30 35 73 34 33 31 9  10 11 6  7  8  61 64 60 62 72 63 36 37 38 39 40 41 2  4  76 3  5  1  53 74 48 51 49 52 29 24 27 28 67 26 22 18 75 20 19 23 55 71 59 56 57 54 12 15 14 68 17 13 25 70 69 32 50 58 16 0  21 65 44 
47 44 46 66 43 45 35 32 31 73 34 30 8  9  6  7  69 11 72 62 64 61 63 65 70 40 36 41 38 37 1  2  3  5  0  76 50 49 53 52 48 74 25 67 29 26 27 24 23 22 20 19 21 75 57 56 71 55 54 58 17 16 15 13 14 12 28 39 10 33 51 59 68 4  18 60 42 
42 47 45 46 66 44 73 31 33 32 35 34 69 7  9  8  11 10 64 65 63 60 62 61 40 39 37 36 41 70 0  5  2  1  76 4  49 51 74 53 52 50 67 28 24 29 26 25 21 19 22 23 75 18 71 58 54 59 56 55 68 17 12 15 13 16 27 38 6  30 48 57 14 3  20 72 43 
27 28 25 24 29 67 19 21 75 23 22 20 0  5  2  1  76 4  73 33 32 34 31 30 7  8  6  10 11 9  51 50 74 49 48 52 44 47 46 66 43 45 59 57 58 56 54 55 40 37 36 70 39 38 17 13 68 12 14 15 63 64 60 61 65 72 71 69 3  18 42 16 62 53 41 35 26 
24 29 27 28 67 26 75 20 22 18 21 23 3  76 0  4  2  5  33 35 30 32 34 73 11 10 8  7  9  69 53 48 51 52 74 50 43 66 47 44 45 42 54 56 57 59 55 71 41 39 40 38 36 37 13 16 15 68 12 17 61 65 63 64 72 62 58 6  1  19 46 14 60 49 70 31 25 
29 26 28 67 25 27 21 18 20 75 23 19 4  0  1  76 3  2  31 34 33 73 30 35 69 11 7  9  6  8  52 51 49 48 53 74 42 43 44 45 46 47 71 54 59 55 58 57 38 40 70 39 41 36 14 12 13 17 15 16 65 62 64 72 60 63 56 10 5  22 66 68 61 50 37 32 24 
67 25 29 26 27 24 20 19 23 22 18 75 5  3  4  2  1  0  34 32 35 33 73 31 6  9  11 69 8  10 50 53 52 74 49 51 46 45 43 42 47 66 58 55 54 71 57 56 37 41 38 36 70 40 12 68 16 13 17 14 72 60 65 62 63 61 59 7  76 21 44 15 64 48 39 30 28 
26 27 67 25 24 28 23 75 18 21 19 22 76 1  5  0  4  3  32 30 31 35 33 34 8  69 9  6  10 7  48 49 50 51 52 53 47 42 45 46 66 44 57 71 55 58 56 59 39 70 37 40 38 41 68 15 14 16 13 12 62 63 72 60 61 64 54 11 2  20 43 17 65 74 36 73 29 
28 67 24 29 26 25 22 23 21 19 20 18 1  2  3  5  0  76 35 31 73 30 32 33 9  7  10 11 69 6  49 74 53 50 51 48 45 44 66 43 42 46 55 59 56 54 71 58 70 36 41 37 40 39 16 14 17 15 68 13 64 72 61 65 62 60 57 8  4  75 47 12 63 52 38 34 27 
53 52 51 49 50 48 62 61 60 65 63 64 36 38 39 41 37 70 16 14 17 15 68 13 18 20 21 23 19 75 10 69 8  11 6  9  76 4  1  5  2  0  42 43 44 45 46 47 30 31 32 33 34 35 67 26 28 24 27 29 57 59 58 56 54 55 66 22 40 72 3  25 71 7  73 12 74 
35 34 33 31 32 30 52 74 50 53 48 51 59 58 56 55 57 71 4  5  3  0  2  1  24 25 26 27 28 29 14 17 16 68 13 15 61 60 62 63 64 65 18 20 21 23 19 75 46 43 42 66 45 44 40 41 39 37 38 36 8  7  6  10 11 9  22 67 54 49 72 70 69 12 47 76 73 
21 23 22 20 18 19 45 47 42 44 46 66 12 13 14 15 16 17 50 48 49 53 51 52 57 71 55 58 56 59 63 72 60 64 62 65 73 32 34 30 33 35 37 70 41 38 39 36 28 25 24 67 27 26 11 9  10 8  6  7  4  76 1  5  2  0  40 54 68 43 31 69 3  61 29 74 75 
17 16 15 13 14 12 6  7  8  9  10 11 66 42 47 43 46 45 39 36 38 70 41 37 48 52 49 50 74 51 29 27 28 26 24 25 54 56 57 59 55 71 63 62 72 60 61 64 76 1  5  0  4  3  35 31 73 30 32 33 19 22 18 75 21 20 65 53 44 69 58 34 23 67 2  40 68 
69 8  9  6  10 7  57 54 56 71 59 55 33 32 73 31 30 34 28 29 27 25 26 24 63 62 72 60 61 64 75 23 19 21 18 20 36 37 38 39 40 41 5  1  3  4  76 2  12 13 14 15 16 17 53 49 74 48 50 51 46 66 42 47 44 43 0  65 35 58 70 52 45 22 68 67 11 
43 42 44 45 46 47 32 33 30 31 73 35 11 8  7  69 10 6  63 61 62 72 65 60 39 38 70 37 36 40 76 1  5  0  4  3  51 48 50 74 53 49 28 27 25 24 29 67 75 23 19 21 18 20 54 55 56 57 58 59 14 68 16 12 15 17 26 41 9  34 52 71 13 2  22 64 66 
25 24 26 27 28 29 18 22 19 20 75 21 2  4  76 3  5  1  30 73 34 31 35 32 10 6  69 8  7  11 74 52 48 53 50 49 66 46 42 47 44 43 56 58 71 57 59 54 36 38 39 41 37 70 15 17 12 14 16 68 60 61 62 63 64 65 55 9  0  23 45 13 72 51 40 33 67 
37 36 38 39 40 41 29 25 67 24 26 27 72 61 65 60 64 63 66 44 46 42 45 47 68 14 16 12 15 17 30 31 32 33 34 35 20 22 75 21 23 18 11 10 8  7  9  69 55 56 54 58 59 57 1  4  0  2  76 3  51 49 74 53 52 50 6  13 62 28 19 5  48 73 71 43 70 
60 61 62 63 64 65 76 3  2  4  0  1  25 29 26 24 67 28 11 9  10 8  6  7  66 46 42 47 44 43 55 56 54 58 59 57 17 68 12 15 13 16 33 30 32 73 35 31 48 49 50 51 52 53 23 18 21 22 75 20 40 70 36 41 38 37 34 45 27 5  14 19 39 71 74 69 72 
57 59 58 56 54 55 36 70 40 37 41 38 49 74 53 50 51 48 18 19 20 21 22 23 2  5  4  76 0  3  44 46 66 45 47 42 25 67 29 26 27 24 68 14 16 12 15 17 9  10 11 6  7  8  62 60 65 64 61 72 33 31 73 35 34 32 13 1  52 39 28 63 30 43 69 75 71 
0  1  2  3  4  5  12 17 68 16 15 13 20 75 21 18 22 19 54 55 56 57 58 59 33 30 32 73 35 31 41 39 40 38 36 37 69 11 7  9  6  8  51 48 50 74 53 49 65 63 64 62 61 60 45 42 44 66 47 43 67 25 29 26 27 24 52 34 23 14 10 46 28 70 72 71 76 
