70 4  2  5  0  1  76 23 20 22 21 19 39 38 36 72 40 37 17 14 16 15 13 66 33 31 74 35 32 34 53 50 52 51 49 73 43 45 44 42 71 46 27 29 28 26 68 24 62 67 61 63 65 64 11 8  10 9  7  75 54 69 57 59 58 56 41 55 30 6  3  25 47 60 48 18 12 
0  70 4  1  5  3  20 76 18 21 23 22 38 40 39 37 72 41 12 16 66 14 17 13 31 32 33 34 35 30 73 48 51 53 52 50 45 71 43 46 42 47 26 24 68 28 25 27 60 61 64 67 62 65 7  9  8  6  75 10 56 59 58 57 55 69 36 54 74 11 2  29 44 63 49 19 15 
5  0  70 3  1  2  18 20 19 23 76 21 40 72 38 41 37 36 15 66 13 16 12 17 32 35 31 30 34 74 50 49 53 73 51 48 71 42 45 47 46 44 28 27 25 68 29 26 63 64 65 61 60 62 75 6  9  11 10 8  69 57 55 58 54 59 39 56 33 7  4  24 43 67 52 22 14 
2  3  1  70 4  0  21 22 23 18 19 20 41 36 37 38 39 40 66 12 15 17 16 14 30 74 34 31 33 32 52 53 48 49 50 51 47 44 46 45 43 71 29 68 27 24 26 25 64 60 63 62 61 67 9  75 7  10 6  11 58 54 69 56 59 55 72 57 35 8  5  28 42 65 73 76 13 
4  2  3  0  70 5  23 21 76 19 22 18 36 39 41 40 38 72 13 15 14 12 66 16 74 33 30 32 31 35 51 73 49 52 48 53 44 43 47 71 45 42 24 25 26 27 28 29 65 63 67 60 64 61 6  10 75 8  11 7  55 56 59 69 57 54 37 58 34 9  1  68 46 62 50 20 17 
3  1  5  4  2  70 22 19 21 20 18 76 37 41 72 39 36 38 16 17 12 13 14 15 34 30 35 33 74 31 49 51 50 48 73 52 46 47 42 43 44 45 25 28 24 29 27 68 61 62 60 65 67 63 8  7  11 75 9  6  57 55 56 54 69 58 40 59 32 10 0  26 71 64 53 23 66 
22 19 18 23 21 76 75 7  10 6  11 9  69 59 56 58 57 55 45 46 47 42 43 44 3  2  1  70 4  0  17 15 66 13 16 12 67 61 63 65 64 62 34 32 74 30 33 35 27 68 25 28 24 29 36 72 40 37 39 38 49 51 73 53 50 52 54 48 5  41 20 31 60 26 14 8  71 
21 22 19 76 23 20 10 75 8  11 7  6  59 57 69 55 58 54 71 47 44 46 45 43 2  4  3  0  70 5  12 14 13 17 66 15 61 64 67 62 65 60 30 35 33 74 31 34 26 25 29 68 27 24 39 37 72 41 38 40 52 53 50 73 48 51 56 49 1  36 18 32 63 28 16 9  42 
19 18 20 21 22 23 7  11 75 9  6  8  56 69 54 57 59 58 43 42 46 71 44 47 1  3  5  4  2  70 13 12 16 66 14 17 63 67 60 64 61 65 35 31 30 34 74 32 24 28 68 26 29 25 41 40 38 72 36 39 48 52 53 51 73 49 55 50 0  37 76 33 62 27 15 10 45 
76 23 21 18 20 19 9  8  6  75 10 7  58 55 57 56 54 69 46 43 45 44 42 71 70 0  4  1  5  3  14 66 12 15 17 16 65 62 64 63 60 67 33 30 32 31 35 74 68 24 27 29 28 26 40 36 41 39 72 37 53 50 49 48 52 73 59 51 2  38 22 34 61 25 13 11 47 
23 21 22 20 76 18 8  10 9  7  75 11 57 58 59 54 55 56 42 44 43 47 71 45 4  70 2  5  0  1  15 16 17 12 13 14 64 65 61 60 62 63 74 34 31 33 32 30 28 29 24 25 26 27 38 41 37 36 40 72 51 73 48 50 49 53 69 52 3  39 19 35 67 68 66 6  46 
20 76 23 19 18 22 6  9  11 10 8  75 55 54 58 69 56 59 47 45 71 43 46 42 0  5  70 3  1  2  16 13 15 14 12 66 62 60 65 67 63 61 31 74 35 32 34 33 25 27 26 24 68 28 72 39 36 38 37 41 73 48 52 49 51 50 57 53 4  40 21 30 64 29 17 7  44 
40 38 39 37 72 41 54 55 56 57 58 59 66 13 16 12 17 15 24 28 68 26 29 25 8  9  10 11 6  7  65 60 61 64 67 62 32 35 31 30 34 74 22 18 23 21 76 19 1  4  70 2  5  0  53 49 48 52 73 50 43 71 46 42 47 45 14 44 75 51 36 20 33 3  63 69 27 
38 39 36 72 40 37 55 58 54 59 57 69 16 66 14 17 13 12 29 26 28 27 25 68 10 8  75 6  9  11 64 62 67 61 63 65 31 32 33 34 35 30 19 20 21 22 23 18 5  2  4  3  0  70 51 48 50 49 53 73 44 45 42 71 46 43 15 47 7  52 41 76 74 1  60 56 24 
72 40 38 41 37 36 56 54 69 58 55 57 13 17 66 15 12 14 27 68 25 28 24 29 9  6  8  7  11 75 62 63 64 65 61 60 35 34 32 74 30 33 21 19 76 23 20 22 3  70 0  4  1  5  73 52 49 51 50 48 45 42 47 46 44 71 16 43 10 53 39 18 31 2  67 59 26 
36 41 37 38 39 40 57 59 58 56 69 54 15 14 12 66 16 13 68 24 27 29 28 26 7  75 11 8  10 9  67 64 60 63 62 61 74 33 30 32 31 35 20 23 19 18 22 76 70 1  3  5  4  2  49 73 53 50 52 51 46 44 45 43 71 47 17 42 6  48 72 21 34 0  65 55 25 
39 36 41 40 38 72 58 57 55 69 59 56 14 16 15 13 66 17 25 27 26 24 68 28 75 10 7  9  8  6  61 65 63 67 60 64 33 31 74 35 32 34 18 76 22 19 21 20 0  3  2  1  70 4  52 50 73 48 51 53 47 43 71 45 42 44 12 46 11 49 37 23 30 5  62 54 29 
41 37 72 39 36 38 59 69 57 54 56 55 12 15 17 16 14 66 28 29 24 25 26 27 11 7  6  10 75 8  63 61 62 60 65 67 30 74 34 31 33 32 76 21 18 20 19 23 4  5  1  0  2  3  48 53 51 73 49 52 42 47 43 44 45 46 13 71 9  50 40 22 35 70 64 58 68 
15 12 17 16 14 66 44 47 43 42 46 71 24 27 29 28 26 68 76 19 22 18 23 21 48 49 50 51 52 53 0  1  4  70 2  5  9  6  8  7  11 75 59 56 58 57 55 69 38 37 41 72 39 36 64 63 60 67 65 62 31 35 30 34 74 32 25 33 73 61 13 54 10 40 3  45 20 
13 66 16 12 17 15 42 71 46 43 45 44 68 25 28 24 29 27 22 76 20 23 19 18 53 73 51 48 50 49 2  70 1  3  5  4  75 10 7  9  8  6  54 58 69 56 59 55 41 38 40 39 37 72 63 65 64 62 67 61 30 33 32 31 35 74 26 34 52 60 14 57 11 36 0  47 21 
66 16 14 17 13 12 71 45 42 44 43 47 28 68 26 29 25 24 19 23 76 21 18 20 51 53 52 50 73 48 3  4  5  1  0  2  7  75 11 8  10 9  55 57 56 54 69 58 37 39 38 36 72 40 60 64 61 65 63 67 34 74 31 33 32 30 27 35 49 62 15 59 6  41 70 46 22 
17 13 66 15 12 14 46 42 47 45 71 43 25 29 68 27 24 26 21 20 18 76 22 19 73 50 53 49 48 52 4  0  3  2  1  70 10 8  75 6  9  11 56 55 59 69 57 54 36 40 72 38 41 37 67 62 65 60 61 64 74 31 35 32 34 33 28 30 51 63 16 58 7  39 5  44 23 
14 15 12 66 16 13 43 44 45 46 47 42 27 26 24 68 28 25 20 22 21 19 76 23 49 52 48 53 51 73 5  3  70 0  4  1  6  11 9  75 7  10 57 69 55 58 54 59 40 41 36 37 38 39 65 67 63 61 62 60 32 34 74 30 33 35 29 31 50 64 17 56 8  72 2  71 18 
16 14 15 13 66 17 45 43 71 47 44 46 26 28 27 25 68 29 18 21 23 22 20 76 52 51 49 73 53 50 1  2  0  5  70 3  11 7  6  10 75 8  58 59 54 55 56 57 72 36 39 41 40 38 62 61 67 64 60 63 35 30 33 74 31 34 24 32 48 65 12 69 9  37 4  42 19 
32 31 33 34 35 30 5  0  1  4  70 2  8  9  10 11 6  7  48 51 53 52 50 73 68 25 28 24 29 27 55 56 57 58 59 54 15 14 12 66 16 13 67 60 64 61 65 63 43 42 46 71 44 47 23 19 18 22 76 20 38 72 41 37 36 40 75 39 26 21 74 62 17 45 69 3  49 
31 33 74 35 32 34 0  70 5  2  4  3  10 8  75 6  9  11 50 52 51 49 73 53 28 68 26 29 25 24 58 54 59 57 69 55 12 15 17 16 14 66 63 62 61 67 64 60 44 71 42 45 47 46 21 18 20 19 23 76 39 40 37 72 41 38 7  36 27 22 30 65 13 43 56 1  48 
35 32 31 30 34 74 1  5  3  70 0  4  9  6  8  7  11 75 49 53 73 51 48 50 25 29 68 27 24 26 54 69 58 55 57 56 14 16 15 13 66 17 61 63 65 64 62 67 45 46 47 42 43 44 76 22 19 21 20 18 40 37 36 41 39 72 10 38 28 23 33 60 12 71 59 2  52 
74 30 34 31 33 32 4  2  70 1  3  5  7  75 11 8  10 9  53 48 49 50 51 52 27 26 24 68 28 25 59 58 56 69 54 57 13 17 66 15 12 14 62 64 63 60 67 65 46 43 45 44 42 71 19 76 23 20 22 21 41 39 40 38 72 36 6  37 29 18 35 61 16 47 55 0  73 
33 74 30 32 31 35 70 4  0  3  2  1  75 10 7  9  8  6  73 49 52 48 53 51 26 28 27 25 68 29 57 55 69 59 56 58 17 12 13 14 15 16 60 65 67 63 61 62 47 45 71 43 46 42 22 20 76 18 21 23 36 38 72 40 37 39 11 41 24 19 34 64 66 44 54 5  50 
30 34 35 33 74 31 2  3  4  5  1  0  11 7  6  10 75 8  51 50 48 73 52 49 24 27 29 28 26 68 69 57 54 56 55 59 66 13 16 12 17 15 65 61 60 62 63 64 42 44 43 47 71 45 18 23 21 76 19 22 37 36 38 39 40 41 9  72 25 20 32 67 14 46 58 70 53 
51 52 49 73 53 50 15 12 14 13 17 66 67 61 63 65 64 62 2  0  5  70 3  1  59 57 69 55 58 54 74 31 34 30 35 33 21 23 22 20 76 18 41 72 39 36 38 37 6  75 10 7  9  8  44 42 71 46 43 45 26 68 29 25 24 28 60 27 56 47 48 40 19 11 32 16 4  
49 48 50 51 52 53 17 13 12 16 66 14 60 63 62 61 67 64 1  4  70 2  5  0  56 69 54 57 59 58 34 74 32 35 31 30 19 22 18 23 21 76 72 38 41 37 36 40 8  11 7  6  10 75 46 45 43 71 47 44 24 26 68 28 25 27 65 29 55 42 73 39 20 9  33 15 3  
73 53 51 48 50 49 16 14 66 12 15 17 64 65 61 60 62 63 70 1  3  5  4  2  58 55 57 56 54 69 31 35 74 33 30 32 76 20 23 19 18 22 39 41 40 38 72 36 7  8  9  10 11 6  45 47 46 44 71 42 68 29 27 24 26 25 67 28 59 43 52 37 21 75 34 13 0  
53 51 52 50 73 48 14 15 16 17 12 13 61 64 67 62 65 60 4  5  1  0  2  3  57 58 59 54 55 56 33 32 30 74 34 31 23 76 21 18 20 19 36 37 38 39 40 41 11 10 8  75 6  9  43 46 42 47 45 71 28 25 24 29 27 68 63 26 69 44 49 72 22 7  35 66 70 
50 73 53 49 48 52 66 16 13 15 14 12 65 62 64 63 60 67 0  3  2  1  70 4  55 54 58 69 56 59 32 34 33 31 74 35 20 18 76 22 19 21 38 36 72 40 37 39 75 9  6  8  7  11 71 44 47 43 42 46 25 24 26 27 28 29 61 68 57 45 51 41 23 10 30 17 5  
52 49 48 53 51 73 12 17 15 66 13 16 63 67 60 64 61 65 3  70 0  4  1  5  69 59 56 58 57 55 30 33 35 34 32 74 22 21 19 76 23 20 37 40 36 41 39 72 9  7  75 11 8  10 47 71 45 42 44 43 27 28 25 68 29 26 62 24 54 46 50 38 18 6  31 14 2  
43 44 47 71 45 42 65 64 62 67 61 63 33 31 74 35 32 34 10 6  11 9  75 7  17 12 13 14 15 16 23 20 22 21 19 76 72 37 40 36 41 39 49 50 51 52 53 48 54 59 57 69 55 58 28 24 29 27 68 25 5  3  4  2  70 1  30 0  66 26 46 73 38 56 18 60 8  
44 47 46 45 43 71 64 61 65 63 67 60 74 33 30 32 31 35 75 9  6  8  7  11 13 17 66 15 12 14 21 76 19 22 18 23 40 72 38 41 37 36 48 73 52 49 51 50 55 69 59 56 58 57 26 29 25 24 28 68 0  1  2  3  4  5  34 70 16 27 42 53 39 54 20 62 10 
45 43 44 42 71 46 62 65 60 61 64 67 31 32 33 34 35 30 8  11 7  6  10 75 12 15 17 16 14 66 76 18 21 23 22 20 37 41 72 39 36 38 52 48 53 51 73 49 56 57 58 59 54 55 68 27 24 26 25 29 1  2  70 4  0  3  74 5  13 28 47 50 40 69 19 63 9  
46 42 71 44 47 43 67 63 61 62 60 65 34 30 35 33 74 31 11 10 8  75 6  9  16 66 14 17 13 12 19 21 20 18 76 22 39 38 36 72 40 37 73 51 48 50 49 53 57 54 56 55 59 69 24 68 28 25 27 26 4  0  1  5  3  70 32 2  15 29 45 52 41 58 23 64 7  
47 46 42 43 44 45 61 67 64 60 63 62 30 74 34 31 33 32 7  8  9  10 11 6  66 13 16 12 17 15 22 23 18 19 20 21 38 40 39 37 72 41 50 53 49 48 52 73 58 56 69 54 57 59 27 25 68 29 26 28 70 5  3  1  2  0  35 4  14 24 71 51 36 55 76 65 75 
42 71 45 47 46 44 63 60 67 65 62 64 35 34 32 74 30 33 6  75 10 7  9  8  14 16 15 13 66 17 18 22 76 20 23 19 36 39 41 40 38 72 53 52 50 73 48 51 59 55 54 58 69 56 29 28 26 68 24 27 2  70 5  0  1  4  31 3  12 25 43 49 37 57 21 61 11 
29 25 68 27 24 26 30 34 74 32 35 31 76 20 23 19 18 22 55 69 59 56 58 57 65 62 64 63 60 67 37 36 40 72 38 41 50 48 73 52 49 51 71 43 46 42 47 45 13 15 14 12 66 16 2  5  0  1  4  70 75 8  6  9  11 10 21 7  61 3  28 44 53 17 39 33 54 
27 24 29 28 26 68 33 74 31 34 30 35 18 19 20 21 22 23 56 57 58 59 54 55 60 63 62 61 67 64 36 38 37 41 72 39 49 52 48 53 51 73 46 71 44 47 43 42 12 16 66 14 17 13 70 3  1  2  0  5  8  6  7  11 75 9  76 10 65 4  25 45 50 15 40 32 69 
68 28 26 29 25 24 35 32 34 33 31 74 21 23 22 20 76 18 57 54 56 55 59 69 61 64 67 62 65 60 40 37 39 38 36 72 53 73 51 48 50 49 43 47 71 45 42 44 16 17 12 13 14 15 1  70 4  0  3  2  11 75 8  10 9  7  19 6  63 5  27 46 52 66 41 30 58 
25 68 28 24 29 27 34 35 30 31 32 33 23 76 21 18 20 19 58 56 69 54 57 59 64 65 61 60 62 63 72 41 38 40 39 37 73 50 53 49 48 52 45 44 42 71 46 43 66 12 15 17 16 14 3  0  70 5  2  4  7  10 9  8  6  75 22 11 67 1  26 47 51 13 36 74 55 
28 26 27 25 68 29 32 31 35 74 33 30 22 21 19 76 23 20 59 55 54 58 69 56 67 61 63 65 64 62 38 72 36 39 41 40 51 53 52 50 73 48 44 46 45 43 71 47 14 13 17 66 15 12 5  4  2  70 1  3  6  7  10 75 8  11 18 9  60 0  24 42 49 16 37 34 57 
24 29 25 26 27 28 74 30 33 35 34 32 20 18 76 22 19 21 54 59 57 69 55 58 62 60 65 67 63 61 41 39 72 37 40 36 48 49 50 51 52 53 42 45 47 46 44 71 17 14 16 15 13 66 4  1  5  3  70 0  10 9  11 6  7  8  23 75 64 2  68 43 73 12 38 31 56 
63 60 62 61 67 64 29 25 24 28 68 26 1  3  5  4  2  70 38 37 41 72 39 36 43 45 44 42 71 46 75 8  11 7  6  10 69 59 56 58 57 55 14 12 66 16 13 15 73 49 52 48 53 51 30 32 31 35 74 33 18 22 23 21 76 19 0  20 47 34 65 17 54 50 9  27 40 
65 64 61 60 62 63 28 26 68 24 27 29 70 0  4  1  5  3  41 38 40 39 37 72 46 47 42 43 44 45 6  7  8  9  10 11 55 54 58 69 56 59 17 66 15 12 14 13 52 73 50 53 49 48 32 74 30 33 35 34 23 20 19 18 22 76 2  21 71 31 67 16 57 51 75 25 36 
64 61 67 62 65 60 26 27 28 29 24 25 4  70 2  5  0  1  37 39 38 36 72 40 42 46 71 44 47 43 9  11 10 8  75 6  58 55 57 56 54 69 13 16 12 17 15 66 49 53 73 51 48 50 31 30 34 74 32 35 21 76 18 20 19 23 3  22 45 33 63 14 59 52 7  68 41 
62 65 64 63 60 67 68 28 25 27 26 24 0  5  70 3  1  2  36 40 72 38 41 37 47 44 46 45 43 71 11 75 9  6  8  7  54 56 55 59 69 57 12 13 14 15 16 17 51 50 48 73 52 49 35 33 74 31 34 30 76 18 22 19 21 20 4  23 42 32 61 66 58 53 10 29 39 
67 63 60 64 61 65 24 29 27 68 25 28 3  2  1  70 4  0  40 41 36 37 38 39 45 71 43 46 42 47 10 9  7  75 11 8  59 57 69 55 58 54 16 15 13 66 17 14 50 52 51 49 73 53 74 35 32 34 33 31 19 21 76 23 20 22 5  18 44 30 62 12 56 48 6  26 72 
61 67 63 65 64 62 27 24 26 25 29 68 2  4  3  0  70 5  72 36 39 41 40 38 71 42 45 47 46 44 8  6  75 10 7  9  57 58 59 54 55 56 66 14 17 13 12 16 48 51 53 52 50 73 33 34 35 30 31 32 22 23 20 76 18 21 1  19 43 74 60 15 69 49 11 28 37 
7  11 6  10 75 8  72 40 37 39 38 36 51 53 52 50 73 48 61 62 60 65 67 63 21 23 22 20 76 18 45 42 44 43 47 71 68 25 28 24 29 27 0  4  1  5  3  70 34 33 31 74 35 32 69 55 58 54 59 57 16 13 12 17 15 66 49 14 19 56 9  2  26 30 46 41 64 
8  10 75 6  9  11 36 41 39 72 37 40 50 48 73 52 49 51 62 67 61 63 65 64 20 18 76 22 19 21 46 44 71 42 45 47 24 27 29 28 26 68 3  5  4  2  70 1  33 35 34 32 74 30 58 69 56 59 55 54 17 15 16 14 66 12 53 13 23 57 7  0  25 31 43 38 60 
9  8  10 11 6  7  39 36 38 37 41 72 48 49 50 51 52 53 60 61 64 67 62 65 18 19 20 21 22 23 47 43 42 46 71 44 27 26 24 68 28 25 2  1  70 4  0  3  31 34 30 35 33 74 55 59 69 57 54 56 12 14 66 16 13 15 73 17 76 58 75 5  29 32 45 40 63 
10 75 7  9  8  6  41 37 36 40 72 38 73 50 53 49 48 52 65 63 67 60 64 61 76 20 23 19 18 22 42 47 45 71 43 46 29 24 25 26 27 28 1  0  2  3  4  5  74 32 35 31 30 34 57 56 54 69 58 55 13 12 14 15 16 17 51 66 21 59 11 70 68 33 44 39 62 
11 6  9  75 7  10 40 38 72 36 39 41 52 51 49 73 53 50 67 65 62 64 63 60 22 21 19 76 23 20 43 71 47 44 46 45 28 68 26 29 25 24 70 2  5  0  1  4  35 74 33 30 32 31 56 58 57 55 69 59 14 66 17 13 12 16 48 15 18 54 8  3  27 34 42 37 61 
6  9  8  7  11 75 38 39 40 41 36 37 49 52 48 53 51 73 63 64 65 61 60 62 19 22 18 23 21 76 44 45 46 47 42 43 26 28 27 25 68 29 4  3  0  70 5  2  32 30 74 34 31 33 54 57 59 58 56 69 15 16 13 66 17 14 50 12 20 55 10 1  24 35 71 72 67 
69 56 54 57 59 58 50 73 48 51 53 52 43 45 44 42 71 46 31 34 30 35 33 74 38 40 39 37 72 41 25 24 28 68 26 29 3  2  1  70 4  0  6  8  7  11 75 9  18 21 23 22 20 76 66 15 12 14 13 17 67 64 62 65 60 61 47 63 36 16 55 10 5  19 27 49 32 
54 55 58 69 56 59 53 51 73 49 52 48 47 44 46 45 43 71 74 32 35 31 30 34 36 39 41 40 38 72 28 25 27 26 24 68 5  1  0  2  3  4  8  75 6  9  11 10 76 19 22 18 23 21 14 17 13 12 16 66 60 67 64 61 65 63 42 62 37 15 57 7  70 20 29 50 33 
58 57 59 54 55 56 52 49 51 50 48 73 42 46 71 44 47 43 34 33 31 74 35 32 37 41 72 39 36 38 27 28 29 24 25 26 70 0  4  1  5  3  75 11 8  10 9  7  21 20 18 76 22 19 12 66 16 13 15 14 65 60 67 63 61 62 45 64 40 17 69 6  2  23 68 53 30 
55 58 57 56 54 69 51 52 53 48 49 50 46 47 42 43 44 45 30 31 32 33 34 35 41 36 37 38 39 40 26 68 24 27 29 28 0  5  70 3  1  2  10 7  9  8  6  75 23 18 19 20 21 22 15 13 66 17 14 16 62 63 61 67 64 60 71 65 72 12 59 11 4  76 25 73 74 
57 59 69 55 58 54 49 48 52 73 50 53 71 42 45 47 46 44 35 74 33 30 32 31 72 37 40 36 41 39 24 26 25 29 68 27 4  70 2  5  0  1  7  6  10 75 8  11 22 76 20 23 19 18 17 16 14 66 12 15 64 62 63 60 67 65 43 61 38 13 56 9  3  21 28 51 34 
56 54 55 59 69 57 73 53 50 52 51 49 44 43 47 71 45 42 33 35 34 32 74 30 39 38 36 72 40 37 68 29 26 28 27 25 1  3  5  4  2  70 9  10 11 6  7  8  20 22 21 19 76 23 16 12 17 15 66 13 63 61 65 64 62 67 46 60 41 14 58 75 0  18 24 48 31 
37 72 40 36 41 39 69 56 59 55 54 58 17 12 13 14 15 16 26 25 29 68 27 24 6  11 9  75 7  10 60 67 65 62 64 63 34 30 35 33 74 31 23 22 20 76 18 21 2  0  5  70 3  1  50 51 52 53 48 49 71 46 44 47 43 42 66 45 8  73 38 19 32 4  61 57 28 
59 69 56 58 57 55 48 50 49 53 73 51 45 71 43 46 42 47 32 30 74 34 31 33 40 72 38 41 37 36 29 27 68 25 28 24 2  4  3  0  70 5  11 9  75 7  10 6  19 23 76 21 18 20 13 14 15 16 17 12 61 65 60 62 63 64 44 67 39 66 54 8  1  22 26 52 35 
34 35 32 74 30 33 3  1  2  0  5  70 6  11 9  75 7  10 52 73 50 53 49 48 29 24 25 26 27 28 56 59 55 54 58 69 16 66 14 17 13 12 64 67 62 65 60 61 71 47 44 46 45 43 20 21 22 23 18 19 72 41 39 36 38 37 8  40 68 76 31 63 15 42 57 4  51 
75 7  11 8  10 9  37 72 41 38 40 39 53 73 51 48 50 49 64 60 63 62 61 67 23 76 21 18 20 19 71 46 43 45 44 42 25 29 68 27 24 26 5  70 3  1  2  0  30 31 32 33 34 35 59 54 55 56 57 58 66 17 15 12 14 13 52 16 22 69 6  4  28 74 47 36 65 
1  5  0  2  3  4  19 18 22 76 20 23 72 37 40 36 41 39 14 13 17 66 15 12 35 34 32 74 30 33 48 52 73 50 53 49 42 46 71 44 47 43 68 26 29 25 24 28 67 65 62 64 63 60 10 11 6  7  8  9  59 58 54 55 56 57 38 69 31 75 70 27 45 61 51 21 16 
26 27 24 68 28 25 31 33 32 30 74 34 19 22 18 23 21 76 69 58 55 57 56 54 63 67 60 64 61 65 39 40 41 36 37 38 52 51 49 73 53 50 47 42 43 44 45 46 15 66 13 16 12 17 0  2  3  4  5  1  9  11 75 7  10 6  20 8  62 70 29 71 48 14 72 35 59 
71 45 43 46 42 47 60 62 63 64 65 61 32 35 31 30 34 74 9  7  75 11 8  10 15 14 12 66 16 13 20 19 23 76 21 18 41 36 37 38 39 40 51 49 73 53 50 52 69 58 55 57 56 54 25 26 27 28 29 24 3  4  0  70 5  2  33 1  17 68 44 48 72 59 22 67 6  
60 62 65 67 63 61 25 68 29 26 28 27 5  1  0  2  3  4  39 72 37 40 36 41 44 43 47 71 45 42 7  10 6  11 9  75 56 69 54 57 59 58 15 17 16 14 66 12 53 48 49 50 51 52 34 31 33 32 30 74 20 19 21 22 23 18 70 76 46 35 64 13 55 73 8  24 38 
48 50 73 52 49 51 13 66 17 14 16 15 62 60 65 67 63 61 5  2  4  3  0  70 54 56 55 59 69 57 35 30 31 32 33 34 18 19 20 21 22 23 40 39 37 72 41 38 10 6  11 9  75 7  42 43 44 45 46 47 29 27 28 26 68 24 64 25 58 71 53 36 76 8  74 12 1  
18 20 76 22 19 21 11 6  7  8  9  10 54 56 55 59 69 57 44 71 42 45 47 46 5  1  0  2  3  4  66 17 14 16 15 13 60 63 62 61 67 64 32 33 34 35 30 31 29 26 28 27 25 68 37 38 39 40 41 36 50 49 51 52 53 48 58 73 70 72 23 74 65 24 12 75 43 
12 17 13 14 15 16 47 46 44 71 42 45 29 24 25 26 27 28 23 18 19 20 21 22 50 48 73 52 49 51 70 5  2  4  3  0  8  9  10 11 6  7  69 54 57 59 58 56 39 72 37 40 36 41 61 60 62 63 64 65 33 32 34 35 30 31 68 74 53 67 66 55 75 38 1  43 76 
