76 4  2  5  0  1  24 25 26 27 28 29 19 18 22 71 20 23 44 42 72 46 43 45 69 51 48 50 49 53 13 17 67 15 12 14 7  11 70 9  6  8  66 65 62 64 63 61 56 54 73 58 55 57 31 33 32 30 74 34 36 39 41 40 38 68 37 21 10 59 75 47 60 35 16 52 3  
0  76 4  1  5  3  28 27 25 75 29 26 21 22 23 18 19 20 46 45 43 72 47 44 50 53 49 48 52 69 16 67 14 17 13 12 6  9  11 10 8  70 65 63 66 61 64 60 59 73 57 54 56 55 34 35 30 31 32 33 38 40 39 37 68 41 36 71 7  58 24 42 62 74 15 51 2  
5  0  76 3  1  2  29 75 27 24 26 25 71 23 20 22 21 19 72 44 47 43 42 46 48 69 52 49 51 50 15 14 12 67 16 13 8  10 9  7  70 11 63 64 65 60 61 62 58 57 55 73 59 56 33 74 31 34 30 35 68 37 40 36 41 39 38 18 6  54 28 45 66 32 17 53 4  
2  3  1  76 4  0  27 29 28 26 75 24 23 21 71 19 22 18 42 43 44 45 46 47 51 49 69 53 50 52 14 16 15 13 67 17 9  8  6  70 10 7  60 62 61 65 66 63 57 59 58 56 73 54 32 31 35 74 33 30 40 68 38 41 37 36 39 20 11 55 25 72 64 34 12 48 5  
4  2  3  0  76 5  75 26 29 25 24 28 20 71 18 21 23 22 45 47 46 44 72 42 53 52 50 69 48 51 12 15 17 16 14 67 10 70 8  11 7  6  62 66 60 63 65 64 55 58 54 59 57 73 30 34 74 32 35 31 37 41 68 39 36 38 40 19 9  56 27 43 61 33 13 49 1  
3  1  5  4  2  76 25 28 24 29 27 75 22 19 21 20 18 71 47 72 45 42 44 43 52 48 53 51 69 49 67 13 16 12 17 15 11 6  7  8  9  10 61 60 64 66 62 65 73 56 59 55 54 58 74 30 33 35 34 32 39 38 36 68 40 37 41 23 70 57 26 46 63 31 14 50 0  
24 75 27 29 28 26 70 7  10 6  11 9  0  3  2  1  76 4  49 50 51 52 53 48 30 74 34 31 33 32 23 21 71 19 22 18 58 55 57 56 54 73 17 67 15 12 14 13 40 38 68 36 39 41 65 64 62 66 60 63 72 45 42 44 43 47 46 5  59 37 8  69 16 61 20 35 25 
26 29 28 27 25 75 10 70 8  11 7  6  3  76 0  4  1  5  53 52 50 69 48 51 33 31 74 35 32 34 21 22 23 18 19 20 57 58 59 54 55 56 12 13 14 15 16 17 38 39 40 41 36 37 61 62 63 64 65 60 42 72 46 43 45 44 47 2  73 68 9  49 67 66 71 30 24 
25 26 29 75 27 24 7  11 70 9  6  8  2  0  5  76 3  1  69 51 48 50 49 53 35 34 32 74 30 33 71 23 20 22 21 19 55 54 58 73 56 59 13 16 12 17 15 67 68 40 37 39 38 36 60 66 64 61 63 62 45 43 72 47 44 46 42 4  57 41 10 52 14 65 18 31 28 
29 28 24 25 26 27 9  8  6  70 10 7  1  4  76 2  5  0  51 49 69 53 50 52 34 30 35 33 74 31 19 18 22 71 20 23 73 59 56 58 57 55 14 12 67 16 13 15 36 41 39 68 37 40 64 60 65 63 66 61 47 46 44 72 42 45 43 3  54 38 11 48 17 62 21 32 75 
75 27 25 28 24 29 8  10 9  7  70 11 76 1  3  5  4  2  48 69 52 49 51 50 32 35 31 30 34 74 22 19 21 20 18 71 59 57 73 55 58 54 15 17 16 14 67 12 39 36 38 37 41 68 66 63 60 62 61 65 46 42 47 45 72 43 44 0  56 40 6  53 13 64 23 33 26 
27 25 26 24 75 28 6  9  11 10 8  70 4  5  1  0  2  3  50 53 49 48 52 69 74 33 30 32 31 35 18 20 19 23 71 21 56 73 54 57 59 58 16 15 13 67 17 14 41 37 36 40 68 38 62 65 61 60 64 66 44 47 43 42 46 72 45 76 55 39 7  51 12 63 22 34 29 
22 18 71 20 23 19 2  5  0  1  4  76 67 13 16 12 17 15 36 40 68 38 41 37 45 47 46 44 72 42 62 63 64 65 60 61 75 26 29 25 24 28 34 33 31 74 35 32 7  70 11 8  10 9  49 51 50 48 69 52 73 59 56 58 57 55 54 14 27 6  3  39 30 53 66 43 21 
21 19 20 18 71 22 5  4  2  76 1  3  16 67 14 17 13 12 39 68 37 40 36 41 43 46 42 47 45 72 64 62 66 60 63 65 26 24 75 28 25 27 32 30 74 34 31 33 11 7  6  10 70 8  69 48 51 53 52 50 59 57 73 55 58 54 56 15 29 9  0  38 35 49 61 44 23 
19 20 23 71 21 18 0  2  3  4  5  1  13 17 67 15 12 14 41 38 40 39 37 68 72 44 47 43 42 46 63 60 62 61 65 66 29 75 27 24 26 25 74 32 35 31 30 34 70 10 7  9  8  6  53 50 52 51 49 69 56 73 54 57 59 58 55 16 28 11 76 36 33 48 64 45 22 
71 21 19 22 18 23 1  76 4  0  3  2  15 14 12 67 16 13 40 41 36 37 38 39 47 72 45 42 44 43 61 66 65 62 64 63 25 28 24 29 27 75 30 31 32 33 34 35 9  6  8  7  11 70 50 49 53 69 51 48 58 55 57 56 54 73 59 17 26 10 5  68 74 52 60 46 20 
23 22 18 19 20 21 4  1  5  3  76 0  14 16 15 13 67 17 38 37 41 68 39 36 44 42 72 46 43 45 66 64 61 63 62 60 24 25 26 27 28 29 33 35 34 32 74 30 6  11 9  70 7  10 52 53 48 49 50 51 57 58 59 54 55 56 73 12 75 8  2  40 31 69 65 47 71 
20 23 22 21 19 71 76 3  1  2  0  5  12 15 17 16 14 67 68 36 39 41 40 38 46 45 43 72 47 44 65 61 60 64 66 62 28 27 25 75 29 26 35 74 33 30 32 31 8  9  10 11 6  7  51 69 49 52 48 53 55 54 58 73 56 59 57 13 24 70 4  37 34 50 63 42 18 
43 72 46 42 47 45 53 49 48 52 69 50 37 68 41 38 40 39 71 19 22 18 23 21 76 2  5  0  1  4  55 58 54 59 57 73 33 30 32 31 35 74 7  6  10 70 8  11 65 61 60 64 66 62 27 24 26 25 29 75 12 17 15 67 13 16 14 36 34 63 51 20 9  28 56 3  44 
42 47 43 44 45 46 50 51 52 53 48 49 38 39 40 41 36 37 22 71 20 23 19 18 5  76 3  1  2  0  59 73 57 54 56 55 74 34 31 33 32 30 8  70 6  9  11 10 64 62 66 60 63 65 24 29 27 75 25 28 16 14 67 12 15 17 13 68 35 61 69 21 7  26 58 4  72 
46 44 45 43 72 47 52 50 69 48 51 53 39 36 38 37 41 68 19 23 71 21 18 20 2  1  76 4  0  3  73 56 59 55 54 58 31 74 35 32 34 33 9  10 11 6  7  8  62 63 64 65 60 61 26 27 28 29 24 25 67 16 13 15 14 12 17 40 30 66 49 22 70 75 57 5  42 
72 46 44 47 43 42 51 48 50 49 53 69 40 38 68 36 39 41 21 20 18 71 22 19 4  3  0  76 5  2  57 59 58 56 73 54 34 32 74 30 33 35 10 7  9  8  6  70 66 64 61 63 62 60 25 75 29 26 28 27 14 15 16 17 12 13 67 37 31 65 52 23 11 24 55 1  45 
44 45 42 72 46 43 49 69 53 50 52 51 41 37 36 40 68 38 20 22 21 19 71 23 3  5  4  2  76 1  54 55 56 57 58 59 30 35 33 74 31 34 11 9  70 7  10 6  60 65 63 66 61 64 29 25 24 28 75 26 17 13 12 16 67 14 15 39 32 62 48 18 8  27 73 0  47 
47 43 72 45 42 44 69 52 49 51 50 48 36 41 39 68 37 40 18 21 23 22 20 71 0  4  1  5  3  76 56 54 73 58 55 57 35 31 30 34 74 32 6  8  7  11 70 9  63 60 62 61 65 66 75 28 25 27 26 24 13 67 17 14 16 15 12 38 33 64 53 19 10 29 59 2  46 
48 50 69 52 49 51 34 32 74 30 33 35 47 44 46 45 43 72 4  3  0  76 5  2  75 25 28 24 29 27 36 41 39 68 37 40 62 64 63 61 66 65 57 55 73 59 56 58 13 17 67 15 12 14 11 10 8  70 6  9  19 22 18 23 21 71 20 42 60 16 31 1  54 7  38 26 53 
52 49 48 53 51 69 35 31 30 34 74 32 45 72 43 46 42 47 0  4  1  5  3  76 28 75 26 29 25 24 68 40 37 39 38 36 65 60 61 62 63 64 56 59 55 54 58 73 15 14 12 67 16 13 10 6  11 9  70 7  71 20 23 19 18 22 21 44 66 17 33 2  57 8  41 27 50 
69 53 51 48 50 49 30 35 33 74 31 34 72 42 45 47 46 44 3  5  4  2  76 1  25 29 75 27 24 26 40 38 68 36 39 41 61 65 66 63 60 62 54 73 58 55 57 56 14 16 15 13 67 17 8  11 7  6  10 70 23 71 21 18 20 19 22 43 64 12 32 0  59 9  37 28 52 
50 69 53 49 48 52 31 74 35 32 34 33 43 45 44 42 72 46 2  1  76 4  0  3  27 26 24 75 28 25 37 68 41 38 40 39 60 63 65 64 62 66 73 57 54 56 55 59 12 15 17 16 14 67 70 9  6  8  7  11 20 18 71 22 19 21 23 47 61 13 30 5  58 10 36 29 51 
53 51 52 50 69 48 32 33 34 35 30 31 46 47 42 43 44 45 1  0  2  3  4  5  26 28 27 25 75 29 39 36 38 37 41 68 64 66 62 65 61 60 58 54 59 57 73 55 67 13 16 12 17 15 6  70 10 7  9  8  22 21 19 71 23 20 18 72 63 14 74 76 56 11 40 24 49 
49 48 50 51 52 53 33 30 32 31 35 74 42 46 72 44 47 43 76 2  5  0  1  4  24 27 29 28 26 75 38 39 40 41 36 37 66 61 64 60 65 63 55 56 57 58 59 54 16 67 14 17 13 12 9  7  70 11 8  10 21 23 22 20 71 18 19 45 62 15 34 3  73 6  68 25 69 
16 13 12 17 15 67 20 18 71 22 19 21 64 62 66 60 63 65 73 58 55 57 56 54 37 39 38 36 68 40 74 31 34 30 35 33 3  0  76 5  2  4  52 51 49 69 53 50 75 29 26 28 27 25 72 47 44 46 45 43 11 6  7  8  9  10 70 61 1  24 23 59 48 42 32 41 14 
14 67 17 13 12 16 18 19 20 21 22 23 66 64 61 63 62 60 59 55 54 58 73 56 41 38 40 39 37 68 34 74 32 35 31 30 0  2  3  4  5  1  50 48 69 52 49 51 26 75 24 27 29 28 45 46 47 42 43 44 6  9  11 10 8  70 7  65 76 25 71 57 53 72 33 36 15 
67 17 15 12 14 13 71 20 23 19 18 22 62 63 64 65 60 61 56 57 58 59 54 55 68 36 39 41 40 38 31 35 74 33 30 32 76 3  1  2  0  5  69 50 53 49 48 52 29 27 75 25 28 24 42 44 43 47 72 45 7  11 70 9  6  8  10 66 4  26 21 73 51 46 34 37 16 
12 14 67 16 13 15 22 21 19 71 23 20 65 61 60 64 66 62 58 56 73 54 57 59 39 68 37 40 36 41 33 32 30 74 34 31 5  4  2  76 1  3  48 49 50 51 52 53 25 24 28 75 26 29 44 72 42 45 47 46 8  10 9  7  70 11 6  63 0  27 18 55 69 43 35 38 17 
15 16 13 67 17 14 19 22 18 23 21 71 61 66 65 62 64 63 57 54 56 55 59 73 36 40 68 38 41 37 32 34 33 31 74 35 2  5  0  1  4  76 51 53 52 50 69 48 24 26 25 29 75 27 43 42 46 72 44 47 9  8  6  70 10 7  11 60 3  28 20 58 49 45 30 39 12 
17 15 16 14 67 12 21 23 22 20 71 18 60 65 63 66 61 64 55 73 59 56 58 57 38 37 41 68 39 36 30 33 35 34 32 74 4  1  5  3  76 0  53 69 51 48 50 49 28 25 27 26 24 75 47 45 72 43 46 42 10 70 8  11 7  6  9  62 2  29 19 54 52 44 31 40 13 
10 9  11 6  7  8  59 57 73 55 58 54 28 25 27 26 24 75 32 35 31 30 34 74 64 65 60 61 62 63 5  2  4  3  0  76 68 37 40 36 41 39 22 23 18 19 20 21 43 45 44 42 72 46 13 15 14 12 67 16 50 51 52 53 48 49 69 29 38 47 56 33 71 17 1  66 70 
8  6  7  11 70 9  73 59 56 58 57 55 25 24 28 75 26 29 34 30 35 33 74 31 62 61 65 66 63 60 2  0  5  76 3  1  40 68 38 41 37 36 19 21 20 18 71 22 45 72 43 46 42 47 17 14 16 15 13 67 52 50 69 48 51 53 49 27 39 44 54 32 23 12 4  64 10 
70 8  6  9  11 10 57 58 59 54 55 56 27 28 29 24 25 26 33 31 74 35 32 34 66 60 63 65 64 62 4  5  1  0  2  3  37 41 68 39 36 38 21 71 19 22 18 23 44 43 47 72 45 42 67 12 15 17 16 14 51 48 50 49 53 69 52 75 40 46 73 30 20 13 76 61 7  
6  7  10 70 8  11 54 56 55 59 73 57 26 75 24 27 29 28 31 32 33 34 35 30 60 64 66 62 65 61 3  76 0  4  1  5  39 38 36 68 40 37 20 19 23 71 21 18 42 46 72 44 47 43 15 67 13 16 12 17 49 69 53 50 52 51 48 25 41 45 58 74 22 14 2  63 9  
9  11 70 7  10 6  56 73 54 57 59 58 24 26 25 29 75 27 74 33 30 32 31 35 63 66 61 64 60 65 0  3  2  1  76 4  38 40 39 37 68 41 18 22 71 20 23 19 72 42 45 47 46 44 12 16 67 14 17 13 69 52 49 51 50 48 53 28 36 43 55 34 21 15 5  62 8  
11 70 8  10 9  7  55 54 58 73 56 59 75 29 26 28 27 25 35 34 32 74 30 33 65 62 64 63 61 66 76 1  3  5  4  2  36 39 41 40 38 68 71 18 21 23 22 20 46 47 42 43 44 45 14 13 17 67 15 12 53 49 48 52 69 50 51 24 37 72 57 31 19 16 0  60 6  
63 65 66 61 64 60 14 15 16 17 12 13 30 33 35 34 32 74 10 11 6  7  8  9  57 54 56 55 59 73 51 50 48 69 52 49 19 22 18 23 21 71 72 43 46 42 47 45 4  5  1  0  2  3  39 37 68 41 38 40 27 29 28 26 75 24 25 31 20 76 67 70 44 36 53 58 62 
65 66 62 64 63 61 67 16 13 15 14 12 32 34 33 31 74 35 9  70 7  10 6  11 73 58 55 57 56 54 52 69 50 53 49 48 20 18 71 22 19 21 46 72 44 47 43 42 2  0  5  76 3  1  41 40 38 68 36 39 25 28 24 29 27 75 26 30 23 4  17 8  45 37 51 59 60 
64 63 65 60 61 62 12 17 15 67 13 16 31 35 74 33 30 32 7  9  8  6  70 10 55 73 59 56 58 57 53 48 49 50 51 52 21 23 22 20 71 18 43 47 72 45 42 44 76 1  3  5  4  2  40 36 41 39 68 37 75 26 29 25 24 28 27 34 19 0  14 11 46 38 69 54 66 
62 60 61 65 66 63 15 12 14 13 17 67 35 30 31 32 33 34 70 6  9  11 10 8  58 56 73 54 57 59 48 51 53 52 50 69 22 21 19 71 23 20 45 44 42 72 46 43 1  4  76 2  5  0  38 41 37 36 40 68 29 75 27 24 26 25 28 74 18 3  16 7  47 39 49 55 64 
66 62 60 63 65 64 17 13 12 16 67 14 74 31 34 30 35 33 11 8  10 9  7  70 54 59 57 73 55 58 49 53 69 51 48 50 23 71 21 18 20 19 44 46 45 43 72 47 3  76 0  4  1  5  68 39 36 38 37 41 26 24 75 28 25 27 29 32 22 2  15 6  42 40 52 56 61 
60 61 64 66 62 65 16 14 67 12 15 17 33 32 30 74 34 31 8  7  11 70 9  6  59 55 54 58 73 56 50 52 51 49 69 53 18 19 20 21 22 23 42 45 47 46 44 72 5  2  4  3  0  76 36 68 40 37 39 38 28 27 25 75 29 26 24 35 71 1  13 10 43 41 48 57 63 
54 58 59 57 73 55 38 40 39 37 68 41 10 8  70 6  9  11 65 62 64 63 61 66 16 12 17 15 67 13 28 25 27 26 24 75 44 47 43 42 46 72 76 0  4  1  5  3  69 49 52 48 53 51 19 71 23 20 22 21 33 30 32 31 35 74 34 7  45 50 36 60 2  18 29 14 56 
56 55 57 58 59 54 40 68 38 41 37 36 70 10 7  9  8  6  60 64 66 62 65 61 14 17 13 12 16 67 27 28 29 24 25 26 47 46 44 72 42 45 3  2  1  76 4  0  52 69 50 53 49 48 22 20 71 18 21 23 30 35 33 74 31 34 32 11 43 51 39 63 5  19 75 15 73 
55 57 73 59 56 58 39 38 36 68 40 37 8  9  10 11 6  7  61 63 62 60 66 64 67 15 12 14 13 17 25 24 28 75 26 29 43 44 45 46 47 42 1  3  5  4  2  76 49 53 69 51 48 50 18 23 21 71 19 22 32 33 34 35 30 31 74 70 72 52 41 65 0  20 27 16 54 
59 56 55 54 58 73 37 41 68 39 36 38 11 7  6  10 70 8  62 61 65 66 63 60 12 67 16 13 15 14 75 29 26 28 27 25 42 72 46 43 45 44 2  4  3  0  76 5  51 50 48 69 52 49 23 19 18 22 71 20 31 74 35 32 34 33 30 9  47 53 40 64 1  21 24 17 57 
73 54 58 55 57 56 68 37 40 36 41 39 7  70 11 8  10 9  63 66 61 64 60 65 15 13 67 17 14 16 29 27 75 25 28 24 46 42 47 45 72 43 0  5  76 3  1  2  50 52 51 49 69 53 21 18 20 19 23 71 35 31 30 34 74 32 33 6  44 48 38 62 4  22 26 12 59 
57 73 54 56 55 59 41 36 37 38 39 40 6  11 9  70 7  10 64 65 60 61 62 63 17 16 14 67 12 15 26 75 24 27 29 28 72 45 42 44 43 47 5  1  0  2  3  4  48 51 53 52 50 69 71 22 19 21 20 18 74 34 31 33 32 30 35 8  46 49 68 66 76 23 25 13 58 
31 30 32 33 34 35 65 60 61 62 63 64 53 48 49 50 51 52 29 24 25 26 27 28 8  7  11 70 9  6  46 47 42 43 44 45 16 14 67 12 15 17 68 41 38 40 39 37 22 19 21 20 18 71 73 55 58 54 59 57 76 3  1  2  0  5  4  69 13 23 66 75 36 56 72 10 74 
32 74 35 31 30 34 62 64 63 61 66 65 52 69 50 53 49 48 24 27 29 28 26 75 7  9  8  6  70 10 45 72 43 46 42 47 12 17 15 67 13 16 36 38 37 41 68 39 71 23 20 22 21 19 58 73 56 59 55 54 2  5  0  1  4  76 3  51 14 18 60 25 40 57 44 11 33 
33 34 31 74 35 32 64 66 62 65 61 60 50 52 51 49 69 53 25 29 75 27 24 26 11 8  10 9  7  70 43 45 44 42 72 46 17 13 12 16 67 14 39 40 41 36 37 38 20 71 18 21 23 22 55 59 73 57 54 56 5  4  2  76 1  3  0  48 15 19 63 28 68 58 47 6  30 
34 31 30 35 33 74 63 62 60 66 64 61 69 49 52 48 53 51 26 28 27 25 75 29 70 6  9  11 10 8  72 42 45 47 46 44 15 12 14 13 17 67 41 39 68 37 40 36 23 21 71 19 22 18 57 56 54 73 58 55 0  2  3  4  5  1  76 50 16 20 65 24 38 59 43 7  32 
35 33 34 32 74 30 61 65 66 63 60 62 48 51 53 52 50 69 27 26 24 75 28 25 9  70 7  10 6  11 47 44 46 45 43 72 67 16 13 15 14 12 40 37 39 38 36 68 19 18 22 71 20 23 56 58 57 55 73 59 1  76 4  0  3  2  5  49 17 21 64 29 41 54 42 8  31 
30 32 74 34 31 33 66 61 64 60 65 63 51 50 48 69 52 49 28 75 26 29 25 24 6  10 70 8  11 7  44 43 47 72 45 42 13 67 17 14 16 15 38 68 36 39 41 40 18 20 19 23 71 21 54 57 59 58 56 73 4  1  5  3  76 0  2  53 12 22 62 27 37 55 46 9  35 
37 40 39 38 36 68 46 42 47 45 72 43 55 58 54 59 57 73 15 13 67 17 14 16 22 71 20 23 19 18 8  9  10 11 6  7  50 51 52 53 48 49 29 26 28 27 25 75 32 34 33 31 74 35 4  0  3  2  1  76 66 61 64 60 65 63 62 56 69 30 44 12 24 5  70 21 41 
68 38 36 39 41 40 47 46 44 72 42 45 58 57 55 73 59 56 14 17 13 12 16 67 19 23 71 21 18 20 9  6  8  7  11 70 52 50 69 48 51 53 27 75 25 28 24 29 34 74 32 35 31 30 5  3  76 0  4  1  64 66 62 65 61 60 63 54 49 33 43 15 26 2  10 22 37 
41 68 38 40 39 37 42 72 46 43 45 44 54 55 56 57 58 59 12 67 16 13 15 14 21 20 18 71 22 19 10 8  70 6  9  11 51 48 50 49 53 69 75 24 27 29 28 26 33 32 30 74 34 31 1  2  0  5  76 3  61 65 66 63 60 62 64 73 52 35 47 17 25 4  7  23 36 
38 36 37 41 68 39 43 44 45 46 47 42 59 73 57 54 56 55 67 15 12 14 13 17 20 22 21 19 71 23 11 7  6  10 70 8  49 69 53 50 52 51 25 27 26 24 75 28 31 35 74 33 30 32 0  1  4  76 2  5  63 62 60 66 64 61 65 58 48 34 72 16 29 3  9  18 40 
40 39 41 36 37 38 44 47 43 42 46 72 57 59 58 56 73 54 16 12 17 15 67 13 18 21 23 22 20 71 6  11 9  70 7  10 69 52 49 51 50 48 28 29 24 25 26 27 74 31 34 30 35 33 2  76 1  3  5  4  62 64 63 61 66 65 60 55 53 32 45 14 75 0  8  19 68 
39 41 68 37 40 36 45 43 72 47 44 46 73 56 59 55 54 58 13 14 15 16 17 12 71 19 22 18 23 21 7  70 11 8  10 9  53 49 48 52 69 50 24 28 75 26 29 25 35 30 31 32 33 34 3  4  5  1  0  2  60 63 65 64 62 66 61 57 51 74 42 67 27 76 6  20 38 
36 37 40 68 38 41 72 45 42 44 43 47 56 54 73 58 55 57 17 16 14 67 12 15 23 18 19 20 21 22 70 10 7  9  8  6  48 53 51 69 49 52 26 25 29 75 27 24 30 33 35 34 32 74 76 5  2  4  3  0  65 60 61 62 63 64 66 59 50 31 46 13 28 1  11 71 39 
18 71 21 23 22 20 3  0  76 5  2  4  17 12 13 14 15 16 37 39 38 36 68 40 42 43 44 45 46 47 60 65 63 66 61 64 27 29 28 26 75 24 31 34 30 35 33 74 10 8  70 6  9  11 48 52 69 50 53 49 54 56 55 59 73 57 58 67 25 7  1  41 32 51 62 72 19 
7  10 9  8  6  70 58 55 57 56 54 73 29 27 75 25 28 24 30 74 34 31 33 32 61 63 62 60 66 64 1  4  76 2  5  0  41 36 37 38 39 40 23 20 22 21 19 71 47 44 46 45 43 72 16 17 12 13 14 15 48 53 51 69 49 52 50 26 68 42 59 35 18 67 3  65 11 
58 59 56 73 54 57 36 39 41 40 38 68 9  6  8  7  11 70 66 60 63 65 64 62 13 14 15 16 17 12 24 26 25 29 75 27 45 43 72 47 44 46 4  76 2  5  0  1  53 48 49 50 51 52 20 21 22 23 18 19 34 32 74 30 33 35 31 10 42 69 37 61 3  71 28 67 55 
28 24 75 26 29 25 11 6  7  8  9  10 5  2  4  3  0  76 52 48 53 51 69 49 31 32 33 34 35 30 20 71 18 21 23 22 54 56 55 59 73 57 67 14 17 13 12 16 37 68 41 38 40 39 63 61 66 65 62 64 43 44 45 46 47 42 72 1  58 36 70 50 15 60 19 74 27 
45 42 47 46 44 72 48 53 51 69 49 52 68 40 37 39 38 36 23 18 19 20 21 22 1  0  2  3  4  5  58 57 55 73 59 56 32 33 34 35 30 31 70 11 8  10 9  7  61 66 65 62 64 63 28 26 75 24 27 29 15 12 14 13 17 67 16 41 74 60 50 71 6  25 54 76 43 
61 64 63 62 60 66 13 67 17 14 16 15 34 74 32 35 31 30 6  10 70 8  11 7  56 57 58 59 54 55 69 49 52 48 53 51 71 20 23 19 18 22 47 42 43 44 45 46 0  3  2  1  76 4  37 38 39 40 41 36 24 25 26 27 28 29 75 33 21 5  12 9  72 68 50 73 65 
74 35 33 30 32 31 60 63 65 64 62 66 49 53 69 51 48 50 75 25 28 24 29 27 10 11 6  7  8  9  42 46 72 44 47 43 14 15 16 17 12 13 37 36 40 68 38 41 21 22 23 18 19 20 59 54 55 56 57 58 3  0  76 5  2  4  1  52 67 71 61 26 39 73 45 70 34 
13 12 14 15 16 17 23 71 21 18 20 19 63 60 62 61 65 66 54 59 57 73 55 58 40 41 36 37 38 39 35 30 31 32 33 34 1  76 4  0  3  2  49 52 48 53 51 69 27 28 29 24 25 26 46 43 45 44 42 72 70 7  10 6  11 9  8  64 5  75 22 56 50 47 74 68 67 
51 52 49 69 53 50 74 34 31 33 32 30 44 43 47 72 45 42 5  76 3  1  2  0  29 24 25 26 27 28 41 37 36 40 68 38 63 62 60 66 64 61 59 58 56 73 54 57 17 12 13 14 15 16 7  8  9  10 11 6  18 19 20 21 22 23 71 46 65 67 35 4  55 70 39 75 48 
1  5  0  2  3  4  26 24 75 28 25 27 18 20 19 23 71 21 43 46 42 47 45 72 49 50 51 52 53 48 17 12 13 14 15 16 70 7  10 6  11 9  64 61 63 62 60 66 54 55 56 57 58 59 35 32 34 33 31 74 41 36 37 38 39 40 68 22 8  73 29 44 65 30 67 69 76 
