66 4  2  5  0  1  13 15 14 12 75 16 22 18 23 21 74 19 55 73 59 56 58 57 49 53 67 51 48 50 37 38 39 40 41 36 43 47 76 45 42 44 8  11 7  6  10 68 60 61 65 63 70 62 27 69 25 28 24 29 32 71 34 33 31 30 3  64 17 52 35 72 46 26 54 20 9  
0  66 4  1  5  3  12 16 75 14 17 13 74 21 18 20 19 23 73 58 55 57 56 54 50 52 51 49 67 53 72 39 36 38 37 41 76 43 46 42 47 45 7  8  9  10 11 6  62 64 63 60 65 61 25 27 26 24 69 28 30 32 33 35 34 31 2  70 15 48 71 40 44 29 59 22 68 
5  0  66 3  1  2  14 13 17 75 15 12 19 20 21 22 23 18 58 56 73 54 57 59 53 48 49 50 51 52 40 36 41 39 72 37 46 76 44 47 43 42 9  7  68 11 8  10 61 70 60 62 63 64 26 25 29 69 27 24 31 30 35 71 33 34 4  65 16 67 32 38 45 28 55 74 6  
2  3  1  66 4  0  15 75 13 16 12 17 21 19 74 23 20 22 54 59 57 73 55 58 67 49 52 48 53 51 36 72 40 37 39 38 42 45 47 46 44 76 10 6  11 9  68 7  65 60 64 70 61 63 24 28 69 26 29 25 35 33 30 31 32 71 5  62 14 50 34 41 43 27 56 18 8  
4  2  3  0  66 5  16 17 12 13 14 15 20 23 19 18 22 74 59 55 54 58 73 56 51 50 48 67 52 49 41 40 38 72 36 39 47 42 43 44 45 46 11 10 8  68 6  9  63 62 70 65 64 60 69 24 27 29 28 26 71 35 31 34 30 32 1  61 75 53 33 37 76 25 57 21 7  
3  1  5  4  2  66 17 14 16 15 13 75 18 74 22 19 21 20 57 54 56 55 59 73 48 51 53 52 50 67 39 37 72 41 38 40 45 44 42 76 46 43 6  68 10 7  9  8  70 63 61 64 62 65 28 29 24 25 26 27 33 34 32 30 71 35 0  60 12 49 31 36 47 69 58 23 11 
13 16 15 14 12 75 68 7  10 6  11 9  29 27 69 25 28 24 43 76 47 44 46 45 63 62 70 65 64 60 52 51 49 67 53 50 32 71 30 33 35 34 58 73 56 59 55 54 3  4  5  1  0  2  36 39 41 40 38 72 19 74 21 20 18 23 17 66 8  61 22 48 31 37 42 26 57 
14 12 13 17 75 15 10 68 8  11 7  6  24 26 25 29 69 27 46 44 76 42 45 47 62 64 63 60 65 61 67 50 53 49 48 52 31 30 34 71 32 35 57 56 54 73 58 55 4  0  3  2  1  66 37 41 72 39 36 38 18 23 22 74 20 21 16 5  9  70 19 51 33 40 43 28 59 
15 17 75 13 16 12 7  11 68 9  6  8  25 24 28 69 26 29 42 47 45 76 43 46 70 63 61 64 62 65 50 48 67 52 49 51 35 33 71 31 34 30 55 59 73 57 54 56 5  3  66 0  4  1  38 40 39 37 72 41 22 20 23 18 19 74 14 2  10 60 21 53 32 36 44 27 58 
16 15 17 12 13 14 9  8  6  68 10 7  26 69 24 27 29 28 47 43 42 46 76 44 65 60 64 70 61 63 53 67 51 48 50 49 71 35 32 34 33 31 73 55 58 54 59 57 1  2  0  5  66 3  39 38 36 72 40 37 74 22 18 21 23 19 75 4  11 62 20 52 30 41 45 25 56 
17 75 14 16 15 13 8  10 9  7  68 11 27 28 29 24 25 26 45 42 44 43 47 76 64 65 62 61 60 70 49 52 48 53 51 67 33 34 35 30 31 32 59 54 55 56 57 58 0  1  4  66 2  5  40 72 38 41 37 36 20 21 19 23 74 22 12 3  6  63 18 50 71 39 46 69 73 
12 13 16 75 14 17 6  9  11 10 8  68 28 25 27 26 24 69 76 46 43 45 44 42 60 61 65 63 70 62 48 49 50 51 52 53 30 32 31 35 71 33 56 58 57 55 73 59 2  66 1  3  5  4  41 36 37 38 39 40 23 19 20 22 21 18 15 0  7  64 74 67 34 72 47 29 54 
22 20 21 19 74 23 29 25 24 28 69 26 75 13 16 12 17 15 51 49 67 53 50 52 76 44 47 43 42 46 57 55 73 59 56 58 65 70 63 61 64 62 36 39 41 40 38 72 31 33 32 30 71 34 8  11 7  6  10 68 5  0  2  4  3  1  18 35 27 45 66 54 60 9  48 14 37 
23 19 74 21 18 20 69 28 25 27 26 24 16 75 14 17 13 12 53 52 50 67 48 51 45 47 46 44 76 42 55 56 57 58 59 54 62 60 61 65 63 70 72 37 40 36 41 39 35 32 34 33 31 71 68 9  6  8  7  11 2  3  0  5  66 4  22 30 29 43 1  73 64 10 49 15 38 
18 23 19 20 21 22 27 24 26 25 29 69 13 17 75 15 12 14 52 48 53 51 67 49 42 43 44 45 46 47 73 57 54 56 55 59 61 62 64 63 60 65 40 72 38 41 37 36 71 30 33 35 34 32 6  68 10 7  9  8  4  2  5  1  0  66 74 31 28 76 3  58 70 11 50 16 39 
19 74 22 18 23 21 24 29 27 69 25 28 15 14 12 75 16 13 50 53 49 48 52 67 44 42 76 46 43 45 59 58 56 73 54 57 60 63 62 70 65 64 37 41 72 39 36 38 33 71 31 34 30 35 9  7  68 11 8  10 3  1  66 0  4  2  20 32 26 47 5  55 61 6  51 17 40 
20 21 18 74 22 19 26 27 28 29 24 25 14 16 15 13 75 17 67 51 48 50 49 53 43 46 42 47 45 76 56 59 55 54 58 73 70 64 65 62 61 60 39 38 36 72 40 37 30 34 71 32 35 31 11 10 8  68 6  9  0  66 3  2  1  5  23 33 69 44 4  57 63 7  52 12 41 
21 18 23 22 20 74 25 69 29 26 28 27 12 15 17 16 14 75 48 67 52 49 51 50 47 76 45 42 44 43 58 54 59 57 73 55 64 61 70 60 62 63 38 40 39 37 72 41 32 31 35 71 33 30 10 6  11 9  68 7  66 4  1  3  5  0  19 34 24 46 2  56 65 8  53 13 36 
56 58 73 54 57 59 44 76 42 45 47 46 53 51 67 49 52 48 74 19 22 18 23 21 12 75 16 13 15 14 3  66 0  4  1  5  29 26 28 27 25 69 32 71 30 33 35 34 10 8  68 6  9  11 65 70 63 61 64 62 72 37 39 36 38 40 55 7  43 17 41 2  24 60 20 50 31 
58 73 55 57 56 54 46 43 45 44 42 76 50 67 48 51 53 52 22 74 20 23 19 18 13 14 15 16 17 12 1  4  66 2  5  0  26 25 29 69 27 24 71 35 32 34 33 31 6  11 9  68 7  10 70 64 65 62 61 60 37 41 38 39 40 72 59 8  47 75 36 3  28 63 21 49 30 
57 56 58 59 54 55 45 46 47 42 43 44 52 49 51 50 48 67 19 23 74 21 18 20 14 17 13 12 16 75 2  0  5  66 3  1  28 29 24 25 26 27 30 32 31 35 71 33 11 7  6  10 68 8  63 65 60 64 70 61 40 72 36 41 39 38 73 9  76 15 37 4  69 62 22 53 34 
55 59 54 58 73 56 43 42 46 76 44 47 51 52 53 48 49 50 21 20 18 74 22 19 15 13 75 17 14 16 0  3  2  1  66 4  27 69 25 28 24 29 33 34 35 30 31 32 9  6  8  7  11 68 61 62 64 63 60 65 36 39 72 40 37 41 57 10 45 12 38 5  26 70 23 67 71 
73 55 59 56 58 57 76 47 44 46 45 43 49 48 52 67 50 53 20 22 21 19 74 23 16 12 17 15 75 13 5  2  4  3  0  66 25 27 26 24 69 28 35 33 71 31 34 30 68 10 7  9  8  6  64 61 70 60 62 63 41 36 40 38 72 37 54 11 42 14 39 1  29 65 18 51 32 
59 54 57 73 55 58 47 45 76 43 46 42 67 53 50 52 51 49 18 21 23 22 20 74 17 16 14 75 12 15 66 1  3  5  4  2  69 24 27 29 28 26 34 31 33 32 30 71 7  68 11 8  10 9  62 60 61 65 63 70 39 38 37 72 41 36 56 6  44 13 40 0  25 64 19 48 35 
50 49 51 52 53 48 60 65 61 62 64 63 46 47 42 43 44 45 16 13 15 14 12 75 69 25 28 24 29 27 23 20 22 21 19 74 9  7  68 11 8  10 0  66 5  2  4  3  40 39 37 72 41 38 71 35 32 34 33 31 57 56 55 73 59 54 67 36 70 26 58 18 6  30 17 76 1  
51 67 48 50 49 53 65 64 60 63 62 70 43 45 44 42 76 46 17 15 75 13 16 12 28 69 26 29 25 24 74 18 21 23 22 20 8  11 7  6  10 68 4  2  66 1  3  5  37 40 36 41 39 72 33 34 35 30 31 32 58 73 54 59 57 56 52 38 61 27 55 19 9  71 14 47 0  
52 53 50 67 48 51 61 60 70 64 65 62 45 76 43 46 42 47 12 14 13 17 75 15 25 29 69 27 24 26 21 74 19 22 18 23 6  68 10 7  9  8  1  5  3  66 0  4  39 41 40 38 72 36 30 32 31 35 71 33 59 54 58 56 73 55 49 37 63 28 57 20 11 34 16 44 2  
53 50 49 48 52 67 62 63 64 61 70 60 44 43 47 76 45 42 13 12 16 75 14 17 27 26 24 69 28 25 18 22 74 20 23 19 68 9  6  8  7  11 5  0  1  4  66 2  38 36 72 40 37 39 32 71 30 33 35 34 54 57 73 58 55 59 51 41 65 29 56 21 10 31 15 46 3  
48 52 53 51 67 49 64 62 65 70 63 61 42 46 76 44 47 43 14 75 12 15 17 16 26 28 27 25 69 29 20 19 23 74 21 18 10 6  11 9  68 7  3  1  2  0  5  66 36 37 38 39 40 41 31 30 34 71 32 35 55 59 56 57 58 73 50 72 60 24 54 22 8  33 13 45 4  
49 51 67 53 50 52 63 70 62 60 61 65 76 42 45 47 46 44 15 16 17 12 13 14 24 27 29 28 26 69 19 21 20 18 74 22 7  8  9  10 11 6  66 4  0  3  2  1  72 38 41 37 36 40 35 33 71 31 34 30 56 58 59 55 54 57 48 39 64 25 73 23 68 32 75 43 5  
40 72 37 39 38 36 67 52 49 51 50 48 59 56 58 57 55 73 1  3  5  4  2  66 18 20 19 23 74 21 71 31 34 30 35 33 75 14 17 13 12 16 62 60 61 65 63 70 25 29 69 27 24 26 44 46 45 43 76 47 11 10 9  68 7  8  41 28 53 22 6  32 15 42 0  54 64 
41 36 39 72 37 40 53 49 48 52 67 50 56 55 59 73 57 54 66 0  4  1  5  3  74 23 20 22 21 19 34 71 32 35 31 30 13 16 12 17 15 75 65 70 63 61 64 62 24 27 29 28 26 69 43 47 76 45 42 44 68 9  11 8  10 6  38 25 51 18 7  33 14 46 2  58 60 
36 39 38 37 41 72 50 51 52 53 48 49 58 59 54 55 56 57 4  66 2  5  0  1  22 19 21 20 18 74 31 35 71 33 30 32 16 15 13 75 17 14 70 64 65 62 61 60 28 69 26 29 25 24 47 42 43 44 45 46 9  7  10 11 6  68 40 27 67 23 8  34 12 76 3  73 63 
37 41 36 40 72 38 52 50 67 48 51 53 57 73 55 58 54 59 0  5  66 3  1  2  19 18 22 74 20 23 33 32 30 71 34 31 12 13 14 15 16 17 63 65 60 64 70 61 69 25 28 24 29 27 76 43 46 42 47 45 6  68 8  7  11 10 39 26 49 21 9  35 75 44 4  56 62 
38 40 72 36 39 41 51 48 50 49 53 67 55 57 56 54 73 58 3  2  1  66 4  0  21 22 23 18 19 20 32 34 33 31 71 35 17 75 15 12 14 13 61 62 64 63 60 65 26 28 27 25 69 29 45 44 42 76 46 43 8  11 68 6  9  7  37 24 52 74 10 30 16 47 5  59 70 
39 38 40 41 36 37 49 67 53 50 52 51 73 54 57 59 58 56 2  4  3  0  66 5  20 74 18 21 23 22 30 33 35 34 32 71 15 17 16 14 75 12 64 61 70 60 62 63 29 24 25 26 27 28 42 45 47 46 44 76 7  8  6  10 68 9  72 69 48 19 11 31 13 43 1  55 65 
44 46 76 42 45 47 34 30 35 33 71 31 62 65 70 63 61 64 29 28 26 69 24 27 6  11 9  68 7  10 17 13 12 16 75 14 72 37 40 36 41 39 19 74 23 20 22 21 55 58 54 59 57 73 5  0  1  4  66 2  48 52 49 50 51 67 43 56 32 8  53 15 38 3  25 60 18 
45 44 46 47 42 43 33 31 71 35 32 34 61 63 65 60 64 70 28 24 29 27 69 25 10 8  68 6  9  11 15 12 14 13 17 75 40 72 38 41 37 36 23 19 18 22 74 20 73 56 59 55 54 58 1  5  3  66 0  4  67 48 50 53 49 51 76 57 30 7  52 16 39 2  26 62 21 
46 76 43 45 44 42 31 32 33 34 35 30 60 70 64 65 62 61 26 29 25 24 28 69 68 10 7  9  8  6  75 16 13 15 14 12 37 41 72 39 36 38 74 22 19 21 20 18 59 73 57 54 56 55 0  66 5  2  4  3  52 53 51 49 67 48 47 58 71 11 50 17 40 1  27 63 23 
47 42 45 76 43 46 71 33 30 32 31 35 70 62 60 61 65 63 69 27 24 26 25 29 8  9  10 11 6  7  13 75 17 14 16 15 39 38 36 72 40 37 21 18 20 19 23 74 56 54 73 58 55 57 2  3  4  5  1  0  49 51 52 48 53 50 44 59 34 68 67 12 41 66 28 64 22 
42 45 44 43 47 76 35 34 32 71 30 33 64 60 63 62 70 65 24 69 28 25 27 26 11 7  6  10 68 8  16 14 75 12 15 17 38 40 39 37 72 41 18 23 21 74 19 22 58 57 55 73 59 56 3  1  2  0  5  66 51 67 53 52 50 49 46 54 31 9  48 13 36 4  29 61 20 
43 47 42 46 76 44 32 35 31 30 34 71 65 61 62 64 63 60 27 25 69 29 26 28 7  68 11 8  10 9  12 17 15 75 13 16 36 39 41 40 38 72 20 21 22 23 18 19 57 59 58 56 73 54 4  2  66 1  3  5  50 49 48 67 52 53 45 55 33 6  51 14 37 0  24 70 74 
11 10 6  7  8  9  73 59 56 58 57 55 39 72 37 40 36 41 34 33 31 71 35 32 4  0  3  2  1  66 65 62 61 60 70 64 21 18 20 19 23 74 76 43 46 42 47 45 13 14 15 16 17 12 48 52 67 50 53 49 25 27 28 24 29 26 68 75 54 5  69 63 22 51 30 38 44 
8  11 10 9  7  68 58 55 57 56 54 73 36 40 72 38 41 37 33 35 34 32 71 30 66 5  2  4  3  0  63 61 64 62 65 70 20 21 22 23 18 19 46 76 44 47 43 42 12 75 16 13 15 14 67 48 51 53 52 50 26 25 24 69 28 29 6  17 59 1  27 60 74 49 31 39 45 
10 6  68 8  11 7  55 54 58 73 56 59 38 37 41 72 39 36 31 34 30 35 33 71 2  66 1  3  5  4  70 60 62 63 64 61 18 23 21 74 19 22 43 47 76 45 42 44 16 12 17 15 75 13 52 53 48 49 50 51 27 69 29 28 26 25 9  14 57 0  24 65 20 67 32 40 46 
9  7  8  6  68 10 57 58 59 54 55 56 37 39 38 36 72 40 71 32 35 31 30 34 5  3  66 0  4  1  62 70 65 64 60 63 74 22 19 21 20 18 45 44 42 76 46 43 75 15 12 14 13 17 49 51 50 48 67 52 28 29 27 25 69 24 11 16 73 2  26 61 23 53 33 41 47 
7  8  11 68 9  6  56 73 54 57 59 58 41 38 40 39 37 72 35 71 33 30 32 31 0  1  4  66 2  5  60 64 70 61 63 65 22 20 74 18 21 23 44 46 45 43 76 47 14 17 13 12 16 75 51 67 49 52 48 53 29 26 69 27 24 28 10 15 55 3  25 62 19 50 34 36 42 
68 9  7  10 6  11 54 56 55 59 73 57 72 36 39 41 40 38 32 30 71 34 31 33 1  2  0  5  66 3  61 65 63 70 62 60 19 74 23 20 22 21 42 45 47 46 44 76 17 16 14 75 12 15 50 49 53 67 51 48 24 28 25 26 27 69 8  13 58 4  29 64 18 52 35 37 43 
63 65 70 62 60 61 1  0  2  3  4  5  30 35 33 71 31 34 7  9  8  6  68 10 37 40 36 41 39 72 24 25 26 27 28 29 56 58 57 55 73 59 13 16 12 17 15 75 67 49 52 48 53 51 22 20 74 18 21 23 44 46 47 43 42 45 64 50 66 38 76 69 54 19 11 32 14 
70 64 61 63 65 60 0  4  1  5  3  66 71 34 31 33 32 30 11 8  10 9  7  68 36 37 38 39 40 41 29 69 27 24 26 25 73 55 58 54 59 57 15 17 16 14 75 12 52 67 50 53 49 48 21 18 20 19 23 74 76 43 45 42 44 46 62 51 2  72 47 28 56 22 6  35 13 
62 60 63 64 61 70 2  1  66 4  0  3  34 32 71 30 33 35 68 6  9  11 10 8  40 39 37 72 41 38 27 29 28 26 69 24 54 57 59 58 56 73 14 12 75 16 13 15 49 53 67 51 48 50 19 74 23 20 22 21 42 45 76 46 43 47 65 52 5  36 44 25 55 18 7  31 17 
60 63 65 61 62 64 3  5  4  2  66 1  31 71 35 32 34 33 9  68 7  10 6  11 72 38 41 37 36 40 69 26 29 25 24 28 57 56 54 73 58 55 12 13 14 15 16 17 51 50 48 67 52 49 74 22 19 21 20 18 45 44 43 76 47 42 70 53 0  39 46 27 59 23 8  30 75 
61 62 60 70 64 65 4  3  0  66 5  2  33 30 32 31 35 71 6  10 68 8  11 7  38 36 72 40 37 39 25 28 24 29 27 69 59 54 55 56 57 58 75 14 17 13 12 16 50 52 51 49 67 53 23 19 18 22 74 20 47 42 46 44 76 43 63 48 1  41 45 26 73 21 9  34 15 
65 70 64 60 63 62 5  66 3  1  2  0  32 33 34 35 30 31 8  7  11 68 9  6  41 72 39 36 38 37 28 27 25 69 29 26 58 73 56 59 55 54 16 15 13 75 17 14 48 51 53 52 50 67 20 21 22 23 18 19 46 76 42 47 45 44 61 49 4  40 43 24 57 74 10 71 12 
69 24 28 25 27 26 39 40 41 36 37 38 11 68 9  6  8  7  62 61 60 70 64 65 33 71 31 34 30 35 43 44 45 46 47 42 2  3  4  5  1  0  48 52 67 50 53 49 22 19 21 20 18 74 73 55 58 54 59 57 15 17 12 14 13 16 29 23 72 32 75 76 66 56 63 10 51 
27 69 24 26 25 29 36 38 37 41 72 39 8  6  68 10 7  9  61 64 62 65 70 63 35 32 34 33 31 71 76 45 42 44 43 47 4  2  66 1  3  5  67 48 51 53 52 50 74 23 20 22 21 19 58 73 56 59 55 54 16 15 14 75 12 13 28 18 40 30 17 46 0  57 60 11 49 
24 28 29 27 69 25 38 72 36 39 41 40 10 9  7  68 11 8  60 62 63 64 61 70 34 35 30 31 32 33 47 46 44 76 42 45 3  1  2  0  5  66 52 53 48 49 50 51 20 74 18 21 23 22 55 59 73 57 54 56 17 75 13 12 16 15 26 19 37 71 14 43 4  58 65 6  67 
26 25 27 28 29 24 37 36 40 72 38 41 9  11 10 8  68 6  70 65 64 60 63 62 32 31 35 71 33 30 44 47 43 42 46 76 0  66 5  2  4  3  49 51 50 48 67 52 23 21 74 19 22 18 57 56 54 73 58 55 12 13 17 15 75 14 69 20 39 34 16 45 1  59 61 7  53 
25 27 69 29 26 28 41 39 72 37 40 36 7  10 6  11 9  68 64 70 61 63 65 60 71 30 33 35 34 32 46 42 47 45 76 43 66 4  0  3  2  1  51 67 49 52 48 53 19 18 22 74 20 23 56 58 57 55 73 59 13 16 75 17 14 12 24 21 38 31 15 44 5  54 62 8  50 
29 26 25 24 28 69 72 41 38 40 39 37 68 8  11 7  6  10 65 63 70 62 60 61 30 34 71 32 35 31 45 43 76 47 44 46 5  0  1  4  66 2  50 49 53 67 51 48 18 20 19 23 74 21 54 57 59 58 56 73 14 12 15 16 17 75 27 22 36 33 13 42 3  55 64 9  52 
34 31 30 35 33 71 21 23 22 20 74 18 2  5  0  1  4  66 72 40 37 39 38 36 59 73 57 54 56 55 8  68 6  9  11 10 48 52 67 50 53 49 24 28 69 26 29 25 43 46 42 47 45 76 14 12 75 16 13 15 70 64 60 62 63 65 32 44 19 58 61 7  51 17 41 3  27 
33 34 31 71 35 32 20 18 74 22 19 21 4  1  5  3  66 0  40 38 72 36 39 41 55 58 54 59 57 73 7  6  10 68 8  11 67 48 51 53 52 50 69 24 27 29 28 26 76 44 47 43 42 46 75 14 17 13 12 16 65 70 62 61 60 63 30 45 23 56 64 9  49 15 37 2  25 
32 71 35 31 30 34 19 22 18 23 21 74 5  4  2  66 1  3  36 41 39 72 37 40 56 54 73 58 55 57 6  8  7  11 68 9  50 49 53 67 51 48 26 25 29 69 27 24 45 47 46 44 76 42 16 15 13 75 17 14 62 60 70 65 64 61 33 43 20 59 63 10 52 12 38 0  28 
71 35 33 30 32 31 74 20 23 19 18 22 0  2  3  4  5  1  39 36 38 37 41 72 58 57 55 73 59 56 68 11 8  10 9  7  49 51 50 48 67 52 25 27 26 24 69 28 44 42 76 46 43 45 15 17 16 14 75 12 60 63 64 70 61 62 34 47 21 54 65 6  53 13 40 66 29 
30 32 71 34 31 33 23 74 21 18 20 19 1  66 4  0  3  2  41 37 36 40 72 38 57 59 58 56 73 54 10 7  9  8  6  68 53 50 52 51 49 67 29 26 28 27 25 69 42 43 44 45 46 47 13 16 12 17 15 75 61 62 65 63 70 64 35 76 22 55 60 11 48 14 39 5  24 
31 30 32 33 34 35 18 19 20 21 22 23 3  0  66 5  2  4  37 72 41 38 40 39 54 55 56 57 58 59 11 9  68 7  10 6  52 53 48 49 50 51 28 29 24 25 26 27 47 76 45 42 44 43 12 13 14 15 16 17 64 61 63 60 65 70 71 46 74 73 62 8  67 75 36 1  69 
1  5  0  2  3  4  75 12 15 17 16 14 23 22 20 74 18 21 56 57 58 59 54 55 52 67 50 53 49 48 38 41 37 36 40 72 44 46 45 43 76 47 68 9  6  8  7  11 64 65 62 61 60 70 29 26 28 27 25 69 34 31 71 32 35 33 66 63 13 51 30 39 42 24 73 19 10 
64 61 62 65 70 63 66 2  5  0  1  4  35 31 30 34 71 32 10 11 6  7  8  9  39 41 40 38 72 36 26 24 69 28 25 27 55 59 73 57 54 56 17 75 15 12 14 13 53 48 49 50 51 52 18 23 21 74 19 22 43 47 44 45 46 76 60 67 3  37 42 29 58 20 68 33 16 
75 14 12 15 17 16 11 6  7  8  9  10 69 29 26 28 27 25 44 45 46 47 42 43 61 70 60 62 63 64 51 53 52 50 67 48 34 31 33 32 30 71 54 57 59 58 56 73 66 5  2  4  3  0  72 37 40 36 41 39 21 18 74 19 22 20 13 1  68 65 23 49 35 38 76 24 55 
67 48 52 49 51 50 70 61 63 65 60 64 47 44 46 45 43 76 75 17 14 16 15 13 29 24 25 26 27 28 22 23 18 19 20 21 11 10 8  68 6  9  2  3  4  5  1  0  41 72 39 36 38 37 34 31 33 32 30 71 73 55 57 54 56 58 53 40 62 69 59 74 7  35 12 42 66 
35 33 34 32 71 30 22 21 19 74 23 20 66 3  1  2  0  5  38 39 40 41 36 37 73 56 59 55 54 58 9  10 11 6  7  8  51 67 49 52 48 53 27 69 25 28 24 29 46 45 43 76 47 44 17 75 15 12 14 13 63 65 61 64 62 60 31 42 18 57 70 68 50 16 72 4  26 
72 37 41 38 40 39 48 53 51 67 49 52 54 58 73 56 59 55 5  1  0  2  3  4  23 21 74 19 22 18 35 30 31 32 33 34 14 12 75 16 13 15 60 63 62 70 65 64 27 26 24 69 28 25 46 76 44 47 43 42 10 6  7  9  8  11 36 29 50 20 68 71 17 45 66 57 61 
76 43 47 44 46 45 30 71 34 31 33 32 63 64 61 70 60 62 25 26 27 28 29 24 9  6  8  7  11 68 14 15 16 17 12 13 41 36 37 38 39 40 22 20 74 18 21 23 54 55 56 57 58 59 66 4  0  3  2  1  53 50 67 51 48 52 42 73 35 10 49 75 72 5  69 65 19 
28 29 26 69 24 27 40 37 39 38 36 72 6  7  8  9  10 11 63 60 65 61 62 64 31 33 32 30 71 34 42 76 46 43 45 44 1  5  3  66 0  4  53 50 52 51 49 67 21 22 23 18 19 20 59 54 55 56 57 58 75 14 16 13 15 17 25 74 41 35 12 47 2  73 70 68 48 
54 57 56 55 59 73 42 44 43 47 76 45 48 50 49 53 67 51 23 18 19 20 21 22 75 15 12 14 13 17 4  5  1  0  2  3  24 28 69 26 29 25 31 30 34 71 32 35 8  9  10 11 6  7  60 63 62 70 65 64 38 40 41 37 36 39 58 68 46 16 72 66 27 61 74 52 33 
74 22 20 23 19 18 28 26 69 24 27 29 17 12 13 14 15 16 49 50 51 52 53 48 46 45 43 76 47 44 54 73 58 55 57 56 63 65 60 64 70 61 41 36 37 38 39 40 34 35 30 31 32 33 7  8  9  10 11 6  1  5  4  66 2  3  21 71 25 42 0  59 62 68 67 75 72 
6  68 9  11 10 8  59 57 73 55 58 54 40 41 36 37 38 39 30 31 32 33 34 35 3  4  5  1  0  2  64 63 60 65 61 62 23 19 18 22 74 20 47 42 43 44 45 46 15 13 75 17 14 16 53 50 52 51 49 67 69 24 26 29 25 27 7  12 56 66 28 70 21 48 71 72 76 
