3  4  0  1  5  72 48 49 50 51 52 53 18 22 19 20 76 21 65 64 62 60 63 66 44 45 42 43 75 47 74 26 28 24 27 29 17 15 16 14 12 13 7  10 9  73 6  11 59 57 58 56 55 54 41 40 39 37 38 36 30 32 31 35 33 34 71 70 67 68 23 25 2  69 46 8  61 
1  5  3  4  72 2  52 51 49 48 53 69 22 23 21 19 20 18 63 60 64 65 66 61 46 75 44 47 42 45 27 24 26 74 29 25 12 14 15 17 13 70 9  11 6  8  10 73 55 56 57 59 54 68 67 41 36 39 37 40 34 31 33 71 30 35 32 16 38 58 76 28 0  50 43 7  62 
5  2  4  72 0  3  69 52 48 53 50 49 76 20 22 18 21 23 61 63 65 66 62 64 47 44 43 75 46 42 25 27 74 29 28 26 70 12 17 13 16 15 10 8  11 9  73 7  68 55 59 54 58 57 37 38 41 40 36 67 71 30 34 31 35 32 33 14 39 56 19 24 1  51 45 6  60 
72 0  5  2  3  1  50 53 52 69 49 51 20 19 23 22 18 76 62 66 63 61 64 60 45 46 47 42 43 44 28 29 27 25 26 24 16 13 12 70 15 14 11 7  73 6  8  9  58 54 55 68 57 56 39 37 67 41 40 38 32 34 35 33 71 31 30 17 36 59 21 74 4  48 75 10 65 
2  3  72 0  1  4  49 69 53 50 51 48 19 21 76 23 22 20 64 61 66 62 60 65 75 43 45 44 47 46 26 25 29 28 24 74 15 70 13 16 14 17 73 9  8  10 7  6  57 68 54 58 56 59 36 39 38 67 41 37 31 35 71 30 32 33 34 12 40 55 18 27 5  52 42 11 63 
4  72 1  5  2  0  53 48 51 52 69 50 23 76 18 21 19 22 66 65 60 63 61 62 43 42 46 45 44 75 29 74 24 27 25 28 13 17 14 12 70 16 6  73 10 7  11 8  54 59 56 55 68 58 38 67 40 36 39 41 35 33 30 32 34 71 31 15 37 57 20 26 3  49 47 9  64 
19 18 20 21 22 23 11 6  9  10 73 8  63 66 60 64 62 65 41 36 39 40 67 38 17 16 14 13 15 70 52 51 49 48 53 69 55 56 57 59 54 68 3  5  1  2  4  72 27 24 26 74 29 25 71 35 30 33 31 34 43 42 44 45 46 47 75 58 32 28 61 50 76 7  12 0  37 
20 21 76 19 18 22 10 9  7  6  11 73 65 63 64 62 61 60 40 39 37 36 41 67 14 70 15 12 16 13 48 49 50 51 52 53 59 57 58 56 55 54 0  4  3  72 1  5  74 26 28 24 27 29 35 34 33 31 32 30 46 75 42 47 44 43 45 68 71 25 66 69 23 8  17 2  38 
18 23 21 22 76 20 8  11 10 73 7  9  61 62 63 65 60 66 38 41 40 67 37 39 13 14 12 16 17 15 69 52 48 53 50 49 68 55 59 54 58 57 4  2  5  3  72 0  25 27 74 29 28 26 31 32 35 34 30 71 45 46 43 42 47 75 44 56 33 24 64 51 19 6  70 1  36 
22 76 18 23 20 19 7  73 11 8  9  6  62 64 66 63 65 61 37 67 41 38 39 36 70 17 13 15 12 14 50 53 52 69 49 51 58 54 55 68 57 56 5  0  72 1  2  3  28 29 27 25 26 24 33 31 71 35 34 32 75 43 47 44 45 42 46 59 30 74 60 48 21 10 16 4  40 
23 20 22 76 19 21 9  8  73 7  6  10 64 60 61 66 63 62 39 38 67 37 36 40 16 12 70 14 13 17 49 69 53 50 51 48 57 68 54 58 56 59 72 3  2  4  0  1  26 25 29 28 24 74 30 33 32 71 35 31 42 47 45 46 75 44 43 55 34 27 65 52 18 11 15 5  41 
21 22 19 18 23 76 73 10 6  11 8  7  66 61 65 60 64 63 67 40 36 41 38 37 12 15 17 70 14 16 53 48 51 52 69 50 54 59 56 55 68 58 1  72 4  0  5  2  29 74 24 27 25 28 32 71 34 30 33 35 47 44 46 75 43 45 42 57 31 26 62 49 20 9  13 3  39 
45 42 47 75 44 46 37 67 41 38 39 36 17 12 15 16 70 14 56 58 68 57 59 55 8  10 73 9  11 6  62 66 63 61 64 60 0  72 5  2  3  1  71 33 32 34 31 30 20 23 22 76 19 21 74 24 28 25 29 26 49 53 69 48 50 51 52 4  27 18 13 65 43 40 7  35 54 
46 47 44 43 45 75 41 36 39 40 67 38 16 15 13 12 17 70 68 55 59 54 58 57 10 7  6  73 9  8  63 60 64 65 66 61 5  1  3  4  72 2  30 71 34 31 35 32 22 21 19 18 23 76 28 25 27 74 24 29 53 51 48 50 52 69 49 0  26 20 14 62 42 37 11 33 56 
47 75 43 45 42 44 38 41 40 67 37 39 14 17 16 70 13 15 57 68 54 58 56 59 73 6  11 7  10 9  61 63 65 66 62 64 2  5  4  72 0  3  35 31 71 30 32 33 76 22 18 23 20 19 24 26 25 29 27 28 50 52 53 51 69 49 48 1  74 21 12 60 46 36 8  34 55 
42 46 75 44 43 47 36 37 38 39 40 41 13 70 17 14 15 12 55 56 57 59 54 68 9  73 7  10 8  11 60 62 61 64 65 63 1  0  2  3  4  5  31 34 33 71 30 35 21 20 76 19 18 22 29 27 24 26 28 74 48 50 49 53 51 52 69 72 25 23 16 66 45 67 6  32 58 
43 45 46 47 75 42 67 40 36 41 38 37 15 14 70 13 12 16 58 54 55 68 57 56 11 9  10 8  6  7  66 65 60 63 61 62 72 4  1  5  2  0  34 32 35 33 71 31 23 18 21 22 76 20 26 28 29 27 74 25 69 48 52 49 53 50 51 3  24 19 17 64 44 39 73 30 59 
44 43 42 46 47 45 40 39 37 36 41 67 70 16 12 17 14 13 54 59 56 55 68 58 6  8  9  11 7  73 65 64 62 60 63 66 4  3  0  1  5  72 33 35 30 32 34 71 18 19 20 21 22 23 25 29 74 24 26 27 52 49 51 69 48 53 50 2  28 76 15 61 75 38 10 31 57 
73 7  11 8  9  6  26 25 29 28 24 74 3  1  2  72 5  0  23 18 21 22 76 20 32 34 71 33 35 30 57 68 54 58 56 59 42 45 47 75 44 46 69 51 50 52 49 48 15 70 13 16 14 17 60 64 61 66 63 62 37 41 67 36 38 39 40 43 65 12 4  55 10 27 31 53 19 
11 8  10 73 7  9  28 29 27 25 26 24 0  3  72 5  4  2  22 21 19 18 23 76 71 30 35 31 34 33 58 54 55 68 57 56 75 47 43 45 42 44 53 49 69 48 50 51 16 13 12 70 15 14 64 62 66 63 65 61 38 40 41 39 67 37 36 46 60 17 1  59 6  74 32 52 20 
7  6  8  9  10 11 74 26 28 24 27 29 4  5  3  0  2  1  20 23 22 76 19 21 33 71 31 34 32 35 59 57 58 56 55 54 46 42 75 44 43 47 49 52 51 69 48 53 17 15 16 14 12 13 63 65 64 62 61 60 36 38 37 41 39 40 67 45 66 70 72 68 73 25 30 50 18 
9  10 7  6  11 73 27 24 26 74 29 25 5  72 1  3  0  4  19 76 23 20 21 18 30 32 33 35 31 71 55 56 57 59 54 68 43 44 42 46 47 45 51 53 48 50 52 69 12 14 15 17 13 70 66 63 60 64 62 65 40 37 39 67 36 41 38 75 61 16 2  58 8  28 34 49 22 
6  11 9  10 73 8  29 74 24 27 25 28 72 2  4  1  3  5  21 20 76 19 18 22 34 31 30 71 33 32 54 59 56 55 68 58 47 46 44 43 45 75 48 69 52 49 53 50 13 17 14 12 70 16 61 66 65 60 64 63 41 39 36 38 40 67 37 42 62 15 0  57 7  26 35 51 23 
8  9  73 7  6  10 24 28 25 26 74 27 1  4  0  2  72 3  76 22 18 23 20 19 31 35 32 30 71 34 56 58 68 57 59 55 44 75 45 42 46 43 50 48 49 53 51 52 14 16 70 15 17 12 65 60 62 61 66 64 39 67 38 40 37 36 41 47 63 13 5  54 11 29 33 69 21 
41 38 40 67 37 39 76 22 18 23 20 19 31 33 71 35 34 32 42 45 47 75 44 46 29 24 27 28 74 26 2  5  4  72 0  3  50 53 52 69 49 51 63 62 66 60 61 64 8  11 10 73 7  9  14 15 70 13 12 16 58 55 54 56 68 57 59 48 17 6  30 1  36 21 25 65 43 
38 39 67 37 36 40 19 76 23 20 21 18 30 34 31 32 71 33 46 42 75 44 43 47 28 27 25 24 29 74 3  2  72 0  1  4  51 50 69 49 48 52 61 60 62 63 64 65 9  8  73 7  6  10 12 17 15 16 70 14 56 68 58 55 57 59 54 53 13 11 35 5  41 22 26 66 45 
37 36 38 39 40 41 21 20 76 19 18 22 34 35 33 31 32 30 43 44 42 46 47 45 26 29 28 74 25 27 1  0  2  3  4  5  48 49 50 51 52 53 62 65 64 66 60 63 6  7  8  9  10 11 13 12 14 15 16 17 59 58 57 54 56 55 68 69 70 73 71 72 67 23 24 61 75 
67 37 41 38 39 36 20 23 22 76 19 21 33 30 32 71 35 31 44 75 45 42 46 43 25 74 29 26 27 24 0  72 5  2  3  1  49 69 53 50 51 48 66 64 61 65 62 60 7  73 11 8  9  6  17 14 16 70 13 15 57 54 68 59 58 56 55 52 12 10 34 4  40 18 28 63 47 
40 67 36 41 38 37 23 18 21 22 76 20 32 31 35 34 30 71 75 47 43 45 42 44 27 26 74 25 24 28 72 4  1  5  2  0  69 52 48 53 50 49 65 61 63 64 66 62 73 10 6  11 8  7  15 16 13 12 17 70 68 59 55 57 54 58 56 51 14 9  33 3  39 19 29 60 46 
36 41 39 40 67 38 22 21 19 18 23 76 71 32 34 30 33 35 45 43 46 47 75 42 74 28 24 29 26 25 5  1  3  4  72 2  53 48 51 52 69 50 60 66 65 62 63 61 11 6  9  10 73 8  16 70 12 17 14 13 54 56 59 58 55 68 57 49 15 7  31 0  37 20 27 64 44 
56 55 57 59 54 68 43 44 42 46 47 45 29 25 74 24 26 27 53 48 51 52 69 50 21 76 19 22 20 23 35 30 33 34 71 32 65 64 62 60 63 66 14 13 17 16 12 70 40 39 37 36 41 67 73 11 6  9  7  10 4  0  3  72 1  5  2  61 8  38 28 31 58 75 18 15 49 
57 59 58 56 55 54 46 42 75 44 43 47 27 29 24 26 28 74 52 51 49 48 53 69 19 23 20 18 76 22 34 33 31 30 35 71 60 62 61 64 65 63 15 12 14 70 17 13 36 37 38 39 40 41 11 10 9  7  8  6  1  2  0  5  3  4  72 66 73 67 25 32 68 45 21 16 50 
55 68 59 54 58 57 45 43 46 47 75 42 28 26 29 27 74 25 50 53 52 69 49 51 22 19 18 76 21 20 32 35 34 71 31 33 66 65 60 63 61 62 12 16 13 14 70 15 67 40 36 41 38 37 7  8  11 10 6  73 72 1  4  0  5  2  3  64 9  39 24 30 56 44 23 17 48 
54 58 55 68 57 56 75 47 43 45 42 44 26 24 25 29 27 28 49 69 53 50 51 48 23 21 22 20 18 19 31 71 35 32 33 30 61 63 65 66 62 64 13 15 70 17 16 14 38 41 40 67 37 39 9  7  73 11 10 8  2  4  5  3  72 0  1  60 6  36 74 34 59 46 76 12 52 
68 57 54 58 56 59 42 45 47 75 44 46 24 74 28 25 29 26 51 50 69 49 48 52 76 18 23 19 22 21 33 32 71 31 30 34 62 66 63 61 64 60 70 14 16 12 15 17 37 67 41 38 39 36 6  9  8  73 11 7  0  5  72 1  2  3  4  65 10 40 27 35 55 43 20 13 53 
59 54 56 55 68 58 47 46 44 43 45 75 25 28 27 74 24 29 69 52 48 53 50 49 18 20 21 23 19 76 71 34 30 35 32 31 63 60 64 65 66 61 17 70 12 15 13 16 41 36 39 40 67 38 8  73 10 6  9  11 5  3  1  2  4  72 0  62 7  37 26 33 57 42 22 14 51 
24 27 26 74 29 25 12 14 15 17 13 70 53 69 48 51 49 52 11 6  9  10 73 8  60 61 64 63 62 66 43 44 42 46 47 45 41 36 39 40 67 38 56 54 59 58 55 68 34 33 31 30 35 71 72 5  1  3  0  4  18 20 19 23 21 22 76 37 2  32 50 75 28 16 65 57 7  
26 74 28 24 27 29 17 15 16 14 12 13 52 53 51 49 50 48 10 9  7  6  11 73 64 66 62 65 61 63 46 42 75 44 43 47 40 39 37 36 41 67 57 55 56 68 59 54 30 31 32 33 34 35 5  4  3  0  2  1  21 76 20 22 19 18 23 38 72 71 69 45 25 70 60 58 8  
27 25 74 29 28 26 70 12 17 13 16 15 50 49 53 52 48 69 8  11 10 73 7  9  63 64 65 61 60 62 45 43 46 47 75 42 38 41 40 67 37 39 55 58 54 56 68 57 71 34 30 35 32 31 0  2  5  4  1  72 23 21 18 20 22 76 19 36 3  33 51 44 24 14 66 59 6  
29 28 27 25 26 24 16 13 12 70 15 14 49 51 69 53 52 50 7  73 11 8  9  6  66 60 63 62 65 64 75 47 43 45 42 44 37 67 41 38 39 36 54 57 68 59 58 56 32 35 34 71 31 33 3  0  72 5  4  2  76 18 22 19 23 20 21 40 1  30 48 46 74 17 61 55 10 
25 26 29 28 24 74 15 70 13 16 14 17 51 48 50 69 53 49 9  8  73 7  6  10 61 65 66 64 63 60 42 45 47 75 44 46 39 38 67 37 36 40 68 56 58 55 57 59 31 71 35 32 33 30 1  3  2  72 5  0  20 22 23 21 76 19 18 41 4  34 52 43 27 12 62 54 11 
74 29 24 27 25 28 13 17 14 12 70 16 69 50 52 48 51 53 73 10 6  11 8  7  65 62 60 66 64 61 47 46 44 43 45 75 67 40 36 41 38 37 59 68 55 57 54 58 35 30 33 34 71 32 2  72 4  1  3  5  22 19 21 76 18 23 20 39 0  31 49 42 26 15 63 56 9  
15 17 16 14 12 13 30 31 32 33 34 35 55 54 56 57 58 59 27 24 26 74 29 25 3  72 0  4  2  5  36 37 38 39 40 41 21 20 76 19 18 22 47 42 45 46 75 44 60 62 61 64 65 63 53 52 51 49 50 48 6  8  7  11 9  10 73 23 69 66 68 67 70 71 1  43 28 
70 15 13 16 14 17 31 71 35 32 33 30 56 59 58 68 54 57 24 28 25 26 74 27 2  4  72 3  5  1  37 67 41 38 39 36 20 23 22 76 19 21 46 45 43 42 47 75 62 66 63 61 64 60 48 51 50 69 53 49 7  11 73 6  8  9  10 18 52 65 55 40 12 34 0  44 29 
13 16 12 70 15 14 32 35 34 71 31 33 57 56 68 54 55 58 26 25 29 28 24 74 72 1  5  0  4  3  38 41 40 67 37 39 76 22 18 23 20 19 44 47 46 75 43 45 61 63 65 66 62 64 51 49 69 53 52 50 8  10 11 9  73 7  6  21 48 60 59 36 17 30 2  42 27 
16 14 70 15 17 12 33 32 71 31 30 34 59 55 57 58 68 56 74 26 28 24 27 29 0  5  2  1  72 4  39 38 67 37 36 40 19 76 23 20 21 18 43 75 47 44 45 42 64 61 66 62 60 65 52 48 49 50 69 51 9  73 8  10 7  6  11 22 53 63 54 41 13 35 3  46 25 
14 12 15 17 13 70 34 33 31 30 35 71 54 68 59 56 57 55 29 74 24 27 25 28 1  2  3  5  0  72 40 39 37 36 41 67 18 19 20 21 22 23 45 44 75 43 42 46 65 64 62 60 63 66 69 53 48 51 49 52 10 7  9  73 6  11 8  76 50 61 58 38 16 32 4  47 26 
17 13 14 12 70 16 35 30 33 34 71 32 68 58 55 59 56 54 25 27 74 29 28 26 4  0  1  72 3  2  41 36 39 40 67 38 22 21 19 18 23 76 75 46 42 47 44 43 63 60 64 65 66 61 50 69 52 48 51 53 11 9  6  8  10 73 7  20 49 62 57 37 15 31 5  45 24 
64 65 62 60 63 66 4  3  0  1  5  72 41 67 36 39 37 40 35 30 33 34 71 32 59 58 56 54 57 68 10 9  7  6  11 73 27 24 26 74 29 25 19 22 21 76 18 23 53 48 51 52 69 50 45 47 46 44 42 43 12 15 14 70 17 13 16 28 75 49 38 8  61 2  55 20 31 
62 60 61 64 65 63 1  0  2  3  4  5  40 41 39 37 38 36 34 33 31 30 35 71 56 68 57 55 58 54 6  7  8  9  10 11 74 26 28 24 27 29 20 18 19 23 21 22 52 51 49 48 53 69 47 43 44 42 75 46 17 16 15 13 14 12 70 25 45 50 67 73 66 72 59 76 32 
65 66 60 63 61 62 72 4  1  5  2  0  38 37 41 40 36 67 32 35 34 71 31 33 54 56 55 58 59 57 73 10 6  11 8  7  25 27 74 29 28 26 18 76 22 19 23 20 50 53 52 69 49 51 42 75 47 43 46 45 70 17 12 15 13 16 14 24 44 48 39 9  64 3  68 21 30 
63 61 65 66 62 64 2  5  4  72 0  3  37 39 67 41 40 38 31 71 35 32 33 30 68 59 54 57 55 56 8  11 10 73 7  9  28 29 27 25 26 24 22 20 23 21 76 19 49 69 53 50 51 48 44 42 45 47 43 75 16 12 13 14 70 15 17 74 46 52 36 6  60 1  58 18 34 
66 62 63 61 64 60 0  72 5  2  3  1  39 36 38 67 41 37 33 32 71 31 30 34 58 55 68 56 54 59 7  73 11 8  9  6  26 25 29 28 24 74 23 19 76 18 20 21 51 50 69 49 48 52 46 44 75 45 47 42 15 13 70 17 16 14 12 27 43 53 40 10 65 4  57 22 35 
60 63 64 65 66 61 5  1  3  4  72 2  67 38 40 36 39 41 71 34 30 35 32 31 55 57 59 68 56 58 11 6  9  10 73 8  29 74 24 27 25 28 21 23 18 20 22 76 69 52 48 53 50 49 75 45 43 46 44 47 13 14 17 16 12 70 15 26 42 51 37 7  62 0  54 19 33 
30 35 33 34 71 32 63 60 64 65 66 61 45 75 43 46 44 47 70 12 17 13 16 15 52 49 48 69 51 50 22 21 19 18 23 76 11 6  9  10 73 8  36 67 40 37 41 38 5  1  3  4  72 2  57 58 54 55 59 68 29 24 74 28 27 25 26 7  56 0  42 20 31 62 53 39 14 
71 31 35 32 33 30 62 66 63 61 64 60 44 46 75 45 47 42 14 16 70 15 17 12 50 52 69 51 53 48 20 23 22 76 19 21 7  73 11 8  9  6  67 39 38 40 37 36 0  72 5  2  3  1  55 59 57 58 68 56 26 29 25 74 28 24 27 10 54 4  43 18 34 65 49 41 13 
35 32 34 71 31 33 61 63 65 66 62 64 42 44 45 47 43 75 15 70 13 16 14 17 69 48 53 49 52 51 76 22 18 23 20 19 8  11 10 73 7  9  41 37 67 36 38 39 2  5  4  72 0  3  59 56 58 68 54 57 28 27 29 24 25 26 74 6  55 1  46 21 30 60 50 40 12 
31 30 32 33 34 35 60 62 61 64 65 63 43 47 44 42 75 46 12 14 15 17 13 70 51 69 49 52 50 53 21 20 76 19 18 22 6  7  8  9  10 11 37 40 39 67 36 41 1  0  2  3  4  5  68 54 59 56 57 55 74 28 26 29 24 27 25 73 58 72 45 23 71 66 48 38 16 
34 71 30 35 32 31 66 65 60 63 61 62 75 42 47 43 46 45 16 13 12 70 15 14 53 51 52 50 48 49 23 18 21 22 76 20 73 10 6  11 8  7  40 38 41 39 67 37 72 4  1  5  2  0  56 57 68 54 55 58 25 74 27 26 29 28 24 9  59 3  44 19 33 64 69 36 17 
33 34 31 30 35 71 65 64 62 60 63 66 47 45 46 44 42 43 13 17 14 12 70 16 48 50 51 53 49 69 18 19 20 21 22 23 10 9  7  6  11 73 39 41 36 38 40 67 4  3  0  1  5  72 58 68 55 59 56 54 27 26 24 25 74 29 28 8  57 2  75 76 32 61 52 37 15 
51 52 49 48 53 69 55 56 57 59 54 68 11 73 6  9  7  10 5  1  3  4  72 2  36 38 39 41 37 67 12 14 15 17 13 70 34 33 31 30 35 71 24 29 74 28 27 25 43 44 42 46 47 45 23 22 21 19 20 18 63 64 60 61 65 66 62 32 76 75 8  16 50 58 40 26 0  
52 69 48 53 50 49 68 55 59 54 58 57 8  7  11 10 6  73 2  5  4  72 0  3  41 39 40 38 36 37 70 12 17 13 16 15 71 34 30 35 32 31 27 28 29 24 25 26 45 43 46 47 75 42 20 76 22 18 21 23 61 65 63 64 66 62 60 33 19 44 9  14 51 56 67 74 1  
49 48 50 51 52 53 59 57 58 56 55 54 10 11 9  7  8  6  4  3  0  1  5  72 39 67 37 40 38 41 17 15 16 14 12 13 30 31 32 33 34 35 26 27 24 25 74 29 46 42 75 44 43 47 22 18 19 20 76 21 65 62 64 66 60 63 61 71 23 45 73 70 69 68 36 28 2  
48 53 51 52 69 50 54 59 56 55 68 58 73 8  10 6  9  11 72 4  1  5  2  0  40 37 36 67 39 38 13 17 14 12 70 16 35 30 33 34 71 32 74 25 27 26 29 28 47 46 44 43 45 75 76 23 18 21 19 22 66 60 65 62 63 61 64 31 20 42 7  15 49 57 41 24 3  
53 50 52 69 49 51 58 54 55 68 57 56 7  9  73 11 10 8  0  72 5  2  3  1  67 36 41 37 40 39 16 13 12 70 15 14 32 35 34 71 31 33 29 26 25 74 28 24 75 47 43 45 42 44 19 20 23 22 18 76 62 63 66 60 61 64 65 30 21 46 6  17 48 59 38 27 4  
69 49 53 50 51 48 57 68 54 58 56 59 9  6  8  73 11 7  3  2  72 0  1  4  38 40 67 39 41 36 15 70 13 16 14 17 31 71 35 32 33 30 25 24 28 27 26 74 42 45 47 75 44 46 21 19 76 23 22 20 64 66 61 65 62 60 63 34 18 43 10 12 52 55 37 29 5  
50 51 69 49 48 52 56 58 68 57 59 55 6  10 7  8  73 9  1  0  2  3  4  5  37 41 38 36 67 40 14 16 70 15 17 12 33 32 71 31 30 34 28 74 26 29 24 27 44 75 45 42 46 43 18 21 20 76 23 19 60 61 62 63 64 65 66 35 22 47 11 13 53 54 39 25 72 
28 24 25 26 74 27 14 16 70 15 17 12 48 52 49 50 69 51 6  7  8  9  10 11 62 63 61 60 66 65 44 75 45 42 46 43 36 37 38 39 40 41 58 59 57 54 56 55 33 32 71 31 30 34 4  1  0  2  72 3  19 23 76 18 20 21 22 67 5  35 53 47 29 13 64 68 73 
32 33 71 31 30 34 64 61 66 62 60 65 46 43 42 75 45 44 17 15 16 14 12 13 49 53 50 48 69 52 19 76 23 20 21 18 9  8  73 7  6  10 38 36 37 41 39 40 3  2  72 0  1  4  54 55 56 57 58 59 24 25 28 27 26 74 29 11 68 5  47 22 35 63 51 67 70 
61 64 66 62 60 65 3  2  72 0  1  4  36 40 37 38 67 39 30 31 32 33 34 35 57 54 58 59 68 55 9  8  73 7  6  10 24 28 25 26 74 27 76 21 20 22 19 18 48 49 50 51 52 53 43 46 42 75 45 44 14 70 16 12 15 17 13 29 47 69 41 11 63 5  56 23 71 
75 44 45 42 46 43 39 38 67 37 36 40 12 13 14 15 16 17 59 57 58 56 55 54 7  11 8  6  73 10 64 61 66 62 60 65 3  2  72 0  1  4  32 30 31 35 33 34 19 76 23 20 21 18 27 74 26 28 25 24 51 69 50 52 49 48 53 5  29 22 70 63 47 41 9  71 68 
58 56 68 57 59 55 44 75 45 42 46 43 74 27 26 28 25 24 48 49 50 51 52 53 20 22 76 21 23 18 30 31 32 33 34 35 64 61 66 62 60 65 16 17 15 13 14 12 39 38 67 37 36 40 10 6  7  8  73 9  3  72 2  4  0  1  5  63 11 41 29 71 54 47 19 70 69 
0  1  2  3  4  5  51 50 69 49 48 52 21 18 20 76 23 19 60 62 61 64 65 63 42 47 75 46 45 43 24 28 25 26 74 27 14 16 70 15 17 12 8  6  7  11 9  10 56 58 68 57 59 55 40 36 37 38 67 39 33 71 32 34 31 30 35 13 41 54 22 29 72 53 44 73 66 
76 19 23 20 21 18 6  7  8  9  10 11 60 65 62 61 66 64 36 37 38 39 40 41 15 13 16 17 70 12 51 50 69 49 48 52 56 58 68 57 59 55 2  1  0  5  3  4  24 28 25 26 74 27 34 30 31 32 71 33 44 45 75 43 42 46 47 54 35 29 63 53 22 73 14 72 67 
39 40 37 36 41 67 18 19 20 21 22 23 35 71 30 33 31 34 47 46 44 43 45 75 24 25 26 27 28 29 4  3  0  1  5  72 52 51 49 48 53 69 64 63 60 61 65 66 10 9  7  6  11 73 70 13 17 14 15 12 55 57 56 68 59 54 58 50 16 8  32 2  38 76 74 62 42 
12 70 17 13 16 15 71 34 30 35 32 31 58 57 54 55 59 68 28 29 27 25 26 24 5  3  4  2  1  0  67 40 36 41 38 37 23 18 21 22 76 20 42 43 44 45 46 47 66 65 60 63 61 62 49 50 53 52 48 69 73 6  10 7  11 8  9  19 51 64 56 39 14 33 72 75 74 
10 73 6  11 8  7  25 27 74 29 28 26 2  0  5  4  1  72 18 19 20 21 22 23 35 33 34 32 30 31 68 55 59 54 58 57 45 43 46 47 75 42 52 50 53 51 69 49 70 12 17 13 16 15 62 61 63 65 60 66 67 36 40 37 41 38 39 44 64 14 3  56 9  24 71 48 76 
