3  4  0  1  5  74 48 49 50 51 52 53 72 25 27 26 29 28 68 16 12 17 14 13 62 65 64 71 60 63 20 73 21 18 22 19 6  8  9  11 7  67 32 35 34 76 31 33 47 42 45 46 66 44 75 39 37 40 41 38 55 57 56 69 58 54 30 70 24 36 43 59 61 15 2  10 23 
1  5  3  4  74 2  49 70 53 50 51 48 26 27 24 25 72 29 17 12 15 16 68 14 60 71 65 62 63 61 73 23 19 21 18 20 7  11 8  6  67 10 35 30 33 34 76 32 42 43 44 45 46 47 38 36 39 41 75 37 69 58 55 57 54 59 31 52 28 40 66 56 64 13 0  9  22 
5  2  4  74 0  3  52 51 49 48 53 70 27 28 29 24 25 26 12 13 14 15 16 17 61 60 62 63 64 65 22 18 73 20 19 23 10 7  6  67 9  8  31 76 35 32 33 30 66 46 42 47 44 43 39 41 40 38 37 36 58 59 57 54 56 55 34 50 72 75 45 69 71 68 1  11 21 
74 0  5  2  3  1  51 50 70 49 48 52 24 29 72 28 27 25 15 14 68 13 12 16 64 63 60 61 65 71 18 21 23 73 20 22 9  67 7  10 8  11 76 34 30 35 32 31 46 45 43 42 47 66 36 75 41 37 39 40 54 56 58 59 55 69 33 53 26 38 44 57 62 17 4  6  19 
2  3  74 0  1  4  50 53 52 70 49 51 28 72 26 29 24 27 13 68 17 14 15 12 65 61 63 64 71 62 21 19 22 23 73 18 8  10 67 9  11 6  34 33 31 30 35 76 45 44 66 43 42 46 40 38 75 39 36 41 59 55 54 56 69 57 32 48 25 37 47 58 60 16 5  7  20 
4  74 1  5  2  0  70 52 48 53 50 49 25 24 28 27 26 72 16 15 13 12 17 68 63 62 71 60 61 64 23 22 20 19 21 73 67 6  11 7  10 9  30 31 32 33 34 35 43 66 47 44 45 42 37 40 36 75 38 39 57 54 69 58 59 56 76 51 29 41 46 55 65 14 3  8  18 
16 15 17 12 13 14 11 6  9  10 67 8  31 34 33 76 30 35 27 28 29 24 25 26 36 37 38 39 40 41 47 42 45 46 66 44 1  0  2  3  4  5  63 61 62 71 65 60 56 55 54 58 57 59 18 20 19 23 22 21 51 53 52 50 48 49 64 7  32 73 69 70 75 72 68 74 43 
14 17 13 68 16 12 10 9  7  6  11 67 32 30 31 35 33 34 72 25 27 26 29 28 38 41 40 75 37 39 46 45 43 42 47 66 2  5  4  74 0  3  71 62 64 61 63 65 58 54 69 55 56 57 73 18 22 19 20 23 49 52 48 70 51 50 60 8  76 21 59 53 36 24 15 1  44 
17 12 68 16 15 13 8  11 10 67 7  9  30 76 34 31 35 32 25 24 28 27 26 72 39 38 75 37 36 40 44 47 46 66 43 45 3  2  74 0  1  4  60 63 71 65 64 62 59 56 58 57 69 54 22 19 21 73 23 18 52 50 70 51 53 48 61 6  33 20 55 49 41 29 14 5  42 
15 14 12 13 68 17 7  67 11 8  9  6  34 32 35 33 76 31 28 72 26 29 24 27 41 36 39 40 75 38 43 66 47 44 45 42 5  1  3  4  74 2  64 65 63 60 62 61 69 57 56 59 54 55 19 23 73 18 21 20 53 49 50 48 70 52 71 10 30 22 58 51 37 25 16 0  46 
68 16 14 17 12 15 9  8  67 7  6  10 35 31 76 30 32 33 26 27 24 25 72 29 37 75 41 38 39 36 45 44 66 43 42 46 0  74 5  2  3  1  62 60 65 64 61 71 54 59 57 69 55 58 23 21 18 20 73 22 70 51 49 52 50 53 63 11 34 19 56 48 40 28 13 4  47 
13 68 15 14 17 16 67 10 6  11 8  7  33 35 30 32 34 76 29 26 25 72 28 24 75 40 36 41 38 37 66 46 42 47 44 43 74 4  1  5  2  0  65 71 61 63 60 64 57 58 55 56 59 69 20 22 23 21 19 73 48 70 53 49 52 51 62 9  31 18 54 50 39 27 12 3  45 
67 9  7  10 8  11 58 54 69 55 56 57 17 12 15 16 68 14 1  5  74 4  3  0  34 31 30 76 33 32 39 36 38 75 41 37 48 50 51 53 49 70 24 28 25 26 72 27 20 73 21 18 22 19 61 71 65 60 63 64 42 66 47 43 46 45 29 59 13 62 23 44 35 2  6  52 40 
10 8  67 9  11 6  54 59 57 69 55 58 16 15 13 12 17 68 4  74 2  5  1  3  33 76 31 34 32 35 36 40 37 38 75 39 49 53 50 48 70 52 28 29 27 25 26 24 73 23 19 21 18 20 64 62 71 63 61 65 43 46 42 66 45 44 72 56 14 60 22 47 30 0  7  51 41 
6  67 11 7  10 9  69 57 56 59 54 55 14 17 16 68 13 15 0  1  4  3  2  74 31 35 32 30 76 34 38 37 41 40 36 75 50 52 70 51 53 48 25 27 72 29 28 26 21 19 22 23 73 18 60 64 61 71 62 63 44 42 45 47 43 66 24 58 12 65 20 46 33 5  8  49 39 
11 7  8  6  67 10 55 69 59 54 58 56 13 68 17 14 15 12 2  3  1  0  74 5  30 32 33 35 31 76 75 38 40 36 39 41 51 70 49 52 50 53 26 25 29 28 24 72 18 21 23 73 20 22 62 61 63 65 71 60 45 47 46 44 42 43 27 57 16 64 19 66 34 4  9  48 37 
8  6  9  11 7  67 56 55 54 58 57 59 15 14 68 13 12 16 74 0  3  2  5  4  35 33 34 32 30 31 41 75 36 39 37 40 52 49 48 70 51 50 72 26 28 24 27 29 22 18 73 20 19 23 71 63 60 64 65 62 46 44 66 45 47 42 25 69 17 61 21 43 76 1  10 53 38 
7  10 6  67 9  8  57 58 55 56 59 69 68 16 12 17 14 13 3  4  5  1  0  2  76 30 35 31 34 33 37 39 75 41 40 38 53 51 52 50 48 49 27 24 26 72 29 25 19 20 18 22 23 21 63 65 64 62 60 61 47 43 44 42 66 46 28 54 15 71 73 45 32 74 11 70 36 
39 40 37 36 41 75 30 31 32 33 34 35 43 46 45 66 42 47 23 18 21 22 73 20 48 50 51 53 49 70 3  1  2  74 5  0  64 63 60 61 65 71 59 56 58 57 69 54 14 68 15 12 16 13 10 11 8  7  67 9  27 28 25 24 29 72 55 76 44 6  17 26 52 19 38 62 4  
36 41 39 40 75 38 31 76 35 32 33 30 66 45 44 46 43 42 22 21 19 18 23 73 49 53 50 48 70 52 1  4  0  2  74 3  65 61 63 64 71 62 56 55 54 58 57 59 68 17 13 15 12 14 9  6  11 67 10 8  24 29 27 28 72 26 69 34 47 7  16 25 51 20 37 60 5  
38 39 75 37 36 40 32 35 34 76 31 33 47 43 66 42 44 45 20 23 22 73 19 21 50 52 70 51 53 48 2  0  5  4  1  74 63 62 71 60 61 64 58 54 69 55 56 57 15 13 16 17 68 12 7  9  10 11 6  67 26 27 72 25 24 28 59 30 46 8  14 29 49 18 41 65 3  
75 37 41 38 39 36 33 32 76 31 30 34 44 42 43 47 45 46 19 73 23 20 21 18 51 70 49 52 50 53 74 2  4  1  3  5  60 71 65 62 63 61 57 58 55 56 59 69 12 15 17 68 14 16 6  10 67 8  11 7  72 25 29 26 27 24 54 35 66 9  13 28 48 22 40 64 0  
41 38 40 75 37 39 34 33 31 30 35 76 45 47 42 44 46 66 21 20 73 19 18 22 52 49 48 70 51 50 5  74 1  3  0  4  62 65 64 71 60 63 69 57 56 59 54 55 16 12 68 14 13 17 11 67 7  9  8  6  29 26 28 72 25 27 58 32 43 10 15 24 53 23 36 61 2  
37 36 38 39 40 41 35 30 33 34 76 32 42 66 46 43 47 44 73 22 18 23 20 19 53 51 52 50 48 49 0  3  74 5  4  2  61 60 62 63 64 65 54 59 57 69 55 58 13 14 12 16 17 15 67 8  9  6  7  10 25 24 26 27 28 29 56 31 45 11 68 72 70 21 75 71 1  
70 51 49 52 50 53 46 45 43 42 47 66 2  3  1  0  74 5  6  67 10 7  11 8  29 24 27 28 72 26 71 62 64 61 63 65 58 69 55 57 54 59 17 16 14 13 15 68 39 36 38 75 41 37 35 76 31 33 32 30 73 22 20 23 18 21 12 44 4  34 40 19 25 9  48 56 60 
49 52 48 70 51 50 66 46 42 47 44 43 74 0  3  2  5  4  11 7  67 6  8  9  28 27 25 24 29 72 65 71 61 63 60 64 57 55 56 69 58 54 68 17 13 15 12 14 37 39 75 41 40 38 32 31 30 34 33 35 20 23 19 73 22 18 16 45 1  76 36 21 26 10 53 59 62 
51 53 52 50 48 49 44 47 46 66 43 45 3  4  5  1  0  2  67 9  8  10 7  6  26 29 28 72 25 27 60 63 71 65 64 62 59 58 57 54 56 55 12 15 17 68 14 16 40 41 39 37 38 36 31 33 34 35 30 76 22 21 23 18 19 20 13 42 74 32 75 73 24 11 70 69 61 
50 48 51 53 49 70 47 42 45 46 66 44 1  5  74 4  3  0  10 8  11 9  67 7  25 72 29 26 27 24 63 61 62 71 65 60 56 54 58 59 55 69 15 13 16 17 68 12 41 75 36 39 37 40 76 32 33 30 31 34 18 19 22 21 20 73 14 43 2  35 38 23 28 6  52 57 64 
53 49 50 48 70 52 42 43 44 45 46 47 4  74 2  5  1  3  9  11 6  8  10 67 27 26 72 25 24 28 61 64 60 62 71 63 55 59 54 56 69 57 13 14 12 16 17 15 75 38 40 36 39 41 34 35 32 31 76 33 21 20 18 19 73 23 68 66 0  30 37 22 29 7  51 58 65 
52 50 70 51 53 48 45 44 66 43 42 46 0  1  4  3  2  74 7  10 9  67 6  11 72 28 24 29 26 25 62 60 65 64 61 71 54 57 69 58 59 56 16 12 68 14 13 17 36 40 37 38 75 39 30 34 76 32 35 31 23 18 73 22 21 19 15 47 5  33 41 20 27 8  49 55 63 
55 57 56 69 58 54 19 20 18 22 23 21 11 7  67 6  8  9  70 51 50 52 49 48 17 14 13 68 16 12 35 30 33 34 76 32 44 46 66 45 47 42 74 2  4  1  3  5  60 63 71 65 64 62 72 27 25 28 29 26 41 38 40 75 37 39 0  73 10 24 61 36 15 53 59 43 31 
54 56 58 59 55 69 22 18 73 20 19 23 10 8  11 9  67 7  53 49 70 48 50 51 13 12 16 15 14 68 34 33 31 30 35 76 66 42 47 43 46 45 1  4  0  2  74 3  65 71 61 63 60 64 24 72 29 25 27 28 39 40 37 36 41 75 5  21 6  26 62 38 17 52 57 44 32 
56 69 59 55 57 58 21 19 22 23 73 18 8  6  7  11 9  10 49 52 51 70 48 53 68 13 15 14 17 16 32 35 34 76 31 33 45 66 43 46 44 47 5  74 1  3  0  4  62 60 65 64 61 71 29 25 26 24 28 72 40 75 36 41 38 37 2  20 67 27 63 39 12 50 54 42 30 
57 54 69 58 59 56 73 23 19 21 18 20 7  10 9  67 6  11 51 53 48 50 52 70 12 17 68 16 15 13 31 76 35 32 33 30 42 44 45 47 43 66 0  3  74 5  4  2  61 64 60 62 71 63 25 28 24 72 26 27 38 39 75 37 36 40 1  22 8  29 65 41 14 49 55 46 34 
59 55 54 56 69 57 18 21 23 73 20 22 9  11 6  8  10 67 48 70 52 49 53 50 14 15 12 13 68 17 33 32 76 31 30 34 46 43 42 66 45 44 4  5  3  0  2  1  71 62 64 61 63 65 28 26 72 27 24 29 36 41 39 40 75 38 74 19 7  25 60 37 16 51 58 47 35 
58 59 57 54 56 55 23 22 20 19 21 73 67 9  8  10 7  6  50 48 49 53 51 52 15 16 17 12 13 14 76 34 30 35 32 31 43 47 44 42 66 46 3  1  2  74 5  0  64 65 63 60 62 61 27 29 28 26 25 24 37 36 38 39 40 41 4  18 11 72 71 75 68 70 69 45 33 
73 22 20 23 18 21 65 71 61 63 60 64 57 54 59 58 69 55 44 42 43 47 45 46 7  11 8  6  67 10 68 17 13 15 12 14 41 36 39 40 75 38 52 51 49 48 53 70 27 24 26 72 29 25 2  1  3  5  74 0  32 30 33 35 31 76 50 62 56 4  28 34 9  66 19 37 16 
20 23 19 73 22 18 64 65 63 60 62 61 69 58 54 57 55 56 45 47 42 44 46 66 6  8  9  11 7  67 14 68 15 12 16 13 40 39 37 36 41 75 70 52 48 53 50 49 25 27 72 29 28 26 74 3  0  4  5  2  33 35 34 32 30 31 51 71 59 1  24 76 10 43 21 38 17 
22 21 23 18 19 20 62 60 65 64 61 71 54 56 55 59 58 57 42 66 46 43 47 44 10 7  6  67 9  8  16 12 68 14 13 17 38 41 40 75 37 39 50 53 52 70 49 51 28 29 27 25 26 24 3  5  4  2  0  1  30 76 35 31 34 33 48 63 69 74 72 32 11 45 73 36 15 
18 19 22 21 20 73 60 63 71 65 64 62 59 55 69 56 54 58 43 46 45 66 42 47 9  67 7  10 8  11 12 15 17 68 14 16 37 75 41 38 39 36 53 48 51 52 70 50 29 72 24 27 25 28 1  74 5  0  3  4  31 34 30 76 33 32 49 61 57 2  26 35 6  44 23 40 13 
21 20 18 19 73 23 63 61 62 71 65 60 56 69 57 55 59 54 66 45 44 46 43 42 8  10 67 9  11 6  15 13 16 17 68 12 39 38 75 37 36 40 48 49 50 51 52 53 72 26 28 24 27 29 4  2  74 3  1  5  76 33 31 34 32 35 70 64 58 0  25 30 7  47 22 41 14 
23 18 73 22 21 19 71 62 64 61 63 65 58 59 56 54 57 69 47 43 66 42 44 45 67 6  11 7  10 9  17 16 14 13 15 68 75 40 36 41 38 37 51 50 70 49 48 52 24 28 25 26 72 27 0  4  1  74 2  3  35 31 32 30 76 34 53 60 55 5  29 33 8  46 20 39 12 
63 64 60 61 65 71 25 27 72 29 28 26 21 20 73 19 18 22 36 41 75 40 39 37 56 54 58 59 55 69 67 10 6  11 8  7  34 31 30 76 33 32 47 42 45 46 66 44 5  74 1  3  0  4  53 70 49 51 50 48 12 13 16 15 14 68 43 24 23 52 2  17 57 38 62 35 9  
71 60 65 62 63 61 29 72 24 27 25 28 23 18 21 22 73 20 38 39 36 37 75 41 58 69 55 57 54 59 11 6  9  10 67 8  30 32 33 35 31 76 46 45 43 42 47 66 3  1  2  74 5  0  52 53 50 49 70 51 68 16 14 17 12 15 44 26 19 48 4  13 56 40 64 34 7  
60 61 62 63 64 65 26 25 29 28 24 72 18 19 20 21 22 23 39 40 41 36 37 38 59 58 57 54 56 55 7  67 11 8  9  6  76 30 35 31 34 33 44 47 46 66 43 45 4  5  3  0  2  1  50 49 48 52 51 53 16 15 17 12 13 14 42 27 73 70 74 68 69 75 71 32 10 
64 71 61 65 62 60 24 28 25 26 72 27 20 23 22 73 19 21 41 38 37 75 40 36 69 56 59 55 57 58 9  8  67 7  6  10 32 34 76 33 35 30 43 66 47 44 45 42 2  0  5  4  1  74 49 51 52 53 48 70 13 68 15 14 17 16 46 29 18 50 3  12 54 39 63 31 11 
62 63 71 60 61 64 72 26 28 24 27 29 22 21 19 18 23 73 37 36 40 39 38 75 54 57 69 58 59 56 6  7  8  9  10 11 31 35 32 30 76 34 45 44 66 43 42 46 1  4  0  2  74 3  51 48 53 70 52 50 17 12 68 16 15 13 47 25 20 49 5  14 55 41 65 33 67 
65 62 64 71 60 63 28 29 27 25 26 24 73 22 18 23 20 19 75 37 39 38 41 40 57 55 56 69 58 54 8  11 10 67 7  9  35 33 34 32 30 31 66 46 42 47 44 43 0  3  74 5  4  2  70 50 51 48 49 52 14 17 13 68 16 12 45 72 21 53 1  15 59 36 61 76 6  
24 29 27 28 72 26 3  1  2  74 5  0  64 71 62 65 61 63 34 32 35 33 76 31 20 21 18 19 73 23 59 56 58 57 69 54 14 15 12 13 68 17 40 41 39 37 38 36 53 48 51 52 70 50 66 44 45 42 43 46 10 8  67 9  11 6  75 4  60 47 49 7  22 30 25 16 55 
26 27 72 25 24 28 74 2  4  1  3  5  60 61 64 63 62 71 30 76 34 31 35 32 18 23 73 22 21 19 57 58 55 56 59 69 12 17 68 16 15 13 37 39 75 41 40 38 52 51 49 48 53 70 47 66 43 45 44 42 6  67 11 7  10 9  36 0  65 46 50 8  20 33 29 14 54 
27 28 25 24 29 72 0  3  74 5  4  2  61 65 71 64 63 60 76 33 32 34 31 30 19 18 22 21 20 73 54 59 57 69 55 58 13 12 16 15 14 68 36 40 37 38 75 39 50 53 52 70 49 51 43 45 46 47 42 66 67 9  7  10 8  11 41 1  62 44 48 6  23 35 26 17 56 
29 26 28 72 25 27 4  5  3  0  2  1  71 60 63 62 65 64 32 30 31 35 33 34 23 20 19 73 22 18 55 69 59 54 58 56 17 14 13 68 16 12 75 38 40 36 39 41 49 70 53 50 51 48 45 42 47 66 46 44 8  6  9  11 7  67 37 74 61 43 52 10 21 76 24 15 57 
25 24 26 27 28 29 2  0  5  4  1  74 63 64 65 61 60 62 31 34 33 76 30 35 21 22 23 18 19 20 58 54 69 55 56 57 15 16 17 12 13 14 39 36 38 75 41 37 51 50 70 49 48 52 42 46 66 44 47 43 7  10 6  67 9  8  40 3  71 45 53 11 73 32 72 68 59 
72 25 29 26 27 24 5  74 1  3  0  4  62 63 61 60 71 65 35 31 76 30 32 33 22 73 20 23 18 21 69 57 56 59 54 55 16 68 14 17 12 15 38 37 41 40 36 75 70 52 48 53 50 49 44 43 42 46 45 47 11 7  8  6  67 10 39 2  64 66 51 9  19 34 28 13 58 
31 34 30 76 33 32 16 12 68 14 13 17 36 41 75 40 39 37 61 65 71 64 63 60 66 42 47 43 46 45 50 53 52 70 49 51 28 27 25 24 29 72 21 19 22 23 73 18 8  11 10 67 7  9  57 59 54 55 69 58 3  4  0  1  5  74 20 15 38 56 6  2  44 62 35 26 48 
35 31 32 30 76 34 68 17 13 15 12 14 37 36 40 39 38 75 60 61 64 63 62 71 42 44 45 47 43 66 52 51 49 48 53 70 27 26 72 25 24 28 22 18 73 20 19 23 10 9  7  6  11 67 55 58 57 59 56 69 2  3  74 0  1  4  21 16 41 54 8  5  46 65 33 29 50 
76 33 31 34 32 35 12 15 17 68 14 16 40 75 38 41 36 39 64 71 62 65 61 63 46 43 42 66 45 44 53 48 51 52 70 50 29 24 27 28 72 26 19 20 18 22 23 21 11 6  9  10 67 8  58 56 59 69 57 54 1  5  3  4  74 2  73 13 37 55 7  0  47 60 30 25 49 
30 76 35 31 34 33 17 16 14 13 15 68 39 40 41 36 37 38 63 64 65 61 60 62 43 47 44 42 66 46 51 50 70 49 48 52 24 25 26 27 28 29 18 21 23 73 20 22 9  8  67 7  6  10 69 54 58 56 55 57 0  1  2  3  4  5  19 12 75 59 11 74 45 71 32 72 53 
33 35 34 32 30 31 13 14 12 16 17 15 75 37 39 38 41 40 71 60 63 62 65 64 44 46 66 45 47 42 49 70 53 50 51 48 26 29 28 72 25 27 73 23 19 21 18 20 7  67 11 8  9  6  59 69 55 58 54 56 5  2  4  74 0  3  22 68 36 57 10 1  43 61 76 24 52 
32 30 33 35 31 76 14 68 15 12 16 13 38 39 36 37 75 41 62 63 61 60 71 65 47 45 46 44 42 43 70 52 48 53 50 49 25 72 29 26 27 24 23 22 20 19 21 73 67 10 6  11 8  7  56 57 69 54 59 55 74 0  5  2  3  1  18 17 40 58 9  4  66 64 34 28 51 
46 44 66 45 47 42 40 41 39 37 38 36 70 51 50 52 49 48 69 58 54 57 55 56 2  5  4  74 0  3  29 72 24 27 25 28 23 20 19 73 22 18 11 6  9  10 67 8  30 31 32 33 34 35 68 12 16 13 14 17 63 64 60 61 65 71 7  75 53 15 76 62 1  59 43 21 26 
45 47 46 44 42 43 41 75 36 39 37 40 52 50 53 51 70 49 57 54 59 58 69 55 0  74 5  2  3  1  72 26 28 24 27 29 22 73 20 23 18 21 6  7  8  9  10 11 31 76 35 32 33 30 17 15 12 14 68 16 61 65 63 64 71 62 67 38 48 13 34 60 4  56 66 19 25 
47 43 44 42 66 46 38 37 41 40 36 75 50 48 49 53 51 52 54 56 55 59 58 57 1  0  2  3  4  5  25 27 72 29 28 26 21 22 23 18 19 20 67 10 6  11 8  7  34 33 31 30 35 76 12 14 13 17 16 15 65 62 64 71 60 63 9  39 70 68 32 61 74 69 45 73 24 
42 66 47 43 46 45 37 39 75 41 40 38 53 49 70 48 50 51 59 55 69 56 54 58 4  3  0  1  5  74 27 24 26 72 29 25 19 18 22 21 20 73 10 9  7  6  11 67 33 32 76 31 30 34 15 68 14 16 12 13 71 60 65 62 63 61 8  36 52 17 35 64 2  57 44 23 28 
43 46 42 66 45 44 39 36 38 75 41 37 48 70 52 49 53 50 56 69 57 55 59 54 5  1  3  4  74 2  24 28 25 26 72 27 20 21 18 19 73 23 9  8  67 7  6  10 32 35 34 76 31 33 13 17 68 12 15 14 62 63 71 60 61 64 11 40 51 16 30 65 0  58 47 22 29 
44 42 45 47 43 66 75 38 40 36 39 41 51 53 48 50 52 70 58 59 56 54 57 69 3  2  74 0  1  4  26 25 29 28 24 72 18 23 73 22 21 19 7  67 11 8  9  6  76 34 30 35 32 31 16 13 15 68 17 12 64 71 61 65 62 60 10 37 49 14 33 63 5  55 46 20 27 
61 65 63 64 71 62 27 24 26 72 29 25 19 73 23 20 21 18 40 75 38 41 36 39 55 59 54 56 69 57 10 9  7  6  11 67 33 76 31 34 32 35 42 43 44 45 46 47 74 2  4  1  3  5  48 52 70 50 53 49 15 14 12 13 68 17 66 28 22 51 0  16 58 37 60 30 8  
12 13 16 15 14 68 6  7  8  9  10 11 76 33 32 34 31 30 24 29 72 28 27 25 40 39 37 36 41 75 42 43 44 45 46 47 4  3  0  1  5  74 61 64 60 62 71 63 55 69 59 54 58 56 21 73 20 22 18 19 50 48 51 53 49 70 65 67 35 23 57 52 38 26 17 2  66 
9  11 10 8  6  7  59 56 58 57 69 54 12 13 14 15 16 17 5  2  0  74 4  1  32 34 76 33 35 30 40 41 39 37 38 36 70 48 53 49 52 51 29 72 24 27 25 28 23 22 20 19 21 73 65 60 62 61 64 71 66 45 43 46 44 47 26 55 68 63 18 42 31 3  67 50 75 
34 32 76 33 35 30 15 13 16 17 68 12 41 38 37 75 40 36 65 62 60 71 64 61 45 66 43 46 44 47 48 49 50 51 52 53 72 28 24 29 26 25 20 73 21 18 22 19 6  7  8  9  10 11 54 55 56 57 58 59 4  74 1  5  2  0  23 14 39 69 67 3  42 63 31 27 70 
28 72 24 29 26 25 1  4  0  2  74 3  65 62 60 71 64 61 33 35 30 32 34 76 73 19 21 20 23 22 56 55 54 58 57 59 68 13 15 14 17 16 41 75 36 39 37 40 48 49 50 51 52 53 46 47 44 43 66 45 9  11 10 8  6  7  38 5  63 42 70 67 18 31 27 12 69 
66 45 43 46 44 47 36 40 37 38 75 39 49 52 51 70 48 53 55 57 58 69 56 59 74 4  1  5  2  0  28 29 27 25 26 24 73 19 21 20 23 22 8  11 10 67 7  9  35 30 33 34 76 32 14 16 17 15 13 68 60 61 62 63 64 65 6  41 50 12 31 71 3  54 42 18 72 
48 70 53 49 52 51 43 66 47 44 45 42 5  2  0  74 4  1  8  6  7  11 9  10 24 25 26 27 28 29 64 65 63 60 62 61 69 56 59 55 57 58 14 68 15 12 16 13 38 37 41 40 36 75 33 30 35 76 34 32 19 73 21 20 23 22 17 46 3  31 39 18 72 67 50 54 71 
40 75 36 41 38 37 76 34 30 35 32 31 46 44 47 45 66 43 18 19 20 21 22 23 70 48 53 49 52 51 4  5  3  0  2  1  71 64 61 65 62 60 55 69 59 54 58 56 17 16 14 13 15 68 8  7  6  10 9  11 28 72 24 29 26 25 57 33 42 67 12 27 50 73 39 63 74 
0  1  2  3  4  5  53 48 51 52 70 50 29 26 25 72 28 24 14 17 16 68 13 15 71 64 61 65 62 60 19 20 18 22 23 21 11 9  10 8  6  7  33 32 76 31 30 34 44 47 46 66 43 45 41 37 38 36 40 75 56 69 59 55 57 58 35 49 27 39 42 54 63 12 74 67 73 
19 73 21 20 23 22 61 64 60 62 71 63 55 57 58 69 56 59 46 44 47 45 66 43 11 9  10 8  6  7  13 14 12 16 17 15 36 37 38 39 40 41 49 70 53 50 51 48 26 25 29 28 24 72 5  0  2  1  4  74 34 32 76 33 35 30 52 65 54 3  27 31 67 42 18 75 68 
69 58 55 57 54 59 20 73 21 18 22 19 6  67 10 7  11 8  52 50 53 51 70 49 16 68 14 17 12 15 30 31 32 33 34 35 47 45 46 44 42 43 2  0  5  4  1  74 63 61 62 71 65 60 26 24 27 29 72 25 75 37 41 38 39 36 3  23 9  28 64 40 13 48 56 66 76 
