3  4  0  1  5  76 56 54 55 59 58 57 21 23 18 20 22 70 51 52 53 49 48 50 71 31 33 32 35 34 40 41 39 37 38 36 42 44 43 46 47 45 65 64 63 60 62 61 11 10 9  7  8  6  74 25 27 29 26 28 72 14 15 12 16 13 69 68 73 75 66 67 19 17 30 24 2  
1  5  3  4  76 2  54 75 57 55 59 56 23 19 70 18 20 21 66 48 51 50 53 52 33 34 35 30 31 32 67 38 40 36 39 41 45 42 46 47 68 43 60 62 65 64 61 73 6  9  8  69 11 7  24 29 74 27 28 25 16 17 14 13 15 72 10 44 63 58 49 37 22 12 71 26 0  
5  2  4  76 0  3  58 59 54 56 57 75 22 20 23 21 70 19 50 51 49 48 66 53 31 30 34 33 32 71 36 40 37 38 67 39 46 43 68 44 42 47 62 73 64 61 63 65 69 11 6  9  7  10 28 74 26 24 29 27 14 13 12 16 17 15 8  45 60 55 52 41 18 72 35 25 1  
76 0  5  2  3  1  59 55 75 54 56 58 20 18 19 23 21 22 52 66 50 53 49 51 34 71 32 35 30 33 41 67 36 39 37 40 47 46 44 42 45 68 61 63 62 73 65 60 10 6  7  8  69 9  25 24 28 26 27 74 17 72 13 15 12 14 11 43 64 57 48 38 70 16 31 29 4  
2  3  76 0  1  4  55 57 58 75 54 59 18 70 22 19 23 20 48 49 52 51 50 66 32 33 30 31 71 35 38 37 41 40 36 67 68 47 42 45 43 44 73 65 61 63 60 64 9  7  69 11 10 8  29 26 25 28 74 24 12 16 72 14 13 17 6  46 62 56 53 39 21 15 34 27 5  
4  76 1  5  2  0  75 58 56 57 55 54 19 22 21 70 18 23 49 53 66 52 51 48 35 32 31 71 34 30 37 39 67 41 40 38 43 45 47 68 44 46 64 61 60 62 73 63 7  8  11 10 6  69 26 27 24 74 25 29 15 12 17 72 14 16 9  42 65 59 50 36 20 13 33 28 3  
44 45 68 42 43 46 11 6  9  10 69 8  56 54 55 59 58 57 41 67 36 39 37 40 16 17 15 13 14 12 25 24 28 27 26 74 61 62 63 65 60 73 30 33 32 71 35 31 5  3  1  2  4  76 19 70 23 21 20 18 66 52 50 53 49 51 0  64 34 7  38 29 75 48 72 22 47 
46 68 43 47 44 42 10 9  7  6  11 69 59 55 75 54 56 58 67 38 40 36 39 41 12 16 13 14 72 15 24 29 74 28 27 25 60 65 62 61 73 64 31 32 35 34 30 71 3  76 2  4  0  1  70 22 18 20 23 19 48 66 51 50 53 52 5  63 33 8  37 26 57 49 17 21 45 
68 42 47 44 45 43 8  11 10 69 7  9  57 56 59 58 75 55 36 40 37 38 67 39 72 14 16 12 15 17 28 74 26 29 24 27 62 64 73 63 65 61 32 71 34 30 33 35 4  0  3  76 1  5  23 18 21 70 22 20 51 50 49 48 66 53 2  60 31 6  41 25 54 52 13 19 46 
45 46 42 43 47 68 7  69 11 8  9  6  75 58 56 57 55 54 39 36 38 67 41 37 14 13 17 16 12 72 27 28 29 24 25 26 63 73 60 64 62 65 33 31 71 35 34 32 2  4  5  3  76 0  20 23 22 19 70 21 50 53 48 66 52 49 1  61 30 10 40 74 59 51 15 18 44 
47 44 46 68 42 45 9  8  69 7  6  10 55 57 58 75 54 59 37 39 67 41 40 38 13 15 72 17 16 14 26 27 24 25 74 29 64 60 61 73 63 62 34 30 31 32 71 33 1  2  0  5  3  4  21 20 70 18 19 22 53 49 66 52 51 48 76 65 35 11 36 28 56 50 12 23 43 
43 47 45 46 68 44 69 10 6  11 8  7  58 59 54 56 57 75 40 41 39 37 38 36 17 72 12 15 13 16 74 25 27 26 29 28 65 63 64 62 61 60 35 34 33 31 32 30 0  5  76 1  2  3  18 19 20 22 21 23 52 51 53 49 48 50 4  73 71 9  67 24 55 66 14 70 42 
74 26 27 24 28 25 66 49 53 48 52 51 17 12 15 16 72 14 44 46 68 45 47 43 9  6  8  69 11 7  63 62 73 60 61 64 22 19 18 70 21 20 57 54 55 56 75 58 40 41 38 37 39 67 33 32 71 30 31 34 3  5  4  2  1  0  36 23 59 50 42 65 13 76 10 35 29 
25 27 28 29 74 24 48 53 50 49 66 52 16 15 13 12 17 72 46 42 43 68 45 44 7  9  69 11 10 8  62 65 64 73 60 63 21 70 19 22 20 23 58 55 75 59 57 56 41 67 37 39 36 38 32 35 34 31 71 33 76 3  0  4  2  5  40 18 54 51 47 61 14 1  6  30 26 
27 24 29 74 26 28 51 66 48 52 50 53 14 17 16 72 13 15 68 43 47 42 46 45 10 11 9  7  8  6  73 64 61 65 62 60 19 23 20 18 70 22 55 56 59 57 54 75 39 36 41 67 38 40 71 34 30 32 35 31 0  4  1  76 3  2  37 21 58 49 44 63 12 5  69 33 25 
26 25 24 28 29 27 50 52 66 51 53 49 13 72 17 14 15 12 45 68 42 46 44 47 11 69 6  9  7  10 60 73 65 62 63 61 18 20 21 23 19 70 54 58 56 75 59 55 37 39 40 41 67 36 31 71 35 33 32 30 4  2  76 3  5  1  38 22 57 48 43 64 16 0  8  34 74 
29 74 25 27 24 26 53 51 52 50 49 48 15 14 72 13 12 16 47 45 46 44 43 42 69 8  10 6  9  11 61 60 62 63 64 65 23 21 22 20 18 19 59 57 58 55 56 54 38 37 36 40 41 39 30 31 32 34 33 35 2  1  3  5  0  76 67 70 75 66 68 73 17 4  7  71 28 
28 29 26 25 27 74 52 48 49 66 51 50 72 16 12 17 14 13 43 44 45 47 42 68 6  10 7  8  69 9  64 63 60 61 65 73 70 18 23 19 22 21 75 59 54 58 55 57 36 40 67 38 37 41 34 33 31 35 30 71 5  0  2  1  76 4  39 20 56 53 46 62 15 3  11 32 24 
32 71 34 30 33 35 47 68 43 45 42 46 76 2  4  1  3  5  23 18 21 22 70 20 37 38 36 40 41 39 75 57 54 59 56 55 72 13 15 14 17 16 52 53 50 48 51 66 62 65 60 73 64 61 69 11 7  6  9  8  29 24 74 28 27 25 63 12 49 44 19 58 0  26 67 10 31 
71 35 30 33 31 34 44 42 47 46 43 68 0  3  76 5  4  2  22 21 19 18 23 70 41 40 38 37 39 67 59 54 58 57 75 56 15 16 17 12 13 14 53 66 48 51 49 50 73 64 62 65 61 63 9  7  10 69 11 6  74 28 26 29 24 27 60 72 52 45 20 55 1  25 36 8  32 
33 31 71 35 34 32 42 45 68 47 46 44 3  1  2  76 5  0  20 23 22 70 19 21 38 67 39 36 40 37 55 75 59 56 58 54 14 15 12 13 72 17 51 49 53 66 50 52 63 62 61 60 73 65 8  69 9  10 6  7  24 25 28 27 26 74 64 16 48 43 18 57 4  29 41 11 30 
30 33 32 71 35 31 68 44 46 43 45 47 2  0  5  4  1  76 19 70 23 20 21 18 36 39 41 67 38 40 58 56 75 55 54 57 16 72 14 17 12 15 48 51 52 53 66 49 61 60 64 63 62 73 10 6  69 7  8  11 27 26 24 25 74 29 65 13 50 42 22 59 3  28 37 9  34 
34 30 31 32 71 33 46 47 45 42 44 43 5  76 1  3  0  4  21 20 70 19 18 22 67 41 37 39 36 38 54 55 56 58 57 59 13 12 16 15 14 72 50 48 49 52 53 51 64 63 65 61 60 62 7  8  6  11 10 9  25 74 27 26 29 28 73 17 66 68 23 75 2  24 40 69 35 
31 32 35 34 30 71 43 46 42 44 68 45 4  5  3  0  2  1  70 22 18 23 20 19 40 36 67 38 37 41 56 59 57 75 55 58 12 17 72 16 15 13 49 52 66 50 48 53 60 73 63 62 65 64 6  9  11 8  69 10 28 27 29 24 25 26 61 14 51 47 21 54 76 74 39 7  33 
13 16 12 72 15 14 60 64 63 73 61 65 47 68 43 45 42 46 57 58 55 54 59 75 29 24 27 28 74 26 11 10 8  7  9  69 66 51 50 52 48 49 67 36 40 37 41 38 35 30 71 34 33 31 0  5  2  76 1  4  21 22 19 18 23 70 32 53 39 62 56 6  44 20 25 3  17 
17 13 14 12 72 16 63 65 61 62 64 73 43 46 42 44 68 45 59 54 58 57 75 56 28 27 25 24 29 74 9  7  10 11 69 6  53 48 66 49 50 51 39 67 38 40 37 36 71 34 32 35 30 33 76 1  5  4  0  3  18 23 21 22 70 20 31 52 41 60 55 8  47 19 26 2  15 
14 12 15 17 13 72 73 63 62 64 60 61 45 43 44 68 47 42 58 56 75 55 54 57 26 29 28 74 25 27 10 6  69 8  7  11 48 52 51 66 49 53 38 40 41 39 67 37 30 31 34 33 32 71 5  3  4  1  2  0  20 21 70 19 18 22 35 50 36 65 59 9  46 23 24 76 16 
12 72 17 13 16 15 65 60 73 61 62 63 46 47 45 42 44 43 55 75 59 56 58 54 25 74 29 26 27 24 8  69 9  6  10 7  51 53 49 50 52 66 40 37 39 67 36 41 33 32 30 31 71 35 2  4  76 5  3  1  70 19 23 20 21 18 34 48 38 64 57 11 68 22 28 0  14 
72 15 13 16 14 17 64 62 65 63 73 60 68 44 46 43 45 47 56 59 57 75 55 58 27 26 74 25 24 28 6  9  11 69 8  10 49 66 52 48 53 50 37 41 67 36 38 39 31 71 33 32 35 34 3  76 0  2  4  5  23 20 22 70 19 21 30 51 40 61 54 7  42 18 29 1  12 
16 14 72 15 17 12 62 61 60 65 63 64 44 42 47 46 43 68 54 55 56 58 57 59 74 28 24 29 26 25 7  8  6  10 11 9  50 49 48 53 51 52 36 38 37 41 39 40 34 33 35 30 31 32 1  2  3  0  5  76 19 18 20 21 22 23 71 66 67 73 75 69 45 70 27 4  13 
20 70 22 18 21 23 40 67 38 41 36 39 50 52 66 51 53 49 73 64 61 65 62 60 5  0  76 1  2  3  35 30 33 34 71 32 55 59 56 54 75 57 8  6  9  11 7  69 27 28 25 24 29 74 17 16 14 15 13 72 43 68 47 42 46 45 26 58 10 37 63 31 48 44 4  12 19 
70 23 18 21 19 22 37 36 40 39 38 67 48 53 50 49 66 52 65 61 63 64 73 62 2  1  0  5  3  4  34 33 31 30 35 71 56 57 75 58 59 54 6  69 11 7  10 9  24 29 27 28 74 26 13 14 12 17 16 15 47 42 44 43 68 46 25 55 8  41 60 32 51 45 76 72 20 
21 19 70 23 22 20 36 41 67 40 39 37 53 51 52 50 49 48 60 73 65 62 63 61 0  4  3  76 1  5  32 35 34 71 31 33 54 56 58 59 55 75 7  10 6  69 9  8  26 27 74 25 24 28 72 17 13 12 15 14 68 45 42 46 44 47 29 57 11 38 64 30 66 43 2  16 18 
18 21 20 70 23 19 67 37 39 38 41 40 52 48 49 66 51 50 63 62 73 60 61 64 76 3  2  4  0  1  31 71 35 32 33 30 57 55 54 75 58 56 11 7  8  6  69 10 74 25 29 26 27 24 12 15 17 14 72 16 46 44 68 45 47 43 28 59 9  36 65 34 53 42 5  13 22 
22 18 19 20 70 21 39 40 41 36 37 38 49 50 51 53 48 66 61 60 62 63 64 65 4  2  5  3  76 0  33 32 71 31 30 34 59 58 57 56 54 55 9  11 10 8  6  7  29 26 28 74 25 27 14 72 15 16 12 13 45 47 46 44 43 42 24 75 69 67 73 35 52 68 1  17 23 
19 20 23 22 18 70 38 39 36 37 67 41 66 49 53 48 52 51 62 65 64 73 60 63 1  76 4  0  5  2  71 34 30 35 32 31 58 75 55 57 56 59 10 8  69 9  11 6  25 24 26 27 28 29 15 13 16 72 17 12 42 46 43 68 45 44 74 54 7  40 61 33 50 47 3  14 21 
52 53 50 48 51 66 34 32 35 33 71 31 73 63 62 64 60 61 6  9  11 69 8  10 18 23 70 22 21 19 3  76 0  4  2  5  41 36 39 40 67 38 26 25 24 28 29 27 72 17 12 15 13 16 46 42 43 45 68 44 59 56 57 75 55 58 14 37 74 30 7  1  65 54 20 47 49 
51 49 53 66 50 52 71 33 32 34 31 30 60 64 63 73 61 65 10 6  69 8  7  11 23 20 19 70 22 18 5  3  4  2  1  0  40 39 37 36 41 67 29 74 25 27 24 26 14 72 16 12 15 17 44 46 68 47 45 43 56 58 75 55 54 57 13 38 28 35 9  76 62 59 21 42 48 
48 51 52 53 66 49 32 30 31 35 33 34 63 65 61 62 64 73 7  8  6  10 11 9  70 19 21 20 23 22 1  2  3  5  0  76 38 41 40 67 37 39 28 29 26 25 27 74 16 12 13 14 72 15 47 45 46 43 44 42 55 54 56 58 57 59 17 36 24 71 69 4  60 75 18 68 50 
49 52 66 50 48 53 35 31 71 30 32 33 62 61 60 65 63 64 8  69 9  6  10 7  22 70 20 23 18 21 2  4  76 3  5  1  37 67 41 38 39 36 74 26 27 24 28 25 12 15 14 72 17 13 45 68 42 44 46 47 75 55 59 56 58 54 16 40 29 34 11 0  73 57 19 43 51 
53 66 48 51 49 50 30 71 34 31 35 32 65 60 73 61 62 63 69 11 7  9  6  8  21 22 23 18 19 20 4  0  1  76 3  2  39 38 67 37 36 40 25 27 28 29 74 24 15 13 72 17 16 14 68 43 47 46 42 45 57 75 54 59 56 55 12 41 26 33 10 5  64 58 70 44 52 
66 50 51 49 52 48 33 35 30 32 34 71 64 62 65 63 73 60 9  7  10 11 69 6  19 18 22 21 20 70 76 1  5  0  4  3  67 40 36 41 38 37 27 24 29 74 26 28 17 16 15 13 14 12 42 47 44 68 43 46 54 59 58 57 75 56 72 39 25 31 8  2  61 55 23 45 53 
8  6  9  11 7  69 22 20 23 21 70 19 24 26 27 29 25 74 15 13 16 17 72 12 61 65 73 64 63 60 53 50 48 66 52 49 5  4  2  0  3  76 45 46 42 43 47 68 55 75 58 56 59 57 39 36 38 41 67 37 35 32 34 71 31 33 54 1  44 18 14 51 28 30 62 40 10 
11 7  8  6  69 10 20 18 19 23 21 22 26 28 74 27 29 24 14 72 15 12 16 13 73 60 63 62 65 64 51 52 53 49 48 50 76 5  0  3  1  2  43 47 45 46 68 44 57 58 59 54 55 56 40 41 39 38 37 36 31 30 32 33 34 35 75 4  42 70 17 66 25 71 61 67 9  
7  10 6  69 9  8  70 21 20 22 19 18 25 29 26 24 74 28 12 15 17 72 14 16 65 62 60 73 64 61 49 53 66 52 51 48 0  2  1  4  5  3  47 44 46 68 42 45 54 55 57 58 56 75 37 39 67 40 41 38 32 33 71 31 30 34 59 76 43 23 13 50 27 35 63 36 11 
69 9  7  10 8  11 21 23 18 20 22 70 29 27 28 26 24 25 13 14 12 16 17 15 60 61 64 63 62 73 50 51 49 48 66 53 3  0  4  5  76 1  68 42 47 44 45 43 75 57 56 59 54 58 36 40 37 67 38 39 30 35 33 34 71 32 55 2  46 19 72 52 74 31 65 41 6  
10 8  69 9  11 6  23 19 70 18 20 21 27 74 25 28 26 29 72 17 13 15 12 14 64 73 62 65 61 63 52 66 50 53 49 51 1  3  5  76 2  4  44 45 68 42 43 46 58 56 54 55 75 59 41 67 36 37 39 40 71 31 35 32 33 30 57 0  47 22 16 48 24 34 60 38 7  
6  69 11 7  10 9  18 70 22 19 23 20 28 25 24 74 27 26 17 16 14 13 15 72 63 64 65 61 60 62 66 48 51 50 53 52 2  76 3  1  4  0  46 68 43 47 44 42 56 59 55 75 57 54 67 38 40 39 36 41 34 71 30 35 32 31 58 5  45 21 12 49 29 33 73 37 8  
38 40 41 39 67 37 15 14 72 13 12 16 33 35 30 32 34 71 1  2  3  5  0  76 75 55 58 56 59 57 47 45 46 44 43 42 28 26 29 27 74 25 23 22 21 19 20 18 51 52 48 49 53 66 61 60 62 64 63 65 8  7  6  10 11 9  50 24 70 17 4  68 31 69 54 73 36 
40 37 39 67 36 41 17 12 15 16 72 14 31 34 33 71 30 35 5  3  4  2  1  0  59 56 55 75 57 54 44 46 68 45 47 43 29 25 74 24 26 27 22 18 19 20 70 21 49 53 51 52 66 50 63 62 73 61 60 64 6  10 69 8  7  11 48 28 23 13 76 42 32 9  58 65 38 
41 39 36 38 40 67 16 15 13 12 17 72 71 33 32 34 31 30 3  76 0  4  2  5  54 59 75 57 58 55 46 42 43 68 45 44 26 24 25 29 27 28 21 19 70 23 22 20 53 50 52 66 48 51 62 65 64 60 73 63 9  6  11 69 8  10 49 74 18 14 1  47 35 7  56 61 37 
39 67 38 40 37 36 14 17 16 72 13 15 35 31 71 30 32 33 4  0  1  76 3  2  58 57 59 54 55 56 68 43 47 42 46 45 25 28 27 74 24 29 19 20 23 22 18 70 66 48 53 50 51 49 73 64 61 62 65 60 11 69 7  9  6  8  52 26 21 12 5  44 34 10 75 63 41 
67 36 40 37 41 38 12 13 14 15 16 17 34 32 35 33 71 31 76 1  5  0  4  3  55 54 57 58 56 75 42 47 44 43 68 46 27 29 24 26 28 74 20 70 22 18 21 23 50 51 66 48 49 52 65 61 63 73 64 62 7  9  10 11 69 6  53 25 19 72 2  45 30 8  59 60 39 
37 41 67 36 38 39 13 72 17 14 15 12 32 30 31 35 33 34 2  4  76 3  5  1  57 75 56 59 54 58 45 68 42 46 44 47 74 27 26 28 25 24 18 21 20 70 23 19 52 66 49 53 50 48 60 73 65 63 62 61 69 8  9  6  10 7  51 29 22 16 0  43 71 11 55 64 40 
62 73 64 61 63 65 1  4  0  2  76 3  9  8  69 7  6  10 24 29 74 28 27 25 49 48 50 51 52 53 70 22 18 23 20 19 31 35 32 30 71 34 72 15 13 16 14 17 46 42 45 68 43 47 59 54 58 75 57 56 38 67 40 36 39 41 44 33 12 5  26 21 11 37 66 55 60 
73 65 61 63 60 64 5  76 1  3  0  4  11 6  9  10 69 8  28 74 26 29 24 27 52 51 48 49 53 66 23 18 21 22 70 20 32 34 71 33 35 30 15 17 16 14 12 13 68 43 46 42 47 44 57 58 55 59 54 75 40 36 37 38 67 39 45 31 72 2  25 19 7  41 50 56 62 
63 60 73 65 64 62 76 2  4  1  3  5  6  7  8  9  10 11 25 24 28 27 26 74 48 66 53 50 51 49 19 70 23 20 21 18 30 32 33 35 31 71 14 12 15 17 13 72 44 46 47 45 68 42 56 59 57 55 75 58 67 41 36 39 37 40 43 34 16 0  29 22 69 38 52 54 61 
64 61 60 62 73 63 3  1  2  76 5  0  10 9  7  6  11 69 74 25 27 26 29 28 66 52 49 53 50 48 18 19 20 21 22 23 35 33 34 32 30 31 13 16 12 72 15 14 43 44 42 47 45 46 58 56 75 54 55 57 41 40 39 37 38 36 68 71 17 4  24 70 8  67 51 59 65 
61 63 62 73 65 60 4  5  3  0  2  1  8  11 10 69 7  9  26 27 24 25 74 29 50 53 52 66 48 51 21 20 70 19 18 22 34 31 30 71 33 32 16 14 72 15 17 12 47 45 43 44 46 68 55 75 59 58 56 54 39 37 67 41 40 38 42 35 13 76 28 23 6  36 49 57 64 
60 62 65 64 61 73 0  3  76 5  4  2  69 10 6  11 8  7  27 28 29 24 25 26 51 50 66 48 49 52 20 23 22 70 19 21 33 71 31 34 32 35 12 72 17 13 16 15 45 68 44 46 42 43 75 57 54 56 59 55 36 39 38 67 41 37 47 30 14 1  74 18 9  40 53 58 63 
75 59 54 58 55 57 26 28 74 27 29 24 38 39 36 37 67 41 35 30 33 34 71 32 45 47 43 44 46 68 13 14 12 16 17 15 6  11 69 10 9  7  3  4  0  1  5  76 70 22 20 23 18 21 50 51 49 66 48 53 63 64 60 61 65 73 19 8  2  25 31 72 40 62 42 52 56 
56 75 57 54 58 59 74 24 29 25 28 27 36 41 67 40 39 37 71 34 30 35 32 31 44 43 42 47 45 46 17 16 14 13 15 72 8  9  6  7  69 11 2  3  76 0  1  4  20 23 19 70 22 18 66 48 51 53 50 52 61 65 63 64 73 62 21 10 5  26 33 12 38 60 68 49 55 
58 55 75 59 57 56 28 25 24 74 27 26 39 40 41 36 37 38 31 71 35 32 33 30 43 68 46 42 47 44 72 17 13 15 12 14 7  6  10 9  8  69 1  5  3  4  76 2  21 20 18 19 70 23 52 66 50 49 53 51 65 62 64 73 60 63 22 11 0  29 34 16 67 61 45 48 54 
54 58 56 75 59 55 24 26 27 29 25 74 41 38 37 67 40 36 33 32 71 31 30 34 42 46 45 68 43 47 12 15 17 72 14 16 11 8  7  69 10 6  0  1  2  3  4  5  18 19 22 21 20 70 49 53 66 51 52 48 73 60 65 62 63 61 23 9  76 28 35 13 39 64 44 50 57 
57 54 55 56 75 58 27 74 25 28 26 29 37 36 40 39 38 67 30 31 32 33 34 35 68 45 44 46 42 43 14 72 15 12 16 13 9  10 11 6  7  8  76 0  5  2  3  1  22 21 23 18 19 20 51 52 53 48 49 50 62 63 73 60 61 64 70 69 4  24 71 17 41 65 47 66 59 
55 56 59 57 54 75 29 27 28 26 24 25 67 37 39 38 41 40 32 35 34 71 31 33 47 42 68 43 44 45 15 13 16 17 72 12 10 69 8  11 6  9  5  2  4  76 0  3  19 70 21 20 23 22 53 50 48 52 66 49 64 73 61 65 62 60 18 7  1  74 30 14 36 63 46 51 58 
36 38 37 41 39 40 72 16 12 17 14 13 30 71 34 31 35 32 0  5  2  1  76 4  56 58 54 55 75 59 43 44 45 47 42 68 24 74 28 25 29 26 70 23 18 21 19 22 48 49 50 51 52 53 64 63 60 65 61 73 10 11 8  7  9  69 66 27 20 15 3  46 33 6  57 62 67 
50 48 49 52 53 51 31 34 33 71 30 35 61 73 64 60 65 62 11 10 8  7  9  69 20 21 18 19 70 23 0  5  2  1  76 4  36 37 38 39 40 41 24 28 74 26 25 29 13 14 17 16 12 72 43 44 45 42 47 68 58 57 55 54 59 75 15 67 27 32 6  3  63 56 22 46 66 
9  11 10 8  6  7  19 22 21 70 18 23 74 24 29 25 28 27 16 12 72 14 13 17 62 63 61 60 73 65 48 49 52 51 50 66 4  1  76 2  0  5  42 43 44 45 46 47 59 54 75 57 58 55 38 37 41 36 40 67 33 34 31 30 35 71 56 3  68 20 15 53 26 32 64 39 69 
42 43 44 45 46 47 6  7  8  9  10 11 54 75 57 55 59 56 38 37 41 40 36 67 15 12 14 72 17 13 29 26 25 74 28 24 73 61 65 60 64 63 71 35 30 33 31 34 76 1  4  0  5  2  22 21 19 23 18 70 49 48 52 51 50 66 3  62 32 69 39 27 58 53 16 20 68 
35 34 33 31 32 30 45 43 44 68 47 42 1  4  0  2  76 3  18 19 20 21 22 23 39 37 40 41 67 36 57 58 55 54 59 75 17 14 13 72 16 12 66 50 51 49 52 48 65 61 73 64 63 60 11 10 8  9  7  69 26 29 25 74 28 24 62 15 53 46 70 56 5  27 38 6  71 
23 22 21 19 20 18 41 38 37 67 40 36 51 66 48 52 50 53 64 63 60 61 65 73 3  5  1  2  4  76 30 31 32 33 34 35 75 54 59 55 57 58 69 9  7  10 8  11 28 74 24 29 26 25 16 12 72 13 14 17 44 43 45 47 42 68 27 56 6  39 62 71 49 46 0  15 70 
24 28 74 26 25 29 49 50 51 53 48 66 12 13 14 15 16 17 42 47 44 43 68 46 8  7  11 10 6  69 65 61 63 64 73 62 20 22 70 21 23 18 56 75 57 54 58 59 67 38 39 36 40 37 35 30 33 71 34 32 1  76 5  0  4  3  41 19 55 52 45 60 72 2  9  31 27 
59 57 58 55 56 54 25 29 26 24 74 28 40 67 38 41 36 39 34 33 31 30 35 71 46 44 47 45 68 42 16 12 72 14 13 17 69 7  9  8  11 10 4  76 1  5  2  0  23 18 70 22 21 19 48 49 52 50 51 66 60 61 62 63 64 65 20 6  3  27 32 15 37 73 43 53 75 
15 17 16 14 12 13 61 73 64 60 65 62 42 45 68 47 46 44 75 57 54 59 56 55 24 25 26 27 28 29 69 11 7  9  6  8  52 50 53 51 66 48 41 39 36 38 40 67 32 35 31 71 34 30 4  0  1  3  76 2  22 70 18 23 20 19 33 49 37 63 58 10 43 21 74 5  72 
65 64 63 60 62 61 2  0  5  4  1  76 7  69 11 8  9  6  29 26 25 74 28 24 53 49 51 52 66 50 22 21 19 18 23 70 71 30 35 31 34 33 17 13 14 12 72 16 42 47 68 43 44 45 54 55 56 57 58 59 37 38 41 40 36 67 46 32 15 3  27 20 10 39 48 75 73 
0  1  2  3  4  5  57 56 59 58 75 55 70 21 20 22 19 18 53 50 48 66 52 49 30 35 71 34 33 31 39 36 38 67 41 37 44 68 45 43 46 42 63 60 73 65 64 62 8  69 10 6  9  11 27 28 29 25 24 26 13 15 16 17 72 12 7  47 61 54 51 40 23 14 32 74 76 
