3  4  0  1  5  75 66 24 29 25 28 27 70 21 20 22 19 18 32 30 31 35 33 34 67 56 58 55 57 59 69 64 61 65 62 60 44 47 46 74 43 45 17 12 15 16 68 14 37 41 38 36 71 40 48 53 51 52 73 50 11 6  76 10 9  7  54 49 23 8  72 42 63 39 13 2  26 
1  5  3  4  75 2  26 28 66 27 29 24 19 22 21 70 18 23 34 32 35 33 72 31 57 55 56 67 59 54 61 60 62 63 64 65 43 74 47 44 45 42 68 16 12 17 14 13 39 71 37 40 38 41 73 49 53 50 51 48 7  76 9  8  11 10 58 52 20 6  30 46 69 36 15 0  25 
5  2  4  75 0  3  27 66 25 28 26 29 23 19 70 18 20 21 35 31 72 30 32 33 54 57 67 59 58 56 64 63 60 61 65 69 42 43 44 45 46 47 13 68 17 14 15 12 40 37 36 71 39 38 53 50 52 73 49 51 8  11 7  76 10 6  55 48 22 9  34 74 62 41 16 1  24 
75 0  5  2  3  1  24 26 27 29 25 66 20 18 19 23 21 22 33 35 30 32 34 72 58 59 57 54 56 55 60 69 65 62 63 61 46 45 43 42 47 74 15 14 68 13 12 16 41 39 40 38 36 37 49 48 50 51 52 53 6  7  10 9  8  76 67 73 70 11 31 44 64 71 17 4  28 
2  3  75 0  1  4  28 25 24 66 27 26 21 23 18 20 22 70 72 33 32 34 31 30 56 54 59 58 55 67 65 61 63 64 69 62 47 42 45 46 74 44 12 13 14 15 16 17 71 36 41 37 40 39 52 73 48 53 50 49 76 10 8  11 6  9  57 51 19 7  35 43 60 38 68 5  29 
4  75 1  5  2  0  25 29 26 24 66 28 18 70 22 19 23 20 31 34 33 72 30 35 59 67 55 57 54 58 62 65 64 69 60 63 45 44 74 43 42 46 14 17 16 68 13 15 36 38 39 41 37 71 51 52 49 48 53 73 10 9  11 6  7  8  56 50 21 76 32 47 61 40 12 3  27 
74 43 47 44 45 42 11 6  9  10 76 8  61 63 65 69 62 64 29 28 26 25 27 66 35 34 32 31 33 72 38 36 37 41 39 40 14 17 16 68 13 15 73 50 52 48 51 53 54 67 59 56 57 55 70 23 18 21 19 22 2  4  5  3  75 0  30 20 60 1  24 12 71 58 49 46 7  
43 42 44 45 46 47 10 9  7  6  11 76 64 61 69 62 60 65 26 66 27 24 28 25 72 35 31 33 30 32 39 41 36 38 40 71 15 14 68 13 12 16 53 73 48 51 49 52 56 59 58 67 54 57 18 21 20 70 23 19 3  75 2  4  0  1  34 22 63 5  29 17 37 55 50 74 8  
45 46 43 42 47 74 8  11 10 76 7  9  60 62 61 64 65 63 25 26 24 28 29 27 30 33 35 72 32 34 36 71 40 37 41 38 12 13 14 15 16 17 49 51 73 53 52 50 55 54 56 57 58 59 23 22 21 19 20 18 1  2  0  5  3  4  31 70 69 75 66 68 39 67 48 44 6  
44 45 74 43 42 46 7  76 11 8  9  6  62 69 63 61 64 60 66 29 25 27 24 26 33 31 34 35 72 30 37 40 39 71 36 41 13 68 17 14 15 12 51 48 50 73 53 49 58 57 54 55 59 67 19 20 23 22 18 70 0  5  75 1  2  3  32 21 65 4  28 16 38 56 52 47 10 
47 44 46 74 43 45 9  8  76 7  6  10 69 65 60 63 61 62 28 24 66 26 25 29 31 32 30 34 35 33 71 39 38 40 37 36 68 16 12 17 14 13 48 52 49 50 73 51 59 55 57 58 67 56 22 18 19 20 70 21 75 1  4  0  5  2  72 23 64 3  27 15 41 54 53 42 11 
46 74 42 47 44 43 76 10 6  11 8  7  63 60 64 65 69 61 24 27 29 66 26 28 34 30 72 32 31 35 41 37 71 36 38 39 17 12 15 16 68 14 50 49 53 52 48 73 57 56 67 54 55 58 21 19 70 23 22 20 5  3  1  2  4  75 33 18 62 0  25 13 40 59 51 45 9  
29 26 28 66 25 27 57 56 67 54 55 58 17 12 15 16 68 14 41 40 38 37 39 71 61 63 65 69 62 64 51 52 53 48 49 50 7  9  76 11 10 8  75 4  1  5  2  0  23 70 18 21 19 22 44 42 45 47 43 74 35 32 34 72 31 33 60 46 13 30 36 6  73 20 3  24 59 
28 66 24 29 26 25 67 58 55 59 56 54 16 15 13 12 17 68 40 36 71 38 37 41 69 65 60 63 61 62 73 49 51 50 53 52 11 76 6  9  7  10 5  1  3  4  75 2  18 22 19 20 70 21 74 45 43 46 44 47 31 30 32 33 34 35 64 42 14 72 39 8  48 23 0  27 57 
26 27 66 25 24 28 54 67 59 56 57 55 14 17 16 68 13 15 38 71 39 36 40 37 64 61 69 62 60 65 49 48 52 51 50 73 8  7  11 10 6  76 0  75 5  2  3  1  21 18 20 70 23 19 45 47 46 44 42 43 72 31 35 32 33 30 63 74 12 34 41 9  53 22 4  29 58 
25 24 26 27 28 29 58 57 54 55 59 67 13 68 17 14 15 12 37 38 36 40 41 39 60 62 61 64 65 63 52 73 50 53 48 51 6  10 7  8  76 9  3  2  75 0  1  4  22 23 21 19 20 18 42 74 47 43 46 45 30 35 33 34 72 32 69 44 16 31 71 11 49 70 5  66 56 
27 28 25 24 29 66 56 59 58 67 54 57 15 14 68 13 12 16 39 37 40 41 71 36 65 64 62 60 63 69 50 51 48 49 73 53 76 8  10 6  9  11 1  0  2  3  4  5  70 20 22 18 21 23 46 44 74 45 47 42 32 33 72 31 30 34 61 43 17 35 38 7  52 19 75 26 55 
66 25 29 26 27 24 59 55 57 58 67 56 68 16 12 17 14 13 71 41 37 39 36 38 62 69 63 61 64 60 53 50 49 73 52 48 10 11 9  7  8  6  2  5  4  75 0  3  20 19 23 22 18 70 43 46 42 74 45 44 33 34 31 30 35 72 65 47 15 32 40 76 51 21 1  28 54 
56 67 58 55 57 59 69 60 63 62 65 64 75 4  1  5  2  0  23 18 21 22 70 20 73 50 52 48 51 53 44 42 43 47 45 46 31 32 30 34 35 33 29 24 27 28 66 26 13 17 14 12 68 16 9  10 7  6  11 76 71 36 40 37 41 38 49 8  3  39 19 72 74 15 25 54 61 
57 54 67 59 58 56 64 69 62 65 61 63 3  2  75 0  1  4  22 21 19 18 23 70 49 51 73 53 52 50 42 74 46 43 47 44 72 35 31 33 30 32 25 66 29 26 27 24 16 13 12 68 15 14 10 76 6  11 8  7  39 71 38 40 37 36 48 9  5  41 20 34 45 17 28 55 60 
55 57 56 67 59 54 61 65 69 64 63 60 2  5  4  75 0  3  20 23 22 70 19 21 51 48 50 73 53 49 43 46 45 74 42 47 35 34 32 31 33 72 66 28 24 29 26 25 15 68 13 16 14 17 11 8  10 76 7  9  38 40 41 39 71 37 52 6  1  36 18 30 44 12 27 58 62 
54 56 59 58 55 67 65 62 60 69 64 61 4  3  0  1  5  75 19 70 23 20 21 18 50 49 53 52 48 73 47 43 74 42 44 45 32 72 33 30 34 31 24 25 26 27 28 29 68 12 17 13 16 15 6  11 9  10 76 8  40 37 39 71 36 41 51 7  2  38 22 35 46 14 66 57 63 
67 59 55 57 54 58 62 63 61 60 69 65 0  75 5  2  3  1  21 20 70 19 18 22 53 73 48 51 49 52 45 47 42 44 46 74 33 31 34 35 72 30 26 29 28 66 25 27 12 14 15 17 13 68 7  6  8  9  10 11 37 41 71 36 38 39 50 76 4  40 23 32 43 16 24 56 64 
59 58 57 54 56 55 60 61 64 63 62 69 1  0  2  3  4  5  70 22 18 23 20 19 52 53 51 49 50 48 46 44 47 45 74 43 30 33 35 72 32 34 27 26 66 25 24 28 17 15 16 14 12 13 8  9  76 7  6  10 36 38 37 41 39 40 73 11 75 71 21 31 42 68 29 67 65 
17 14 16 68 13 15 2  4  75 3  5  1  38 41 40 71 37 39 9  76 7  10 8  11 29 24 27 28 66 26 57 58 59 55 54 56 51 48 50 73 53 49 70 21 20 22 19 18 72 31 33 32 35 34 69 64 62 65 61 63 43 47 74 42 44 45 25 60 36 46 6  52 67 30 23 12 0  
16 68 12 17 14 13 75 1  5  0  4  3  71 40 36 41 38 37 76 6  11 7  10 9  28 27 25 24 29 66 67 54 57 56 59 58 73 50 52 48 51 53 22 20 23 21 70 19 33 34 35 30 31 32 63 62 61 60 69 65 44 46 47 45 74 43 26 64 39 42 8  49 55 72 18 15 2  
14 15 68 13 12 16 3  75 0  4  2  5  39 38 71 37 36 40 7  11 8  6  76 10 26 29 28 66 25 27 54 55 58 57 56 67 49 51 73 53 52 50 18 70 22 19 23 20 32 33 30 31 72 35 62 65 60 69 64 61 42 44 43 47 45 46 24 63 41 74 9  48 59 34 21 17 1  
13 12 14 15 16 17 1  2  3  5  0  75 36 37 38 39 40 41 10 7  6  76 9  8  25 66 29 26 27 24 58 67 56 59 55 57 52 53 51 49 50 48 23 19 70 18 20 21 34 72 32 35 30 33 64 63 65 61 60 62 46 43 45 74 42 47 28 69 71 44 11 73 54 31 22 68 4  
15 16 13 12 17 68 4  0  1  75 3  2  40 39 37 36 41 71 8  10 76 9  11 6  27 26 66 25 24 28 56 57 55 54 67 59 50 49 53 52 48 73 20 18 19 23 21 22 31 30 34 33 32 72 60 69 63 62 65 64 47 45 42 44 46 74 29 61 38 43 7  51 58 35 70 14 5  
68 13 17 14 15 12 0  5  2  1  75 4  37 71 41 38 39 36 11 9  10 8  6  7  66 28 24 29 26 25 59 56 54 67 58 55 53 73 48 51 49 52 19 22 21 70 18 23 30 35 72 34 33 31 61 60 64 63 62 69 45 74 44 46 43 42 27 65 40 47 76 50 57 32 20 16 3  
48 51 50 73 53 49 43 47 44 42 74 46 57 55 56 67 59 54 5  4  2  0  3  75 7  9  76 11 10 8  35 30 33 34 72 32 19 22 21 70 18 23 69 65 60 63 61 62 27 66 25 28 26 29 71 39 37 40 38 41 14 16 17 15 68 13 6  36 58 12 1  20 31 24 64 52 45 
52 48 49 50 73 51 74 42 47 43 46 45 55 58 54 56 67 57 1  3  5  75 2  4  9  6  8  76 11 7  34 33 31 30 35 72 22 20 23 21 70 19 65 64 62 60 63 69 26 28 66 27 29 24 40 38 71 39 41 36 17 15 12 14 16 68 10 37 59 13 0  18 32 25 61 53 44 
49 50 53 52 48 73 47 45 46 44 42 43 56 54 59 58 55 67 3  0  4  5  75 1  76 8  10 6  9  11 32 35 34 72 31 33 21 23 18 20 22 70 60 62 61 64 65 63 66 24 29 25 28 27 36 71 41 37 40 39 16 13 15 68 12 17 7  38 57 14 2  19 30 26 69 51 74 
50 73 52 48 51 53 44 46 74 45 47 42 67 56 58 55 57 59 4  1  75 2  0  5  11 76 6  9  7  10 31 72 35 32 33 30 70 21 20 22 19 18 63 60 64 65 69 61 25 29 26 24 66 28 41 37 38 36 71 40 68 12 16 13 17 14 8  39 54 15 3  23 34 27 62 49 43 
73 53 48 51 49 52 45 74 43 46 44 47 59 67 55 57 54 58 75 5  0  3  1  2  10 11 9  7  8  6  33 32 72 31 30 34 18 70 22 19 23 20 61 63 65 69 62 64 24 26 27 29 25 66 38 36 39 41 37 71 13 17 68 12 14 15 76 40 56 16 4  21 35 28 60 50 42 
51 49 73 53 52 50 42 44 45 47 43 74 54 57 67 59 58 56 2  75 3  1  4  0  8  7  11 10 6  76 72 34 30 35 32 31 23 19 70 18 20 21 62 69 63 61 64 60 28 25 24 66 27 26 37 40 36 71 39 38 15 68 14 16 13 12 9  41 55 17 5  22 33 29 65 48 46 
63 61 65 69 62 64 51 50 73 49 48 52 26 29 28 66 25 27 17 16 14 13 15 68 43 74 47 44 45 42 7  6  10 9  8  76 41 36 39 40 71 38 67 56 58 55 57 59 3  75 0  4  2  5  31 72 33 32 35 34 19 21 22 23 70 18 46 30 24 20 12 37 11 1  54 60 53 
65 69 60 63 61 62 73 52 48 53 50 49 66 28 24 29 26 25 16 12 68 14 13 17 44 47 46 74 43 45 11 8  7  76 10 6  40 39 37 36 41 71 55 58 54 56 67 57 0  5  2  1  75 4  34 33 35 30 31 32 70 20 21 18 22 19 42 72 27 23 15 38 9  3  59 64 51 
61 64 69 62 60 65 49 73 53 50 51 48 27 26 66 25 24 28 14 68 15 12 16 13 42 43 44 45 46 47 8  9  6  7  76 11 38 41 40 71 37 39 59 67 55 57 54 58 4  0  1  75 3  2  33 32 30 31 72 35 23 70 19 21 18 20 74 34 29 22 17 36 10 5  56 63 52 
62 60 61 64 65 63 52 51 49 48 53 73 24 25 26 27 28 29 13 14 12 16 17 15 46 45 43 42 47 74 6  11 76 10 9  7  37 71 41 38 39 36 54 57 67 59 58 56 5  3  4  2  1  0  72 34 32 35 30 33 20 19 18 22 23 21 44 31 66 70 68 40 8  75 55 69 50 
64 65 62 60 63 69 50 53 52 73 49 51 28 27 25 24 29 66 15 13 16 17 68 12 47 42 45 46 74 44 76 7  9  8  11 10 39 38 71 37 36 40 58 59 57 54 56 55 75 1  5  0  4  3  30 31 34 33 32 72 21 18 23 70 20 22 43 35 26 19 14 41 6  2  67 61 48 
69 62 63 61 64 60 53 48 51 52 73 50 25 66 29 26 27 24 68 17 13 15 12 14 45 44 74 43 42 46 10 76 8  11 6  9  71 40 36 41 38 37 57 55 56 67 59 54 1  2  3  5  0  75 35 30 72 34 33 31 18 22 70 20 19 23 47 32 28 21 16 39 7  4  58 65 49 
10 6  7  8  76 9  30 35 72 34 33 31 52 53 51 49 50 48 59 57 58 56 55 54 36 37 38 39 40 41 20 70 21 18 22 19 1  0  2  3  4  5  47 42 45 46 74 44 63 64 65 61 60 62 15 17 16 14 12 13 24 26 25 29 27 28 71 68 73 66 67 75 23 69 43 11 32 
7  8  11 10 6  76 72 31 33 32 35 34 49 51 73 53 52 50 57 67 54 58 56 59 39 38 71 37 36 40 23 22 20 19 21 70 3  2  75 0  1  4  46 45 43 42 47 74 65 62 60 69 64 61 13 16 12 68 15 14 27 66 26 28 25 24 41 17 48 29 55 5  18 63 44 9  30 
6  9  8  76 11 7  34 72 32 35 30 33 48 52 49 50 73 51 58 54 55 67 57 56 41 36 39 40 71 38 22 18 70 20 19 23 5  1  3  4  75 2  44 47 46 74 43 45 61 65 69 64 63 60 16 14 68 15 17 12 29 27 24 26 28 66 37 13 53 25 59 0  21 62 42 10 31 
76 11 6  9  7  10 31 30 34 33 32 72 73 50 52 48 51 53 56 58 67 57 59 55 71 40 36 41 38 37 70 23 19 21 18 20 75 4  1  5  2  0  43 74 47 44 45 42 62 63 61 60 69 65 17 13 14 12 68 16 66 24 28 25 29 26 39 15 49 27 54 3  22 64 46 8  35 
9  7  76 11 10 8  35 32 31 72 34 30 51 48 50 73 53 49 55 56 57 59 54 67 38 41 40 71 37 39 19 20 18 22 23 21 2  5  4  75 0  3  45 44 74 43 42 46 64 69 62 65 61 63 68 15 13 16 14 17 26 28 29 27 66 25 36 12 52 24 58 1  70 60 47 6  33 
8  76 10 6  9  11 32 33 30 31 72 35 50 49 53 52 48 73 54 59 56 55 67 58 40 39 37 36 41 71 21 19 22 23 70 18 4  3  0  1  5  75 74 46 42 47 44 43 69 60 63 62 65 64 12 68 17 13 16 15 28 25 27 66 24 29 38 14 51 26 57 2  20 61 45 7  34 
31 33 34 35 72 30 37 41 38 36 71 40 45 44 74 43 42 46 69 63 62 64 60 61 18 70 22 19 23 20 13 16 15 68 12 17 25 66 29 26 27 24 7  9  76 11 10 8  53 48 51 52 73 50 2  1  3  5  0  75 59 55 67 58 57 54 21 4  47 56 65 28 14 49 6  32 39 
33 30 35 72 32 34 36 38 39 41 37 71 46 45 43 42 47 74 62 61 60 65 63 64 20 18 19 23 21 22 12 68 16 13 17 14 24 25 26 27 28 29 8  7  11 10 6  76 52 51 49 48 53 73 3  5  4  2  1  0  58 57 59 55 54 56 70 75 44 67 69 66 15 50 9  31 40 
72 32 33 30 34 31 40 37 36 71 39 38 47 42 45 46 74 44 64 62 65 63 69 60 21 23 18 20 22 70 16 14 17 15 68 13 28 27 25 24 29 66 6  10 7  8  76 9  50 53 52 73 49 51 1  75 5  0  4  3  56 59 54 67 58 55 19 2  43 57 61 26 12 48 11 35 41 
35 72 31 33 30 32 39 71 37 40 38 41 42 43 44 45 46 47 61 69 64 60 65 62 23 19 70 18 20 21 15 17 12 14 16 68 27 26 66 25 24 28 10 11 9  7  8  6  49 73 53 50 51 48 0  4  1  75 3  2  54 67 57 56 59 58 22 5  74 55 63 29 13 52 76 34 36 
34 35 32 31 33 72 38 40 71 39 41 36 43 74 47 44 45 42 63 65 61 62 64 69 19 22 21 70 18 23 14 12 13 17 15 16 26 29 28 66 25 27 11 76 6  9  7  10 51 50 73 49 48 52 75 3  0  4  2  5  57 56 55 54 67 59 20 1  46 58 60 24 68 53 8  30 37 
32 31 30 34 35 33 71 36 41 37 40 39 44 47 46 74 43 45 65 60 69 61 62 63 70 21 20 22 19 18 68 15 14 16 13 12 66 28 24 29 26 25 9  6  8  76 11 7  73 52 48 53 50 49 5  0  2  1  75 4  67 58 56 59 55 57 23 3  42 54 64 27 17 51 10 72 38 
18 20 19 23 21 22 12 14 15 17 13 68 30 33 35 72 32 34 45 43 46 47 74 42 1  0  2  3  4  5  24 66 28 25 29 26 60 62 61 64 65 63 39 38 71 37 36 40 9  8  76 7  6  10 57 58 54 55 59 67 52 51 53 48 49 50 75 56 31 73 44 69 27 11 41 70 16 
70 18 22 19 23 20 13 17 14 12 68 16 33 31 34 35 72 30 44 74 45 42 46 43 0  75 5  2  3  1  25 28 27 66 24 29 62 69 63 61 64 60 38 41 40 71 37 39 6  7  8  9  10 11 55 59 57 58 67 56 53 48 73 52 51 49 4  54 32 50 47 65 26 76 36 21 15 
23 21 18 20 22 70 16 13 12 68 15 14 32 72 33 30 34 31 42 45 47 74 44 46 4  3  0  1  5  75 28 26 29 27 66 25 65 64 62 60 63 69 36 37 38 39 40 41 11 6  9  10 76 8  59 56 58 67 54 57 50 53 49 73 52 48 2  55 35 51 43 61 24 7  71 19 17 
19 23 70 18 20 21 15 68 13 16 14 17 72 35 31 33 30 32 43 44 42 46 47 45 3  2  75 0  1  4  27 29 24 26 28 66 64 61 69 62 60 65 37 71 41 38 39 36 76 10 6  11 8  7  67 54 59 56 57 55 49 73 51 50 53 52 5  58 34 48 74 63 25 9  40 22 12 
22 19 21 70 18 23 14 16 68 15 17 12 35 34 32 31 33 72 74 47 43 45 42 44 2  5  4  75 0  3  26 24 25 29 27 28 61 63 65 69 62 64 71 40 36 41 38 37 8  11 10 76 7  9  56 57 67 54 55 58 51 50 48 49 73 53 1  59 30 52 46 60 66 6  39 20 13 
21 70 20 22 19 18 68 12 17 13 16 15 31 32 30 34 35 33 47 46 44 43 45 74 75 4  1  5  2  0  66 27 26 28 25 24 69 65 60 63 61 62 41 36 39 40 71 38 10 9  7  6  11 76 58 67 55 59 56 54 73 52 50 53 48 51 3  57 72 49 42 64 29 8  37 23 14 
41 38 40 71 37 39 19 21 70 23 22 20 7  9  76 11 10 8  48 50 51 53 49 73 14 17 16 68 13 15 2  1  0  5  3  4  57 55 56 67 59 54 31 32 30 34 35 33 42 44 45 47 43 74 66 27 25 28 26 29 63 64 60 61 65 69 12 24 6  62 52 58 75 46 72 36 18 
38 39 71 37 36 40 23 70 18 21 19 22 8  7  11 10 6  76 51 73 49 52 50 53 15 14 68 13 12 16 3  5  1  2  4  75 54 57 67 59 58 56 33 31 34 35 72 30 47 45 46 44 42 43 25 28 24 66 27 26 61 65 63 64 69 62 17 29 9  60 48 55 0  74 32 41 20 
40 71 36 41 38 37 70 20 22 18 21 23 11 76 6  9  7  10 50 52 73 51 53 48 68 16 12 17 14 13 75 3  2  4  0  1  67 56 58 55 57 59 34 30 72 32 31 35 45 74 43 46 44 47 29 25 26 24 66 28 65 62 64 69 60 63 15 27 8  61 49 54 5  42 33 39 19 
71 37 41 38 39 36 18 22 19 20 70 21 10 11 9  7  8  6  73 48 53 49 52 51 13 68 17 14 15 12 0  4  3  75 1  5  59 67 55 57 54 58 35 34 32 31 33 72 46 43 42 74 45 44 26 24 27 29 25 66 69 60 65 62 63 61 16 28 76 64 50 56 2  47 30 40 23 
37 36 38 39 40 41 20 19 23 22 18 70 6  10 7  8  76 9  53 51 52 50 48 49 12 13 14 15 16 17 1  75 4  0  5  2  58 59 57 54 56 55 72 35 31 33 30 32 74 42 47 43 46 45 27 29 28 26 24 25 62 63 69 60 61 64 68 66 11 65 73 67 3  44 34 71 21 
39 40 37 36 41 71 21 18 20 70 23 19 76 8  10 6  9  11 49 53 50 48 73 52 16 15 13 12 17 68 4  2  5  3  75 0  56 54 59 58 55 67 30 33 35 72 32 34 44 46 74 45 47 42 24 66 29 25 28 27 64 69 61 65 62 60 14 26 7  63 51 57 1  43 31 38 22 
12 17 15 16 68 14 5  3  4  2  1  0  41 36 39 40 71 38 6  8  9  11 7  76 24 25 26 27 28 29 55 59 67 58 57 54 48 52 49 50 73 51 21 23 18 20 22 70 35 32 31 72 34 30 65 61 69 64 63 60 74 42 46 43 47 44 66 62 37 45 10 53 56 33 19 13 75 
20 22 23 21 70 19 17 15 16 14 12 13 34 30 72 32 31 35 46 42 74 44 43 47 5  1  3  4  75 2  29 25 66 24 26 27 63 60 64 65 69 61 40 39 37 36 41 71 7  76 11 8  9  6  54 55 56 57 58 59 48 49 52 51 50 73 0  67 33 53 45 62 28 10 38 18 68 
24 29 27 28 66 26 55 54 56 57 58 59 12 13 14 15 16 17 36 39 41 71 38 40 63 60 64 65 69 61 48 53 73 52 51 49 9  6  8  76 11 7  4  3  0  1  5  75 19 21 70 23 22 20 47 43 44 42 74 46 34 72 30 35 32 31 62 45 68 33 37 10 50 18 2  25 67 
36 41 39 40 71 38 22 23 21 19 20 18 9  6  8  76 11 7  52 49 48 73 51 50 17 12 15 16 68 14 5  0  75 1  2  3  55 58 54 56 67 57 32 72 33 30 34 31 43 47 44 42 74 46 28 26 66 27 29 24 60 61 62 63 64 65 13 25 10 69 53 59 4  45 35 37 70 
58 55 54 56 67 57 63 64 65 61 60 62 5  1  3  4  75 2  18 19 20 21 22 23 48 52 49 50 73 51 74 45 44 46 43 42 34 30 72 32 31 35 28 27 25 24 29 66 14 16 68 15 17 12 76 7  11 8  9  6  41 39 36 38 40 71 53 10 0  37 70 33 47 13 26 59 69 
60 63 64 65 69 61 48 49 50 51 52 53 29 24 27 28 66 26 12 15 17 68 14 16 74 46 42 47 44 43 9  10 11 6  7  8  36 37 38 39 40 41 56 54 59 58 55 67 2  4  75 3  5  1  32 35 31 72 34 30 22 23 20 19 21 70 45 33 25 18 13 71 76 0  57 62 73 
53 52 51 49 50 48 46 43 42 74 45 44 58 59 57 54 56 55 0  2  1  4  5  3  6  10 7  8  76 9  30 31 32 33 34 35 20 18 19 23 21 22 64 61 69 62 60 65 29 27 28 26 24 25 39 41 40 38 36 37 12 14 13 17 15 16 11 71 67 68 75 70 72 66 63 73 47 
30 34 72 32 31 35 41 39 40 38 36 37 74 46 42 47 44 43 60 64 63 69 61 65 22 20 23 21 70 19 17 13 68 12 14 15 29 24 27 28 66 26 76 8  10 6  9  11 48 49 50 51 52 53 4  2  75 3  5  1  55 54 58 57 56 67 18 0  45 59 62 25 16 73 7  33 71 
11 10 9  7  8  6  33 34 35 30 31 32 53 73 48 51 49 52 67 55 59 54 58 57 37 71 41 38 39 36 18 21 23 70 20 22 0  75 5  2  3  1  42 43 44 45 46 47 60 61 64 63 62 69 14 12 15 17 13 68 25 29 66 24 26 27 40 16 50 28 56 4  19 65 74 76 72 
0  1  2  3  4  5  29 27 28 26 24 25 22 20 23 21 70 19 30 72 34 31 35 32 55 58 54 56 67 57 63 62 69 60 61 64 74 46 42 47 44 43 16 15 13 12 17 68 38 40 71 39 41 36 50 51 73 49 48 52 9  8  6  7  76 11 59 53 18 10 33 45 65 37 14 75 66 
42 47 45 46 74 44 6  7  8  9  10 11 65 64 62 60 63 69 27 25 28 29 66 24 32 72 33 30 34 31 40 38 41 39 71 37 16 15 13 12 17 68 52 53 51 49 50 48 67 58 55 59 56 54 20 70 22 18 21 23 4  0  3  75 1  5  35 19 61 2  26 14 36 57 73 43 76 
