74 71 69 65 75 67 68 73 66 70 31 37 36 35 43 30 33 34 39 32 0  6  5  4  40 1  2  3  8  9  62 56 61 60 42 57 58 59 64 55 72 7  28 63 38 45 52 51 50 76 46 48 49 54 47 26 20 27 25 41 21 23 24 29 22 18 16 15 44 11 13 14 19 12 10 17 53 
73 75 72 70 74 71 67 66 65 69 39 30 35 38 36 31 37 33 32 43 8  1  4  7  5  0  6  2  9  40 57 64 60 63 61 56 62 58 55 42 68 3  24 59 34 54 46 50 53 51 45 52 48 47 76 25 29 21 28 26 20 27 23 22 41 14 15 18 16 10 17 13 12 44 19 11 49 
65 73 67 72 66 74 75 70 69 68 43 39 34 33 38 32 31 30 36 35 40 8  3  2  7  9  0  1  5  4  64 42 59 58 63 55 56 57 61 60 71 6  27 62 37 76 54 49 48 53 47 45 46 51 50 24 41 29 23 28 22 20 21 26 25 17 14 13 18 12 10 11 16 15 44 19 52 
70 66 71 68 65 73 74 69 72 67 36 32 33 37 34 43 39 31 35 38 5  9  2  6  3  40 8  0  4  7  55 61 58 62 59 42 64 56 60 63 75 1  21 57 30 51 47 48 52 49 76 54 45 50 53 23 26 22 27 24 41 29 20 25 28 11 13 17 14 44 19 10 15 18 16 12 46 
72 70 74 71 69 65 66 68 67 75 38 36 30 31 37 35 43 32 34 33 7  5  1  0  6  4  40 9  3  2  61 63 57 56 62 60 42 55 59 58 73 8  29 64 39 53 51 46 45 52 50 76 47 49 48 21 28 26 20 27 25 41 22 24 23 19 11 10 17 15 44 12 14 13 18 16 54 
68 69 73 75 72 70 65 67 71 74 34 35 31 39 30 38 36 43 33 37 3  4  0  8  1  7  5  40 2  6  60 59 56 64 57 63 61 42 58 62 66 9  22 55 32 49 50 45 54 46 53 51 76 48 52 20 24 25 29 21 28 26 41 23 27 12 10 19 11 18 16 44 13 17 14 15 47 
66 74 68 69 73 75 71 65 70 72 32 31 38 34 35 39 30 37 43 36 9  0  7  3  4  8  1  6  40 5  56 55 63 59 60 64 57 62 42 61 67 2  23 58 33 47 45 53 49 50 54 46 52 76 51 28 22 20 24 25 29 21 27 41 26 13 18 14 15 19 11 17 44 16 12 10 48 
69 65 75 67 70 66 73 72 68 71 35 43 37 30 33 36 32 39 38 34 4  40 6  1  2  5  9  8  7  3  42 60 62 57 58 61 55 64 63 59 74 0  20 56 31 50 76 52 46 48 51 47 54 53 49 27 25 41 21 23 26 22 29 28 24 10 17 11 13 16 12 19 18 14 15 44 45 
75 67 70 66 71 68 72 74 73 65 30 33 43 36 32 37 34 38 31 39 1  2  40 5  9  6  3  7  0  8  58 57 42 61 55 62 59 63 56 64 69 4  25 60 35 46 48 76 51 47 52 49 53 45 54 41 21 23 26 22 27 24 28 20 29 15 44 16 12 17 14 18 10 19 11 13 50 
71 68 65 73 67 72 69 75 74 66 37 34 32 43 39 33 38 35 30 31 6  3  9  40 8  2  7  4  1  0  59 62 55 42 64 58 63 60 57 56 70 5  26 61 36 52 49 47 76 54 48 53 50 46 45 22 27 24 41 29 23 28 25 21 20 16 12 44 19 13 18 15 11 10 17 14 51 
45 52 50 76 46 48 49 54 47 51 74 71 70 69 65 75 67 68 73 66 20 27 26 25 41 21 23 24 29 22 6  0  5  4  40 1  2  3  8  9  53 28 18 7  72 56 62 61 60 42 57 58 59 64 55 16 10 17 15 44 11 13 14 19 12 38 36 35 43 30 33 34 39 32 31 37 63 
54 46 53 51 45 52 48 47 76 50 73 75 69 72 70 74 71 67 66 65 29 21 25 28 26 20 27 23 22 41 1  8  4  7  5  0  6  2  9  40 49 24 14 3  68 64 57 60 63 61 56 62 58 55 42 15 19 11 18 16 10 17 13 12 44 34 35 38 36 31 37 33 32 43 39 30 59 
52 49 76 54 48 53 50 46 45 47 71 68 66 65 73 67 72 69 75 74 27 24 22 41 29 23 28 25 21 20 3  6  9  40 8  2  7  4  1  0  51 26 16 5  70 62 59 55 42 64 58 63 60 57 56 12 17 14 44 19 13 18 15 11 10 36 32 43 39 33 38 35 30 31 37 34 61 
76 54 48 53 47 45 46 51 50 49 65 73 68 67 72 66 74 75 70 69 41 29 24 23 28 22 20 21 26 25 8  40 3  2  7  9  0  1  5  4  52 27 17 6  71 42 64 59 58 63 55 56 57 61 60 14 44 19 13 18 12 10 11 16 15 37 34 33 38 32 31 30 36 35 43 39 62 
51 47 52 49 76 54 45 50 53 48 70 66 67 71 68 65 73 74 69 72 26 22 23 27 24 41 29 20 25 28 9  5  2  6  3  40 8  0  4  7  46 21 11 1  75 61 55 58 62 59 42 64 56 60 63 13 16 12 17 14 44 19 10 15 18 30 33 37 34 43 39 31 35 38 36 32 57 
53 51 45 52 50 76 47 49 48 46 72 70 75 74 71 69 65 66 68 67 28 26 21 20 27 25 41 22 24 23 5  7  1  0  6  4  40 9  3  2  54 29 19 8  73 63 61 57 56 62 60 42 55 59 58 11 18 16 10 17 15 44 12 14 13 39 30 31 37 35 43 32 34 33 38 36 64 
49 50 54 46 53 51 76 48 52 45 68 69 74 73 75 72 70 65 67 71 24 25 20 29 21 28 26 41 23 27 4  3  0  8  1  7  5  40 2  6  47 22 12 9  66 59 60 56 64 57 63 61 42 58 62 10 14 15 19 11 18 16 44 13 17 32 31 39 30 38 36 43 33 37 34 35 55 
47 45 49 50 54 46 52 76 51 53 66 74 72 68 69 73 75 71 65 70 22 20 28 24 25 29 21 27 41 26 0  9  7  3  4  8  1  6  40 5  48 23 13 2  67 55 56 63 59 60 64 57 62 42 61 18 12 10 14 15 19 11 17 44 16 33 38 34 35 39 30 37 43 36 32 31 58 
50 76 46 48 51 47 54 53 49 52 69 65 71 75 67 70 66 73 72 68 25 41 27 21 23 26 22 29 28 24 40 4  6  1  2  5  9  8  7  3  45 20 10 0  74 60 42 62 57 58 61 55 64 63 59 17 15 44 11 13 16 12 19 18 14 31 37 30 33 36 32 39 38 34 35 43 56 
46 48 51 47 52 49 53 45 54 76 75 67 65 70 66 71 68 72 74 73 21 23 41 26 22 27 24 28 20 29 2  1  40 5  9  6  3  7  0  8  50 25 15 4  69 57 58 42 61 55 62 59 63 56 64 44 11 13 16 12 17 14 18 10 19 35 43 36 32 37 34 38 31 39 30 33 60 
20 27 25 41 21 23 24 29 22 26 0  6  5  4  40 1  2  3  8  9  74 71 70 69 65 75 67 68 73 66 37 31 36 35 43 30 33 34 39 32 28 72 53 38 7  10 17 16 15 44 11 13 14 19 12 51 45 52 50 76 46 48 49 54 47 63 61 60 42 57 58 59 64 55 56 62 18 
29 21 28 26 20 27 23 22 41 25 8  1  4  7  5  0  6  2  9  40 73 75 69 72 70 74 71 67 66 65 30 39 35 38 36 31 37 33 32 43 24 68 49 34 3  19 11 15 18 16 10 17 13 12 44 50 54 46 53 51 45 52 48 47 76 59 60 63 61 56 62 58 55 42 64 57 14 
27 24 41 29 23 28 25 21 20 22 6  3  9  40 8  2  7  4  1  0  71 68 66 65 73 67 72 69 75 74 34 37 32 43 39 33 38 35 30 31 26 70 51 36 5  17 14 12 44 19 13 18 15 11 10 47 52 49 76 54 48 53 50 46 45 61 55 42 64 58 63 60 57 56 62 59 16 
41 29 23 28 22 20 21 26 25 24 40 8  3  2  7  9  0  1  5  4  65 73 68 67 72 66 74 75 70 69 39 43 34 33 38 32 31 30 36 35 27 71 52 37 6  44 19 14 13 18 12 10 11 16 15 49 76 54 48 53 47 45 46 51 50 62 59 58 63 55 56 57 61 60 42 64 17 
26 22 27 24 41 29 20 25 28 23 5  9  2  6  3  40 8  0  4  7  70 66 67 71 68 65 73 74 69 72 32 36 33 37 34 43 39 31 35 38 21 75 46 30 1  16 12 13 17 14 44 19 10 15 18 48 51 47 52 49 76 54 45 50 53 57 58 62 59 42 64 56 60 63 61 55 11 
28 26 20 27 25 41 22 24 23 21 7  5  1  0  6  4  40 9  3  2  72 70 75 74 71 69 65 66 68 67 36 38 30 31 37 35 43 32 34 33 29 73 54 39 8  18 16 11 10 17 15 44 12 14 13 46 53 51 45 52 50 76 47 49 48 64 57 56 62 60 42 55 59 58 63 61 19 
24 25 29 21 28 26 41 23 27 20 3  4  0  8  1  7  5  40 2  6  68 69 74 73 75 72 70 65 67 71 35 34 31 39 30 38 36 43 33 37 22 66 47 32 9  14 15 10 19 11 18 16 44 13 17 45 49 50 54 46 53 51 76 48 52 55 56 64 57 63 61 42 58 62 59 60 12 
22 20 24 25 29 21 27 41 26 28 9  0  7  3  4  8  1  6  40 5  66 74 72 68 69 73 75 71 65 70 31 32 38 34 35 39 30 37 43 36 23 67 48 33 2  12 10 18 14 15 19 11 17 44 16 53 47 45 49 50 54 46 52 76 51 58 63 59 60 64 57 62 42 61 55 56 13 
25 41 21 23 26 22 29 28 24 27 4  40 6  1  2  5  9  8  7  3  69 65 71 75 67 70 66 73 72 68 43 35 37 30 33 36 32 39 38 34 20 74 45 31 0  15 44 17 11 13 16 12 19 18 14 52 50 76 46 48 51 47 54 53 49 56 62 57 58 61 55 64 63 59 60 42 10 
21 23 26 22 27 24 28 20 29 41 1  2  40 5  9  6  3  7  0  8  75 67 65 70 66 71 68 72 74 73 33 30 43 36 32 37 34 38 31 39 25 69 50 35 4  11 13 44 16 12 17 14 18 10 19 76 46 48 51 47 52 49 53 45 54 60 42 61 55 62 59 63 56 64 57 58 15 
19 11 18 16 10 17 13 12 44 15 29 21 25 28 26 20 27 23 22 41 54 46 50 53 51 45 52 48 47 76 75 73 69 72 70 74 71 67 66 65 14 49 59 68 24 39 30 35 38 36 31 37 33 32 43 60 64 57 63 61 56 62 58 55 42 3  4  7  5  0  6  2  9  40 8  1  34 
10 17 15 44 11 13 14 19 12 16 20 27 26 25 41 21 23 24 29 22 45 52 51 50 76 46 48 49 54 47 71 74 70 69 65 75 67 68 73 66 18 53 63 72 28 31 37 36 35 43 30 33 34 39 32 61 56 62 60 42 57 58 59 64 55 7  5  4  40 1  2  3  8  9  0  6  38 
17 14 44 19 13 18 15 11 10 12 27 24 22 41 29 23 28 25 21 20 52 49 47 76 54 48 53 50 46 45 68 71 66 65 73 67 72 69 75 74 16 51 61 70 26 37 34 32 43 39 33 38 35 30 31 55 62 59 42 64 58 63 60 57 56 5  9  40 8  2  7  4  1  0  6  3  36 
44 19 13 18 12 10 11 16 15 14 41 29 24 23 28 22 20 21 26 25 76 54 49 48 53 47 45 46 51 50 73 65 68 67 72 66 74 75 70 69 17 52 62 71 27 43 39 34 33 38 32 31 30 36 35 59 42 64 58 63 55 56 57 61 60 6  3  2  7  9  0  1  5  4  40 8  37 
16 12 17 14 44 19 10 15 18 13 26 22 23 27 24 41 29 20 25 28 51 47 48 52 49 76 54 45 50 53 66 70 67 71 68 65 73 74 69 72 11 46 57 75 21 36 32 33 37 34 43 39 31 35 38 58 61 55 62 59 42 64 56 60 63 1  2  6  3  40 8  0  4  7  5  9  30 
18 16 10 17 15 44 12 14 13 11 28 26 21 20 27 25 41 22 24 23 53 51 46 45 52 50 76 47 49 48 70 72 75 74 71 69 65 66 68 67 19 54 64 73 29 38 36 30 31 37 35 43 32 34 33 57 63 61 56 62 60 42 55 59 58 8  1  0  6  4  40 9  3  2  7  5  39 
14 15 19 11 18 16 44 13 17 10 24 25 20 29 21 28 26 41 23 27 49 50 45 54 46 53 51 76 48 52 69 68 74 73 75 72 70 65 67 71 12 47 55 66 22 34 35 31 39 30 38 36 43 33 37 56 59 60 64 57 63 61 42 58 62 9  0  8  1  7  5  40 2  6  3  4  32 
12 10 14 15 19 11 17 44 16 18 22 20 28 24 25 29 21 27 41 26 47 45 53 49 50 54 46 52 76 51 74 66 72 68 69 73 75 71 65 70 13 48 58 67 23 32 31 38 34 35 39 30 37 43 36 63 55 56 59 60 64 57 62 42 61 2  7  3  4  8  1  6  40 5  9  0  33 
15 44 11 13 16 12 19 18 14 17 25 41 27 21 23 26 22 29 28 24 50 76 52 46 48 51 47 54 53 49 65 69 71 75 67 70 66 73 72 68 10 45 56 74 20 35 43 37 30 33 36 32 39 38 34 62 60 42 57 58 61 55 64 63 59 0  6  1  2  5  9  8  7  3  4  40 31 
11 13 16 12 17 14 18 10 19 44 21 23 41 26 22 27 24 28 20 29 46 48 76 51 47 52 49 53 45 54 67 75 65 70 66 71 68 72 74 73 15 50 60 69 25 30 33 43 36 32 37 34 38 31 39 42 57 58 61 55 62 59 63 56 64 4  40 5  9  6  3  7  0  8  1  2  35 
67 72 66 74 68 69 70 71 75 73 33 38 39 32 31 34 35 36 37 30 2  7  8  9  0  3  4  5  6  1  63 58 64 55 56 59 60 61 62 57 76 41 44 40 65 48 53 54 47 45 49 50 51 52 46 29 23 28 22 20 24 25 26 27 21 43 19 12 10 14 15 16 17 11 13 18 42 
23 28 22 20 24 25 26 27 21 29 2  7  8  9  0  3  4  5  6  1  67 72 73 66 74 68 69 70 71 75 38 33 39 32 31 34 35 36 37 30 44 76 42 65 41 13 18 19 12 10 14 15 16 17 11 54 48 53 47 45 49 50 51 52 46 40 64 55 56 59 60 61 62 57 58 63 43 
2  7  9  0  3  4  5  6  1  8  58 63 64 55 56 59 60 61 62 57 33 38 39 32 31 34 35 36 37 30 18 13 19 12 10 14 15 16 17 11 41 65 76 43 40 23 28 29 22 20 24 25 26 27 21 73 67 72 66 74 68 69 70 71 75 42 54 47 45 49 50 51 52 46 48 53 44 
13 18 12 10 14 15 16 17 11 19 23 28 29 22 20 24 25 26 27 21 48 53 54 47 45 49 50 51 52 46 72 67 73 66 74 68 69 70 71 75 43 42 40 76 44 33 38 39 32 31 34 35 36 37 30 64 58 63 55 56 59 60 61 62 57 41 8  9  0  3  4  5  6  1  2  7  65 
48 53 47 45 49 50 51 52 46 54 67 72 73 66 74 68 69 70 71 75 23 28 29 22 20 24 25 26 27 21 7  2  8  9  0  3  4  5  6  1  42 44 43 41 76 58 63 64 55 56 59 60 61 62 57 19 13 18 12 10 14 15 16 17 11 65 39 32 31 34 35 36 37 30 33 38 40 
31 37 35 43 30 33 34 39 32 36 10 17 16 15 44 11 13 14 19 12 56 62 61 60 42 57 58 59 64 55 52 45 51 50 76 46 48 49 54 47 38 63 7  53 18 74 71 70 69 65 75 67 68 73 66 5  0  6  4  40 1  2  3  8  9  28 26 25 41 21 23 24 29 22 20 27 72 
39 30 38 36 31 37 33 32 43 35 19 11 15 18 16 10 17 13 12 44 64 57 60 63 61 56 62 58 55 42 46 54 50 53 51 45 52 48 47 76 34 59 3  49 14 73 75 69 72 70 74 71 67 66 65 4  8  1  7  5  0  6  2  9  40 24 25 28 26 20 27 23 22 41 29 21 68 
37 34 43 39 33 38 35 30 31 32 17 14 12 44 19 13 18 15 11 10 62 59 55 42 64 58 63 60 57 56 49 52 47 76 54 48 53 50 46 45 36 61 5  51 16 71 68 66 65 73 67 72 69 75 74 9  6  3  40 8  2  7  4  1  0  26 22 41 29 23 28 25 21 20 27 24 70 
43 39 33 38 32 31 30 36 35 34 44 19 14 13 18 12 10 11 16 15 42 64 59 58 63 55 56 57 61 60 54 76 49 48 53 47 45 46 51 50 37 62 6  52 17 65 73 68 67 72 66 74 75 70 69 3  40 8  2  7  9  0  1  5  4  27 24 23 28 22 20 21 26 25 41 29 71 
36 32 37 34 43 39 31 35 38 33 16 12 13 17 14 44 19 10 15 18 61 55 58 62 59 42 64 56 60 63 47 51 48 52 49 76 54 45 50 53 30 57 1  46 11 70 66 67 71 68 65 73 74 69 72 2  5  9  6  3  40 8  0  4  7  21 23 27 24 41 29 20 25 28 26 22 75 
38 36 31 37 35 43 32 34 33 30 18 16 11 10 17 15 44 12 14 13 63 61 57 56 62 60 42 55 59 58 51 53 46 45 52 50 76 47 49 48 39 64 8  54 19 72 70 75 74 71 69 65 66 68 67 1  7  5  0  6  4  40 9  3  2  29 21 20 27 25 41 22 24 23 28 26 73 
34 35 39 30 38 36 43 33 37 31 14 15 10 19 11 18 16 44 13 17 59 60 56 64 57 63 61 42 58 62 50 49 45 54 46 53 51 76 48 52 32 55 9  47 12 68 69 74 73 75 72 70 65 67 71 0  3  4  8  1  7  5  40 2  6  22 20 29 21 28 26 41 23 27 24 25 66 
32 31 34 35 39 30 37 43 36 38 12 10 18 14 15 19 11 17 44 16 55 56 63 59 60 64 57 62 42 61 45 47 53 49 50 54 46 52 76 51 33 58 2  48 13 66 74 72 68 69 73 75 71 65 70 7  9  0  3  4  8  1  6  40 5  23 28 24 25 29 21 27 41 26 22 20 67 
35 43 30 33 36 32 39 38 34 37 15 44 17 11 13 16 12 19 18 14 60 42 62 57 58 61 55 64 63 59 76 50 52 46 48 51 47 54 53 49 31 56 0  45 10 69 65 71 75 67 70 66 73 72 68 6  4  40 1  2  5  9  8  7  3  20 27 21 23 26 22 29 28 24 25 41 74 
30 33 36 32 37 34 38 31 39 43 11 13 44 16 12 17 14 18 10 19 57 58 42 61 55 62 59 63 56 64 48 46 76 51 47 52 49 53 45 54 35 60 4  50 15 75 67 65 70 66 71 68 72 74 73 40 1  2  5  9  6  3  7  0  8  25 41 26 22 27 24 28 20 29 21 23 69 
6  3  40 8  2  7  4  1  0  9  62 59 55 42 64 58 63 60 57 56 37 34 32 43 39 33 38 35 30 31 14 17 12 44 19 13 18 15 11 10 5  36 70 16 61 27 24 22 41 29 23 28 25 21 20 66 71 68 65 73 67 72 69 75 74 51 47 76 54 48 53 50 46 45 52 49 26 
0  6  4  40 1  2  3  8  9  5  56 62 61 60 42 57 58 59 64 55 31 37 36 35 43 30 33 34 39 32 17 10 16 15 44 11 13 14 19 12 7  38 72 18 63 20 27 26 25 41 21 23 24 29 22 70 74 71 69 65 75 67 68 73 66 53 51 50 76 46 48 49 54 47 45 52 28 
8  1  7  5  0  6  2  9  40 4  64 57 60 63 61 56 62 58 55 42 39 30 35 38 36 31 37 33 32 43 11 19 15 18 16 10 17 13 12 44 3  34 68 14 59 29 21 25 28 26 20 27 23 22 41 69 73 75 72 70 74 71 67 66 65 49 50 53 51 45 52 48 47 76 54 46 24 
40 8  2  7  9  0  1  5  4  3  42 64 59 58 63 55 56 57 61 60 43 39 34 33 38 32 31 30 36 35 19 44 14 13 18 12 10 11 16 15 6  37 71 17 62 41 29 24 23 28 22 20 21 26 25 68 65 73 67 72 66 74 75 70 69 52 49 48 53 47 45 46 51 50 76 54 27 
5  9  6  3  40 8  0  4  7  2  61 55 58 62 59 42 64 56 60 63 36 32 33 37 34 43 39 31 35 38 12 16 13 17 14 44 19 10 15 18 1  30 75 11 57 26 22 23 27 24 41 29 20 25 28 67 70 66 71 68 65 73 74 69 72 46 48 52 49 76 54 45 50 53 51 47 21 
7  5  0  6  4  40 9  3  2  1  63 61 57 56 62 60 42 55 59 58 38 36 30 31 37 35 43 32 34 33 16 18 11 10 17 15 44 12 14 13 8  39 73 19 64 28 26 21 20 27 25 41 22 24 23 75 72 70 74 71 69 65 66 68 67 54 46 45 52 50 76 47 49 48 53 51 29 
3  4  8  1  7  5  40 2  6  0  59 60 56 64 57 63 61 42 58 62 34 35 31 39 30 38 36 43 33 37 15 14 10 19 11 18 16 44 13 17 9  32 66 12 55 24 25 20 29 21 28 26 41 23 27 74 68 69 73 75 72 70 65 67 71 47 45 54 46 53 51 76 48 52 49 50 22 
9  0  3  4  8  1  6  40 5  7  55 56 63 59 60 64 57 62 42 61 32 31 38 34 35 39 30 37 43 36 10 12 18 14 15 19 11 17 44 16 2  33 67 13 58 22 20 28 24 25 29 21 27 41 26 72 66 74 68 69 73 75 71 65 70 48 53 49 50 54 46 52 76 51 47 45 23 
4  40 1  2  5  9  8  7  3  6  60 42 62 57 58 61 55 64 63 59 35 43 37 30 33 36 32 39 38 34 44 15 17 11 13 16 12 19 18 14 0  31 74 10 56 25 41 27 21 23 26 22 29 28 24 71 69 65 75 67 70 66 73 72 68 45 52 46 48 51 47 54 53 49 50 76 20 
1  2  5  9  6  3  7  0  8  40 57 58 42 61 55 62 59 63 56 64 30 33 43 36 32 37 34 38 31 39 13 11 44 16 12 17 14 18 10 19 4  35 69 15 60 21 23 41 26 22 27 24 28 20 29 65 75 67 70 66 71 68 72 74 73 50 76 51 47 52 49 53 45 54 46 48 25 
58 63 55 56 59 60 61 62 57 64 48 53 54 47 45 49 50 51 52 46 13 18 19 12 10 14 15 16 17 11 28 23 29 22 20 24 25 26 27 21 40 43 65 44 42 2  7  8  9  0  3  4  5  6  1  39 33 38 32 31 34 35 36 37 30 76 73 66 74 68 69 70 71 75 67 72 41 
62 59 42 64 58 63 60 57 56 55 52 49 47 76 54 48 53 50 46 45 17 14 12 44 19 13 18 15 11 10 24 27 22 41 29 23 28 25 21 20 61 16 36 26 51 6  3  9  40 8  2  7  4  1  0  32 37 34 43 39 33 38 35 30 31 70 66 65 73 67 72 69 75 74 71 68 5  
42 64 58 63 55 56 57 61 60 59 76 54 49 48 53 47 45 46 51 50 44 19 14 13 18 12 10 11 16 15 29 41 24 23 28 22 20 21 26 25 62 17 37 27 52 40 8  3  2  7  9  0  1  5  4  34 43 39 33 38 32 31 30 36 35 71 68 67 72 66 74 75 70 69 65 73 6  
61 55 62 59 42 64 56 60 63 58 51 47 48 52 49 76 54 45 50 53 16 12 13 17 14 44 19 10 15 18 22 26 23 27 24 41 29 20 25 28 57 11 30 21 46 5  9  2  6  3  40 8  0  4  7  33 36 32 37 34 43 39 31 35 38 75 67 71 68 65 73 74 69 72 70 66 1  
63 61 56 62 60 42 55 59 58 57 53 51 46 45 52 50 76 47 49 48 18 16 11 10 17 15 44 12 14 13 26 28 21 20 27 25 41 22 24 23 64 19 39 29 54 7  5  1  0  6  4  40 9  3  2  30 38 36 31 37 35 43 32 34 33 73 75 74 71 69 65 66 68 67 72 70 8  
59 60 64 57 63 61 42 58 62 56 49 50 45 54 46 53 51 76 48 52 14 15 10 19 11 18 16 44 13 17 25 24 20 29 21 28 26 41 23 27 55 12 32 22 47 3  4  0  8  1  7  5  40 2  6  31 34 35 39 30 38 36 43 33 37 66 74 73 75 72 70 65 67 71 68 69 9  
55 56 59 60 64 57 62 42 61 63 47 45 53 49 50 54 46 52 76 51 12 10 18 14 15 19 11 17 44 16 20 22 28 24 25 29 21 27 41 26 58 13 33 23 48 9  0  7  3  4  8  1  6  40 5  38 32 31 34 35 39 30 37 43 36 67 72 68 69 73 75 71 65 70 66 74 2  
60 42 57 58 61 55 64 63 59 62 50 76 52 46 48 51 47 54 53 49 15 44 17 11 13 16 12 19 18 14 41 25 27 21 23 26 22 29 28 24 56 10 31 20 45 4  40 6  1  2  5  9  8  7  3  37 35 43 30 33 36 32 39 38 34 74 71 75 67 70 66 73 72 68 69 65 0  
57 58 61 55 62 59 63 56 64 42 46 48 76 51 47 52 49 53 45 54 11 13 44 16 12 17 14 18 10 19 23 21 41 26 22 27 24 28 20 29 60 15 35 25 50 1  2  40 5  9  6  3  7  0  8  43 30 33 36 32 37 34 38 31 39 69 65 70 66 71 68 72 74 73 75 67 4  
56 62 60 42 57 58 59 64 55 61 45 52 51 50 76 46 48 49 54 47 10 17 16 15 44 11 13 14 19 12 27 20 26 25 41 21 23 24 29 22 63 18 38 28 53 0  6  5  4  40 1  2  3  8  9  36 31 37 35 43 30 33 34 39 32 72 70 69 65 75 67 68 73 66 74 71 7  
64 57 63 61 56 62 58 55 42 60 54 46 50 53 51 45 52 48 47 76 19 11 15 18 16 10 17 13 12 44 21 29 25 28 26 20 27 23 22 41 59 14 34 24 49 8  1  4  7  5  0  6  2  9  40 35 39 30 38 36 31 37 33 32 43 68 69 72 70 74 71 67 66 65 73 75 3  
33 38 32 31 34 35 36 37 30 39 13 18 19 12 10 14 15 16 17 11 58 63 64 55 56 59 60 61 62 57 53 48 54 47 45 49 50 51 52 46 65 40 41 42 43 67 72 73 66 74 68 69 70 71 75 8  2  7  9  0  3  4  5  6  1  44 29 22 20 24 25 26 27 21 23 28 76 
