76 4  2  5  0  1  33 31 73 35 32 34 19 23 66 21 18 20 58 59 57 55 54 70 60 63 62 64 61 72 36 40 69 38 41 37 45 47 46 44 67 42 48 50 49 53 74 51 14 13 17 68 15 12 24 29 75 28 26 27 9  8  71 7  11 6  56 52 22 43 25 30 10 39 16 65 3  
0  76 4  1  5  3  34 30 35 33 73 31 22 66 20 23 19 18 56 57 70 59 58 54 64 72 61 62 65 60 41 38 40 39 37 69 46 45 43 67 47 44 74 53 50 52 51 49 12 16 68 14 17 13 28 26 24 29 25 75 7  11 9  8  10 71 55 48 21 42 27 32 6  36 15 63 2  
5  0  76 3  1  2  31 32 33 34 35 30 21 20 18 66 22 19 55 70 54 57 56 58 62 60 65 61 63 64 37 39 38 36 69 40 43 46 42 47 45 67 51 52 53 48 49 50 13 15 14 12 68 16 29 25 28 26 27 24 8  10 7  11 6  9  59 74 23 44 75 73 71 41 17 72 4  
2  3  1  76 4  0  73 33 30 32 31 35 20 22 21 19 66 23 70 56 55 58 57 59 63 61 60 72 64 65 38 37 41 69 39 36 67 44 47 43 42 46 53 51 74 49 52 48 17 14 16 15 13 68 27 24 25 75 28 26 6  9  10 71 7  11 54 50 18 45 29 34 8  40 12 62 5  
4  2  3  0  76 5  35 34 32 73 30 33 18 21 23 22 20 66 54 55 59 56 70 57 72 65 64 60 62 63 39 69 37 40 36 41 47 67 45 42 44 43 52 49 51 50 48 74 68 12 15 17 16 14 75 28 27 24 29 25 71 7  6  9  8  10 58 53 19 46 26 31 11 38 13 61 1  
3  1  5  4  2  76 32 35 31 30 34 73 66 19 22 18 23 21 57 58 56 54 59 55 65 62 72 63 60 61 40 41 36 37 38 39 44 42 67 46 43 45 50 74 48 51 53 52 15 68 13 16 12 17 25 75 26 27 24 29 10 71 11 6  9  8  70 49 20 47 28 33 7  69 14 64 0  
17 15 16 14 68 12 71 7  10 6  11 9  44 45 46 47 42 43 60 61 65 62 72 63 74 52 49 51 50 48 25 28 24 29 27 75 54 70 58 59 57 55 39 69 37 40 36 41 22 23 18 19 20 21 73 33 32 35 34 30 76 5  4  0  1  2  64 38 67 56 31 8  3  26 66 53 13 
16 13 12 17 15 68 10 71 8  11 7  6  43 67 47 44 46 45 63 64 62 60 65 61 52 50 74 48 51 53 29 75 27 24 26 25 57 59 70 56 55 58 40 41 36 37 38 39 18 22 66 20 23 19 30 73 31 32 35 34 2  76 3  4  0  1  72 69 42 54 33 9  5  28 21 49 14 
14 68 17 13 12 16 7  11 71 9  6  8  47 43 42 46 67 44 62 63 72 65 64 60 49 74 53 50 52 51 75 26 29 25 24 28 56 58 55 70 54 57 41 38 40 39 37 69 23 20 22 21 19 66 33 31 35 34 30 73 5  3  0  1  2  76 61 36 45 59 32 10 4  27 18 48 15 
68 17 15 12 14 13 9  8  6  71 10 7  67 46 43 45 44 42 64 65 63 61 60 72 51 48 50 49 53 74 27 29 28 26 75 24 58 54 56 57 70 59 36 40 69 38 41 37 21 66 19 22 18 23 35 34 73 33 31 32 0  1  76 5  3  4  62 39 47 55 30 11 2  25 20 52 16 
12 14 68 16 13 15 8  10 9  7  71 11 45 42 44 43 47 67 61 72 60 63 62 64 50 51 52 53 48 49 24 25 26 27 28 29 55 56 59 54 58 70 37 39 38 36 69 40 66 18 21 23 22 20 34 30 33 31 32 35 1  2  5  3  4  0  65 41 46 57 73 6  76 75 19 74 17 
15 16 13 68 17 14 6  9  11 10 8  71 42 47 45 67 43 46 72 62 61 64 63 65 48 53 51 74 49 52 26 24 75 28 25 27 70 57 54 55 59 56 38 37 41 69 39 36 19 21 20 18 66 22 32 35 30 73 33 31 4  0  2  76 5  3  60 40 44 58 34 7  1  29 23 50 12 
7  9  71 11 8  10 29 25 24 28 75 26 68 13 16 12 17 15 46 44 67 42 45 47 58 70 55 56 59 54 74 53 50 52 51 49 23 21 66 19 22 18 72 61 62 65 60 64 1  2  0  5  76 3  69 38 37 40 39 41 33 31 35 34 30 73 43 63 14 20 36 27 32 48 4  57 6  
6  10 11 9  71 7  75 28 25 27 26 24 16 68 14 17 13 12 67 46 43 45 44 42 57 55 54 70 58 59 53 51 74 49 52 48 19 18 22 66 20 23 61 60 72 64 65 63 76 5  2  4  3  0  36 37 39 41 69 38 32 35 30 73 33 31 47 62 15 21 40 29 34 50 1  56 8  
10 11 8  71 6  9  27 24 26 25 29 75 13 17 68 15 12 14 44 45 46 47 42 43 59 56 70 57 54 55 50 74 48 51 53 52 18 20 19 23 66 21 62 72 63 60 61 65 4  0  3  2  1  76 39 41 38 36 37 40 30 73 31 32 35 34 67 64 16 22 69 28 33 49 5  58 7  
71 6  10 7  9  8  24 29 27 75 25 28 15 14 12 68 16 13 47 43 42 46 67 44 70 59 58 54 56 57 52 49 51 50 48 74 22 19 21 20 18 66 65 64 60 62 63 72 0  1  4  76 2  5  41 69 36 37 40 39 73 33 32 35 34 30 45 61 17 23 38 26 31 53 3  55 11 
8  7  9  10 11 6  26 27 28 29 24 25 14 16 15 13 68 17 43 67 47 44 46 45 56 54 59 55 57 58 51 52 53 48 49 50 66 23 20 22 21 19 60 65 61 63 64 62 3  4  5  1  0  2  40 39 69 38 36 37 34 30 33 31 32 35 42 72 12 18 41 75 73 74 76 70 71 
11 8  7  6  10 71 25 75 29 26 28 27 12 15 17 16 14 68 42 47 45 67 43 46 55 58 57 59 70 56 49 48 52 74 50 53 20 66 18 21 23 22 64 63 65 72 62 61 2  76 1  3  5  4  38 36 40 39 41 69 31 32 34 30 73 33 44 60 13 19 37 24 35 51 0  54 9  
73 32 30 33 35 34 37 40 36 41 39 69 4  5  1  0  2  3  66 19 22 18 23 21 67 42 45 47 46 44 65 64 60 62 63 72 68 17 14 16 15 13 59 58 54 56 57 70 9  8  6  71 10 7  74 49 48 51 50 52 75 28 27 24 29 25 20 55 76 12 53 38 26 61 11 43 31 
31 34 33 32 30 73 39 41 40 38 69 36 1  4  76 2  5  0  22 66 20 23 19 18 43 45 44 42 67 46 64 63 65 72 62 61 16 13 15 14 12 68 58 57 59 70 56 55 10 71 8  11 7  6  53 48 50 52 74 49 26 27 29 25 75 28 21 54 3  17 51 37 24 60 9  47 35 
34 33 35 30 31 32 38 36 69 40 37 39 5  2  4  3  0  76 19 23 66 21 18 20 46 47 42 43 44 45 60 65 61 63 64 62 13 12 16 68 14 17 54 59 55 57 58 56 11 6  7  8  9  10 50 52 49 53 48 51 29 25 28 26 27 24 22 70 1  15 74 41 75 72 71 67 73 
30 31 34 73 32 35 36 37 38 39 40 41 3  76 0  4  1  5  21 20 18 66 22 19 42 46 67 44 47 43 62 72 63 60 61 65 15 16 17 12 13 14 56 70 57 54 55 59 6  9  11 10 8  71 52 74 53 48 51 50 25 75 26 27 24 29 23 58 2  68 49 69 28 64 7  45 33 
35 73 32 34 33 31 69 38 41 37 36 40 76 1  3  5  4  2  20 22 21 19 66 23 47 44 46 45 43 67 63 62 64 61 72 60 14 68 12 15 17 16 57 56 58 55 70 54 7  11 71 9  6  8  51 50 74 49 53 48 24 29 75 28 26 27 18 59 0  13 52 39 25 65 10 42 30 
33 35 73 31 34 30 40 39 37 69 41 38 0  3  2  1  76 4  18 21 23 22 20 66 45 67 43 46 42 47 72 61 62 65 60 64 12 14 13 17 68 15 70 55 56 59 54 58 8  10 9  7  71 11 49 53 51 50 52 74 28 26 24 29 25 75 19 57 5  16 48 36 27 63 6  44 32 
47 67 44 46 45 43 14 13 17 68 15 12 72 62 61 64 63 65 69 39 36 38 37 41 75 25 28 24 29 27 6  8  7  11 71 9  49 51 50 48 74 52 32 34 33 31 73 35 58 55 70 54 57 56 0  1  76 5  3  4  22 23 19 21 66 18 40 30 60 53 2  16 20 10 59 26 42 
46 45 47 42 43 44 13 15 14 12 68 16 64 65 63 61 60 72 38 41 37 36 40 69 28 75 26 29 25 24 9  10 11 6  7  8  53 50 52 51 49 74 35 30 31 32 33 34 55 57 58 56 54 59 1  2  5  3  4  0  23 20 21 66 18 22 39 73 62 48 76 17 19 71 70 27 67 
44 42 43 47 67 45 17 14 16 15 13 68 65 60 64 72 61 62 41 40 38 69 36 39 25 29 75 27 24 26 11 9  71 7  10 6  74 48 51 53 52 50 31 35 73 33 30 32 70 58 59 57 55 54 4  0  2  76 5  3  18 22 20 19 21 66 37 34 63 49 1  12 23 8  56 28 46 
67 44 42 45 47 46 68 12 15 17 16 14 63 64 62 60 65 61 37 38 39 40 41 36 27 26 24 75 28 25 10 7  9  8  6  71 51 74 49 52 48 53 30 33 35 34 32 73 54 56 57 70 59 58 76 5  4  0  1  2  19 21 18 22 23 20 69 31 72 50 3  13 66 11 55 29 43 
42 43 46 67 44 47 15 68 13 16 12 17 61 72 60 63 62 64 36 69 40 37 39 38 26 28 27 25 75 29 8  71 6  9  11 10 48 52 74 50 53 49 34 73 32 35 31 30 57 54 55 59 56 70 2  76 3  4  0  1  20 19 66 18 22 23 41 33 65 51 5  14 21 7  58 24 45 
45 47 67 43 46 42 12 16 68 14 17 13 60 61 65 62 72 63 40 36 41 39 69 37 24 27 29 28 26 75 71 11 8  10 9  7  50 49 53 74 51 48 73 31 34 30 35 33 56 59 54 58 70 55 5  3  0  1  2  76 21 66 22 23 20 19 38 32 64 52 4  15 18 6  57 25 44 
23 21 22 20 66 18 3  4  5  1  0  2  58 59 57 55 54 70 53 74 51 48 50 49 40 37 39 38 36 69 73 31 34 30 35 33 61 62 65 60 64 72 24 25 26 27 28 29 43 44 45 46 47 42 8  10 7  11 6  9  12 16 14 13 15 68 52 75 56 63 71 76 17 32 67 41 19 
18 20 66 22 19 21 76 5  2  4  3  0  59 54 58 70 55 56 74 50 53 49 48 52 36 38 37 41 69 39 34 73 32 35 31 30 72 63 60 61 65 62 26 24 75 28 25 27 67 45 42 44 43 47 6  9  10 71 7  11 15 68 16 17 14 13 51 29 57 64 8  1  12 33 46 40 23 
19 18 20 21 22 23 0  1  4  76 2  5  57 58 56 54 59 55 51 53 52 50 74 48 41 39 69 37 40 36 31 35 73 33 30 32 60 72 64 65 63 61 25 28 24 29 27 75 47 46 44 67 42 45 71 7  6  9  8  10 17 14 15 68 12 16 49 26 70 62 11 3  13 34 43 38 66 
20 66 23 19 18 22 4  0  3  2  1  76 55 70 54 57 56 58 48 49 50 51 52 53 39 40 41 36 37 38 33 32 30 73 34 31 63 65 72 62 61 64 29 75 27 24 26 25 44 47 43 42 46 67 10 71 11 6  9  8  16 17 13 15 68 12 74 28 59 60 7  5  14 35 45 69 21 
21 22 19 66 23 20 1  2  0  5  76 3  54 55 59 56 70 57 50 48 74 52 49 51 69 41 38 40 39 37 32 34 33 31 73 35 62 64 61 72 60 63 75 26 29 25 24 28 46 42 47 45 67 43 7  11 9  8  10 71 14 13 68 12 16 17 53 27 58 65 6  4  15 30 44 36 18 
22 19 18 23 21 66 5  3  76 0  4  1  70 56 55 58 57 59 49 52 48 53 51 74 37 36 40 69 38 41 30 33 35 34 32 73 64 60 62 63 72 65 27 29 28 26 75 24 45 43 67 47 44 46 9  8  71 7  11 6  68 12 17 14 13 15 50 25 54 61 10 2  16 31 42 39 20 
70 57 59 58 54 56 22 23 18 19 20 21 48 49 50 51 52 53 24 26 25 29 75 27 73 30 33 35 34 32 2  5  0  1  4  76 69 37 40 36 41 39 10 7  9  8  6  71 60 62 63 72 65 64 17 14 15 68 12 16 67 45 44 47 46 42 28 11 74 38 13 66 43 3  61 31 55 
54 70 57 56 58 55 21 66 19 22 18 23 74 50 53 49 48 52 28 25 27 26 24 75 35 32 34 33 31 73 4  1  5  3  76 0  40 69 38 41 37 36 6  8  7  11 71 9  64 61 72 60 63 62 68 12 17 14 13 15 47 46 67 45 43 44 29 10 51 39 16 20 42 2  65 30 59 
57 59 55 54 70 58 19 21 20 18 66 22 52 51 49 74 53 50 75 29 26 28 27 25 32 31 35 73 33 30 3  0  76 5  2  4  37 41 69 39 36 38 11 9  71 7  10 6  72 64 65 63 61 60 15 68 16 17 14 13 44 47 42 67 45 43 24 8  48 40 12 23 46 1  62 34 56 
56 58 54 59 55 57 66 18 21 23 22 20 49 52 48 53 51 74 26 75 24 27 29 28 34 35 30 31 32 33 0  2  3  4  5  1  39 38 36 69 40 37 9  10 11 6  7  8  61 63 64 62 60 65 12 16 14 13 15 68 46 42 45 43 44 47 25 71 50 41 17 19 67 76 72 73 70 
58 54 70 55 56 59 23 20 22 21 19 66 51 53 52 50 74 48 29 27 75 25 28 24 33 73 31 34 30 35 76 3  1  2  0  5  38 40 39 37 69 41 71 11 8  10 9  7  62 65 60 64 72 61 14 13 68 12 16 17 45 43 47 46 42 67 26 6  49 36 15 18 44 4  63 32 57 
55 56 58 57 59 70 20 19 23 66 21 18 50 48 74 52 49 51 25 24 28 75 26 29 31 33 32 30 73 34 5  4  2  76 1  3  36 39 41 40 38 69 7  6  10 71 8  11 65 72 62 61 64 63 13 15 12 16 17 14 43 44 46 42 67 45 27 9  53 37 68 22 47 0  60 35 54 
29 28 24 25 26 27 53 48 49 50 51 52 7  10 6  11 9  71 13 17 68 15 12 14 23 22 20 66 18 21 54 59 55 57 58 56 3  1  2  0  5  76 67 43 46 42 47 45 31 32 33 34 35 30 62 65 64 61 63 60 40 39 69 38 36 37 16 44 8  4  72 74 41 70 73 19 75 
27 25 26 24 75 28 74 49 52 48 53 51 10 9  7  71 11 8  17 12 13 14 15 16 18 66 22 19 21 20 55 54 70 58 59 57 76 4  0  3  2  1  46 67 44 47 43 42 73 33 30 32 31 35 63 60 65 72 64 61 36 37 39 41 69 38 68 45 6  5  62 50 40 56 34 23 29 
75 27 25 28 24 29 51 50 48 74 52 49 6  7  8  9  10 11 68 13 16 12 17 15 19 20 21 22 23 18 59 58 54 56 57 70 0  76 5  2  4  3  43 47 67 45 42 44 35 34 32 73 30 33 72 64 63 60 62 65 41 69 36 37 40 39 14 46 71 1  61 53 38 55 31 66 26 
25 26 29 75 27 24 48 51 53 52 50 74 11 71 9  6  8  7  15 14 12 68 16 13 20 23 19 18 22 66 56 70 57 54 55 59 4  2  76 1  3  5  45 44 42 67 46 43 32 35 31 30 34 73 65 72 61 63 60 62 39 41 38 36 37 40 17 47 10 0  64 49 69 58 33 21 28 
28 24 75 26 29 25 50 52 51 49 74 53 9  11 10 8  71 6  12 15 17 16 14 68 21 19 66 23 20 22 70 55 56 59 54 58 1  5  3  76 0  4  44 46 45 43 67 47 34 30 35 33 73 31 64 61 60 62 65 72 69 38 37 40 39 41 13 42 7  2  63 48 36 57 32 18 27 
24 75 27 29 28 26 49 53 74 51 48 50 71 8  11 7  6  10 14 16 15 13 68 17 22 18 23 21 66 19 57 56 58 55 70 54 5  0  1  4  76 2  42 45 47 46 44 67 33 31 73 35 32 34 60 62 72 64 61 63 37 40 41 69 38 36 12 43 9  3  65 52 39 59 30 20 25 
72 63 65 64 60 62 47 46 44 67 42 45 36 69 40 37 39 38 35 31 30 34 73 32 71 10 7  9  8  6  16 14 68 12 15 17 24 75 28 25 27 26 2  5  0  1  4  76 74 49 52 48 53 51 19 21 18 22 23 20 70 58 57 54 56 59 33 3  41 29 66 43 55 13 50 11 61 
65 61 62 72 63 60 44 47 43 42 46 67 38 41 37 36 40 69 32 33 34 35 30 31 10 8  71 6  9  11 12 17 15 68 13 16 27 25 75 29 26 28 1  76 4  0  3  2  52 74 50 53 49 48 20 19 66 18 22 23 59 70 55 57 54 56 73 5  39 24 21 45 58 14 51 7  64 
64 60 72 61 62 65 46 42 47 45 67 43 37 38 39 40 41 36 34 32 73 30 33 35 7  71 11 8  10 9  17 13 12 16 68 14 29 28 26 75 24 27 76 3  1  2  0  5  49 53 74 51 48 50 21 66 22 23 20 19 58 55 54 56 59 70 31 4  69 25 18 44 57 15 52 6  63 
60 72 63 62 64 61 45 43 67 47 44 46 41 40 38 69 36 39 33 30 32 31 35 73 9  6  8  7  11 71 15 12 14 13 17 68 28 24 29 27 75 25 4  1  5  3  76 0  51 50 48 74 52 49 22 23 19 21 66 18 54 56 70 58 55 57 34 2  37 26 20 42 59 16 53 10 65 
62 64 60 65 61 63 43 44 45 46 47 42 69 39 36 38 37 41 31 73 35 32 34 33 8  9  10 11 6  7  68 16 13 15 14 12 26 29 25 24 28 75 0  2  3  4  5  1  50 52 51 49 74 53 23 20 21 66 18 22 56 59 58 55 57 54 30 76 40 27 19 67 70 17 48 71 72 
63 65 61 60 72 64 67 45 42 44 43 47 39 37 69 41 38 40 73 34 31 33 32 30 6  11 9  71 7  10 13 68 17 14 16 15 75 27 24 26 25 29 3  0  76 5  2  4  48 51 53 52 50 74 18 22 20 19 21 66 57 54 59 70 58 55 35 1  36 28 23 46 56 12 49 8  62 
37 41 36 40 69 38 64 61 72 60 63 62 73 34 31 33 32 30 5  2  4  3  0  76 68 15 12 14 13 17 44 46 45 43 67 47 7  9  8  6  71 10 18 23 21 66 19 22 28 26 75 24 27 29 70 58 57 54 56 59 51 50 74 49 53 48 1  20 35 11 55 65 52 42 25 16 39 
36 39 38 37 41 69 72 64 65 63 61 60 30 35 33 73 31 34 76 1  3  5  4  2  15 13 68 17 14 16 43 47 67 45 42 44 71 6  9  11 10 8  66 22 19 21 20 18 75 28 25 27 26 24 59 70 55 57 54 56 48 51 52 74 49 53 0  23 32 7  58 62 50 46 29 12 40 
69 37 41 38 40 39 62 65 60 64 72 61 35 31 30 34 73 32 1  4  76 2  5  0  14 17 13 12 16 68 67 43 46 42 47 45 8  7  11 71 9  6  19 66 23 20 22 21 29 25 24 28 75 26 54 56 70 58 55 57 49 53 51 50 52 74 3  18 33 10 59 63 48 44 27 15 36 
41 36 39 69 37 40 60 62 63 72 65 64 32 33 34 35 30 31 0  3  2  1  76 4  17 16 14 68 12 15 42 45 47 46 44 67 9  71 7  10 6  11 20 21 22 23 18 19 24 29 27 75 25 28 57 54 59 70 58 55 74 49 48 51 50 52 5  66 73 8  56 61 53 43 26 13 38 
39 38 40 41 36 37 63 60 61 65 62 72 31 73 35 32 34 33 4  5  1  0  2  3  16 12 17 15 68 13 46 67 44 47 43 42 6  10 71 8  11 7  23 19 18 22 66 20 27 24 26 25 29 75 55 57 56 59 70 58 52 74 53 48 51 50 76 21 30 9  54 64 49 45 28 14 69 
40 69 37 39 38 36 61 63 64 62 60 65 33 30 32 31 35 73 3  76 0  4  1  5  12 68 16 13 15 14 47 42 43 44 45 46 11 8  10 9  7  71 22 20 66 18 21 23 26 27 28 29 24 25 58 55 54 56 59 70 50 52 49 53 48 51 2  19 34 6  57 72 74 67 75 17 41 
51 74 48 50 49 53 58 55 70 54 57 56 75 29 26 28 27 25 7  10 6  11 9  71 0  4  1  5  3  76 18 23 21 66 19 22 33 35 34 32 73 30 15 12 14 13 17 68 69 38 41 37 36 40 47 46 67 45 43 44 72 64 63 60 62 65 8  16 24 31 42 59 61 20 39 2  52 
48 52 53 51 74 49 70 58 59 57 55 54 25 24 28 75 26 29 71 8  11 7  6  10 4  3  0  76 5  2  66 22 19 21 20 18 73 32 35 31 30 34 13 68 17 14 16 15 41 69 39 36 38 37 44 47 42 67 45 43 65 72 61 63 60 62 9  12 27 33 46 56 64 23 40 1  50 
49 51 74 53 50 52 56 59 54 58 70 55 24 26 25 29 75 27 8  6  71 10 7  9  5  76 3  1  2  0  19 66 23 20 22 21 34 33 31 73 35 32 17 13 12 16 68 14 40 39 37 69 41 38 45 43 47 46 42 67 60 62 72 64 61 63 11 15 28 30 44 57 65 18 36 4  48 
74 48 52 49 51 50 54 56 57 70 59 58 27 28 29 24 25 26 9  11 10 8  71 6  76 2  5  0  1  4  20 21 22 23 18 19 35 73 33 30 32 31 16 14 68 12 15 17 37 40 36 41 39 69 67 45 44 47 46 42 63 60 65 72 64 61 7  13 75 34 43 55 62 66 38 3  53 
52 53 50 74 48 51 57 54 55 59 56 70 26 75 24 27 29 28 6  7  8  9  10 11 2  1  76 4  0  3  23 19 18 22 66 20 32 30 73 34 31 33 12 17 15 68 13 16 36 37 38 39 40 41 42 67 43 44 47 46 61 63 62 65 72 64 71 14 25 35 45 58 60 21 69 5  49 
50 49 51 52 53 48 55 57 58 56 54 59 28 25 27 26 24 75 11 71 9  6  8  7  1  0  2  3  4  5  22 20 66 18 21 23 31 34 30 35 33 73 68 16 13 15 14 12 38 36 69 40 37 39 46 42 45 43 44 47 64 61 60 62 65 72 10 17 29 32 67 70 63 19 41 76 74 
32 30 31 35 73 33 41 69 39 36 38 37 2  0  5  76 3  1  23 18 19 20 21 22 44 43 47 67 45 42 61 60 72 64 65 63 17 15 68 13 16 12 55 54 70 58 59 57 71 7  10 6  11 9  48 51 52 74 49 53 27 24 25 75 28 26 66 56 4  14 50 40 29 62 8  46 34 
26 29 28 27 25 75 52 74 50 53 49 48 8  6  71 10 7  9  16 68 14 17 13 12 66 21 18 20 19 23 58 57 59 70 56 55 2  3  4  5  1  0  47 42 43 44 45 46 30 73 34 31 33 32 61 63 62 65 72 64 38 36 40 39 41 69 15 67 11 76 60 51 37 54 35 22 24 
9  71 6  8  7  11 28 26 75 24 27 29 17 12 13 14 15 16 45 42 44 43 47 67 54 57 56 58 55 70 48 50 49 53 74 51 21 22 23 18 19 20 63 62 64 61 72 60 5  3  76 0  4  1  37 40 41 69 38 36 35 34 73 33 31 32 46 65 68 66 39 25 30 52 2  59 10 
59 55 56 70 57 54 18 22 66 20 23 19 53 74 51 48 50 49 27 28 29 24 25 26 30 34 73 32 35 31 1  76 4  0  3  2  41 36 37 38 39 40 8  71 6  9  11 10 63 60 61 65 62 72 16 17 13 15 68 12 42 67 43 44 47 46 75 7  52 69 14 21 45 5  64 33 58 
38 40 69 36 39 41 65 72 62 61 64 63 34 32 73 30 33 35 2  0  5  76 3  1  13 14 15 16 17 12 45 44 42 67 46 43 10 11 6  7  8  9  21 18 20 19 23 66 25 75 29 26 28 27 56 59 58 55 57 54 53 48 50 52 74 49 4  22 31 71 70 60 51 47 24 68 37 
13 12 14 15 16 17 11 6  7  8  9  10 46 44 67 42 45 47 65 60 64 72 61 62 53 49 48 52 74 50 28 27 25 75 29 26 59 55 57 58 56 54 69 36 39 41 40 38 20 19 23 66 21 18 31 32 34 30 73 33 3  4  1  2  76 5  63 37 43 70 35 71 0  24 22 51 68 
53 50 49 48 52 74 59 70 56 55 58 57 29 27 75 25 28 24 10 9  7  71 11 8  3  5  4  2  76 1  21 18 20 19 23 66 30 31 32 33 34 35 14 15 16 17 12 13 39 41 40 38 69 36 43 44 46 42 67 45 62 65 64 61 63 60 6  68 26 73 47 54 72 22 37 0  51 
66 23 21 18 20 19 2  76 1  3  5  4  56 57 70 59 58 54 52 51 49 74 53 50 38 69 36 39 41 40 35 30 31 32 33 34 65 61 63 64 62 60 28 27 25 75 29 26 42 67 46 43 45 44 11 6  8  10 71 7  13 15 12 16 17 14 48 24 55 72 9  0  68 73 47 37 22 
61 62 64 63 65 72 42 67 46 43 45 44 40 36 41 39 69 37 30 35 33 73 31 34 11 7  6  10 71 8  14 15 16 17 12 13 25 26 27 28 29 24 5  4  2  76 1  3  53 48 49 50 51 52 66 18 23 20 19 21 55 57 56 59 70 58 32 0  38 75 22 47 54 68 74 9  60 
43 46 45 44 42 67 16 17 12 13 14 15 62 63 72 65 64 60 39 37 69 41 38 40 29 24 25 26 27 28 7  6  10 71 8  11 52 53 48 49 50 51 33 32 30 73 34 31 59 70 56 55 58 57 3  4  1  2  76 5  66 18 23 20 19 21 36 35 61 74 0  68 22 9  54 75 47 
1  5  0  2  3  4  30 73 34 31 33 32 23 18 19 20 21 22 59 54 58 70 55 56 61 64 63 65 72 62 69 36 39 41 40 38 42 43 44 45 46 47 49 48 52 74 50 53 16 17 12 13 14 15 26 27 29 25 75 28 11 6  8  10 71 7  57 51 66 67 24 35 9  37 68 60 76 
