75 76 72 69 74 68 66 73 67 70 19 11 61 15 13 16 18 12 10 17 49 40 64 45 43 46 48 42 41 47 8  0  65 4  2  5  7  1  9  6  52 59 60 55 53 56 58 50 51 57 63 39 31 35 33 36 38 32 30 37 34 14 44 3  54 71 62 22 20 25 27 23 26 29 28 21 24
72 66 76 74 68 67 70 69 75 71 14 15 12 61 16 18 17 19 13 11 44 45 42 64 46 48 47 49 43 40 3  4  1  65 5  7  6  8  2  0  55 54 50 60 56 58 57 59 53 52 32 34 35 63 36 38 37 39 33 31 30 10 41 9  51 73 22 29 23 62 21 26 28 24 27 25 20
73 74 69 76 66 70 68 72 71 67 17 10 16 13 61 12 19 18 15 14 47 41 46 43 64 42 49 48 45 44 6  9  5  2  65 1  8  7  4  3  51 57 56 53 60 50 59 58 55 54 36 37 30 33 63 32 39 38 35 34 31 11 40 0  52 75 26 28 25 23 24 62 22 27 29 20 21
68 75 67 71 73 69 72 70 74 76 61 18 11 17 14 10 13 15 19 16 64 48 40 47 44 41 43 45 49 46 65 7  0  6  3  9  2  4  8  5  58 60 52 57 54 51 53 55 59 56 31 63 38 37 34 30 33 35 39 36 32 12 42 1  50 66 21 25 29 27 26 24 20 62 23 28 22
70 73 71 75 72 76 69 67 66 74 16 19 10 14 11 15 61 13 17 12 46 49 41 44 40 45 64 43 47 42 5  8  9  3  0  4  65 2  6  1  59 56 51 54 52 55 60 53 57 50 30 36 39 34 31 35 63 33 37 32 38 18 48 7  58 68 20 23 27 24 22 21 25 26 62 29 28
67 72 75 73 69 74 76 71 68 66 12 17 15 11 10 13 16 61 14 18 42 47 45 40 41 43 46 64 44 48 1  6  4  0  9  2  5  65 3  7  57 50 55 52 51 53 56 60 54 58 35 32 37 31 30 33 36 63 34 38 39 19 49 8  59 70 25 62 24 21 28 20 23 22 26 27 29
69 68 74 66 70 71 67 76 73 75 11 13 18 16 12 19 14 17 61 10 40 43 48 46 42 49 44 47 64 41 0  2  7  5  1  8  3  6  65 9  53 52 58 56 50 59 54 57 60 51 38 31 33 36 32 39 34 37 63 30 35 15 45 4  55 72 28 27 62 26 20 22 29 21 24 23 25
66 71 70 67 75 72 73 68 76 69 13 12 14 19 17 11 15 10 18 61 43 42 44 49 47 40 45 41 48 64 2  1  3  8  6  0  4  9  7  65 50 53 54 59 57 52 55 51 58 60 34 33 32 39 37 31 35 30 38 63 36 16 46 5  56 74 24 20 28 29 62 27 21 23 25 22 26
71 69 73 72 76 66 74 75 70 68 18 14 13 10 15 61 12 16 11 19 48 44 43 41 45 64 42 46 40 49 7  3  2  9  4  65 1  5  0  8  54 58 53 51 55 60 50 56 52 59 33 38 34 30 35 63 32 36 31 39 37 17 47 6  57 67 23 26 21 20 29 25 62 28 22 24 27
76 70 66 68 67 75 71 74 72 73 10 61 19 12 18 17 11 14 16 15 41 64 49 42 48 47 40 44 46 45 9  65 8  1  7  6  0  3  5  4  60 51 59 50 58 57 52 54 56 55 39 30 63 32 38 37 31 34 36 35 33 13 43 2  53 69 29 24 26 22 25 28 27 20 21 62 23
64 49 42 48 47 40 44 46 45 41 73 76 70 66 68 67 75 71 74 72 20 62 29 22 28 27 21 24 26 25 51 60 59 50 58 57 52 54 56 55 61 10 19 12 18 17 11 14 16 15 8  9  65 1  7  6  0  3  5  4  2  69 23 53 13 43 39 34 36 32 35 38 37 30 31 63 33
40 64 45 43 46 48 42 41 47 49 70 75 76 72 69 74 68 66 73 67 29 21 62 25 23 26 28 22 20 27 59 52 60 55 53 56 58 50 51 57 11 19 61 15 13 16 18 12 10 17 65 8  0  4  2  5  7  1  9  6  3  71 24 54 14 44 63 32 30 35 37 33 36 39 38 31 34
45 42 64 46 48 47 49 43 40 44 71 72 66 76 74 68 67 70 69 75 24 25 22 62 26 28 27 29 23 21 54 55 50 60 56 58 57 59 53 52 15 14 12 61 16 18 17 19 13 11 1  3  4  65 5  7  6  8  2  0  9  73 20 51 10 41 32 39 33 63 31 36 38 34 37 35 30
41 46 43 64 42 49 48 45 44 47 67 73 74 69 76 66 70 68 72 71 27 20 26 23 62 22 29 28 25 24 57 51 56 53 60 50 59 58 55 54 10 17 16 13 61 12 19 18 15 14 5  6  9  2  65 1  8  7  4  3  0  75 21 52 11 40 36 38 35 33 34 63 32 37 39 30 31
48 40 47 44 41 43 45 49 46 64 76 68 75 67 71 73 69 72 70 74 62 28 21 27 24 20 23 25 29 26 60 58 52 57 54 51 53 55 59 56 18 61 11 17 14 10 13 15 19 16 0  65 7  6  3  9  2  4  8  5  1  66 22 50 12 42 31 35 39 37 36 34 30 63 33 38 32
49 41 44 40 45 64 43 47 42 46 74 70 73 71 75 72 76 69 67 66 26 29 20 24 21 25 62 23 27 22 56 59 51 54 52 55 60 53 57 50 19 16 10 14 11 15 61 13 17 12 9  5  8  3  0  4  65 2  6  1  7  68 28 58 18 48 30 33 37 34 32 31 35 36 63 39 38
47 45 40 41 43 46 64 44 48 42 66 67 72 75 73 69 74 76 71 68 22 27 25 21 20 23 26 62 24 28 50 57 55 52 51 53 56 60 54 58 17 12 15 11 10 13 16 61 14 18 4  1  6  0  9  2  5  65 3  7  8  70 29 59 19 49 35 63 34 31 38 30 33 32 36 37 39
43 48 46 42 49 44 47 64 41 40 75 69 68 74 66 70 71 67 76 73 21 23 28 26 22 29 24 27 62 20 52 53 58 56 50 59 54 57 60 51 13 11 18 16 12 19 14 17 61 10 7  0  2  5  1  8  3  6  65 9  4  72 25 55 15 45 38 37 63 36 30 32 39 31 34 33 35
42 44 49 47 40 45 41 48 64 43 69 66 71 70 67 75 72 73 68 76 23 22 24 29 27 21 25 20 28 62 53 50 54 59 57 52 55 51 58 60 12 13 14 19 17 11 15 10 18 61 3  2  1  8  6  0  4  9  7  65 5  74 26 56 16 46 34 30 38 39 63 37 31 33 35 32 36
44 43 41 45 64 42 46 40 49 48 68 71 69 73 72 76 66 74 75 70 28 24 23 20 25 62 22 26 21 29 58 54 53 51 55 60 50 56 52 59 14 18 13 10 15 61 12 16 11 19 2  7  3  9  4  65 1  5  0  8  6  67 27 57 17 47 33 36 31 30 39 35 63 38 32 34 37
61 19 12 18 17 11 14 16 15 10 51 60 59 50 58 57 52 54 56 55 73 76 70 66 68 67 75 71 74 72 30 63 39 32 38 37 31 34 36 35 65 9  8  1  7  6  0  3  5  4  29 20 62 22 28 27 21 24 26 25 23 53 69 33 2  13 49 44 46 42 45 48 47 41 40 64 43
11 61 15 13 16 18 12 10 17 19 59 52 60 55 53 56 58 50 51 57 70 75 76 72 69 74 68 66 73 67 39 31 63 35 33 36 38 32 30 37 0  8  65 4  2  5  7  1  9  6  62 29 21 25 23 26 28 22 20 27 24 54 71 34 3  14 64 42 41 45 47 43 46 49 48 40 44
15 12 61 16 18 17 19 13 11 14 54 55 50 60 56 58 57 59 53 52 71 72 66 76 74 68 67 70 69 75 34 35 32 63 36 38 37 39 33 31 4  3  1  65 5  7  6  8  2  0  22 24 25 62 26 28 27 29 23 21 20 51 73 30 9  10 42 49 43 64 40 46 48 44 47 45 41
10 16 13 61 12 19 18 15 14 17 57 51 56 53 60 50 59 58 55 54 67 73 74 69 76 66 70 68 72 71 37 30 36 33 63 32 39 38 35 34 9  6  5  2  65 1  8  7  4  3  26 27 20 23 62 22 29 28 25 24 21 52 75 31 0  11 46 48 45 43 44 64 42 47 49 41 40
18 11 17 14 10 13 15 19 16 61 60 58 52 57 54 51 53 55 59 56 76 68 75 67 71 73 69 72 70 74 63 38 31 37 34 30 33 35 39 36 7  65 0  6  3  9  2  4  8  5  21 62 28 27 24 20 23 25 29 26 22 50 66 32 1  12 40 45 49 47 46 44 41 64 43 48 42
19 10 14 11 15 61 13 17 12 16 56 59 51 54 52 55 60 53 57 50 74 70 73 71 75 72 76 69 67 66 36 39 30 34 31 35 63 33 37 32 8  5  9  3  0  4  65 2  6  1  20 26 29 24 21 25 62 23 27 22 28 58 68 38 7  18 41 43 47 44 42 40 45 46 64 49 48
17 15 11 10 13 16 61 14 18 12 50 57 55 52 51 53 56 60 54 58 66 67 72 75 73 69 74 76 71 68 32 37 35 31 30 33 36 63 34 38 6  1  4  0  9  2  5  65 3  7  25 22 27 21 20 23 26 62 24 28 29 59 70 39 8  19 45 64 44 40 48 41 43 42 46 47 49
13 18 16 12 19 14 17 61 10 11 52 53 58 56 50 59 54 57 60 51 75 69 68 74 66 70 71 67 76 73 31 33 38 36 32 39 34 37 63 30 2  0  7  5  1  8  3  6  65 9  28 21 23 26 22 29 24 27 62 20 25 55 72 35 4  15 48 47 64 46 41 42 49 40 44 43 45
12 14 19 17 11 15 10 18 61 13 53 50 54 59 57 52 55 51 58 60 69 66 71 70 67 75 72 73 68 76 33 32 34 39 37 31 35 30 38 63 1  2  3  8  6  0  4  9  7  65 24 23 22 29 27 21 25 20 28 62 26 56 74 36 5  16 44 41 48 49 64 47 40 43 45 42 46
14 13 10 15 61 12 16 11 19 18 58 54 53 51 55 60 50 56 52 59 68 71 69 73 72 76 66 74 75 70 38 34 33 30 35 63 32 36 31 39 3  7  2  9  4  65 1  5  0  8  23 28 24 20 25 62 22 26 21 29 27 57 67 37 6  17 43 46 40 41 49 45 64 48 42 44 47
63 39 32 38 37 31 34 36 35 30 20 62 29 22 28 27 21 24 26 25 9  65 8  1  7  6  0  3  5  4  73 76 70 66 68 67 75 71 74 72 64 41 49 42 48 47 40 44 46 45 19 10 61 12 18 17 11 14 16 15 13 23 2  69 43 33 59 54 56 50 55 58 57 51 52 60 53
31 63 35 33 36 38 32 30 37 39 29 21 62 25 23 26 28 22 20 27 8  0  65 4  2  5  7  1  9  6  70 75 76 72 69 74 68 66 73 67 40 49 64 45 43 46 48 42 41 47 61 19 11 15 13 16 18 12 10 17 14 24 3  71 44 34 60 50 51 55 57 53 56 59 58 52 54
35 32 63 36 38 37 39 33 31 34 24 25 22 62 26 28 27 29 23 21 3  4  1  65 5  7  6  8  2  0  71 72 66 76 74 68 67 70 69 75 45 44 42 64 46 48 47 49 43 40 12 14 15 61 16 18 17 19 13 11 10 20 9  73 41 30 50 59 53 60 52 56 58 54 57 55 51
30 36 33 63 32 39 38 35 34 37 27 20 26 23 62 22 29 28 25 24 6  9  5  2  65 1  8  7  4  3  67 73 74 69 76 66 70 68 72 71 41 47 46 43 64 42 49 48 45 44 16 17 10 13 61 12 19 18 15 14 11 21 0  75 40 31 56 58 55 53 54 60 50 57 59 51 52
38 31 37 34 30 33 35 39 36 63 62 28 21 27 24 20 23 25 29 26 65 7  0  6  3  9  2  4  8  5  76 68 75 67 71 73 69 72 70 74 48 64 40 47 44 41 43 45 49 46 11 61 18 17 14 10 13 15 19 16 12 22 1  66 42 32 52 55 59 57 56 54 51 60 53 58 50
39 30 34 31 35 63 33 37 32 36 26 29 20 24 21 25 62 23 27 22 5  8  9  3  0  4  65 2  6  1  74 70 73 71 75 72 76 69 67 66 49 46 41 44 40 45 64 43 47 42 10 16 19 14 11 15 61 13 17 12 18 28 7  68 48 38 51 53 57 54 50 52 55 56 60 59 58
37 35 31 30 33 36 63 34 38 32 22 27 25 21 20 23 26 62 24 28 1  6  4  0  9  2  5  65 3  7  66 67 72 75 73 69 74 76 71 68 47 42 45 40 41 43 46 64 44 48 15 12 17 11 10 13 16 61 14 18 19 29 8  70 49 39 55 60 54 52 58 51 53 50 56 57 59
33 38 36 32 39 34 37 63 30 31 21 23 28 26 22 29 24 27 62 20 0  2  7  5  1  8  3  6  65 9  75 69 68 74 66 70 71 67 76 73 43 40 48 46 42 49 44 47 64 41 18 11 13 16 12 19 14 17 61 10 15 25 4  72 45 35 58 57 60 56 51 50 59 52 54 53 55
32 34 39 37 31 35 30 38 63 33 23 22 24 29 27 21 25 20 28 62 2  1  3  8  6  0  4  9  7  65 69 66 71 70 67 75 72 73 68 76 42 43 44 49 47 40 45 41 48 64 14 13 12 19 17 11 15 10 18 61 16 26 5  74 46 36 54 51 58 59 60 57 52 53 55 50 56
34 33 30 35 63 32 36 31 39 38 28 24 23 20 25 62 22 26 21 29 7  3  2  9  4  65 1  5  0  8  68 71 69 73 72 76 66 74 75 70 44 48 43 41 45 64 42 46 40 49 13 18 14 10 15 61 12 16 11 19 17 27 6  67 47 37 53 56 52 51 59 55 60 58 50 54 57
21 62 25 23 26 28 22 20 27 29 49 40 64 45 43 46 48 42 41 47 39 31 63 35 33 36 38 32 30 37 19 11 61 15 13 16 18 12 10 17 75 70 76 72 69 74 68 66 73 67 60 59 52 55 53 56 58 50 51 57 54 44 34 14 71 24 65 1  9  4  6  2  5  8  7  0  3
62 29 22 28 27 21 24 26 25 20 41 64 49 42 48 47 40 44 46 45 30 63 39 32 38 37 31 34 36 35 10 61 19 12 18 17 11 14 16 15 76 73 70 66 68 67 75 71 74 72 59 51 60 50 58 57 52 54 56 55 53 43 33 13 69 23 8  3  5  1  4  7  6  9  0  65 2
25 22 62 26 28 27 29 23 21 24 44 45 42 64 46 48 47 49 43 40 34 35 32 63 36 38 37 39 33 31 14 15 12 61 16 18 17 19 13 11 72 71 66 76 74 68 67 70 69 75 50 54 55 60 56 58 57 59 53 52 51 41 30 10 73 20 1  8  2  65 0  5  7  3  6  4  9
20 26 23 62 22 29 28 25 24 27 47 41 46 43 64 42 49 48 45 44 37 30 36 33 63 32 39 38 35 34 17 10 16 13 61 12 19 18 15 14 73 67 74 69 76 66 70 68 72 71 56 57 51 53 60 50 59 58 55 54 52 40 31 11 75 21 5  7  4  2  3  65 1  6  8  9  0
28 21 27 24 20 23 25 29 26 62 64 48 40 47 44 41 43 45 49 46 63 38 31 37 34 30 33 35 39 36 61 18 11 17 14 10 13 15 19 16 68 76 75 67 71 73 69 72 70 74 52 60 58 57 54 51 53 55 59 56 50 42 32 12 66 22 0  4  8  6  5  3  9  65 2  7  1
29 20 24 21 25 62 23 27 22 26 46 49 41 44 40 45 64 43 47 42 36 39 30 34 31 35 63 33 37 32 16 19 10 14 11 15 61 13 17 12 70 74 73 71 75 72 76 69 67 66 51 56 59 54 52 55 60 53 57 50 58 48 38 18 68 28 9  2  6  3  1  0  4  5  65 8  7
27 25 21 20 23 26 62 24 28 22 42 47 45 40 41 43 46 64 44 48 32 37 35 31 30 33 36 63 34 38 12 17 15 11 10 13 16 61 14 18 67 66 72 75 73 69 74 76 71 68 55 50 57 52 51 53 56 60 54 58 59 49 39 19 70 29 4  65 3  0  7  9  2  1  5  6  8
23 28 26 22 29 24 27 62 20 21 40 43 48 46 42 49 44 47 64 41 31 33 38 36 32 39 34 37 63 30 11 13 18 16 12 19 14 17 61 10 69 75 68 74 66 70 71 67 76 73 58 52 53 56 50 59 54 57 60 51 55 45 35 15 72 25 7  6  65 5  9  1  8  0  3  2  4
22 24 29 27 21 25 20 28 62 23 43 42 44 49 47 40 45 41 48 64 33 32 34 39 37 31 35 30 38 63 13 12 14 19 17 11 15 10 18 61 66 69 71 70 67 75 72 73 68 76 54 53 50 59 57 52 55 51 58 60 56 46 36 16 74 26 3  9  7  8  65 6  0  2  4  1  5
24 23 20 25 62 22 26 21 29 28 48 44 43 41 45 64 42 46 40 49 38 34 33 30 35 63 32 36 31 39 18 14 13 10 15 61 12 16 11 19 71 68 69 73 72 76 66 74 75 70 53 58 54 51 55 60 50 56 52 59 57 47 37 17 67 27 2  5  0  9  8  4  65 7  1  3  6
4  1  65 5  7  6  8  2  0  3  34 35 32 63 36 38 37 39 33 31 54 55 50 60 56 58 57 59 53 52 44 45 42 64 46 48 47 49 43 40 25 24 22 62 26 28 27 29 23 21 66 71 72 76 74 68 67 70 69 75 73 30 51 41 20 9  12 19 13 61 11 16 18 14 17 15 10
65 8  1  7  6  0  3  5  4  9  30 63 39 32 38 37 31 34 36 35 51 60 59 50 58 57 52 54 56 55 41 64 49 42 48 47 40 44 46 45 62 20 29 22 28 27 21 24 26 25 70 73 76 66 68 67 75 71 74 72 69 33 53 43 23 2  19 14 16 12 15 18 17 10 11 61 13
0  65 4  2  5  7  1  9  6  8  39 31 63 35 33 36 38 32 30 37 59 52 60 55 53 56 58 50 51 57 49 40 64 45 43 46 48 42 41 47 21 29 62 25 23 26 28 22 20 27 76 70 75 72 69 74 68 66 73 67 71 34 54 44 24 3  61 12 10 15 17 13 16 19 18 11 14
9  5  2  65 1  8  7  4  3  6  37 30 36 33 63 32 39 38 35 34 57 51 56 53 60 50 59 58 55 54 47 41 46 43 64 42 49 48 45 44 20 27 26 23 62 22 29 28 25 24 74 67 73 69 76 66 70 68 72 71 75 31 52 40 21 0  16 18 15 13 14 61 12 17 19 10 11
7  0  6  3  9  2  4  8  5  65 63 38 31 37 34 30 33 35 39 36 60 58 52 57 54 51 53 55 59 56 64 48 40 47 44 41 43 45 49 46 28 62 21 27 24 20 23 25 29 26 75 76 68 67 71 73 69 72 70 74 66 32 50 42 22 1  11 15 19 17 16 14 10 61 13 18 12
8  9  3  0  4  65 2  6  1  5  36 39 30 34 31 35 63 33 37 32 56 59 51 54 52 55 60 53 57 50 46 49 41 44 40 45 64 43 47 42 29 26 20 24 21 25 62 23 27 22 73 74 70 71 75 72 76 69 67 66 68 38 58 48 28 7  10 13 17 14 12 11 15 16 61 19 18
6  4  0  9  2  5  65 3  7  1  32 37 35 31 30 33 36 63 34 38 50 57 55 52 51 53 56 60 54 58 42 47 45 40 41 43 46 64 44 48 27 22 25 21 20 23 26 62 24 28 72 66 67 75 73 69 74 76 71 68 70 39 59 49 29 8  15 61 14 11 18 10 13 12 16 17 19
2  7  5  1  8  3  6  65 9  0  31 33 38 36 32 39 34 37 63 30 52 53 58 56 50 59 54 57 60 51 40 43 48 46 42 49 44 47 64 41 23 21 28 26 22 29 24 27 62 20 68 75 69 74 66 70 71 67 76 73 72 35 55 45 25 4  18 17 61 16 10 12 19 11 14 13 15
1  3  8  6  0  4  9  7  65 2  33 32 34 39 37 31 35 30 38 63 53 50 54 59 57 52 55 51 58 60 43 42 44 49 47 40 45 41 48 64 22 23 24 29 27 21 25 20 28 62 71 69 66 70 67 75 72 73 68 76 74 36 56 46 26 5  14 10 18 19 61 17 11 13 15 12 16
3  2  9  4  65 1  5  0  8  7  38 34 33 30 35 63 32 36 31 39 58 54 53 51 55 60 50 56 52 59 48 44 43 41 45 64 42 46 40 49 24 28 23 20 25 62 22 26 21 29 69 68 71 73 72 76 66 74 75 70 67 37 57 47 27 6  13 16 11 10 19 15 61 18 12 14 17
5  6  7  8  3  9  0  1  2  4  35 36 37 38 39 34 30 31 32 33 55 56 57 58 59 54 51 52 50 53 45 46 47 48 49 44 41 40 42 43 26 25 27 28 29 24 20 21 22 23 67 72 74 68 70 71 73 75 66 69 76 63 60 64 62 65 17 11 12 18 13 19 14 15 10 16 61
46 47 48 49 44 41 40 42 43 45 72 74 67 68 70 71 73 75 66 69 25 26 27 28 29 24 20 21 22 23 55 56 57 58 59 54 51 52 50 53 16 15 17 18 19 14 10 11 12 13 6  4  5  7  8  3  9  0  1  2  65 76 62 60 61 64 37 31 32 38 33 39 34 35 30 36 63
16 17 18 19 14 10 11 12 13 15 55 56 57 58 59 54 51 52 50 53 72 74 67 68 70 71 73 75 66 69 35 36 37 38 39 34 30 31 32 33 5  4  6  7  8  3  9  0  1  2  27 25 26 28 29 24 20 21 22 23 62 60 76 63 65 61 47 40 42 48 43 49 44 45 41 46 64
36 37 38 39 34 30 31 32 33 35 25 26 27 28 29 24 20 21 22 23 4  5  6  7  8  3  9  0  1  2  72 74 67 68 70 71 73 75 66 69 46 45 47 48 49 44 41 40 42 43 17 15 16 18 19 14 10 11 12 13 61 62 65 76 64 63 57 52 50 58 53 59 54 55 51 56 60
26 27 28 29 24 20 21 22 23 25 45 46 47 48 49 44 41 40 42 43 35 36 37 38 39 34 30 31 32 33 15 16 17 18 19 14 10 11 12 13 74 72 67 68 70 71 73 75 66 69 57 55 56 58 59 54 51 52 50 53 60 64 63 61 76 62 6  0  1  7  2  8  3  4  9  5  65
74 67 68 70 71 73 75 66 69 72 15 16 17 18 19 14 10 11 12 13 45 46 47 48 49 44 41 40 42 43 4  5  6  7  8  3  9  0  1  2  56 55 57 58 59 54 51 52 50 53 37 35 36 38 39 34 30 31 32 33 63 61 64 65 60 76 27 21 22 28 23 29 24 25 20 26 62
55 50 60 56 58 57 59 53 52 54 3  4  1  65 5  7  6  8  2  0  14 15 12 61 16 18 17 19 13 11 24 25 22 62 26 28 27 29 23 21 35 34 32 63 36 38 37 39 33 31 42 44 45 64 46 48 47 49 43 40 41 9  10 20 30 51 66 70 69 76 75 74 68 71 67 72 73
53 58 56 50 59 54 57 60 51 52 0  2  7  5  1  8  3  6  65 9  11 13 18 16 12 19 14 17 61 10 21 23 28 26 22 29 24 27 62 20 33 31 38 36 32 39 34 37 63 30 48 40 43 46 42 49 44 47 64 41 45 4  15 25 35 55 68 67 76 74 73 66 70 75 71 69 72
50 54 59 57 52 55 51 58 60 53 2  1  3  8  6  0  4  9  7  65 13 12 14 19 17 11 15 10 18 61 23 22 24 29 27 21 25 20 28 62 32 33 34 39 37 31 35 30 38 63 44 43 42 49 47 40 45 41 48 64 46 5  16 26 36 56 71 73 68 70 76 67 75 69 72 66 74
51 56 53 60 50 59 58 55 54 57 6  9  5  2  65 1  8  7  4  3  17 10 16 13 61 12 19 18 15 14 27 20 26 23 62 22 29 28 25 24 30 37 36 33 63 32 39 38 35 34 46 47 41 43 64 42 49 48 45 44 40 0  11 21 31 52 74 68 72 69 71 76 66 67 70 73 75
54 53 51 55 60 50 56 52 59 58 7  3  2  9  4  65 1  5  0  8  18 14 13 10 15 61 12 16 11 19 28 24 23 20 25 62 22 26 21 29 34 38 33 30 35 63 32 36 31 39 43 48 44 41 45 64 42 46 40 49 47 6  17 27 37 57 69 74 75 73 70 72 76 68 66 71 67
58 52 57 54 51 53 55 59 56 60 65 7  0  6  3  9  2  4  8  5  61 18 11 17 14 10 13 15 19 16 62 28 21 27 24 20 23 25 29 26 38 63 31 37 34 30 33 35 39 36 40 64 48 47 44 41 43 45 49 46 42 1  12 22 32 50 75 72 70 67 74 71 73 76 69 68 66
59 51 54 52 55 60 53 57 50 56 5  8  9  3  0  4  65 2  6  1  16 19 10 14 11 15 61 13 17 12 26 29 20 24 21 25 62 23 27 22 39 36 30 34 31 35 63 33 37 32 41 46 49 44 40 45 64 43 47 42 48 7  18 28 38 58 73 69 67 71 66 75 72 74 76 70 68
60 59 50 58 57 52 54 56 55 51 9  65 8  1  7  6  0  3  5  4  10 61 19 12 18 17 11 14 16 15 20 62 29 22 28 27 21 24 26 25 63 30 39 32 38 37 31 34 36 35 49 41 64 42 48 47 40 44 46 45 43 2  13 23 33 53 70 71 74 66 72 68 67 73 75 76 69
57 55 52 51 53 56 60 54 58 50 1  6  4  0  9  2  5  65 3  7  12 17 15 11 10 13 16 61 14 18 22 27 25 21 20 23 26 62 24 28 37 32 35 31 30 33 36 63 34 38 45 42 47 40 41 43 46 64 44 48 49 8  19 29 39 59 72 76 71 75 68 73 69 66 74 67 70
52 60 55 53 56 58 50 51 57 59 8  0  65 4  2  5  7  1  9  6  19 11 61 15 13 16 18 12 10 17 29 21 62 25 23 26 28 22 20 27 31 39 63 35 33 36 38 32 30 37 64 49 40 45 43 46 48 42 41 47 44 3  14 24 34 54 76 66 73 72 67 69 74 70 68 75 71
56 57 58 59 54 51 52 50 53 55 4  5  6  7  8  3  9  0  1  2  15 16 17 18 19 14 10 11 12 13 25 26 27 28 29 24 20 21 22 23 36 35 37 38 39 34 30 31 32 33 47 45 46 48 49 44 41 40 42 43 64 65 61 62 63 60 67 75 66 68 69 70 71 72 73 74 76
