70 4  2  5  0  1  64 63 61 68 65 62 30 33 35 34 32 67 53 72 51 48 50 49 59 57 71 56 54 55 20 23 19 18 22 76 16 14 69 12 15 17 39 36 38 37 41 74 9  7  75 11 8  10 44 42 45 46 47 73 28 24 29 27 66 25 58 21 26 31 3  43 6  40 13 60 52 
0  70 4  1  5  3  62 60 68 64 61 63 35 30 31 32 33 34 48 49 50 51 52 53 56 55 54 71 58 59 19 20 21 22 23 18 14 15 16 17 12 13 38 39 40 41 36 37 7  8  9  10 11 6  45 47 42 44 43 46 29 28 26 66 24 27 57 76 25 67 2  73 75 74 69 65 72 
5  0  70 3  1  2  63 65 64 62 68 60 31 35 67 33 30 32 51 53 52 50 72 48 71 59 58 54 57 56 21 19 76 23 20 22 15 12 14 13 17 69 40 38 74 36 39 41 8  11 7  6  10 75 42 43 47 45 73 44 26 29 25 24 28 66 55 18 27 34 4  46 9  37 16 61 49 
2  3  1  70 4  0  61 64 60 65 63 68 32 34 33 31 67 35 72 50 53 49 48 52 57 54 59 55 56 58 22 18 23 21 76 19 13 69 17 14 16 15 41 37 36 40 74 38 6  75 10 7  9  8  73 44 46 43 45 47 66 27 24 26 25 29 71 20 28 30 5  42 11 39 12 62 51 
4  2  3  0  70 5  68 62 65 61 60 64 33 32 30 67 34 31 49 52 48 53 51 72 55 58 56 59 71 57 23 22 20 76 18 21 69 16 13 15 14 12 36 41 39 74 37 40 75 9  6  8  7  11 46 45 44 73 42 43 24 66 28 25 27 26 54 19 29 35 1  47 10 38 17 63 50 
3  1  5  4  2  70 65 68 63 60 62 61 34 67 32 35 31 30 52 51 49 72 53 50 58 71 55 57 59 54 18 76 22 19 21 20 17 13 12 16 69 14 37 74 41 38 40 39 10 6  11 9  75 7  43 46 73 47 44 42 27 25 66 29 26 28 56 23 24 33 0  45 8  36 15 64 48 
40 38 39 37 74 41 75 7  10 6  11 9  53 49 48 52 72 50 73 47 44 46 45 43 33 34 35 30 31 32 68 61 64 60 65 63 56 71 59 58 54 57 14 16 15 13 69 17 3  2  1  70 4  0  27 24 66 25 28 26 18 76 22 19 21 20 67 62 23 51 36 29 5  12 55 8  42 
39 36 41 40 38 74 10 75 8  11 7  6  72 52 49 51 50 48 47 45 73 43 46 42 34 31 33 32 30 67 65 60 61 62 63 64 55 59 57 71 56 54 69 13 16 12 17 15 5  1  0  2  3  4  26 27 25 29 66 28 21 19 76 23 20 22 35 68 18 53 37 24 70 14 58 9  44 
37 74 40 36 41 39 7  11 75 9  6  8  51 48 50 49 53 72 44 73 42 45 47 46 35 33 67 31 34 30 62 64 63 61 68 65 54 58 71 55 57 59 12 15 17 16 14 69 4  70 2  5  0  1  24 29 28 66 26 27 23 22 20 76 18 21 32 60 19 52 38 25 3  13 56 10 43 
74 40 38 41 37 36 9  8  6  75 10 7  48 53 51 72 49 52 46 43 45 44 42 73 30 32 31 35 67 33 64 68 62 65 61 60 71 54 56 57 58 55 15 14 12 69 16 13 2  4  3  0  70 5  66 28 24 27 29 25 22 18 23 21 76 19 34 63 20 50 39 26 1  17 59 11 47 
41 37 74 39 36 38 8  10 9  7  75 11 50 51 52 53 48 49 45 46 47 42 43 44 31 30 34 67 32 35 63 62 60 68 64 61 58 57 54 59 55 56 17 12 13 14 15 16 70 0  4  1  5  3  28 26 29 24 25 66 20 23 19 18 22 76 33 65 21 72 40 27 2  69 71 6  73 
38 39 36 74 40 37 6  9  11 10 8  75 49 72 53 50 52 51 43 42 46 73 44 47 32 67 30 33 35 34 61 65 68 63 60 62 59 56 55 54 71 58 16 69 14 17 13 12 1  3  5  4  2  70 25 66 27 26 24 29 76 21 18 20 19 23 31 64 22 48 41 28 0  15 57 7  45 
63 62 64 65 60 61 27 24 26 25 29 66 69 13 16 12 17 15 56 55 54 71 58 59 41 74 39 36 38 37 46 73 44 47 43 42 1  3  5  4  2  70 9  75 7  10 6  11 19 21 20 18 76 22 31 34 67 35 32 30 72 52 49 51 50 48 40 45 53 14 68 33 23 8  0  28 57 
60 63 62 61 65 68 66 28 25 27 26 24 16 69 14 17 13 12 71 59 58 54 57 56 36 37 38 39 40 41 44 46 45 43 73 47 3  2  1  70 4  0  7  9  8  6  75 10 21 76 19 22 18 23 67 32 34 31 33 35 49 72 53 50 52 51 74 42 48 15 64 30 20 11 5  29 55 
62 64 68 60 63 65 25 66 29 26 28 27 13 17 69 15 12 14 59 57 71 56 54 55 37 40 36 41 39 74 73 43 46 42 47 45 5  1  0  2  3  4  75 6  9  11 10 8  20 19 23 76 21 18 35 67 31 30 34 33 52 50 72 48 51 53 38 44 49 16 61 32 22 7  70 24 58 
61 65 60 64 68 62 28 26 66 24 27 29 15 14 12 69 16 13 58 71 55 57 59 54 38 36 74 40 37 39 42 45 47 46 44 73 4  70 2  5  0  1  11 8  10 9  7  75 18 22 76 20 23 19 32 30 33 34 35 67 48 53 51 72 49 52 41 43 50 17 63 31 21 6  3  25 56 
65 60 63 68 61 64 24 29 27 66 25 28 14 16 15 13 69 17 54 56 57 58 55 71 39 41 40 38 74 36 45 44 42 73 46 43 2  4  3  0  70 5  8  7  11 75 9  6  76 18 21 23 22 20 34 33 32 67 30 31 53 49 48 52 72 50 37 47 51 12 62 35 19 10 1  26 59 
68 61 65 62 64 63 29 25 24 28 66 26 12 15 17 16 14 69 57 54 59 55 56 58 40 39 37 74 41 38 47 42 43 44 45 46 70 0  4  1  5  3  10 11 6  7  8  9  22 23 18 19 20 21 33 35 30 32 31 34 51 48 50 49 53 72 36 73 52 13 60 67 76 75 2  27 71 
71 56 59 58 54 57 41 39 74 37 40 36 28 24 29 27 66 25 76 19 22 18 23 21 42 44 43 47 73 45 0  70 5  2  4  3  72 49 52 48 53 51 33 32 30 67 34 31 69 16 13 15 14 12 61 64 68 65 62 60 7  9  8  6  75 10 46 1  11 26 55 63 17 35 50 38 20 
58 54 71 55 57 59 39 40 41 36 37 38 26 29 25 24 28 66 22 76 20 23 19 18 43 42 46 73 44 47 1  5  3  70 0  4  53 48 49 50 51 52 35 30 31 32 33 34 14 15 16 17 12 13 64 63 62 68 60 61 11 8  10 9  7  75 45 2  6  27 56 65 69 67 72 74 21 
59 55 57 71 56 54 74 41 38 40 39 37 66 27 24 26 25 29 19 23 76 21 18 20 44 73 42 45 47 46 4  2  70 1  3  5  50 52 51 49 72 53 34 67 32 35 31 30 17 13 12 16 69 14 60 61 65 63 68 62 75 6  9  11 10 8  43 0  7  28 58 64 15 33 48 36 22 
56 59 55 54 71 58 37 36 40 74 38 41 24 66 28 25 27 26 21 20 18 76 22 19 45 46 47 42 43 44 70 4  0  3  2  1  52 72 50 53 49 48 32 34 33 31 67 35 13 69 17 14 16 15 65 68 61 60 64 63 9  75 7  10 6  11 73 5  8  29 57 62 12 30 51 39 23 
55 57 58 56 59 71 40 37 39 38 36 74 27 25 66 29 26 28 20 22 21 19 76 23 46 43 45 44 42 73 2  3  4  5  1  0  51 50 48 72 52 49 67 31 34 30 35 33 12 17 15 69 13 16 63 65 60 62 61 64 6  10 75 8  11 7  47 70 9  24 54 68 14 32 53 41 18 
54 71 56 57 58 55 36 38 37 41 74 39 29 28 26 66 24 27 18 21 23 22 20 76 47 45 73 43 46 42 5  0  1  4  70 2  49 53 72 51 48 50 30 33 35 34 32 67 16 14 69 12 15 17 68 62 64 61 63 65 8  7  11 75 9  6  44 3  10 25 59 60 13 31 52 40 19 
30 33 32 31 35 67 13 16 12 17 15 69 76 21 18 20 19 23 63 64 65 60 61 62 66 25 28 24 29 27 74 40 37 39 38 36 42 47 45 73 43 46 72 52 49 51 50 48 55 59 57 71 56 54 10 75 6  11 9  8  3  1  2  0  5  70 26 41 4  22 34 7  58 53 44 14 68 
31 35 30 34 67 32 16 15 13 69 17 14 22 18 23 21 76 19 65 63 68 61 64 60 28 66 26 29 25 24 41 37 36 40 74 38 43 73 47 44 46 45 53 49 48 52 72 50 56 71 59 58 54 57 75 7  9  6  8  10 4  2  70 1  3  5  27 39 0  20 33 11 55 51 42 12 62 
32 34 67 30 33 35 12 13 14 15 16 17 19 20 21 22 23 18 64 61 63 62 60 68 25 29 66 27 24 26 38 39 40 41 36 37 44 45 46 47 42 43 50 51 52 53 48 49 58 57 54 59 55 56 8  10 11 7  6  9  5  0  1  4  70 2  28 74 3  76 31 75 71 72 73 69 65 
33 32 34 35 30 31 17 69 15 12 14 13 21 19 76 23 20 22 62 68 60 63 65 64 27 26 24 66 28 25 40 38 74 36 39 41 45 42 44 43 47 73 52 50 72 48 51 53 57 55 58 56 59 71 11 6  10 8  75 7  1  5  3  70 0  4  29 37 2  18 67 9  54 49 46 16 61 
34 67 31 33 32 30 15 17 16 14 69 12 20 23 19 18 22 76 68 65 62 64 63 61 26 28 27 25 66 29 39 36 38 37 41 74 46 44 73 42 45 47 51 48 50 49 53 72 54 58 71 55 57 59 7  11 8  9  10 75 0  70 5  2  4  3  24 40 1  21 35 6  56 52 43 13 60 
35 30 33 67 31 34 69 14 17 13 12 16 18 76 22 19 21 20 60 62 61 65 68 63 24 27 29 28 26 66 37 74 41 38 40 39 47 43 42 46 73 44 49 72 53 50 52 51 59 56 55 54 71 58 6  9  75 10 7  11 2  3  4  5  1  0  25 36 70 23 32 8  57 48 45 15 64 
26 29 28 27 25 66 72 53 50 52 51 49 4  2  70 1  3  5  40 39 37 74 41 38 7  75 11 8  10 9  67 31 34 30 35 33 63 60 62 61 65 68 18 76 22 19 21 20 47 43 42 46 73 44 13 16 69 17 14 12 71 56 54 55 59 57 6  32 58 0  24 15 45 23 64 48 36 
25 26 29 66 27 24 49 48 52 72 50 53 70 4  0  3  2  1  74 38 41 37 36 40 8  9  10 11 6  7  34 67 32 35 31 30 60 65 63 68 61 64 22 18 23 21 76 19 43 73 47 44 46 45 69 14 16 13 15 17 54 71 58 59 56 55 75 33 57 5  28 12 42 20 62 51 39 
29 28 24 25 26 27 52 49 51 50 48 72 2  3  4  5  1  0  38 36 74 40 37 39 9  6  8  7  11 75 31 35 67 33 30 32 62 63 64 65 60 61 76 21 18 20 19 23 42 47 45 73 43 46 17 69 13 12 16 15 56 59 71 57 55 58 10 34 54 70 66 14 44 22 68 53 41 
66 27 25 28 24 29 48 50 49 53 72 51 5  0  1  4  70 2  41 74 39 36 38 37 10 8  75 6  9  11 33 32 30 67 34 31 61 68 65 62 64 63 20 23 19 18 22 76 46 44 73 42 45 47 14 12 15 16 17 69 57 58 55 71 54 56 7  35 59 3  26 13 43 21 60 52 40 
27 25 26 24 66 28 53 51 72 49 52 48 0  70 5  2  4  3  37 40 36 41 39 74 11 7  6  10 75 8  32 34 33 31 67 35 65 61 60 64 68 62 23 22 20 76 18 21 73 46 43 45 44 42 16 15 14 69 12 13 58 54 57 56 71 59 9  30 55 1  29 17 47 19 63 50 38 
24 66 27 29 28 26 51 52 53 48 49 50 1  5  3  70 0  4  36 37 38 39 40 41 6  11 9  75 7  10 30 33 35 34 32 67 68 64 61 63 62 60 19 20 21 22 23 18 44 45 46 47 42 43 15 17 12 14 13 16 55 57 59 54 58 71 8  31 56 2  25 69 73 76 65 72 74 
9  75 6  8  7  11 23 19 18 22 76 20 55 57 59 54 58 71 32 67 30 33 35 34 17 15 69 13 16 12 29 28 26 66 24 27 74 37 40 36 41 39 5  0  1  4  70 2  61 68 65 62 64 63 53 51 48 49 50 72 45 44 42 73 46 43 14 25 47 56 10 52 60 3  38 21 31 
75 6  10 7  9  8  22 20 76 18 21 23 57 58 55 71 54 56 34 31 33 32 30 67 12 14 13 17 69 15 28 24 29 27 66 25 40 74 38 41 37 36 0  70 5  2  4  3  65 61 60 64 68 62 49 48 53 72 51 52 44 46 45 43 73 47 16 26 42 59 11 50 63 1  39 19 35 
7  9  75 11 8  10 20 21 22 23 18 19 59 55 56 58 57 54 33 34 35 30 31 32 13 12 16 69 14 17 26 29 25 24 28 66 37 41 74 39 36 38 1  5  3  70 0  4  68 64 61 63 62 60 48 50 51 53 52 49 42 45 47 46 44 73 15 27 43 71 6  72 65 2  40 76 67 
10 11 8  75 6  9  76 22 19 21 20 18 54 71 58 59 56 55 31 30 34 67 32 35 14 69 12 15 17 16 66 27 24 26 25 29 39 38 36 74 40 37 4  2  70 1  3  5  63 60 62 61 65 68 52 49 72 50 53 51 73 43 46 42 47 45 13 28 44 57 7  48 64 0  41 23 33 
6  10 11 9  75 7  18 23 21 76 19 22 58 54 57 56 71 59 67 35 32 34 33 31 15 16 17 12 13 14 24 66 28 25 27 26 38 40 39 37 74 41 70 4  0  3  2  1  60 65 63 68 61 64 72 53 49 52 48 50 46 73 44 47 43 42 69 29 45 55 8  51 62 5  36 20 30 
11 8  7  6  10 75 21 18 20 19 23 76 71 56 54 55 59 57 35 33 67 31 34 30 16 13 15 14 12 69 27 25 66 29 26 28 36 39 41 40 38 74 2  3  4  5  1  0  62 63 64 65 60 61 50 72 52 51 49 48 43 47 73 45 42 44 17 24 46 58 9  53 68 70 37 22 32 
50 51 48 72 52 49 71 58 59 56 55 54 61 65 68 63 60 62 6  11 9  75 7  10 22 76 20 23 19 18 16 69 14 17 13 12 26 25 29 66 27 24 73 43 46 42 47 45 35 31 30 34 67 32 3  4  2  1  70 5  74 40 37 39 38 36 21 15 41 64 53 0  33 44 28 57 8  
52 50 51 49 72 53 54 57 56 71 59 58 68 61 64 60 65 63 75 10 7  9  8  6  23 18 19 20 21 22 14 16 15 13 69 17 25 27 26 24 66 28 46 73 44 47 43 42 31 67 35 32 34 33 2  70 4  3  0  1  37 74 41 38 40 39 76 12 36 62 48 5  30 45 29 55 11 
51 48 53 52 50 72 56 54 55 59 57 71 65 60 61 62 63 64 10 8  75 6  9  11 18 21 23 22 20 76 69 13 16 12 17 15 29 26 28 27 25 66 43 47 73 45 42 44 30 35 33 67 31 34 1  2  3  5  4  0  40 38 74 36 39 41 19 14 37 68 49 70 32 46 24 58 7  
49 72 52 48 53 51 57 59 54 58 71 55 62 64 63 61 68 65 7  75 11 8  10 9  19 23 76 21 18 20 12 15 17 16 14 69 66 24 27 29 28 26 45 44 42 73 46 43 34 32 67 30 33 35 70 5  0  4  1  2  36 41 39 74 37 40 22 13 38 60 50 3  31 47 25 56 6  
72 52 50 53 49 48 58 55 71 54 56 57 64 68 62 65 61 60 9  6  8  7  11 75 20 22 21 19 76 23 15 14 12 69 16 13 27 66 25 28 24 29 44 46 45 43 73 47 67 34 31 33 32 30 4  0  70 2  5  3  41 37 36 40 74 38 18 17 39 63 51 1  35 42 26 59 10 
53 49 72 51 48 50 55 56 58 57 54 59 63 62 60 68 64 61 8  9  10 11 6  7  21 20 18 76 22 19 17 12 13 14 15 16 24 28 66 26 29 25 42 45 47 46 44 73 32 33 34 35 30 31 0  1  5  70 3  4  39 36 38 37 41 74 23 69 40 65 52 2  67 43 27 71 75 
46 73 43 45 44 42 33 35 34 32 67 30 11 8  10 9  7  75 70 2  5  0  1  4  63 64 65 60 61 62 55 57 59 54 58 71 18 22 76 20 23 19 29 28 26 66 24 27 72 49 52 48 53 51 41 39 36 37 38 74 15 14 12 69 16 13 68 56 17 6  47 40 50 25 21 31 3  
73 43 47 44 46 45 32 30 67 34 31 33 8  7  11 75 9  6  4  3  0  70 5  2  62 68 60 63 65 64 57 58 55 71 54 56 76 18 21 23 22 20 28 24 29 27 66 25 52 72 50 53 49 48 37 36 41 74 39 40 14 16 15 13 69 17 61 59 12 10 42 38 51 26 19 35 1  
44 46 73 42 45 47 30 31 32 33 34 35 10 11 6  7  8  9  0  4  1  5  3  70 60 62 61 65 68 63 59 55 56 58 57 54 22 23 18 19 20 21 26 29 25 24 28 66 49 53 72 51 48 50 36 38 39 41 40 37 12 15 17 16 14 69 64 71 13 75 43 74 52 27 76 67 2  
47 42 45 73 43 46 67 32 35 31 30 34 9  75 7  10 6  11 3  5  4  2  70 1  68 65 62 64 63 61 54 71 58 59 56 55 19 21 20 18 76 22 66 27 24 26 25 29 51 50 48 72 52 49 40 37 74 38 41 39 69 13 16 12 17 15 60 57 14 8  44 36 53 28 23 33 0  
43 47 42 46 73 44 34 33 31 67 35 32 7  9  8  6  75 10 2  1  70 4  0  3  64 61 63 62 60 68 58 54 57 56 71 59 21 76 19 22 18 23 24 66 28 25 27 26 50 52 51 49 72 53 74 41 37 40 36 38 16 69 14 17 13 12 65 55 15 11 45 39 48 29 20 30 5  
42 45 44 43 47 73 31 34 30 35 33 67 75 6  9  11 10 8  1  0  2  3  4  5  61 60 64 68 62 65 71 56 54 55 59 57 20 19 23 76 21 18 27 25 66 29 26 28 48 51 53 52 50 72 38 74 40 39 37 36 13 17 69 15 12 14 63 58 16 7  46 41 49 24 22 32 70 
76 21 19 22 18 23 44 42 73 46 43 45 36 41 39 74 37 40 16 13 15 14 12 69 5  70 3  1  2  0  48 53 51 72 49 52 75 9  6  8  7  11 64 68 62 65 61 60 27 66 25 28 24 29 71 58 54 56 57 59 32 34 33 31 67 35 4  50 30 38 20 55 26 63 10 47 17 
19 20 23 76 21 18 73 44 47 43 42 46 37 74 41 38 40 39 13 12 16 69 14 17 70 2  5  0  1  4  49 72 53 50 52 51 10 6  11 9  75 7  61 65 68 63 60 62 26 25 29 66 27 24 59 71 56 55 54 57 67 31 34 30 35 33 3  48 32 36 22 58 28 64 8  45 15 
21 19 20 18 76 22 46 45 43 73 47 44 41 37 36 40 74 38 69 17 14 16 15 13 0  4  1  5  3  70 53 49 48 52 72 50 6  75 10 7  9  8  68 61 64 60 65 63 25 27 26 24 66 28 56 54 71 59 58 55 34 67 32 35 31 30 2  51 33 39 23 57 29 62 11 42 12 
18 76 21 23 22 20 45 47 46 44 73 42 39 36 38 37 41 74 14 69 12 15 17 16 1  0  2  3  4  5  51 48 50 49 53 72 9  7  75 11 8  10 62 64 63 61 68 65 66 24 27 29 28 26 54 57 58 71 55 56 33 32 30 67 34 31 70 52 35 40 19 59 25 60 6  43 13 
20 23 22 21 19 76 43 46 42 47 45 73 74 40 37 39 38 36 17 15 69 13 16 12 4  3  0  70 5  2  72 52 49 51 50 48 11 10 8  75 6  9  65 60 61 62 63 64 29 26 28 27 25 66 55 56 59 57 71 58 31 35 67 33 30 32 1  53 34 41 18 54 24 68 7  44 14 
22 18 76 20 23 19 42 43 44 45 46 47 38 39 40 41 36 37 15 16 17 12 13 14 3  5  4  2  70 1  50 51 52 53 48 49 7  8  9  10 11 6  63 62 60 68 64 61 24 28 66 26 29 25 58 55 57 54 59 71 30 33 35 34 32 67 0  72 31 74 21 56 27 65 75 73 69 
13 17 12 16 69 14 4  0  3  2  1  70 44 46 45 43 73 47 27 26 24 66 28 25 48 49 50 51 52 53 7  9  8  6  75 10 31 67 35 32 34 33 58 54 57 56 71 59 40 74 38 41 37 36 76 22 18 21 23 19 68 61 64 60 65 63 72 11 62 42 15 20 39 55 30 5  29 
69 13 17 14 16 15 70 5  2  4  3  0  45 44 42 73 46 43 66 25 28 24 29 27 51 53 52 50 72 48 8  7  11 75 9  6  67 34 31 33 32 30 57 58 55 71 54 56 74 37 40 36 41 39 18 23 22 76 20 21 64 68 62 65 61 60 49 10 63 47 12 19 38 59 35 1  26 
17 12 15 69 13 16 2  70 1  3  5  4  46 73 44 47 43 42 25 29 66 27 24 26 53 72 51 48 50 49 9  75 7  10 6  11 35 31 30 34 67 32 54 71 58 59 56 55 38 40 39 37 74 41 21 18 76 19 22 20 61 65 68 63 60 62 52 8  64 45 14 23 36 57 33 0  28 
14 16 69 12 15 17 5  3  70 0  4  1  47 42 43 44 45 46 28 66 26 29 25 24 52 51 49 72 53 50 10 11 6  7  8  9  32 33 34 35 30 31 59 55 56 58 57 54 41 36 37 38 39 40 23 19 20 22 21 18 63 62 60 68 64 61 48 75 65 73 13 76 74 71 67 2  27 
16 69 13 15 14 12 0  1  4  70 2  5  42 45 47 46 44 73 24 27 29 28 26 66 50 48 72 52 49 51 11 8  10 9  7  75 34 32 67 30 33 35 55 57 59 54 58 71 37 41 74 39 36 38 22 20 23 18 19 76 62 64 63 61 68 65 53 6  60 43 17 21 40 56 31 3  25 
15 14 16 17 12 13 1  2  0  5  70 3  43 47 73 45 42 44 29 24 25 26 27 28 72 50 53 49 48 52 6  10 75 8  11 7  33 30 32 31 35 67 56 59 71 57 55 58 36 39 41 40 38 74 20 21 19 23 76 22 60 63 65 64 62 68 51 9  61 46 69 18 37 54 34 4  66 
67 31 35 32 34 33 14 12 69 16 13 15 23 22 20 76 18 21 61 60 64 68 62 65 29 24 25 26 27 28 36 41 39 74 37 40 73 46 43 45 44 42 48 53 51 72 49 52 71 54 56 57 58 55 9  8  7  75 11 6  70 4  0  3  2  1  66 38 5  19 30 10 59 50 47 17 63 
28 24 66 26 29 25 50 72 48 51 53 52 3  1  2  0  5  70 39 41 40 38 74 36 75 10 7  9  8  6  35 30 31 32 33 34 64 62 68 60 63 65 21 19 76 23 20 22 45 42 44 43 47 73 12 13 17 15 69 14 59 55 56 58 57 54 11 67 71 4  27 16 46 18 61 49 37 
12 15 14 13 17 69 3  4  5  1  0  2  73 43 46 42 47 45 26 28 27 25 66 29 49 52 48 53 51 72 75 6  9  11 10 8  30 35 33 67 31 34 71 56 54 55 59 57 39 38 36 74 40 37 19 76 21 20 18 23 65 60 61 62 63 64 50 7  68 44 16 22 41 58 32 70 24 
64 68 61 63 62 60 26 27 28 29 24 25 17 12 13 14 15 16 55 58 56 59 71 57 74 38 41 37 36 40 43 47 73 45 42 44 0  5  70 3  1  2  6  10 75 8  11 7  23 20 22 21 19 76 30 31 35 33 67 32 50 51 52 53 48 49 39 46 72 69 65 34 18 9  4  66 54 
1  5  0  2  3  4  60 61 62 63 64 65 67 31 34 30 35 33 50 48 72 52 49 51 54 56 57 58 55 71 76 21 18 20 19 23 12 17 15 69 13 16 74 40 37 39 38 36 11 10 8  75 6  9  47 73 43 42 46 45 25 26 27 28 29 24 59 22 66 32 70 44 7  41 14 68 53 
23 22 18 19 20 21 47 73 45 42 44 43 40 38 74 36 39 41 12 14 13 17 69 15 2  1  70 4  0  3  52 50 72 48 51 53 8  11 7  6  10 75 60 63 65 64 62 68 28 29 24 25 26 27 57 59 55 58 56 54 35 30 31 32 33 34 5  49 67 37 76 71 66 61 9  46 16 
45 44 46 47 42 43 35 67 33 30 32 31 6  10 75 8  11 7  5  70 3  1  2  0  65 63 68 61 64 60 56 59 71 57 55 58 23 20 22 21 19 76 25 26 27 28 29 24 53 48 49 50 51 52 39 40 38 36 74 41 17 12 13 14 15 16 62 54 69 9  73 37 72 66 18 34 4  
48 53 49 50 51 52 59 71 57 55 58 56 60 63 65 64 62 68 11 7  6  10 75 8  76 19 22 18 23 21 13 17 69 15 12 14 28 29 24 25 26 27 47 42 43 44 45 46 33 30 32 31 35 67 5  3  1  0  2  70 38 39 40 41 36 37 20 16 74 61 72 4  34 73 66 54 9  
8  7  9  10 11 6  19 76 23 20 22 21 56 59 71 57 55 58 30 32 31 35 67 33 69 17 14 16 15 13 25 26 27 28 29 24 41 36 37 38 39 40 3  1  2  0  5  70 64 62 68 60 63 65 51 52 50 48 72 53 47 42 43 44 45 46 12 66 73 54 75 49 61 4  74 18 34 
36 41 37 38 39 40 11 6  7  8  9  10 52 50 72 48 51 53 42 44 43 47 73 45 67 35 32 34 33 31 60 63 65 64 62 68 57 55 58 56 59 71 13 17 69 15 12 14 0  5  70 3  1  2  29 25 26 28 27 24 19 20 21 22 23 18 30 61 76 49 74 66 4  16 54 75 46 
57 58 54 59 55 56 38 74 36 39 41 40 25 26 27 28 29 24 23 18 19 20 21 22 73 47 44 46 45 43 3  1  2  0  5  70 48 51 53 52 50 72 31 35 67 33 30 32 15 12 14 13 17 69 62 60 63 64 65 68 10 11 6  7  8  9  42 4  75 66 71 61 16 34 49 37 76 
