58 66 67 69 76 74 73 71 75 68 63 05 00 04 06 03 08 01 09 02 37 30 34 32 60 38 33 36 39 35 59 57 53 54 65 55 50 48 52 56 49 47 43 44 46 61 45 40 72 42 14 11 18 19 13 64 10 15 20 16 51 41 31 70 07 17 23 62 24 28 21 25 12 29 26 22 27 
74 57 72 66 73 75 70 67 68 76 08 01 03 00 05 09 07 04 02 63 38 36 37 30 33 39 31 34 35 60 54 55 51 56 53 58 47 59 50 65 44 45 41 46 61 43 48 71 49 40 19 10 17 13 64 18 12 21 14 15 52 42 32 69 06 16 29 28 20 27 24 11 23 22 25 62 26 
76 74 56 72 66 73 71 75 70 69 05 03 63 02 00 08 01 09 07 06 60 38 35 37 30 33 36 39 31 32 53 54 57 51 50 46 59 65 58 52 43 44 47 41 42 40 68 49 61 48 18 19 11 17 16 15 22 14 64 12 55 45 34 67 04 10 28 25 13 21 29 23 62 27 20 26 24 
73 75 76 59 71 70 67 68 69 66 01 09 08 63 03 07 04 02 06 05 33 39 60 38 36 31 34 35 32 30 51 56 55 52 57 65 54 53 49 50 41 46 45 42 40 47 61 44 43 74 17 13 10 16 15 11 64 19 18 23 58 48 37 72 00 12 27 21 62 24 22 29 28 26 14 25 20 
70 68 73 75 55 69 72 76 66 71 04 02 07 08 09 06 00 63 05 01 31 35 33 39 34 32 37 60 30 36 52 65 58 50 45 53 56 51 54 57 42 61 48 40 47 67 43 46 41 44 16 64 12 15 11 24 18 13 17 19 59 49 38 74 03 14 26 10 28 20 62 22 27 25 29 21 23 
69 76 70 68 72 50 74 73 71 67 00 63 06 07 02 05 03 08 01 04 32 60 31 35 37 30 38 33 36 34 40 53 59 57 58 51 65 52 56 55 66 43 49 47 45 48 41 61 42 46 25 18 14 11 10 12 17 64 16 13 54 44 39 75 09 19 15 20 27 23 28 62 26 21 22 24 29 
75 67 74 71 70 68 52 72 76 73 07 04 09 03 01 02 06 00 63 08 39 34 38 36 31 35 32 37 60 33 56 58 42 65 51 59 55 54 57 53 46 48 69 61 43 41 49 45 44 47 13 12 26 64 18 17 14 10 19 11 50 40 30 66 05 15 22 27 23 16 20 24 29 62 21 28 25 
66 73 69 76 74 71 75 51 67 72 03 08 05 06 63 01 09 07 04 00 30 33 32 60 38 36 39 31 34 37 57 41 54 55 59 52 53 50 65 58 47 70 44 45 48 49 42 43 40 61 11 27 19 10 12 14 16 18 15 64 56 46 35 68 02 13 21 23 26 29 17 28 25 24 62 20 22 
68 72 75 67 69 76 66 74 53 70 06 00 02 09 04 63 05 03 08 07 35 37 39 34 32 60 30 38 33 31 65 59 50 43 52 54 58 56 55 51 61 49 40 73 41 42 44 48 46 45 64 14 15 28 17 16 19 12 13 10 57 47 36 71 01 11 62 26 29 25 23 20 22 18 24 27 21 
67 69 71 70 68 72 76 66 74 54 02 06 04 01 07 00 63 05 03 09 34 32 36 31 35 37 60 30 38 39 58 50 65 59 56 57 52 55 51 44 48 40 61 49 75 46 47 42 45 41 12 15 64 14 29 13 11 16 10 17 53 43 33 73 08 18 20 22 21 62 25 26 24 23 27 19 28 
17 13 18 19 45 16 12 64 15 11 34 68 70 73 75 69 72 76 66 71 07 02 08 09 10 06 00 63 05 01 32 60 37 30 04 33 35 31 39 36 26 62 20 25 21 55 28 22 27 29 42 61 48 40 47 67 43 46 41 44 38 23 03 14 74 49 52 24 53 58 65 56 51 50 54 57 59 
14 47 12 15 18 19 17 10 13 64 73 36 74 72 66 75 70 67 68 76 03 11 00 05 08 09 07 04 02 63 39 34 31 35 33 37 01 38 30 60 29 24 27 22 62 28 20 57 23 25 44 45 41 46 61 43 48 71 49 40 32 26 06 16 69 42 54 53 58 51 55 21 59 56 50 65 52 
48 15 10 16 64 14 18 11 19 13 76 66 37 67 69 74 73 71 75 68 12 05 04 06 63 03 08 01 09 02 38 36 33 39 60 34 30 00 32 35 23 21 28 29 22 62 24 25 58 26 49 47 43 44 46 61 45 40 72 42 31 27 07 17 70 41 59 65 55 53 57 50 20 54 52 56 51 
64 14 46 12 15 18 11 19 17 16 66 74 76 35 72 73 71 75 70 69 63 03 13 00 05 08 01 09 07 06 33 39 36 31 30 02 38 60 37 32 28 29 21 27 26 25 56 23 62 20 43 44 47 41 42 40 68 49 61 48 34 24 04 10 67 45 53 50 22 57 54 59 65 51 58 52 55 
18 19 64 49 11 17 10 13 16 15 71 75 73 76 38 70 67 68 69 66 08 09 63 14 01 07 04 02 06 05 31 35 34 32 36 60 39 33 03 30 27 22 24 26 25 21 62 29 28 59 41 46 45 42 40 47 61 44 43 74 37 20 00 12 72 48 51 57 65 55 56 54 53 52 23 50 58 
16 64 17 13 12 40 14 18 11 10 72 76 69 70 68 30 74 73 71 67 06 63 07 02 00 15 03 08 01 04 05 33 38 36 37 31 60 32 35 34 50 28 23 21 24 20 27 62 26 22 66 43 49 47 45 48 41 61 42 46 39 29 09 19 75 44 25 58 51 59 53 65 52 57 56 55 54 
19 10 14 11 17 13 42 12 64 18 70 67 75 74 71 68 32 72 76 73 09 04 03 01 07 02 16 00 63 08 35 37 06 60 31 38 34 39 36 33 22 20 52 62 28 27 23 24 29 21 46 48 69 61 43 41 49 45 44 47 30 25 05 15 66 40 56 51 59 26 58 55 54 65 57 53 50 
15 18 16 64 14 11 19 41 10 12 74 73 66 69 76 71 75 31 67 72 05 08 06 63 03 01 09 17 04 00 36 07 39 34 38 32 33 30 60 37 21 51 29 24 20 23 26 28 25 62 47 70 44 45 48 49 42 43 40 61 35 22 02 13 68 46 57 59 52 54 27 53 50 55 65 58 56 
13 12 19 10 16 64 15 14 43 17 69 72 68 75 67 76 66 74 33 70 02 00 09 04 06 63 05 03 18 07 60 38 30 08 32 39 37 35 34 31 62 23 25 53 27 26 29 20 22 24 61 49 40 73 41 42 44 48 46 45 36 21 01 11 71 47 65 52 54 50 59 58 56 28 55 51 57 
10 16 11 17 13 12 64 15 14 44 68 69 67 71 70 72 76 66 74 39 04 06 01 07 02 00 63 05 03 19 37 30 60 38 35 36 32 34 31 09 20 25 62 23 54 22 21 26 24 27 48 40 61 49 75 46 47 42 45 41 33 28 08 18 73 43 58 56 57 65 50 52 55 59 51 29 53 
20 40 45 42 61 49 43 47 44 46 64 15 58 10 16 14 18 11 19 13 48 66 67 69 76 74 73 71 75 68 03 01 08 09 63 04 05 72 06 02 59 57 53 54 56 65 55 50 12 52 23 21 28 29 22 62 24 25 37 26 07 51 70 41 17 27 38 60 34 33 36 30 00 39 32 35 31 
49 21 48 40 43 44 41 45 46 61 18 57 14 12 15 19 17 10 13 64 74 47 72 66 73 75 70 67 68 76 09 04 07 02 08 00 71 03 05 63 54 55 51 56 65 53 58 11 59 50 29 24 27 22 62 28 20 36 23 25 06 52 69 42 16 26 39 33 37 31 34 01 38 35 30 60 32 
61 49 22 48 40 43 47 44 41 42 15 14 64 56 12 18 11 19 17 16 76 74 46 72 66 73 71 75 70 69 08 09 01 07 05 68 03 63 00 06 53 54 57 51 52 50 13 59 65 58 28 29 21 27 26 25 35 23 62 20 04 55 67 45 10 24 33 30 02 36 39 38 60 31 37 32 34 
43 44 61 23 47 41 45 46 42 40 11 19 18 64 59 17 10 13 16 15 73 75 76 49 71 70 67 68 69 66 07 02 04 06 01 63 09 08 74 05 51 56 55 52 50 57 65 54 53 14 27 22 24 26 25 21 62 29 28 38 00 58 72 48 12 20 31 36 60 34 35 39 33 32 03 30 37 
41 46 43 44 24 42 48 61 40 47 55 13 17 18 19 16 12 64 15 11 70 68 73 75 45 69 72 76 66 71 06 63 00 05 67 08 02 07 09 01 52 65 58 50 57 10 53 56 51 54 26 62 20 25 21 34 28 22 27 29 03 59 74 49 14 23 32 04 33 37 60 35 31 30 39 36 38 
42 61 41 46 48 25 49 43 47 45 12 64 16 17 13 50 14 18 11 10 69 76 70 68 72 40 74 73 71 67 66 08 03 01 00 07 63 06 02 04 15 53 59 57 55 58 51 65 52 56 30 28 23 21 24 20 27 62 26 22 09 54 75 44 19 29 05 37 31 38 33 60 32 36 35 34 39 
44 45 49 47 41 46 26 48 61 43 17 10 19 14 11 13 52 12 64 18 75 67 74 71 70 68 42 72 76 73 02 00 69 63 07 03 04 09 01 08 56 58 16 65 53 51 59 55 54 57 22 20 32 62 28 27 23 24 29 21 05 50 66 40 15 25 35 31 38 06 37 34 39 60 36 33 30 
40 43 42 61 49 47 44 27 45 48 14 18 15 16 64 11 19 51 10 12 66 73 69 76 74 71 75 41 67 72 01 70 09 04 03 06 08 05 63 00 57 17 54 55 58 59 52 53 50 65 21 31 29 24 20 23 26 28 25 62 02 56 68 46 13 22 36 38 32 39 07 33 30 34 60 37 35 
46 48 44 45 42 61 40 49 28 41 16 12 13 19 10 64 15 14 53 17 68 72 75 67 69 76 66 74 43 70 63 03 05 73 06 09 00 02 04 07 65 59 50 18 51 52 54 58 56 55 62 23 25 33 27 26 29 20 22 24 01 57 71 47 11 21 60 32 39 30 38 37 35 08 34 31 36 
45 42 47 41 46 48 61 40 49 29 13 16 10 11 17 12 64 15 14 54 67 69 71 70 68 72 76 66 74 44 00 05 63 03 02 01 06 04 07 75 58 50 65 59 19 56 57 52 55 51 20 25 62 23 39 22 21 26 24 27 08 53 73 43 18 28 37 35 36 60 30 32 34 38 31 09 33 
26 62 27 22 20 15 23 28 21 24 48 61 42 41 46 66 49 43 47 45 16 64 17 13 12 50 14 18 11 10 25 73 74 71 72 70 76 69 68 67 30 33 38 36 34 37 31 60 32 35 05 53 59 57 55 58 51 65 52 56 75 39 19 29 44 54 40 00 07 03 08 63 06 01 02 04 09 
25 28 26 62 23 21 29 17 24 20 49 43 40 42 61 47 44 70 45 48 15 18 16 64 14 11 19 51 10 12 71 27 75 67 74 69 73 66 76 72 36 31 39 34 37 38 32 33 30 60 57 07 54 55 58 59 52 53 50 65 68 35 13 22 46 56 01 03 06 09 41 08 05 04 63 00 02 
29 24 23 21 27 22 16 20 62 28 41 45 44 49 47 46 69 48 61 43 19 10 14 11 17 13 52 12 64 18 68 72 26 76 70 74 67 75 71 73 35 37 32 60 33 31 38 34 39 36 56 58 06 65 53 51 59 55 54 57 66 30 15 25 40 50 02 07 03 42 00 04 09 63 01 08 05 
22 20 29 24 26 62 25 23 18 27 42 48 46 44 45 61 40 49 73 41 13 12 19 10 16 64 15 14 53 17 76 74 66 28 69 75 72 68 67 70 60 38 30 33 31 32 39 37 35 34 65 59 50 08 51 52 54 58 56 55 71 36 11 21 47 57 63 06 09 05 03 00 02 43 04 07 01 
27 22 28 29 10 26 20 62 25 21 67 46 41 43 44 42 48 61 40 47 17 13 18 19 55 16 12 64 15 11 69 76 72 66 24 73 68 70 75 71 32 60 37 30 36 34 33 35 31 39 52 65 58 50 57 04 53 56 51 54 74 38 14 23 49 59 06 45 08 00 63 02 07 05 09 01 03 
62 23 13 20 25 28 21 29 27 26 40 49 61 68 48 43 47 44 41 42 64 14 56 12 15 18 11 19 17 16 73 75 71 70 66 22 74 76 72 69 33 39 36 31 32 30 35 38 60 37 53 54 57 51 52 50 02 59 65 58 67 34 10 24 45 55 08 05 46 01 09 03 63 07 00 06 04 
23 11 20 25 28 29 27 24 22 62 43 71 49 48 40 44 41 45 46 61 14 57 12 15 18 19 17 10 13 64 75 67 70 68 73 72 21 74 66 76 39 34 31 35 60 33 37 36 38 30 54 55 51 56 65 53 58 01 59 50 69 32 16 26 42 52 09 08 00 07 04 47 03 02 05 63 06 
12 25 24 26 62 23 28 21 29 22 61 40 72 45 42 49 43 47 44 46 58 15 10 16 64 14 18 11 19 13 74 71 73 75 76 67 66 20 69 68 38 36 33 39 35 60 34 30 37 32 59 57 53 54 56 65 55 50 00 52 70 31 17 27 41 51 03 63 04 08 01 05 48 09 06 02 07 
28 29 62 14 21 27 24 22 26 25 47 44 43 61 74 41 45 46 42 40 18 19 64 59 11 17 10 13 16 15 70 68 67 69 71 76 75 73 23 66 31 35 34 32 30 36 60 39 33 38 51 56 55 52 50 57 65 54 53 03 72 37 12 20 48 58 07 01 63 04 02 09 08 06 49 05 00 
24 26 21 27 22 20 62 25 23 19 46 42 45 47 41 48 61 40 49 75 10 16 11 17 13 12 64 15 14 54 72 66 76 74 68 71 69 67 70 29 37 30 60 38 39 35 36 32 34 31 58 50 65 59 09 56 57 52 55 51 73 33 18 28 43 53 00 02 01 63 05 06 04 03 07 44 08 
32 60 31 35 37 30 38 33 36 34 58 65 52 51 56 25 59 53 57 55 26 62 27 22 20 66 23 28 21 24 15 43 49 47 48 41 61 42 46 45 05 73 74 71 67 72 70 76 69 68 40 08 03 01 04 00 07 63 06 02 44 75 29 39 54 09 50 12 17 14 18 64 16 11 13 10 19 
30 33 32 60 38 36 39 31 34 37 59 53 50 52 65 57 54 27 55 58 25 28 26 62 23 21 29 70 24 20 47 17 44 45 49 42 43 40 61 48 71 07 75 67 72 74 69 73 66 76 01 41 09 04 00 03 06 08 05 63 46 68 22 35 56 02 11 14 16 19 51 18 15 10 64 12 13 
39 34 38 36 31 35 32 37 60 33 51 55 54 59 57 56 26 58 65 53 29 24 23 21 27 22 69 20 62 28 46 48 16 61 41 49 45 44 47 43 68 72 06 76 73 70 74 67 75 71 02 00 42 63 08 07 03 04 09 01 40 66 25 30 50 05 13 17 14 52 12 10 19 64 11 18 15 
35 37 39 34 32 60 30 38 33 31 52 58 56 54 55 65 50 59 28 51 22 20 29 24 26 62 25 23 73 27 61 49 40 18 42 44 48 46 45 41 76 74 66 08 70 69 75 72 68 67 63 03 05 43 07 06 09 00 02 04 47 71 21 36 57 01 64 16 19 15 14 12 13 53 10 17 11 
34 32 36 31 35 37 60 30 38 39 56 52 55 57 51 58 65 50 59 29 24 26 21 27 22 20 62 25 23 75 48 40 61 49 46 47 42 45 41 19 72 66 76 74 09 68 71 69 67 70 00 05 63 03 44 02 01 06 04 07 43 73 28 33 53 08 12 13 11 64 15 16 10 14 17 54 18 
31 35 33 39 34 32 37 60 30 36 24 56 51 53 54 52 58 65 50 57 27 22 28 29 67 26 20 62 25 21 42 61 48 40 10 43 46 41 44 47 69 76 72 66 71 04 73 68 70 75 06 63 00 05 01 45 08 02 07 09 49 74 23 38 59 03 16 55 18 12 64 13 17 15 19 11 14 
60 38 35 37 30 33 36 39 31 32 50 59 65 22 58 53 57 54 51 52 62 23 68 20 25 28 21 29 27 26 43 44 47 41 40 13 49 61 48 42 73 75 71 70 69 66 02 74 76 72 08 09 01 07 06 05 46 03 63 00 45 67 24 34 55 04 18 15 56 11 19 14 64 17 12 16 10 
38 36 37 30 33 39 31 34 35 60 53 21 59 58 50 54 51 55 56 65 23 71 20 25 28 29 27 24 22 62 44 45 41 46 43 48 11 49 40 61 75 67 70 68 76 73 72 01 74 66 09 04 07 02 63 08 00 47 03 05 42 69 26 32 52 06 19 18 12 17 10 57 14 13 15 64 16 
37 30 34 32 60 38 33 36 39 35 65 50 20 55 52 59 53 57 54 56 72 25 24 26 62 23 28 21 29 22 49 47 43 44 61 45 40 12 42 46 74 71 73 75 68 76 67 66 00 69 03 01 08 09 02 63 04 05 48 06 41 70 27 31 51 07 14 64 10 18 11 15 58 19 16 13 17 
33 39 60 38 36 31 34 35 32 30 57 54 53 65 23 51 55 56 52 50 28 29 62 74 21 27 24 22 26 25 41 46 45 42 47 61 44 43 14 40 70 68 67 69 66 71 76 75 73 03 07 02 04 06 05 01 63 09 08 49 48 72 20 37 58 00 17 11 64 10 13 19 18 16 59 15 12 
06 63 07 02 00 66 03 08 01 04 37 60 32 31 35 40 38 33 36 34 52 65 51 56 58 05 59 53 57 55 50 28 23 21 20 27 62 26 22 24 25 18 14 11 10 12 17 64 16 13 15 73 74 71 67 72 70 76 69 68 29 19 54 09 39 75 30 48 41 49 43 61 42 47 46 45 44 
05 08 06 63 03 01 09 70 04 00 38 33 30 32 60 36 39 41 34 37 50 53 52 65 59 57 54 07 55 58 21 51 29 24 23 26 28 25 62 20 11 27 19 10 12 14 16 18 15 64 71 17 75 67 72 74 69 73 66 76 22 13 56 02 35 68 47 49 42 44 31 43 40 45 61 48 46 
09 04 03 01 07 02 69 00 63 08 31 34 39 38 36 35 42 37 60 33 54 55 59 57 51 56 06 58 65 53 22 20 52 62 27 23 24 29 21 28 13 12 26 64 18 17 14 10 19 11 68 72 16 76 73 70 74 67 75 71 25 15 50 05 30 66 46 41 49 32 48 45 44 61 47 43 40 
02 00 09 04 06 63 05 03 73 07 32 37 35 39 34 60 30 38 43 31 56 58 54 55 52 65 50 59 08 51 62 23 25 53 26 29 20 22 24 27 64 14 15 28 17 16 19 12 13 10 76 74 66 18 70 69 75 72 68 67 21 11 57 01 36 71 61 42 44 40 49 48 46 33 45 41 47 
04 06 01 07 02 00 63 05 03 75 35 32 34 36 31 37 60 30 38 44 55 52 57 51 56 58 65 50 59 09 20 25 62 23 22 21 26 24 27 54 12 15 64 14 29 13 11 16 10 17 72 66 76 74 19 68 71 69 67 70 28 18 53 08 33 73 48 46 47 61 40 42 45 49 41 39 43 
07 02 08 09 67 06 00 63 05 01 45 35 31 33 39 32 37 60 30 36 51 56 53 54 04 52 58 65 50 57 26 62 20 25 55 28 22 27 29 21 16 64 12 15 11 24 18 13 17 19 69 76 72 66 71 10 73 68 70 75 23 14 59 03 38 74 42 34 43 48 61 46 41 40 44 47 49 
63 03 68 00 05 08 01 09 07 06 30 38 60 46 37 33 36 39 31 32 65 59 02 58 50 53 57 54 51 52 28 29 21 27 25 56 23 62 20 26 18 19 11 17 16 15 22 14 64 12 73 75 71 70 69 66 13 74 76 72 24 10 55 04 34 67 43 40 35 47 44 49 61 41 48 42 45 
03 71 00 05 08 09 07 04 02 63 33 47 38 37 30 39 31 34 35 60 59 01 58 50 53 54 51 55 56 65 29 24 27 22 28 20 57 23 25 62 19 10 17 13 64 18 12 21 14 15 75 67 70 68 76 73 72 11 74 66 26 16 52 06 32 69 44 43 48 41 45 36 49 46 40 61 42 
72 05 04 06 63 03 08 01 09 02 60 30 48 34 32 38 33 36 39 35 00 50 55 52 65 59 53 57 54 56 23 21 28 29 62 24 25 58 26 22 14 11 18 19 13 64 10 15 20 16 74 71 73 75 68 76 67 66 12 69 27 17 51 07 31 70 49 61 45 43 47 40 37 44 42 46 41 
08 09 63 74 01 07 04 02 06 05 36 39 33 60 49 31 34 35 32 30 53 54 65 03 57 51 55 56 52 50 27 22 24 26 21 62 29 28 59 25 17 13 10 16 15 11 64 19 18 23 70 68 67 69 66 71 76 75 73 14 20 12 58 00 37 72 41 47 61 45 46 44 43 42 38 40 48 
21 27 25 28 29 24 22 26 20 23 44 41 47 40 43 45 46 42 48 49 11 17 15 18 19 10 13 16 12 14 67 69 68 72 75 66 70 71 73 74 34 32 35 37 38 39 30 31 36 33 55 52 56 58 59 54 50 51 57 53 62 60 65 64 76 63 04 09 05 02 06 07 01 00 08 03 61 
36 31 30 33 39 34 35 32 37 38 54 51 57 50 53 55 56 52 58 59 21 27 25 28 29 24 22 26 20 23 45 42 46 48 44 40 41 47 43 49 67 69 68 72 74 75 66 70 71 73 04 06 02 00 03 09 05 07 01 08 64 63 76 60 62 61 10 19 15 13 16 17 11 12 18 14 65 
47 41 40 43 44 45 46 42 48 49 19 17 11 15 18 10 13 16 12 14 71 70 66 73 75 67 68 69 72 74 04 06 02 00 09 05 07 01 08 03 55 52 56 58 59 54 50 51 57 53 24 26 22 20 23 29 25 27 21 28 76 64 61 62 65 60 34 39 30 35 32 31 36 37 33 38 63 
71 70 66 73 75 67 68 69 72 74 09 07 01 05 08 04 02 06 00 03 36 31 30 33 39 34 35 32 37 38 55 52 56 58 54 50 51 57 53 59 45 42 46 48 49 44 40 41 47 43 10 16 13 12 14 19 15 17 11 18 61 76 60 65 63 62 24 29 25 22 26 27 21 20 28 23 64 
11 17 15 18 19 10 13 16 12 14 75 70 71 66 73 67 68 69 72 74 01 07 05 08 09 04 02 06 00 03 34 32 35 37 39 30 31 36 33 38 24 26 22 20 23 29 25 27 21 28 45 42 46 48 49 44 40 41 47 43 63 65 64 61 60 76 55 54 50 56 52 51 57 58 53 59 62 
01 07 05 08 09 04 02 06 00 03 39 31 36 30 33 34 35 32 37 38 57 51 50 53 54 55 56 52 58 59 24 26 22 20 29 25 27 21 28 23 10 16 13 12 14 19 15 17 11 18 67 69 68 72 74 75 66 70 71 73 65 62 63 76 61 64 45 44 40 46 42 41 47 48 43 49 60 
52 65 51 56 58 05 59 53 57 55 20 62 26 27 22 15 23 28 21 24 42 61 41 46 48 25 49 43 47 45 30 18 14 11 12 17 64 16 13 10 40 08 03 01 04 00 07 63 06 02 50 33 38 36 34 37 31 60 32 35 19 09 44 54 29 39 66 72 70 74 73 76 69 71 68 67 75 
51 56 53 54 04 52 58 65 50 57 10 22 27 28 29 26 20 62 25 21 41 46 43 44 24 42 48 61 40 47 16 64 12 15 34 18 13 17 19 11 06 63 00 05 01 45 08 02 07 09 32 60 37 30 36 55 33 35 31 39 14 03 49 59 23 38 69 67 73 72 76 68 70 66 75 71 74 
65 59 02 58 50 53 57 54 51 52 25 23 62 13 20 28 21 29 27 26 61 49 22 48 40 43 47 44 41 42 18 19 11 17 15 35 14 64 12 16 08 09 01 07 06 05 46 03 63 00 33 39 36 31 32 30 56 38 60 37 10 04 45 55 24 34 73 66 68 71 75 74 76 70 72 69 67 
54 55 59 57 51 56 06 58 65 53 27 24 29 23 21 22 16 20 62 28 44 45 49 47 41 46 26 48 61 43 13 12 32 64 17 14 10 19 11 18 02 00 42 63 08 07 03 04 09 01 35 37 52 60 33 31 38 34 39 36 15 05 40 50 25 30 68 70 74 69 72 67 75 76 71 73 66 
50 53 52 65 59 57 54 07 55 58 23 28 25 26 62 21 29 17 24 20 40 43 42 61 49 47 44 27 45 48 11 31 19 10 14 16 18 15 64 12 01 41 09 04 00 03 06 08 05 63 36 51 39 34 37 38 32 33 30 60 13 02 46 56 22 35 71 74 69 75 70 73 66 67 76 72 68 
59 01 58 50 53 54 51 55 56 65 28 11 23 20 25 29 27 24 22 62 49 21 48 40 43 44 41 45 46 61 19 10 17 13 18 12 36 14 15 64 09 04 07 02 63 08 00 47 03 05 39 34 31 35 60 33 37 57 38 30 16 06 42 52 26 32 75 73 72 70 67 71 74 68 66 76 69 
00 50 55 52 65 59 53 57 54 56 62 25 12 24 26 23 28 21 29 22 20 40 45 42 61 49 43 47 44 46 14 11 18 19 64 10 15 37 16 13 03 01 08 09 02 63 04 05 48 06 38 36 33 39 35 60 34 30 58 32 17 07 41 51 27 31 74 76 67 73 71 66 72 75 69 68 70 
56 58 54 55 52 65 50 59 08 51 26 20 22 29 24 62 25 23 18 27 46 48 44 45 42 61 40 49 28 41 64 14 15 33 16 19 12 13 10 17 63 03 05 43 07 06 09 00 02 04 60 38 30 53 31 32 39 37 35 34 11 01 47 57 21 36 76 69 75 66 74 72 68 73 67 70 71 
53 54 65 03 57 51 55 56 52 50 21 29 28 62 14 27 24 22 26 25 43 44 61 23 47 41 45 46 42 40 17 13 10 16 11 64 19 18 38 15 07 02 04 06 05 01 63 09 08 49 31 35 34 32 30 36 60 39 33 59 12 00 48 58 20 37 70 71 76 67 68 75 73 69 74 66 72 
55 52 57 51 56 58 65 50 59 09 22 26 24 21 27 20 62 25 23 19 45 42 47 41 46 48 61 40 49 29 12 15 64 14 13 11 16 10 17 39 00 05 63 03 44 02 01 06 04 07 37 30 60 38 54 35 36 32 34 31 18 08 43 53 28 33 72 68 71 76 66 69 67 74 70 75 73 
57 51 50 53 54 55 56 52 58 59 29 27 21 25 28 24 22 26 20 23 47 41 40 43 44 45 46 42 48 49 10 16 13 12 19 15 17 11 18 14 04 06 02 00 03 09 05 07 01 08 34 32 35 37 38 39 30 31 36 33 60 61 62 63 64 65 67 75 66 68 69 70 71 72 73 74 76 
