55 72 73 70 69 76 75 66 74 68 03 00 08 07 06 63 09 05 04 01 34 37 33 32 30 60 39 31 38 35 54 65 51 59 45 58 53 52 50 56 44 61 41 49 46 67 48 43 42 40 19 64 15 14 10 20 13 18 17 16 57 47 36 71 02 12 62 11 23 29 25 28 27 24 26 21 22 
71 56 66 69 72 70 76 74 75 67 01 02 05 06 03 07 63 04 09 00 36 35 31 30 37 32 60 38 39 34 65 52 59 54 57 46 51 50 58 55 61 42 49 44 45 47 68 41 40 48 64 17 14 19 11 12 21 15 16 13 53 43 33 73 08 18 27 22 10 62 24 25 26 29 23 20 28 
68 69 57 76 70 75 74 73 66 72 06 01 02 63 07 09 04 08 05 03 35 30 36 60 32 39 38 33 31 37 59 54 53 51 56 50 47 65 52 58 49 44 43 41 48 46 40 71 61 42 14 19 18 15 13 10 16 22 64 17 55 45 34 67 00 11 29 21 26 24 28 12 62 25 27 23 20 
73 67 74 58 68 69 70 75 76 71 00 08 04 03 01 06 07 09 63 02 33 34 38 37 35 30 32 39 60 36 52 50 54 65 53 55 59 48 56 57 42 40 44 61 47 43 45 49 72 46 17 16 19 64 12 18 11 14 23 10 51 41 31 66 05 15 26 28 20 27 29 24 13 62 21 22 25 
70 75 72 66 59 73 71 68 67 76 09 07 03 05 04 08 02 01 00 63 32 39 37 31 38 33 36 35 34 60 57 53 56 55 52 54 58 51 49 65 47 43 46 45 61 42 44 48 41 74 12 18 10 11 64 17 19 13 15 24 50 40 30 69 06 16 28 27 29 22 21 23 25 20 14 62 26 
69 76 68 74 75 51 73 67 71 70 63 06 01 04 09 05 08 00 02 07 30 60 35 38 39 31 33 34 36 32 53 41 55 57 50 65 56 59 54 52 43 66 45 47 42 40 61 46 49 44 18 25 11 12 17 16 64 10 14 19 58 48 37 72 03 13 15 26 62 28 20 21 24 22 29 27 23 
66 71 75 68 67 72 50 76 70 73 02 05 09 01 00 03 06 63 07 08 31 36 39 35 34 37 30 60 32 33 40 58 65 52 51 57 54 56 55 53 69 48 61 42 43 41 47 44 46 45 26 13 64 17 18 15 12 19 10 11 59 49 38 74 04 14 23 25 22 16 62 29 21 27 20 28 24 
74 73 76 67 71 68 72 52 69 66 08 04 63 00 02 01 03 07 06 05 38 33 60 34 36 35 37 32 30 31 58 56 42 50 59 53 65 55 57 51 48 46 70 40 41 49 43 61 45 47 13 10 27 16 15 14 18 64 11 12 54 44 39 75 09 19 21 24 28 23 17 62 20 26 22 25 29 
72 70 67 75 76 74 66 71 53 69 07 03 00 09 63 04 05 02 08 06 37 32 34 39 60 38 31 36 33 30 51 59 57 43 58 52 55 54 65 50 41 49 47 73 40 48 42 45 44 61 15 14 12 28 16 13 17 11 19 64 56 46 35 68 01 10 24 23 27 25 22 20 29 18 62 26 21 
76 74 69 73 66 71 67 72 68 54 04 63 06 08 05 02 00 03 01 09 60 38 30 33 31 36 34 37 35 39 55 57 58 56 65 59 50 53 51 44 45 47 48 46 75 61 49 40 43 41 11 12 13 10 29 64 14 16 18 15 52 42 32 70 07 17 22 62 24 20 23 26 28 21 25 19 27 
12 46 15 16 13 17 64 14 19 11 35 71 66 69 72 70 76 74 75 67 02 10 05 06 03 07 63 04 09 00 60 32 38 39 36 01 31 30 37 34 62 27 24 29 20 22 56 25 26 23 61 42 49 44 45 47 68 41 40 48 33 28 08 18 73 43 52 57 21 65 59 51 50 54 58 55 53 
45 13 18 17 16 64 19 15 14 10 72 34 73 70 69 76 75 66 74 68 11 03 08 07 06 63 09 05 04 01 39 60 31 38 00 37 33 32 30 35 29 62 25 24 21 55 23 28 27 26 44 61 41 49 46 67 48 43 42 40 36 22 02 12 71 47 65 20 58 54 51 53 52 59 50 56 57 
10 16 47 64 17 19 14 18 15 13 69 68 36 76 70 75 74 73 66 72 01 06 12 63 07 09 04 08 05 03 38 39 33 31 35 30 02 60 32 37 24 29 28 25 23 21 26 57 62 27 49 44 43 41 48 46 40 71 61 42 34 20 00 11 67 45 54 56 50 59 53 22 65 51 52 58 55 
18 11 14 48 10 16 17 19 64 12 67 73 74 37 68 69 70 75 76 71 08 00 04 13 01 06 07 09 63 02 32 30 39 60 33 34 38 03 35 36 27 26 29 62 22 28 20 24 58 21 42 40 44 61 47 43 45 49 72 46 31 25 05 15 66 41 50 53 55 52 54 59 23 65 56 57 51 
17 19 13 15 49 18 12 10 11 64 75 70 72 66 38 73 71 68 67 76 07 09 03 05 14 08 02 01 00 63 36 33 35 34 32 39 37 31 04 60 22 28 21 20 62 27 29 23 25 59 47 43 46 45 61 42 44 48 41 74 30 26 06 16 69 40 53 52 54 57 56 58 51 55 24 65 50 
16 64 10 14 19 41 18 11 12 17 76 69 68 74 75 31 73 67 71 70 06 63 01 04 09 15 08 00 02 07 33 05 34 36 30 60 35 38 39 32 28 51 20 22 27 26 62 21 24 29 43 66 45 47 42 40 61 46 49 44 37 23 03 13 72 48 25 50 65 53 55 56 59 57 54 52 58 
15 12 19 10 11 13 40 64 17 18 71 66 75 68 67 72 30 76 70 73 05 02 09 01 00 03 16 63 07 08 06 37 60 32 31 36 39 35 34 33 50 23 62 27 28 25 22 29 21 20 69 48 61 42 43 41 47 44 46 45 38 24 04 14 74 49 58 51 57 26 65 54 56 52 55 53 59 
14 18 64 11 12 10 13 42 16 15 73 74 76 67 71 68 72 32 69 66 04 08 63 00 02 01 03 17 06 05 37 35 07 30 38 33 60 34 36 31 23 21 52 26 25 24 28 62 20 22 48 46 70 40 41 49 43 61 45 47 39 29 09 19 75 44 56 59 53 58 27 65 55 50 57 51 54 
13 17 11 19 64 14 15 12 43 16 70 72 67 75 76 74 66 71 33 69 03 07 00 09 63 04 05 02 18 06 31 38 36 08 37 32 34 39 60 30 25 24 22 53 26 23 27 20 29 62 41 49 47 73 40 48 42 45 44 61 35 21 01 10 68 46 59 58 52 51 57 55 54 28 65 50 56 
64 14 16 18 15 12 11 13 10 44 74 76 69 73 66 71 67 72 68 39 63 04 06 08 05 02 00 03 01 19 34 36 37 35 60 38 30 33 31 09 20 22 23 21 54 62 24 26 28 25 45 47 48 46 75 61 49 40 43 41 32 27 07 17 70 42 57 65 59 55 58 50 53 56 51 29 52 
20 48 43 42 40 61 44 41 49 46 13 55 18 17 16 64 19 15 14 10 45 72 73 70 69 76 75 66 74 68 09 63 05 04 67 03 08 07 06 01 54 65 51 59 56 11 58 53 52 50 29 62 25 24 21 34 23 28 27 26 02 57 71 47 12 22 60 00 37 39 31 33 32 38 30 35 36 
47 21 41 40 48 42 61 49 44 45 56 12 15 16 13 17 64 14 19 11 71 46 66 69 72 70 76 74 75 67 63 07 04 09 02 68 05 06 03 00 65 52 59 54 55 57 10 51 50 58 62 27 24 29 20 22 35 25 26 23 08 53 73 43 18 28 32 36 01 60 38 31 30 39 37 34 33 
46 40 22 61 42 44 49 43 41 48 16 10 57 64 17 19 14 18 15 13 68 69 47 76 70 75 74 73 66 72 04 09 08 05 01 06 71 63 07 03 59 54 53 51 58 56 50 12 65 52 24 29 28 25 23 21 26 36 62 27 00 55 67 45 11 20 39 35 30 38 33 02 60 31 32 37 34 
43 45 49 23 46 40 42 44 61 47 11 18 14 58 10 16 17 19 64 12 73 67 74 48 68 69 70 75 76 71 07 06 09 63 08 00 04 72 01 02 52 50 54 65 57 53 55 59 13 56 27 26 29 62 22 28 20 24 37 21 05 51 66 41 15 25 30 33 34 32 39 38 03 60 35 36 31 
42 44 48 41 24 43 47 46 45 61 19 17 13 15 59 18 12 10 11 64 70 75 72 66 49 73 71 68 67 76 02 08 01 00 07 09 03 05 74 63 57 53 56 55 65 52 54 58 51 14 22 28 21 20 62 27 29 23 25 38 06 50 69 40 16 26 33 32 39 36 35 37 31 34 04 60 30 
40 61 46 49 44 25 43 45 47 42 64 16 10 14 19 51 18 11 12 17 69 76 68 74 75 41 73 67 71 70 08 66 00 02 06 63 01 04 09 07 53 15 55 57 52 50 65 56 59 54 28 31 20 22 27 26 62 21 24 29 03 58 72 48 13 23 05 30 60 33 34 35 38 36 39 32 37 
41 47 44 46 45 48 26 61 42 43 12 15 19 10 11 13 50 64 17 18 66 71 75 68 67 72 40 76 70 73 69 03 63 07 05 02 09 01 00 08 16 58 65 52 53 51 57 54 56 55 30 23 62 27 28 25 22 29 21 20 04 59 74 49 14 24 37 31 36 06 60 39 35 32 34 33 38 
49 43 61 45 47 46 48 27 40 41 18 14 64 11 12 10 13 52 16 15 74 73 76 67 71 68 72 42 69 66 03 01 70 06 04 08 63 00 02 05 58 56 17 50 51 59 53 65 55 57 23 21 32 26 25 24 28 62 20 22 09 54 75 44 19 29 35 38 33 37 07 60 34 30 36 31 39 
48 42 45 44 61 49 41 47 28 40 17 13 11 19 64 14 15 12 53 16 72 70 67 75 76 74 66 71 43 69 05 04 02 73 03 07 00 09 63 06 51 59 57 18 50 58 52 55 54 65 25 24 22 33 26 23 27 20 29 62 01 56 68 46 10 21 38 37 32 31 36 34 39 08 60 30 35 
61 49 40 43 41 47 45 48 46 29 14 64 16 18 15 12 11 13 10 54 76 74 69 73 66 71 67 72 68 44 00 02 03 01 63 04 06 08 05 75 55 57 58 56 19 65 59 50 53 51 20 22 23 21 39 62 24 26 28 25 07 52 70 42 17 27 36 60 38 34 37 30 33 35 31 09 32 
25 22 29 21 20 23 16 62 27 28 47 41 44 46 45 48 69 61 42 43 15 12 19 10 11 13 50 64 17 18 26 72 76 70 66 71 75 68 67 73 30 37 60 32 33 31 36 39 35 34 06 58 65 52 53 51 57 54 56 55 74 38 14 24 49 59 03 05 02 40 63 09 01 07 00 08 04 
26 62 21 24 29 15 28 20 22 27 61 40 46 49 44 66 43 45 47 42 16 64 10 14 19 51 18 11 12 17 73 25 67 71 69 76 68 74 75 70 33 31 34 36 32 30 60 35 38 39 53 05 55 57 52 50 65 56 59 54 72 37 13 23 48 58 41 06 63 08 00 01 04 02 09 07 03 
24 28 62 20 22 21 23 17 26 25 43 49 61 45 47 46 48 70 40 41 14 18 64 11 12 10 13 52 16 15 72 68 27 69 74 73 76 67 71 66 37 35 32 30 31 38 33 60 34 36 58 56 07 50 51 59 53 65 55 57 75 39 19 29 44 54 01 04 08 03 42 63 00 06 02 05 09 
23 27 20 29 62 24 25 22 18 26 42 48 45 44 61 49 41 47 73 40 13 17 11 19 64 14 15 12 53 16 66 74 71 28 72 70 67 75 76 69 31 38 36 33 30 37 32 34 39 60 51 59 57 08 50 58 52 55 54 65 68 35 10 21 46 56 04 03 07 05 02 00 09 43 63 06 01 
11 23 28 27 26 62 29 25 24 21 48 67 43 42 40 61 44 41 49 46 55 13 18 17 16 64 19 15 14 10 75 76 66 74 20 72 73 70 69 68 39 60 31 38 35 34 37 33 32 30 54 65 51 59 56 00 58 53 52 50 71 36 12 22 47 57 63 45 03 09 05 08 07 04 06 01 02 
22 10 25 26 23 27 62 24 29 20 68 47 41 40 48 42 61 49 44 45 12 56 15 16 13 17 64 14 19 11 76 70 74 75 71 21 66 69 72 67 60 32 38 39 34 36 35 31 30 37 65 52 59 54 55 57 01 51 50 58 73 33 18 28 43 53 07 02 46 63 04 05 06 09 03 00 08 
21 26 12 62 27 29 24 28 25 23 40 46 71 61 42 44 49 43 41 48 10 16 57 64 17 19 14 18 15 13 74 75 73 66 68 69 22 76 70 72 38 39 33 31 37 35 30 36 60 32 59 54 53 51 58 56 50 02 65 52 67 34 11 20 45 55 09 01 06 04 08 47 63 05 07 03 00 
28 20 24 13 21 26 27 29 62 22 45 43 49 72 46 40 42 44 61 47 18 11 14 58 10 16 17 19 64 12 70 69 75 76 73 67 74 23 68 71 32 30 39 60 36 33 34 38 37 35 52 50 54 65 57 53 55 59 03 56 66 31 15 25 41 51 06 08 00 07 09 04 48 63 01 02 05 
27 29 23 25 14 28 22 21 20 62 44 42 48 41 74 43 47 46 45 61 17 19 13 15 59 18 12 10 11 64 71 73 68 67 70 75 72 66 24 76 36 33 35 34 60 32 39 37 31 38 57 53 56 55 65 52 54 58 51 04 69 30 16 26 40 50 08 07 09 02 01 03 05 00 49 63 06 
62 24 26 28 25 22 20 23 21 19 49 61 40 43 41 47 45 48 46 75 64 14 16 18 15 12 11 13 10 54 67 71 72 68 76 74 69 73 66 29 34 36 37 35 39 60 38 30 33 31 55 57 58 56 09 65 59 50 53 51 70 32 17 27 42 52 02 63 04 00 03 06 08 01 05 44 07 
31 36 39 35 34 37 30 60 32 33 57 51 54 56 55 58 26 65 52 53 25 22 29 21 20 23 69 62 27 28 16 48 61 42 41 47 44 46 45 43 06 72 76 70 73 66 71 75 68 67 40 03 63 07 08 05 02 09 01 00 49 74 24 38 59 04 13 15 12 50 64 19 10 17 11 18 14 
30 60 35 38 39 31 33 34 36 32 65 50 56 59 54 25 53 55 57 52 26 62 21 24 29 66 28 20 22 27 43 15 45 47 40 61 46 49 44 42 73 05 67 71 70 69 76 68 74 75 08 41 00 02 07 06 63 01 04 09 48 72 23 37 58 03 51 16 64 18 11 10 14 12 19 17 13 
38 33 60 34 36 35 37 32 30 31 53 59 65 55 57 56 58 27 50 51 24 28 62 20 22 21 23 70 26 25 48 46 17 40 49 43 61 45 47 41 72 68 07 69 66 74 73 76 67 71 03 01 42 06 05 04 08 63 00 02 44 75 29 39 54 09 10 14 18 13 52 64 11 16 12 15 19 
37 32 34 39 60 38 31 36 33 30 52 58 55 54 65 59 51 57 28 50 23 27 20 29 62 24 25 22 73 26 41 49 47 18 48 42 45 44 61 40 66 74 71 08 69 72 70 67 75 76 05 04 02 43 06 03 07 00 09 63 46 68 21 35 56 01 14 13 17 15 12 11 19 53 64 16 10 
60 38 30 33 31 36 34 37 35 39 59 65 50 53 51 57 55 58 56 29 62 24 26 28 25 22 20 23 21 75 45 47 48 46 61 49 40 43 41 19 67 71 72 68 09 76 74 69 73 66 00 02 03 01 44 63 04 06 08 05 42 70 27 32 52 07 12 64 14 11 13 16 18 10 15 54 17 
34 37 33 32 30 60 39 31 38 35 58 20 53 52 50 65 54 51 59 56 67 23 28 27 26 62 29 25 24 21 44 61 41 49 11 48 43 42 40 46 75 76 66 74 68 00 72 73 70 69 09 63 05 04 01 45 03 08 07 06 47 71 22 36 57 02 64 55 13 19 15 18 17 14 16 10 12 
36 35 31 30 37 32 60 38 39 34 21 57 51 50 58 52 65 59 54 55 22 68 25 26 23 27 62 24 29 20 61 42 49 44 47 10 41 40 48 45 76 70 74 75 67 71 01 66 69 72 63 07 04 09 00 02 46 05 06 03 43 73 28 33 53 08 17 12 56 64 14 15 16 19 13 11 18 
35 30 36 60 32 39 38 33 31 37 50 56 22 65 52 54 59 53 51 58 21 26 71 62 27 29 24 28 25 23 49 44 43 41 46 40 12 61 42 48 74 75 73 66 72 68 69 02 76 70 04 09 08 05 03 01 06 47 63 07 45 67 20 34 55 00 19 10 16 14 18 57 64 15 17 13 11 
33 34 38 37 35 30 32 39 60 36 55 53 59 23 56 50 52 54 65 57 28 20 24 72 21 26 27 29 62 22 42 40 44 61 43 45 49 13 46 47 70 69 75 76 71 73 67 74 03 68 07 06 09 63 02 08 00 04 48 01 41 66 25 31 51 05 16 18 11 17 19 14 58 64 10 12 15 
32 39 37 31 38 33 36 35 34 60 54 52 58 51 24 53 57 56 55 65 27 29 23 25 74 28 22 21 20 62 47 43 46 45 42 44 48 41 14 61 71 73 68 67 76 70 75 72 66 04 02 08 01 00 63 07 09 03 05 49 40 69 26 30 50 06 18 17 19 12 10 13 15 11 59 64 16 
05 02 09 01 00 03 69 63 07 08 36 31 39 35 34 37 40 60 32 33 51 57 54 56 55 58 06 65 52 53 50 23 62 27 25 22 29 21 20 28 26 13 64 17 18 15 12 19 10 11 16 72 76 70 73 66 71 75 68 67 24 14 59 04 38 74 48 41 47 30 61 44 46 42 45 43 49 
06 63 01 04 09 66 08 00 02 07 60 30 35 38 39 41 33 34 36 32 50 65 56 59 54 05 53 55 57 52 28 51 20 22 26 62 21 24 29 27 18 25 11 12 17 16 64 10 14 19 73 15 67 71 70 69 76 68 74 75 23 13 58 03 37 72 31 40 61 43 45 46 49 47 44 42 48 
04 08 63 00 02 01 03 70 06 05 33 38 60 34 36 35 37 42 30 31 59 53 65 55 57 56 58 07 50 51 23 21 52 26 24 28 62 20 22 25 13 10 27 16 15 14 18 64 11 12 72 68 17 69 66 74 73 76 67 71 29 19 54 09 39 75 46 49 43 48 32 61 45 40 47 41 44 
03 07 00 09 63 04 05 02 73 06 32 37 34 39 60 38 31 36 43 30 58 52 55 54 65 59 51 57 08 50 25 24 22 53 23 27 20 29 62 26 15 14 12 28 16 13 17 11 19 64 66 74 71 18 69 72 70 67 75 76 21 10 56 01 35 68 49 48 42 41 47 45 44 33 61 40 46 
63 04 06 08 05 02 00 03 01 75 38 60 30 33 31 36 34 37 35 44 65 59 50 53 51 57 55 58 56 09 20 22 23 21 62 24 26 28 25 54 11 12 13 10 29 64 14 16 18 15 67 71 72 68 19 76 74 69 73 66 27 17 52 07 32 70 47 61 49 45 48 40 43 46 41 39 42 
67 03 08 07 06 63 09 05 04 01 37 45 33 32 30 60 39 31 38 35 00 58 53 52 50 65 54 51 59 56 29 62 25 24 55 23 28 27 26 21 19 64 15 14 10 20 13 18 17 16 75 76 66 74 68 11 72 73 70 69 22 12 57 02 36 71 61 34 48 44 41 43 42 49 40 46 47 
02 68 05 06 03 07 63 04 09 00 46 36 31 30 37 32 60 38 39 34 57 01 51 50 58 52 65 59 54 55 62 27 24 29 22 56 25 26 23 20 64 17 14 19 11 12 21 15 16 13 76 70 74 75 67 71 10 66 69 72 28 18 53 08 33 73 42 47 35 61 49 41 40 44 48 45 43 
01 06 71 63 07 09 04 08 05 03 30 35 47 60 32 39 38 33 31 37 56 50 02 65 52 54 59 53 51 58 24 29 28 25 21 26 57 62 27 23 14 19 18 15 13 10 16 22 64 17 74 75 73 66 72 68 69 12 76 70 20 11 55 00 34 67 44 46 40 49 43 36 61 41 42 48 45 
08 00 04 72 01 06 07 09 63 02 34 33 38 48 35 30 32 39 60 36 53 55 59 03 56 50 52 54 65 57 27 26 29 62 28 20 24 58 21 22 17 16 19 64 12 18 11 14 23 10 70 69 75 76 71 73 67 74 13 68 25 15 51 05 31 66 40 43 45 42 44 49 37 61 46 47 41 
07 09 03 05 74 08 02 01 00 63 39 32 37 31 49 33 36 35 34 60 52 54 58 51 04 53 57 56 55 65 22 28 21 20 27 29 23 25 59 62 12 18 10 11 64 17 19 13 15 24 71 73 68 67 76 70 75 72 66 14 26 16 50 06 30 69 43 42 44 47 46 48 41 45 38 61 40 
29 25 27 22 28 20 21 26 23 24 41 44 42 47 43 45 46 40 48 49 19 15 17 12 18 11 10 16 13 14 68 67 69 72 75 66 70 71 73 74 35 34 30 37 38 39 31 32 36 33 56 55 50 58 59 54 51 52 57 53 62 60 65 64 76 63 00 09 05 01 06 07 02 03 08 04 61 
39 31 32 36 33 34 35 30 37 38 51 54 52 57 53 55 56 50 58 59 29 25 27 22 28 20 21 26 23 24 46 45 40 48 44 41 42 47 43 49 68 67 69 72 74 75 66 70 71 73 01 00 06 03 04 09 05 07 02 08 64 63 76 60 62 61 11 19 15 10 16 17 12 13 18 14 65 
44 41 42 47 43 45 46 40 48 49 15 19 17 12 18 11 10 16 13 14 75 66 70 71 73 67 68 69 72 74 01 00 06 03 09 05 07 02 08 04 56 55 50 58 59 54 51 52 57 53 21 20 26 23 24 29 25 27 22 28 76 64 61 62 65 60 34 39 31 35 30 32 36 37 33 38 63 
75 66 70 71 73 67 68 69 72 74 05 09 07 02 08 00 01 06 03 04 39 31 32 36 33 34 35 30 37 38 56 55 50 58 54 51 52 57 53 59 46 45 40 48 49 44 41 42 47 43 10 11 16 13 14 19 15 17 12 18 61 76 60 65 63 62 20 29 25 21 26 27 22 23 28 24 64 
19 15 17 12 18 11 10 16 13 14 66 75 70 71 73 67 68 69 72 74 09 05 07 02 08 00 01 06 03 04 35 34 30 37 39 31 32 36 33 38 21 20 26 23 24 29 25 27 22 28 46 45 40 48 49 44 41 42 47 43 63 65 64 61 60 76 55 54 51 56 50 52 57 58 53 59 62 
09 05 07 02 08 00 01 06 03 04 31 39 32 36 33 34 35 30 37 38 54 51 52 57 53 55 56 50 58 59 21 20 26 23 29 25 27 22 28 24 10 11 16 13 14 19 15 17 12 18 68 67 69 72 74 75 66 70 71 73 65 62 63 76 61 64 45 44 41 46 40 42 47 48 43 49 60 
50 65 56 59 54 05 53 55 57 52 62 26 21 24 29 15 28 20 22 27 40 61 46 49 44 25 43 45 47 42 18 31 11 12 16 64 10 14 19 17 08 41 00 02 07 06 63 01 04 09 33 51 34 36 32 30 60 35 38 39 13 03 48 58 23 37 66 69 76 73 67 68 74 71 75 70 72 
00 58 53 52 50 65 54 51 59 56 23 11 28 27 26 62 29 25 24 21 20 48 43 42 40 61 44 41 49 46 19 64 15 14 34 13 18 17 16 10 09 63 05 04 01 45 03 08 07 06 39 60 31 38 35 55 37 33 32 30 12 02 47 57 22 36 76 67 72 75 66 73 70 74 69 68 71 
57 01 51 50 58 52 65 59 54 55 10 22 25 26 23 27 62 24 29 20 47 21 41 40 48 42 61 49 44 45 64 17 14 19 12 35 15 16 13 11 63 07 04 09 00 02 46 05 06 03 60 32 38 39 34 36 56 31 30 37 18 08 43 53 28 33 70 71 68 76 74 66 69 75 72 67 73 
51 57 54 56 55 58 06 65 52 53 22 25 29 21 20 23 16 62 27 28 41 47 44 46 45 48 26 61 42 43 30 13 64 17 15 12 19 10 11 18 40 03 63 07 08 05 02 09 01 00 50 37 60 32 33 31 36 39 35 34 14 04 49 59 24 38 72 66 71 69 76 75 68 70 67 73 74 
59 53 65 55 57 56 58 07 50 51 28 24 62 20 22 21 23 17 26 25 49 43 61 45 47 46 48 27 40 41 13 10 32 16 14 18 64 11 12 15 03 01 42 06 05 04 08 63 00 02 37 35 52 30 31 38 33 60 34 36 19 09 44 54 29 39 68 74 73 72 70 76 67 69 71 66 75 
56 50 02 65 52 54 59 53 51 58 26 21 12 62 27 29 24 28 25 23 46 40 22 61 42 44 49 43 41 48 14 19 18 15 10 16 36 64 17 13 04 09 08 05 03 01 06 47 63 07 38 39 33 31 37 35 30 57 60 32 11 00 45 55 20 34 75 68 69 74 73 71 76 66 70 72 67 
53 55 59 03 56 50 52 54 65 57 20 28 24 13 21 26 27 29 62 22 43 45 49 23 46 40 42 44 61 47 17 16 19 64 18 11 14 37 10 12 07 06 09 63 02 08 00 04 48 01 32 30 39 60 36 33 34 38 58 35 15 05 41 51 25 31 69 73 67 70 75 74 72 76 68 71 66 
58 52 55 54 65 59 51 57 08 50 27 23 20 29 62 24 25 22 18 26 48 42 45 44 61 49 41 47 28 40 15 14 12 33 13 17 11 19 64 16 05 04 02 43 06 03 07 00 09 63 31 38 36 53 30 37 32 34 39 60 10 01 46 56 21 35 74 72 70 66 71 67 75 73 76 69 68 
52 54 58 51 04 53 57 56 55 65 29 27 23 25 14 28 22 21 20 62 42 44 48 41 24 43 47 46 45 61 12 18 10 11 17 19 13 15 38 64 02 08 01 00 63 07 09 03 05 49 36 33 35 34 60 32 39 37 31 59 16 06 40 50 26 30 73 70 75 71 68 72 66 67 74 76 69 
65 59 50 53 51 57 55 58 56 09 24 62 26 28 25 22 20 23 21 19 61 49 40 43 41 47 45 48 46 29 11 12 13 10 64 14 16 18 15 39 00 02 03 01 44 63 04 06 08 05 34 36 37 35 54 60 38 30 33 31 17 07 42 52 27 32 71 76 74 67 72 69 73 68 66 75 70 
54 51 52 57 53 55 56 50 58 59 25 29 27 22 28 20 21 26 23 24 44 41 42 47 43 45 46 40 48 49 10 11 16 13 19 15 17 12 18 14 01 00 06 03 04 09 05 07 02 08 35 34 30 37 38 39 31 32 36 33 60 61 62 63 64 65 67 75 66 68 69 70 71 72 73 74 76 
