56 67 75 72 73 71 70 76 69 66 08 04 00 09 02 01 07 63 06 05 35 34 39 37 31 36 33 60 32 30 57 52 53 65 51 46 55 54 58 50 47 42 43 61 40 41 68 45 44 48 11 16 17 64 15 18 20 10 19 13 59 49 38 74 03 14 21 28 12 27 62 24 29 26 22 25 23 
70 57 73 69 72 75 67 74 76 68 02 01 07 08 06 09 04 03 63 00 33 36 31 32 37 39 34 38 60 35 54 65 55 59 58 53 47 51 52 56 44 61 45 49 46 48 43 71 41 42 19 64 10 14 12 13 17 21 18 16 50 40 30 66 05 15 29 22 27 24 23 11 28 62 26 20 25 
67 75 58 76 69 73 71 66 74 70 06 09 04 02 63 08 01 05 03 07 34 39 37 60 32 31 36 30 38 33 51 59 57 50 52 55 54 48 65 53 41 49 47 40 43 42 45 44 72 61 18 14 11 15 17 16 10 19 22 64 56 46 35 68 00 12 28 26 24 21 25 29 13 23 62 27 20 
71 73 69 59 76 72 75 68 66 67 63 08 01 06 03 02 09 00 05 04 36 31 32 38 60 37 39 35 30 34 58 50 54 56 65 57 51 52 49 55 48 40 44 46 45 61 47 41 42 74 13 15 19 12 10 64 11 18 16 23 53 43 33 70 07 17 22 62 21 29 20 28 26 25 14 24 27 
76 66 70 71 55 68 74 73 75 69 04 05 63 07 01 00 03 08 09 06 60 30 33 36 34 35 38 31 39 32 56 54 59 51 45 65 50 53 57 52 46 44 49 41 42 67 61 40 43 47 12 19 14 18 16 24 64 15 17 11 58 48 37 72 02 13 20 10 62 23 28 25 27 29 21 26 22 
69 74 68 67 70 50 76 75 71 72 07 03 06 00 04 05 63 09 01 02 32 38 35 34 33 30 60 39 36 37 40 57 65 54 53 52 59 56 55 58 66 47 61 44 48 43 42 49 46 45 25 11 64 19 13 17 16 14 12 10 51 41 31 73 08 18 15 27 26 62 29 23 20 21 24 22 28 
72 76 66 70 68 74 52 71 67 73 00 63 02 05 07 03 06 01 04 08 37 60 30 33 35 38 32 36 34 31 59 55 42 57 56 58 65 50 53 51 49 45 69 47 41 46 48 61 40 43 14 10 26 11 18 12 13 64 15 17 54 44 39 75 09 19 23 20 22 16 21 62 25 24 27 28 29 
75 72 76 66 74 69 73 53 68 71 03 02 09 63 05 06 08 07 00 01 39 37 60 30 38 32 31 33 35 36 52 56 51 43 59 54 58 65 50 57 42 46 41 70 47 49 44 48 61 40 16 12 18 27 11 14 19 13 64 15 55 45 34 67 04 10 26 23 29 28 17 22 62 20 25 21 24 
74 68 67 75 71 70 66 72 51 76 01 00 03 04 09 07 05 02 08 63 38 35 34 39 36 33 30 37 31 60 53 41 50 58 57 59 56 55 54 65 43 73 40 48 61 47 49 46 45 44 17 28 15 13 64 11 14 12 10 19 52 42 32 69 06 16 27 21 23 25 22 20 24 18 29 62 26 
73 69 74 68 66 76 72 67 70 54 05 06 08 03 00 63 02 04 07 09 31 32 38 35 30 60 37 34 33 39 65 53 58 55 50 51 52 59 56 44 61 43 48 45 75 40 41 42 49 46 64 17 13 10 29 15 18 16 14 12 57 47 36 71 01 11 62 25 28 22 24 26 23 27 20 19 21 
64 15 17 11 45 12 14 18 19 16 34 66 76 70 71 68 74 73 75 69 63 05 07 01 10 00 03 08 09 06 35 39 38 31 04 60 30 33 36 32 20 29 23 28 26 55 62 25 27 21 46 44 49 41 42 67 61 40 43 47 37 22 02 13 72 48 56 24 65 59 51 50 53 54 57 52 58 
17 47 18 16 13 19 10 14 64 12 72 36 70 73 69 75 67 74 76 68 07 11 08 06 02 09 04 03 63 00 39 60 34 38 37 33 01 31 32 35 29 62 24 23 20 22 27 57 28 26 44 61 45 49 46 48 43 71 41 42 30 25 05 15 66 40 54 58 53 55 59 21 51 65 52 56 50 
46 10 19 13 18 11 17 64 16 15 73 67 35 75 72 71 70 76 69 66 12 04 09 02 08 01 07 63 06 05 36 32 33 60 31 00 34 39 37 30 21 26 27 62 25 28 56 24 29 22 47 42 43 61 40 41 68 45 44 48 38 23 03 14 74 49 57 51 20 53 65 55 54 52 58 50 59 
10 19 48 64 16 18 11 15 14 17 69 75 67 37 76 73 71 66 74 70 04 09 13 63 06 08 01 05 03 07 31 38 36 30 32 34 39 02 60 33 28 23 21 25 27 26 24 29 58 62 41 49 47 40 43 42 45 44 72 61 35 20 00 12 68 46 51 52 55 57 50 54 22 59 65 53 56 
11 18 16 49 64 13 19 12 15 10 76 73 71 69 38 72 75 68 66 67 01 08 06 14 63 02 09 00 05 04 37 30 39 35 60 36 31 32 03 34 22 25 29 20 24 62 21 28 26 59 48 40 44 46 45 61 47 41 42 74 33 27 07 17 70 43 58 65 57 54 56 51 52 50 23 55 53 
16 14 12 10 17 40 64 19 11 13 70 74 69 68 67 30 76 75 71 72 06 03 00 04 07 15 63 09 01 02 05 36 60 39 33 32 38 35 34 37 50 21 62 29 22 27 26 23 20 24 66 47 61 44 48 43 42 49 46 45 31 28 08 18 73 41 25 53 52 65 54 59 56 57 55 58 51 
13 64 15 17 12 14 42 11 10 18 68 76 72 66 70 74 32 71 67 73 02 63 05 07 00 03 16 01 04 08 38 34 06 36 35 37 60 30 33 31 23 24 52 21 28 20 22 62 25 27 49 45 69 47 41 46 48 61 40 43 39 29 09 19 75 44 59 56 58 26 57 65 50 55 53 51 54 
19 13 64 15 14 16 18 43 12 11 74 72 75 76 66 69 73 33 68 71 09 02 63 05 03 06 08 17 00 01 32 35 31 07 38 39 37 60 30 36 26 20 28 53 21 23 29 22 62 25 42 46 41 70 47 49 44 48 61 40 34 24 04 10 67 45 52 59 54 51 27 58 65 56 50 57 55 
14 12 10 19 11 17 15 13 41 64 71 68 74 67 75 70 66 72 31 76 03 00 04 09 01 07 05 02 18 63 33 08 30 37 36 38 35 34 39 60 27 51 25 22 62 21 23 20 24 29 43 73 40 48 61 47 49 46 45 44 32 26 06 16 69 42 53 57 59 50 58 56 55 28 54 65 52 
18 16 14 12 15 64 13 10 17 44 66 69 73 74 68 76 72 67 70 39 08 06 03 00 05 63 02 04 07 19 60 33 37 34 30 31 32 38 35 09 62 27 22 24 54 25 28 26 23 20 61 43 48 45 75 40 41 42 49 46 36 21 01 11 71 47 65 50 51 58 55 52 59 53 56 29 57 
20 45 44 48 41 47 43 61 42 40 18 10 56 19 13 11 17 64 16 15 46 67 75 72 73 71 70 76 69 66 01 06 07 63 08 68 04 09 02 05 57 52 53 65 50 51 12 55 54 58 21 26 27 62 25 28 35 24 29 22 03 59 74 49 14 23 36 31 00 33 60 34 39 32 37 30 38 
43 21 41 42 48 44 45 49 61 46 13 57 17 18 16 19 10 14 64 12 70 47 73 69 72 75 67 74 76 68 09 63 04 03 02 07 71 08 06 00 54 65 55 59 56 58 53 11 51 52 29 62 24 23 20 22 27 36 28 26 05 50 66 40 15 25 39 37 33 34 38 01 31 60 32 35 30 
45 44 22 61 42 41 47 40 49 43 16 19 10 58 64 18 11 15 14 17 67 75 48 76 69 73 71 66 74 70 08 03 01 05 06 04 09 72 63 07 51 59 57 50 53 52 55 54 13 65 28 23 21 25 27 26 24 29 37 62 00 56 68 46 12 20 31 32 34 36 30 39 02 38 60 33 35 
47 41 42 23 61 48 44 46 40 45 64 18 11 16 59 13 19 12 15 10 71 73 69 49 76 72 75 68 66 67 02 05 09 00 63 01 08 06 74 04 58 50 54 56 55 65 57 51 52 14 22 25 29 20 24 62 21 28 26 38 07 53 70 43 17 27 37 60 36 39 35 31 32 30 03 34 33 
61 40 43 47 24 46 49 41 44 42 55 15 64 17 11 12 14 18 19 16 76 66 70 71 45 68 74 73 75 69 00 09 03 08 67 63 05 07 01 06 56 54 59 51 52 10 65 50 53 57 20 29 23 28 26 34 62 25 27 21 02 58 72 48 13 22 35 04 60 38 31 30 33 39 36 32 37 
42 49 46 45 43 25 61 44 47 48 17 14 16 12 10 50 64 19 11 13 69 74 68 67 70 40 76 75 71 72 66 01 63 09 07 06 03 00 04 02 15 57 65 54 58 53 52 59 56 55 30 21 62 29 22 27 26 23 20 24 08 51 73 41 18 28 05 33 32 60 39 38 35 36 34 37 31 
48 61 40 43 46 49 26 47 45 41 12 64 13 15 17 14 52 11 10 18 72 76 66 70 68 74 42 71 67 73 03 04 69 01 00 02 63 05 07 08 59 55 16 57 51 56 58 65 50 53 23 24 32 21 28 20 22 62 25 27 09 54 75 44 19 29 38 35 37 06 36 60 30 34 33 31 39 
44 48 61 40 49 42 41 27 46 47 14 13 19 64 15 16 18 53 12 11 75 72 76 66 74 69 73 43 68 71 06 00 08 70 03 09 02 63 05 01 52 56 51 17 57 59 54 58 65 50 26 20 28 33 21 23 29 22 62 25 04 55 67 45 10 24 32 38 39 31 07 37 60 35 30 36 34 
49 46 45 44 47 43 40 48 28 61 11 12 14 10 19 17 15 13 51 64 74 68 67 75 71 70 66 72 41 76 07 73 05 02 01 03 00 04 09 63 53 18 50 58 65 57 59 56 55 54 27 31 25 22 62 21 23 20 24 29 06 52 69 42 16 26 33 36 38 30 37 35 34 08 39 60 32 
41 42 49 46 40 61 48 45 43 29 15 16 18 14 12 64 13 10 17 54 73 69 74 68 66 76 72 67 70 44 63 07 02 04 05 08 06 03 00 75 65 53 58 55 19 50 51 52 59 56 62 27 22 24 39 25 28 26 23 20 01 57 71 47 11 21 60 30 31 37 34 32 38 33 35 09 36 
26 23 20 24 27 15 62 29 21 22 43 49 42 46 45 66 61 44 47 48 16 14 12 10 17 50 64 19 11 13 25 71 76 75 70 69 74 68 67 72 30 36 60 39 37 33 32 38 35 34 05 57 65 54 58 53 52 59 56 55 73 31 18 28 41 51 40 07 06 63 09 03 00 01 04 02 08 
23 20 24 29 21 27 25 22 18 62 47 46 49 45 44 43 40 48 73 61 14 12 10 19 11 17 15 13 51 64 70 28 66 72 71 74 68 67 75 76 33 31 30 37 60 36 38 35 34 39 53 08 50 58 65 57 59 56 55 54 69 32 16 26 42 52 07 01 03 05 02 00 04 41 09 63 06 
22 62 25 27 20 23 16 21 24 28 46 61 48 40 43 49 69 47 45 41 13 64 15 17 12 14 52 11 10 18 74 67 26 71 68 72 76 66 70 73 38 34 32 36 31 35 37 60 30 33 59 55 06 57 51 56 58 65 50 53 75 39 19 29 44 54 03 00 02 42 01 63 05 04 07 08 09 
29 22 62 25 23 26 28 17 20 21 49 48 44 61 40 42 41 70 46 47 19 13 64 15 14 16 18 53 12 11 69 68 73 27 74 75 72 76 66 71 32 35 31 33 36 38 39 37 60 30 52 56 51 07 57 59 54 58 65 50 67 34 10 24 45 55 06 03 09 08 43 02 63 00 05 01 04 
62 25 27 21 10 20 23 28 29 26 67 40 61 43 47 46 49 41 44 42 64 15 17 11 55 12 14 18 19 16 68 75 74 73 24 76 66 70 71 69 35 39 38 31 32 34 60 30 33 36 56 54 59 51 52 04 65 50 53 57 72 37 13 22 48 58 00 45 63 03 08 05 07 09 01 06 02 
12 24 29 22 28 21 27 62 26 25 41 45 68 44 48 47 43 61 42 40 56 10 19 13 18 11 17 64 16 15 71 69 70 76 73 20 67 75 72 66 36 32 33 60 30 31 35 34 39 37 57 52 53 65 50 51 00 55 54 58 74 38 14 23 49 59 01 08 46 07 63 04 09 06 02 05 03 
27 11 28 26 22 29 24 23 62 20 48 71 43 41 42 44 45 49 61 46 17 57 18 16 13 19 10 14 64 12 75 76 67 74 72 70 21 73 69 68 39 60 34 38 35 37 33 36 31 32 54 65 55 59 56 58 53 01 51 52 66 30 15 25 40 50 09 02 07 04 03 47 08 63 06 00 05 
24 29 13 62 26 28 21 25 23 27 42 44 45 72 61 41 47 40 49 43 10 19 58 64 16 18 11 15 14 17 73 74 71 66 69 67 75 22 76 70 31 38 36 30 33 32 34 39 37 60 51 59 57 50 53 52 55 54 02 65 68 35 12 20 46 56 08 06 04 01 05 09 48 03 63 07 00 
21 28 26 14 62 22 29 20 25 24 61 41 47 42 74 48 44 46 40 45 11 18 16 59 64 13 19 12 15 10 72 66 75 68 76 71 73 69 23 67 37 30 39 35 34 60 36 31 32 38 58 50 54 56 55 65 57 51 52 03 70 33 17 27 43 53 02 63 01 09 00 08 06 05 49 04 07 
28 26 23 20 25 62 22 24 27 19 40 42 41 49 46 61 48 45 43 75 18 16 14 12 15 64 13 10 17 54 76 70 72 67 66 73 69 74 68 29 60 33 37 34 39 30 31 32 38 35 65 53 58 55 09 50 51 52 59 56 71 36 11 21 47 57 63 05 08 02 04 06 03 07 00 44 01 
32 38 35 34 33 30 60 39 36 37 53 59 52 56 55 25 65 54 57 58 26 23 20 24 27 66 62 29 21 22 15 47 61 44 43 42 49 46 45 48 05 71 76 75 72 70 69 74 68 67 40 01 63 09 02 07 06 03 00 04 41 73 28 31 51 08 50 17 16 64 19 14 12 11 10 13 18 
38 35 34 39 36 33 30 37 31 60 57 56 59 55 54 53 50 58 28 65 23 20 24 29 21 27 25 22 73 62 43 18 40 48 47 49 46 45 44 61 70 08 66 72 76 71 74 68 67 75 07 41 05 02 63 01 03 00 04 09 42 69 26 32 52 06 17 11 14 15 13 12 10 51 19 64 16 
37 60 30 33 35 38 32 36 34 31 56 65 58 50 53 59 26 57 55 51 22 62 25 27 20 23 69 21 24 28 49 45 16 47 46 48 61 40 43 41 74 67 06 71 73 68 72 76 66 70 03 04 42 01 08 00 02 63 05 07 44 75 29 39 54 09 14 12 13 52 11 64 15 10 17 18 19 
39 37 60 30 38 32 31 33 35 36 59 58 54 65 50 52 51 27 56 57 29 22 62 25 23 26 28 70 20 21 42 46 41 17 49 44 48 61 40 47 69 68 73 07 71 74 75 72 76 66 06 00 08 43 01 03 09 02 63 05 45 67 24 34 55 04 16 14 19 18 53 13 64 12 15 11 10 
31 32 38 35 30 60 37 34 33 39 50 52 51 59 56 65 58 55 53 29 28 26 23 20 25 62 22 24 27 75 61 43 48 45 40 41 42 49 46 19 76 70 72 67 09 66 73 69 74 68 63 07 02 04 44 05 08 06 03 00 47 71 21 36 57 01 64 15 18 13 10 16 14 17 12 54 11 
60 30 33 36 34 35 38 31 39 32 24 50 65 53 57 56 59 51 54 52 62 25 27 21 67 20 23 28 29 26 46 44 49 41 10 61 40 43 47 42 68 75 74 73 69 04 76 66 70 71 00 09 03 08 06 45 63 05 07 01 48 72 22 37 58 02 12 55 64 14 18 15 17 19 11 16 13 
35 34 39 37 31 36 33 60 32 30 51 55 20 54 58 57 53 65 52 50 68 24 29 22 28 21 27 62 26 25 47 42 43 61 41 12 45 44 48 40 71 69 70 76 66 73 00 67 75 72 01 06 07 63 05 08 46 04 09 02 49 74 23 38 59 03 11 18 56 17 64 10 19 16 13 15 14 
33 36 31 32 37 39 34 38 60 35 58 21 53 51 52 54 55 59 65 56 27 71 28 26 22 29 24 23 62 20 44 61 45 49 48 43 11 41 42 46 75 76 67 74 68 72 70 01 73 69 09 63 04 03 00 02 07 47 08 06 40 66 25 30 50 05 19 13 17 10 14 57 18 64 16 12 15 
34 39 37 60 32 31 36 30 38 33 52 54 55 22 65 51 57 50 59 53 24 29 72 62 26 28 21 25 23 27 41 49 47 40 42 45 44 13 61 43 73 74 71 66 70 69 67 75 02 76 08 03 01 05 07 06 04 09 48 63 46 68 20 35 56 00 18 16 10 11 15 19 58 14 64 17 12 
36 31 32 38 60 37 39 35 30 34 65 51 57 52 23 58 54 56 50 55 21 28 26 74 62 22 29 20 25 24 48 40 44 46 61 47 41 42 14 45 72 66 75 68 67 76 71 73 69 03 02 05 09 00 04 63 01 08 06 49 43 70 27 33 53 07 13 64 11 19 12 18 16 15 59 10 17 
06 03 00 04 07 66 63 09 01 02 33 38 32 35 34 40 60 39 36 37 52 59 56 55 53 05 65 54 57 58 50 21 62 29 27 26 23 20 24 22 25 11 64 19 13 17 16 14 12 10 15 71 76 75 72 70 69 74 68 67 28 18 51 08 31 73 30 43 42 61 44 49 46 47 45 48 41 
03 00 04 09 01 07 05 02 73 63 36 35 38 34 39 33 30 37 41 60 59 56 55 54 57 53 50 58 08 65 27 51 25 22 21 23 20 24 29 62 17 28 15 13 64 11 14 12 10 19 70 18 66 72 76 71 74 68 67 75 26 16 52 06 32 69 43 47 49 40 48 46 45 31 44 61 42 
02 63 05 07 00 03 69 01 04 08 35 60 37 30 33 38 42 36 34 31 58 65 50 53 56 59 06 57 55 51 23 24 52 21 20 22 62 25 27 28 14 10 26 11 18 12 13 64 15 17 74 67 16 71 73 68 72 76 66 70 29 19 54 09 39 75 49 46 48 32 47 61 40 45 43 41 44 
09 02 63 05 03 06 08 70 00 01 38 37 39 60 30 32 31 43 35 36 54 58 65 50 59 52 51 07 56 57 26 20 28 53 23 29 22 62 25 21 16 12 18 27 11 14 19 13 64 15 69 68 73 17 71 74 75 72 76 66 24 10 55 04 34 67 42 49 44 41 33 48 61 46 40 47 45 
08 06 03 00 05 63 02 04 07 75 30 32 31 38 35 60 37 34 33 44 51 52 59 56 50 65 58 55 53 09 62 27 22 24 25 28 26 23 20 54 64 17 13 10 29 15 18 16 14 12 76 70 72 67 19 66 73 69 74 68 21 11 57 01 36 71 61 40 41 48 45 42 49 43 46 39 47 
63 05 07 01 67 00 03 08 09 06 45 30 60 33 36 35 38 31 39 32 65 50 53 57 04 56 59 51 54 52 20 29 23 28 55 62 25 27 21 26 12 19 14 18 16 24 64 15 17 11 68 75 74 73 69 10 76 66 70 71 22 13 58 02 37 72 46 34 61 49 41 40 43 44 47 42 48 
68 04 09 02 08 01 07 63 06 05 31 34 46 39 37 36 33 60 32 30 00 55 54 58 51 57 53 65 52 50 21 26 27 62 28 56 24 29 22 25 11 16 17 64 15 18 20 10 19 13 71 69 70 76 66 73 12 67 75 72 23 14 59 03 38 74 47 41 35 43 61 45 44 42 48 40 49 
07 71 08 06 02 09 04 03 63 00 37 47 33 31 32 39 34 38 60 35 53 01 51 52 58 54 55 59 65 56 29 62 24 23 22 27 57 28 26 20 19 64 10 14 12 13 17 21 18 16 75 76 67 74 68 72 70 11 73 69 25 15 50 05 30 66 44 48 43 45 49 36 41 61 42 46 40 
04 09 72 63 06 08 01 05 03 07 32 39 34 48 60 31 36 30 38 33 55 54 02 65 52 51 57 50 59 53 28 23 21 25 26 24 29 58 62 27 18 14 11 15 17 16 10 19 22 64 73 74 71 66 70 69 67 75 13 76 20 12 56 00 35 68 41 42 45 47 40 44 37 49 61 43 46 
01 08 06 74 63 02 09 00 05 04 60 31 36 32 49 37 39 35 30 34 57 51 52 03 65 58 54 56 50 55 22 25 29 20 62 21 28 26 59 24 13 15 19 12 10 64 11 18 16 23 72 66 75 68 67 76 71 73 69 14 27 17 53 07 33 70 48 61 47 44 46 41 42 40 38 45 43 
25 27 21 28 29 24 20 26 22 23 44 43 40 47 41 45 46 42 48 49 15 17 11 18 19 10 12 16 13 14 67 72 68 69 75 66 70 71 73 74 34 37 35 32 38 39 30 33 36 31 55 58 56 52 59 54 50 53 57 51 62 60 65 64 76 63 04 09 05 00 06 07 01 02 08 03 61 
30 33 36 31 39 34 35 32 37 38 54 53 50 57 51 55 56 52 58 59 25 27 21 28 29 24 20 26 22 23 45 48 46 42 44 40 43 47 41 49 67 72 68 69 74 75 66 70 71 73 04 02 00 06 03 09 05 07 01 08 64 63 76 60 62 61 10 19 15 12 16 17 11 13 18 14 65 
40 43 47 41 44 45 46 42 48 49 19 17 15 11 18 10 12 16 13 14 66 70 71 73 75 67 68 69 72 74 04 02 00 06 09 05 07 01 08 03 55 58 56 52 59 54 50 53 57 51 24 22 20 26 23 29 25 27 21 28 76 64 61 62 65 60 34 39 30 35 32 33 36 37 31 38 63 
66 70 71 73 75 67 68 69 72 74 09 07 05 01 08 04 00 06 02 03 30 33 36 31 39 34 35 32 37 38 55 58 56 52 54 50 53 57 51 59 45 48 46 42 49 44 40 43 47 41 10 13 12 16 14 19 15 17 11 18 61 76 60 65 63 62 24 29 25 20 26 27 21 22 28 23 64 
15 17 11 18 19 10 12 16 13 14 75 70 66 71 73 67 68 69 72 74 05 07 01 08 09 04 00 06 02 03 34 37 35 32 39 30 33 36 31 38 24 22 20 26 23 29 25 27 21 28 45 48 46 42 49 44 40 43 47 41 63 65 64 61 60 76 55 54 50 56 52 53 57 58 51 59 62 
05 07 01 08 09 04 00 06 02 03 39 33 30 36 31 34 35 32 37 38 50 53 57 51 54 55 56 52 58 59 24 22 20 26 29 25 27 21 28 23 10 13 12 16 14 19 15 17 11 18 67 72 68 69 74 75 66 70 71 73 65 62 63 76 61 64 45 44 40 46 42 43 47 48 41 49 60 
52 59 56 55 53 05 65 54 57 58 27 23 26 20 24 15 62 29 21 22 42 49 46 45 43 25 61 44 47 48 30 11 64 19 17 16 14 12 10 13 40 01 63 09 02 07 06 03 00 04 50 36 60 39 37 33 32 38 35 34 18 08 41 51 28 31 66 70 69 76 75 74 68 71 67 72 73 
65 50 53 57 04 56 59 51 54 52 10 25 62 27 21 20 23 28 29 26 61 40 43 47 24 46 49 41 44 42 12 19 14 18 34 64 15 17 11 16 00 09 03 08 06 45 63 05 07 01 35 39 38 31 32 55 60 30 33 36 13 02 48 58 22 37 68 67 76 74 73 66 70 75 71 69 72 
00 55 54 58 51 57 53 65 52 50 28 24 12 29 22 21 27 62 26 25 20 45 44 48 41 47 43 61 42 40 11 16 17 64 18 35 10 19 13 15 01 06 07 63 05 08 46 04 09 02 36 32 33 60 30 31 56 34 39 37 14 03 49 59 23 38 71 73 68 70 76 67 75 69 72 66 74 
58 65 50 53 56 59 06 57 55 51 20 62 22 25 27 23 16 21 24 28 48 61 40 43 46 49 26 47 45 41 14 10 32 11 12 13 64 15 17 18 03 04 42 01 08 00 02 63 05 07 38 34 52 36 31 35 37 60 30 33 19 09 44 54 29 39 74 68 72 69 71 76 66 67 70 73 75 
54 58 65 50 59 52 51 07 56 57 23 22 29 62 25 26 28 17 20 21 44 48 61 40 49 42 41 27 46 47 16 12 18 33 14 19 13 64 15 11 06 00 08 43 01 03 09 02 63 05 32 35 31 53 36 38 39 37 60 30 10 04 45 55 24 34 69 74 75 73 70 72 76 68 66 71 67 
53 01 51 52 58 54 55 59 65 56 22 11 27 28 26 29 24 23 62 20 43 21 41 42 48 44 45 49 61 46 19 64 10 14 13 17 36 18 16 12 09 63 04 03 00 02 07 47 08 06 39 60 34 38 35 37 33 57 31 32 15 05 40 50 25 30 75 72 70 67 74 71 73 76 69 68 66 
55 54 02 65 52 51 57 50 59 53 26 29 24 13 62 28 21 25 23 27 45 44 22 61 42 41 47 40 49 43 18 14 11 15 16 10 19 37 64 17 08 03 01 05 07 06 04 09 48 63 31 38 36 30 33 32 34 39 58 60 12 00 46 56 20 35 73 69 67 71 66 75 72 74 76 70 68 
59 56 55 54 57 53 50 58 08 65 21 20 23 24 29 27 25 22 18 62 49 46 45 44 47 43 40 48 28 61 17 31 15 13 11 14 12 10 19 64 07 41 05 02 63 01 03 00 04 09 33 51 30 37 60 36 38 35 34 39 16 06 42 52 26 32 70 71 74 66 72 68 67 73 75 76 69 
57 51 52 03 65 58 54 56 50 55 62 28 21 26 14 22 29 20 25 24 47 41 42 23 61 48 44 46 40 45 13 15 19 12 64 11 18 16 38 10 02 05 09 00 04 63 01 08 06 49 37 30 39 35 34 60 36 31 32 59 17 07 43 53 27 33 72 76 71 75 68 73 69 66 74 67 70 
51 52 59 56 50 65 58 55 53 09 25 26 28 23 20 62 22 24 27 19 41 42 49 46 40 61 48 45 43 29 64 17 13 10 15 18 16 14 12 39 63 07 02 04 44 05 08 06 03 00 60 33 37 34 54 30 31 32 38 35 11 01 47 57 21 36 76 66 73 72 67 69 74 70 68 75 71 
50 53 57 51 54 55 56 52 58 59 29 27 25 21 28 24 20 26 22 23 40 43 47 41 44 45 46 42 48 49 10 13 12 16 19 15 17 11 18 14 04 02 00 06 03 09 05 07 01 08 34 37 35 32 38 39 30 33 36 31 60 61 62 63 64 65 67 75 66 68 69 70 71 72 73 74 76 
