70 56 65 54 58 59 57 55 51 52 10 66 76 69 75 67 71 73 72 74 40 16 62 14 18 19 17 15 11 12 00 26 63 28 29 27 25 21 22 24 50 06 61 04 08 09 07 05 01 02 30 35 64 33 37 38 36 34 31 32 03 53 68 13 23 39 47 42 44 48 20 45 46 49 60 41 43 
57 72 54 59 55 58 52 56 53 65 71 11 69 67 73 75 74 66 68 76 17 41 14 19 15 18 12 16 13 62 27 01 24 25 28 22 26 23 63 29 07 51 04 09 05 08 02 06 03 61 36 31 33 38 34 37 32 35 39 64 00 50 70 10 20 30 42 60 49 45 47 46 21 48 44 43 40 
53 55 74 65 59 54 50 58 56 57 68 73 12 76 67 69 70 75 66 71 13 15 42 62 19 14 10 18 16 17 23 25 02 29 24 20 28 26 27 63 03 05 52 61 09 04 00 08 06 07 39 34 32 64 38 33 30 37 35 36 01 51 72 11 21 31 40 47 60 49 43 48 45 44 22 46 41 
58 65 51 68 57 50 55 52 54 56 75 76 72 13 71 70 73 74 69 66 18 62 11 43 17 10 15 12 14 16 28 63 21 27 20 25 22 24 26 03 08 61 01 53 07 00 05 02 04 06 37 64 31 39 36 30 34 32 33 35 09 59 67 19 29 38 45 46 23 47 48 42 60 40 41 44 49 
51 58 57 52 69 65 53 59 55 50 72 75 71 74 14 76 68 67 73 70 11 18 17 12 44 62 13 19 15 10 21 28 27 04 63 23 29 25 20 22 01 08 07 02 54 61 03 09 05 00 31 37 36 32 33 64 39 38 34 30 06 56 66 16 26 35 43 40 42 24 41 49 48 60 47 45 46 
52 53 59 58 56 73 65 51 50 54 74 68 67 75 66 15 76 72 70 69 12 13 19 18 16 45 62 11 10 14 22 23 29 26 05 63 21 20 24 28 02 03 09 08 06 55 61 01 00 04 32 39 38 37 35 34 64 31 30 33 07 57 71 17 27 36 60 44 48 46 42 41 43 25 49 40 47 
55 54 53 50 52 57 66 65 59 51 73 69 68 70 74 71 16 76 67 72 15 14 13 10 12 17 46 62 19 11 25 24 23 22 27 06 63 29 21 20 05 04 03 00 02 07 56 61 09 01 34 33 39 30 32 36 35 64 38 31 08 58 75 18 28 37 26 41 40 42 45 60 44 47 43 49 48 
59 52 56 51 50 53 58 71 65 55 67 74 66 72 70 68 75 17 76 73 19 12 16 11 10 13 18 47 62 15 29 22 26 20 23 28 07 63 25 21 09 02 06 01 00 03 08 57 61 05 38 32 35 31 30 39 37 36 64 34 04 54 69 14 24 33 48 45 41 40 49 27 42 43 46 60 44 
56 59 50 57 65 52 51 54 75 53 66 67 70 71 76 74 72 69 18 68 16 19 10 17 62 12 11 14 48 13 26 29 20 63 22 21 24 08 23 27 06 09 00 07 61 02 01 04 58 03 35 38 30 36 64 32 31 33 37 39 05 55 73 15 25 34 41 43 47 60 46 44 49 42 40 28 45 
65 50 58 55 51 56 54 53 57 67 76 70 75 73 72 66 69 68 71 19 62 10 18 15 11 16 14 13 17 49 63 20 28 21 26 24 23 27 09 25 61 00 08 05 01 06 04 03 07 59 64 30 37 34 31 35 33 39 36 38 02 52 74 12 22 32 44 29 45 41 60 43 40 46 48 47 42 
40 26 63 24 28 29 27 25 21 22 70 06 61 04 08 09 07 05 01 02 20 46 60 44 48 49 47 45 41 42 50 66 76 75 67 71 73 72 74 69 10 35 64 33 37 38 36 34 31 32 00 16 62 14 18 19 17 15 11 12 39 23 03 43 68 13 57 52 54 58 30 55 56 59 65 51 53 
27 41 24 29 25 28 22 26 23 63 07 72 04 09 05 08 02 06 03 61 47 21 44 49 45 48 42 46 43 60 71 51 69 73 75 74 66 68 76 67 36 11 33 38 34 37 32 35 39 64 17 01 14 19 15 18 12 16 13 62 30 20 00 40 70 10 52 65 59 55 57 56 31 58 54 53 50 
23 25 42 63 29 24 20 28 26 27 03 05 74 61 09 04 00 08 06 07 43 45 22 60 49 44 40 48 46 47 68 73 52 67 69 70 75 66 71 76 39 34 12 64 38 33 30 37 35 36 13 15 02 62 19 14 10 18 16 17 31 21 01 41 72 11 50 57 65 59 53 58 55 54 32 56 51 
28 63 21 43 27 20 25 22 24 26 08 61 01 68 07 00 05 02 04 06 48 60 41 23 47 40 45 42 44 46 75 76 72 71 70 73 74 69 66 53 37 64 31 13 36 30 34 32 33 35 18 62 11 03 17 10 15 12 14 16 38 29 09 49 67 19 55 56 39 57 58 52 65 50 51 54 59 
21 28 27 22 44 63 23 29 25 20 01 08 07 02 69 61 03 09 05 00 41 48 47 42 24 60 43 49 45 40 72 75 71 54 76 68 67 73 70 74 31 37 36 32 14 64 39 38 34 30 11 18 17 12 04 62 13 19 15 10 35 26 06 46 66 16 53 50 52 33 51 59 58 65 57 55 56 
22 23 29 28 26 45 63 21 20 24 02 03 09 08 06 73 61 01 00 04 42 43 49 48 46 25 60 41 40 44 74 68 67 66 55 76 72 70 69 75 32 39 38 37 35 15 64 31 30 33 12 13 19 18 16 05 62 11 10 14 36 27 07 47 71 17 65 54 58 56 52 51 53 34 59 50 57 
25 24 23 20 22 27 46 63 29 21 05 04 03 00 02 07 66 61 09 01 45 44 43 40 42 47 26 60 49 41 73 69 68 74 71 56 76 67 72 70 34 33 39 30 32 36 16 64 38 31 15 14 13 10 12 17 06 62 19 11 37 28 08 48 75 18 35 51 50 52 55 65 54 57 53 59 58 
29 22 26 21 20 23 28 47 63 25 09 02 06 01 00 03 08 71 61 05 49 42 46 41 40 43 48 27 60 45 67 74 66 70 68 75 57 76 73 72 38 32 35 31 30 39 37 17 64 34 19 12 16 11 10 13 18 07 62 15 33 24 04 44 69 14 58 55 51 50 59 36 52 53 56 65 54 
26 29 20 27 63 22 21 24 48 23 06 09 00 07 61 02 01 04 75 03 46 49 40 47 60 42 41 44 28 43 66 67 70 76 74 72 69 58 68 71 35 38 30 36 64 32 31 33 18 39 16 19 10 17 62 12 11 14 08 13 34 25 05 45 73 15 51 53 57 65 56 54 59 52 50 37 55 
63 20 28 25 21 26 24 23 27 49 61 00 08 05 01 06 04 03 07 67 60 40 48 45 41 46 44 43 47 29 76 70 75 72 66 69 68 71 59 73 64 30 37 34 31 35 33 39 36 19 62 10 18 15 11 16 14 13 17 09 32 22 02 42 74 12 54 38 55 51 65 53 50 56 58 57 52 
10 46 60 44 48 49 47 45 41 42 50 26 63 24 28 29 27 25 21 22 70 35 64 33 37 38 36 34 31 32 30 56 65 58 59 57 55 51 52 54 00 66 76 69 75 67 71 73 72 74 20 06 61 04 08 09 07 05 01 02 68 43 23 39 53 03 17 12 14 18 40 15 16 19 62 11 13 
47 11 44 49 45 48 42 46 43 60 27 51 24 29 25 28 22 26 23 63 36 72 33 38 34 37 32 35 39 64 57 31 54 55 58 52 56 53 65 59 71 01 69 67 73 75 74 66 68 76 07 21 04 09 05 08 02 06 03 61 70 40 20 30 50 00 12 62 19 15 17 16 41 18 14 13 10 
43 45 12 60 49 44 40 48 46 47 23 25 52 63 29 24 20 28 26 27 39 34 74 64 38 33 30 37 35 36 53 55 32 59 54 50 58 56 57 65 68 73 02 76 67 69 70 75 66 71 03 05 22 61 09 04 00 08 06 07 72 41 21 31 51 01 10 17 62 19 13 18 15 14 42 16 11 
48 60 41 13 47 40 45 42 44 46 28 63 21 53 27 20 25 22 24 26 37 64 31 68 36 30 34 32 33 35 58 65 51 57 50 55 52 54 56 39 75 76 72 03 71 70 73 74 69 66 08 61 01 23 07 00 05 02 04 06 67 49 29 38 59 09 15 16 43 17 18 12 62 10 11 14 19 
41 48 47 42 14 60 43 49 45 40 21 28 27 22 54 63 23 29 25 20 31 37 36 32 69 64 39 38 34 30 51 58 57 33 65 53 59 55 50 52 72 75 71 74 04 76 68 67 73 70 01 08 07 02 24 61 03 09 05 00 66 46 26 35 56 06 13 10 12 44 11 19 18 62 17 15 16 
42 43 49 48 46 15 60 41 40 44 22 23 29 28 26 55 63 21 20 24 32 39 38 37 35 73 64 31 30 33 52 53 59 56 34 65 51 50 54 58 74 68 67 75 66 05 76 72 70 69 02 03 09 08 06 25 61 01 00 04 71 47 27 36 57 07 62 14 18 16 12 11 13 45 19 10 17 
45 44 43 40 42 47 16 60 49 41 25 24 23 20 22 27 56 63 29 21 34 33 39 30 32 36 66 64 38 31 55 54 53 52 57 35 65 59 51 50 73 69 68 70 74 71 06 76 67 72 05 04 03 00 02 07 26 61 09 01 75 48 28 37 58 08 46 11 10 12 15 62 14 17 13 19 18 
49 42 46 41 40 43 48 17 60 45 29 22 26 21 20 23 28 57 63 25 38 32 35 31 30 39 37 71 64 34 59 52 56 50 53 58 36 65 55 51 67 74 66 72 70 68 75 07 76 73 09 02 06 01 00 03 08 27 61 05 69 44 24 33 54 04 18 15 11 10 19 47 12 13 16 62 14 
46 49 40 47 60 42 41 44 18 43 26 29 20 27 63 22 21 24 58 23 35 38 30 36 64 32 31 33 75 39 56 59 50 65 52 51 54 37 53 57 66 67 70 71 76 74 72 69 08 68 06 09 00 07 61 02 01 04 28 03 73 45 25 34 55 05 11 13 17 62 16 14 19 12 10 48 15 
60 40 48 45 41 46 44 43 47 19 63 20 28 25 21 26 24 23 27 59 64 30 37 34 31 35 33 39 36 67 65 50 58 51 56 54 53 57 38 55 76 70 75 73 72 66 69 68 71 09 61 00 08 05 01 06 04 03 07 29 74 42 22 32 52 02 14 49 15 11 62 13 10 16 18 17 12 
30 35 64 33 37 38 36 34 31 32 20 46 60 44 48 49 47 45 41 42 00 66 76 69 75 67 71 73 72 74 70 16 62 18 19 17 15 11 12 14 40 56 65 54 58 59 57 55 51 52 10 26 63 24 28 29 27 25 21 22 53 39 43 68 13 23 07 02 04 08 50 05 06 09 61 01 03 
36 31 33 38 34 37 32 35 39 64 47 21 44 49 45 48 42 46 43 60 71 01 69 67 73 75 74 66 68 76 17 72 14 15 18 12 16 13 62 19 57 41 54 59 55 58 52 56 53 65 27 11 24 29 25 28 22 26 23 63 50 30 40 70 10 20 02 61 09 05 07 06 51 08 04 03 00 
39 34 32 64 38 33 30 37 35 36 43 45 22 60 49 44 40 48 46 47 68 73 02 76 67 69 70 75 66 71 13 15 74 19 14 10 18 16 17 62 53 55 42 65 59 54 50 58 56 57 23 25 12 63 29 24 20 28 26 27 51 31 41 72 11 21 00 07 61 09 03 08 05 04 52 06 01 
31 37 36 32 33 64 39 38 34 30 41 48 47 42 24 60 43 49 45 40 72 75 71 74 04 76 68 67 73 70 11 18 17 69 62 13 19 15 10 12 51 58 57 52 44 65 53 59 55 50 21 28 27 22 14 63 23 29 25 20 56 35 46 66 16 26 03 00 02 54 01 09 08 61 07 05 06 
32 39 38 37 35 34 64 31 30 33 42 43 49 48 46 25 60 41 40 44 74 68 67 75 66 05 76 72 70 69 12 13 19 16 73 62 11 10 14 18 52 53 59 58 56 45 65 51 50 54 22 23 29 28 26 15 63 21 20 24 57 36 47 71 17 27 61 04 08 06 02 01 03 55 09 00 07 
34 33 39 30 32 36 35 64 38 31 45 44 43 40 42 47 26 60 49 41 73 69 68 70 74 71 06 76 67 72 15 14 13 12 17 66 62 19 11 10 55 54 53 50 52 57 46 65 59 51 25 24 23 20 22 27 16 63 29 21 58 37 48 75 18 28 56 01 00 02 05 61 04 07 03 09 08 
38 32 35 31 30 39 37 36 64 34 49 42 46 41 40 43 48 27 60 45 67 74 66 72 70 68 75 07 76 73 19 12 16 10 13 18 71 62 15 11 59 52 56 51 50 53 58 47 65 55 29 22 26 21 20 23 28 17 63 25 54 33 44 69 14 24 08 05 01 00 09 57 02 03 06 61 04 
35 38 30 36 64 32 31 33 37 39 46 49 40 47 60 42 41 44 28 43 66 67 70 71 76 74 72 69 08 68 16 19 10 62 12 11 14 75 13 17 56 59 50 57 65 52 51 54 48 53 26 29 20 27 63 22 21 24 18 23 55 34 45 73 15 25 01 03 07 61 06 04 09 02 00 58 05 
64 30 37 34 31 35 33 39 36 38 60 40 48 45 41 46 44 43 47 29 76 70 75 73 72 66 69 68 71 09 62 10 18 11 16 14 13 17 67 15 65 50 58 55 51 56 54 53 57 49 63 20 28 25 21 26 24 23 27 19 52 32 42 74 12 22 04 59 05 01 61 03 00 06 08 07 02 
37 64 31 39 36 30 34 32 33 35 48 60 41 23 47 40 45 42 44 46 75 76 72 03 71 70 73 74 69 66 18 62 11 17 10 15 12 14 16 68 58 65 51 43 57 50 55 52 54 56 28 63 21 13 27 20 25 22 24 26 59 38 49 67 19 29 05 06 53 07 08 02 61 00 01 04 09 
20 16 62 14 18 19 17 15 11 12 40 56 65 54 58 59 57 55 51 52 30 06 61 04 08 09 07 05 01 02 10 46 60 48 49 47 45 41 42 44 70 26 63 24 28 29 27 25 21 22 50 66 76 69 75 67 71 73 72 74 23 13 53 03 43 68 36 32 33 37 00 34 35 38 64 31 39 
17 21 14 19 15 18 12 16 13 62 57 41 54 59 55 58 52 56 53 65 07 31 04 09 05 08 02 06 03 61 47 11 44 45 48 42 46 43 60 49 27 72 24 29 25 28 22 26 23 63 71 51 69 67 73 75 74 66 68 76 20 10 50 00 40 70 32 64 38 34 36 35 01 37 33 39 30 
13 15 22 62 19 14 10 18 16 17 53 55 42 65 59 54 50 58 56 57 03 05 32 61 09 04 00 08 06 07 43 45 12 49 44 40 48 46 47 60 23 25 74 63 29 24 20 28 26 27 68 73 52 76 67 69 70 75 66 71 21 11 51 01 41 72 30 36 64 38 39 37 34 33 02 35 31 
18 62 11 23 17 10 15 12 14 16 58 65 51 43 57 50 55 52 54 56 08 61 01 39 07 00 05 02 04 06 48 60 41 47 40 45 42 44 46 13 28 63 21 68 27 20 25 22 24 26 75 76 72 53 71 70 73 74 69 66 29 19 59 09 49 67 34 35 03 36 37 32 64 30 31 33 38 
11 18 17 12 24 62 13 19 15 10 51 58 57 52 44 65 53 59 55 50 01 08 07 02 33 61 03 09 05 00 41 48 47 14 60 43 49 45 40 42 21 28 27 22 69 63 23 29 25 20 72 75 71 74 54 76 68 67 73 70 26 16 56 06 46 66 39 30 32 04 31 38 37 64 36 34 35 
12 13 19 18 16 25 62 11 10 14 52 53 59 58 56 45 65 51 50 54 02 03 09 08 06 34 61 01 00 04 42 43 49 46 15 60 41 40 44 48 22 23 29 28 26 73 63 21 20 24 74 68 67 75 66 55 76 72 70 69 27 17 57 07 47 71 64 33 37 35 32 31 39 05 38 30 36 
15 14 13 10 12 17 26 62 19 11 55 54 53 50 52 57 46 65 59 51 05 04 03 00 02 07 35 61 09 01 45 44 43 42 47 16 60 49 41 40 25 24 23 20 22 27 66 63 29 21 73 69 68 70 74 71 56 76 67 72 28 18 58 08 48 75 06 31 30 32 34 64 33 36 39 38 37 
19 12 16 11 10 13 18 27 62 15 59 52 56 51 50 53 58 47 65 55 09 02 06 01 00 03 08 36 61 05 49 42 46 40 43 48 17 60 45 41 29 22 26 21 20 23 28 71 63 25 67 74 66 72 70 68 75 57 76 73 24 14 54 04 44 69 37 34 31 30 38 07 32 39 35 64 33 
16 19 10 17 62 12 11 14 28 13 56 59 50 57 65 52 51 54 48 53 06 09 00 07 61 02 01 04 37 03 46 49 40 60 42 41 44 18 43 47 26 29 20 27 63 22 21 24 75 23 66 67 70 71 76 74 72 69 58 68 25 15 55 05 45 73 31 39 36 64 35 33 38 32 30 08 34 
62 10 18 15 11 16 14 13 17 29 65 50 58 55 51 56 54 53 57 49 61 00 08 05 01 06 04 03 07 38 60 40 48 41 46 44 43 47 19 45 63 20 28 25 21 26 24 23 27 67 76 70 75 73 72 66 69 68 71 59 22 12 52 02 42 74 33 09 34 31 64 39 30 35 37 36 32 
00 66 76 69 75 67 71 73 72 74 30 35 64 33 37 38 36 34 31 32 50 56 65 54 58 59 57 55 51 52 40 06 61 08 09 07 05 01 02 04 20 16 62 14 18 19 17 15 11 12 70 46 60 44 48 49 47 45 41 42 13 68 39 53 03 43 27 22 24 28 10 25 26 29 63 21 23 
71 01 69 67 73 75 74 66 68 76 36 31 33 38 34 37 32 35 39 64 57 51 54 59 55 58 52 56 53 65 07 41 04 05 08 02 06 03 61 09 17 21 14 19 15 18 12 16 13 62 47 72 44 49 45 48 42 46 43 60 10 70 30 50 00 40 22 63 29 25 27 26 11 28 24 23 20 
68 73 02 76 67 69 70 75 66 71 39 34 32 64 38 33 30 37 35 36 53 55 52 65 59 54 50 58 56 57 03 05 42 09 04 00 08 06 07 61 13 15 22 62 19 14 10 18 16 17 43 45 74 60 49 44 40 48 46 47 11 72 31 51 01 41 20 27 63 29 23 28 25 24 12 26 21 
75 76 72 03 71 70 73 74 69 66 37 64 31 39 36 30 34 32 33 35 58 65 51 53 57 50 55 52 54 56 08 61 01 07 00 05 02 04 06 43 18 62 11 23 17 10 15 12 14 16 48 60 41 68 47 40 45 42 44 46 19 67 38 59 09 49 25 26 13 27 28 22 63 20 21 24 29 
72 75 71 74 04 76 68 67 73 70 31 37 36 32 33 64 39 38 34 30 51 58 57 52 54 65 53 59 55 50 01 08 07 44 61 03 09 05 00 02 11 18 17 12 24 62 13 19 15 10 41 48 47 42 69 60 43 49 45 40 16 66 35 56 06 46 23 20 22 14 21 29 28 63 27 25 26 
74 68 67 75 66 05 76 72 70 69 32 39 38 37 35 34 64 31 30 33 52 53 59 58 56 55 65 51 50 54 02 03 09 06 45 61 01 00 04 08 12 13 19 18 16 25 62 11 10 14 42 43 49 48 46 73 60 41 40 44 17 71 36 57 07 47 63 24 28 26 22 21 23 15 29 20 27 
73 69 68 70 74 71 06 76 67 72 34 33 39 30 32 36 35 64 38 31 55 54 53 50 52 57 56 65 59 51 05 04 03 02 07 46 61 09 01 00 15 14 13 10 12 17 26 62 19 11 45 44 43 40 42 47 66 60 49 41 18 75 37 58 08 48 16 21 20 22 25 63 24 27 23 29 28 
67 74 66 72 70 68 75 07 76 73 38 32 35 31 30 39 37 36 64 34 59 52 56 51 50 53 58 57 65 55 09 02 06 00 03 08 47 61 05 01 19 12 16 11 10 13 18 27 62 15 49 42 46 41 40 43 48 71 60 45 14 69 33 54 04 44 28 25 21 20 29 17 22 23 26 63 24 
66 67 70 71 76 74 72 69 08 68 35 38 30 36 64 32 31 33 37 39 56 59 50 57 65 52 51 54 58 53 06 09 00 61 02 01 04 48 03 07 16 19 10 17 62 12 11 14 28 13 46 49 40 47 60 42 41 44 75 43 15 73 34 55 05 45 21 23 27 63 26 24 29 22 20 18 25 
76 70 75 73 72 66 69 68 71 09 64 30 37 34 31 35 33 39 36 38 65 50 58 55 51 56 54 53 57 59 61 00 08 01 06 04 03 07 49 05 62 10 18 15 11 16 14 13 17 29 60 40 48 45 41 46 44 43 47 67 12 74 32 52 02 42 24 19 25 21 63 23 20 26 28 27 22 
14 17 15 16 13 11 19 10 12 18 54 57 55 56 53 51 59 50 52 58 04 07 05 06 03 01 09 00 02 08 44 47 45 43 41 49 40 42 48 46 24 27 25 26 23 21 29 20 22 28 69 71 73 66 68 72 67 70 74 75 76 63 60 64 62 65 38 37 35 39 33 30 36 31 34 32 61 
54 57 55 56 53 51 59 50 52 58 69 71 73 66 68 72 67 70 74 75 14 17 15 16 13 11 19 10 12 18 24 27 25 23 21 29 20 22 28 26 04 07 05 06 03 01 09 00 02 08 33 36 34 35 39 31 38 30 32 37 65 76 62 60 61 64 49 48 46 43 44 40 47 41 45 42 63 
24 27 25 26 23 21 29 20 22 28 04 07 05 06 03 01 09 00 02 08 44 47 45 46 43 41 49 40 42 48 69 71 73 68 72 67 70 74 75 66 33 36 34 35 39 31 38 30 32 37 14 17 15 16 13 11 19 10 12 18 62 60 76 63 65 61 59 58 56 53 54 50 57 51 55 52 64 
44 47 45 46 43 41 49 40 42 48 24 27 25 26 23 21 29 20 22 28 33 36 34 35 39 31 38 30 32 37 54 57 55 53 51 59 50 52 58 56 69 71 73 66 68 72 67 70 74 75 04 07 05 06 03 01 09 00 02 08 61 62 65 76 64 63 19 18 16 13 14 10 17 11 15 12 60 
33 36 34 35 39 31 38 30 32 37 44 47 45 46 43 41 49 40 42 48 69 71 73 66 68 72 67 70 74 75 14 17 15 13 11 19 10 12 18 16 54 57 55 56 53 51 59 50 52 58 24 27 25 26 23 21 29 20 22 28 60 64 63 61 76 62 09 08 06 03 04 00 07 01 05 02 65 
69 71 73 66 68 72 67 70 74 75 33 36 34 35 39 31 38 30 32 37 54 57 55 56 53 51 59 50 52 58 04 07 05 03 01 09 00 02 08 06 14 17 15 16 13 11 19 10 12 18 44 47 45 46 43 41 49 40 42 48 63 61 64 65 60 76 29 28 26 23 24 20 27 21 25 22 62 
05 04 03 00 02 07 56 61 09 01 15 14 13 10 12 17 06 62 19 11 25 24 23 20 22 27 16 63 29 21 34 33 39 32 36 26 64 38 31 30 45 44 43 40 42 47 35 60 49 41 55 54 53 50 52 57 46 65 59 51 48 08 18 28 37 58 66 72 70 74 73 76 69 71 68 67 75 
61 00 08 05 01 06 04 03 07 59 62 10 18 15 11 16 14 13 17 09 63 20 28 25 21 26 24 23 27 19 64 30 37 31 35 33 39 36 29 34 60 40 48 45 41 46 44 43 47 38 65 50 58 55 51 56 54 53 57 49 42 02 12 22 32 52 69 67 73 72 76 68 70 66 75 71 74 
08 61 01 53 07 00 05 02 04 06 18 62 11 03 17 10 15 12 14 16 28 63 21 13 27 20 25 22 24 26 37 64 31 36 30 34 32 33 35 23 48 60 41 39 47 40 45 42 44 46 58 65 51 43 57 50 55 52 54 56 49 09 19 29 38 59 73 66 68 71 75 74 76 70 72 69 67 
01 08 07 02 54 61 03 09 05 00 11 18 17 12 04 62 13 19 15 10 21 28 27 22 14 63 23 29 25 20 31 37 36 24 64 39 38 34 30 32 41 48 47 42 33 60 43 49 45 40 51 58 57 52 44 65 53 59 55 50 46 06 16 26 35 56 68 70 74 69 72 67 75 76 71 73 66 
50 06 61 04 08 09 07 05 01 02 00 16 62 14 18 19 17 15 11 12 10 26 63 24 28 29 27 25 21 22 20 35 64 37 38 36 34 31 32 33 30 46 60 44 48 49 47 45 41 42 40 56 65 54 58 59 57 55 51 52 43 03 13 23 39 53 71 74 69 75 70 73 66 67 76 72 68 
09 02 06 01 00 03 08 57 61 05 19 12 16 11 10 13 18 07 62 15 29 22 26 21 20 23 28 17 63 25 38 32 35 30 39 37 27 64 34 31 49 42 46 41 40 43 48 36 60 45 59 52 56 51 50 53 58 47 65 55 44 04 14 24 33 54 75 73 72 70 67 71 74 68 66 76 69 
07 51 04 09 05 08 02 06 03 61 17 01 14 19 15 18 12 16 13 62 27 11 24 29 25 28 22 26 23 63 36 21 33 34 37 32 35 39 64 38 47 31 44 49 45 48 42 46 43 60 57 41 54 59 55 58 52 56 53 65 40 00 10 20 30 50 74 76 67 73 71 66 72 75 69 68 70 
02 03 09 08 06 55 61 01 00 04 12 13 19 18 16 05 62 11 10 14 22 23 29 28 26 15 63 21 20 24 32 39 38 35 25 64 31 30 33 37 42 43 49 48 46 34 60 41 40 44 52 53 59 58 56 45 65 51 50 54 47 07 17 27 36 57 76 69 75 66 74 72 68 73 67 70 71 
03 05 52 61 09 04 00 08 06 07 13 15 02 62 19 14 10 18 16 17 23 25 12 63 29 24 20 28 26 27 39 34 22 38 33 30 37 35 36 64 43 45 32 60 49 44 40 48 46 47 53 55 42 65 59 54 50 58 56 57 41 01 11 21 31 51 70 71 76 67 68 75 73 69 74 66 72 
06 09 00 07 61 02 01 04 58 03 16 19 10 17 62 12 11 14 08 13 26 29 20 27 63 22 21 24 18 23 35 38 30 64 32 31 33 28 39 36 46 49 40 47 60 42 41 44 37 43 56 59 50 57 65 52 51 54 48 53 45 05 15 25 34 55 72 68 71 76 66 69 67 74 70 75 73 
04 07 05 06 03 01 09 00 02 08 14 17 15 16 13 11 19 10 12 18 24 27 25 26 23 21 29 20 22 28 33 36 34 39 31 38 30 32 37 35 44 47 45 46 43 41 49 40 42 48 54 57 55 56 53 51 59 50 52 58 64 65 61 62 63 60 67 75 66 68 69 70 71 72 73 74 76 
