66 65 56 59 50 57 54 58 53 52 76 11 73 67 68 74 71 75 70 69 41 62 16 19 10 17 14 18 13 12 00 63 26 21 27 24 28 23 22 29 61 51 06 09 01 07 04 08 03 02 64 30 35 38 31 36 33 37 39 32 05 55 72 15 25 34 20 42 60 46 49 40 47 44 48 43 45 
53 68 65 57 51 52 58 55 59 54 10 70 76 74 66 69 75 72 67 71 13 40 62 17 11 12 18 15 19 14 23 01 63 20 22 28 25 29 24 27 50 03 61 07 00 02 08 05 09 04 31 39 64 36 30 32 37 34 38 33 06 56 73 16 26 35 43 44 21 60 47 41 42 48 45 49 46 
55 54 69 65 58 50 53 59 56 51 71 72 12 76 75 68 70 67 73 66 15 14 42 62 18 10 13 19 16 11 25 24 02 28 21 23 29 26 20 63 04 05 52 61 08 01 03 09 06 00 33 34 32 64 37 31 39 38 35 30 07 57 74 17 27 36 45 41 44 22 60 48 40 43 49 46 47 
50 56 55 70 65 59 52 54 51 57 73 68 72 13 76 67 69 71 66 74 10 16 15 43 62 19 12 14 11 17 21 26 25 63 29 22 24 20 27 03 06 01 05 53 61 09 02 04 00 07 35 31 34 39 64 38 32 33 30 36 08 58 75 18 28 37 40 47 46 45 23 60 49 42 44 41 48 
58 52 57 56 71 65 51 53 55 50 69 75 74 73 14 76 66 70 72 68 18 12 17 16 44 62 11 13 15 10 28 22 27 04 63 20 23 25 21 26 02 08 07 06 54 61 00 03 05 01 32 37 36 35 33 64 30 39 34 31 09 59 67 19 29 38 48 40 42 47 46 24 60 41 43 45 49 
52 59 53 58 57 72 65 50 54 56 67 69 70 75 74 15 76 68 71 73 12 19 13 18 17 45 62 10 14 16 22 29 23 27 05 63 21 24 26 28 09 02 03 08 07 55 61 01 04 06 38 32 39 37 36 34 64 31 33 35 00 51 66 11 20 30 42 46 49 43 48 47 25 60 40 44 41 
57 53 51 54 59 58 73 65 52 55 70 74 66 71 67 75 16 76 69 72 17 13 11 14 19 18 46 62 12 15 27 23 20 29 28 06 63 22 25 24 03 07 00 04 09 08 56 61 02 05 39 36 30 33 38 37 35 64 32 34 01 50 68 10 21 31 47 45 43 41 44 49 48 26 60 42 40 
56 58 54 50 55 51 59 74 65 53 75 73 71 68 72 66 67 17 76 70 16 18 14 10 15 11 19 47 62 13 26 28 24 25 20 29 07 63 23 21 08 06 04 01 05 00 09 57 61 03 37 35 33 31 34 30 38 36 64 39 02 52 69 12 22 32 46 43 48 44 40 45 41 49 27 60 42 
54 57 59 55 52 56 50 51 75 65 74 71 67 72 69 73 68 66 18 76 14 17 19 15 12 16 10 11 48 62 24 27 29 22 26 21 20 08 63 25 07 04 09 05 02 06 01 00 58 61 36 33 38 34 32 35 31 30 37 64 03 53 70 13 23 39 44 60 47 49 45 42 46 40 41 28 43 
65 55 58 51 56 53 57 52 50 67 72 76 75 66 73 70 74 69 68 19 62 15 18 11 16 13 17 12 10 49 63 25 28 26 23 27 22 21 09 20 05 61 08 00 06 03 07 02 01 59 34 64 37 30 35 39 36 32 31 38 04 54 71 14 24 33 60 29 45 48 41 46 43 47 42 40 44 
23 40 63 27 20 22 28 25 29 24 68 03 61 07 00 02 08 05 09 04 43 21 60 47 41 42 48 45 49 44 70 50 76 66 69 75 72 67 71 74 10 39 64 36 30 32 37 34 38 33 01 13 62 17 11 12 18 15 19 14 35 26 06 46 73 16 53 54 31 65 57 51 52 58 55 59 56 
41 63 26 29 21 27 24 28 23 22 61 66 06 09 01 07 04 08 03 02 20 60 46 49 40 47 44 48 43 42 51 76 73 68 74 71 75 70 69 67 64 11 35 38 31 36 33 37 39 32 62 00 16 19 10 17 14 18 13 12 34 25 05 45 72 15 30 52 65 56 59 50 57 54 58 53 55 
25 24 42 63 28 21 23 29 26 20 04 05 69 61 08 01 03 09 06 00 45 44 22 60 48 40 43 49 46 41 72 71 52 75 68 70 67 73 66 76 33 34 12 64 37 31 39 38 35 30 14 15 02 62 18 10 13 19 16 11 36 27 07 47 74 17 55 51 54 32 65 58 50 53 59 56 57 
21 26 25 43 63 29 22 24 20 27 06 01 05 70 61 09 02 04 00 07 40 46 45 23 60 49 42 44 41 47 68 73 72 76 67 69 71 66 74 53 35 31 34 13 64 38 32 33 30 36 16 10 15 03 62 19 12 14 11 17 37 28 08 48 75 18 50 57 56 55 39 65 59 52 54 51 58 
28 22 27 26 44 63 20 23 25 21 02 08 07 06 71 61 00 03 05 01 48 42 47 46 24 60 41 43 45 40 75 69 74 54 76 66 70 72 68 73 32 37 36 35 14 64 30 39 34 31 12 18 17 16 04 62 11 13 15 10 38 29 09 49 67 19 58 50 52 57 56 33 65 51 53 55 59 
22 29 23 28 27 45 63 21 24 26 09 02 03 08 07 72 61 01 04 06 42 49 43 48 47 25 60 40 44 46 69 67 70 74 55 76 68 71 73 75 38 32 39 37 36 15 64 31 33 35 19 12 13 18 17 05 62 10 14 16 30 20 00 41 66 11 52 56 59 53 58 57 34 65 50 54 51 
27 23 20 24 29 28 46 63 22 25 03 07 00 04 09 08 73 61 02 05 47 43 41 44 49 48 26 60 42 45 74 70 66 67 75 56 76 69 72 71 39 36 30 33 38 37 16 64 32 34 13 17 11 14 19 18 06 62 12 15 31 21 01 40 68 10 57 55 53 51 54 59 58 35 65 52 50 
26 28 24 21 25 20 29 47 63 23 08 06 04 01 05 00 09 74 61 03 46 48 44 40 45 41 49 27 60 43 73 75 71 72 66 67 57 76 70 68 37 35 33 31 34 30 38 17 64 39 18 16 14 10 15 11 19 07 62 13 32 22 02 42 69 12 56 53 58 54 50 55 51 59 36 65 52 
24 27 29 25 22 26 21 20 48 63 07 04 09 05 02 06 01 00 75 61 44 47 49 45 42 46 40 41 28 60 71 74 67 69 73 68 66 58 76 72 36 33 38 34 32 35 31 30 18 64 17 14 19 15 12 16 10 11 08 62 39 23 03 43 70 13 54 65 57 59 55 52 56 50 51 37 53 
63 25 28 20 26 23 27 22 21 49 05 61 08 00 06 03 07 02 01 67 60 45 48 41 46 43 47 42 40 29 76 72 75 73 70 74 69 68 59 66 34 64 37 30 35 39 36 32 31 19 15 62 18 11 16 13 17 12 10 09 33 24 04 44 71 14 65 38 55 58 51 56 53 57 52 50 54 
11 60 46 49 40 47 44 48 43 42 63 51 26 29 21 27 24 28 23 22 66 64 35 38 31 36 33 37 39 32 30 65 56 50 57 54 58 53 52 59 76 00 73 67 68 74 71 75 70 69 61 20 06 09 01 07 04 08 03 02 72 45 25 34 55 05 41 12 62 16 19 10 17 14 18 13 15 
43 10 60 47 41 42 48 45 49 44 50 23 63 27 20 22 28 25 29 24 39 68 64 36 30 32 37 34 38 33 53 31 65 51 52 58 55 59 54 57 01 70 76 74 66 69 75 72 67 71 21 03 61 07 00 02 08 05 09 04 73 46 26 35 56 06 13 14 40 62 17 11 12 18 15 19 16 
45 44 12 60 48 40 43 49 46 41 24 25 52 63 28 21 23 29 26 20 34 33 69 64 37 31 39 38 35 30 55 54 32 58 50 53 59 56 51 65 71 72 02 76 75 68 70 67 73 66 04 05 22 61 08 01 03 09 06 00 74 47 27 36 57 07 15 11 14 42 62 18 10 13 19 16 17 
40 46 45 13 60 49 42 44 41 47 26 21 25 53 63 29 22 24 20 27 31 35 34 70 64 38 32 33 30 36 50 56 55 65 59 52 54 51 57 39 73 68 72 03 76 67 69 71 66 74 06 01 05 23 61 09 02 04 00 07 75 48 28 37 58 08 10 17 16 15 43 62 19 12 14 11 18 
48 42 47 46 14 60 41 43 45 40 22 28 27 26 54 63 20 23 25 21 37 32 36 35 71 64 30 39 34 31 58 52 57 33 65 51 53 55 50 56 69 75 74 73 04 76 66 70 72 68 02 08 07 06 24 61 00 03 05 01 67 49 29 38 59 09 18 10 12 17 16 44 62 11 13 15 19 
42 49 43 48 47 15 60 40 44 46 29 22 23 28 27 55 63 21 24 26 32 38 39 37 36 72 64 31 33 35 52 59 53 57 34 65 50 54 56 58 67 69 70 75 74 05 76 68 71 73 09 02 03 08 07 25 61 01 04 06 66 41 20 30 51 00 12 16 19 13 18 17 45 62 10 14 11 
47 43 41 44 49 48 16 60 42 45 23 27 20 24 29 28 56 63 22 25 36 39 30 33 38 37 73 64 32 34 57 53 51 59 58 35 65 52 55 54 70 74 66 71 67 75 06 76 69 72 03 07 00 04 09 08 26 61 02 05 68 40 21 31 50 01 17 15 13 11 14 19 18 46 62 12 10 
46 48 44 40 45 41 49 17 60 43 28 26 24 21 25 20 29 57 63 23 35 37 33 31 34 30 38 74 64 39 56 58 54 55 51 59 36 65 53 50 75 73 71 68 72 66 67 07 76 70 08 06 04 01 05 00 09 27 61 03 69 42 22 32 52 02 16 13 18 14 10 15 11 19 47 62 12 
44 47 49 45 42 46 40 41 18 60 27 24 29 25 22 26 21 20 58 63 33 36 38 34 32 35 31 30 75 64 54 57 59 52 56 50 51 37 65 55 74 71 67 72 69 73 68 66 08 76 07 04 09 05 02 06 01 00 28 61 70 43 23 39 53 03 14 62 17 19 15 12 16 10 11 48 13 
60 45 48 41 46 43 47 42 40 19 25 63 28 20 26 23 27 22 21 59 64 34 37 30 35 39 36 32 31 67 65 55 58 56 53 57 52 50 38 51 72 76 75 66 73 70 74 69 68 09 05 61 08 00 06 03 07 02 01 29 71 44 24 33 54 04 62 49 15 18 11 16 13 17 12 10 14 
30 64 35 38 31 36 33 37 39 32 60 20 46 49 40 47 44 48 43 42 00 76 73 67 68 74 71 75 70 69 66 62 16 10 17 14 18 13 12 19 65 41 56 59 50 57 54 58 53 52 63 11 26 29 21 27 24 28 23 22 55 34 45 72 15 25 51 02 61 06 09 01 07 04 08 03 05 
39 31 64 36 30 32 37 34 38 33 21 43 60 47 41 42 48 45 49 44 70 01 76 74 66 69 75 72 67 71 13 68 62 11 12 18 15 19 14 17 40 53 65 57 51 52 58 55 59 54 10 23 63 27 20 22 28 25 29 24 56 35 46 73 16 26 03 04 50 61 07 00 02 08 05 09 06 
34 33 32 64 37 31 39 38 35 30 44 45 22 60 48 40 43 49 46 41 72 71 02 76 75 68 70 67 73 66 15 14 69 18 10 13 19 16 11 62 54 55 42 65 58 50 53 59 56 51 24 25 12 63 28 21 23 29 26 20 57 36 47 74 17 27 05 00 04 52 61 08 01 03 09 06 07 
37 32 36 35 33 64 30 39 34 31 42 48 47 46 24 60 41 43 45 40 75 69 74 73 04 76 66 70 72 68 18 12 17 71 62 11 13 15 10 16 52 58 57 56 44 65 51 53 55 50 22 28 27 26 14 63 20 23 25 21 59 38 49 67 19 29 08 01 02 07 06 54 61 00 03 05 09 
32 38 39 37 36 34 64 31 33 35 49 42 43 48 47 25 60 40 44 46 69 67 70 75 74 05 76 68 71 73 12 19 13 17 72 62 10 14 16 18 59 52 53 58 57 45 65 50 54 56 29 22 23 28 27 15 63 21 24 26 51 30 41 66 11 20 02 06 09 03 08 07 55 61 01 04 00 
36 39 30 33 38 37 35 64 32 34 43 47 41 44 49 48 26 60 42 45 74 70 66 71 67 75 06 76 69 72 17 13 11 19 18 73 62 12 15 14 53 57 51 54 59 58 46 65 52 55 23 27 20 24 29 28 16 63 22 25 50 31 40 68 10 21 07 05 03 00 04 09 08 56 61 02 01 
35 37 33 31 34 30 38 36 64 39 48 46 44 40 45 41 49 27 60 43 73 75 71 68 72 66 67 07 76 70 16 18 14 15 11 19 74 62 13 10 58 56 54 50 55 51 59 47 65 53 28 26 24 21 25 20 29 17 63 23 52 32 42 69 12 22 06 03 08 04 01 05 00 09 57 61 02 
33 36 38 34 32 35 31 30 37 64 47 44 49 45 42 46 40 41 28 60 71 74 67 72 69 73 68 66 08 76 14 17 19 12 16 10 11 75 62 15 57 54 59 55 52 56 50 51 48 65 27 24 29 25 22 26 21 20 18 63 53 39 43 70 13 23 04 61 07 09 05 02 06 01 00 58 03 
64 34 37 30 35 39 36 32 31 38 45 60 48 41 46 43 47 42 40 29 76 72 75 66 73 70 74 69 68 09 62 15 18 16 13 17 12 10 67 11 55 65 58 51 56 53 57 52 50 49 25 63 28 20 26 23 27 22 21 19 54 33 44 71 14 24 61 59 05 08 00 06 03 07 02 01 04 
31 35 34 39 64 38 32 33 30 36 46 40 45 23 60 49 42 44 41 47 68 73 72 03 76 67 69 71 66 74 10 16 15 62 19 12 14 11 17 70 56 50 55 43 65 59 52 54 51 57 26 21 25 13 63 29 22 24 20 27 58 37 48 75 18 28 01 07 06 05 53 61 09 02 04 00 08 
13 21 62 17 11 12 18 15 19 14 40 53 65 57 51 52 58 55 59 54 03 31 61 07 00 02 08 05 09 04 43 10 60 41 42 48 45 49 44 47 68 23 63 27 20 22 28 25 29 24 50 70 76 74 66 69 75 72 67 71 26 16 56 06 46 73 39 33 01 64 36 30 32 37 34 38 35 
20 62 16 19 10 17 14 18 13 12 65 41 56 59 50 57 54 58 53 52 30 61 06 09 01 07 04 08 03 02 11 60 46 40 47 44 48 43 42 49 63 66 26 29 21 27 24 28 23 22 76 51 73 67 68 74 71 75 70 69 25 15 55 05 45 72 00 32 64 35 38 31 36 33 37 39 34 
15 14 22 62 18 10 13 19 16 11 54 55 42 65 58 50 53 59 56 51 05 04 32 61 08 01 03 09 06 00 45 44 12 48 40 43 49 46 41 60 24 25 69 63 28 21 23 29 26 20 71 72 52 76 75 68 70 67 73 66 27 17 57 07 47 74 34 30 33 02 64 37 31 39 38 35 36 
10 16 15 23 62 19 12 14 11 17 56 50 55 43 65 59 52 54 51 57 01 06 05 39 61 09 02 04 00 07 40 46 45 60 49 42 44 41 47 13 26 21 25 70 63 29 22 24 20 27 73 68 72 53 76 67 69 71 66 74 28 18 58 08 48 75 31 36 35 34 03 64 38 32 33 30 37 
18 12 17 16 24 62 11 13 15 10 52 58 57 56 44 65 51 53 55 50 08 02 07 06 33 61 00 03 05 01 48 42 47 14 60 41 43 45 40 46 22 28 27 26 71 63 20 23 25 21 69 75 74 73 54 76 66 70 72 68 29 19 59 09 49 67 37 31 32 36 35 04 64 30 39 34 38 
12 19 13 18 17 25 62 10 14 16 59 52 53 58 57 45 65 50 54 56 02 09 03 08 07 34 61 01 04 06 42 49 43 47 15 60 40 44 46 48 29 22 23 28 27 72 63 21 24 26 67 69 70 75 74 55 76 68 71 73 20 11 51 00 41 66 32 35 38 39 37 36 05 64 31 33 30 
17 13 11 14 19 18 26 62 12 15 53 57 51 54 59 58 46 65 52 55 07 03 00 04 09 08 35 61 02 05 47 43 41 49 48 16 60 42 45 44 23 27 20 24 29 28 73 63 22 25 70 74 66 71 67 75 56 76 69 72 21 10 50 01 40 68 36 34 39 30 33 38 37 06 64 32 31 
16 18 14 10 15 11 19 27 62 13 58 56 54 50 55 51 59 47 65 53 06 08 04 01 05 00 09 36 61 03 46 48 44 45 41 49 17 60 43 40 28 26 24 21 25 20 29 74 63 23 75 73 71 68 72 66 67 57 76 70 22 12 52 02 42 69 35 39 37 33 31 34 30 38 07 64 32 
14 17 19 15 12 16 10 11 28 62 57 54 59 55 52 56 50 51 48 65 04 07 09 05 02 06 01 00 37 61 44 47 49 42 46 40 41 18 60 45 27 24 29 25 22 26 21 20 75 63 74 71 67 72 69 73 68 66 58 76 23 13 53 03 43 70 33 64 36 38 34 32 35 31 30 08 39 
62 15 18 11 16 13 17 12 10 29 55 65 58 51 56 53 57 52 50 49 61 05 08 00 06 03 07 02 01 38 60 45 48 46 43 47 42 40 19 41 25 63 28 20 26 23 27 22 21 67 72 76 75 66 73 70 74 69 68 59 24 14 54 04 44 71 64 09 34 37 30 35 39 36 32 31 33 
70 01 76 74 66 69 75 72 67 71 31 39 64 36 30 32 37 34 38 33 53 50 65 57 51 52 58 55 59 54 03 40 61 00 02 08 05 09 04 07 21 13 62 17 11 12 18 15 19 14 68 43 60 47 41 42 48 45 49 44 16 73 35 56 06 46 23 24 10 63 27 20 22 28 25 29 26 
00 76 73 67 68 74 71 75 70 69 64 30 35 38 31 36 33 37 39 32 51 65 56 59 50 57 54 58 53 52 41 61 06 01 07 04 08 03 02 09 62 20 16 19 10 17 14 18 13 12 60 66 46 49 40 47 44 48 43 42 15 72 34 55 05 45 11 22 63 26 29 21 27 24 28 23 25 
72 71 02 76 75 68 70 67 73 66 33 34 32 64 37 31 39 38 35 30 55 54 52 65 58 50 53 59 56 51 05 04 42 08 01 03 09 06 00 61 14 15 22 62 18 10 13 19 16 11 44 45 69 60 48 40 43 49 46 41 17 74 36 57 07 47 25 20 24 12 63 28 21 23 29 26 27 
68 73 72 03 76 67 69 71 66 74 35 31 34 39 64 38 32 33 30 36 50 56 55 53 65 59 52 54 51 57 01 06 05 61 09 02 04 00 07 43 16 10 15 23 62 19 12 14 11 17 46 40 45 70 60 49 42 44 41 47 18 75 37 58 08 48 21 27 26 25 13 63 29 22 24 20 28 
75 69 74 73 04 76 66 70 72 68 32 37 36 35 33 64 30 39 34 31 58 52 57 56 54 65 51 53 55 50 08 02 07 44 61 00 03 05 01 06 12 18 17 16 24 62 11 13 15 10 42 48 47 46 71 60 41 43 45 40 19 67 38 59 09 49 28 21 22 27 26 14 63 20 23 25 29 
69 67 70 75 74 05 76 68 71 73 38 32 39 37 36 34 64 31 33 35 52 59 53 58 57 55 65 50 54 56 02 09 03 07 45 61 01 04 06 08 19 12 13 18 17 25 62 10 14 16 49 42 43 48 47 72 60 40 44 46 11 66 30 51 00 41 22 26 29 23 28 27 15 63 21 24 20 
74 70 66 71 67 75 06 76 69 72 39 36 30 33 38 37 35 64 32 34 57 53 51 54 59 58 56 65 52 55 07 03 00 09 08 46 61 02 05 04 13 17 11 14 19 18 26 62 12 15 43 47 41 44 49 48 73 60 42 45 10 68 31 50 01 40 27 25 23 20 24 29 28 16 63 22 21 
73 75 71 68 72 66 67 07 76 70 37 35 33 31 34 30 38 36 64 39 56 58 54 50 55 51 59 57 65 53 06 08 04 05 00 09 47 61 03 01 18 16 14 10 15 11 19 27 62 13 48 46 44 40 45 41 49 74 60 43 12 69 32 52 02 42 26 23 28 24 21 25 20 29 17 63 22 
71 74 67 72 69 73 68 66 08 76 36 33 38 34 32 35 31 30 37 64 54 57 59 55 52 56 50 51 58 65 04 07 09 02 06 01 00 48 61 05 17 14 19 15 12 16 10 11 28 62 47 44 49 45 42 46 40 41 75 60 13 70 39 53 03 43 24 63 27 29 25 22 26 21 20 18 23 
76 72 75 66 73 70 74 69 68 09 34 64 37 30 35 39 36 32 31 38 65 55 58 51 56 53 57 52 50 59 61 05 08 06 03 07 02 01 49 00 15 62 18 11 16 13 17 12 10 29 45 60 48 41 46 43 47 42 40 67 14 71 33 54 04 44 63 19 25 28 20 26 23 27 22 21 24 
19 11 10 12 13 14 15 16 17 18 51 59 50 52 53 54 55 56 57 58 09 00 01 02 03 04 05 06 07 08 49 41 40 43 44 45 46 47 48 42 20 29 21 22 23 24 25 26 27 28 66 67 68 69 70 71 72 73 74 75 76 63 60 64 62 65 38 37 30 31 32 39 33 34 35 36 61 
59 51 50 52 53 54 55 56 57 58 66 67 68 69 70 71 72 73 74 75 19 11 10 12 13 14 15 16 17 18 29 20 21 23 24 25 26 27 28 22 00 09 01 02 03 04 05 06 07 08 30 38 31 32 39 33 34 35 36 37 65 76 62 60 61 64 49 48 41 40 42 43 44 45 46 47 63 
29 20 21 22 23 24 25 26 27 28 00 09 01 02 03 04 05 06 07 08 49 41 40 42 43 44 45 46 47 48 67 66 68 70 71 72 73 74 75 69 30 38 31 32 39 33 34 35 36 37 11 19 10 12 13 14 15 16 17 18 62 60 76 63 65 61 59 58 51 50 52 53 54 55 56 57 64 
49 41 40 42 43 44 45 46 47 48 20 29 21 22 23 24 25 26 27 28 38 30 31 32 39 33 34 35 36 37 59 51 50 53 54 55 56 57 58 52 66 67 68 69 70 71 72 73 74 75 00 09 01 02 03 04 05 06 07 08 61 62 65 76 64 63 19 18 11 10 12 13 14 15 16 17 60 
38 30 31 32 39 33 34 35 36 37 41 49 40 42 43 44 45 46 47 48 67 66 68 69 70 71 72 73 74 75 19 11 10 13 14 15 16 17 18 12 51 59 50 52 53 54 55 56 57 58 20 29 21 22 23 24 25 26 27 28 60 64 63 61 76 62 09 08 00 01 02 03 04 05 06 07 65 
67 66 68 69 70 71 72 73 74 75 30 38 31 32 39 33 34 35 36 37 59 51 50 52 53 54 55 56 57 58 09 00 01 03 04 05 06 07 08 02 11 19 10 12 13 14 15 16 17 18 41 49 40 42 43 44 45 46 47 48 63 61 64 65 60 76 29 28 20 21 22 23 24 25 26 27 62 
51 61 06 09 01 07 04 08 03 02 62 00 16 19 10 17 14 18 13 12 11 63 26 29 21 27 24 28 23 22 20 64 35 31 36 33 37 39 32 38 60 30 46 49 40 47 44 48 43 42 65 41 56 59 50 57 54 58 53 52 45 05 15 25 34 55 66 69 76 73 67 68 74 71 75 70 72 
61 05 08 00 06 03 07 02 01 59 15 62 18 11 16 13 17 12 10 09 63 25 28 20 26 23 27 22 21 19 64 34 37 35 39 36 32 31 29 30 45 60 48 41 46 43 47 42 40 38 55 65 58 51 56 53 57 52 50 49 44 04 14 24 33 54 76 67 72 75 66 73 70 74 69 68 71 
03 50 61 07 00 02 08 05 09 04 01 13 62 17 11 12 18 15 19 14 23 10 63 27 20 22 28 25 29 24 39 21 64 30 32 37 34 38 33 36 31 43 60 47 41 42 48 45 49 44 40 53 65 57 51 52 58 55 59 54 46 06 16 26 35 56 70 71 68 76 74 66 69 75 72 67 73 
05 04 52 61 08 01 03 09 06 00 14 15 02 62 18 10 13 19 16 11 25 24 12 63 28 21 23 29 26 20 34 33 22 37 31 39 38 35 30 64 44 45 32 60 48 40 43 49 46 41 54 55 42 65 58 50 53 59 56 51 47 07 17 27 36 57 72 66 71 69 76 75 68 70 67 73 74 
01 06 05 53 61 09 02 04 00 07 16 10 15 03 62 19 12 14 11 17 21 26 25 13 63 29 22 24 20 27 31 35 34 64 38 32 33 30 36 23 46 40 45 39 60 49 42 44 41 47 56 50 55 43 65 59 52 54 51 57 48 08 18 28 37 58 68 74 73 72 70 76 67 69 71 66 75 
08 02 07 06 54 61 00 03 05 01 12 18 17 16 04 62 11 13 15 10 28 22 27 26 14 63 20 23 25 21 37 32 36 24 64 30 39 34 31 35 42 48 47 46 33 60 41 43 45 40 52 58 57 56 44 65 51 53 55 50 49 09 19 29 38 59 75 68 69 74 73 71 76 66 70 72 67 
02 09 03 08 07 55 61 01 04 06 19 12 13 18 17 05 62 10 14 16 22 29 23 28 27 15 63 21 24 26 32 38 39 36 25 64 31 33 35 37 49 42 43 48 47 34 60 40 44 46 59 52 53 58 57 45 65 50 54 56 41 00 11 20 30 51 69 73 67 70 75 74 72 76 68 71 66 
07 03 00 04 09 08 56 61 02 05 13 17 11 14 19 18 06 62 12 15 27 23 20 24 29 28 16 63 22 25 36 39 30 38 37 26 64 32 34 33 43 47 41 44 49 48 35 60 42 45 53 57 51 54 59 58 46 65 52 55 40 01 10 21 31 50 74 72 70 66 71 67 75 73 76 69 68 
06 08 04 01 05 00 09 57 61 03 18 16 14 10 15 11 19 07 62 13 26 28 24 21 25 20 29 17 63 23 35 37 33 34 30 38 27 64 39 31 48 46 44 40 45 41 49 36 60 43 58 56 54 50 55 51 59 47 65 53 42 02 12 22 32 52 73 70 75 71 68 72 66 67 74 76 69 
04 07 09 05 02 06 01 00 58 61 17 14 19 15 12 16 10 11 08 62 24 27 29 25 22 26 21 20 18 63 33 36 38 32 35 31 30 28 64 34 47 44 49 45 42 46 40 41 37 60 57 54 59 55 52 56 50 51 48 65 43 03 13 23 39 53 71 76 74 67 72 69 73 68 66 75 70 
09 00 01 02 03 04 05 06 07 08 11 19 10 12 13 14 15 16 17 18 29 20 21 22 23 24 25 26 27 28 38 30 31 39 33 34 35 36 37 32 41 49 40 42 43 44 45 46 47 48 51 59 50 52 53 54 55 56 57 58 64 65 61 62 63 60 67 75 66 68 69 70 71 72 73 74 76 
