68 53 65 58 56 52 59 55 54 57 10 72 76 75 71 70 67 69 66 73 40 13 62 18 16 12 19 15 14 17 00 23 63 28 22 29 25 24 27 26 50 03 61 08 06 02 09 05 04 07 30 33 64 37 35 32 38 34 39 36 01 51 74 11 21 31 46 47 20 42 60 49 48 45 43 44 41 
56 74 50 55 53 58 57 54 59 65 71 11 68 69 72 75 73 66 67 76 16 41 10 15 13 18 17 14 19 62 26 01 20 25 28 27 24 29 63 23 06 51 00 05 03 08 07 04 09 61 35 31 30 34 33 37 36 39 38 64 02 52 70 12 22 32 43 60 46 48 40 47 45 44 21 49 42 
58 54 70 65 55 57 53 50 56 51 75 66 12 76 69 73 72 68 71 74 18 14 42 62 15 17 13 10 16 11 28 24 02 63 27 23 20 26 21 25 08 04 52 61 05 07 03 00 06 01 37 39 32 64 34 36 33 30 35 31 09 59 67 19 29 38 45 41 48 47 22 43 60 40 44 46 49 
59 65 54 72 57 56 58 51 52 55 67 76 66 13 73 71 75 74 70 69 19 62 14 43 17 16 18 11 12 15 29 63 24 03 26 28 21 22 25 27 09 61 04 53 07 06 08 01 02 05 38 64 39 33 36 35 37 31 32 34 00 50 68 10 20 30 47 45 49 46 44 48 23 41 60 42 40 
55 59 58 50 66 65 51 56 53 52 69 67 75 68 14 76 74 71 72 70 15 19 18 10 44 62 11 16 13 12 25 29 28 20 63 21 26 23 22 04 05 09 08 00 54 61 01 06 03 02 34 38 37 30 39 64 31 35 33 32 07 57 73 17 27 36 24 42 45 60 48 41 40 46 49 43 47 
53 52 56 54 51 69 65 59 57 50 72 70 71 66 74 15 76 67 73 68 13 12 16 14 11 45 62 19 17 10 23 22 26 24 05 63 29 27 20 21 03 02 06 04 01 55 61 09 07 00 33 32 35 39 31 34 64 38 36 30 08 58 75 18 28 37 41 40 43 25 46 60 44 49 42 47 48 
52 55 51 57 58 59 71 65 50 53 70 69 74 73 75 67 16 76 68 72 12 15 11 17 18 19 46 62 10 13 22 25 21 27 29 06 63 20 23 28 02 05 01 07 08 09 56 61 00 03 32 34 31 36 37 38 35 64 30 33 04 54 66 14 24 39 48 43 42 49 41 26 47 60 45 40 44 
51 58 53 59 52 54 50 73 65 56 74 75 72 67 70 66 68 17 76 71 11 18 13 19 12 14 10 47 62 16 21 28 23 29 24 20 07 63 26 22 01 08 03 09 02 04 00 57 61 06 31 37 33 38 32 39 30 36 64 35 05 55 69 15 25 34 42 46 41 44 43 40 49 27 48 60 45 
57 50 59 51 65 53 55 52 75 54 73 68 67 74 76 72 69 70 18 66 17 10 19 11 62 13 15 12 48 14 27 20 29 21 23 25 22 08 24 63 07 00 09 01 61 03 05 02 58 04 36 30 38 31 64 33 34 32 37 39 06 56 71 16 26 35 60 44 47 43 49 45 41 42 40 28 46 
65 56 57 52 50 51 54 58 55 67 76 71 73 70 68 74 66 75 69 19 62 16 17 12 10 11 14 18 15 49 63 26 27 22 21 24 28 25 09 20 61 06 07 02 00 01 04 08 05 59 64 35 36 32 30 31 39 37 34 38 03 53 72 13 23 33 40 29 60 41 47 44 42 48 46 45 43 
40 23 63 28 26 22 29 25 24 27 68 03 61 08 06 02 09 05 04 07 20 43 60 48 46 42 49 45 44 47 50 72 76 75 70 67 69 66 73 71 10 33 64 37 35 32 38 34 39 36 00 13 62 18 16 12 19 15 14 17 31 21 01 41 74 11 56 57 30 52 65 59 58 55 53 54 51 
26 41 20 25 23 28 27 24 29 63 06 74 00 05 03 08 07 04 09 61 46 21 40 45 43 48 47 44 49 60 71 51 68 69 75 73 66 67 76 72 35 11 30 34 33 37 36 39 38 64 16 01 10 15 13 18 17 14 19 62 32 22 02 42 70 12 53 65 56 58 50 57 55 54 31 59 52 
28 24 42 63 25 27 23 20 26 21 08 04 70 61 05 07 03 00 06 01 48 44 22 60 45 47 43 40 46 41 75 66 52 76 73 72 68 71 74 69 37 39 12 64 34 36 33 30 35 31 18 14 02 62 15 17 13 10 16 11 38 29 09 49 67 19 55 51 58 57 32 53 65 50 54 56 59 
29 63 24 43 27 26 28 21 22 25 09 61 04 72 07 06 08 01 02 05 49 60 44 23 47 46 48 41 42 45 67 76 66 53 71 75 74 70 69 73 38 64 39 13 36 35 37 31 32 34 19 62 14 03 17 16 18 11 12 15 30 20 00 40 68 10 57 55 59 56 54 58 33 51 65 52 50 
25 29 28 20 44 63 21 26 23 22 05 09 08 00 66 61 01 06 03 02 45 49 48 40 24 60 41 46 43 42 69 67 75 68 76 74 71 72 70 54 34 38 37 30 14 64 31 35 33 32 15 19 18 10 04 62 11 16 13 12 36 27 07 47 73 17 39 52 55 65 58 51 50 56 59 53 57 
23 22 26 24 21 45 63 29 27 20 03 02 06 04 01 69 61 09 07 00 43 42 46 44 41 25 60 49 47 40 72 70 71 66 55 76 67 73 68 74 33 32 35 39 31 15 64 38 36 30 13 12 16 14 11 05 62 19 17 10 37 28 08 48 75 18 51 50 53 34 56 65 54 59 52 57 58 
22 25 21 27 28 29 46 63 20 23 02 05 01 07 08 09 71 61 00 03 42 45 41 47 48 49 26 60 40 43 70 69 74 73 67 56 76 68 72 75 32 34 31 36 37 38 16 64 30 33 12 15 11 17 18 19 06 62 10 13 39 24 04 44 66 14 58 53 52 59 51 35 57 65 55 50 54 
21 28 23 29 22 24 20 47 63 26 01 08 03 09 02 04 00 73 61 06 41 48 43 49 42 44 40 27 60 46 74 75 72 67 66 68 57 76 71 70 31 37 33 38 32 39 30 17 64 35 11 18 13 19 12 14 10 07 62 16 34 25 05 45 69 15 52 56 51 54 53 50 59 36 58 65 55 
27 20 29 21 63 23 25 22 48 24 07 00 09 01 61 03 05 02 75 04 47 40 49 41 60 43 45 42 28 44 73 68 67 74 72 69 70 58 66 76 36 30 38 31 64 33 34 32 18 39 17 10 19 11 62 13 15 12 08 14 35 26 06 46 71 16 65 54 57 53 59 55 51 52 50 37 56 
63 26 27 22 20 21 24 28 25 49 61 06 07 02 00 01 04 08 05 67 60 46 47 42 40 41 44 48 45 29 76 71 73 70 74 66 75 69 59 68 64 35 36 32 30 31 39 37 34 19 62 16 17 12 10 11 14 18 15 09 33 23 03 43 72 13 50 38 65 51 57 54 52 58 56 55 53 
10 43 60 48 46 42 49 45 44 47 50 23 63 28 26 22 29 25 24 27 68 33 64 37 35 32 38 34 39 36 30 53 65 58 52 59 55 54 57 56 00 72 76 75 71 70 67 69 66 73 20 03 61 08 06 02 09 05 04 07 74 41 21 31 51 01 16 17 40 12 62 19 18 15 13 14 11 
46 11 40 45 43 48 47 44 49 60 26 51 20 25 23 28 27 24 29 63 35 74 30 34 33 37 36 39 38 64 56 31 50 55 58 57 54 59 65 53 71 01 68 69 72 75 73 66 67 76 06 21 00 05 03 08 07 04 09 61 70 42 22 32 52 02 13 62 16 18 10 17 15 14 41 19 12 
48 44 12 60 45 47 43 40 46 41 28 24 52 63 25 27 23 20 26 21 37 39 70 64 34 36 33 30 35 31 58 54 32 65 57 53 50 56 51 55 75 66 02 76 69 73 72 68 71 74 08 04 22 61 05 07 03 00 06 01 67 49 29 38 59 09 15 11 18 17 42 13 62 10 14 16 19 
49 60 44 13 47 46 48 41 42 45 29 63 24 53 27 26 28 21 22 25 38 64 39 72 36 35 37 31 32 34 59 65 54 33 56 58 51 52 55 57 67 76 66 03 73 71 75 74 70 69 09 61 04 23 07 06 08 01 02 05 68 40 20 30 50 00 17 15 19 16 14 18 43 11 62 12 10 
45 49 48 40 14 60 41 46 43 42 25 29 28 20 54 63 21 26 23 22 34 38 37 30 66 64 31 35 33 32 55 59 58 50 65 51 56 53 52 39 69 67 75 68 04 76 74 71 72 70 05 09 08 00 24 61 01 06 03 02 73 47 27 36 57 07 44 12 15 62 18 11 10 16 19 13 17 
43 42 46 44 41 15 60 49 47 40 23 22 26 24 21 55 63 29 27 20 33 32 35 39 31 69 64 38 36 30 53 52 56 54 34 65 59 57 50 51 72 70 71 66 74 05 76 67 73 68 03 02 06 04 01 25 61 09 07 00 75 48 28 37 58 08 11 10 13 45 16 62 14 19 12 17 18 
42 45 41 47 48 49 16 60 40 43 22 25 21 27 28 29 56 63 20 23 32 34 31 36 37 38 71 64 30 33 52 55 51 57 59 35 65 50 53 58 70 69 74 73 75 67 06 76 68 72 02 05 01 07 08 09 26 61 00 03 66 44 24 39 54 04 18 13 12 19 11 46 17 62 15 10 14 
41 48 43 49 42 44 40 17 60 46 21 28 23 29 22 24 20 57 63 26 31 37 33 38 32 39 30 73 64 35 51 58 53 59 54 50 36 65 56 52 74 75 72 67 70 66 68 07 76 71 01 08 03 09 02 04 00 27 61 06 69 45 25 34 55 05 12 16 11 14 13 10 19 47 18 62 15 
47 40 49 41 60 43 45 42 18 44 27 20 29 21 63 23 25 22 58 24 36 30 38 31 64 33 34 32 75 39 57 50 59 51 53 55 52 37 54 65 73 68 67 74 76 72 69 70 08 66 07 00 09 01 61 03 05 02 28 04 71 46 26 35 56 06 62 14 17 13 19 15 11 12 10 48 16 
60 46 47 42 40 41 44 48 45 19 63 26 27 22 20 21 24 28 25 59 64 35 36 32 30 31 39 37 34 67 65 56 57 52 51 54 58 55 38 50 76 71 73 70 68 74 66 75 69 09 61 06 07 02 00 01 04 08 05 29 72 43 23 33 53 03 10 49 62 11 17 14 12 18 16 15 13 
30 33 64 37 35 32 38 34 39 36 20 43 60 48 46 42 49 45 44 47 00 72 76 75 71 70 67 69 66 73 68 13 62 18 12 19 15 14 17 16 40 53 65 58 56 52 59 55 54 57 10 23 63 28 26 22 29 25 24 27 51 31 41 74 11 21 06 07 50 02 61 09 08 05 03 04 01 
35 31 30 34 33 37 36 39 38 64 46 21 40 45 43 48 47 44 49 60 71 01 68 69 72 75 73 66 67 76 16 74 10 15 18 17 14 19 62 13 56 41 50 55 53 58 57 54 59 65 26 11 20 25 23 28 27 24 29 63 52 32 42 70 12 22 03 61 06 08 00 07 05 04 51 09 02 
37 39 32 64 34 36 33 30 35 31 48 44 22 60 45 47 43 40 46 41 75 66 02 76 69 73 72 68 71 74 18 14 70 62 17 13 10 16 11 15 58 54 42 65 55 57 53 50 56 51 28 24 12 63 25 27 23 20 26 21 59 38 49 67 19 29 05 01 08 07 52 03 61 00 04 06 09 
38 64 39 33 36 35 37 31 32 34 49 60 44 23 47 46 48 41 42 45 67 76 66 03 73 71 75 74 70 69 19 62 14 72 16 18 11 12 15 17 59 65 54 43 57 56 58 51 52 55 29 63 24 13 27 26 28 21 22 25 50 30 40 68 10 20 07 05 09 06 04 08 53 01 61 02 00 
33 32 35 39 31 34 64 38 36 30 43 42 46 44 41 25 60 49 47 40 72 70 71 66 74 05 76 67 73 68 13 12 16 14 69 62 19 17 10 11 53 52 56 54 51 45 65 59 57 50 23 22 26 24 21 15 63 29 27 20 58 37 48 75 18 28 01 00 03 55 06 61 04 09 02 07 08 
32 34 31 36 37 38 35 64 30 33 42 45 41 47 48 49 26 60 40 43 70 69 74 73 75 67 06 76 68 72 12 15 11 17 19 71 62 10 13 18 52 55 51 57 58 59 46 65 50 53 22 25 21 27 28 29 16 63 20 23 54 39 44 66 14 24 08 03 02 09 01 56 07 61 05 00 04 
31 37 33 38 32 39 30 36 64 35 41 48 43 49 42 44 40 27 60 46 74 75 72 67 70 66 68 07 76 71 11 18 13 19 14 10 73 62 16 12 51 58 53 59 52 54 50 47 65 56 21 28 23 29 22 24 20 17 63 26 55 34 45 69 15 25 02 06 01 04 03 00 09 57 08 61 05 
36 30 38 31 64 33 34 32 37 39 47 40 49 41 60 43 45 42 28 44 73 68 67 74 76 72 69 70 08 66 17 10 19 11 13 15 12 75 14 62 57 50 59 51 65 53 55 52 48 54 27 20 29 21 63 23 25 22 18 24 56 35 46 71 16 26 61 04 07 03 09 05 01 02 00 58 06 
64 35 36 32 30 31 39 37 34 38 60 46 47 42 40 41 44 48 45 29 76 71 73 70 68 74 66 75 69 09 62 16 17 12 11 14 18 15 67 10 65 56 57 52 50 51 54 58 55 49 63 26 27 22 20 21 24 28 25 19 53 33 43 72 13 23 00 59 61 01 07 04 02 08 06 05 03 
34 38 37 30 39 64 31 35 33 32 45 49 48 40 24 60 41 46 43 42 69 67 75 68 04 76 74 71 72 70 15 19 18 10 62 11 16 13 12 66 55 59 58 50 44 65 51 56 53 52 25 29 28 20 14 63 21 26 23 22 57 36 47 73 17 27 54 02 05 61 08 01 00 06 09 03 07 
20 13 62 18 16 12 19 15 14 17 40 53 65 58 56 52 59 55 54 57 30 03 61 08 06 02 09 05 04 07 10 43 60 48 42 49 45 44 47 46 68 23 63 28 26 22 29 25 24 27 50 72 76 75 71 70 67 69 66 73 21 11 51 01 41 74 35 36 00 32 64 38 37 34 33 39 31 
16 21 10 15 13 18 17 14 19 62 56 41 50 55 53 58 57 54 59 65 06 31 00 05 03 08 07 04 09 61 46 11 40 45 48 47 44 49 60 43 26 74 20 25 23 28 27 24 29 63 71 51 68 69 72 75 73 66 67 76 22 12 52 02 42 70 33 64 35 37 30 36 34 39 01 38 32 
18 14 22 62 15 17 13 10 16 11 58 54 42 65 55 57 53 50 56 51 08 04 32 61 05 07 03 00 06 01 48 44 12 60 47 43 40 46 41 45 28 24 70 63 25 27 23 20 26 21 75 66 52 76 69 73 72 68 71 74 29 19 59 09 49 67 34 31 37 36 02 33 64 30 39 35 38 
19 62 14 23 17 16 18 11 12 15 59 65 54 43 57 56 58 51 52 55 09 61 04 33 07 06 08 01 02 05 49 60 44 13 46 48 41 42 45 47 29 63 24 72 27 26 28 21 22 25 67 76 66 53 73 71 75 74 70 69 20 10 50 00 40 68 36 34 38 35 39 37 03 31 64 32 30 
15 19 18 10 24 62 11 16 13 12 55 59 58 50 44 65 51 56 53 52 05 09 08 00 39 61 01 06 03 02 45 49 48 40 60 41 46 43 42 14 25 29 28 20 66 63 21 26 23 22 69 67 75 68 54 76 74 71 72 70 27 17 57 07 47 73 04 32 34 64 37 31 30 35 38 33 36 
13 12 16 14 11 25 62 19 17 10 53 52 56 54 51 45 65 59 57 50 03 02 06 04 01 34 61 09 07 00 43 42 46 44 15 60 49 47 40 41 23 22 26 24 21 69 63 29 27 20 72 70 71 66 74 55 76 67 73 68 28 18 58 08 48 75 31 30 33 05 35 64 39 38 32 36 37 
12 15 11 17 18 19 26 62 10 13 52 55 51 57 58 59 46 65 50 53 02 05 01 07 08 09 35 61 00 03 42 45 41 47 49 16 60 40 43 48 22 25 21 27 28 29 71 63 20 23 70 69 74 73 75 67 56 76 68 72 24 14 54 04 44 66 37 33 32 38 31 06 36 64 34 30 39 
11 18 13 19 12 14 10 27 62 16 51 58 53 59 52 54 50 47 65 56 01 08 03 09 02 04 00 36 61 06 41 48 43 49 44 40 17 60 46 42 21 28 23 29 22 24 20 73 63 26 74 75 72 67 70 66 68 57 76 71 25 15 55 05 45 69 32 35 31 39 33 30 38 07 37 64 34 
17 10 19 11 62 13 15 12 28 14 57 50 59 51 65 53 55 52 48 54 07 00 09 01 61 03 05 02 37 04 47 40 49 41 43 45 42 18 44 60 27 20 29 21 63 23 25 22 75 24 73 68 67 74 76 72 69 70 58 66 26 16 56 06 46 71 64 39 36 33 38 34 31 32 30 08 35 
62 16 17 12 10 11 14 18 15 29 65 56 57 52 50 51 54 58 55 49 61 06 07 02 00 01 04 08 05 38 60 46 47 42 41 44 48 45 19 40 63 26 27 22 20 21 24 28 25 67 76 71 73 70 68 74 66 75 69 59 23 13 53 03 43 72 30 09 64 31 36 39 32 37 35 34 33 
00 72 76 75 71 70 67 69 66 73 30 33 64 37 35 32 38 34 39 36 50 53 65 58 56 52 59 55 54 57 40 03 61 08 02 09 05 04 07 06 20 13 62 18 16 12 19 15 14 17 68 43 60 48 46 42 49 45 44 47 11 74 31 51 01 41 26 27 10 22 63 29 28 25 23 24 21 
71 01 68 69 72 75 73 66 67 76 35 31 30 34 33 37 36 39 38 64 56 51 50 55 53 58 57 54 59 65 06 41 00 05 08 07 04 09 61 03 16 21 10 15 13 18 17 14 19 62 46 74 40 45 43 48 47 44 49 60 12 70 32 52 02 42 23 63 26 28 20 27 25 24 11 29 22 
75 66 02 76 69 73 72 68 71 74 37 39 32 64 34 36 33 30 35 31 58 54 52 65 55 57 53 50 56 51 08 04 42 61 07 03 00 06 01 05 18 14 22 62 15 17 13 10 16 11 48 44 70 60 45 47 43 40 46 41 19 67 38 59 09 49 25 21 28 27 12 23 63 20 24 26 29 
67 76 66 03 73 71 75 74 70 69 38 64 39 33 36 35 37 31 32 34 59 65 54 53 57 56 58 51 52 55 09 61 04 43 06 08 01 02 05 07 19 62 14 23 17 16 18 11 12 15 49 60 44 72 47 46 48 41 42 45 10 68 30 50 00 40 27 25 29 26 24 28 13 21 63 22 20 
69 67 75 68 04 76 74 71 72 70 34 38 37 30 39 64 31 35 33 32 55 59 58 50 54 65 51 56 53 52 05 09 08 00 61 01 06 03 02 44 15 19 18 10 24 62 11 16 13 12 45 49 48 40 66 60 41 46 43 42 17 73 36 57 07 47 14 22 25 63 28 21 20 26 29 23 27 
72 70 71 66 74 05 76 67 73 68 33 32 35 39 31 34 64 38 36 30 53 52 56 54 51 55 65 59 57 50 03 02 06 04 45 61 09 07 00 01 13 12 16 14 11 25 62 19 17 10 43 42 46 44 41 69 60 49 47 40 18 75 37 58 08 48 21 20 23 15 26 63 24 29 22 27 28 
70 69 74 73 75 67 06 76 68 72 32 34 31 36 37 38 35 64 30 33 52 55 51 57 58 59 56 65 50 53 02 05 01 07 09 46 61 00 03 08 12 15 11 17 18 19 26 62 10 13 42 45 41 47 48 49 71 60 40 43 14 66 39 54 04 44 28 23 22 29 21 16 27 63 25 20 24 
74 75 72 67 70 66 68 07 76 71 31 37 33 38 32 39 30 36 64 35 51 58 53 59 52 54 50 57 65 56 01 08 03 09 04 00 47 61 06 02 11 18 13 19 12 14 10 27 62 16 41 48 43 49 42 44 40 73 60 46 15 69 34 55 05 45 22 26 21 24 23 20 29 17 28 63 25 
73 68 67 74 76 72 69 70 08 66 36 30 38 31 64 33 34 32 37 39 57 50 59 51 65 53 55 52 58 54 07 00 09 01 03 05 02 48 04 61 17 10 19 11 62 13 15 12 28 14 47 40 49 41 60 43 45 42 75 44 16 71 35 56 06 46 63 24 27 23 29 25 21 22 20 18 26 
76 71 73 70 68 74 66 75 69 09 64 35 36 32 30 31 39 37 34 38 65 56 57 52 50 51 54 58 55 59 61 06 07 02 01 04 08 05 49 00 62 16 17 12 10 11 14 18 15 29 60 46 47 42 40 41 44 48 45 67 13 72 33 53 03 43 20 19 63 21 27 24 22 28 26 25 23 
14 17 15 16 19 10 12 13 11 18 54 57 55 56 59 50 52 53 51 58 04 07 05 06 09 00 02 03 01 08 44 47 45 46 40 42 43 41 48 49 24 27 25 26 29 20 22 23 21 28 66 73 69 71 67 68 70 72 74 75 76 63 60 64 62 65 38 37 39 30 34 32 35 33 36 31 61 
54 57 55 56 59 50 52 53 51 58 66 73 69 71 67 68 70 72 74 75 14 17 15 16 19 10 12 13 11 18 24 27 25 26 20 22 23 21 28 29 04 07 05 06 09 00 02 03 01 08 39 36 34 35 38 30 32 33 31 37 65 76 62 60 61 64 49 48 44 40 45 42 46 43 47 41 63 
24 27 25 26 29 20 22 23 21 28 04 07 05 06 09 00 02 03 01 08 44 47 45 46 49 40 42 43 41 48 66 73 69 71 68 70 72 74 75 67 39 36 34 35 38 30 32 33 31 37 14 17 15 16 19 10 12 13 11 18 62 60 76 63 65 61 59 58 54 50 55 52 56 53 57 51 64 
44 47 45 46 49 40 42 43 41 48 24 27 25 26 29 20 22 23 21 28 39 36 34 35 38 30 32 33 31 37 54 57 55 56 50 52 53 51 58 59 66 73 69 71 67 68 70 72 74 75 04 07 05 06 09 00 02 03 01 08 61 62 65 76 64 63 19 18 14 10 15 12 16 13 17 11 60 
39 36 34 35 38 30 32 33 31 37 44 47 45 46 49 40 42 43 41 48 66 73 69 71 67 68 70 72 74 75 14 17 15 16 10 12 13 11 18 19 54 57 55 56 59 50 52 53 51 58 24 27 25 26 29 20 22 23 21 28 60 64 63 61 76 62 09 08 04 00 05 02 06 03 07 01 65 
66 73 69 71 67 68 70 72 74 75 39 36 34 35 38 30 32 33 31 37 54 57 55 56 59 50 52 53 51 58 04 07 05 06 00 02 03 01 08 09 14 17 15 16 19 10 12 13 11 18 44 47 45 46 49 40 42 43 41 48 63 61 64 65 60 76 29 28 24 20 25 22 26 23 27 21 62 
05 09 08 00 54 61 01 06 03 02 15 19 18 10 04 62 11 16 13 12 25 29 28 20 14 63 21 26 23 22 34 38 37 30 64 31 35 33 32 24 45 49 48 40 39 60 41 46 43 42 55 59 58 50 44 65 51 56 53 52 47 07 17 27 36 57 66 70 69 76 75 74 68 71 67 72 73 
61 06 07 02 00 01 04 08 05 59 62 16 17 12 10 11 14 18 15 09 63 26 27 22 20 21 24 28 25 19 64 35 36 32 31 39 37 34 29 30 60 46 47 42 40 41 44 48 45 38 65 56 57 52 50 51 54 58 55 49 43 03 13 23 33 53 68 67 76 74 73 66 70 75 71 69 72 
50 03 61 08 06 02 09 05 04 07 00 13 62 18 16 12 19 15 14 17 10 23 63 28 26 22 29 25 24 27 20 33 64 37 32 38 34 39 36 35 30 43 60 48 46 42 49 45 44 47 40 53 65 58 56 52 59 55 54 57 41 01 11 21 31 51 71 73 68 70 76 67 75 69 72 66 74 
03 02 06 04 01 55 61 09 07 00 13 12 16 14 11 05 62 19 17 10 23 22 26 24 21 15 63 29 27 20 33 32 35 39 25 64 38 36 30 31 43 42 46 44 41 34 60 49 47 40 53 52 56 54 51 45 65 59 57 50 48 08 18 28 37 58 74 68 72 69 71 76 66 67 70 73 75 
08 04 52 61 05 07 03 00 06 01 18 14 02 62 15 17 13 10 16 11 28 24 12 63 25 27 23 20 26 21 37 39 22 64 36 33 30 35 31 34 48 44 32 60 45 47 43 40 46 41 58 54 42 65 55 57 53 50 56 51 49 09 19 29 38 59 69 74 75 73 70 72 76 68 66 71 67 
02 05 01 07 08 09 56 61 00 03 12 15 11 17 18 19 06 62 10 13 22 25 21 27 28 29 16 63 20 23 32 34 31 36 38 26 64 30 33 37 42 45 41 47 48 49 35 60 40 43 52 55 51 57 58 59 46 65 50 53 44 04 14 24 39 54 75 72 70 67 74 71 73 76 69 68 66 
09 61 04 53 07 06 08 01 02 05 19 62 14 03 17 16 18 11 12 15 29 63 24 13 27 26 28 21 22 25 38 64 39 23 35 37 31 32 34 36 49 60 44 33 47 46 48 41 42 45 59 65 54 43 57 56 58 51 52 55 40 00 10 20 30 50 73 69 67 71 66 75 72 74 76 70 68 
01 08 03 09 02 04 00 57 61 06 11 18 13 19 12 14 10 07 62 16 21 28 23 29 22 24 20 17 63 26 31 37 33 38 39 30 27 64 35 32 41 48 43 49 42 44 40 36 60 46 51 58 53 59 52 54 50 47 65 56 45 05 15 25 34 55 70 71 74 66 72 68 67 73 75 76 69 
06 51 00 05 03 08 07 04 09 61 16 01 10 15 13 18 17 14 19 62 26 11 20 25 23 28 27 24 29 63 35 21 30 34 37 36 39 38 64 33 46 31 40 45 43 48 47 44 49 60 56 41 50 55 53 58 57 54 59 65 42 02 12 22 32 52 72 76 71 75 68 73 69 66 74 67 70 
07 00 09 01 61 03 05 02 58 04 17 10 19 11 62 13 15 12 08 14 27 20 29 21 63 23 25 22 18 24 36 30 38 31 33 34 32 28 39 64 47 40 49 41 60 43 45 42 37 44 57 50 59 51 65 53 55 52 48 54 46 06 16 26 35 56 76 66 73 72 67 69 74 70 68 75 71 
04 07 05 06 09 00 02 03 01 08 14 17 15 16 19 10 12 13 11 18 24 27 25 26 29 20 22 23 21 28 39 36 34 35 30 32 33 31 37 38 44 47 45 46 49 40 42 43 41 48 54 57 55 56 59 50 52 53 51 58 64 65 61 62 63 60 67 75 66 68 69 70 71 72 73 74 76 
