52 54 60 58 51 53 59 56 50 55 0  3  64 7  1  2  8  5  9  4  34 33 31 61 37 30 32 38 35 39 43 40 65 47 41 42 48 45 49 44 66 69 76 73 67 68 74 71 75 70 25 24 22 63 28 21 23 29 26 20 27 46 6  36 57 72 10 13 62 17 11 12 18 15 19 14 16
60 51 57 50 52 58 55 59 54 53 64 1  6  9  0  7  4  8  3  2  32 30 61 36 39 31 37 34 38 33 41 65 46 49 40 47 44 48 43 42 76 67 72 75 66 73 70 74 69 68 23 21 63 27 20 22 28 25 29 24 26 45 5  35 56 71 62 11 16 19 10 17 14 18 13 12 15
55 56 53 60 59 52 54 50 57 51 4  5  2  64 8  0  3  9  6  1  30 35 34 32 61 38 31 33 39 36 45 44 42 65 48 40 43 49 46 41 70 71 68 76 74 66 69 75 72 67 21 26 25 23 63 29 22 24 20 27 28 47 7  37 58 73 14 15 12 62 18 10 13 19 16 11 17
57 52 56 54 60 50 53 55 51 58 6  0  5  3  64 9  2  4  1  7  37 31 36 35 33 61 39 32 34 30 40 46 45 43 65 49 42 44 41 47 72 66 71 69 76 75 68 70 67 73 28 22 27 26 24 63 20 23 25 21 29 48 8  38 59 74 16 10 15 13 62 19 12 14 11 17 18
53 59 58 57 55 60 51 54 56 52 2  8  7  6  4  64 1  3  5  0  31 38 32 37 36 34 61 30 33 35 48 42 47 46 44 65 41 43 45 40 68 74 73 72 70 76 67 69 71 66 22 29 23 28 27 25 63 21 24 26 20 49 9  39 50 75 12 18 17 16 14 62 11 13 15 10 19
50 53 54 59 58 56 60 52 55 57 9  2  3  8  7  5  64 0  4  6  36 32 39 33 38 37 35 61 31 34 42 49 43 48 47 45 65 40 44 46 75 68 69 74 73 71 76 66 70 72 27 23 20 24 29 28 26 63 22 25 21 41 1  30 51 67 19 12 13 18 17 15 62 10 14 16 11
54 58 51 55 50 59 57 60 53 56 3  7  1  4  9  8  6  64 2  5  35 37 33 30 34 39 38 36 61 32 47 43 41 44 49 48 46 65 42 45 69 73 67 70 75 74 72 76 68 71 26 28 24 21 25 20 29 27 63 23 22 40 0  31 52 66 13 17 11 14 19 18 16 62 12 15 10
59 57 55 52 56 51 50 58 60 54 8  6  4  0  5  1  9  7  64 3  33 36 38 34 31 35 30 39 37 61 46 48 44 40 45 41 49 47 65 43 74 72 70 66 71 67 75 73 76 69 24 27 29 25 22 26 21 20 28 63 23 42 2  32 53 68 18 16 14 10 15 11 19 17 62 13 12
58 55 50 56 53 57 52 51 59 60 7  4  9  5  2  6  0  1  8  64 61 34 37 39 35 32 36 31 30 38 44 47 49 45 42 46 40 41 48 65 73 70 75 71 68 72 66 67 74 76 63 25 28 20 26 23 27 22 21 29 24 43 3  33 54 69 17 14 19 15 12 16 10 11 18 62 13
56 60 59 51 57 54 58 53 52 50 5  64 8  1  6  3  7  2  0  9  39 61 35 38 30 36 33 37 32 31 65 45 48 41 46 43 47 42 40 49 71 76 74 67 72 69 73 68 66 75 20 63 26 29 21 27 24 28 23 22 25 44 4  34 55 70 15 62 18 11 16 13 17 12 10 19 14
40 43 65 47 41 42 48 45 49 44 31 33 61 37 30 32 38 35 39 34 14 13 10 62 17 11 12 18 15 19 3  0  64 7  1  2  8  5  9  4  52 54 60 58 51 53 59 56 50 55 70 69 66 76 73 67 68 74 71 75 72 6  36 16 46 57 22 24 63 28 21 23 29 26 20 25 27
65 41 46 49 40 47 44 48 43 42 61 30 36 39 31 37 34 38 33 32 12 11 62 16 19 10 17 14 18 13 1  64 6  9  0  7  4  8  3  2  60 51 57 50 52 58 55 59 54 53 68 67 76 72 75 66 73 70 74 69 71 5  35 15 45 56 63 21 27 20 22 28 25 29 24 23 26
44 45 42 65 48 40 43 49 46 41 34 35 32 61 38 31 33 39 36 30 11 15 14 12 62 18 10 13 19 16 5  4  2  64 8  0  3  9  6  1  55 56 53 60 59 52 54 50 57 51 67 71 70 68 76 74 66 69 75 72 73 7  37 17 47 58 25 26 23 63 29 22 24 20 27 21 28
46 40 45 43 65 49 42 44 41 47 36 31 35 33 61 39 32 34 30 37 17 10 16 15 13 62 19 12 14 11 0  6  5  3  64 9  2  4  1  7  57 52 56 54 60 50 53 55 51 58 73 66 72 71 69 76 75 68 70 67 74 8  38 18 48 59 27 22 26 24 63 20 23 25 21 28 29
42 48 47 46 44 65 41 43 45 40 32 38 37 36 34 61 30 33 35 31 10 18 12 17 16 14 62 11 13 15 8  2  7  6  4  64 1  3  5  0  53 59 58 57 55 60 51 54 56 52 66 74 68 73 72 70 76 67 69 71 75 9  39 19 49 50 23 29 28 27 25 63 21 24 26 22 20
49 42 43 48 47 45 65 40 44 46 39 32 33 38 37 35 61 31 34 36 16 12 19 13 18 17 15 62 10 14 2  9  3  8  7  5  64 0  4  6  50 53 54 59 58 56 60 52 55 57 72 68 75 69 74 73 71 76 66 70 67 1  30 11 41 51 20 23 24 29 28 26 63 22 25 27 21
43 47 41 44 49 48 46 65 42 45 33 37 30 34 39 38 36 61 32 35 15 17 13 11 14 19 18 16 62 12 7  3  1  4  9  8  6  64 2  5  54 58 51 55 50 59 57 60 53 56 71 73 69 67 70 75 74 72 76 68 66 0  31 10 40 52 24 28 21 25 20 29 27 63 23 26 22
48 46 44 40 45 41 49 47 65 43 38 36 34 31 35 30 39 37 61 33 13 16 18 14 10 15 11 19 17 62 6  8  4  0  5  1  9  7  64 3  59 57 55 52 56 51 50 58 60 54 69 72 74 70 66 71 67 75 73 76 68 2  32 12 42 53 29 27 25 22 26 21 20 28 63 24 23
47 44 49 45 42 46 40 41 48 65 37 34 39 35 32 36 31 30 38 61 62 14 17 19 15 12 16 10 11 18 4  7  9  5  2  6  0  1  8  64 58 55 50 56 53 57 52 51 59 60 76 70 73 75 71 68 72 66 67 74 69 3  33 13 43 54 28 25 20 26 23 27 22 21 29 63 24
45 65 48 41 46 43 47 42 40 49 35 61 38 30 36 33 37 32 31 39 19 62 15 18 11 16 13 17 12 10 64 5  8  1  6  3  7  2  0  9  56 60 59 51 57 54 58 53 52 50 75 76 71 74 67 72 69 73 68 66 70 4  34 14 44 55 26 63 29 21 27 24 28 23 22 20 25
26 63 29 21 27 24 28 23 22 20 56 60 59 51 57 54 58 53 52 50 49 65 45 48 41 46 43 47 42 40 76 71 74 67 72 69 73 68 66 75 15 62 18 11 16 13 17 12 10 19 39 61 35 38 30 36 33 37 32 31 34 70 55 44 25 14 5  64 8  1  6  3  7  2  0  9  4
63 21 27 20 22 28 25 29 24 23 60 51 57 50 52 58 55 59 54 53 42 41 65 46 49 40 47 44 48 43 67 76 72 75 66 73 70 74 69 68 62 11 16 19 10 17 14 18 13 12 32 30 61 36 39 31 37 34 38 33 35 71 56 45 26 15 64 1  6  9  0  7  4  8  3  2  5
22 24 63 28 21 23 29 26 20 25 52 54 60 58 51 53 59 56 50 55 44 43 40 65 47 41 42 48 45 49 69 66 76 73 67 68 74 71 75 70 10 13 62 17 11 12 18 15 19 14 34 33 31 61 37 30 32 38 35 39 36 72 57 46 27 16 0  3  64 7  1  2  8  5  9  4  6
25 26 23 63 29 22 24 20 27 21 55 56 53 60 59 52 54 50 57 51 41 45 44 42 65 48 40 43 49 46 71 70 68 76 74 66 69 75 72 67 14 15 12 62 18 10 13 19 16 11 30 35 34 32 61 38 31 33 39 36 37 73 58 47 28 17 4  5  2  64 8  0  3  9  6  1  7
27 22 26 24 63 20 23 25 21 28 57 52 56 54 60 50 53 55 51 58 47 40 46 45 43 65 49 42 44 41 66 72 71 69 76 75 68 70 67 73 16 10 15 13 62 19 12 14 11 17 37 31 36 35 33 61 39 32 34 30 38 74 59 48 29 18 6  0  5  3  64 9  2  4  1  7  8
23 29 28 27 25 63 21 24 26 22 53 59 58 57 55 60 51 54 56 52 40 48 42 47 46 44 65 41 43 45 74 68 73 72 70 76 67 69 71 66 12 18 17 16 14 62 11 13 15 10 31 38 32 37 36 34 61 30 33 35 39 75 50 49 20 19 2  8  7  6  4  64 1  3  5  0  9
20 23 24 29 28 26 63 22 25 27 50 53 54 59 58 56 60 52 55 57 46 42 49 43 48 47 45 65 40 44 68 75 69 74 73 71 76 66 70 72 19 12 13 18 17 15 62 10 14 16 36 32 39 33 38 37 35 61 31 34 30 67 51 41 21 11 9  2  3  8  7  5  64 0  4  6  1
24 28 21 25 20 29 27 63 23 26 54 58 51 55 50 59 57 60 53 56 45 47 43 41 44 49 48 46 65 42 73 69 67 70 75 74 72 76 68 71 13 17 11 14 19 18 16 62 12 15 35 37 33 30 34 39 38 36 61 32 31 66 52 40 22 10 3  7  1  4  9  8  6  64 2  5  0
29 27 25 22 26 21 20 28 63 24 59 57 55 52 56 51 50 58 60 54 43 46 48 44 40 45 41 49 47 65 72 74 70 66 71 67 75 73 76 69 18 16 14 10 15 11 19 17 62 13 33 36 38 34 31 35 30 39 37 61 32 68 53 42 23 12 8  6  4  0  5  1  9  7  64 3  2
28 25 20 26 23 27 22 21 29 63 58 55 50 56 53 57 52 51 59 60 65 44 47 49 45 42 46 40 41 48 70 73 75 71 68 72 66 67 74 76 17 14 19 15 12 16 10 11 18 62 61 34 37 39 35 32 36 31 30 38 33 69 54 43 24 13 7  4  9  5  2  6  0  1  8  64 3
62 11 16 19 10 17 14 18 13 12 76 67 72 75 66 73 70 74 69 68 53 51 60 57 50 52 58 55 59 54 21 63 27 20 22 28 25 29 24 23 61 30 36 39 31 37 34 38 33 32 2  1  64 6  9  0  7  4  8  3  5  26 71 56 15 35 65 41 46 49 40 47 44 48 43 42 45
10 13 62 17 11 12 18 15 19 14 66 69 76 73 67 68 74 71 75 70 55 54 52 60 58 51 53 59 56 50 24 22 63 28 21 23 29 26 20 25 31 33 61 37 30 32 38 35 39 34 4  3  0  64 7  1  2  8  5  9  6  27 72 57 16 36 40 43 65 47 41 42 48 45 49 44 46
14 15 12 62 18 10 13 19 16 11 70 71 68 76 74 66 69 75 72 67 51 56 55 53 60 59 52 54 50 57 26 25 23 63 29 22 24 20 27 21 34 35 32 61 38 31 33 39 36 30 1  5  4  2  64 8  0  3  9  6  7  28 73 58 17 37 44 45 42 65 48 40 43 49 46 41 47
16 10 15 13 62 19 12 14 11 17 72 66 71 69 76 75 68 70 67 73 58 52 57 56 54 60 50 53 55 51 22 27 26 24 63 20 23 25 21 28 36 31 35 33 61 39 32 34 30 37 7  0  6  5  3  64 9  2  4  1  8  29 74 59 18 38 46 40 45 43 65 49 42 44 41 47 48
12 18 17 16 14 62 11 13 15 10 68 74 73 72 70 76 67 69 71 66 52 59 53 58 57 55 60 51 54 56 29 23 28 27 25 63 21 24 26 22 32 38 37 36 34 61 30 33 35 31 0  8  2  7  6  4  64 1  3  5  9  20 75 50 19 39 42 48 47 46 44 65 41 43 45 40 49
19 12 13 18 17 15 62 10 14 16 75 68 69 74 73 71 76 66 70 72 57 53 50 54 59 58 56 60 52 55 23 20 24 29 28 26 63 22 25 27 39 32 33 38 37 35 61 31 34 36 6  2  9  3  8  7  5  64 0  4  1  21 67 51 11 30 49 42 43 48 47 45 65 40 44 46 41
13 17 11 14 19 18 16 62 12 15 69 73 67 70 75 74 72 76 68 71 56 58 54 51 55 50 59 57 60 53 28 24 21 25 20 29 27 63 23 26 33 37 30 34 39 38 36 61 32 35 5  7  3  1  4  9  8  6  64 2  0  22 66 52 10 31 43 47 41 44 49 48 46 65 42 45 40
18 16 14 10 15 11 19 17 62 13 74 72 70 66 71 67 75 73 76 69 54 57 59 55 52 56 51 50 58 60 27 29 25 22 26 21 20 28 63 24 38 36 34 31 35 30 39 37 61 33 3  6  8  4  0  5  1  9  7  64 2  23 68 53 12 32 48 46 44 40 45 41 49 47 65 43 42
17 14 19 15 12 16 10 11 18 62 73 70 75 71 68 72 66 67 74 76 60 55 58 50 56 53 57 52 51 59 25 28 20 26 23 27 22 21 29 63 37 34 39 35 32 36 31 30 38 61 64 4  7  9  5  2  6  0  1  8  3  24 69 54 13 33 47 44 49 45 42 46 40 41 48 65 43
15 62 18 11 16 13 17 12 10 19 71 76 74 67 72 69 73 68 66 75 50 60 56 59 51 57 54 58 53 52 63 26 29 21 27 24 28 23 22 20 35 61 38 30 36 33 37 32 31 39 9  64 5  8  1  6  3  7  2  0  4  25 70 55 14 34 45 65 48 41 46 43 47 42 40 49 44
31 33 61 37 30 32 38 35 39 34 22 24 63 28 21 23 29 26 20 25 70 69 66 76 73 67 68 74 71 75 13 10 62 17 11 12 18 15 19 14 0  3  64 7  1  2  8  5  9  4  44 43 40 65 47 41 42 48 45 49 46 16 27 72 36 6  52 54 60 58 51 53 59 56 50 55 57
61 30 36 39 31 37 34 38 33 32 63 21 27 20 22 28 25 29 24 23 68 67 76 72 75 66 73 70 74 69 11 62 16 19 10 17 14 18 13 12 64 1  6  9  0  7  4  8  3  2  42 41 65 46 49 40 47 44 48 43 45 15 26 71 35 5  60 51 57 50 52 58 55 59 54 53 56
34 35 32 61 38 31 33 39 36 30 25 26 23 63 29 22 24 20 27 21 67 71 70 68 76 74 66 69 75 72 15 14 12 62 18 10 13 19 16 11 4  5  2  64 8  0  3  9  6  1  41 45 44 42 65 48 40 43 49 46 47 17 28 73 37 7  55 56 53 60 59 52 54 50 57 51 58
36 31 35 33 61 39 32 34 30 37 27 22 26 24 63 20 23 25 21 28 73 66 72 71 69 76 75 68 70 67 10 16 15 13 62 19 12 14 11 17 6  0  5  3  64 9  2  4  1  7  47 40 46 45 43 65 49 42 44 41 48 18 29 74 38 8  57 52 56 54 60 50 53 55 51 58 59
32 38 37 36 34 61 30 33 35 31 23 29 28 27 25 63 21 24 26 22 66 74 68 73 72 70 76 67 69 71 18 12 17 16 14 62 11 13 15 10 2  8  7  6  4  64 1  3  5  0  40 48 42 47 46 44 65 41 43 45 49 19 20 75 39 9  53 59 58 57 55 60 51 54 56 52 50
39 32 33 38 37 35 61 31 34 36 20 23 24 29 28 26 63 22 25 27 72 68 75 69 74 73 71 76 66 70 12 19 13 18 17 15 62 10 14 16 9  2  3  8  7  5  64 0  4  6  46 42 49 43 48 47 45 65 40 44 41 11 21 67 30 1  50 53 54 59 58 56 60 52 55 57 51
33 37 30 34 39 38 36 61 32 35 24 28 21 25 20 29 27 63 23 26 71 73 69 67 70 75 74 72 76 68 17 13 11 14 19 18 16 62 12 15 3  7  1  4  9  8  6  64 2  5  45 47 43 41 44 49 48 46 65 42 40 10 22 66 31 0  54 58 51 55 50 59 57 60 53 56 52
38 36 34 31 35 30 39 37 61 33 29 27 25 22 26 21 20 28 63 24 69 72 74 70 66 71 67 75 73 76 16 18 14 10 15 11 19 17 62 13 8  6  4  0  5  1  9  7  64 3  43 46 48 44 40 45 41 49 47 65 42 12 23 68 32 2  59 57 55 52 56 51 50 58 60 54 53
37 34 39 35 32 36 31 30 38 61 28 25 20 26 23 27 22 21 29 63 76 70 73 75 71 68 72 66 67 74 14 17 19 15 12 16 10 11 18 62 7  4  9  5  2  6  0  1  8  64 65 44 47 49 45 42 46 40 41 48 43 13 24 69 33 3  58 55 50 56 53 57 52 51 59 60 54
35 61 38 30 36 33 37 32 31 39 26 63 29 21 27 24 28 23 22 20 75 76 71 74 67 72 69 73 68 66 62 15 18 11 16 13 17 12 10 19 5  64 8  1  6  3  7  2  0  9  49 65 45 48 41 46 43 47 42 40 44 14 25 70 34 4  56 60 59 51 57 54 58 53 52 50 55
71 76 74 67 72 69 73 68 66 75 45 65 48 41 46 43 47 42 40 49 9  64 5  8  1  6  3  7  2  0  60 56 59 51 57 54 58 53 52 50 26 63 29 21 27 24 28 23 22 20 19 62 15 18 11 16 13 17 12 10 14 55 44 4  70 25 35 61 38 30 36 33 37 32 31 39 34
76 67 72 75 66 73 70 74 69 68 65 41 46 49 40 47 44 48 43 42 2  1  64 6  9  0  7  4  8  3  51 60 57 50 52 58 55 59 54 53 63 21 27 20 22 28 25 29 24 23 12 11 62 16 19 10 17 14 18 13 15 56 45 5  71 26 61 30 36 39 31 37 34 38 33 32 35
66 69 76 73 67 68 74 71 75 70 40 43 65 47 41 42 48 45 49 44 4  3  0  64 7  1  2  8  5  9  54 52 60 58 51 53 59 56 50 55 22 24 63 28 21 23 29 26 20 25 14 13 10 62 17 11 12 18 15 19 16 57 46 6  72 27 31 33 61 37 30 32 38 35 39 34 36
70 71 68 76 74 66 69 75 72 67 44 45 42 65 48 40 43 49 46 41 1  5  4  2  64 8  0  3  9  6  56 55 53 60 59 52 54 50 57 51 25 26 23 63 29 22 24 20 27 21 11 15 14 12 62 18 10 13 19 16 17 58 47 7  73 28 34 35 32 61 38 31 33 39 36 30 37
72 66 71 69 76 75 68 70 67 73 46 40 45 43 65 49 42 44 41 47 7  0  6  5  3  64 9  2  4  1  52 57 56 54 60 50 53 55 51 58 27 22 26 24 63 20 23 25 21 28 17 10 16 15 13 62 19 12 14 11 18 59 48 8  74 29 36 31 35 33 61 39 32 34 30 37 38
68 74 73 72 70 76 67 69 71 66 42 48 47 46 44 65 41 43 45 40 0  8  2  7  6  4  64 1  3  5  59 53 58 57 55 60 51 54 56 52 23 29 28 27 25 63 21 24 26 22 10 18 12 17 16 14 62 11 13 15 19 50 49 9  75 20 32 38 37 36 34 61 30 33 35 31 39
75 68 69 74 73 71 76 66 70 72 49 42 43 48 47 45 65 40 44 46 6  2  9  3  8  7  5  64 0  4  53 50 54 59 58 56 60 52 55 57 20 23 24 29 28 26 63 22 25 27 16 12 19 13 18 17 15 62 10 14 11 51 41 1  67 21 39 32 33 38 37 35 61 31 34 36 30
69 73 67 70 75 74 72 76 68 71 43 47 41 44 49 48 46 65 42 45 5  7  3  1  4  9  8  6  64 2  58 54 51 55 50 59 57 60 53 56 24 28 21 25 20 29 27 63 23 26 15 17 13 11 14 19 18 16 62 12 10 52 40 0  66 22 33 37 30 34 39 38 36 61 32 35 31
74 72 70 66 71 67 75 73 76 69 48 46 44 40 45 41 49 47 65 43 3  6  8  4  0  5  1  9  7  64 57 59 55 52 56 51 50 58 60 54 29 27 25 22 26 21 20 28 63 24 13 16 18 14 10 15 11 19 17 62 12 53 42 2  68 23 38 36 34 31 35 30 39 37 61 33 32
73 70 75 71 68 72 66 67 74 76 47 44 49 45 42 46 40 41 48 65 64 4  7  9  5  2  6  0  1  8  55 58 50 56 53 57 52 51 59 60 28 25 20 26 23 27 22 21 29 63 62 14 17 19 15 12 16 10 11 18 13 54 43 3  69 24 37 34 39 35 32 36 31 30 38 61 33
67 75 66 68 69 70 71 72 73 74 41 49 40 42 43 44 45 46 47 48 8  9  1  0  2  3  4  5  6  7  50 51 52 53 54 55 56 57 58 59 21 20 22 23 24 25 26 27 28 29 18 19 11 10 12 13 14 15 16 17 62 60 65 64 76 63 30 39 31 32 33 34 35 36 37 38 61
11 19 10 12 13 14 15 16 17 18 67 75 66 68 69 70 71 72 73 74 59 50 51 52 53 54 55 56 57 58 20 21 22 23 24 25 26 27 28 29 30 39 31 32 33 34 35 36 37 38 8  9  1  0  2  3  4  5  6  7  64 63 76 60 62 61 41 49 40 42 43 44 45 46 47 48 65
41 49 40 42 43 44 45 46 47 48 30 39 31 32 33 34 35 36 37 38 18 19 11 10 12 13 14 15 16 17 9  1  0  2  3  4  5  6  7  8  51 50 52 53 54 55 56 57 58 59 74 75 67 66 68 69 70 71 72 73 76 64 61 62 65 60 21 20 22 23 24 25 26 27 28 29 63
21 20 22 23 24 25 26 27 28 29 51 50 52 53 54 55 56 57 58 59 48 49 41 40 42 43 44 45 46 47 75 67 66 68 69 70 71 72 73 74 11 19 10 12 13 14 15 16 17 18 38 39 30 31 32 33 34 35 36 37 61 76 60 65 63 62 1  9  0  2  3  4  5  6  7  8  64
51 50 52 53 54 55 56 57 58 59 1  9  0  2  3  4  5  6  7  8  38 39 30 31 32 33 34 35 36 37 49 41 40 42 43 44 45 46 47 48 67 75 66 68 69 70 71 72 73 74 29 20 21 22 23 24 25 26 27 28 63 65 64 61 60 76 11 19 10 12 13 14 15 16 17 18 62
30 39 31 32 33 34 35 36 37 38 21 20 22 23 24 25 26 27 28 29 74 75 67 66 68 69 70 71 72 73 19 11 10 12 13 14 15 16 17 18 1  9  0  2  3  4  5  6  7  8  48 49 41 40 42 43 44 45 46 47 65 62 63 76 61 64 51 50 52 53 54 55 56 57 58 59 60
0  3  64 7  1  2  8  5  9  4  10 13 62 17 11 12 18 15 19 14 25 24 22 63 28 21 23 29 26 20 33 31 61 37 30 32 38 35 39 34 40 43 65 47 41 42 48 45 49 44 55 54 52 60 58 51 53 59 56 50 57 36 16 27 6  46 66 69 76 73 67 68 74 71 75 70 72
64 1  6  9  0  7  4  8  3  2  62 11 16 19 10 17 14 18 13 12 23 21 63 27 20 22 28 25 29 24 30 61 36 39 31 37 34 38 33 32 65 41 46 49 40 47 44 48 43 42 53 51 60 57 50 52 58 55 59 54 56 35 15 26 5  45 76 67 72 75 66 73 70 74 69 68 71
4  5  2  64 8  0  3  9  6  1  14 15 12 62 18 10 13 19 16 11 21 26 25 23 63 29 22 24 20 27 35 34 32 61 38 31 33 39 36 30 44 45 42 65 48 40 43 49 46 41 51 56 55 53 60 59 52 54 50 57 58 37 17 28 7  47 70 71 68 76 74 66 69 75 72 67 73
6  0  5  3  64 9  2  4  1  7  16 10 15 13 62 19 12 14 11 17 28 22 27 26 24 63 20 23 25 21 31 36 35 33 61 39 32 34 30 37 46 40 45 43 65 49 42 44 41 47 58 52 57 56 54 60 50 53 55 51 59 38 18 29 8  48 72 66 71 69 76 75 68 70 67 73 74
2  8  7  6  4  64 1  3  5  0  12 18 17 16 14 62 11 13 15 10 22 29 23 28 27 25 63 21 24 26 38 32 37 36 34 61 30 33 35 31 42 48 47 46 44 65 41 43 45 40 52 59 53 58 57 55 60 51 54 56 50 39 19 20 9  49 68 74 73 72 70 76 67 69 71 66 75
9  2  3  8  7  5  64 0  4  6  19 12 13 18 17 15 62 10 14 16 27 23 20 24 29 28 26 63 22 25 32 39 33 38 37 35 61 31 34 36 49 42 43 48 47 45 65 40 44 46 57 53 50 54 59 58 56 60 52 55 51 30 11 21 1  41 75 68 69 74 73 71 76 66 70 72 67
3  7  1  4  9  8  6  64 2  5  13 17 11 14 19 18 16 62 12 15 26 28 24 21 25 20 29 27 63 23 37 33 30 34 39 38 36 61 32 35 43 47 41 44 49 48 46 65 42 45 56 58 54 51 55 50 59 57 60 53 52 31 10 22 0  40 69 73 67 70 75 74 72 76 68 71 66
8  6  4  0  5  1  9  7  64 3  18 16 14 10 15 11 19 17 62 13 24 27 29 25 22 26 21 20 28 63 36 38 34 31 35 30 39 37 61 33 48 46 44 40 45 41 49 47 65 43 54 57 59 55 52 56 51 50 58 60 53 32 12 23 2  42 74 72 70 66 71 67 75 73 76 69 68
7  4  9  5  2  6  0  1  8  64 17 14 19 15 12 16 10 11 18 62 63 25 28 20 26 23 27 22 21 29 34 37 39 35 32 36 31 30 38 61 47 44 49 45 42 46 40 41 48 65 60 55 58 50 56 53 57 52 51 59 54 33 13 24 3  43 73 70 75 71 68 72 66 67 74 76 69
5  64 8  1  6  3  7  2  0  9  15 62 18 11 16 13 17 12 10 19 20 63 26 29 21 27 24 28 23 22 61 35 38 30 36 33 37 32 31 39 45 65 48 41 46 43 47 42 40 49 50 60 56 59 51 57 54 58 53 52 55 34 14 25 4  44 71 76 74 67 72 69 73 68 66 75 70
1  9  0  2  3  4  5  6  7  8  11 19 10 12 13 14 15 16 17 18 29 20 21 22 23 24 25 26 27 28 39 30 31 32 33 34 35 36 37 38 41 49 40 42 43 44 45 46 47 48 59 50 51 52 53 54 55 56 57 58 60 61 62 63 64 65 67 75 66 68 69 70 71 72 73 74 76
