50 60 57 51 52 58 55 59 54 53 00 02 64 06 09 01 07 04 08 03 30 39 61 36 31 32 37 34 38 33 40 43 65 41 42 48 45 49 44 47 69 75 76 66 67 72 70 71 73 68 20 23 63 27 21 22 28 25 29 24 26 46 05 35 56 74 15 13 11 10 19 12 62 14 18 17 16 
54 52 60 58 50 53 59 56 51 55 03 04 01 64 07 00 02 08 05 09 33 34 32 61 37 30 39 38 35 31 44 45 42 48 40 43 49 46 41 65 68 71 72 76 70 69 75 73 74 67 24 25 22 63 28 20 23 29 26 21 27 47 06 36 57 66 19 15 18 14 16 10 12 11 13 62 17 
56 55 53 60 59 52 54 51 57 50 05 00 04 02 64 08 01 03 09 06 35 30 34 39 61 38 32 33 31 36 46 40 45 65 49 42 44 41 47 43 74 69 71 75 76 73 72 68 67 66 26 20 25 23 63 29 22 24 21 27 28 48 07 37 58 70 14 10 62 16 11 19 15 17 12 13 18 
52 57 56 54 60 51 53 55 50 58 01 07 06 05 03 64 09 02 04 00 32 37 36 35 33 61 31 39 34 30 42 48 47 44 65 41 43 45 40 46 72 70 66 74 68 76 67 75 71 69 22 28 27 26 24 63 21 23 25 20 29 49 08 38 59 73 13 18 14 12 15 62 17 10 11 16 19 
59 53 58 57 55 60 50 54 56 52 08 01 02 07 06 04 64 00 03 05 38 32 39 37 36 34 61 30 33 35 49 42 43 47 45 65 40 44 46 48 73 72 75 70 66 71 76 69 68 74 29 22 23 28 27 25 63 20 24 26 21 41 09 31 51 67 10 12 17 19 14 15 13 16 62 18 11 
53 51 54 59 58 56 60 52 55 57 02 06 09 03 08 07 05 64 01 04 39 36 31 33 38 37 35 61 32 34 43 47 41 49 48 46 65 42 45 44 75 66 67 68 73 70 74 76 72 71 23 27 21 24 29 28 26 63 22 25 20 40 00 30 50 69 62 17 19 13 12 18 11 15 16 14 10 
58 54 50 55 51 59 57 60 53 56 07 05 03 00 04 09 08 06 64 02 37 35 33 30 34 31 38 36 61 39 48 46 44 45 41 49 47 65 43 40 70 74 68 69 71 67 73 66 76 75 28 26 24 20 25 21 29 27 63 23 22 42 01 32 52 72 17 16 15 18 62 11 14 13 19 10 12 
57 59 55 52 56 50 51 58 60 54 06 03 08 04 01 05 00 09 07 64 36 33 38 34 32 35 30 31 37 61 47 44 49 42 46 40 41 48 65 45 66 68 73 71 72 74 69 67 70 76 27 24 29 25 22 26 20 21 28 63 23 43 02 39 53 75 11 14 12 17 18 16 19 62 10 15 13 
55 58 51 56 53 57 52 50 59 60 04 64 07 09 05 02 06 01 00 08 34 61 37 31 35 39 36 32 30 38 45 65 48 46 43 47 42 40 49 41 71 76 70 67 74 75 66 72 69 73 25 63 28 21 26 23 27 22 20 29 24 44 03 33 54 68 12 62 16 15 10 13 18 19 17 11 14 
60 56 59 50 57 54 58 53 52 51 64 09 05 08 00 06 03 07 02 01 61 31 35 38 30 36 33 37 39 32 65 41 46 40 47 44 48 43 42 49 76 67 74 73 69 66 68 70 75 72 63 21 26 29 20 27 24 28 23 22 25 45 04 34 55 71 18 11 10 62 13 17 16 12 14 19 15 
40 65 47 41 42 48 45 49 44 43 30 39 61 36 31 32 37 34 38 33 10 13 62 17 11 12 18 15 19 14 00 02 64 09 01 07 04 08 03 06 50 53 60 57 51 52 58 55 59 54 69 75 76 66 67 72 70 71 73 68 74 05 35 16 46 56 25 23 21 20 29 22 63 24 28 27 26 
65 46 49 40 47 44 48 43 42 41 61 31 35 38 30 36 33 37 39 32 62 11 16 19 10 17 14 18 13 12 64 09 05 00 06 03 07 02 01 08 60 51 56 59 50 57 54 58 53 52 76 67 74 73 69 66 68 70 75 72 71 04 34 15 45 55 28 21 20 63 23 27 26 22 24 29 25 
44 42 65 48 40 43 49 46 41 45 33 34 32 61 37 30 39 38 35 31 14 15 12 62 18 10 13 19 16 11 03 04 01 07 00 02 08 05 09 64 54 55 52 60 58 50 53 59 56 51 68 71 72 76 70 69 75 73 74 67 66 06 36 17 47 57 29 25 28 24 26 20 22 21 23 63 27 
46 45 43 65 49 42 44 41 47 40 35 30 34 39 61 38 32 33 31 36 16 10 15 13 62 19 12 14 11 17 05 00 04 64 08 01 03 09 06 02 56 50 55 53 60 59 52 54 51 57 74 69 71 75 76 73 72 68 67 66 70 07 37 18 48 58 24 20 63 26 21 29 25 27 22 23 28 
42 47 46 44 65 41 43 45 40 48 32 37 36 35 33 61 31 39 34 30 12 18 17 16 14 62 11 13 15 10 01 07 06 03 64 09 02 04 00 05 52 58 57 56 54 60 51 53 55 50 72 70 66 74 68 76 67 75 71 69 73 08 38 19 49 59 23 28 24 22 25 63 27 20 21 26 29 
49 43 48 47 45 65 40 44 46 42 38 32 39 37 36 34 61 30 33 35 19 12 13 18 17 15 62 10 14 16 08 01 02 06 04 64 00 03 05 07 59 52 53 58 57 55 60 50 54 56 73 72 75 70 66 71 76 69 68 74 67 09 31 11 41 51 20 22 27 29 24 25 23 26 63 28 21 
43 41 44 49 48 46 65 42 45 47 39 36 31 33 38 37 35 61 32 34 13 17 11 14 19 18 16 62 12 15 02 06 09 08 07 05 64 01 04 03 53 57 51 54 59 58 56 60 52 55 75 66 67 68 73 70 74 76 72 71 69 00 30 10 40 50 63 27 29 23 22 28 21 25 26 24 20 
48 44 40 45 41 49 47 65 43 46 37 35 33 30 34 31 38 36 61 39 18 16 14 10 15 11 19 17 62 13 07 05 03 04 09 08 06 64 02 00 58 56 54 50 55 51 59 57 60 53 70 74 68 69 71 67 73 66 76 75 72 01 32 12 42 52 27 26 25 28 63 21 24 23 29 20 22 
47 49 45 42 46 40 41 48 65 44 36 33 38 34 32 35 30 31 37 61 17 14 19 15 12 16 10 11 18 62 06 03 08 01 05 00 09 07 64 04 57 54 59 55 52 56 50 51 58 60 66 68 73 71 72 74 69 67 70 76 75 02 39 13 43 53 21 24 22 27 28 26 29 63 20 25 23 
45 48 41 46 43 47 42 40 49 65 34 61 37 31 35 39 36 32 30 38 15 62 18 11 16 13 17 12 10 19 04 64 07 05 02 06 01 00 08 09 55 60 58 51 56 53 57 52 50 59 71 76 70 67 74 75 66 72 69 73 68 03 33 14 44 54 22 63 26 25 20 23 28 29 27 21 24 
20 63 27 21 22 28 25 29 24 23 50 53 60 57 51 52 58 55 59 54 40 43 65 47 41 42 48 45 49 44 69 75 76 67 72 70 71 73 68 66 10 13 62 17 11 12 18 15 19 14 30 39 61 36 31 32 37 34 38 33 35 74 56 46 26 16 04 02 09 00 08 01 64 03 07 06 05 
63 26 29 20 27 24 28 23 22 21 60 51 56 59 50 57 54 58 53 52 65 41 46 49 40 47 44 48 43 42 76 67 74 69 66 68 70 75 72 73 62 11 16 19 10 17 14 18 13 12 61 31 35 38 30 36 33 37 39 32 34 71 55 45 25 15 07 09 00 64 02 06 05 01 03 08 04 
24 22 63 28 20 23 29 26 21 25 54 55 52 60 58 50 53 59 56 51 44 45 42 65 48 40 43 49 46 41 68 71 72 70 69 75 73 74 67 76 14 15 12 62 18 10 13 19 16 11 33 34 32 61 37 30 39 38 35 31 36 66 57 47 27 17 08 04 07 03 05 00 01 09 02 64 06 
26 25 23 63 29 22 24 21 27 20 56 50 55 53 60 59 52 54 51 57 46 40 45 43 65 49 42 44 41 47 74 69 71 76 73 72 68 67 66 75 16 10 15 13 62 19 12 14 11 17 35 30 34 39 61 38 32 33 31 36 37 70 58 48 28 18 03 00 64 05 09 08 04 06 01 02 07 
22 27 26 24 63 21 23 25 20 28 52 58 57 56 54 60 51 53 55 50 42 48 47 46 44 65 41 43 45 40 72 70 66 68 76 67 75 71 69 74 12 18 17 16 14 62 11 13 15 10 32 37 36 35 33 61 31 39 34 30 38 73 59 49 29 19 02 07 03 01 04 64 06 00 09 05 08 
29 23 28 27 25 63 20 24 26 22 59 52 53 58 57 55 60 50 54 56 49 42 43 48 47 45 65 40 44 46 73 72 75 66 71 76 69 68 74 70 19 12 13 18 17 15 62 10 14 16 38 32 39 37 36 34 61 30 33 35 31 67 51 41 21 11 00 01 06 08 03 04 02 05 64 07 09 
23 21 24 29 28 26 63 22 25 27 53 57 51 54 59 58 56 60 52 55 43 47 41 44 49 48 46 65 42 45 75 66 67 73 70 74 76 72 71 68 13 17 11 14 19 18 16 62 12 15 39 36 31 33 38 37 35 61 32 34 30 69 50 40 20 10 64 06 08 02 01 07 09 04 05 03 00 
28 24 20 25 21 29 27 63 23 26 58 56 54 50 55 51 59 57 60 53 48 46 44 40 45 41 49 47 65 43 70 74 68 71 67 73 66 76 75 69 18 16 14 10 15 11 19 17 62 13 37 35 33 30 34 31 38 36 61 39 32 72 52 42 22 12 06 05 04 07 64 09 03 02 08 00 01 
27 29 25 22 26 20 21 28 63 24 57 54 59 55 52 56 50 51 58 60 47 44 49 45 42 46 40 41 48 65 66 68 73 72 74 69 67 70 76 71 17 14 19 15 12 16 10 11 18 62 36 33 38 34 32 35 30 31 37 61 39 75 53 43 23 13 09 03 01 06 07 05 08 64 00 04 02 
25 28 21 26 23 27 22 20 29 63 55 60 58 51 56 53 57 52 50 59 45 65 48 41 46 43 47 42 40 49 71 76 70 74 75 66 72 69 73 67 15 62 18 11 16 13 17 12 10 19 34 61 37 31 35 39 36 32 30 38 33 68 54 44 24 14 01 64 05 04 00 02 07 08 06 09 03 
10 62 17 11 12 18 15 19 14 13 69 75 76 66 67 72 70 71 73 68 50 53 60 57 51 52 58 55 59 54 20 23 63 21 22 28 25 29 24 27 30 39 61 36 31 32 37 34 38 33 00 02 64 06 09 01 07 04 08 03 05 26 74 56 16 35 45 43 41 40 49 42 65 44 48 47 46 
62 16 19 10 17 14 18 13 12 11 76 67 74 73 69 66 68 70 75 72 60 51 56 59 50 57 54 58 53 52 63 21 26 20 27 24 28 23 22 29 61 31 35 38 30 36 33 37 39 32 64 09 05 08 00 06 03 07 02 01 04 25 71 55 15 34 48 41 40 65 43 47 46 42 44 49 45 
14 12 62 18 10 13 19 16 11 15 68 71 72 76 70 69 75 73 74 67 54 55 52 60 58 50 53 59 56 51 24 25 22 28 20 23 29 26 21 63 33 34 32 61 37 30 39 38 35 31 03 04 01 64 07 00 02 08 05 09 06 27 66 57 17 36 49 45 48 44 46 40 42 41 43 65 47 
12 17 16 14 62 11 13 15 10 18 72 70 66 74 68 76 67 75 71 69 52 58 57 56 54 60 51 53 55 50 22 28 27 24 63 21 23 25 20 26 32 37 36 35 33 61 31 39 34 30 01 07 06 05 03 64 09 02 04 00 08 29 73 59 19 38 43 48 44 42 45 65 47 40 41 46 49 
19 13 18 17 15 62 10 14 16 12 73 72 75 70 66 71 76 69 68 74 59 52 53 58 57 55 60 50 54 56 29 22 23 27 25 63 20 24 26 28 38 32 39 37 36 34 61 30 33 35 08 01 02 07 06 04 64 00 03 05 09 21 67 51 11 31 40 42 47 49 44 45 43 46 65 48 41 
13 11 14 19 18 16 62 12 15 17 75 66 67 68 73 70 74 76 72 71 53 57 51 54 59 58 56 60 52 55 23 27 21 29 28 26 63 22 25 24 39 36 31 33 38 37 35 61 32 34 02 06 09 03 08 07 05 64 01 04 00 20 69 50 10 30 65 47 49 43 42 48 41 45 46 44 40 
18 14 10 15 11 19 17 62 13 16 70 74 68 69 71 67 73 66 76 75 58 56 54 50 55 51 59 57 60 53 28 26 24 25 21 29 27 63 23 20 37 35 33 30 34 31 38 36 61 39 07 05 03 00 04 09 08 06 64 02 01 22 72 52 12 32 47 46 45 48 65 41 44 43 49 40 42 
17 19 15 12 16 10 11 18 62 14 66 68 73 71 72 74 69 67 70 76 57 54 59 55 52 56 50 51 58 60 27 24 29 22 26 20 21 28 63 25 36 33 38 34 32 35 30 31 37 61 06 03 08 04 01 05 00 09 07 64 02 23 75 53 13 39 41 44 42 47 48 46 49 65 40 45 43 
15 18 11 16 13 17 12 10 19 62 71 76 70 67 74 75 66 72 69 73 55 60 58 51 56 53 57 52 50 59 25 63 28 26 23 27 22 20 29 21 34 61 37 31 35 39 36 32 30 38 04 64 07 09 05 02 06 01 00 08 03 24 68 54 14 33 42 65 46 45 40 43 48 49 47 41 44 
16 15 13 62 19 12 14 11 17 10 74 69 71 75 76 73 72 68 67 66 56 50 55 53 60 59 52 54 51 57 26 20 25 63 29 22 24 21 27 23 35 30 34 39 61 38 32 33 31 36 05 00 04 02 64 08 01 03 09 06 07 28 70 58 18 37 44 40 65 46 41 49 45 47 42 43 48 
30 61 36 31 32 37 34 38 33 39 20 23 63 27 21 22 28 25 29 24 69 75 76 66 67 72 70 71 73 68 10 13 62 11 12 18 15 19 14 17 00 02 64 06 09 01 07 04 08 03 40 43 65 47 41 42 48 45 49 44 46 16 26 74 35 05 55 53 51 50 59 52 60 54 58 57 56 
61 35 38 30 36 33 37 39 32 31 63 21 26 29 20 27 24 28 23 22 76 67 74 73 69 66 68 70 75 72 62 11 16 10 17 14 18 13 12 19 64 09 05 08 00 06 03 07 02 01 65 41 46 49 40 47 44 48 43 42 45 15 25 71 34 04 58 51 50 60 53 57 56 52 54 59 55 
33 32 61 37 30 39 38 35 31 34 24 25 22 63 28 20 23 29 26 21 68 71 72 76 70 69 75 73 74 67 14 15 12 18 10 13 19 16 11 62 03 04 01 64 07 00 02 08 05 09 44 45 42 65 48 40 43 49 46 41 47 17 27 66 36 06 59 55 58 54 56 50 52 51 53 60 57 
35 34 39 61 38 32 33 31 36 30 26 20 25 23 63 29 22 24 21 27 74 69 71 75 76 73 72 68 67 66 16 10 15 62 19 12 14 11 17 13 05 00 04 02 64 08 01 03 09 06 46 40 45 43 65 49 42 44 41 47 48 18 28 70 37 07 54 50 60 56 51 59 55 57 52 53 58 
32 36 35 33 61 31 39 34 30 37 22 28 27 26 24 63 21 23 25 20 72 70 66 74 68 76 67 75 71 69 12 18 17 14 62 11 13 15 10 16 01 07 06 05 03 64 09 02 04 00 42 48 47 46 44 65 41 43 45 40 49 19 29 73 38 08 53 58 54 52 55 60 57 50 51 56 59 
38 39 37 36 34 61 30 33 35 32 29 22 23 28 27 25 63 20 24 26 73 72 75 70 66 71 76 69 68 74 19 12 13 17 15 62 10 14 16 18 08 01 02 07 06 04 64 00 03 05 49 42 43 48 47 45 65 40 44 46 41 11 21 67 31 09 50 52 57 59 54 55 53 56 60 58 51 
39 31 33 38 37 35 61 32 34 36 23 27 21 24 29 28 26 63 22 25 75 66 67 68 73 70 74 76 72 71 13 17 11 19 18 16 62 12 15 14 02 06 09 03 08 07 05 64 01 04 43 47 41 44 49 48 46 65 42 45 40 10 20 69 30 00 60 57 59 53 52 58 51 55 56 54 50 
37 33 30 34 31 38 36 61 39 35 28 26 24 20 25 21 29 27 63 23 70 74 68 69 71 67 73 66 76 75 18 16 14 15 11 19 17 62 13 10 07 05 03 00 04 09 08 06 64 02 48 46 44 40 45 41 49 47 65 43 42 12 22 72 32 01 57 56 55 58 60 51 54 53 59 50 52 
36 38 34 32 35 30 31 37 61 33 27 24 29 25 22 26 20 21 28 63 66 68 73 71 72 74 69 67 70 76 17 14 19 12 16 10 11 18 62 15 06 03 08 04 01 05 00 09 07 64 47 44 49 45 42 46 40 41 48 65 43 13 23 75 39 02 51 54 52 57 58 56 59 60 50 55 53 
34 37 31 35 39 36 32 30 38 61 25 63 28 21 26 23 27 22 20 29 71 76 70 67 74 75 66 72 69 73 15 62 18 16 13 17 12 10 19 11 04 64 07 09 05 02 06 01 00 08 45 65 48 41 46 43 47 42 40 49 44 14 24 68 33 03 52 60 56 55 50 53 58 59 57 51 54 
69 76 66 67 72 70 71 73 68 75 40 43 65 47 41 42 48 45 49 44 00 02 64 06 09 01 07 04 08 03 50 53 60 51 52 58 55 59 54 57 20 23 63 27 21 22 28 25 29 24 10 13 62 17 11 12 18 15 19 14 16 56 46 05 74 26 34 39 31 30 38 32 61 33 37 36 35 
76 74 73 69 66 68 70 75 72 67 65 41 46 49 40 47 44 48 43 42 64 09 05 08 00 06 03 07 02 01 60 51 56 50 57 54 58 53 52 59 63 21 26 29 20 27 24 28 23 22 62 11 16 19 10 17 14 18 13 12 15 55 45 04 71 25 37 31 30 61 39 36 35 32 33 38 34 
68 72 76 70 69 75 73 74 67 71 44 45 42 65 48 40 43 49 46 41 03 04 01 64 07 00 02 08 05 09 54 55 52 58 50 53 59 56 51 60 24 25 22 63 28 20 23 29 26 21 14 15 12 62 18 10 13 19 16 11 17 57 47 06 66 27 38 34 37 33 35 30 32 31 39 61 36 
74 71 75 76 73 72 68 67 66 69 46 40 45 43 65 49 42 44 41 47 05 00 04 02 64 08 01 03 09 06 56 50 55 60 59 52 54 51 57 53 26 20 25 23 63 29 22 24 21 27 16 10 15 13 62 19 12 14 11 17 18 58 48 07 70 28 33 30 61 35 31 38 34 36 32 39 37 
72 66 74 68 76 67 75 71 69 70 42 48 47 46 44 65 41 43 45 40 01 07 06 05 03 64 09 02 04 00 52 58 57 54 60 51 53 55 50 56 22 28 27 26 24 63 21 23 25 20 12 18 17 16 14 62 11 13 15 10 19 59 49 08 73 29 39 37 33 32 34 61 36 30 31 35 38 
73 75 70 66 71 76 69 68 74 72 49 42 43 48 47 45 65 40 44 46 08 01 02 07 06 04 64 00 03 05 59 52 53 57 55 60 50 54 56 58 29 22 23 28 27 25 63 20 24 26 19 12 13 18 17 15 62 10 14 16 11 51 41 09 67 21 30 32 36 38 33 34 39 35 61 37 31 
75 67 68 73 70 74 76 72 71 66 43 47 41 44 49 48 46 65 42 45 02 06 09 03 08 07 05 64 01 04 53 57 51 59 58 56 60 52 55 54 23 27 21 24 29 28 26 63 22 25 13 17 11 14 19 18 16 62 12 15 10 50 40 00 69 20 61 36 38 39 32 37 31 34 35 33 30 
70 68 69 71 67 73 66 76 75 74 48 46 44 40 45 41 49 47 65 43 07 05 03 00 04 09 08 06 64 02 58 56 54 55 51 59 57 60 53 50 28 26 24 20 25 21 29 27 63 23 18 16 14 10 15 11 19 17 62 13 12 52 42 01 72 22 36 35 34 37 61 31 33 39 38 30 32 
66 73 71 72 74 69 67 70 76 68 47 44 49 45 42 46 40 41 48 65 06 03 08 04 01 05 00 09 07 64 57 54 59 52 56 50 51 58 60 55 27 24 29 25 22 26 20 21 28 63 17 14 19 15 12 16 10 11 18 62 13 53 43 02 75 23 31 33 32 36 37 35 38 61 30 34 39 
71 70 67 74 75 66 72 69 73 76 45 65 48 41 46 43 47 42 40 49 04 64 07 09 05 02 06 01 00 08 55 60 58 56 53 57 52 50 59 51 25 63 28 21 26 23 27 22 20 29 15 62 18 11 16 13 17 12 10 19 14 54 44 03 68 24 32 61 35 34 30 39 37 38 36 31 33 
67 69 72 75 68 71 74 66 70 73 41 49 40 42 43 44 45 46 47 48 09 08 00 01 02 03 04 05 06 07 51 59 50 53 54 55 56 57 58 52 21 29 20 22 23 24 25 26 27 28 11 19 10 12 13 14 15 16 17 18 62 60 65 64 76 63 35 38 39 31 36 33 30 37 34 32 61 
11 10 12 13 14 15 16 17 18 19 67 73 69 72 75 68 71 74 66 70 51 59 50 52 53 54 55 56 57 58 21 29 20 23 24 25 26 27 28 22 31 38 30 32 39 33 34 35 36 37 09 08 00 01 02 03 04 05 06 07 64 63 76 60 62 61 46 49 43 41 47 44 40 48 45 42 65 
41 40 42 43 44 45 46 47 48 49 31 38 30 32 39 33 34 35 36 37 11 19 10 12 13 14 15 16 17 18 09 08 00 02 03 04 05 06 07 01 51 59 50 52 53 54 55 56 57 58 67 73 69 72 75 68 71 74 66 70 76 64 61 62 65 60 26 29 23 21 27 24 20 28 25 22 63 
21 20 22 23 24 25 26 27 28 29 51 59 50 52 53 54 55 56 57 58 41 49 40 42 43 44 45 46 47 48 67 73 69 75 68 71 74 66 70 72 11 19 10 12 13 14 15 16 17 18 31 38 30 32 39 33 34 35 36 37 61 76 60 65 63 62 05 08 02 09 06 03 00 07 04 01 64 
51 50 52 53 54 55 56 57 58 59 09 08 00 01 02 03 04 05 06 07 31 38 30 32 39 33 34 35 36 37 41 49 40 43 44 45 46 47 48 42 67 73 69 72 75 68 71 74 66 70 21 29 20 22 23 24 25 26 27 28 63 65 64 61 60 76 16 19 13 11 17 14 10 18 15 12 62 
31 30 32 39 33 34 35 36 37 38 21 29 20 22 23 24 25 26 27 28 67 73 69 72 75 68 71 74 66 70 11 19 10 13 14 15 16 17 18 12 09 08 00 01 02 03 04 05 06 07 41 49 40 42 43 44 45 46 47 48 65 62 63 76 61 64 56 59 53 51 57 54 50 58 55 52 60 
07 03 00 04 09 08 06 64 02 05 18 16 14 10 15 11 19 17 62 13 28 26 24 20 25 21 29 27 63 23 37 35 33 34 31 38 36 61 39 30 48 46 44 40 45 41 49 47 65 43 58 56 54 50 55 51 59 57 60 53 52 32 12 22 01 42 66 72 70 74 73 76 69 71 68 67 75 
64 05 08 00 06 03 07 02 01 09 62 11 16 19 10 17 14 18 13 12 63 21 26 29 20 27 24 28 23 22 61 31 35 30 36 33 37 39 32 38 65 41 46 49 40 47 44 48 43 42 60 51 56 59 50 57 54 58 53 52 55 34 15 25 04 45 69 67 73 72 76 68 70 66 75 71 74 
01 06 05 03 64 09 02 04 00 07 12 18 17 16 14 62 11 13 15 10 22 28 27 26 24 63 21 23 25 20 32 37 36 33 61 31 39 34 30 35 42 48 47 46 44 65 41 43 45 40 52 58 57 56 54 60 51 53 55 50 59 38 19 29 08 49 73 66 68 71 75 74 76 70 72 69 67 
00 64 06 09 01 07 04 08 03 02 10 13 62 17 11 12 18 15 19 14 20 23 63 27 21 22 28 25 29 24 30 39 61 31 32 37 34 38 33 36 40 43 65 47 41 42 48 45 49 44 50 53 60 57 51 52 58 55 59 54 56 35 16 26 05 46 68 70 74 69 72 67 75 76 71 73 66 
06 08 04 01 05 00 09 07 64 03 17 14 19 15 12 16 10 11 18 62 27 24 29 25 22 26 20 21 28 63 36 33 38 32 35 30 31 37 61 34 47 44 49 45 42 46 40 41 48 65 57 54 59 55 52 56 50 51 58 60 53 39 13 23 02 43 71 74 69 75 70 73 66 67 76 72 68 
08 02 07 06 04 64 00 03 05 01 19 12 13 18 17 15 62 10 14 16 29 22 23 28 27 25 63 20 24 26 38 32 39 36 34 61 30 33 35 37 49 42 43 48 47 45 65 40 44 46 59 52 53 58 57 55 60 50 54 56 51 31 11 21 09 41 75 73 72 70 67 71 74 68 66 76 69 
03 01 64 07 00 02 08 05 09 04 14 15 12 62 18 10 13 19 16 11 24 25 22 63 28 20 23 29 26 21 33 34 32 37 30 39 38 35 31 61 44 45 42 65 48 40 43 49 46 41 54 55 52 60 58 50 53 59 56 51 57 36 17 27 06 47 74 76 67 73 71 66 72 75 69 68 70 
04 07 09 05 02 06 01 00 08 64 15 62 18 11 16 13 17 12 10 19 25 63 28 21 26 23 27 22 20 29 34 61 37 35 39 36 32 30 38 31 45 65 48 41 46 43 47 42 40 49 55 60 58 51 56 53 57 52 50 59 54 33 14 24 03 44 76 69 75 66 74 72 68 73 67 70 71 
02 09 03 08 07 05 64 01 04 06 13 17 11 14 19 18 16 62 12 15 23 27 21 24 29 28 26 63 22 25 39 36 31 38 37 35 61 32 34 33 43 47 41 44 49 48 46 65 42 45 53 57 51 54 59 58 56 60 52 55 50 30 10 20 00 40 70 71 76 67 68 75 73 69 74 66 72 
05 04 02 64 08 01 03 09 06 00 16 10 15 13 62 19 12 14 11 17 26 20 25 23 63 29 22 24 21 27 35 30 34 61 38 32 33 31 36 39 46 40 45 43 65 49 42 44 41 47 56 50 55 53 60 59 52 54 51 57 58 37 18 28 07 48 72 68 71 76 66 69 67 74 70 75 73 
09 00 01 02 03 04 05 06 07 08 11 19 10 12 13 14 15 16 17 18 21 29 20 22 23 24 25 26 27 28 31 38 30 39 33 34 35 36 37 32 41 49 40 42 43 44 45 46 47 48 51 59 50 52 53 54 55 56 57 58 60 61 62 63 64 65 67 75 66 68 69 70 71 72 73 74 76 
