50 53 60 57 51 58 55 59 54 52 00 03 64 06 01 02 07 09 08 04 39 32 61 36 31 30 37 34 38 33 65 43 47 41 42 48 45 49 44 40 75 73 76 69 67 74 68 71 66 72 20 23 63 27 21 22 28 25 29 24 26 46 05 35 56 70 14 13 19 15 18 12 11 17 62 10 16 
60 51 56 59 50 54 58 53 52 57 64 01 05 08 00 06 04 07 03 02 61 31 35 38 39 36 33 37 32 30 46 41 49 40 47 44 48 43 42 65 76 67 70 66 75 69 72 68 73 74 63 21 26 29 20 27 24 28 23 22 25 45 09 34 55 71 12 11 13 18 14 17 10 19 16 62 15 
54 55 52 60 58 53 59 56 51 50 04 09 02 64 07 00 03 08 05 01 33 34 30 61 37 39 32 38 35 31 42 45 65 48 40 43 49 46 41 44 72 71 74 76 68 75 73 66 70 67 24 25 22 63 28 20 23 29 26 21 27 47 06 36 57 69 11 15 16 19 13 10 18 62 12 14 17 
56 50 55 53 60 52 54 51 57 59 05 00 09 03 64 08 02 04 01 06 35 39 34 32 61 38 30 33 31 36 45 40 43 65 49 42 44 41 47 46 70 75 71 73 76 66 74 72 67 69 26 20 25 23 63 29 22 24 21 27 28 48 07 37 58 68 17 10 11 14 12 19 62 13 15 16 18 
52 58 57 56 54 51 53 55 50 60 02 07 06 05 04 64 01 03 09 00 30 37 36 35 33 61 31 32 34 39 47 48 46 44 65 41 43 45 40 42 74 68 69 70 72 76 67 73 71 75 22 28 27 26 24 63 21 23 25 20 29 49 08 38 59 66 10 18 15 13 11 62 14 16 17 12 19 
53 57 51 54 59 56 60 52 55 58 03 06 01 04 08 07 05 64 02 09 32 36 31 33 38 37 35 61 30 34 41 47 44 49 48 46 65 42 45 43 73 69 67 72 66 68 70 76 74 71 23 27 21 24 29 28 26 63 22 25 20 40 00 39 50 75 15 17 12 62 16 18 19 14 11 13 10 
58 56 54 50 55 59 57 60 53 51 07 05 04 00 09 01 08 06 64 03 37 35 33 39 34 31 38 36 61 32 44 46 40 45 41 49 47 65 43 48 68 70 72 75 71 67 66 69 76 73 28 26 24 20 25 21 29 27 63 23 22 42 02 30 52 74 13 16 62 17 19 11 15 10 14 18 12 
57 54 59 55 52 50 51 58 60 56 06 04 08 09 02 05 00 01 07 64 36 33 38 34 30 35 39 31 37 61 49 44 45 42 46 40 41 48 65 47 69 72 66 71 74 70 75 67 68 76 27 24 29 25 22 26 20 21 28 63 23 43 03 32 53 73 62 14 18 11 10 16 12 15 19 17 13 
55 60 58 51 56 57 52 50 59 53 09 64 07 01 05 03 06 02 00 08 34 61 37 31 35 32 36 30 39 38 48 65 41 46 43 47 42 40 49 45 71 76 68 67 70 73 69 74 75 66 25 63 28 21 26 23 27 22 20 29 24 44 04 33 54 72 19 62 10 12 17 13 16 11 18 15 14 
59 52 53 58 57 60 50 54 56 55 08 02 03 07 06 09 64 00 04 05 38 30 32 37 36 34 61 39 33 35 43 42 48 47 45 65 40 44 46 49 66 74 73 68 69 71 76 75 72 70 29 22 23 28 27 25 63 20 24 26 21 41 01 31 51 67 16 12 14 10 62 15 17 18 13 19 11 
40 43 65 47 41 48 45 49 44 42 39 32 61 36 31 30 37 34 38 33 10 13 62 17 11 12 18 15 19 14 64 03 06 01 02 07 09 08 04 00 50 53 60 57 51 52 58 55 59 54 75 73 76 69 67 74 68 71 66 72 70 05 35 16 46 56 24 23 29 25 28 22 21 27 63 20 26 
65 41 46 49 40 44 48 43 42 47 61 31 35 38 39 36 33 37 32 30 62 11 16 19 10 17 14 18 13 12 05 01 08 00 06 04 07 03 02 64 60 51 56 59 50 57 54 58 53 52 76 67 70 66 75 69 72 68 73 74 71 09 34 15 45 55 22 21 23 28 24 27 20 29 26 63 25 
44 45 42 65 48 43 49 46 41 40 33 34 30 61 37 39 32 38 35 31 14 15 12 62 18 10 13 19 16 11 02 09 64 07 00 03 08 05 01 04 54 55 52 60 58 50 53 59 56 51 72 71 74 76 68 75 73 66 70 67 69 06 36 17 47 57 21 25 26 29 23 20 28 63 22 24 27 
46 40 45 43 65 42 44 41 47 49 35 39 34 32 61 38 30 33 31 36 16 10 15 13 62 19 12 14 11 17 09 00 03 64 08 02 04 01 06 05 56 50 55 53 60 59 52 54 51 57 70 75 71 73 76 66 74 72 67 69 68 07 37 18 48 58 27 20 21 24 22 29 63 23 25 26 28 
42 48 47 46 44 41 43 45 40 65 30 37 36 35 33 61 31 32 34 39 12 18 17 16 14 62 11 13 15 10 06 07 05 04 64 01 03 09 00 02 52 58 57 56 54 60 51 53 55 50 74 68 69 70 72 76 67 73 71 75 66 08 38 19 49 59 20 28 25 23 21 63 24 26 27 22 29 
49 42 43 48 47 65 40 44 46 45 38 30 32 37 36 34 61 39 33 35 19 12 13 18 17 15 62 10 14 16 03 02 07 06 09 64 00 04 05 08 59 52 53 58 57 55 60 50 54 56 66 74 73 68 69 71 76 75 72 70 67 01 31 11 41 51 26 22 24 20 63 25 27 28 23 29 21 
43 47 41 44 49 46 65 42 45 48 32 36 31 33 38 37 35 61 30 34 13 17 11 14 19 18 16 62 12 15 01 06 04 08 07 05 64 02 09 03 53 57 51 54 59 58 56 60 52 55 73 69 67 72 66 68 70 76 74 71 75 00 39 10 40 50 25 27 22 63 26 28 29 24 21 23 20 
48 46 44 40 45 49 47 65 43 41 37 35 33 39 34 31 38 36 61 32 18 16 14 10 15 11 19 17 62 13 04 05 00 09 01 08 06 64 03 07 58 56 54 50 55 51 59 57 60 53 68 70 72 75 71 67 66 69 76 73 74 02 30 12 42 52 23 26 63 27 29 21 25 20 24 28 22 
47 44 49 45 42 40 41 48 65 46 36 33 38 34 30 35 39 31 37 61 17 14 19 15 12 16 10 11 18 62 08 04 09 02 05 00 01 07 64 06 57 54 59 55 52 56 50 51 58 60 69 72 66 71 74 70 75 67 68 76 73 03 32 13 43 53 63 24 28 21 20 26 22 25 29 27 23 
45 65 48 41 46 47 42 40 49 43 34 61 37 31 35 32 36 30 39 38 15 62 18 11 16 13 17 12 10 19 07 64 01 05 03 06 02 00 08 09 55 60 58 51 56 53 57 52 50 59 71 76 68 67 70 73 69 74 75 66 72 04 33 14 44 54 29 63 20 22 27 23 26 21 28 25 24 
20 23 63 27 21 28 25 29 24 22 50 53 60 57 51 52 58 55 59 54 40 43 65 47 41 42 48 45 49 44 76 73 69 67 74 68 71 66 72 75 10 13 62 17 11 12 18 15 19 14 39 32 61 36 31 30 37 34 38 33 35 70 56 46 26 16 04 03 08 09 07 02 01 06 64 00 05 
63 21 26 29 20 24 28 23 22 27 60 51 56 59 50 57 54 58 53 52 65 41 46 49 40 47 44 48 43 42 70 67 66 75 69 72 68 73 74 76 62 11 16 19 10 17 14 18 13 12 61 31 35 38 39 36 33 37 32 30 34 71 55 45 25 15 02 01 03 07 04 06 00 08 05 64 09 
24 25 22 63 28 23 29 26 21 20 54 55 52 60 58 50 53 59 56 51 44 45 42 65 48 40 43 49 46 41 74 71 76 68 75 73 66 70 67 72 14 15 12 62 18 10 13 19 16 11 33 34 30 61 37 39 32 38 35 31 36 69 57 47 27 17 01 09 05 08 03 00 07 64 02 04 06 
26 20 25 23 63 22 24 21 27 29 56 50 55 53 60 59 52 54 51 57 46 40 45 43 65 49 42 44 41 47 71 75 73 76 66 74 72 67 69 70 16 10 15 13 62 19 12 14 11 17 35 39 34 32 61 38 30 33 31 36 37 68 58 48 28 18 06 00 01 04 02 08 64 03 09 05 07 
22 28 27 26 24 21 23 25 20 63 52 58 57 56 54 60 51 53 55 50 42 48 47 46 44 65 41 43 45 40 69 68 70 72 76 67 73 71 75 74 12 18 17 16 14 62 11 13 15 10 30 37 36 35 33 61 31 32 34 39 38 66 59 49 29 19 00 07 09 03 01 64 04 05 06 02 08 
29 22 23 28 27 63 20 24 26 25 59 52 53 58 57 55 60 50 54 56 49 42 43 48 47 45 65 40 44 46 73 74 68 69 71 76 75 72 70 66 19 12 13 18 17 15 62 10 14 16 38 30 32 37 36 34 61 39 33 35 31 67 51 41 21 11 05 02 04 00 64 09 06 07 03 08 01 
23 27 21 24 29 26 63 22 25 28 53 57 51 54 59 58 56 60 52 55 43 47 41 44 49 48 46 65 42 45 67 69 72 66 68 70 76 74 71 73 13 17 11 14 19 18 16 62 12 15 32 36 31 33 38 37 35 61 30 34 39 75 50 40 20 10 09 06 02 64 05 07 08 04 01 03 00 
28 26 24 20 25 29 27 63 23 21 58 56 54 50 55 51 59 57 60 53 48 46 44 40 45 41 49 47 65 43 72 70 75 71 67 66 69 76 73 68 18 16 14 10 15 11 19 17 62 13 37 35 33 39 34 31 38 36 61 32 30 74 52 42 22 12 03 05 64 06 08 01 09 00 04 07 02 
27 24 29 25 22 20 21 28 63 26 57 54 59 55 52 56 50 51 58 60 47 44 49 45 42 46 40 41 48 65 66 72 71 74 70 75 67 68 76 69 17 14 19 15 12 16 10 11 18 62 36 33 38 34 30 35 39 31 37 61 32 73 53 43 23 13 64 04 07 01 00 05 02 09 08 06 03 
25 63 28 21 26 27 22 20 29 23 55 60 58 51 56 53 57 52 50 59 45 65 48 41 46 43 47 42 40 49 68 76 67 70 73 69 74 75 66 71 15 62 18 11 16 13 17 12 10 19 34 61 37 31 35 32 36 30 39 38 33 72 54 44 24 14 08 64 00 02 06 03 05 01 07 09 04 
14 15 12 62 18 13 19 16 11 10 72 71 74 76 68 75 73 66 70 67 54 55 52 60 58 50 53 59 56 51 22 25 63 28 20 23 29 26 21 24 33 34 30 61 37 39 32 38 35 31 04 09 02 64 07 00 03 08 05 01 06 27 69 57 17 36 41 45 46 49 43 40 48 65 42 44 47 
62 11 16 19 10 14 18 13 12 17 76 67 70 66 75 69 72 68 73 74 60 51 56 59 50 57 54 58 53 52 26 21 29 20 27 24 28 23 22 63 61 31 35 38 39 36 33 37 32 30 64 01 05 08 00 06 04 07 03 02 09 25 71 55 15 34 42 41 43 48 44 47 40 49 46 65 45 
16 10 15 13 62 12 14 11 17 19 70 75 71 73 76 66 74 72 67 69 56 50 55 53 60 59 52 54 51 57 25 20 23 63 29 22 24 21 27 26 35 39 34 32 61 38 30 33 31 36 05 00 09 03 64 08 02 04 01 06 07 28 68 58 18 37 47 40 41 44 42 49 65 43 45 46 48 
12 18 17 16 14 11 13 15 10 62 74 68 69 70 72 76 67 73 71 75 52 58 57 56 54 60 51 53 55 50 27 28 26 24 63 21 23 25 20 22 30 37 36 35 33 61 31 32 34 39 02 07 06 05 04 64 01 03 09 00 08 29 66 59 19 38 40 48 45 43 41 65 44 46 47 42 49 
19 12 13 18 17 62 10 14 16 15 66 74 73 68 69 71 76 75 72 70 59 52 53 58 57 55 60 50 54 56 23 22 28 27 25 63 20 24 26 29 38 30 32 37 36 34 61 39 33 35 08 02 03 07 06 09 64 00 04 05 01 21 67 51 11 31 46 42 44 40 65 45 47 48 43 49 41 
13 17 11 14 19 16 62 12 15 18 73 69 67 72 66 68 70 76 74 71 53 57 51 54 59 58 56 60 52 55 21 27 24 29 28 26 63 22 25 23 32 36 31 33 38 37 35 61 30 34 03 06 01 04 08 07 05 64 02 09 00 20 75 50 10 39 45 47 42 65 46 48 49 44 41 43 40 
18 16 14 10 15 19 17 62 13 11 68 70 72 75 71 67 66 69 76 73 58 56 54 50 55 51 59 57 60 53 24 26 20 25 21 29 27 63 23 28 37 35 33 39 34 31 38 36 61 32 07 05 04 00 09 01 08 06 64 03 02 22 74 52 12 30 43 46 65 47 49 41 45 40 44 48 42 
17 14 19 15 12 10 11 18 62 16 69 72 66 71 74 70 75 67 68 76 57 54 59 55 52 56 50 51 58 60 29 24 25 22 26 20 21 28 63 27 36 33 38 34 30 35 39 31 37 61 06 04 08 09 02 05 00 01 07 64 03 23 73 53 13 32 65 44 48 41 40 46 42 45 49 47 43 
15 62 18 11 16 17 12 10 19 13 71 76 68 67 70 73 69 74 75 66 55 60 58 51 56 53 57 52 50 59 28 63 21 26 23 27 22 20 29 25 34 61 37 31 35 32 36 30 39 38 09 64 07 01 05 03 06 02 00 08 04 24 72 54 14 33 49 65 40 42 47 43 46 41 48 45 44 
10 13 62 17 11 18 15 19 14 12 75 73 76 69 67 74 68 71 66 72 50 53 60 57 51 52 58 55 59 54 63 23 27 21 22 28 25 29 24 20 39 32 61 36 31 30 37 34 38 33 00 03 64 06 01 02 07 09 08 04 05 26 70 56 16 35 44 43 49 45 48 42 41 47 65 40 46 
39 32 61 36 31 37 34 38 33 30 20 23 63 27 21 22 28 25 29 24 75 73 76 69 67 74 68 71 66 72 62 13 17 11 12 18 15 19 14 10 00 03 64 06 01 02 07 09 08 04 40 43 65 47 41 42 48 45 49 44 46 16 26 70 35 05 54 53 59 55 58 52 51 57 60 50 56 
61 31 35 38 39 33 37 32 30 36 63 21 26 29 20 27 24 28 23 22 76 67 70 66 75 69 72 68 73 74 16 11 19 10 17 14 18 13 12 62 64 01 05 08 00 06 04 07 03 02 65 41 46 49 40 47 44 48 43 42 45 15 25 71 34 09 52 51 53 58 54 57 50 59 56 60 55 
33 34 30 61 37 32 38 35 31 39 24 25 22 63 28 20 23 29 26 21 72 71 74 76 68 75 73 66 70 67 12 15 62 18 10 13 19 16 11 14 04 09 02 64 07 00 03 08 05 01 44 45 42 65 48 40 43 49 46 41 47 17 27 69 36 06 51 55 56 59 53 50 58 60 52 54 57 
35 39 34 32 61 30 33 31 36 38 26 20 25 23 63 29 22 24 21 27 70 75 71 73 76 66 74 72 67 69 15 10 13 62 19 12 14 11 17 16 05 00 09 03 64 08 02 04 01 06 46 40 45 43 65 49 42 44 41 47 48 18 28 68 37 07 57 50 51 54 52 59 60 53 55 56 58 
30 37 36 35 33 31 32 34 39 61 22 28 27 26 24 63 21 23 25 20 74 68 69 70 72 76 67 73 71 75 17 18 16 14 62 11 13 15 10 12 02 07 06 05 04 64 01 03 09 00 42 48 47 46 44 65 41 43 45 40 49 19 29 66 38 08 50 58 55 53 51 60 54 56 57 52 59 
38 30 32 37 36 61 39 33 35 34 29 22 23 28 27 25 63 20 24 26 66 74 73 68 69 71 76 75 72 70 13 12 18 17 15 62 10 14 16 19 08 02 03 07 06 09 64 00 04 05 49 42 43 48 47 45 65 40 44 46 41 11 21 67 31 01 56 52 54 50 60 55 57 58 53 59 51 
32 36 31 33 38 35 61 30 34 37 23 27 21 24 29 28 26 63 22 25 73 69 67 72 66 68 70 76 74 71 11 17 14 19 18 16 62 12 15 13 03 06 01 04 08 07 05 64 02 09 43 47 41 44 49 48 46 65 42 45 40 10 20 75 39 00 55 57 52 60 56 58 59 54 51 53 50 
37 35 33 39 34 38 36 61 32 31 28 26 24 20 25 21 29 27 63 23 68 70 72 75 71 67 66 69 76 73 14 16 10 15 11 19 17 62 13 18 07 05 04 00 09 01 08 06 64 03 48 46 44 40 45 41 49 47 65 43 42 12 22 74 30 02 53 56 60 57 59 51 55 50 54 58 52 
36 33 38 34 30 39 31 37 61 35 27 24 29 25 22 26 20 21 28 63 69 72 66 71 74 70 75 67 68 76 19 14 15 12 16 10 11 18 62 17 06 04 08 09 02 05 00 01 07 64 47 44 49 45 42 46 40 41 48 65 43 13 23 73 32 03 60 54 58 51 50 56 52 55 59 57 53 
34 61 37 31 35 36 30 39 38 32 25 63 28 21 26 23 27 22 20 29 71 76 68 67 70 73 69 74 75 66 18 62 11 16 13 17 12 10 19 15 09 64 07 01 05 03 06 02 00 08 45 65 48 41 46 43 47 42 40 49 44 14 24 72 33 04 59 60 50 52 57 53 56 51 58 55 54 
75 73 76 69 67 68 71 66 72 74 40 43 65 47 41 42 48 45 49 44 00 03 64 06 01 02 07 09 08 04 60 53 57 51 52 58 55 59 54 50 20 23 63 27 21 22 28 25 29 24 10 13 62 17 11 12 18 15 19 14 16 56 46 05 70 26 33 32 38 34 37 30 31 36 61 39 35 
76 67 70 66 75 72 68 73 74 69 65 41 46 49 40 47 44 48 43 42 64 01 05 08 00 06 04 07 03 02 56 51 59 50 57 54 58 53 52 60 63 21 26 29 20 27 24 28 23 22 62 11 16 19 10 17 14 18 13 12 15 55 45 09 71 25 30 31 32 37 33 36 39 38 35 61 34 
72 71 74 76 68 73 66 70 67 75 44 45 42 65 48 40 43 49 46 41 04 09 02 64 07 00 03 08 05 01 52 55 60 58 50 53 59 56 51 54 24 25 22 63 28 20 23 29 26 21 14 15 12 62 18 10 13 19 16 11 17 57 47 06 69 27 31 34 35 38 32 39 37 61 30 33 36 
70 75 71 73 76 74 72 67 69 66 46 40 45 43 65 49 42 44 41 47 05 00 09 03 64 08 02 04 01 06 55 50 53 60 59 52 54 51 57 56 26 20 25 23 63 29 22 24 21 27 16 10 15 13 62 19 12 14 11 17 18 58 48 07 68 28 36 39 31 33 30 38 61 32 34 35 37 
74 68 69 70 72 67 73 71 75 76 42 48 47 46 44 65 41 43 45 40 02 07 06 05 04 64 01 03 09 00 57 58 56 54 60 51 53 55 50 52 22 28 27 26 24 63 21 23 25 20 12 18 17 16 14 62 11 13 15 10 19 59 49 08 66 29 39 37 34 32 31 61 33 35 36 30 38 
66 74 73 68 69 76 75 72 70 71 49 42 43 48 47 45 65 40 44 46 08 02 03 07 06 09 64 00 04 05 53 52 58 57 55 60 50 54 56 59 29 22 23 28 27 25 63 20 24 26 19 12 13 18 17 15 62 10 14 16 11 51 41 01 67 21 35 30 33 39 61 34 36 37 32 38 31 
73 69 67 72 66 70 76 74 71 68 43 47 41 44 49 48 46 65 42 45 03 06 01 04 08 07 05 64 02 09 51 57 54 59 58 56 60 52 55 53 23 27 21 24 29 28 26 63 22 25 13 17 11 14 19 18 16 62 12 15 10 50 40 00 75 20 34 36 30 61 35 37 38 33 31 32 39 
68 70 72 75 71 66 69 76 73 67 48 46 44 40 45 41 49 47 65 43 07 05 04 00 09 01 08 06 64 03 54 56 50 55 51 59 57 60 53 58 28 26 24 20 25 21 29 27 63 23 18 16 14 10 15 11 19 17 62 13 12 52 42 02 74 22 32 35 61 36 38 31 34 39 33 37 30 
69 72 66 71 74 75 67 68 76 70 47 44 49 45 42 46 40 41 48 65 06 04 08 09 02 05 00 01 07 64 59 54 55 52 56 50 51 58 60 57 27 24 29 25 22 26 20 21 28 63 17 14 19 15 12 16 10 11 18 62 13 53 43 03 73 23 61 33 37 31 39 35 30 34 38 36 32 
71 76 68 67 70 69 74 75 66 73 45 65 48 41 46 43 47 42 40 49 09 64 07 01 05 03 06 02 00 08 58 60 51 56 53 57 52 50 59 55 25 63 28 21 26 23 27 22 20 29 15 62 18 11 16 13 17 12 10 19 14 54 44 04 72 24 38 61 39 30 36 32 35 31 37 34 33 
67 66 75 74 73 71 70 69 68 72 41 49 40 42 43 44 45 46 47 48 01 08 00 02 03 04 09 05 06 07 50 59 52 53 54 55 56 57 58 51 21 29 20 22 23 24 25 26 27 28 11 19 10 12 13 14 15 16 17 18 62 60 65 64 76 63 37 38 36 35 34 33 32 30 39 31 61 
11 19 10 12 13 15 16 17 18 14 67 66 75 74 73 72 71 70 69 68 51 59 50 52 53 54 55 56 57 58 20 29 22 23 24 25 26 27 28 21 31 38 39 30 32 33 34 35 36 37 01 08 00 02 03 04 09 05 06 07 64 63 76 60 62 61 48 49 47 46 45 44 43 42 40 41 65 
41 49 40 42 43 45 46 47 48 44 31 38 39 30 32 33 34 35 36 37 11 19 10 12 13 14 15 16 17 18 00 08 02 03 04 09 05 06 07 01 51 59 50 52 53 54 55 56 57 58 67 66 75 74 73 72 71 70 69 68 76 64 61 62 65 60 28 29 27 26 25 24 23 22 20 21 63 
21 29 20 22 23 25 26 27 28 24 51 59 50 52 53 54 55 56 57 58 41 49 40 42 43 44 45 46 47 48 75 66 74 73 72 71 70 69 68 67 11 19 10 12 13 14 15 16 17 18 31 38 39 30 32 33 34 35 36 37 61 76 60 65 63 62 07 08 06 05 09 04 03 02 00 01 64 
51 59 50 52 53 55 56 57 58 54 01 08 00 02 03 04 09 05 06 07 31 38 39 30 32 33 34 35 36 37 40 49 42 43 44 45 46 47 48 41 67 66 75 74 73 72 71 70 69 68 21 29 20 22 23 24 25 26 27 28 63 65 64 61 60 76 18 19 17 16 15 14 13 12 10 11 62 
31 38 39 30 32 34 35 36 37 33 21 29 20 22 23 24 25 26 27 28 67 66 75 74 73 72 71 70 69 68 10 19 12 13 14 15 16 17 18 11 01 08 00 02 03 04 09 05 06 07 41 49 40 42 43 44 45 46 47 48 65 62 63 76 61 64 58 59 57 56 55 54 53 52 50 51 60 
09 64 07 01 05 06 02 00 08 03 15 62 18 11 16 13 17 12 10 19 25 63 28 21 26 23 27 22 20 29 37 61 31 35 32 36 30 39 38 34 45 65 48 41 46 43 47 42 40 49 55 60 58 51 56 53 57 52 50 59 54 33 14 24 04 44 66 73 74 70 72 75 76 71 69 68 67 
64 01 05 08 00 04 07 03 02 06 62 11 16 19 10 17 14 18 13 12 63 21 26 29 20 27 24 28 23 22 35 31 38 39 36 33 37 32 30 61 65 41 46 49 40 47 44 48 43 42 60 51 56 59 50 57 54 58 53 52 55 34 15 25 09 45 73 67 69 71 74 76 70 68 66 72 75 
06 04 08 09 02 00 01 07 64 05 17 14 19 15 12 16 10 11 18 62 27 24 29 25 22 26 20 21 28 63 38 33 34 30 35 39 31 37 61 36 47 44 49 45 42 46 40 41 48 65 57 54 59 55 52 56 50 51 58 60 53 32 13 23 03 43 74 69 68 75 71 73 67 76 72 70 66 
07 05 04 00 09 08 06 64 03 01 18 16 14 10 15 11 19 17 62 13 28 26 24 20 25 21 29 27 63 23 33 35 39 34 31 38 36 61 32 37 48 46 44 40 45 41 49 47 65 43 58 56 54 50 55 51 59 57 60 53 52 30 12 22 02 42 70 71 75 69 67 72 74 66 76 73 68 
03 06 01 04 08 05 64 02 09 07 13 17 11 14 19 18 16 62 12 15 23 27 21 24 29 28 26 63 22 25 31 36 33 38 37 35 61 30 34 32 43 47 41 44 49 48 46 65 42 45 53 57 51 54 59 58 56 60 52 55 50 39 10 20 00 40 72 74 71 67 70 66 73 75 68 76 69 
08 02 03 07 06 64 00 04 05 09 19 12 13 18 17 15 62 10 14 16 29 22 23 28 27 25 63 20 24 26 32 30 37 36 34 61 39 33 35 38 49 42 43 48 47 45 65 40 44 46 59 52 53 58 57 55 60 50 54 56 51 31 11 21 01 41 75 76 73 72 66 71 68 74 67 69 70 
02 07 06 05 04 01 03 09 00 64 12 18 17 16 14 62 11 13 15 10 22 28 27 26 24 63 21 23 25 20 36 37 35 33 61 31 32 34 39 30 42 48 47 46 44 65 41 43 45 40 52 58 57 56 54 60 51 53 55 50 59 38 19 29 08 49 76 70 67 74 73 68 72 69 75 66 71 
05 00 09 03 64 02 04 01 06 08 16 10 15 13 62 19 12 14 11 17 26 20 25 23 63 29 22 24 21 27 34 39 32 61 38 30 33 31 36 35 46 40 45 43 65 49 42 44 41 47 56 50 55 53 60 59 52 54 51 57 58 37 18 28 07 48 71 68 76 66 75 74 69 73 70 67 72 
04 09 02 64 07 03 08 05 01 00 14 15 12 62 18 10 13 19 16 11 24 25 22 63 28 20 23 29 26 21 30 34 61 37 39 32 38 35 31 33 44 45 42 65 48 40 43 49 46 41 54 55 52 60 58 50 53 59 56 51 57 36 17 27 06 47 69 66 72 76 68 67 75 70 74 71 73 
00 03 64 06 01 07 09 08 04 02 10 13 62 17 11 12 18 15 19 14 20 23 63 27 21 22 28 25 29 24 61 32 36 31 30 37 34 38 33 39 40 43 65 47 41 42 48 45 49 44 50 53 60 57 51 52 58 55 59 54 56 35 16 26 05 46 68 72 70 73 76 69 66 67 71 75 74 
01 08 00 02 03 09 05 06 07 04 11 19 10 12 13 14 15 16 17 18 21 29 20 22 23 24 25 26 27 28 39 38 30 32 33 34 35 36 37 31 41 49 40 42 43 44 45 46 47 48 51 59 50 52 53 54 55 56 57 58 60 61 62 63 64 65 67 75 66 68 69 70 71 72 73 74 76 
