55 51 58 50 53 60 59 57 56 52 00 06 07 03 05 08 64 04 02 09 39 30 32 37 31 33 61 38 36 35 49 65 47 46 40 42 48 41 43 45 71 76 73 74 69 75 68 72 70 66 63 25 23 22 27 20 28 24 26 29 21 44 01 34 54 67 12 17 13 15 62 19 16 14 18 10 11 
51 54 59 52 60 58 56 55 50 57 06 01 02 04 07 64 03 09 00 05 30 34 36 38 32 61 37 35 39 31 46 48 45 41 44 47 49 42 65 40 74 72 75 70 67 69 73 71 68 76 24 22 20 26 21 27 23 25 28 63 29 43 08 33 53 66 16 11 10 12 14 62 18 15 13 17 19 
58 59 57 54 50 52 55 60 51 53 03 04 08 02 01 05 07 00 64 06 37 38 33 36 34 31 32 39 61 30 45 42 65 40 49 43 47 44 41 48 75 68 76 69 71 72 66 73 67 70 28 20 63 27 25 24 29 23 21 26 22 46 09 35 56 74 17 15 62 10 18 16 11 13 19 14 12 
50 52 54 58 55 51 53 56 60 59 05 07 04 01 03 00 06 08 09 64 31 32 38 34 37 39 30 33 35 61 43 40 46 65 42 49 44 48 45 41 66 69 74 76 68 70 71 67 72 75 27 29 22 63 28 26 25 21 24 20 23 47 02 36 57 73 62 18 12 19 17 10 14 11 15 16 13 
53 60 50 55 59 56 52 54 57 51 08 64 06 05 00 04 09 07 01 02 33 61 30 31 39 38 35 32 34 36 42 46 44 47 65 40 41 45 49 43 68 74 67 73 76 66 69 70 75 71 22 28 21 23 63 29 27 26 20 25 24 48 03 37 58 72 13 62 11 18 12 15 10 16 17 19 14 
60 58 52 51 56 50 57 53 55 54 64 03 01 07 06 09 05 02 08 00 61 37 34 32 30 35 31 36 33 39 47 41 43 45 48 44 42 40 46 65 73 70 66 75 72 76 67 68 69 74 26 23 29 20 24 63 21 28 27 22 25 49 04 38 59 71 10 14 19 13 16 12 17 18 11 62 15 
59 56 55 53 52 57 51 58 54 60 04 09 64 00 08 07 02 06 03 01 38 35 61 39 33 32 36 30 37 34 40 47 48 44 46 65 45 43 42 49 69 73 72 67 74 71 76 75 66 68 23 27 24 21 22 25 63 20 29 28 26 41 05 31 50 70 11 12 14 17 13 18 19 10 62 15 16 
57 55 60 56 54 53 58 52 59 50 02 00 05 64 09 01 08 03 07 04 36 39 31 61 35 34 33 37 32 38 48 43 42 49 45 41 65 46 44 47 72 66 68 71 75 73 70 76 74 67 29 24 28 25 20 23 26 63 22 21 27 40 06 30 51 69 15 10 18 14 19 11 12 62 16 13 17 
56 50 51 60 57 55 54 59 53 58 09 05 03 06 64 02 00 01 04 08 35 31 37 30 61 36 39 34 38 33 44 45 49 43 41 48 40 65 47 46 67 75 71 66 70 74 72 69 76 73 20 21 25 29 26 22 24 27 63 23 28 42 07 32 52 68 19 16 15 11 10 13 62 17 14 12 18 
52 57 53 59 51 54 60 50 58 56 07 02 09 08 04 06 01 64 05 03 32 36 35 33 38 30 34 61 31 37 65 44 41 48 47 46 43 49 40 42 76 67 70 72 73 68 74 66 71 69 21 63 26 24 23 28 22 29 25 27 20 45 00 39 55 75 14 13 16 62 11 17 15 19 12 18 10 
45 40 48 41 43 65 49 47 46 42 39 30 32 37 31 33 61 38 36 35 10 17 18 14 16 19 62 15 13 12 04 64 02 09 06 07 03 05 08 00 59 60 57 56 51 55 52 58 50 53 76 71 73 74 69 75 68 72 70 66 67 01 34 11 44 54 22 27 23 25 63 29 26 24 28 20 21 
40 44 49 42 65 48 46 45 41 47 30 34 36 38 32 61 37 35 39 31 17 11 13 15 18 62 14 12 10 16 09 03 00 05 01 02 04 07 64 06 56 58 55 50 54 51 57 59 52 60 72 74 75 70 67 69 73 71 68 76 66 08 33 19 43 53 26 21 20 22 24 63 28 25 23 27 29 
42 47 43 49 40 44 65 41 48 46 32 36 35 33 38 30 34 61 31 37 18 13 12 19 15 17 11 62 16 14 64 01 05 03 02 09 08 04 06 07 60 54 50 58 57 52 56 53 59 51 67 76 70 72 73 68 74 66 71 69 75 00 39 10 45 55 24 23 26 63 21 27 25 29 22 28 20 
48 49 47 44 41 42 45 65 40 43 37 38 33 36 34 31 32 39 61 30 14 15 19 13 11 16 18 10 62 17 00 07 64 06 04 08 02 01 05 03 55 52 60 51 59 58 53 57 54 50 68 75 76 69 71 72 66 73 67 70 74 09 35 12 46 56 27 25 63 20 28 26 21 23 29 24 22 
41 42 44 48 45 40 43 46 65 49 31 32 38 34 37 39 30 33 35 61 16 18 15 11 14 10 17 19 12 62 08 06 09 64 07 04 01 03 00 05 53 51 56 60 52 50 59 54 58 55 69 66 74 76 68 70 71 67 72 75 73 02 36 13 47 57 63 28 22 29 27 20 24 21 25 26 23 
43 65 41 45 49 46 42 44 47 40 33 61 30 31 39 38 35 32 34 36 19 62 17 16 10 15 12 18 11 13 07 09 01 02 64 06 05 00 04 08 52 56 54 57 60 53 51 50 55 59 74 68 67 73 76 66 69 70 75 71 72 03 37 14 48 58 23 63 21 28 22 25 20 26 27 29 24 
65 48 42 40 46 41 47 43 45 44 61 37 34 32 30 35 31 36 33 39 62 14 11 18 17 12 16 13 19 10 02 05 08 00 03 01 07 06 09 64 57 50 53 55 58 60 54 52 51 56 70 73 66 75 72 76 67 68 69 74 71 04 38 15 49 59 20 24 29 23 26 22 27 28 21 63 25 
49 46 45 43 42 47 40 48 44 65 38 35 61 39 33 32 36 30 37 34 15 12 62 10 19 18 13 17 14 11 06 02 03 01 09 64 00 08 07 04 51 57 58 54 56 59 60 55 53 52 73 69 72 67 74 71 76 75 66 68 70 05 31 16 41 50 21 22 24 27 23 28 29 20 63 25 26 
47 45 65 46 44 43 48 42 49 41 36 39 31 61 35 34 33 37 32 38 13 10 16 62 12 11 19 14 18 15 03 08 07 04 00 05 64 09 01 02 58 53 52 59 55 57 50 60 56 54 66 72 68 71 75 73 70 76 74 67 69 06 30 17 40 51 25 20 28 24 29 21 22 63 26 23 27 
46 41 40 65 47 45 44 49 43 48 35 31 37 30 61 36 39 34 38 33 12 16 14 17 62 13 10 11 15 19 01 00 04 08 05 03 06 64 02 09 54 55 59 53 50 56 58 51 60 57 75 67 71 66 70 74 72 69 76 73 68 07 32 18 42 52 29 26 25 21 20 23 63 27 24 22 28 
20 27 24 26 29 63 25 23 22 28 55 51 52 58 50 53 60 59 57 56 45 40 42 48 41 43 65 49 47 46 71 76 73 74 69 68 72 70 66 75 15 62 13 12 17 10 18 14 16 19 61 38 36 35 30 39 32 37 31 33 34 67 54 44 21 11 09 06 02 04 64 08 05 03 07 00 01 
27 21 25 28 63 24 22 20 26 23 51 54 57 59 52 60 58 56 55 50 40 44 47 49 42 65 48 46 45 41 74 72 75 70 67 73 71 68 76 69 12 14 10 16 11 17 13 15 18 62 37 35 39 31 34 30 36 38 32 61 33 66 53 43 29 19 05 01 00 09 03 64 07 04 02 06 08 
28 23 29 25 27 21 63 26 24 22 52 57 56 53 59 51 54 60 50 58 42 47 46 43 49 40 44 65 41 48 76 67 70 72 73 74 66 71 69 68 62 11 16 14 13 18 12 19 15 17 34 61 31 37 36 32 35 33 38 30 39 75 55 45 20 10 03 02 05 64 01 06 04 08 09 07 00 
24 25 23 21 26 28 20 63 27 29 58 59 53 57 54 50 52 55 60 51 48 49 43 47 44 41 42 45 65 40 75 68 76 69 71 66 73 67 70 72 10 18 62 17 15 14 19 13 11 16 32 39 61 30 38 37 33 36 34 31 35 74 56 46 22 12 06 04 64 00 07 05 01 02 08 03 09 
26 28 21 24 20 27 29 22 63 25 50 52 59 54 58 55 51 53 56 60 41 42 49 44 48 45 40 43 46 65 66 69 74 76 68 71 67 72 75 70 19 17 12 62 18 16 15 11 14 10 30 33 35 61 32 31 38 34 37 39 36 73 57 47 23 13 64 07 09 08 06 00 03 01 04 05 02 
29 63 26 20 25 22 28 21 23 27 53 60 51 50 55 59 56 52 54 57 43 65 40 41 45 49 46 42 44 47 68 74 67 73 76 69 70 75 71 66 18 12 11 13 62 19 17 16 10 15 35 32 34 36 61 33 30 31 39 38 37 72 58 48 24 14 02 64 01 07 09 04 00 05 06 08 03 
63 24 28 27 22 26 23 29 20 21 60 58 54 52 51 56 50 57 53 55 65 48 44 42 40 46 41 47 43 45 73 70 66 75 72 67 68 69 74 76 13 16 19 10 14 62 11 18 17 12 31 36 33 39 37 61 34 32 30 35 38 71 59 49 25 15 00 03 08 02 05 09 06 07 01 64 04 
25 22 20 29 28 23 27 24 21 63 59 56 60 55 53 52 57 51 58 54 49 46 65 45 43 42 47 40 48 44 69 73 72 67 74 76 75 66 68 71 17 13 14 11 12 15 62 10 19 18 36 30 37 34 35 38 61 39 33 32 31 70 50 41 26 16 01 09 03 06 02 07 08 00 64 04 05 
23 20 63 22 21 29 24 28 25 26 57 55 50 60 56 54 53 58 52 59 47 45 41 65 46 44 43 48 42 49 72 66 68 71 75 70 76 74 67 73 14 19 18 15 10 13 16 62 12 11 33 37 32 38 39 36 31 61 35 34 30 69 51 40 27 17 04 00 07 03 08 01 09 64 05 02 06 
22 26 27 63 23 20 21 25 29 24 56 50 58 51 60 57 55 54 59 53 46 41 48 40 65 47 45 44 49 43 67 75 71 66 70 72 69 76 73 74 11 10 15 19 16 12 14 17 62 13 39 34 38 33 31 35 37 30 61 36 32 68 52 42 28 18 08 05 04 01 00 02 64 06 03 09 07 
15 12 10 19 18 13 17 14 11 62 71 74 76 75 66 68 73 69 72 67 59 56 60 55 53 52 57 51 58 54 27 23 24 21 22 63 20 29 28 25 30 36 37 34 35 38 61 39 33 32 02 06 03 01 09 04 64 00 08 07 05 26 70 50 16 31 44 46 48 40 47 42 43 45 65 49 41 
62 14 18 17 12 16 13 19 10 11 76 72 67 68 69 74 70 73 66 75 60 58 54 52 51 56 50 57 53 55 23 26 29 20 24 21 28 27 22 63 36 31 33 39 37 61 34 32 30 35 05 02 08 00 03 64 01 07 06 09 04 25 71 59 15 38 45 48 43 47 41 46 40 42 44 65 49 
13 10 62 12 11 19 14 18 15 16 73 75 70 76 74 67 66 72 68 71 57 55 50 60 56 54 53 58 52 59 24 29 28 25 20 26 63 22 21 23 37 33 32 38 39 36 31 61 35 34 08 03 07 04 00 02 05 64 09 01 06 27 69 51 17 30 49 45 42 48 43 44 46 65 41 47 40 
12 16 17 62 13 10 11 15 19 14 74 70 72 69 76 73 75 67 71 66 56 50 58 51 60 57 55 54 59 53 21 20 25 29 26 24 27 63 23 22 34 39 38 33 31 35 37 30 61 36 00 01 04 08 05 09 03 06 64 02 07 28 68 52 18 32 43 41 49 44 45 47 65 40 48 46 42 
17 11 15 18 62 14 12 10 16 13 69 67 73 71 68 76 72 74 75 70 51 54 57 59 52 60 58 56 55 50 22 24 20 26 21 23 25 28 63 27 35 37 39 31 34 30 36 38 32 61 03 09 00 05 01 06 02 04 07 64 08 29 66 53 19 33 41 44 45 46 48 65 42 49 47 40 43 
18 13 19 15 17 11 62 16 14 12 68 73 74 66 71 69 67 76 70 72 52 57 56 53 59 51 54 60 50 58 63 21 26 24 23 22 29 25 27 28 61 34 31 37 36 32 35 33 38 30 01 64 05 03 02 07 09 08 04 06 00 20 75 55 10 39 48 47 41 65 44 40 49 43 46 42 45 
14 15 13 11 16 18 10 62 17 19 72 71 66 73 67 70 68 75 76 69 58 59 53 57 54 50 52 55 60 51 20 28 63 27 25 29 23 21 26 24 39 32 61 30 38 37 33 36 34 31 07 00 64 06 04 03 08 02 01 05 09 22 74 56 12 35 40 49 65 45 42 41 44 47 43 48 46 
16 18 11 14 10 17 19 12 62 15 70 68 71 67 72 75 69 66 74 76 50 52 59 54 58 55 51 53 56 60 29 27 22 63 28 25 21 24 20 26 33 30 35 61 32 31 38 34 37 39 06 08 09 64 07 05 04 01 03 00 02 23 73 57 13 36 65 42 46 43 40 45 48 44 49 41 47 
19 62 16 10 15 12 18 11 13 17 66 76 69 70 75 71 74 68 67 73 53 60 51 50 55 59 56 52 54 57 28 22 21 23 63 27 26 20 25 29 32 35 34 36 61 33 30 31 39 38 09 07 01 02 64 08 06 05 00 04 03 24 72 58 14 37 47 65 44 42 46 49 45 41 40 43 48 
10 17 14 16 19 62 15 13 12 18 75 69 68 72 70 66 76 71 73 74 55 51 52 58 50 53 60 59 57 56 25 63 23 22 27 28 24 26 29 20 38 61 36 35 30 39 32 37 31 33 64 04 02 09 06 00 07 03 05 08 01 21 67 54 11 34 46 40 47 49 65 43 41 48 42 45 44 
38 35 39 33 32 36 30 37 34 61 25 22 63 20 29 28 23 27 24 21 71 74 76 75 66 68 73 69 72 67 17 13 14 11 12 62 10 19 18 15 06 02 03 01 09 04 64 00 08 07 47 40 48 44 46 49 65 45 43 42 41 16 26 70 31 05 54 56 58 51 57 52 53 55 60 59 50 
61 37 32 30 35 31 36 33 39 34 63 24 21 28 27 22 26 23 29 20 76 72 67 68 69 74 70 73 66 75 13 16 19 10 14 11 18 17 12 62 02 05 08 00 03 64 01 07 06 09 41 47 43 45 48 65 44 42 40 46 49 15 25 71 38 04 55 58 53 57 50 56 51 52 54 60 59 
36 39 61 35 34 33 37 32 38 31 23 20 26 63 22 21 29 24 28 25 73 75 70 76 74 67 66 72 68 71 14 19 18 15 10 16 62 12 11 13 03 08 07 04 00 02 05 64 09 01 43 48 42 49 45 47 41 65 46 44 40 17 27 69 30 06 59 55 52 58 53 54 56 60 50 57 51 
35 31 30 61 36 39 34 38 33 37 22 26 24 27 63 23 20 21 25 29 74 70 72 69 76 73 75 67 71 66 11 10 15 19 16 14 17 62 13 12 01 00 04 08 05 09 03 06 64 02 45 44 49 43 41 46 48 40 65 47 42 18 28 68 32 07 53 50 59 54 55 57 60 51 58 56 52 
30 34 38 32 61 37 35 39 31 36 27 21 23 25 28 63 24 22 20 26 69 67 73 71 68 76 72 74 75 70 12 14 10 16 11 13 15 18 62 17 09 03 00 05 01 06 02 04 07 64 48 46 45 41 44 40 47 49 42 65 43 19 29 66 33 08 50 54 55 56 58 60 52 59 57 51 53 
39 30 37 31 33 61 38 36 35 32 20 27 28 24 26 29 63 25 23 22 75 69 68 72 70 66 76 71 73 74 15 62 13 12 17 18 14 16 19 10 04 64 02 09 06 00 07 03 05 08 65 49 47 46 40 45 42 48 41 43 44 11 21 67 34 01 56 51 57 59 60 53 50 58 52 55 54 
32 36 33 38 30 34 61 31 37 35 28 23 22 29 25 27 21 63 26 24 68 73 74 66 71 69 67 76 70 72 62 11 16 14 13 12 19 15 17 18 64 01 05 03 02 07 09 08 04 06 44 65 41 48 47 42 46 43 49 40 45 10 20 75 39 00 58 57 50 60 54 51 59 53 56 52 55 
37 38 36 34 31 32 39 61 30 33 24 25 29 23 21 26 28 20 63 27 72 71 66 73 67 70 68 75 76 69 10 18 62 17 15 19 13 11 16 14 00 07 64 06 04 03 08 02 01 05 42 45 65 40 49 48 43 47 44 41 46 12 22 74 35 09 51 59 60 55 52 50 54 57 53 58 56 
31 32 34 37 39 30 33 35 61 38 26 28 25 21 24 20 27 29 22 63 70 68 71 67 72 75 69 66 74 76 19 17 12 62 18 15 11 14 10 16 08 06 09 64 07 05 04 01 03 00 40 43 46 65 42 41 49 44 48 45 47 13 23 73 36 02 60 52 56 53 51 55 58 54 59 50 57 
33 61 31 39 38 35 32 34 36 30 29 63 27 26 20 25 22 28 21 23 66 76 69 70 75 71 74 68 67 73 18 12 11 13 62 17 16 10 15 19 07 09 01 02 64 08 06 05 00 04 46 42 44 47 65 43 40 41 45 49 48 14 24 72 37 03 57 60 54 52 56 59 55 50 51 53 58 
76 72 68 69 74 70 73 66 75 67 65 48 44 42 40 46 41 47 43 45 64 03 01 07 06 09 05 02 08 00 57 50 53 55 58 54 52 51 56 60 23 26 29 20 24 63 21 28 27 22 16 13 19 10 14 62 11 18 17 12 15 59 49 04 71 25 39 37 33 36 31 35 30 32 34 61 38 
71 74 75 66 68 73 69 72 67 76 49 46 65 45 43 42 47 40 48 44 04 09 64 00 08 07 02 06 03 01 51 57 58 54 56 60 55 53 52 59 27 23 24 21 22 25 63 20 29 28 13 17 14 11 12 15 62 10 19 18 16 50 41 05 70 26 34 35 37 30 36 32 33 39 61 38 31 
73 75 76 74 67 66 72 68 71 70 47 45 41 65 46 44 43 48 42 49 02 00 05 64 09 01 08 03 07 04 58 53 52 59 55 50 60 56 54 57 24 29 28 25 20 23 26 63 22 21 19 14 18 15 10 13 16 62 12 11 17 51 40 06 69 27 38 39 32 37 33 34 35 61 31 36 30 
74 70 69 76 73 75 67 71 66 72 46 41 48 40 65 47 45 44 49 43 09 05 03 06 64 02 00 01 04 08 54 55 59 53 50 58 51 60 57 56 21 20 25 29 26 22 24 27 63 23 10 11 15 19 16 12 14 17 62 13 18 52 42 07 68 28 33 31 38 34 39 36 61 30 37 35 32 
69 67 71 68 76 72 74 75 70 73 40 44 47 49 42 65 48 46 45 41 06 01 02 04 07 64 03 09 00 05 56 58 55 50 54 57 59 52 60 51 22 24 20 26 21 27 23 25 28 63 14 12 10 16 11 17 13 15 18 62 19 53 43 08 66 29 31 34 39 35 37 61 32 38 36 30 33 
75 69 72 70 66 76 71 73 74 68 45 40 42 48 41 43 65 49 47 46 00 06 07 03 05 08 64 04 02 09 59 60 57 56 51 52 58 50 53 55 25 63 23 22 27 20 28 24 26 29 62 15 13 12 17 10 18 14 16 19 11 54 44 01 67 21 35 30 36 38 61 33 31 37 32 39 34 
68 73 66 71 69 67 76 70 72 74 42 47 46 43 49 40 44 65 41 48 07 02 09 08 04 06 01 64 05 03 60 54 50 58 57 56 53 59 51 52 63 21 26 24 23 28 22 29 25 27 11 62 16 14 13 18 12 19 15 17 10 55 45 00 75 20 37 36 31 61 34 30 38 33 35 32 39 
72 71 73 67 70 68 75 76 69 66 48 49 43 47 44 41 42 45 65 40 03 04 08 02 01 05 07 00 64 06 55 52 60 51 59 53 57 54 50 58 20 28 63 27 25 24 29 23 21 26 18 10 62 17 15 14 19 13 11 16 12 56 46 09 74 22 30 38 61 39 32 31 34 36 33 37 35 
70 68 67 72 75 69 66 74 76 71 41 42 49 44 48 45 40 43 46 65 05 07 04 01 03 00 06 08 09 64 53 51 56 60 52 59 54 58 55 50 29 27 22 63 28 26 25 21 24 20 17 19 12 62 18 16 15 11 14 10 13 57 47 02 73 23 61 32 35 33 30 39 37 34 38 31 36 
66 76 70 75 71 74 68 67 73 69 43 65 40 41 45 49 46 42 44 47 08 64 06 05 00 04 09 07 01 02 52 56 54 57 60 51 50 55 59 53 28 22 21 23 63 29 27 26 20 25 12 18 11 13 62 19 17 16 10 15 14 58 48 03 72 24 36 61 34 32 35 38 39 31 30 33 37 
67 66 74 73 72 71 70 69 68 75 44 43 45 46 47 48 49 41 40 42 01 08 00 09 02 03 04 05 06 07 50 59 51 52 53 55 56 57 58 54 26 25 27 28 29 21 20 22 23 24 15 16 17 18 19 11 10 12 13 14 62 60 65 64 76 63 32 33 30 31 38 37 36 35 39 34 61 
11 19 12 13 14 15 16 17 18 10 67 66 75 74 73 72 71 70 69 68 54 53 55 56 57 58 59 50 51 52 26 25 27 28 29 20 22 23 24 21 31 38 30 32 33 34 39 35 36 37 04 05 06 07 08 01 00 09 02 03 64 63 76 60 62 61 42 43 40 41 49 48 47 46 45 44 65 
44 43 46 47 48 49 41 40 42 45 34 33 39 35 36 37 38 31 30 32 11 19 10 12 13 14 15 16 17 18 05 04 06 07 08 00 09 02 03 01 50 59 51 52 53 54 55 56 57 58 71 70 69 68 66 67 75 74 73 72 76 64 61 62 65 60 28 29 27 26 25 24 23 22 20 21 63 
21 29 22 23 24 25 26 27 28 20 54 53 55 56 57 58 59 50 51 52 44 43 45 46 47 48 49 41 40 42 70 71 69 68 66 75 74 73 72 67 16 15 17 18 19 11 10 12 13 14 38 31 30 32 33 34 39 35 36 37 61 76 60 65 63 62 07 08 06 05 04 03 02 09 00 01 64 
54 53 56 57 58 59 50 51 52 55 01 08 00 09 02 03 04 05 06 07 34 33 39 35 36 37 38 31 30 32 41 49 40 42 43 45 46 47 48 44 70 71 69 68 66 67 75 74 73 72 25 26 27 28 29 21 20 22 23 24 63 65 64 61 60 76 18 19 17 16 15 14 13 12 10 11 62 
34 33 35 36 37 38 31 30 32 39 21 29 20 22 23 24 25 26 27 28 67 66 75 74 73 72 71 70 69 68 16 15 17 18 19 10 12 13 14 11 05 04 06 07 08 01 00 09 02 03 49 41 40 42 43 44 45 46 47 48 65 62 63 76 61 64 52 53 51 50 59 58 57 56 55 54 60 
09 05 06 64 02 00 01 04 08 03 12 16 14 17 62 13 10 11 15 19 22 26 24 27 63 23 20 21 25 29 34 39 38 33 31 37 30 61 36 35 44 45 49 43 41 46 48 40 65 47 55 54 59 53 50 56 58 51 60 57 52 32 18 28 07 42 66 69 76 73 67 68 74 71 75 70 72 
06 01 04 07 64 03 09 00 05 02 17 11 13 15 18 62 14 12 10 16 27 21 23 25 28 63 24 22 20 26 35 37 39 31 34 36 38 32 61 30 46 48 45 41 44 40 47 49 42 65 58 56 55 50 54 51 57 59 52 60 53 33 19 29 08 43 76 67 72 75 66 73 70 74 69 68 71 
02 00 64 09 01 08 03 07 04 05 13 10 16 62 12 11 19 14 18 15 23 20 26 63 22 21 29 24 28 25 37 33 32 38 39 31 61 35 34 36 48 43 42 49 45 47 41 65 46 44 53 58 52 59 55 57 50 60 56 54 51 30 17 27 06 40 70 71 68 76 74 66 69 75 72 67 73 
04 09 00 08 07 02 06 03 01 64 15 12 62 10 19 18 13 17 14 11 25 22 63 20 29 28 23 27 24 21 30 36 37 34 35 61 39 33 32 38 40 47 48 44 46 49 65 45 43 42 57 51 58 54 56 59 60 55 53 52 50 31 16 26 05 41 72 66 71 69 76 75 68 70 67 73 74 
64 03 07 06 09 05 02 08 00 01 62 14 11 18 17 12 16 13 19 10 63 24 21 28 27 22 26 23 29 20 36 31 33 39 37 34 32 30 35 61 47 41 43 45 48 65 44 42 40 46 50 57 53 55 58 60 54 52 51 56 59 38 15 25 04 49 68 74 73 72 70 76 67 69 71 66 75 
08 64 05 00 04 09 07 01 02 06 19 62 17 16 10 15 12 18 11 13 29 63 27 26 20 25 22 28 21 23 32 35 34 36 61 30 31 39 38 33 42 46 44 47 65 43 40 41 45 49 56 52 54 57 60 53 51 50 55 59 58 37 14 24 03 48 75 68 69 74 73 71 76 66 70 72 67 
05 07 01 03 00 06 08 09 64 04 16 18 15 11 14 10 17 19 12 62 26 28 25 21 24 20 27 29 22 63 33 30 35 61 32 38 34 37 39 31 43 40 46 65 42 41 49 44 48 45 51 53 56 60 52 50 59 54 58 55 57 36 13 23 02 47 69 73 67 70 75 74 72 76 68 71 66 
03 04 02 01 05 07 00 64 06 08 14 15 19 13 11 16 18 10 62 17 24 25 29 23 21 26 28 20 63 27 39 32 61 30 38 33 36 34 31 37 45 42 65 40 49 48 43 47 44 41 52 55 60 51 59 58 53 57 54 50 56 35 12 22 09 46 74 72 70 66 71 67 75 73 76 69 68 
07 02 08 04 06 01 64 05 03 09 18 13 12 19 15 17 11 62 16 14 28 23 22 29 25 27 21 63 26 24 61 34 31 37 36 35 33 38 30 32 65 44 41 48 47 42 46 43 49 40 54 60 50 58 57 52 56 53 59 51 55 39 10 20 00 45 73 70 75 71 68 72 66 67 74 76 69 
00 06 03 05 08 64 04 02 09 07 10 17 18 14 16 19 62 15 13 12 20 27 28 24 26 29 63 25 23 22 38 61 36 35 30 32 37 31 33 39 49 65 47 46 40 45 42 48 41 43 60 59 57 56 51 55 52 58 50 53 54 34 11 21 01 44 71 76 74 67 72 69 73 68 66 75 70 
01 08 09 02 03 04 05 06 07 00 11 19 10 12 13 14 15 16 17 18 21 29 20 22 23 24 25 26 27 28 31 38 30 32 33 39 35 36 37 34 41 49 40 42 43 44 45 46 47 48 59 50 51 52 53 54 55 56 57 58 60 61 62 63 64 65 67 75 66 68 69 70 71 72 73 74 76 
