52 54 60 59 58 53 51 56 50 55 02 00 64 07 06 01 04 08 05 03 34 30 33 61 38 37 32 31 35 39 42 40 44 65 48 43 45 41 46 49 70 75 67 72 76 66 69 68 73 71 28 24 21 23 63 27 22 25 29 26 20 47 09 36 57 74 19 11 17 12 15 10 62 13 14 18 16 
55 53 50 60 51 59 56 52 57 54 01 04 03 64 08 07 02 05 00 09 33 34 32 39 61 31 38 35 30 36 45 47 43 40 41 49 44 46 42 65 76 74 68 69 75 73 70 72 71 67 63 20 25 22 24 29 28 23 26 21 27 48 06 37 58 66 15 14 19 10 11 18 13 16 12 62 17 
58 56 54 55 60 52 50 57 53 51 05 06 02 04 64 00 08 03 09 01 31 37 35 33 34 61 30 39 36 32 48 43 46 44 65 42 41 40 47 45 68 69 66 71 72 76 67 73 75 74 25 22 27 26 23 63 21 29 24 20 28 49 07 38 59 70 13 17 62 15 16 11 12 10 19 14 18 
54 59 57 50 56 60 52 55 58 53 07 02 09 03 05 64 01 00 04 06 32 33 38 36 39 35 61 30 34 37 44 48 49 47 46 65 43 42 45 40 75 66 72 70 74 71 76 69 67 68 24 27 23 28 20 26 63 22 21 25 29 41 08 31 51 73 11 12 15 18 14 62 16 17 10 13 19 
59 50 51 58 55 57 54 53 56 60 03 07 08 06 04 09 64 02 01 05 61 38 39 31 37 34 36 33 32 35 49 46 40 41 45 47 65 44 43 48 66 71 70 75 73 68 74 76 72 69 27 26 28 24 29 25 20 63 23 22 21 42 00 30 52 67 12 18 14 13 10 16 19 15 62 17 11 
57 51 55 52 59 56 60 50 54 58 08 09 04 00 07 05 06 64 03 02 37 36 31 34 30 38 35 61 39 33 47 44 41 45 49 46 48 65 40 42 67 72 74 73 68 70 71 66 76 75 21 23 20 29 25 28 26 27 63 24 22 43 01 32 53 69 62 16 18 19 13 15 14 12 17 11 10 
56 55 59 53 57 54 58 51 60 52 04 05 07 01 09 02 00 06 08 64 30 35 34 38 32 36 33 37 31 61 46 65 45 49 47 44 42 48 41 43 69 76 71 68 70 74 72 67 66 73 22 63 26 25 28 20 23 21 27 29 24 40 03 39 50 75 17 15 16 14 19 12 18 62 11 10 13 
60 57 56 51 54 58 53 59 52 50 09 64 05 08 02 06 03 01 07 00 39 61 36 35 31 33 37 32 38 30 65 42 47 46 44 48 40 43 49 41 73 67 76 74 71 72 66 75 69 70 29 21 63 20 26 23 27 24 22 28 25 45 04 34 55 68 10 62 12 16 18 17 15 11 13 19 14 
53 60 58 57 52 50 55 54 51 59 64 01 06 09 00 03 07 04 02 08 38 32 61 37 36 30 39 34 33 31 43 41 65 48 42 40 49 45 44 47 74 73 69 76 66 67 75 70 68 72 20 29 22 63 27 21 24 28 25 23 26 46 05 35 56 71 14 10 11 62 12 13 17 19 18 16 15 
50 58 52 56 53 51 59 60 55 57 06 03 00 05 01 08 09 07 64 04 36 39 37 30 35 32 31 38 61 34 40 45 48 42 43 41 47 49 65 46 71 68 75 66 67 69 73 74 70 76 26 25 24 27 21 22 29 20 28 63 23 44 02 33 54 72 18 13 10 17 62 19 11 14 16 15 12 
45 43 40 65 41 49 46 42 47 44 32 34 39 61 31 38 33 35 30 36 12 14 10 13 62 19 18 15 11 16 04 09 01 03 08 07 02 05 00 64 60 57 55 53 50 51 59 54 56 52 76 74 68 69 75 73 70 72 71 67 66 06 37 17 48 58 26 25 29 22 21 28 24 20 23 63 27 
42 44 65 49 48 43 41 46 40 45 33 30 61 38 37 32 34 31 35 39 14 11 12 62 18 17 10 19 15 13 00 03 02 64 06 01 04 08 05 07 59 50 52 54 60 58 53 55 51 56 70 75 67 72 76 66 69 68 73 71 74 09 36 16 47 57 29 21 27 23 26 22 63 24 25 28 20 
48 46 44 45 65 42 40 47 43 41 35 37 33 34 61 30 31 39 36 32 19 17 15 12 14 62 11 13 16 10 06 01 05 02 64 00 08 03 09 04 55 53 58 56 54 60 52 51 50 57 68 69 66 71 72 76 67 73 75 74 70 07 38 18 49 59 24 27 63 26 20 21 23 22 29 25 28 
44 49 47 40 46 65 42 45 48 43 38 33 36 39 35 61 32 30 34 37 10 12 18 16 13 15 62 11 14 17 02 06 07 09 05 64 01 00 04 03 50 58 54 59 57 56 60 53 52 55 75 66 72 70 74 71 76 69 67 68 73 08 31 19 41 51 21 23 26 28 25 63 20 27 22 24 29 
49 40 41 48 45 47 44 43 46 65 39 38 31 37 34 36 61 33 32 35 62 18 13 19 17 14 16 12 10 15 07 05 03 08 04 09 64 02 01 06 58 56 59 50 51 55 57 60 54 53 66 71 70 75 73 68 74 76 72 69 67 00 30 11 42 52 23 28 25 24 22 20 29 26 63 27 21 
47 41 45 42 49 46 65 40 44 48 31 36 34 30 38 35 37 61 39 33 17 16 19 14 11 18 15 62 13 12 09 02 08 04 07 05 06 64 03 00 52 54 57 51 55 59 56 58 60 50 67 72 74 73 68 70 71 66 76 75 69 01 32 10 43 53 63 20 28 29 24 26 25 23 27 21 22 
40 48 42 46 43 41 49 65 45 47 37 39 30 35 32 31 36 38 61 34 16 13 17 11 15 10 19 18 62 14 03 04 06 00 01 08 09 07 64 05 56 55 50 58 52 53 51 57 59 60 71 68 75 66 67 69 73 74 70 76 72 02 33 12 44 54 28 24 22 27 63 29 21 25 20 26 23 
46 45 49 43 47 44 48 41 65 42 34 35 38 32 36 33 30 37 31 61 11 15 14 18 10 16 12 17 19 62 05 64 04 07 09 02 00 06 08 01 53 60 56 55 59 57 54 52 58 51 69 76 71 68 70 74 72 67 66 73 75 03 39 13 40 50 27 26 20 25 29 23 28 63 21 22 24 
65 47 46 41 44 48 43 49 42 40 36 61 35 31 33 37 39 32 38 30 13 62 16 15 19 12 17 10 18 11 64 00 09 05 02 06 03 01 07 08 51 52 60 57 56 54 58 50 53 59 73 67 76 74 71 72 66 75 69 70 68 04 34 14 45 55 22 63 23 20 28 27 26 21 24 29 25 
43 65 48 47 42 40 45 44 41 49 61 32 37 36 30 39 38 34 33 31 18 10 62 17 16 11 13 14 12 19 01 08 64 06 00 03 07 04 02 09 57 51 53 60 58 52 50 59 55 54 74 73 69 76 66 67 75 70 68 72 71 05 35 15 46 56 25 22 21 63 23 24 27 29 28 20 26 
24 27 21 26 22 29 28 63 25 20 58 50 52 56 53 51 57 59 60 55 47 40 48 42 46 43 41 49 65 45 75 68 66 67 69 73 74 70 76 71 15 14 13 17 11 10 19 16 18 62 35 34 39 37 30 32 31 36 38 61 33 72 54 44 23 12 07 03 01 06 64 08 00 04 09 05 02 
21 23 63 28 27 22 29 26 24 25 54 52 60 59 58 53 55 51 56 50 45 42 44 65 49 48 43 41 46 40 67 75 72 76 66 69 68 73 71 70 18 13 11 12 62 17 10 14 19 15 38 39 30 33 61 37 32 34 31 35 36 74 57 47 20 16 08 00 06 02 05 01 64 03 04 07 09 
25 22 24 63 29 28 26 21 20 23 53 55 50 60 51 59 54 56 52 57 44 45 43 40 65 41 49 46 42 47 68 74 69 75 73 70 72 71 67 76 62 16 14 10 13 19 18 12 15 11 61 36 34 32 39 31 38 33 35 30 37 66 58 48 27 17 05 04 08 01 00 07 03 09 02 64 06 
27 26 23 25 63 21 24 20 22 29 56 58 54 55 60 52 51 50 57 53 41 48 46 44 45 65 42 40 47 43 66 69 71 72 76 67 73 75 74 68 14 10 17 15 12 62 11 19 13 16 34 32 37 35 33 61 30 31 39 36 38 70 59 49 28 18 03 06 64 05 09 00 02 01 08 04 07 
23 28 20 24 26 63 21 25 27 22 59 54 57 50 56 60 53 52 55 58 43 44 49 47 40 46 65 42 45 48 72 66 70 74 71 76 69 67 68 75 13 17 12 18 16 15 62 10 11 14 39 37 33 38 36 35 61 32 30 34 31 73 51 41 29 19 00 02 05 07 04 64 09 06 01 03 08 
28 24 29 27 25 20 23 22 26 63 50 59 51 58 55 57 60 54 53 56 65 49 40 41 48 45 47 44 43 46 70 71 75 73 68 74 76 72 69 66 17 15 18 13 19 14 16 62 12 10 37 35 38 39 31 34 36 61 33 32 30 67 52 42 21 11 02 07 04 03 01 09 08 05 64 06 00 
20 29 25 21 28 26 63 24 23 27 51 57 55 52 59 56 58 60 50 54 48 47 41 45 42 49 46 65 40 44 74 72 73 68 70 71 66 76 75 67 11 12 16 19 14 18 15 17 62 13 30 33 36 31 34 38 35 37 61 39 32 69 53 43 22 10 64 09 07 08 03 05 04 02 06 00 01 
26 25 28 22 20 23 27 29 63 21 55 56 59 53 57 54 52 58 51 60 42 46 45 49 43 47 44 48 41 65 71 76 68 70 74 72 67 66 73 69 10 62 15 14 18 16 12 11 17 19 32 61 35 34 38 36 33 30 37 31 39 75 50 40 24 13 06 05 09 04 08 02 07 64 00 01 03 
63 20 26 29 23 27 22 28 21 24 57 60 56 51 54 58 50 53 59 52 40 65 47 46 41 44 48 43 49 42 76 67 74 71 72 66 75 69 70 73 19 11 62 16 15 12 17 13 10 18 31 30 61 36 35 33 37 39 32 38 34 68 55 45 25 14 01 64 02 09 07 06 05 00 03 08 04 
22 63 27 20 21 24 25 23 29 28 60 53 58 57 52 50 59 55 54 51 49 43 65 48 47 42 40 45 44 41 69 73 76 66 67 75 70 68 72 74 16 19 10 62 17 11 13 18 14 12 36 31 32 61 37 30 39 38 34 33 35 71 56 46 26 15 04 01 00 64 02 03 06 08 07 09 05 
11 12 62 18 17 10 19 15 13 14 72 67 76 70 66 69 68 73 71 75 55 52 54 60 59 58 53 51 56 50 21 24 23 63 27 22 25 29 26 28 38 39 30 33 61 37 32 34 31 35 07 03 00 02 64 06 01 04 08 05 09 20 74 57 16 36 41 42 48 44 46 43 65 40 45 49 47 
10 62 17 16 11 13 14 12 19 18 76 69 66 74 67 75 70 68 72 73 59 53 60 58 57 52 50 55 54 51 22 29 63 27 21 24 28 25 23 20 36 31 32 61 37 30 39 38 34 33 09 08 01 64 06 00 03 07 04 02 05 26 71 56 15 35 45 43 42 65 44 40 48 41 49 47 46 
14 10 13 62 19 18 15 11 16 12 69 68 75 76 73 70 72 71 67 74 54 55 53 50 60 51 59 56 52 57 25 20 22 24 29 28 23 26 21 63 61 36 34 32 39 31 38 33 35 30 64 09 04 01 03 08 07 02 05 00 06 27 66 58 17 37 46 45 41 43 42 49 40 47 44 65 48 
17 15 12 14 62 11 13 16 10 19 71 66 72 68 76 67 73 75 74 69 51 58 56 54 55 60 52 50 57 53 27 22 26 23 63 21 29 24 20 25 34 32 37 35 33 61 30 31 39 36 04 01 06 05 02 64 00 08 03 09 07 28 70 59 18 38 40 48 65 46 47 42 44 43 41 45 49 
18 13 19 17 14 16 12 10 15 62 75 70 73 66 68 74 76 72 69 71 60 59 50 51 58 55 57 54 53 56 28 26 24 29 25 20 63 23 22 27 37 35 38 39 31 34 36 61 33 32 06 05 07 03 08 04 09 64 02 01 00 21 67 52 11 30 44 49 45 40 43 47 41 46 65 48 42 
16 19 14 11 18 15 62 13 12 17 73 74 68 67 70 71 66 76 75 72 58 57 51 55 52 59 56 60 50 54 20 23 29 25 28 26 27 63 24 21 30 33 36 31 34 38 35 37 61 39 00 02 09 08 04 07 05 06 64 03 01 22 69 53 10 32 65 47 49 41 40 46 45 44 48 42 43 
13 17 11 15 10 19 18 62 14 16 66 75 67 71 69 73 74 70 76 68 57 50 58 52 56 53 51 59 60 55 24 25 27 21 22 29 20 28 63 26 35 34 39 37 30 32 31 36 38 61 05 04 03 06 00 01 08 09 07 64 02 23 72 54 12 33 49 40 43 48 65 41 42 45 47 46 44 
15 14 18 10 16 12 17 19 62 11 68 71 70 69 74 72 67 66 73 76 52 56 55 59 53 57 54 58 51 60 26 63 25 28 20 23 21 27 29 22 32 61 35 34 38 36 33 30 37 31 01 64 05 04 07 09 02 00 06 08 03 24 75 50 13 39 48 46 47 45 41 44 49 65 42 43 40 
62 16 15 19 12 17 10 18 11 13 74 76 71 73 72 66 75 69 70 67 50 60 57 56 51 54 58 53 59 52 63 21 20 26 23 27 24 22 28 29 31 30 61 36 35 33 37 39 32 38 08 00 64 09 05 02 06 03 01 07 04 25 68 55 14 34 43 65 44 47 49 48 46 42 40 41 45 
12 18 16 13 15 62 11 14 17 10 70 72 74 75 71 76 69 67 68 66 53 54 59 57 50 56 60 52 55 58 23 27 28 20 26 63 22 21 25 24 39 37 33 38 36 35 61 32 30 34 03 06 02 07 09 05 64 01 00 04 08 29 73 51 19 31 42 44 46 49 45 65 47 48 43 40 41 
33 38 36 39 35 61 30 34 37 32 28 23 20 24 26 63 22 21 25 27 69 72 70 74 75 71 76 67 68 66 12 17 18 16 15 62 10 11 14 13 03 06 02 07 09 05 64 01 00 04 40 48 44 49 47 46 65 43 42 45 41 19 29 73 31 08 52 54 56 59 55 60 57 58 53 50 51 
32 61 37 36 30 39 34 33 31 38 63 22 27 20 21 24 28 25 23 29 70 69 76 66 74 67 75 68 72 73 10 19 62 17 11 13 18 14 12 16 09 08 01 64 06 00 03 07 04 02 47 41 43 65 48 42 40 49 45 44 46 15 26 71 35 05 55 53 52 60 54 50 58 51 59 57 56 
30 33 61 38 37 32 31 35 39 34 23 21 63 28 27 22 25 29 26 24 68 67 72 76 70 66 69 73 71 75 11 13 12 62 17 10 14 19 15 18 07 03 00 02 64 06 01 04 08 05 49 40 42 44 65 48 43 45 41 46 47 16 20 74 36 09 51 52 58 54 56 53 60 50 55 59 57 
34 32 39 61 31 38 35 30 36 33 22 25 24 63 29 28 23 26 21 20 72 68 69 75 76 73 70 71 67 74 14 16 10 13 19 18 12 15 11 62 64 09 04 01 03 08 07 02 05 00 65 47 45 43 40 41 49 44 46 42 48 17 27 66 37 06 56 55 51 53 52 59 50 57 54 60 58 
37 35 33 34 61 30 39 36 32 31 26 27 23 25 63 21 29 24 20 22 73 66 71 72 68 76 67 75 74 69 17 10 15 12 62 11 19 13 16 14 04 01 06 05 02 64 00 08 03 09 45 43 48 46 44 65 42 41 40 47 49 18 28 70 38 07 50 58 60 56 57 52 54 53 51 55 59 
38 39 31 37 34 36 33 32 35 61 24 28 29 27 25 20 63 23 22 26 76 70 75 73 66 68 74 72 69 71 18 15 13 19 14 16 62 12 10 17 06 05 07 03 08 04 09 64 02 01 48 46 49 40 41 45 47 65 44 43 42 11 21 67 30 00 54 59 55 50 53 57 51 56 60 58 52 
36 31 34 30 38 35 61 39 33 37 29 20 25 21 28 26 27 63 24 23 66 74 73 68 67 70 71 76 75 72 16 12 19 14 18 15 17 62 13 11 00 02 09 08 04 07 05 06 64 03 42 44 47 41 45 49 46 48 65 40 43 10 22 69 32 01 60 57 59 51 50 56 55 54 58 52 53 
39 37 30 35 32 31 38 61 34 36 27 24 21 26 22 29 20 28 63 25 74 75 66 67 71 69 73 70 76 68 13 14 17 11 10 19 16 18 62 15 05 04 03 06 00 01 08 09 07 64 46 45 40 48 42 43 41 47 49 65 44 12 23 72 33 02 59 50 53 58 60 51 52 55 57 56 54 
35 34 38 32 36 33 37 31 61 30 25 26 28 22 20 23 21 27 29 63 67 71 68 70 69 74 72 66 73 76 15 62 14 18 16 12 11 17 19 10 01 64 05 04 07 09 02 00 06 08 43 65 46 45 49 47 44 42 48 41 40 13 24 75 39 03 58 56 57 55 51 54 59 60 52 53 50 
61 36 35 31 33 37 32 38 30 39 20 63 26 29 23 27 24 22 28 21 75 76 74 71 73 72 66 69 70 67 62 11 16 15 12 17 13 10 18 19 08 00 64 09 05 02 06 03 01 07 41 42 65 47 46 44 48 40 43 49 45 14 25 68 34 04 53 60 54 57 59 58 56 52 50 51 55 
72 70 74 75 71 76 67 68 66 69 49 44 47 40 46 65 43 42 45 48 01 02 07 09 03 05 64 00 04 06 54 58 59 57 56 60 53 52 55 50 24 27 23 28 20 26 63 22 21 25 13 17 12 18 16 15 62 10 11 14 19 51 41 08 73 29 30 33 35 38 34 61 36 37 32 39 31 
69 76 66 74 67 75 68 72 73 70 65 43 48 47 42 40 49 45 44 41 07 01 64 06 09 00 03 04 02 08 53 51 60 58 52 50 59 55 54 57 20 29 22 63 27 21 24 28 25 23 16 19 10 62 17 11 13 18 14 12 15 56 46 05 71 26 34 32 30 61 33 39 37 31 38 36 35 
67 72 76 70 66 69 73 71 75 68 44 42 65 49 48 43 45 41 46 40 04 00 02 64 07 06 01 08 05 03 52 50 54 60 58 53 55 51 56 59 28 24 21 23 63 27 22 25 29 26 18 13 11 12 62 17 10 14 19 15 16 57 47 09 74 20 31 30 37 33 35 32 61 39 34 38 36 
68 69 75 76 73 70 71 67 74 72 43 45 40 65 41 49 44 46 42 47 02 04 01 03 64 08 07 05 00 09 55 57 53 50 51 59 54 56 52 60 63 20 25 22 24 29 28 23 26 21 62 16 14 10 13 19 18 12 15 11 17 58 48 06 66 27 35 34 31 32 30 38 39 36 33 61 37 
66 71 72 68 76 67 75 74 69 73 46 48 44 45 65 42 41 40 47 43 08 06 05 02 04 64 00 03 09 01 58 53 56 54 60 52 51 50 57 55 25 22 27 26 23 63 21 29 24 20 14 10 17 15 12 62 11 19 13 16 18 59 49 07 70 28 39 37 61 35 36 30 33 32 31 34 38 
70 75 73 66 68 74 72 69 71 76 40 49 41 48 45 47 65 44 43 46 64 07 03 08 06 04 09 02 01 05 59 56 50 51 55 57 60 54 53 58 27 26 28 24 29 25 20 63 23 22 17 15 18 13 19 14 16 62 12 10 11 52 42 00 67 21 33 38 34 39 32 36 31 35 61 37 30 
74 73 68 67 70 71 76 75 72 66 41 47 45 42 49 46 48 65 40 44 06 09 08 04 00 07 05 64 03 02 57 54 51 55 59 56 58 60 50 52 21 23 20 29 25 28 26 27 63 24 11 12 16 19 14 18 15 17 62 13 10 53 43 01 69 22 61 36 38 31 39 35 34 33 37 30 32 
75 66 67 71 69 73 70 76 68 74 48 40 42 46 43 41 47 49 65 45 09 03 06 00 05 01 08 07 64 04 50 55 58 52 53 51 57 59 60 56 26 25 24 27 21 22 29 20 28 63 15 14 13 17 11 10 19 16 18 62 12 54 44 02 72 23 38 39 32 37 61 31 30 34 36 35 33 
71 68 70 69 74 72 66 73 76 67 45 46 49 43 47 44 42 48 41 65 00 05 04 07 01 09 02 06 08 64 56 60 55 59 57 54 52 58 51 53 22 63 26 25 28 20 23 21 27 29 10 62 15 14 18 16 12 11 17 19 13 50 40 03 75 24 37 35 36 34 31 33 38 61 30 32 39 
76 74 71 73 72 66 69 70 67 75 47 65 46 41 44 48 40 43 49 42 03 64 09 05 08 02 06 01 07 00 60 52 57 56 54 58 50 53 59 51 29 21 63 20 26 23 27 24 22 28 19 11 62 16 15 12 17 13 10 18 14 55 45 04 68 25 32 61 33 36 38 37 35 30 39 31 34 
73 67 69 72 75 68 74 66 70 71 42 41 43 44 40 45 46 47 48 49 05 08 00 01 02 03 04 09 06 07 51 59 52 53 50 55 56 57 58 54 23 28 29 21 22 24 25 26 20 27 12 18 19 11 10 13 14 15 16 17 62 60 65 64 76 63 36 31 39 30 37 34 32 38 35 33 61 
19 11 10 12 13 14 16 17 18 15 67 73 69 72 75 68 71 74 66 70 56 51 52 53 54 50 55 57 58 59 29 28 21 22 24 25 26 20 27 23 33 38 31 30 32 39 34 35 36 37 02 07 08 00 01 03 04 05 09 06 64 63 76 60 62 61 47 41 40 42 48 45 43 49 46 44 65 
41 42 43 44 40 45 47 48 49 46 30 31 32 33 39 34 35 36 37 38 15 19 11 10 12 13 14 16 17 18 08 07 00 01 03 04 05 09 06 02 54 59 51 52 53 50 55 56 57 58 72 70 73 67 69 75 68 71 74 66 76 64 61 62 65 60 20 29 24 21 27 25 22 28 26 23 63 
29 21 22 23 24 25 20 27 28 26 52 51 53 54 50 55 56 57 58 59 46 41 42 43 44 40 45 47 48 49 73 70 67 69 75 68 71 74 66 72 12 18 19 11 10 13 14 15 16 17 33 38 31 30 32 39 34 35 36 37 61 76 60 65 63 62 09 08 03 00 06 04 01 07 05 02 64 
51 52 53 54 50 55 57 58 59 56 00 08 01 02 03 04 05 09 06 07 35 31 30 32 33 39 34 36 37 38 41 49 42 43 40 45 46 47 48 44 72 70 73 67 69 75 68 71 74 66 23 28 29 21 22 24 25 26 20 27 63 65 64 61 60 76 16 19 13 11 17 14 10 18 15 12 62 
31 30 32 33 39 34 36 37 38 35 21 29 22 23 24 25 26 20 27 28 71 73 67 69 72 75 68 74 66 70 19 18 11 10 13 14 15 16 17 12 02 07 08 00 01 03 04 05 09 06 44 49 41 42 43 40 45 46 47 48 65 62 63 76 61 64 57 51 50 52 58 55 53 59 56 54 60 
05 04 07 01 09 02 06 08 64 00 14 15 18 10 16 12 11 17 19 62 21 26 25 28 22 20 23 27 29 63 35 61 34 38 36 33 30 37 31 32 43 65 46 45 49 47 44 42 48 41 53 60 56 55 59 57 54 52 58 51 50 39 13 24 03 40 66 69 76 73 67 68 74 71 75 70 72 
00 02 64 07 06 01 08 05 03 04 12 11 62 18 17 10 14 19 15 13 25 21 23 63 28 27 22 29 26 24 30 39 33 61 37 32 34 31 35 38 49 40 42 44 65 48 43 45 41 46 59 50 52 54 60 58 53 55 51 56 57 36 16 20 09 47 76 67 72 75 66 73 70 74 69 68 71 
07 03 08 06 04 09 02 01 05 64 13 18 19 17 14 16 62 12 10 15 63 28 24 29 27 25 20 23 22 26 38 35 39 31 34 36 61 33 32 37 48 46 49 40 41 45 47 65 44 43 58 56 59 50 51 55 57 60 54 53 52 30 11 21 00 42 70 71 68 76 74 66 69 75 72 67 73 
04 01 03 64 08 07 05 00 09 02 10 14 13 62 19 18 12 15 11 16 23 25 22 24 63 29 28 26 21 20 34 36 32 39 31 38 33 35 30 61 65 47 45 43 40 41 49 44 46 42 60 57 55 53 50 51 59 54 56 52 58 37 17 27 06 48 72 66 71 69 76 75 68 70 67 73 74 
64 09 05 08 02 06 01 07 00 03 16 62 15 19 12 17 13 10 18 11 24 63 20 26 29 23 27 22 28 21 61 30 36 35 33 37 39 32 38 31 41 42 65 47 46 44 48 40 43 49 51 52 60 57 56 54 58 50 53 59 55 34 14 25 04 45 68 74 73 72 70 76 67 69 71 66 75 
09 08 04 00 07 05 64 03 02 06 19 16 14 11 18 15 17 62 13 12 27 20 29 25 21 28 26 63 24 23 36 33 31 34 38 35 37 61 39 30 42 44 47 41 45 49 46 48 65 40 52 54 57 51 55 59 56 58 60 50 53 32 10 22 01 43 75 68 69 74 73 71 76 66 70 72 67 
06 05 02 04 64 00 03 09 01 08 15 17 12 14 62 11 19 13 16 10 29 27 26 23 25 63 21 24 20 22 37 32 35 33 61 30 31 39 36 34 45 43 48 46 44 65 42 41 40 47 55 53 58 56 54 60 52 51 50 57 59 38 18 28 07 49 69 73 67 70 75 74 72 76 68 71 66 
01 64 06 09 00 03 04 02 08 07 62 10 17 16 11 13 18 14 12 19 28 22 63 27 20 21 24 25 23 29 32 31 61 37 30 39 38 34 33 36 47 41 43 65 48 42 40 49 45 44 57 51 53 60 58 52 50 59 55 54 56 35 15 26 05 46 74 72 70 66 71 67 75 73 76 69 68 
03 06 00 05 01 08 07 64 04 09 17 13 11 15 10 19 16 18 62 14 20 24 27 21 26 22 29 28 63 25 39 34 37 30 32 31 36 38 61 35 46 45 40 48 42 43 41 47 49 65 56 55 50 58 52 53 51 57 59 60 54 33 12 23 02 44 73 70 75 71 68 72 66 67 74 76 69 
02 07 09 03 05 64 00 04 06 01 18 12 16 13 15 62 10 11 14 17 22 23 28 20 24 26 63 21 25 27 33 37 38 36 35 61 32 30 34 39 40 48 44 49 47 46 65 43 42 45 50 58 54 59 57 56 60 53 52 55 51 31 19 29 08 41 71 76 74 67 72 69 73 68 66 75 70 
08 00 01 02 03 04 09 06 07 05 11 19 10 12 13 14 15 16 17 18 26 29 21 22 23 24 25 20 27 28 31 38 30 32 39 34 35 36 37 33 44 49 41 42 43 40 45 46 47 48 54 59 51 52 53 50 55 56 57 58 60 61 62 63 64 65 67 75 66 68 69 70 71 72 73 74 76 
