51 53 60 59 58 52 50 56 54 55 02 00 64 07 06 01 04 08 05 03 34 30 32 61 38 37 39 31 35 33 40 44 65 49 48 42 45 41 46 43 67 73 74 76 68 69 75 72 66 71 24 21 23 63 28 27 22 25 29 26 20 47 09 36 57 70 13 11 15 19 14 10 17 18 62 12 16 
55 52 54 60 50 59 56 51 57 53 01 04 03 64 08 07 02 05 00 09 32 34 39 33 61 31 38 35 30 36 45 47 44 65 41 49 43 46 40 42 72 70 75 73 76 66 68 74 71 67 20 25 22 24 63 29 28 23 26 21 27 48 06 37 58 69 16 14 11 15 12 18 19 62 13 10 17 
58 56 53 55 60 51 54 57 52 50 05 06 02 04 64 00 08 03 09 01 31 37 35 32 34 61 30 33 36 39 48 42 43 45 65 40 41 44 47 46 69 75 71 74 72 76 67 66 73 70 22 27 26 23 25 63 21 29 24 20 28 49 07 38 59 68 10 17 16 13 19 11 62 14 12 15 18 
53 59 57 54 56 60 51 55 58 52 07 02 09 03 05 64 01 00 04 06 39 32 38 36 33 35 61 30 34 37 43 48 47 44 46 65 42 40 45 49 74 69 68 70 73 71 76 75 67 72 27 23 28 20 24 26 63 22 21 25 29 41 08 31 50 66 17 12 14 11 10 62 15 13 16 18 19 
59 54 50 58 55 57 53 52 56 60 03 07 08 06 04 09 64 02 01 05 61 38 33 31 37 34 36 32 39 35 49 46 41 48 45 47 65 43 42 44 68 71 73 66 69 72 70 76 74 75 26 28 24 29 27 25 20 63 23 22 21 40 00 30 51 67 15 18 10 12 62 16 14 17 19 13 11 
57 50 55 51 59 56 60 54 53 58 08 09 04 00 07 05 06 64 03 02 37 36 31 34 30 38 35 61 33 32 47 43 45 40 49 46 48 65 44 41 70 74 66 72 67 68 71 69 76 73 23 20 29 25 21 28 26 27 63 24 22 42 01 39 52 75 12 16 13 62 17 15 18 11 14 19 10 
56 55 59 52 57 53 58 50 60 51 04 05 07 01 09 02 00 06 08 64 30 35 34 38 39 36 32 37 31 61 46 65 49 42 47 43 40 48 41 45 71 76 72 68 75 70 74 67 69 66 63 26 25 28 22 20 23 21 27 29 24 44 03 33 54 73 62 15 19 17 11 12 16 10 18 14 13 
60 57 56 50 53 58 52 59 51 54 09 64 05 08 02 06 03 01 07 00 33 61 36 35 31 32 37 39 38 30 65 40 46 41 43 48 44 42 49 47 76 67 70 71 66 74 69 73 75 68 21 63 20 26 29 23 27 24 22 28 25 45 04 34 55 72 11 62 18 10 13 17 12 19 15 16 14 
52 60 58 57 51 54 55 53 50 59 64 01 06 09 00 03 07 04 02 08 38 39 61 37 36 30 33 34 32 31 42 41 48 47 40 44 49 45 43 65 75 66 76 69 70 67 73 68 72 74 29 22 63 27 20 21 24 28 25 23 26 46 05 35 56 71 19 10 12 14 18 13 11 16 17 62 15 
54 58 51 56 52 50 59 60 55 57 06 03 00 05 01 08 09 07 64 04 36 33 37 30 35 39 31 38 61 34 44 45 40 46 42 41 47 49 65 48 73 72 69 67 71 75 66 70 68 76 25 24 27 21 26 22 29 20 28 63 23 43 02 32 53 74 14 13 62 18 16 19 10 15 11 17 12 
45 42 44 65 41 49 46 40 47 43 39 34 33 61 31 38 32 35 30 36 12 14 10 13 62 19 18 15 11 16 04 09 03 64 08 07 02 05 00 01 55 57 52 54 60 50 59 53 56 51 70 72 75 73 76 66 68 74 71 67 69 06 37 17 48 58 20 25 21 26 23 28 29 63 24 22 27 
40 43 65 49 48 42 41 46 44 45 32 30 61 38 37 39 34 31 35 33 14 11 12 62 18 17 10 19 15 13 00 03 64 07 06 01 04 08 05 02 51 54 53 60 59 58 52 55 50 56 73 67 74 76 68 69 75 72 66 71 70 09 36 16 47 57 24 21 26 29 25 22 27 28 63 23 20 
48 46 43 45 65 40 44 47 42 41 35 37 32 34 61 30 31 33 36 39 19 17 15 12 14 62 11 13 16 10 06 01 02 04 64 00 08 03 09 05 58 52 56 53 55 60 51 50 54 57 75 69 71 74 72 76 67 66 73 70 68 07 38 18 49 59 22 27 20 24 29 21 63 25 23 26 28 
43 49 47 44 46 65 40 45 48 42 38 32 36 33 35 61 39 30 34 37 10 12 18 16 13 15 62 11 14 17 02 06 09 03 05 64 01 00 04 07 53 58 59 57 54 56 60 52 51 55 69 74 68 70 73 71 76 75 67 72 66 08 31 19 41 50 27 23 25 21 22 63 26 24 20 28 29 
49 44 41 48 45 47 43 42 46 65 33 38 31 37 34 36 61 32 39 35 62 18 13 19 17 14 16 12 10 15 07 05 08 06 04 09 64 02 01 03 59 56 54 50 58 55 57 60 53 52 71 68 73 66 69 72 70 76 74 75 67 00 30 11 40 51 26 28 22 23 63 20 25 27 29 24 21 
47 41 45 40 49 46 65 44 43 48 31 36 34 30 38 35 37 61 33 32 17 16 19 14 11 18 15 62 13 12 09 02 04 00 07 05 06 64 03 08 57 53 50 55 51 59 56 58 60 54 74 70 66 72 67 68 71 69 76 73 75 01 39 10 42 52 23 20 24 63 27 26 28 21 25 29 22 
44 48 40 46 42 41 49 65 45 47 37 33 30 35 39 31 36 38 61 34 16 13 17 11 15 10 19 18 62 14 03 04 00 05 01 08 09 07 64 06 54 55 58 51 56 52 50 57 59 60 72 73 69 67 71 75 66 70 68 76 74 02 32 12 43 53 25 24 63 28 20 29 22 26 21 27 23 
46 45 49 42 47 43 48 41 65 40 34 35 38 39 36 32 30 37 31 61 11 15 14 18 10 16 12 17 19 62 05 64 07 01 09 02 00 06 08 04 56 60 55 59 52 57 53 51 58 50 76 71 72 68 75 70 74 67 69 66 73 03 33 13 44 54 63 26 29 27 21 23 20 22 28 25 24 
65 47 46 41 43 48 42 49 40 44 36 61 35 31 32 37 33 39 38 30 13 62 16 15 19 12 17 10 18 11 64 00 05 08 02 06 03 01 07 09 60 51 57 56 50 53 58 54 52 59 67 76 70 71 66 74 69 73 75 68 72 04 34 14 45 55 21 63 28 22 24 27 23 29 26 20 25 
42 65 48 47 40 44 45 43 41 49 61 39 37 36 30 33 38 34 32 31 18 10 62 17 16 11 13 14 12 19 01 08 06 09 00 03 07 04 02 64 52 50 60 58 57 51 54 59 55 53 66 75 76 69 70 67 73 68 72 74 71 05 35 15 46 56 29 22 23 25 28 24 21 20 27 63 26 
24 27 21 26 22 29 28 63 25 20 58 54 51 56 52 50 57 59 60 55 47 44 48 40 46 42 41 49 65 45 73 72 67 71 75 66 70 68 76 69 13 14 17 11 15 10 19 16 18 62 34 33 37 30 35 39 31 36 38 61 32 74 53 43 23 12 04 03 64 07 09 08 01 05 00 06 02 
21 23 63 28 27 22 29 26 24 25 53 51 60 59 58 52 55 50 56 54 45 40 43 65 49 48 42 41 46 44 67 73 76 68 69 75 72 66 71 74 11 13 12 62 18 17 10 14 19 15 33 30 32 61 38 37 39 34 31 35 36 70 57 47 20 16 03 00 05 08 04 01 06 07 64 02 09 
25 22 24 63 29 28 26 21 20 23 52 55 54 60 50 59 53 56 51 57 43 45 42 44 65 41 49 46 40 47 72 70 73 76 66 68 74 71 67 75 14 16 10 13 62 19 18 12 15 11 36 34 39 33 61 31 38 32 35 30 37 69 58 48 27 17 09 04 00 05 02 07 08 64 03 01 06 
27 26 23 25 63 21 24 20 22 29 56 58 53 55 60 51 50 54 57 52 41 48 46 43 45 65 40 44 47 42 69 75 74 72 76 67 66 73 70 71 17 10 15 12 14 62 11 19 13 16 39 37 35 32 34 61 30 31 33 36 38 68 59 49 28 18 01 06 09 03 08 00 64 04 02 05 07 
23 28 20 24 26 63 21 25 27 22 59 53 57 54 56 60 52 51 55 58 42 43 49 47 44 46 65 40 45 48 74 69 70 73 71 76 75 67 72 68 12 17 18 16 13 15 62 10 11 14 37 32 38 36 33 35 61 39 30 34 31 66 50 41 29 19 06 02 04 00 01 64 05 03 09 07 08 
28 24 29 27 25 20 23 22 26 63 54 59 50 58 55 57 60 53 52 56 65 49 44 41 48 45 47 43 42 46 68 71 66 69 72 70 76 74 75 73 18 15 13 19 17 14 16 62 12 10 35 38 33 31 37 34 36 61 32 39 30 67 51 40 21 11 05 07 01 02 64 09 04 06 08 03 00 
20 29 25 21 28 26 63 24 23 27 50 57 55 51 59 56 58 60 54 53 48 47 41 45 40 49 46 65 44 43 70 74 72 67 68 71 69 76 73 66 16 12 19 14 11 18 15 17 62 13 32 36 31 34 30 38 35 37 61 33 39 75 52 42 22 10 02 09 03 64 06 05 07 00 04 08 01 
26 25 28 22 20 23 27 29 63 21 55 56 59 52 57 53 51 58 50 60 40 46 45 49 42 47 43 48 41 65 71 76 68 75 70 74 67 69 66 72 15 62 14 18 10 16 12 11 17 19 61 35 34 38 39 36 32 30 37 31 33 73 54 44 24 13 64 05 08 06 00 02 09 01 07 04 03 
63 20 26 29 23 27 22 28 21 24 57 60 56 50 53 58 54 52 59 51 44 65 47 46 41 43 48 42 49 40 76 67 71 66 74 69 73 75 68 70 62 11 16 15 19 12 17 13 10 18 30 61 36 35 31 32 37 33 39 38 34 72 55 45 25 14 00 64 07 01 03 06 02 08 05 09 04 
22 63 27 20 21 24 25 23 29 28 60 52 58 57 51 54 59 55 53 50 49 42 65 48 47 40 44 45 43 41 75 66 69 70 67 73 68 72 74 76 10 19 62 17 16 11 13 18 14 12 31 39 61 37 36 30 33 38 34 32 35 71 56 46 26 15 08 01 02 04 07 03 00 09 06 64 05 
11 12 62 18 17 10 19 15 13 14 74 67 76 68 69 75 72 66 71 73 55 51 53 60 59 58 52 50 56 54 21 24 63 28 27 22 25 29 26 23 30 33 32 61 38 37 39 34 31 35 03 00 02 64 07 06 01 04 08 05 09 20 70 57 16 36 44 40 46 41 45 42 48 49 65 43 47 
10 62 17 16 11 13 14 12 19 18 76 75 69 70 67 73 68 72 74 66 59 52 60 58 57 51 54 55 53 50 22 29 27 20 21 24 28 25 23 63 39 31 61 37 36 30 33 38 34 32 08 01 64 06 09 00 03 07 04 02 05 26 71 56 15 35 41 42 43 45 49 44 40 47 48 65 46 
17 15 12 14 62 11 13 16 10 19 71 69 74 72 76 67 66 73 70 75 50 58 56 53 55 60 51 54 57 52 27 22 23 25 63 21 29 24 20 26 37 39 35 32 34 61 30 31 33 36 01 06 05 02 04 64 00 08 03 09 07 28 68 59 18 38 42 48 47 44 41 40 65 45 43 46 49 
12 18 16 13 15 62 11 14 17 10 68 74 70 73 71 76 75 67 72 69 52 53 59 57 54 56 60 51 55 58 23 27 20 24 26 63 22 21 25 28 32 37 38 36 33 35 61 39 30 34 06 02 07 09 03 05 64 01 00 04 08 29 66 50 19 31 48 43 45 40 42 65 46 44 47 49 41 
18 13 19 17 14 16 12 10 15 62 73 68 66 69 72 70 76 74 75 71 60 59 54 50 58 55 57 53 52 56 28 26 29 27 25 20 63 23 22 24 38 35 33 31 37 34 36 61 32 39 05 07 03 08 06 04 09 64 02 01 00 21 67 51 11 30 46 49 42 43 65 47 45 48 41 44 40 
16 19 14 11 18 15 62 13 12 17 66 70 72 67 68 71 69 76 73 74 58 57 50 55 51 59 56 60 54 53 20 23 25 21 28 26 27 63 24 29 36 32 31 34 30 38 35 37 61 33 02 09 08 04 00 07 05 06 64 03 01 22 75 52 10 39 43 47 44 65 48 46 49 40 45 41 42 
13 17 11 15 10 19 18 62 14 16 69 73 67 71 75 66 70 68 76 72 57 54 58 51 56 52 50 59 60 55 24 25 21 26 22 29 20 28 63 27 33 34 37 30 35 39 31 36 38 61 04 03 06 00 05 01 08 09 07 64 02 23 74 53 12 32 45 44 65 49 47 41 42 46 40 48 43 
15 14 18 10 16 12 17 19 62 11 72 71 68 75 70 74 67 69 66 76 51 56 55 59 52 57 53 58 50 60 26 63 28 22 20 23 21 27 29 25 35 61 34 38 39 36 32 30 37 31 64 05 04 07 01 09 02 00 06 08 03 24 73 54 13 33 65 46 41 48 40 43 47 42 49 45 44 
62 16 15 19 12 17 10 18 11 13 70 76 71 66 74 69 73 75 68 67 54 60 57 56 50 53 58 52 59 51 63 21 26 29 23 27 24 22 28 20 61 30 36 35 31 32 37 33 39 38 00 64 09 05 08 02 06 03 01 07 04 25 72 55 14 34 40 65 49 42 44 48 43 41 46 47 45 
14 10 13 62 19 18 15 11 16 12 75 72 73 76 66 68 74 71 67 70 53 55 52 54 60 50 59 56 51 57 25 20 24 63 29 28 23 26 21 22 34 36 39 33 61 31 38 32 35 30 09 04 01 03 64 08 07 02 05 00 06 27 69 58 17 37 47 45 40 46 43 49 41 65 44 42 48 
30 32 61 38 37 39 31 35 33 34 23 21 63 28 27 22 25 29 26 24 72 67 74 76 68 69 75 66 71 73 11 13 62 18 17 10 14 19 15 12 00 03 02 64 07 06 01 04 08 05 44 40 43 65 49 48 42 45 41 46 47 16 20 70 36 09 54 51 56 50 55 52 58 59 60 53 57 
39 61 37 36 30 33 34 32 31 38 63 22 27 20 21 24 28 25 23 29 68 75 76 69 70 67 73 72 74 66 10 19 17 16 11 13 18 14 12 62 01 08 64 06 09 00 03 07 04 02 41 42 65 48 47 40 44 49 45 43 46 15 26 71 35 05 50 52 53 55 59 54 51 57 58 60 56 
34 39 33 61 31 38 35 30 36 32 22 25 24 63 29 28 23 26 21 20 74 72 75 73 76 66 68 71 67 70 14 16 13 62 19 18 12 15 11 10 04 09 01 03 64 08 07 02 05 00 47 45 42 44 65 41 49 43 46 40 48 17 27 69 37 06 57 55 51 56 53 59 50 60 54 52 58 
37 35 32 34 61 30 33 36 39 31 26 27 23 25 63 21 29 24 20 22 66 69 71 74 72 76 67 73 70 75 17 10 12 14 62 11 19 13 16 15 06 01 05 02 04 64 00 08 03 09 42 48 46 43 45 65 40 41 44 47 49 18 28 68 38 07 52 58 57 54 50 51 60 55 53 56 59 
32 38 36 33 35 61 30 34 37 39 28 23 20 24 26 63 22 21 25 27 75 74 68 70 73 71 76 67 72 69 12 17 16 13 15 62 10 11 14 18 02 06 07 09 03 05 64 01 00 04 48 43 49 47 44 46 65 42 40 45 41 19 29 66 31 08 58 53 55 51 52 60 56 54 57 59 50 
38 33 31 37 34 36 32 39 35 61 24 28 29 27 25 20 63 23 22 26 76 68 73 66 69 72 70 74 75 71 18 15 19 17 14 16 62 12 10 13 07 05 03 08 06 04 09 64 02 01 46 49 44 41 48 45 47 65 43 42 40 11 21 67 30 00 56 59 52 53 60 57 55 58 50 54 51 
36 31 34 30 38 35 61 33 32 37 29 20 25 21 28 26 27 63 24 23 69 70 66 72 67 68 71 76 73 74 16 12 14 11 18 15 17 62 13 19 09 02 08 04 00 07 05 06 64 03 43 47 41 45 40 49 46 48 65 44 42 10 22 75 39 01 53 57 54 60 58 56 59 51 55 50 52 
33 37 30 35 39 31 38 61 34 36 27 24 21 26 22 29 20 28 63 25 70 73 69 67 71 75 66 68 76 72 13 14 11 15 10 19 16 18 62 17 03 04 06 00 05 01 08 09 07 64 45 44 48 40 46 42 41 47 49 65 43 12 23 74 32 02 55 54 60 59 57 50 52 56 51 58 53 
35 34 38 39 36 32 37 31 61 30 25 26 28 22 20 23 21 27 29 63 67 71 72 68 75 70 74 69 66 76 15 62 18 10 16 12 11 17 19 14 05 64 04 07 01 09 02 00 06 08 65 46 45 49 42 47 43 40 48 41 44 13 24 73 33 03 60 56 50 58 51 53 57 52 59 55 54 
61 36 35 31 32 37 39 38 30 33 20 63 26 29 23 27 24 22 28 21 73 76 70 71 66 74 69 75 68 67 62 11 15 19 12 17 13 10 18 16 64 00 09 05 08 02 06 03 01 07 40 65 47 46 41 43 48 44 42 49 45 14 25 72 34 04 51 60 59 52 54 58 53 50 56 57 55 
75 76 69 70 67 73 72 74 66 68 65 42 48 47 40 44 49 45 43 41 07 01 64 06 09 00 03 04 02 08 52 50 58 57 51 54 59 55 53 60 22 29 63 27 20 21 24 28 25 23 19 10 62 17 16 11 13 18 14 12 15 56 46 05 71 26 31 39 32 34 38 33 30 36 37 61 35 
67 74 76 68 69 75 66 71 73 72 43 40 65 49 48 42 45 41 46 44 04 00 02 64 07 06 01 08 05 03 51 54 60 59 58 52 55 50 56 53 21 24 23 63 28 27 22 25 29 26 13 11 12 62 18 17 10 14 19 15 16 57 47 09 70 20 33 30 35 31 34 39 37 38 61 32 36 
72 75 73 76 66 68 71 67 70 74 42 45 44 65 41 49 43 46 40 47 02 04 01 03 64 08 07 05 00 09 55 57 54 60 50 59 53 56 51 52 25 20 22 24 63 29 28 23 26 21 16 14 10 13 62 19 18 12 15 11 17 58 48 06 69 27 36 34 30 35 32 38 31 61 33 39 37 
69 71 74 72 76 67 73 70 75 66 46 48 43 45 65 40 41 44 47 42 08 06 05 02 04 64 00 03 09 01 58 52 53 55 60 51 50 54 57 56 27 22 26 23 25 63 21 29 24 20 10 17 15 12 14 62 11 19 13 16 18 59 49 07 68 28 39 37 36 33 31 30 61 34 32 35 38 
74 68 70 73 71 76 67 72 69 75 49 43 47 44 46 65 42 40 45 48 01 02 07 09 03 05 64 00 04 06 53 58 57 54 56 60 52 51 55 59 23 27 28 20 24 26 63 22 21 25 17 12 18 16 13 15 62 10 11 14 19 50 41 08 66 29 37 32 34 30 39 61 35 33 36 38 31 
68 73 66 69 72 70 74 75 71 76 44 49 41 48 45 47 65 43 42 46 64 07 03 08 06 04 09 02 01 05 59 56 50 58 55 57 60 53 52 54 28 26 24 29 27 25 20 63 23 22 15 18 13 19 17 14 16 62 12 10 11 51 40 00 67 21 35 38 39 32 61 36 34 37 31 33 30 
70 66 72 67 68 71 76 73 74 69 41 47 45 40 49 46 48 65 44 43 06 09 08 04 00 07 05 64 03 02 57 53 55 51 59 56 58 60 54 50 20 23 29 25 21 28 26 27 63 24 12 16 19 14 11 18 15 17 62 13 10 52 42 01 75 22 32 36 33 61 37 35 38 30 34 31 39 
73 69 67 71 75 66 68 76 72 70 48 44 40 46 42 41 47 49 65 45 09 03 06 00 05 01 08 07 64 04 54 55 51 56 52 50 57 59 60 58 24 25 27 21 26 22 29 20 28 63 14 13 17 11 15 10 19 16 18 62 12 53 43 02 74 23 34 33 61 38 36 31 39 35 30 37 32 
71 72 68 75 70 74 69 66 76 67 45 46 49 42 47 43 40 48 41 65 00 05 04 07 01 09 02 06 08 64 56 60 59 52 57 53 51 58 50 55 26 63 25 28 22 20 23 21 27 29 62 15 14 18 10 16 12 11 17 19 13 54 44 03 73 24 61 35 31 37 30 32 36 39 38 34 33 
76 70 71 66 74 69 75 68 67 73 47 65 46 41 43 48 44 42 49 40 03 64 09 05 08 02 06 01 07 00 60 51 56 50 53 58 54 52 59 57 63 21 20 26 29 23 27 24 22 28 11 62 16 15 19 12 17 13 10 18 14 55 45 04 72 25 30 61 38 39 33 37 32 31 35 36 34 
66 67 75 74 73 72 70 69 68 71 40 41 42 43 44 45 46 47 48 49 05 08 00 01 02 03 04 09 06 07 50 59 52 53 54 55 56 57 58 51 29 28 21 22 23 24 25 26 20 27 18 19 11 10 12 13 14 15 16 17 62 60 65 64 76 63 38 31 37 36 35 34 33 32 39 30 61 
19 11 10 12 13 14 16 17 18 15 67 66 75 74 73 72 71 70 69 68 56 50 51 52 53 54 55 57 58 59 29 28 22 23 24 25 26 20 27 21 31 38 30 39 32 33 34 35 36 37 07 08 00 01 02 03 04 05 09 06 64 63 76 60 62 61 49 41 48 47 46 45 44 43 42 40 65 
41 40 42 43 44 45 47 48 49 46 30 31 39 32 33 34 35 36 37 38 15 19 11 10 12 13 14 16 17 18 08 07 01 02 03 04 05 09 06 00 50 59 51 52 53 54 55 56 57 58 68 66 67 75 74 73 72 71 70 69 76 64 61 62 65 60 28 29 27 20 26 25 24 23 22 21 63 
29 21 22 23 24 25 20 27 28 26 51 50 52 53 54 55 56 57 58 59 46 41 40 42 43 44 45 47 48 49 66 68 75 74 73 72 71 70 69 67 19 18 11 10 12 13 14 15 16 17 38 31 30 39 32 33 34 35 36 37 61 76 60 65 63 62 07 08 06 09 05 04 03 02 01 00 64 
50 51 52 53 54 55 57 58 59 56 00 08 01 02 03 04 05 09 06 07 35 31 30 39 32 33 34 36 37 38 41 49 42 43 44 45 46 47 48 40 66 68 67 75 74 73 72 71 70 69 28 29 21 22 23 24 25 26 20 27 63 65 64 61 60 76 18 19 17 16 15 14 13 12 10 11 62 
31 30 39 32 33 34 36 37 38 35 21 29 22 23 24 25 26 20 27 28 71 66 67 75 74 73 72 70 69 68 19 18 10 12 13 14 15 16 17 11 08 07 00 01 02 03 04 05 09 06 49 41 40 42 43 44 45 46 47 48 65 62 63 76 61 64 59 50 58 57 56 55 54 53 52 51 60 
01 64 06 09 00 03 04 02 08 07 62 10 17 16 11 13 18 14 12 19 28 22 63 27 20 21 24 25 23 29 39 31 37 36 30 33 38 34 32 61 42 41 65 48 47 40 44 49 45 43 50 52 60 58 57 51 54 59 55 53 56 35 15 26 05 46 66 72 70 74 73 76 69 71 68 67 75 
00 02 64 07 06 01 08 05 03 04 12 11 62 18 17 10 14 19 15 13 25 21 23 63 28 27 22 29 26 24 30 33 61 38 37 39 34 31 35 32 40 44 43 65 49 48 42 45 41 46 54 51 53 60 59 58 52 55 50 56 57 36 16 20 09 47 69 67 73 72 76 68 70 66 75 71 74 
64 09 05 08 02 06 01 07 00 03 16 62 15 19 12 17 13 10 18 11 24 63 20 26 29 23 27 22 28 21 61 30 35 31 32 37 33 39 38 36 65 40 47 46 41 43 48 44 42 49 51 60 57 56 50 53 58 54 52 59 55 34 14 25 04 45 73 66 68 71 75 74 76 70 72 69 67 
05 04 07 01 09 02 06 08 64 00 14 15 18 10 16 12 11 17 19 62 21 26 25 28 22 20 23 27 29 63 35 61 38 39 36 32 30 37 31 34 46 65 45 49 42 47 43 40 48 41 60 56 55 59 52 57 53 51 58 50 54 33 13 24 03 44 68 70 74 69 72 67 75 76 71 73 66 
03 06 00 05 01 08 07 64 04 09 17 13 11 15 10 19 16 18 62 14 20 24 27 21 26 22 29 28 63 25 33 34 30 35 39 31 36 38 61 37 44 45 48 40 46 42 41 47 49 65 55 54 58 51 56 52 50 57 59 60 53 32 12 23 02 43 71 74 69 75 70 73 66 67 76 72 68 
09 08 04 00 07 05 64 03 02 06 19 16 14 11 18 15 17 62 13 12 27 20 29 25 21 28 26 63 24 23 36 32 34 30 38 35 37 61 33 31 47 43 41 45 40 49 46 48 65 44 53 57 50 55 51 59 56 58 60 54 52 39 10 22 01 42 75 73 72 70 67 71 74 68 66 76 69 
07 03 08 06 04 09 02 01 05 64 13 18 19 17 14 16 62 12 10 15 63 28 24 29 27 25 20 23 22 26 38 35 31 37 34 36 61 32 39 33 49 46 44 41 48 45 47 65 43 42 56 59 54 50 58 55 57 60 53 52 51 30 11 21 00 40 74 76 67 73 71 66 72 75 69 68 70 
02 07 09 03 05 64 00 04 06 01 18 12 16 13 15 62 10 11 14 17 22 23 28 20 24 26 63 21 25 27 32 37 36 33 35 61 39 30 34 38 43 48 49 47 44 46 65 42 40 45 58 53 59 57 54 56 60 52 51 55 50 31 19 29 08 41 76 69 75 66 74 72 68 73 67 70 71 
06 05 02 04 64 00 03 09 01 08 15 17 12 14 62 11 19 13 16 10 29 27 26 23 25 63 21 24 20 22 37 39 32 34 61 30 31 33 36 35 48 42 46 43 45 65 40 41 44 47 52 58 56 53 55 60 51 50 54 57 59 38 18 28 07 49 70 71 76 67 68 75 73 69 74 66 72 
04 01 03 64 08 07 05 00 09 02 10 14 13 62 19 18 12 15 11 16 23 25 22 24 63 29 28 26 21 20 34 36 33 61 31 38 32 35 30 39 45 47 42 44 65 41 49 43 46 40 57 55 52 54 60 50 59 53 56 51 58 37 17 27 06 48 72 68 71 76 66 69 67 74 70 75 73 
08 00 01 02 03 04 09 06 07 05 11 19 10 12 13 14 15 16 17 18 26 29 21 22 23 24 25 20 27 28 31 38 39 32 33 34 35 36 37 30 41 49 40 42 43 44 45 46 47 48 59 50 51 52 53 54 55 56 57 58 60 61 62 63 64 65 67 75 66 68 69 70 71 72 73 74 76 
