19 54 00 55 24 74 09 16 01 64 25 59 71 28 50 67 31 18 76 34 12 66 03 62 68 04 51 29 20 57 07 61 10 37 17 40 58 13 46 52 60 32 11 22 26 23 06 43 14 63 70 48 56 69 36 21 73 39 53 75 42 15 72 45 05 49 47 30 41 08 44 33 65 27 38 35 02 
13 22 40 20 12 70 09 19 26 52 25 50 74 28 62 66 31 53 72 34 21 76 03 15 73 58 57 37 04 54 32 23 60 07 64 46 17 51 43 61 16 49 55 63 00 14 10 29 11 06 68 48 05 67 36 59 75 39 24 69 42 56 71 45 18 01 02 47 27 30 41 38 33 35 44 08 65 
18 56 20 02 07 10 67 50 17 65 70 26 60 73 29 51 68 32 19 76 00 13 69 01 63 35 05 52 30 21 58 08 62 11 38 64 41 59 14 47 53 61 33 12 23 27 24 04 44 15 06 72 49 57 71 37 22 75 40 54 66 43 16 74 46 55 36 39 31 48 42 09 45 34 25 28 03 
39 03 19 21 68 08 11 25 51 18 64 72 27 61 75 30 52 70 33 20 76 02 14 71 65 56 36 06 53 31 22 59 09 63 12 16 50 42 60 15 48 54 62 34 13 24 28 10 05 45 47 04 74 35 58 73 38 23 66 41 55 69 44 17 67 57 29 26 40 37 32 49 43 07 46 00 01 
33 02 72 19 09 04 07 08 76 06 29 34 58 32 03 61 00 25 64 01 28 52 26 31 55 22 65 74 10 27 70 13 30 67 16 75 51 35 71 54 38 66 57 41 73 60 44 69 63 47 20 37 42 23 40 45 11 43 48 14 46 36 17 49 39 68 21 56 62 12 53 18 59 24 50 15 05 
17 20 34 74 08 07 05 04 09 76 56 30 00 59 33 01 62 02 26 50 65 29 53 27 32 70 23 25 67 11 28 72 14 31 68 48 66 52 36 73 55 39 69 58 42 75 61 45 71 64 40 21 38 43 24 41 46 12 44 49 15 47 37 18 35 03 16 51 57 22 63 13 54 19 60 10 06 
70 67 18 00 06 09 08 76 05 07 33 57 31 02 60 34 65 63 03 27 51 25 30 54 28 01 72 24 26 68 12 29 74 15 32 50 49 69 53 37 75 56 40 71 59 43 66 62 46 73 36 41 22 39 44 10 42 47 13 45 35 16 48 38 19 21 11 61 52 17 58 23 64 14 55 20 04 
10 13 49 23 05 76 09 06 07 04 25 24 66 28 12 73 31 15 69 34 18 75 03 21 71 11 16 40 14 19 43 17 22 46 20 01 55 60 26 58 63 29 61 51 32 64 54 00 52 57 72 48 50 68 36 53 74 39 56 70 42 59 67 45 62 37 35 27 33 41 65 47 30 38 02 44 08 
21 24 11 35 07 06 76 05 04 08 73 26 10 69 29 13 75 32 16 71 00 19 66 01 22 38 12 17 41 15 20 44 18 23 47 58 65 56 61 27 59 64 30 62 52 33 50 55 02 53 63 74 49 51 70 37 54 67 40 57 72 43 60 68 46 14 45 03 28 36 34 42 25 48 31 39 09 
48 36 22 12 76 08 04 09 06 05 23 75 27 11 71 30 14 66 33 17 73 02 20 69 65 15 39 13 18 42 16 21 45 19 24 54 59 25 57 62 28 60 50 31 63 53 34 51 56 03 47 64 67 35 52 72 38 55 68 41 58 74 44 61 70 10 40 32 01 46 29 37 00 43 26 49 07 
74 69 18 40 13 39 65 66 05 32 27 10 45 44 57 09 41 19 28 47 06 36 33 60 25 26 76 24 00 70 12 37 71 15 49 50 01 75 53 07 73 56 46 72 59 29 67 62 43 68 34 30 16 31 08 51 03 38 63 48 02 54 42 35 22 21 61 17 58 20 55 64 04 52 23 14 11 
35 41 67 19 25 14 40 33 69 06 26 28 11 46 45 58 07 42 20 29 48 04 37 34 61 22 27 76 10 02 72 13 38 73 16 70 51 65 66 54 08 75 57 47 74 60 30 68 63 44 23 00 31 17 32 09 52 01 39 64 49 03 55 43 36 71 15 24 18 62 59 21 56 50 05 53 12 
17 20 36 68 41 26 15 04 34 71 62 27 29 12 47 46 59 08 43 21 30 49 05 38 00 73 23 28 76 11 03 74 14 39 75 45 72 52 25 69 55 09 66 58 48 67 61 31 70 64 37 24 02 32 18 33 07 53 65 40 50 35 01 56 44 42 54 06 10 16 19 63 60 22 57 51 13 
66 70 18 37 16 42 27 73 05 00 02 63 28 30 13 48 47 60 09 44 22 31 35 06 39 43 75 24 29 76 12 01 67 15 40 50 46 74 53 26 71 56 07 69 59 49 68 62 32 72 45 38 10 03 33 19 34 08 54 25 41 51 36 65 57 21 52 58 04 55 11 17 20 64 61 23 14 
41 38 69 19 28 17 43 02 75 06 40 03 64 29 31 14 49 48 61 07 45 23 32 36 04 22 44 66 10 30 76 13 65 68 16 74 51 47 67 54 27 73 57 08 71 60 35 70 63 33 58 46 39 11 01 34 20 00 09 55 26 42 52 37 25 72 24 62 59 53 05 56 12 18 21 50 15 
17 20 42 71 44 29 18 04 03 66 05 41 01 50 30 32 15 35 49 62 08 46 24 33 37 74 23 45 69 11 31 76 14 25 70 34 67 52 48 68 55 28 75 58 09 73 61 36 72 64 26 59 47 40 12 65 00 21 02 07 56 27 43 53 38 39 51 22 63 10 60 54 06 57 13 19 16 
72 73 18 43 19 45 30 69 05 01 38 06 42 65 51 31 33 16 36 35 63 09 47 10 34 40 67 24 46 71 12 32 76 15 26 50 00 68 53 49 70 56 29 66 59 07 75 62 37 74 39 27 60 48 41 13 25 02 22 03 08 57 28 44 54 21 20 14 23 52 64 11 61 55 04 58 17 
27 44 74 19 31 20 46 65 71 06 00 39 04 43 25 52 32 34 17 37 36 64 07 48 11 22 41 68 10 47 73 13 33 76 16 67 51 02 70 54 35 72 57 30 69 60 08 66 63 38 55 40 28 61 49 42 14 26 03 23 01 09 58 29 45 75 59 05 15 21 24 53 50 12 62 56 18 
17 20 28 67 47 32 21 04 25 73 12 02 40 05 44 26 53 33 00 18 38 37 50 08 49 66 23 42 70 11 48 75 14 34 76 39 68 52 03 72 55 36 74 58 31 71 61 09 69 64 46 56 41 29 62 35 43 15 27 01 24 65 07 59 30 45 57 63 06 60 16 22 10 54 51 13 19 
76 68 18 29 22 48 33 75 05 26 35 13 03 41 06 45 27 54 34 02 19 39 38 51 09 46 69 24 43 72 12 49 66 15 00 50 40 70 53 01 74 56 37 67 59 32 73 62 07 71 31 47 57 42 30 63 36 44 16 28 65 10 25 08 60 21 14 52 64 58 04 61 17 23 11 55 20 
02 30 76 19 34 23 49 27 66 06 07 36 14 01 42 04 46 28 55 00 03 20 40 39 52 22 47 71 10 44 74 13 35 69 16 73 51 41 72 54 65 67 57 38 68 60 33 75 63 08 61 32 48 58 43 31 64 37 45 17 29 25 11 26 09 70 56 12 53 15 50 59 05 62 18 24 21 
17 20 03 76 35 00 24 04 28 69 53 08 37 15 65 43 05 47 29 56 02 01 21 41 40 72 23 48 73 11 45 67 14 36 71 09 75 52 42 74 55 25 68 58 39 70 61 34 66 64 07 62 33 49 59 44 32 50 38 46 18 30 26 12 27 31 10 19 13 57 54 16 51 60 06 63 22 
73 76 18 01 10 36 02 71 05 29 41 54 09 38 16 25 44 06 48 30 57 03 65 22 42 32 74 24 49 75 12 46 68 15 37 50 07 66 53 43 67 56 26 70 59 40 72 62 00 69 28 08 63 34 35 60 45 33 51 39 47 19 31 27 13 21 64 04 20 11 14 58 55 17 52 61 23 
38 65 75 19 03 11 37 30 73 06 43 42 55 07 39 17 26 45 04 49 31 58 01 25 23 22 33 67 10 35 66 13 47 70 16 71 51 08 69 54 44 68 57 27 72 60 41 74 63 02 14 29 09 64 00 36 61 46 34 52 40 48 20 32 28 76 62 53 05 50 21 12 15 59 56 18 24 
17 20 39 66 38 01 12 04 31 75 24 44 43 56 08 40 18 27 46 05 35 32 59 65 26 76 23 34 68 11 36 69 14 48 72 03 73 52 09 71 55 45 70 58 28 74 61 42 67 64 29 15 30 07 50 02 37 62 47 00 53 41 49 21 33 25 19 57 54 63 06 51 22 13 16 60 10 
09 42 51 15 74 08 14 28 54 21 17 66 27 52 68 30 64 71 33 55 67 02 23 76 65 24 25 60 59 39 06 56 34 10 62 13 05 48 19 53 45 63 18 36 57 50 03 16 12 31 47 20 72 35 04 70 38 61 69 41 11 73 44 58 75 22 37 00 46 07 49 01 29 32 43 40 26 
63 16 07 52 15 67 09 22 29 55 25 18 69 28 53 70 31 50 73 34 56 68 03 24 76 23 10 26 61 60 40 04 57 00 11 32 14 06 49 20 54 46 64 19 37 58 51 01 17 13 66 48 21 74 36 05 72 39 62 71 42 12 75 45 59 43 41 44 02 38 47 08 35 65 30 33 27 
12 53 64 08 07 16 68 56 23 30 76 26 19 71 29 54 72 32 51 75 00 57 70 01 10 44 24 11 27 62 61 41 05 58 02 14 33 15 04 35 21 55 47 50 20 38 59 52 65 18 60 69 49 22 67 37 06 74 40 63 73 43 13 66 46 17 34 31 45 42 03 39 48 09 36 25 28 
03 09 13 50 70 08 17 31 57 24 11 76 27 20 73 30 55 74 33 52 66 02 58 72 65 18 45 10 12 28 63 62 42 06 59 19 15 34 16 05 36 22 56 48 51 21 39 60 53 25 47 61 71 35 23 68 38 04 67 41 64 75 44 14 69 54 26 37 32 00 46 43 01 40 49 07 29 
60 51 01 14 18 72 09 10 32 58 25 12 76 28 21 75 31 56 67 34 53 69 03 59 74 55 19 46 11 13 29 64 63 43 04 26 20 16 00 17 06 37 23 57 49 52 22 40 61 54 71 48 62 73 36 24 70 39 05 68 42 50 66 45 15 07 08 35 38 27 33 02 47 44 65 41 30 
05 15 61 65 07 19 74 59 11 33 67 26 13 76 29 22 66 32 57 68 00 54 71 01 60 08 56 20 47 12 14 30 50 64 44 55 27 21 17 02 18 04 38 24 58 35 53 23 41 62 16 73 49 63 75 37 10 72 40 06 70 43 51 69 46 52 42 25 36 09 39 28 34 03 48 45 31 
45 25 06 62 67 08 20 34 60 12 61 68 27 14 76 30 23 69 33 58 70 02 55 73 65 53 09 57 21 48 13 15 31 51 50 63 56 28 22 18 03 19 05 39 10 59 36 54 24 42 47 17 75 35 64 66 38 11 74 41 04 72 44 52 71 16 46 49 26 43 37 07 40 29 00 01 32 
51 63 46 04 21 68 09 13 00 61 25 62 70 28 15 76 31 24 71 34 59 72 03 56 75 17 54 07 58 22 49 14 16 32 52 43 64 57 29 23 19 01 20 06 40 11 60 37 55 10 73 48 18 66 36 50 69 39 12 67 42 05 74 45 53 26 65 02 35 47 27 44 38 08 41 30 33 
53 05 52 47 07 22 70 62 14 02 66 26 63 72 29 16 76 32 10 73 00 60 74 01 57 27 18 55 08 59 23 35 15 17 33 11 44 50 58 30 24 20 65 21 04 41 12 61 38 56 54 75 49 19 69 37 51 71 40 13 68 43 06 67 46 64 31 42 03 25 36 48 28 45 39 09 34 
34 48 54 53 72 08 23 03 63 15 58 69 27 64 74 30 17 76 33 11 75 02 61 67 65 50 28 19 56 09 60 24 36 16 18 57 12 45 51 59 31 10 21 25 22 05 42 13 62 39 47 55 66 35 20 71 38 52 73 41 14 70 44 04 68 06 07 40 43 32 01 26 37 49 29 46 00 
56 62 04 33 07 57 69 21 64 38 74 26 54 68 29 10 70 32 63 66 00 06 75 01 13 30 15 61 02 24 17 47 59 55 41 52 35 12 11 65 05 23 44 53 14 08 18 58 27 50 51 76 49 60 72 37 19 73 40 16 67 43 22 71 46 20 39 48 42 28 25 45 03 31 09 34 36 
42 34 57 05 71 08 58 39 22 50 14 67 27 55 70 30 11 72 33 64 69 02 04 66 65 21 31 16 62 03 10 18 48 60 56 51 53 36 13 12 25 06 24 45 54 15 09 19 59 28 47 52 76 35 61 74 38 20 75 41 17 68 44 23 73 63 00 07 49 40 43 29 26 46 01 32 37 
57 06 43 58 59 73 09 51 40 23 25 15 68 28 56 72 31 12 74 34 50 71 03 05 69 64 22 32 17 63 01 11 19 49 61 29 52 54 37 14 13 26 04 10 46 55 16 07 20 60 75 48 53 76 36 62 67 39 21 66 42 18 70 45 24 00 33 65 08 02 35 41 44 30 27 47 38 
62 59 58 44 07 60 75 24 52 41 71 26 16 70 29 57 74 32 13 67 00 51 73 01 06 02 50 23 33 18 64 65 12 20 35 61 30 53 55 38 15 14 27 05 11 47 56 17 08 21 10 66 49 54 76 37 63 68 40 22 69 43 19 72 46 04 48 28 25 34 09 03 36 42 45 31 39 
36 45 63 59 66 08 61 42 10 53 04 73 27 17 72 30 58 67 33 14 68 02 52 75 65 05 03 51 24 34 19 50 25 13 21 22 62 31 54 56 39 16 15 28 06 12 48 57 18 09 47 11 69 35 55 76 38 64 70 41 23 71 44 20 74 60 32 46 29 49 26 00 07 01 37 43 40 
22 60 37 64 62 69 09 54 43 11 25 05 75 28 18 74 31 59 68 34 15 70 03 53 66 61 06 01 52 10 00 20 51 26 14 07 23 63 32 55 57 40 17 16 29 04 13 49 58 19 67 48 12 71 36 56 76 39 50 72 42 24 73 45 21 46 44 38 47 33 30 35 27 02 08 65 41 
15 50 23 38 07 63 71 12 55 44 69 26 06 66 29 19 67 32 60 70 00 16 72 01 54 47 62 04 65 53 11 02 21 52 27 20 08 24 64 33 56 58 41 18 17 30 05 14 35 59 22 68 49 13 73 37 57 76 40 51 74 43 10 75 46 61 25 09 39 45 48 34 31 36 28 03 42 
28 39 16 24 73 08 64 45 13 56 55 71 27 04 69 30 20 68 33 61 72 02 17 74 65 62 48 63 05 25 54 12 03 22 53 60 21 09 10 50 34 57 59 42 19 18 31 06 15 36 47 23 70 35 14 75 38 58 76 41 52 67 44 11 66 51 01 29 07 26 40 46 49 00 32 37 43 
54 10 29 17 50 75 09 57 46 14 25 56 73 28 05 71 31 21 70 34 62 74 03 18 67 52 63 49 64 06 26 55 13 01 23 37 61 22 07 11 51 00 58 60 43 20 19 32 04 16 69 48 24 72 36 15 66 39 59 76 42 53 68 45 12 40 38 33 30 65 08 27 41 47 35 02 44 
24 18 55 30 07 51 66 15 58 47 68 26 57 75 29 06 73 32 22 72 00 63 67 01 19 41 53 64 35 50 04 27 56 14 65 17 38 62 23 08 12 52 02 59 61 44 21 20 33 05 13 71 49 10 74 37 16 69 40 60 76 43 54 70 46 11 03 36 34 39 31 25 09 28 42 48 45 
25 31 10 56 69 08 52 48 16 59 20 70 27 58 66 30 04 75 33 23 74 02 64 68 65 12 42 54 50 36 51 05 28 57 15 06 18 39 63 24 09 13 53 03 60 62 45 22 21 34 47 14 73 35 11 67 38 17 71 41 61 76 44 55 72 19 49 43 37 01 00 40 32 26 07 29 46 
16 57 26 11 53 71 09 60 49 17 25 21 72 28 59 69 31 05 66 34 24 67 03 50 70 20 13 43 55 51 37 52 06 29 58 00 04 19 40 64 10 07 14 54 01 61 63 46 23 22 74 48 15 75 36 12 68 39 18 73 42 62 76 45 56 32 30 08 44 35 38 65 02 41 33 27 47 
59 12 17 27 07 54 73 18 61 35 72 26 22 74 29 60 71 32 06 69 00 10 68 01 51 33 21 14 44 56 52 38 53 04 30 23 02 05 20 41 50 11 08 15 55 65 62 64 47 24 57 67 49 16 66 37 13 70 40 19 75 43 63 76 46 58 28 34 09 31 45 36 39 25 03 42 48 
31 28 60 18 75 08 55 36 19 62 52 74 27 23 67 30 61 73 33 04 71 02 11 70 65 59 34 22 15 45 57 53 39 54 05 10 24 03 06 21 42 51 12 09 16 56 25 63 50 48 47 58 68 35 17 69 38 14 72 41 20 66 44 64 76 13 43 01 00 29 07 32 46 37 40 26 49 
06 19 32 61 56 66 09 63 37 20 25 53 67 28 24 68 31 62 75 34 05 73 03 12 72 14 60 00 23 16 46 58 54 40 55 49 11 10 01 04 22 43 52 13 07 17 57 26 64 51 76 48 59 70 36 18 71 39 15 74 42 21 69 45 50 29 27 41 65 44 02 30 08 33 47 38 35 
17 20 09 72 02 46 53 04 39 67 18 65 32 62 41 37 56 38 07 15 44 00 12 30 43 71 23 36 75 11 25 66 14 45 74 42 69 52 34 70 55 31 73 58 03 68 61 48 76 64 49 50 27 26 21 08 01 59 35 29 05 33 40 24 47 28 22 10 60 19 13 06 16 63 54 57 51 
67 74 18 07 54 03 47 68 05 40 44 19 25 33 63 42 38 57 39 08 16 45 02 13 31 29 73 24 37 66 12 26 69 15 46 50 43 71 53 00 72 56 32 75 59 01 70 62 49 76 48 35 51 28 27 22 09 65 60 36 30 06 34 41 10 21 58 55 11 23 61 20 14 04 17 64 52 
47 08 68 19 48 55 01 41 70 06 32 45 20 26 34 64 43 39 58 40 09 17 46 03 14 22 30 75 10 38 69 13 27 71 16 76 51 44 73 54 02 74 57 33 66 60 65 72 63 35 11 49 36 52 29 28 23 07 25 61 37 31 04 00 42 67 50 18 56 59 12 24 62 21 15 05 53 
17 20 48 70 65 49 56 04 42 72 15 33 46 21 27 00 50 44 40 59 41 07 18 47 01 68 23 31 66 11 39 71 14 28 73 36 76 52 45 75 55 03 67 58 34 69 61 25 74 64 43 12 35 37 53 30 29 24 08 26 62 38 32 05 02 09 06 16 19 51 57 60 13 10 63 22 54 
75 72 18 49 57 25 35 74 05 43 65 16 34 47 22 28 02 51 45 41 60 42 08 19 48 07 70 24 32 69 12 40 73 15 29 50 37 76 53 46 66 56 01 68 59 00 71 62 26 67 03 44 13 36 38 54 31 30 10 09 27 63 39 33 06 21 23 64 17 04 20 52 58 61 14 11 55 
30 35 66 19 36 58 26 44 67 06 49 25 17 00 48 23 29 03 52 46 42 61 43 09 20 22 08 72 10 33 71 13 41 75 16 68 51 38 76 54 47 69 57 65 70 60 02 73 63 27 04 01 45 14 37 39 55 32 31 11 07 28 64 40 34 74 12 15 50 24 18 05 21 53 59 62 56 
17 20 31 69 27 37 59 04 45 68 21 35 26 18 02 49 24 30 01 53 47 43 62 44 07 67 23 09 74 11 34 73 14 42 66 28 70 52 39 76 55 48 71 58 25 72 61 03 75 64 00 05 65 46 15 38 40 56 33 32 12 08 29 50 41 36 63 60 16 13 51 10 19 06 22 54 57 
69 71 18 32 60 28 38 70 05 46 08 22 36 27 19 03 35 10 31 65 54 48 44 63 45 37 68 24 07 67 12 00 75 15 43 50 29 72 53 40 76 56 49 73 59 26 74 62 01 66 42 02 06 25 47 16 39 41 57 34 33 13 09 30 51 21 55 23 61 64 17 14 52 11 20 04 58 
44 33 71 19 39 61 29 47 72 06 46 09 23 37 28 20 01 36 11 32 25 55 49 45 64 22 38 70 10 08 68 13 02 66 16 69 51 30 74 54 41 76 57 35 75 60 27 67 63 65 52 43 03 04 26 48 17 40 42 58 00 34 14 07 31 73 05 21 24 56 62 50 18 15 53 12 59 
17 20 45 73 30 40 62 04 48 74 50 47 07 24 38 29 21 65 37 12 33 26 56 35 46 75 23 39 72 11 09 70 14 03 69 25 71 52 31 67 55 42 76 58 36 66 61 28 68 64 32 53 44 01 05 27 49 18 41 43 59 02 00 15 08 34 13 54 22 06 10 57 63 51 19 16 60 
71 75 18 46 63 31 41 67 05 49 47 51 48 08 10 39 30 22 25 38 13 34 27 57 36 00 66 24 40 74 12 07 72 15 01 50 26 73 53 32 68 56 43 76 59 37 69 62 29 70 09 33 54 45 65 06 28 35 19 42 44 60 03 02 16 21 17 20 55 14 23 04 11 58 64 52 61 
65 47 73 19 42 64 32 35 68 06 37 48 52 49 09 11 40 31 23 26 39 14 00 28 58 22 02 69 10 41 67 13 08 74 16 72 51 27 75 54 33 70 57 44 76 60 38 71 63 30 17 07 34 55 46 25 04 29 36 20 43 45 61 01 03 66 53 50 21 18 56 15 24 05 12 59 62 
17 20 25 75 33 43 50 04 36 70 59 38 49 53 35 07 12 41 32 24 27 40 15 02 29 69 23 03 71 11 42 68 14 09 67 31 74 52 28 66 55 34 72 58 45 76 61 39 73 64 01 18 08 00 56 47 26 05 30 37 21 44 46 62 65 48 60 13 51 54 22 19 57 16 10 06 63 
68 66 18 26 51 34 44 72 05 37 30 60 39 35 54 36 08 13 42 33 10 28 41 16 03 49 71 24 01 73 12 43 70 15 07 50 32 67 53 29 69 56 00 74 59 46 76 62 40 75 25 65 19 09 02 57 48 27 06 31 38 22 45 47 63 21 04 11 14 61 52 55 23 20 58 17 64 
08 27 70 19 45 52 00 38 74 06 01 31 61 40 36 55 37 09 14 43 34 11 29 42 17 22 35 73 10 65 75 13 44 72 16 66 51 33 68 54 30 71 57 02 67 60 47 76 63 41 64 26 25 20 07 03 58 49 28 04 32 39 23 46 48 69 18 59 12 05 15 62 53 56 24 21 50 
50 21 14 41 07 13 72 53 20 27 75 26 51 67 29 63 69 32 54 74 00 22 76 01 16 65 59 58 38 05 55 33 24 61 08 04 47 18 52 44 62 17 35 56 64 02 15 11 30 12 19 70 49 06 68 37 60 66 40 10 71 43 57 73 46 23 09 45 48 03 28 31 42 39 34 36 25 
40 26 30 39 61 56 51 32 27 03 57 17 24 06 58 62 22 14 05 63 52 12 19 04 53 45 00 44 31 37 35 25 49 02 42 41 48 07 65 28 46 38 09 29 33 36 43 08 34 01 59 10 55 18 16 64 15 60 23 21 54 20 50 13 11 47 66 69 76 73 67 68 74 71 75 70 72 
46 00 35 28 20 15 10 49 44 39 60 14 53 51 23 50 19 58 56 13 55 24 63 61 18 36 40 33 25 07 41 45 01 30 09 38 34 32 47 31 43 65 03 37 02 48 29 27 42 26 21 57 64 05 22 11 62 54 04 12 16 52 59 06 17 08 76 67 72 75 66 73 70 74 69 68 71 
07 29 47 36 11 21 16 40 35 45 19 61 15 54 52 24 51 20 59 57 14 56 10 64 62 09 37 41 34 26 08 42 46 65 31 27 39 00 33 48 32 44 25 01 38 03 49 30 28 43 18 22 58 50 06 23 12 63 55 05 13 17 53 60 04 02 70 71 68 76 74 66 69 75 72 67 73 
43 40 41 31 52 62 57 01 33 28 54 58 18 10 04 59 63 23 15 06 64 53 13 20 05 48 46 02 45 32 38 36 26 35 03 65 42 49 08 25 29 47 39 07 30 34 37 44 09 00 12 60 11 56 19 17 50 16 61 24 22 55 21 51 14 27 72 66 71 69 76 75 68 70 67 73 74 
32 37 08 48 17 12 22 46 41 36 63 20 62 16 55 53 10 52 21 60 58 15 57 11 50 03 07 38 42 00 27 09 43 47 25 44 28 40 02 34 49 33 45 26 65 39 01 35 31 29 05 19 23 59 51 04 24 13 64 56 06 14 18 54 61 30 68 74 73 72 70 76 67 69 71 66 75 
01 32 44 42 58 53 63 29 65 34 06 55 59 19 11 05 60 64 24 16 04 50 54 14 21 28 49 47 03 46 33 39 37 27 36 02 25 43 35 09 26 30 48 40 08 31 00 38 45 07 15 13 61 12 57 20 18 51 17 62 10 23 56 22 52 41 75 68 69 74 73 71 76 66 70 72 67 
26 49 33 09 23 18 13 37 47 42 51 64 21 63 17 56 54 11 53 22 61 59 16 58 12 31 01 08 39 43 02 28 07 44 48 30 45 29 41 03 00 35 34 46 27 25 40 65 36 32 62 06 20 24 60 52 05 10 14 50 57 04 15 19 55 38 69 73 67 70 75 74 72 76 68 71 66 
37 43 65 45 64 59 54 00 30 25 22 04 56 60 20 12 06 61 50 10 17 05 51 55 15 42 29 35 48 01 47 34 40 38 28 08 03 26 44 36 07 27 31 49 41 09 32 02 39 46 53 16 14 62 13 58 21 19 52 18 63 11 24 57 23 33 74 72 70 66 71 67 75 73 76 69 68 
49 07 27 34 14 24 19 43 38 48 13 52 50 22 64 18 57 55 12 54 23 62 60 17 59 39 32 65 09 40 44 03 29 08 45 33 31 46 30 42 01 02 36 00 47 28 26 41 25 37 56 63 04 21 10 61 53 06 11 15 51 58 05 16 20 35 73 70 75 71 68 72 66 67 74 76 69 
29 46 38 25 55 50 60 26 02 31 16 23 05 57 61 21 13 04 62 51 11 18 06 52 56 34 43 30 36 49 65 48 00 41 39 47 09 01 27 45 37 08 28 32 35 42 07 33 03 40 24 54 17 15 63 14 59 22 20 53 19 64 12 10 58 44 71 76 74 67 72 69 73 68 66 75 70 
00 01 02 03 04 05 06 07 08 09 10 11 12 13 14 15 16 17 18 19 20 21 22 23 24 25 26 27 28 29 30 31 32 33 34 35 36 37 38 39 40 41 42 43 44 45 46 47 48 49 50 51 52 53 54 55 56 57 58 59 60 61 62 63 64 65 67 75 66 68 69 70 71 72 73 74 76 
