59 58 54 52 60 57 56 51 53 50 00 04 03 07 05 64 02 01 09 06 37 30 38 33 32 61 36 35 31 39 65 40 47 41 43 48 44 42 49 46 76 71 73 67 74 75 70 72 68 66 63 25 23 20 21 27 24 28 26 22 29 45 08 34 55 69 10 14 13 17 16 62 11 18 15 12 19 
54 56 58 60 57 51 55 50 59 53 07 06 01 03 64 02 09 08 04 00 35 39 33 37 61 36 31 34 30 38 47 43 41 40 49 46 48 65 44 45 73 75 74 69 71 66 67 70 76 72 23 27 21 29 25 22 20 24 63 28 26 42 05 32 52 68 18 12 11 10 62 13 15 14 17 19 16 
60 51 57 59 54 58 50 56 52 55 64 08 09 02 00 07 03 04 01 05 31 34 61 36 38 33 37 30 35 32 44 45 48 46 42 41 47 49 65 40 72 69 70 71 67 68 74 73 66 76 28 29 24 25 20 26 21 23 22 63 27 43 06 39 53 75 62 11 14 16 10 18 12 13 19 15 17 
51 53 50 58 56 55 59 52 57 60 09 64 06 04 03 01 08 00 05 02 39 61 31 30 37 35 34 38 32 36 46 65 45 42 47 43 40 48 41 49 67 76 69 66 68 73 75 71 70 74 20 63 29 22 26 23 27 25 24 21 28 44 07 33 54 72 11 17 19 13 14 12 16 15 62 10 18 
56 52 55 51 50 53 60 59 58 54 01 07 05 08 09 04 06 64 00 03 32 33 35 34 31 30 39 61 38 37 40 44 43 49 48 42 45 41 46 65 71 72 75 76 66 70 68 69 74 67 25 28 27 63 22 24 26 29 21 20 23 47 02 36 57 73 12 16 17 14 11 15 10 19 18 62 13 
50 59 53 56 55 52 54 60 51 57 04 02 00 06 01 08 05 07 64 09 38 36 30 39 35 34 32 33 61 31 45 47 42 65 41 49 43 46 40 44 69 73 68 72 76 74 66 75 67 71 29 23 26 28 63 21 22 27 20 25 24 48 03 37 58 70 15 10 16 11 12 19 62 17 13 18 14 
57 50 51 54 58 56 53 55 60 52 02 05 04 09 07 03 01 06 08 64 30 32 36 31 33 37 35 39 34 61 48 42 46 45 65 40 41 44 47 43 70 68 67 75 69 76 71 74 72 73 24 26 20 27 29 63 25 21 28 23 22 49 00 38 59 66 13 15 12 62 18 14 19 11 16 17 10 
55 60 52 50 53 59 57 54 56 58 08 03 64 05 04 06 00 02 07 01 61 37 34 32 30 39 38 36 33 35 43 48 49 44 46 65 42 40 45 47 75 70 66 73 72 67 76 68 71 69 27 24 22 23 28 20 63 26 25 29 21 41 09 31 51 74 19 62 10 12 15 17 18 16 14 13 11 
52 57 60 53 59 54 51 58 55 56 05 01 02 64 06 00 07 09 03 08 36 35 32 61 39 38 33 31 37 34 49 46 44 48 45 47 65 43 42 41 66 67 72 74 70 69 73 76 75 68 22 20 28 21 24 29 23 63 27 26 25 40 04 30 50 71 16 13 18 19 17 10 14 62 12 11 15 
53 54 59 55 52 60 58 57 50 51 06 09 07 00 08 05 64 03 02 04 33 31 39 38 34 32 61 37 36 30 42 41 65 47 40 44 49 45 43 48 68 74 76 70 73 71 72 66 69 75 26 21 63 24 23 25 28 22 29 27 20 46 01 35 56 67 17 18 62 15 19 16 13 10 11 14 12 
49 48 44 42 65 47 46 41 43 40 38 30 37 33 32 61 36 35 31 39 14 15 10 18 16 62 13 12 11 17 64 04 02 09 06 03 07 05 00 01 60 50 57 56 51 53 58 54 52 59 76 71 73 67 74 75 70 72 68 66 69 08 34 19 45 55 22 24 23 27 26 63 21 28 25 20 29 
43 44 49 45 42 65 48 47 40 41 39 31 33 38 34 32 61 37 36 30 18 11 17 10 19 16 62 14 13 15 05 09 64 02 04 07 00 08 06 03 52 51 60 58 57 50 54 59 55 53 68 74 76 70 73 71 72 66 69 75 67 01 35 12 46 56 27 28 63 25 29 26 23 22 21 24 20 
44 46 48 65 47 41 45 40 49 43 33 39 35 37 61 36 31 34 30 38 12 17 18 14 62 13 11 19 15 10 02 06 09 04 00 01 03 64 07 08 57 53 51 55 50 59 56 58 60 54 73 75 74 69 71 66 67 70 76 72 68 05 32 16 42 52 28 20 21 22 63 23 25 24 27 29 26 
65 41 47 49 44 48 40 46 42 45 61 34 31 36 38 33 37 30 35 32 11 19 62 13 10 18 14 15 12 16 07 08 03 01 05 09 02 00 64 04 54 55 58 50 56 52 51 57 59 60 72 69 70 71 67 68 74 73 66 76 75 06 39 17 43 53 63 21 24 26 22 28 20 23 29 25 27 
41 43 40 48 46 45 49 42 47 65 31 61 39 30 37 35 34 38 32 36 17 62 11 15 14 12 19 10 16 13 01 64 08 05 02 06 04 03 09 00 56 60 55 59 52 57 53 50 58 51 67 76 69 66 68 73 75 71 70 74 72 07 33 18 44 54 21 27 29 23 24 20 26 25 63 22 28 
46 42 45 41 40 43 65 49 48 44 35 33 32 34 31 30 39 61 38 37 16 18 12 19 11 15 17 62 10 14 04 07 06 00 03 05 08 09 01 64 50 54 53 60 59 58 52 55 51 56 71 72 75 76 66 70 68 69 74 67 73 02 36 13 47 57 20 26 27 24 21 25 22 29 28 63 23 
40 49 43 46 45 42 44 65 41 47 30 36 38 39 35 34 32 33 61 31 10 13 15 17 12 19 16 18 62 11 08 02 05 64 09 00 06 01 04 07 55 57 52 54 60 51 59 53 56 50 69 73 68 72 76 74 66 75 67 71 70 03 37 14 48 58 25 22 26 21 20 29 63 27 23 28 24 
47 40 41 44 48 46 43 45 65 42 36 32 30 31 33 37 35 39 34 61 15 16 13 11 18 14 12 17 19 62 03 05 01 08 64 04 09 07 02 06 58 52 56 53 55 60 50 51 54 57 70 68 67 75 69 76 71 74 72 73 66 00 38 10 49 59 23 25 20 63 28 24 29 21 26 27 22 
45 65 42 40 43 49 47 44 46 48 34 37 61 32 30 39 38 36 33 35 62 14 19 16 15 17 10 13 18 12 06 03 00 07 01 64 05 04 08 02 53 58 59 57 54 56 60 52 50 55 75 70 66 73 72 67 76 68 71 69 74 09 31 11 41 51 29 63 22 20 25 27 28 26 24 23 21 
42 47 65 43 49 44 41 48 45 46 32 35 36 61 39 38 33 31 37 34 13 12 16 62 17 10 18 11 14 19 00 01 07 03 08 02 64 06 05 09 59 56 54 51 58 55 57 60 53 52 66 67 72 74 70 69 73 76 75 68 71 04 30 15 40 50 26 23 28 29 27 22 24 63 20 21 25 
28 20 24 63 23 21 29 25 22 27 54 53 56 58 60 57 51 55 50 59 46 43 44 48 65 47 41 45 40 49 73 75 74 71 66 67 70 76 72 69 13 17 11 19 15 10 12 14 62 18 36 39 31 34 30 38 35 37 61 33 32 68 52 42 26 16 07 01 09 00 64 02 04 03 06 08 05 
27 28 22 29 26 63 24 23 25 21 53 51 54 59 55 52 60 58 57 50 44 41 43 49 45 42 65 48 47 40 68 74 76 73 71 72 66 69 75 70 16 11 62 14 13 15 18 10 19 17 32 31 61 37 36 30 33 38 34 39 35 67 56 46 20 12 06 07 64 04 08 05 02 00 09 03 01 
22 24 28 26 63 23 20 21 27 25 59 50 58 54 52 60 57 56 51 53 48 40 49 44 42 65 47 46 41 43 76 71 73 74 75 70 72 68 66 67 62 15 13 12 11 17 14 18 16 10 61 30 36 35 31 39 37 33 32 38 34 69 55 45 29 19 00 03 02 06 05 64 09 07 04 01 08 
63 21 23 22 28 24 25 20 26 29 60 55 51 57 59 54 58 50 56 52 41 45 65 47 49 44 48 40 46 42 72 69 70 67 68 74 73 66 76 71 18 19 14 15 12 16 11 13 10 62 33 34 37 30 35 32 31 36 38 61 39 75 53 43 27 17 64 09 03 05 00 07 01 02 08 04 06 
21 27 25 24 20 29 22 26 23 63 51 60 53 50 58 56 55 59 52 57 43 65 41 40 48 46 45 49 42 47 67 76 69 68 73 75 71 70 74 66 12 62 19 10 16 13 17 15 14 11 35 61 34 38 32 36 39 30 37 31 33 72 54 44 28 18 09 06 08 02 03 01 05 04 64 00 07 
20 26 29 21 25 27 63 22 24 28 56 54 52 55 51 50 53 60 59 58 42 44 46 45 41 40 43 65 49 48 71 72 75 66 70 68 69 74 67 76 15 18 17 62 10 14 16 19 11 12 30 33 39 61 38 37 32 34 31 35 36 73 57 47 23 13 01 05 06 03 09 04 00 08 07 64 02 
25 22 27 20 29 26 28 63 21 23 50 57 59 53 56 55 52 54 60 51 49 47 40 43 46 45 42 44 65 41 69 73 68 76 74 66 75 67 71 72 19 13 16 18 62 11 10 17 12 15 34 36 32 33 61 31 38 39 35 30 37 70 58 48 24 14 04 00 05 09 01 08 64 06 02 07 03 
23 25 21 28 24 20 27 29 63 26 57 52 50 51 54 58 56 53 55 60 40 42 47 41 44 48 46 43 45 65 70 68 67 69 76 71 74 72 73 75 14 16 12 17 19 62 15 11 18 13 37 32 35 39 34 61 30 31 33 36 38 66 59 49 22 10 02 04 01 64 07 03 08 09 05 06 00 
29 63 26 25 27 22 23 28 20 24 55 58 60 52 50 53 59 57 54 56 65 48 45 42 40 43 49 47 44 46 75 70 66 72 67 76 68 71 69 73 17 14 10 13 18 12 62 16 15 19 39 37 38 36 33 35 61 32 30 34 31 74 51 41 21 11 08 64 00 01 04 06 07 05 03 02 09 
26 23 63 27 22 28 21 24 29 20 52 56 57 60 53 59 54 51 58 55 47 46 42 65 43 49 44 41 48 45 66 67 72 70 69 73 76 75 68 74 10 12 18 11 14 19 13 62 17 16 38 35 33 31 37 34 36 61 39 32 30 71 50 40 25 15 05 02 07 08 06 00 03 64 01 09 04 
12 16 19 11 15 17 62 10 14 18 67 72 68 69 74 71 75 76 66 70 52 54 56 55 51 50 53 60 59 58 25 28 27 22 24 26 29 21 20 63 30 33 39 61 38 37 32 34 31 35 04 07 06 64 00 03 05 08 09 01 02 23 73 57 13 36 46 42 43 48 41 40 49 45 44 65 47 
17 18 10 19 16 62 14 13 15 11 75 74 72 66 69 68 76 70 73 71 54 51 53 59 55 52 60 58 57 50 26 21 63 23 25 28 22 29 27 24 32 31 61 37 36 30 33 38 34 39 05 09 64 03 02 04 07 00 08 06 01 20 67 56 12 35 43 44 65 40 45 42 47 49 41 48 46 
15 10 17 12 19 16 18 62 11 13 71 73 66 75 67 69 68 72 76 74 59 57 50 53 56 55 52 54 60 51 29 23 26 63 21 22 27 20 25 28 34 36 32 33 61 31 38 39 35 30 08 02 05 07 64 09 00 06 01 04 03 24 70 58 14 37 40 49 42 41 46 45 65 43 47 44 48 
19 62 16 15 17 10 13 18 12 14 69 70 76 68 71 75 66 73 72 67 60 58 55 52 50 53 59 57 54 56 27 24 22 28 20 63 26 25 29 23 39 37 38 36 33 35 61 32 30 34 06 03 00 02 07 01 64 05 04 08 09 21 74 51 11 31 45 65 49 46 40 43 44 42 48 47 41 
16 13 62 17 10 18 11 14 19 12 68 67 73 76 75 66 72 74 70 69 57 56 52 60 53 59 54 51 58 55 22 20 28 24 29 23 63 27 26 21 38 35 33 31 37 34 36 61 39 32 00 01 07 09 03 08 02 64 06 05 04 25 71 50 15 30 42 47 44 45 43 49 48 65 46 41 40 
18 12 14 62 13 11 19 15 10 17 72 75 67 70 76 73 74 69 71 66 56 53 54 58 60 57 51 55 50 59 23 27 21 25 22 20 24 63 28 29 36 39 31 34 30 38 35 37 61 33 02 06 09 08 04 00 01 03 64 07 05 26 68 52 16 32 44 46 41 49 65 47 40 48 43 45 42 
62 11 13 10 18 14 15 12 16 19 76 69 74 73 66 72 70 71 67 68 51 55 60 57 59 54 58 50 56 52 28 29 24 20 26 21 23 22 63 25 33 34 37 30 35 32 31 36 38 61 07 08 03 04 01 05 09 02 00 64 06 27 75 53 17 39 65 41 48 42 49 44 46 47 45 40 43 
11 17 15 14 12 19 10 16 13 62 74 76 75 71 70 67 69 66 68 73 53 60 51 50 58 56 55 59 52 57 20 63 29 26 23 27 25 24 21 22 35 61 34 38 32 36 39 30 37 31 01 64 08 00 05 02 06 04 03 09 07 28 72 54 18 33 41 43 45 47 48 46 42 40 65 49 44 
10 14 18 16 62 13 12 11 17 15 66 71 70 72 68 76 73 67 74 75 58 50 59 54 52 60 57 56 51 53 63 25 23 21 27 24 28 26 22 20 61 30 36 35 31 39 37 33 32 38 64 04 02 01 09 06 03 07 05 00 08 29 69 55 19 34 49 48 47 43 42 65 41 44 40 46 45 
13 15 11 18 14 12 17 19 62 16 73 68 71 74 72 70 67 75 69 76 50 52 57 51 54 58 56 53 55 60 24 26 20 29 63 25 21 28 23 27 37 32 35 39 34 61 30 31 33 36 03 05 01 06 08 64 04 09 07 02 00 22 66 59 10 38 47 40 46 65 44 48 45 41 42 43 49 
35 32 34 31 30 39 61 38 37 33 20 28 26 29 21 25 27 63 22 24 68 72 67 69 74 71 75 76 66 70 15 18 17 10 14 16 19 11 12 62 04 07 06 64 00 03 05 08 09 01 40 44 43 65 49 48 42 45 41 46 47 13 23 73 36 02 56 52 53 58 51 50 59 55 54 60 57 
39 33 38 34 32 61 37 36 30 31 27 21 28 22 29 26 63 24 23 25 72 74 75 66 69 68 76 70 73 71 16 11 62 13 15 18 10 19 17 14 05 09 64 03 02 04 07 00 08 06 42 41 65 48 47 40 44 49 45 43 46 12 20 67 35 01 53 54 60 50 55 52 57 59 51 58 56 
30 38 39 35 34 32 33 61 31 36 25 23 22 27 20 29 26 28 63 21 66 73 71 75 67 69 68 72 76 74 19 13 16 62 11 10 17 12 15 18 08 02 05 07 64 09 00 06 01 04 45 47 42 44 65 41 49 43 46 40 48 14 24 70 37 03 50 59 52 51 56 55 60 53 57 54 58 
36 30 31 33 37 35 39 34 61 32 23 26 25 21 28 24 20 27 29 63 71 68 73 74 72 70 67 75 69 76 14 16 12 19 62 15 11 18 13 17 03 05 01 06 08 64 04 09 07 02 48 42 46 43 45 65 40 41 44 47 49 10 22 66 38 00 57 50 56 60 54 58 55 51 52 53 59 
34 61 32 30 39 38 36 33 35 37 29 24 63 26 25 27 22 23 28 20 76 70 69 68 71 75 66 73 72 67 17 14 10 18 12 62 16 15 19 13 06 03 00 02 07 01 64 05 04 08 43 48 49 47 44 46 65 42 40 45 41 11 21 74 31 09 55 60 59 56 50 53 54 52 58 57 51 
32 36 61 39 38 33 31 37 34 35 26 20 23 63 27 22 28 21 24 29 73 67 68 76 75 66 72 74 70 69 10 12 18 14 19 13 62 17 16 11 00 01 07 09 03 08 02 64 06 05 49 46 44 41 48 45 47 65 43 42 40 15 25 71 30 04 52 57 54 55 53 59 58 60 56 51 50 
33 35 37 61 36 31 34 30 38 39 28 27 20 24 63 23 21 29 25 22 67 75 72 70 76 73 74 69 71 66 13 17 11 15 10 12 14 62 18 19 02 06 09 08 04 00 01 03 64 07 47 43 41 45 40 49 46 48 65 44 42 16 26 68 32 05 54 56 51 59 60 57 50 58 53 55 52 
61 31 36 38 33 37 30 35 32 34 63 29 21 23 22 28 24 25 20 26 74 69 76 73 66 72 70 71 67 68 18 19 14 12 16 11 13 10 62 15 07 08 03 04 01 05 09 02 00 64 44 45 48 40 46 42 41 47 49 65 43 17 27 75 39 06 60 51 58 52 59 54 56 57 55 50 53 
31 39 30 37 35 34 38 32 36 61 21 63 27 25 24 20 29 22 26 23 75 76 74 71 70 67 69 66 68 73 12 62 19 16 13 17 15 14 11 10 01 64 08 00 05 02 06 04 03 09 46 65 45 49 42 47 43 40 48 41 44 18 28 72 33 07 51 53 55 57 58 56 52 50 60 59 54 
38 37 33 32 61 36 35 31 39 30 22 25 24 28 26 63 23 20 21 27 70 71 66 72 68 76 73 67 74 75 62 15 13 11 17 14 18 16 10 12 64 04 02 01 09 06 03 07 05 00 65 40 47 46 41 43 48 44 42 49 45 19 29 69 34 08 59 58 57 53 52 60 51 54 50 56 55 
67 68 69 74 71 75 76 66 70 72 46 44 42 45 41 40 43 65 49 48 05 07 01 08 09 04 06 64 00 03 50 54 53 59 58 52 55 51 56 60 25 28 27 63 22 24 26 29 21 20 15 18 17 62 10 14 16 19 11 12 13 57 47 02 73 23 35 32 39 37 31 30 38 34 33 61 36 
75 72 66 69 68 76 70 73 71 74 43 41 44 49 45 42 65 48 47 40 07 09 06 00 08 05 64 03 02 04 52 51 60 57 50 54 59 55 53 58 26 21 63 24 23 25 28 22 29 27 16 11 62 14 13 15 18 10 19 17 12 56 46 01 67 20 39 33 61 30 34 32 36 38 31 37 35 
71 66 75 67 69 68 72 76 74 73 40 47 49 43 46 45 42 44 65 41 00 02 04 06 01 08 05 07 64 09 55 57 52 60 51 59 53 56 50 54 29 23 26 28 63 21 22 27 20 25 19 13 16 18 62 11 10 17 12 15 14 58 48 03 70 24 30 38 32 31 35 34 61 39 36 33 37 
73 71 74 72 70 67 75 69 76 68 47 42 40 41 44 48 46 43 45 65 04 05 02 09 07 03 01 06 08 64 58 52 56 55 60 50 51 54 57 53 24 26 20 27 29 63 25 21 28 23 14 16 12 17 19 62 15 11 18 13 10 59 49 00 66 22 36 30 35 61 33 37 34 31 32 39 38 
69 76 68 71 75 66 73 72 67 70 45 48 65 42 40 43 49 47 44 46 64 03 08 05 04 06 00 02 07 01 53 58 59 54 56 60 52 50 55 57 27 24 22 23 28 20 63 26 25 29 17 14 10 13 18 12 62 16 15 19 11 51 41 09 74 21 34 61 38 35 30 39 33 32 37 36 31 
68 73 76 75 66 72 74 70 69 67 42 46 47 65 43 49 44 41 48 45 02 01 05 64 06 00 07 09 03 08 59 56 54 58 55 57 60 53 52 51 22 20 28 21 24 29 23 63 27 26 10 12 18 11 14 19 13 62 17 16 15 50 40 04 71 25 32 36 33 34 39 38 37 61 35 31 30 
72 67 70 76 73 74 69 71 66 75 44 43 46 48 65 47 41 45 40 49 01 06 07 03 64 02 09 08 04 00 57 53 51 50 59 56 58 60 54 55 23 27 21 29 25 22 20 24 63 28 13 17 11 19 15 10 12 14 62 18 16 52 42 05 68 26 33 35 31 38 61 36 30 37 39 34 32 
76 74 73 66 72 70 71 67 68 69 65 45 41 47 49 44 48 40 46 42 09 08 64 02 00 07 03 04 01 05 54 55 58 56 52 51 57 59 60 50 28 29 24 25 20 26 21 23 22 63 18 19 14 15 12 16 11 13 10 62 17 53 43 06 75 27 61 31 37 32 38 33 35 36 34 30 39 
74 75 71 70 67 69 66 68 73 76 41 65 43 40 48 46 45 49 42 47 06 64 09 04 03 01 08 00 05 02 56 60 55 52 57 53 50 58 51 59 20 63 29 22 26 23 27 25 24 21 12 62 19 10 16 13 17 15 14 11 18 54 44 07 72 28 31 39 34 36 37 35 32 30 61 38 33 
66 70 72 68 76 73 67 74 75 71 49 40 48 44 42 65 47 46 41 43 03 04 00 07 05 64 02 01 09 06 60 50 57 51 53 58 54 52 59 56 63 25 23 20 21 27 24 28 26 22 62 15 13 12 11 17 14 18 16 10 19 55 45 08 69 29 38 37 36 39 32 61 31 33 30 35 34 
70 69 67 73 74 71 68 75 72 66 48 49 45 46 47 41 40 42 43 44 08 00 03 01 02 09 04 05 06 07 51 59 50 53 54 55 56 57 58 52 21 22 25 26 27 28 29 20 23 24 11 10 15 16 17 18 19 12 13 14 62 60 65 64 76 63 37 34 30 33 36 31 39 35 38 32 61 
14 19 12 13 11 15 16 17 18 10 70 66 69 67 73 74 71 68 75 72 55 59 58 56 57 51 50 52 53 54 21 22 25 27 28 29 20 23 24 26 31 38 30 32 39 33 34 35 36 37 09 00 04 05 06 07 08 01 02 03 64 63 76 60 62 61 48 45 40 44 47 41 43 46 49 42 65 
48 45 46 47 41 40 42 43 44 49 37 38 34 35 36 31 30 32 39 33 19 10 14 12 13 11 15 16 17 18 09 00 04 06 07 08 01 02 03 05 51 59 50 52 53 54 55 56 57 58 74 66 71 68 75 72 69 67 73 70 76 64 61 62 65 60 24 29 25 28 23 21 27 20 22 26 63 
24 29 20 23 21 25 26 27 28 22 58 59 55 56 57 51 50 52 53 54 45 49 48 46 47 41 40 42 43 44 74 66 71 75 72 69 67 73 70 68 11 10 15 16 17 18 19 12 13 14 31 38 30 32 39 33 34 35 36 37 61 76 60 65 63 62 03 08 04 07 02 09 06 01 00 05 64 
58 55 56 57 51 50 52 53 54 59 03 00 08 01 02 09 04 05 06 07 34 38 37 35 36 31 30 32 39 33 41 49 40 43 44 45 46 47 48 42 74 66 71 68 75 72 69 67 73 70 21 22 25 26 27 28 29 20 23 24 63 65 64 61 60 76 14 19 15 18 13 11 17 12 10 16 62 
37 34 35 36 31 30 32 39 33 38 24 22 29 20 23 21 25 26 27 28 69 66 70 67 73 74 71 68 75 72 11 10 15 17 18 19 12 13 14 16 09 00 04 05 06 07 08 01 02 03 41 49 40 42 43 44 45 46 47 48 65 62 63 76 61 64 58 55 50 54 57 51 53 56 59 52 60 
00 03 07 05 64 02 01 09 06 04 10 15 14 18 16 62 13 12 11 17 24 25 22 28 26 63 23 20 21 27 61 30 36 31 39 37 33 32 38 35 65 40 47 46 41 43 48 44 42 49 60 50 57 56 51 53 58 54 52 59 55 34 19 29 08 45 66 73 74 70 72 75 76 71 69 68 67 
07 01 03 64 02 09 08 04 00 06 18 17 12 14 62 13 11 19 15 10 20 27 28 24 63 23 21 29 25 22 36 39 31 30 38 35 37 61 33 34 47 43 41 45 40 49 46 48 65 44 57 53 51 55 50 59 56 58 60 54 52 32 16 26 05 42 73 67 69 71 74 76 70 68 66 72 75 
04 00 06 01 08 05 07 64 09 02 15 13 10 17 12 19 16 18 62 11 22 23 25 27 20 29 26 28 63 21 34 36 32 61 31 38 39 35 30 33 45 47 42 44 65 41 49 43 46 40 55 57 52 54 60 51 59 53 56 50 58 37 14 24 03 48 74 69 68 75 71 73 67 76 72 70 66 
05 02 64 06 00 07 09 03 08 01 16 12 13 62 17 10 18 11 14 19 23 20 26 63 27 22 28 21 24 29 38 35 33 37 34 36 61 39 32 31 49 46 44 41 48 45 47 65 43 42 59 56 54 51 58 55 57 60 53 52 50 30 15 25 04 40 70 71 75 69 67 72 74 66 76 73 68 
09 06 04 03 01 08 00 05 02 64 11 62 17 15 14 12 19 10 16 13 27 63 21 25 24 20 29 22 26 23 35 61 34 32 36 39 30 37 31 38 46 65 45 49 42 47 43 40 48 41 56 60 55 59 52 57 53 50 58 51 54 33 18 28 07 44 72 74 71 67 70 66 73 75 68 76 69 
01 05 08 09 04 06 64 00 03 07 12 18 16 19 11 15 17 62 10 14 26 28 20 29 21 25 27 63 22 24 30 33 39 38 37 32 34 31 35 61 40 44 43 65 49 48 42 45 41 46 50 54 53 60 59 58 52 55 51 56 57 36 13 23 02 47 75 76 73 72 66 71 68 74 67 69 70 
08 64 05 04 06 00 02 07 01 03 19 14 62 16 15 17 10 13 18 12 63 24 29 26 25 27 22 23 28 20 39 37 38 33 35 61 32 30 34 36 43 48 49 47 44 46 65 42 40 45 53 58 59 57 54 56 60 52 50 55 51 31 11 21 09 41 76 70 67 74 73 68 72 69 75 66 71 
64 09 02 00 07 03 04 01 05 08 62 19 11 13 10 18 14 15 12 16 21 29 63 23 22 28 24 25 20 26 33 34 37 35 32 31 36 38 61 30 44 45 48 40 46 42 41 47 49 65 54 55 58 50 56 52 51 57 59 60 53 39 17 27 06 43 71 68 76 66 75 74 69 73 70 67 72 
06 07 00 08 05 64 03 02 04 09 17 11 18 10 19 16 62 14 13 15 28 21 27 22 29 26 63 24 23 25 32 31 61 36 30 33 38 34 39 37 42 41 65 48 47 40 44 49 45 43 52 51 60 58 57 50 54 59 55 53 56 35 12 20 01 46 69 66 72 76 68 67 75 70 74 71 73 
02 04 09 07 03 01 06 08 64 05 13 16 15 11 18 14 12 17 19 62 25 26 23 21 28 24 20 27 29 63 37 32 35 34 61 30 31 33 36 39 48 42 46 43 45 65 40 41 44 47 58 52 56 53 55 60 50 51 54 57 59 38 10 22 00 49 68 72 70 73 76 69 66 67 71 75 74 
03 08 01 02 09 04 05 06 07 00 14 10 19 12 13 11 15 16 17 18 29 22 24 20 23 21 25 26 27 28 31 38 30 39 33 34 35 36 37 32 41 49 40 42 43 44 45 46 47 48 51 59 50 52 53 54 55 56 57 58 60 61 62 63 64 65 67 75 66 68 69 70 71 72 73 74 76 
