54 59 57 51 50 60 56 58 53 55 00 06 04 09 07 64 03 05 02 01 33 38 36 31 39 61 35 37 34 32 43 45 49 44 47 41 40 65 46 48 71 70 67 68 73 74 72 75 76 66 25 22 21 26 20 24 28 27 63 23 29 42 08 30 52 69 18 16 13 11 14 62 12 10 17 15 19 
56 53 50 59 60 55 57 54 58 52 03 01 07 06 64 02 04 00 08 05 35 32 39 38 61 34 36 33 30 37 48 42 43 46 40 49 65 45 47 44 73 69 71 67 66 75 68 76 70 74 20 29 25 21 23 27 26 63 22 24 28 41 09 31 51 72 16 11 14 15 17 12 19 13 62 10 18 
50 54 55 58 52 51 60 57 56 59 07 00 02 05 08 09 64 04 06 03 39 33 34 37 30 31 61 36 38 35 46 49 44 40 45 48 42 41 65 47 74 68 66 73 75 70 71 69 72 76 24 26 23 20 27 22 25 29 28 63 21 43 01 32 53 67 15 10 62 13 12 18 16 17 19 14 11 
55 57 51 56 59 53 52 60 50 58 02 04 09 03 06 01 08 64 05 07 34 36 31 35 38 32 30 61 37 39 40 48 47 45 41 46 49 43 42 65 76 71 75 74 70 72 66 68 67 69 63 25 27 24 22 28 23 26 21 29 20 44 00 33 54 73 13 14 19 17 18 11 15 12 16 62 10 
58 51 56 52 57 50 54 53 59 60 05 09 03 08 04 07 00 01 64 06 37 31 35 30 36 39 33 32 61 38 49 65 41 48 46 42 47 40 44 43 67 76 68 72 71 66 69 74 75 73 21 63 26 28 25 23 29 24 27 20 22 45 02 34 55 70 19 18 10 16 13 17 62 15 14 11 12 
52 50 59 57 53 58 51 55 60 54 08 07 06 04 01 05 09 02 00 64 30 39 38 36 32 37 31 34 33 61 65 44 40 42 49 47 43 48 41 45 70 73 76 75 69 68 74 67 71 72 22 20 63 27 29 26 24 21 25 28 23 46 03 35 56 66 14 17 18 62 16 15 10 19 11 12 13 
51 60 53 50 58 54 59 52 55 56 09 64 01 07 05 00 06 08 03 02 31 61 32 39 37 33 38 30 35 34 45 46 65 41 43 40 48 44 49 42 69 66 70 76 72 67 75 71 73 68 29 23 22 63 28 21 27 25 20 26 24 47 04 36 57 74 17 62 16 12 11 10 13 18 15 19 14 
60 56 52 54 51 59 55 50 57 53 64 03 08 00 09 06 02 07 01 04 61 35 30 33 31 38 34 39 32 36 47 43 46 65 42 44 41 49 45 40 75 67 74 66 76 69 73 72 68 70 27 21 24 23 63 29 20 28 26 22 25 48 05 37 58 71 10 13 12 14 19 16 11 62 18 17 15 
59 55 58 60 54 56 53 51 52 57 06 02 05 64 00 03 01 09 04 08 38 34 37 61 33 35 32 31 36 30 42 47 45 49 48 65 44 46 43 41 72 74 69 70 68 71 76 73 66 67 28 24 29 22 26 25 63 20 23 21 27 40 07 39 50 75 62 12 11 19 15 13 14 16 10 18 17 
57 58 60 53 55 52 50 56 54 51 04 05 64 01 02 08 07 03 09 00 36 37 61 32 34 30 39 35 31 33 44 41 48 47 65 43 45 42 40 46 66 72 73 71 74 76 67 70 69 75 23 28 20 25 24 63 21 22 29 27 26 49 06 38 59 68 11 15 17 10 62 19 18 14 12 13 16 
44 49 47 41 40 65 46 48 43 45 33 38 36 31 39 61 35 37 34 32 10 16 14 18 17 62 13 15 12 11 01 02 06 00 04 09 07 64 03 05 58 55 53 59 54 57 51 50 60 56 71 70 67 68 73 74 72 75 76 66 69 08 30 19 42 52 28 26 23 21 24 63 22 20 27 25 29 
46 43 40 49 65 45 47 44 48 42 35 32 39 38 61 34 36 33 30 37 13 11 17 16 62 12 14 10 19 15 05 08 01 03 07 06 64 02 04 00 54 52 58 53 56 50 59 60 55 57 73 69 71 67 66 75 68 76 70 74 72 09 31 18 41 51 26 21 24 25 27 22 29 23 63 20 28 
40 44 45 48 42 41 65 47 46 49 39 33 34 37 30 31 61 36 38 35 17 10 12 15 19 18 62 14 16 13 03 06 00 07 02 05 08 09 64 04 57 59 56 54 50 55 58 52 51 60 74 68 66 73 75 70 71 69 72 76 67 01 32 11 43 53 25 20 63 23 22 28 26 27 29 24 21 
45 47 41 46 49 43 42 65 40 48 34 36 31 35 38 32 30 61 37 39 12 14 18 13 16 11 19 62 15 17 07 05 04 02 09 03 06 01 08 64 60 58 50 57 55 51 56 59 53 52 76 71 75 74 70 72 66 68 67 69 73 00 33 10 44 54 23 24 29 27 28 21 25 22 26 63 20 
48 41 46 42 47 40 44 43 49 65 37 31 35 30 36 39 33 32 61 38 15 18 13 19 14 17 10 11 62 16 06 64 09 05 03 08 04 07 00 01 53 60 59 51 58 56 52 57 50 54 67 76 68 72 71 66 69 74 75 73 70 02 34 12 45 55 29 28 20 26 23 27 63 25 24 21 22 
42 40 49 47 43 48 41 45 65 44 30 39 38 36 32 37 31 34 33 61 19 17 16 14 11 15 18 12 10 62 64 00 07 08 06 04 01 05 09 02 55 54 60 50 52 59 57 53 58 51 70 73 76 75 69 68 74 67 71 72 66 03 35 13 46 56 24 27 28 63 26 25 20 29 21 22 23 
41 65 43 40 48 44 49 42 45 46 31 61 32 39 37 33 38 30 35 34 18 62 11 17 15 10 16 19 13 12 02 03 64 09 01 07 05 00 06 08 52 56 55 60 51 53 50 58 54 59 69 66 70 76 72 67 75 71 73 68 74 04 36 14 47 57 27 63 26 22 21 20 23 28 25 29 24 
65 46 42 44 41 49 45 40 47 43 61 35 30 33 31 38 34 39 32 36 62 13 19 10 18 16 12 17 11 14 04 01 03 64 08 00 09 06 02 07 50 53 57 56 60 52 54 51 59 55 75 67 74 66 76 69 73 72 68 70 71 05 37 15 48 58 20 23 22 24 29 26 21 63 28 27 25 
47 48 65 43 45 42 40 46 44 41 36 37 61 32 34 30 39 35 31 33 14 15 62 11 12 19 17 13 18 10 00 09 05 04 64 01 02 08 07 03 56 51 54 58 57 60 53 55 52 50 66 72 73 71 74 76 67 70 69 75 68 06 38 16 49 59 21 25 27 20 63 29 28 24 22 23 26 
49 45 48 65 44 46 43 41 42 47 38 34 37 61 33 35 32 31 36 30 16 12 15 62 10 13 11 18 14 19 08 04 02 06 05 64 00 03 01 09 51 57 52 55 59 58 60 54 56 53 72 74 69 70 68 71 76 73 66 67 75 07 39 17 40 50 63 22 21 29 25 23 24 26 20 28 27 
20 26 24 28 27 63 23 25 21 22 54 59 57 51 50 60 56 58 55 53 44 49 47 41 40 65 46 48 45 43 67 70 68 73 74 72 75 76 66 71 15 12 11 16 10 14 18 17 62 13 37 34 32 38 33 36 31 39 61 35 30 69 52 42 29 19 09 06 03 01 04 64 02 00 07 05 08 
23 21 27 26 63 22 24 20 25 29 56 53 50 59 60 55 57 54 52 58 46 43 40 49 65 45 47 44 42 48 71 69 67 66 75 68 76 70 74 73 10 19 15 11 13 17 16 62 12 14 33 30 37 32 35 39 38 61 34 36 31 72 51 41 28 18 06 01 04 05 07 02 08 03 64 00 09 
27 20 22 25 29 28 63 24 23 26 50 54 55 58 52 51 60 57 59 56 40 44 45 48 42 41 65 47 49 46 66 68 73 75 70 71 69 72 76 74 14 16 13 10 17 12 15 19 18 62 36 38 35 33 39 34 37 30 31 61 32 67 53 43 21 11 05 00 64 03 02 09 06 07 08 04 01 
22 24 28 23 26 21 29 63 27 25 55 57 51 56 59 53 52 60 58 50 45 47 41 46 49 43 42 65 48 40 75 71 74 70 72 66 68 67 69 76 62 15 17 14 12 18 13 16 11 19 61 37 39 36 34 31 35 38 32 30 33 73 54 44 20 10 03 04 08 07 09 01 05 02 06 64 00 
25 28 23 29 24 27 20 21 26 63 58 51 56 52 57 50 54 53 60 59 48 41 46 42 47 40 44 43 65 49 68 76 72 71 66 69 74 75 73 67 11 62 16 18 15 13 19 14 17 10 32 61 38 31 37 35 30 36 39 33 34 70 55 45 22 12 08 09 00 06 03 07 64 05 04 01 02 
29 27 26 24 21 25 28 22 63 20 52 50 59 57 53 58 51 55 54 60 42 40 49 47 43 48 41 45 44 65 76 73 75 69 68 74 67 71 72 70 12 10 62 17 19 16 14 11 15 18 34 33 61 39 30 38 36 32 37 31 35 66 56 46 23 13 04 07 09 64 06 05 00 08 01 02 03 
28 63 21 27 25 20 26 29 22 23 51 60 53 50 58 54 59 52 56 55 41 65 43 40 48 44 49 42 46 45 70 66 76 72 67 75 71 73 68 69 19 13 12 62 18 11 17 15 10 16 30 35 34 61 31 32 39 37 33 38 36 74 57 47 24 14 07 64 06 02 01 00 03 09 05 08 04 
63 23 29 20 28 26 22 27 24 21 60 56 52 54 51 59 55 50 53 57 65 46 42 44 41 49 45 40 43 47 74 67 66 76 69 73 72 68 70 75 17 11 14 13 62 19 10 18 16 12 39 32 36 35 61 30 33 31 38 34 37 71 58 48 25 15 00 03 02 04 08 06 01 64 09 07 05 
24 25 63 21 22 29 27 23 20 28 57 58 60 53 55 52 50 56 51 54 47 48 65 43 45 42 40 46 41 44 73 72 71 74 76 67 70 69 75 66 13 18 10 15 14 62 11 12 19 17 35 31 33 37 36 61 32 34 30 39 38 68 59 49 26 16 01 05 07 00 64 08 09 04 02 03 06 
26 22 25 63 20 23 21 28 29 24 59 55 58 60 54 56 53 51 57 52 49 45 48 65 44 46 43 41 47 42 69 74 70 68 71 76 73 66 67 72 18 14 19 12 16 15 62 10 13 11 31 36 30 34 38 37 61 33 35 32 39 75 50 40 27 17 64 02 01 08 05 03 04 06 00 09 07 
16 12 15 62 10 13 11 18 19 14 68 70 71 76 73 66 67 72 74 69 59 55 58 60 54 56 53 51 57 52 29 24 22 26 25 63 20 23 21 28 31 36 30 34 38 37 61 33 35 32 09 04 08 02 06 05 64 00 03 01 07 27 75 50 17 39 65 45 43 42 48 46 47 49 44 41 40 
14 15 62 11 12 19 17 13 10 18 74 71 76 67 70 69 75 66 72 73 57 58 60 53 55 52 50 56 51 54 20 28 25 24 63 21 22 29 27 23 35 31 33 37 36 61 32 34 30 39 03 09 00 05 04 64 01 02 08 07 06 26 68 59 16 38 43 48 40 44 65 42 41 47 45 46 49 
13 11 17 16 62 12 14 10 15 19 66 67 75 68 76 70 74 73 69 71 56 53 50 59 60 55 57 54 52 58 25 29 21 23 27 26 63 22 24 20 33 30 37 32 35 39 38 61 34 36 00 08 05 01 03 07 06 64 02 04 09 28 72 51 18 31 49 43 47 48 40 45 42 46 65 44 41 
10 16 14 18 17 62 13 15 11 12 73 68 74 72 75 76 66 71 70 67 54 59 57 51 50 60 56 58 55 53 21 22 26 20 24 28 27 63 23 25 37 34 32 38 33 36 31 39 61 35 05 02 01 06 00 04 09 07 64 03 08 29 69 52 19 30 41 49 46 43 47 65 45 44 40 48 42 
17 10 12 15 19 18 62 14 13 16 75 73 70 71 69 72 76 74 68 66 50 54 55 58 52 51 60 57 59 56 23 26 20 27 22 25 29 28 63 24 36 38 35 33 39 34 37 30 31 61 04 06 03 00 07 02 05 08 09 64 01 21 67 53 11 32 48 44 65 46 45 41 49 40 42 47 43 
12 14 18 13 16 11 19 62 17 15 70 74 72 66 68 67 69 76 71 75 55 57 51 56 59 53 52 60 58 50 27 25 24 22 28 23 26 21 29 63 61 37 39 36 34 31 35 38 32 30 64 05 07 04 02 09 03 06 01 08 00 20 73 54 10 33 46 47 42 40 41 43 48 45 49 65 44 
15 18 13 19 14 17 10 11 16 62 71 72 66 69 74 75 73 67 76 68 58 51 56 52 57 50 54 53 60 59 26 63 28 25 23 29 24 27 20 21 32 61 38 31 37 35 30 36 39 33 01 64 06 09 05 03 08 04 07 00 02 22 70 55 12 34 42 41 44 49 46 40 65 48 47 43 45 
19 17 16 14 11 15 18 12 62 10 69 75 68 74 67 71 72 70 73 76 52 50 59 57 53 58 51 55 54 60 63 20 27 29 26 24 21 25 28 22 34 33 61 39 30 38 36 32 37 31 02 00 64 07 08 06 04 01 05 09 03 23 66 56 13 35 47 40 41 65 49 48 44 42 43 45 46 
18 62 11 17 15 10 16 19 12 13 72 76 67 75 71 73 68 69 66 70 51 60 53 50 58 54 59 52 56 55 22 23 63 28 21 27 25 20 26 29 30 35 34 61 31 32 39 37 33 38 08 03 02 64 09 01 07 05 00 06 04 24 74 57 14 36 40 65 49 45 43 44 46 41 48 42 47 
62 13 19 10 18 16 12 17 14 11 76 66 69 73 72 68 70 75 67 74 60 56 52 54 51 59 55 50 53 57 24 21 23 63 29 20 28 26 22 27 39 32 36 35 61 30 33 31 38 34 07 01 04 03 64 08 00 09 06 02 05 25 71 58 15 37 44 46 45 47 42 49 43 65 41 40 48 
61 35 30 33 31 38 34 39 36 32 63 23 29 20 28 26 22 27 21 24 76 66 69 73 72 68 70 75 67 74 14 11 13 62 19 10 18 16 12 17 07 01 04 03 64 08 00 09 06 02 40 43 47 46 65 42 44 41 49 45 48 15 25 71 37 05 54 56 55 57 52 59 53 60 51 50 58 
36 37 61 32 34 30 39 35 33 31 24 25 63 21 22 29 27 23 28 20 74 71 76 67 70 69 75 66 72 73 10 18 15 14 62 11 12 19 17 13 03 09 00 05 04 64 01 02 08 07 46 41 44 48 47 65 43 45 42 40 49 16 26 68 38 06 53 58 50 54 60 52 51 57 55 56 59 
38 34 37 61 33 35 32 31 30 36 26 22 25 63 20 23 21 28 24 29 68 70 71 76 73 66 67 72 74 69 19 14 12 16 15 62 10 13 11 18 09 04 08 02 06 05 64 00 03 01 41 47 42 45 49 48 65 44 46 43 40 17 27 75 39 07 60 55 53 52 58 56 57 59 54 51 50 
35 32 39 38 61 34 36 33 37 30 23 21 27 26 63 22 24 20 29 25 66 67 75 68 76 70 74 73 69 71 15 19 11 13 17 16 62 12 14 10 00 08 05 01 03 07 06 64 02 04 44 42 48 43 46 40 49 65 45 47 41 18 28 72 31 09 59 53 57 58 50 55 52 56 60 54 51 
33 38 36 31 39 61 35 37 32 34 20 26 24 28 27 63 23 25 22 21 73 68 74 72 75 76 66 71 70 67 11 12 16 10 14 18 17 62 13 15 05 02 01 06 00 04 09 07 64 03 48 45 43 49 44 47 41 40 65 46 42 19 29 69 30 08 51 59 56 53 57 60 55 54 50 58 52 
39 33 34 37 30 31 61 36 35 38 27 20 22 25 29 28 63 24 26 23 75 73 70 71 69 72 76 74 68 66 13 16 10 17 12 15 19 18 62 14 04 06 03 00 07 02 05 08 09 64 47 49 46 44 40 45 48 42 41 65 43 11 21 67 32 01 58 54 60 56 55 51 59 50 52 57 53 
34 36 31 35 38 32 30 61 39 37 22 24 28 23 26 21 29 63 25 27 70 74 72 66 68 67 69 76 71 75 17 15 14 12 18 13 16 11 19 62 64 05 07 04 02 09 03 06 01 08 65 48 40 47 45 41 46 49 43 42 44 10 20 73 33 00 56 57 52 50 51 53 58 55 59 60 54 
37 31 35 30 36 39 33 32 38 61 25 28 23 29 24 27 20 21 63 26 71 72 66 69 74 75 73 67 76 68 16 62 18 15 13 19 14 17 10 11 01 64 06 09 05 03 08 04 07 00 43 65 49 41 48 46 42 47 40 44 45 12 22 70 34 02 52 51 54 59 56 50 60 58 57 53 55 
30 39 38 36 32 37 31 34 61 33 29 27 26 24 21 25 28 22 20 63 69 75 68 74 67 71 72 70 73 76 62 10 17 19 16 14 11 15 18 12 02 00 64 07 08 06 04 01 05 09 45 44 65 40 42 49 47 43 48 41 46 13 23 66 35 03 57 50 51 60 59 58 54 52 53 55 56 
31 61 32 39 37 33 38 30 34 35 28 63 21 27 25 20 26 29 23 22 72 76 67 75 71 73 68 69 66 70 12 13 62 18 11 17 15 10 16 19 08 03 02 64 09 01 07 05 00 06 42 46 45 65 41 43 40 48 44 49 47 14 24 74 36 04 50 60 59 55 53 54 56 51 58 52 57 
76 66 69 73 72 68 70 75 74 67 65 46 42 44 41 49 45 40 43 47 64 03 08 00 09 06 02 07 01 04 57 53 56 60 52 54 51 59 55 50 27 21 24 23 63 29 20 28 26 22 17 11 14 13 62 19 10 18 16 12 15 58 48 05 71 25 33 35 34 36 30 38 32 61 31 39 37 
74 71 76 67 70 69 75 66 73 72 47 48 65 43 45 42 40 46 41 44 04 05 64 01 02 08 07 03 09 00 54 51 58 57 60 53 55 52 50 56 23 28 20 25 24 63 21 22 29 27 13 18 10 15 14 62 11 12 19 17 16 59 49 06 68 26 32 37 39 33 61 30 31 36 34 35 38 
68 70 71 76 73 66 67 72 69 74 49 45 48 65 44 46 43 41 47 42 06 02 05 64 00 03 01 09 04 08 52 57 55 59 58 60 54 56 53 51 28 24 29 22 26 25 63 20 23 21 18 14 19 12 16 15 62 10 13 11 17 50 40 07 75 27 61 34 32 30 37 35 36 38 33 31 39 
66 67 75 68 76 70 74 73 71 69 46 43 40 49 65 45 47 44 42 48 03 01 07 06 64 02 04 00 08 05 58 52 53 56 50 59 60 55 57 54 20 29 25 21 23 27 26 63 22 24 10 19 15 11 13 17 16 62 12 14 18 51 41 09 72 28 38 32 36 37 39 34 30 35 61 33 31 
73 68 74 72 75 76 66 71 67 70 44 49 47 41 40 65 46 48 45 43 00 06 04 09 07 64 03 05 02 01 53 55 59 54 57 51 50 60 56 58 25 22 21 26 20 24 28 27 63 23 15 12 11 16 10 14 18 17 62 13 19 52 42 08 69 29 31 38 35 32 36 61 34 33 39 37 30 
75 73 70 71 69 72 76 74 66 68 40 44 45 48 42 41 65 47 49 46 07 00 02 05 08 09 64 04 06 03 56 59 54 50 55 58 52 51 60 57 24 26 23 20 27 22 25 29 28 63 14 16 13 10 17 12 15 19 18 62 11 53 43 01 67 21 37 33 61 35 34 31 38 39 30 36 32 
70 74 72 66 68 67 69 76 75 71 45 47 41 46 49 43 42 65 48 40 02 04 09 03 06 01 08 64 05 07 50 58 57 55 51 56 59 53 52 60 63 25 27 24 22 28 23 26 21 29 62 15 17 14 12 18 13 16 11 19 10 54 44 00 73 20 35 36 30 39 31 32 37 34 38 61 33 
71 72 66 69 74 75 73 67 68 76 48 41 46 42 47 40 44 43 65 49 05 09 03 08 04 07 00 01 64 06 59 60 51 58 56 52 57 50 54 53 21 63 26 28 25 23 29 24 27 20 11 62 16 18 15 13 19 14 17 10 12 55 45 02 70 22 30 31 33 38 35 39 61 37 36 32 34 
69 75 68 74 67 71 72 70 76 73 42 40 49 47 43 48 41 45 44 65 08 07 06 04 01 05 09 02 00 64 60 54 50 52 59 57 53 58 51 55 22 20 63 27 29 26 24 21 25 28 12 10 62 17 19 16 14 11 15 18 13 56 46 03 66 23 36 39 31 61 38 37 33 30 32 34 35 
72 76 67 75 71 73 68 69 70 66 41 65 43 40 48 44 49 42 46 45 09 64 01 07 05 00 06 08 03 02 55 56 60 51 53 50 58 54 59 52 29 23 22 63 28 21 27 25 20 26 19 13 12 62 18 11 17 15 10 16 14 57 47 04 74 24 39 61 38 34 32 33 35 31 37 30 36 
67 69 73 70 66 74 71 68 72 75 43 42 44 45 46 47 48 49 40 41 01 08 00 02 03 04 05 06 07 09 51 50 52 53 54 55 56 57 58 59 26 27 28 29 21 20 22 23 24 25 16 17 18 19 11 10 12 13 14 15 62 60 65 64 76 63 34 30 37 31 33 36 39 32 35 38 61 
11 19 10 12 13 14 15 16 18 17 67 69 73 70 66 74 71 68 75 72 53 52 54 55 56 57 58 59 50 51 28 27 29 21 20 22 23 24 25 26 38 39 31 30 32 33 34 35 36 37 06 07 09 08 01 00 02 03 04 05 64 63 76 60 62 61 45 42 48 41 44 47 40 43 46 49 65 
43 42 44 45 46 47 48 49 41 40 32 30 33 34 35 36 37 38 39 31 11 19 10 12 13 14 15 16 17 18 09 07 08 01 00 02 03 04 05 06 59 50 51 52 53 54 55 56 57 58 68 75 72 69 67 73 70 66 74 71 76 64 61 62 65 60 22 29 25 28 20 24 27 21 23 26 63 
21 29 20 22 23 24 25 26 28 27 53 52 54 55 56 57 58 59 50 51 43 42 44 45 46 47 48 49 40 41 72 75 69 67 73 70 66 74 71 68 16 17 18 19 11 10 12 13 14 15 38 39 31 30 32 33 34 35 36 37 61 76 60 65 63 62 02 08 05 09 00 04 07 01 03 06 64 
53 52 54 55 56 57 58 59 51 50 01 08 00 02 03 04 05 06 07 09 32 30 33 34 35 36 37 38 39 31 41 40 42 43 44 45 46 47 48 49 68 75 72 69 67 73 70 66 74 71 26 27 28 29 21 20 22 23 24 25 63 65 64 61 60 76 12 19 15 18 10 14 17 11 13 16 62 
32 30 33 34 35 36 37 38 31 39 21 29 20 22 23 24 25 26 27 28 67 69 73 70 66 74 71 68 75 72 18 17 19 11 10 12 13 14 15 16 06 07 09 08 01 00 02 03 04 05 49 40 41 42 43 44 45 46 47 48 65 62 63 76 61 64 55 52 58 51 54 57 50 53 56 59 60 
02 04 09 03 06 01 08 64 07 05 12 14 18 13 16 11 19 62 15 17 22 24 28 23 26 21 29 63 25 27 39 37 36 34 31 35 38 32 30 61 65 48 40 47 45 41 46 49 43 42 60 58 50 57 55 51 56 59 53 52 54 33 10 20 00 44 66 69 76 73 67 68 74 71 75 70 72 
03 01 07 06 64 02 04 00 05 08 13 11 17 16 62 12 14 10 19 15 23 21 27 26 63 22 24 20 29 25 37 30 32 35 39 38 61 34 36 33 44 42 48 43 46 40 49 65 45 47 54 52 58 53 56 50 59 60 55 57 51 31 18 28 09 41 76 67 72 75 66 73 70 74 69 68 71 
09 64 01 07 05 00 06 08 02 03 18 62 11 17 15 10 16 19 13 12 28 63 21 27 25 20 26 29 23 22 34 35 61 31 32 39 37 33 38 30 42 46 45 65 41 43 40 48 44 49 52 56 55 60 51 53 50 58 54 59 57 36 14 24 04 47 70 71 68 76 74 66 69 75 72 67 73 
06 02 05 64 00 03 01 09 08 04 16 12 15 62 10 13 11 18 14 19 26 22 25 63 20 23 21 28 24 29 30 36 34 38 37 61 33 35 32 31 41 47 42 45 49 48 65 44 46 43 51 57 52 55 59 58 60 54 56 53 50 39 17 27 07 40 72 66 71 69 76 75 68 70 67 73 74 
07 00 02 05 08 09 64 04 03 06 17 10 12 15 19 18 62 14 16 13 27 20 22 25 29 28 63 24 26 23 35 38 33 39 34 37 30 31 61 36 47 49 46 44 40 45 48 42 41 65 57 59 56 54 50 55 58 52 51 60 53 32 11 21 01 43 68 74 73 72 70 76 67 69 71 66 75 
08 07 06 04 01 05 09 02 64 00 19 17 16 14 11 15 18 12 10 62 29 27 26 24 21 25 28 22 20 63 61 33 39 30 38 36 32 37 31 34 45 44 65 40 42 49 47 43 48 41 55 54 60 50 52 59 57 53 58 51 56 35 13 23 03 46 75 68 69 74 73 71 76 66 70 72 67 
04 05 64 01 02 08 07 03 00 09 14 15 62 11 12 19 17 13 18 10 24 25 63 21 22 29 27 23 28 20 33 31 37 36 61 32 34 30 39 35 46 41 44 48 47 65 43 45 42 40 56 51 54 58 57 60 53 55 52 50 59 38 16 26 06 49 69 73 67 70 75 74 72 76 68 71 66 
00 06 04 09 07 64 03 05 01 02 10 16 14 18 17 62 13 15 12 11 20 26 24 28 27 63 23 25 22 21 32 34 38 33 36 31 39 61 35 37 48 45 43 49 44 47 41 40 65 46 58 55 53 59 54 57 51 50 60 56 52 30 19 29 08 42 74 72 70 66 71 67 75 73 76 69 68 
05 09 03 08 04 07 00 01 06 64 15 18 13 19 14 17 10 11 62 16 25 28 23 29 24 27 20 21 63 26 38 61 31 37 35 30 36 39 33 32 43 65 49 41 48 46 42 47 40 44 53 60 59 51 58 56 52 57 50 54 55 34 12 22 02 45 73 70 75 71 68 72 66 67 74 76 69 
64 03 08 00 09 06 02 07 04 01 62 13 19 10 18 16 12 17 11 14 63 23 29 20 28 26 22 27 21 24 36 32 35 61 30 33 31 38 34 39 40 43 47 46 65 42 44 41 49 45 50 53 57 56 60 52 54 51 59 55 58 37 15 25 05 48 71 76 74 67 72 69 73 68 66 75 70 
01 08 00 02 03 04 05 06 09 07 11 19 10 12 13 14 15 16 17 18 21 29 20 22 23 24 25 26 27 28 31 39 30 32 33 34 35 36 37 38 49 40 41 42 43 44 45 46 47 48 59 50 51 52 53 54 55 56 57 58 60 61 62 63 64 65 67 75 66 68 69 70 71 72 73 74 76 
