51 56 53 59 60 55 50 52 58 57 03 00 06 09 64 02 04 01 08 05 36 31 35 32 38 61 34 39 30 37 48 41 40 42 43 49 65 45 47 46 73 67 71 75 66 69 70 76 74 72 24 21 26 22 29 27 20 63 23 25 28 44 07 33 54 68 15 11 19 10 14 12 62 16 17 13 18 
59 50 57 54 53 60 58 55 51 56 01 09 04 07 06 64 03 05 02 00 35 38 39 36 33 32 61 37 34 31 41 49 48 45 47 44 43 65 46 40 75 70 67 71 74 72 68 69 76 73 22 20 21 26 23 25 28 27 63 24 29 42 08 30 52 66 11 16 12 15 13 62 17 18 14 10 19 
50 53 55 58 52 54 57 59 56 60 06 01 02 05 08 07 64 04 09 03 61 39 32 34 37 30 33 36 38 35 46 40 47 49 45 48 42 44 65 43 69 75 73 72 70 74 71 66 68 76 27 22 24 25 20 23 26 29 28 63 21 41 00 31 51 67 13 10 16 14 62 18 19 15 12 17 11 
57 55 54 56 59 51 60 58 53 52 02 04 07 03 09 00 08 64 05 06 30 36 34 33 35 38 31 61 37 32 43 47 65 48 44 46 49 41 42 45 74 72 69 76 71 68 73 70 67 66 23 25 27 63 26 28 24 20 21 29 22 40 01 39 50 75 17 14 15 62 19 11 16 13 18 12 10 
54 58 56 52 57 53 51 60 59 50 05 07 03 08 04 06 01 00 64 09 39 33 37 35 30 36 32 31 61 38 49 44 41 65 46 42 47 43 40 48 71 68 70 67 76 73 66 72 69 75 26 28 20 21 63 24 29 25 27 22 23 45 02 34 55 74 16 18 62 11 10 17 14 19 13 15 12 
53 52 59 57 51 58 55 50 60 54 08 06 09 04 00 05 07 02 01 64 33 32 30 38 36 31 37 34 39 61 65 43 45 40 49 47 41 48 44 42 66 69 76 74 75 70 72 67 71 68 29 27 63 23 22 20 25 21 26 28 24 46 03 35 56 73 62 17 10 12 18 15 11 14 16 19 13 
56 60 52 50 54 59 53 51 57 55 64 03 08 01 07 09 02 06 00 04 34 35 61 30 39 33 38 32 31 36 47 46 43 41 42 40 44 49 45 65 76 73 72 69 67 66 75 68 70 74 63 24 25 27 21 29 22 28 20 23 26 48 05 37 58 71 14 13 11 17 12 16 18 10 19 62 15 
58 57 60 51 55 52 56 54 50 53 04 05 64 00 02 08 06 03 07 01 32 37 36 61 31 34 30 35 33 39 40 48 46 44 65 41 45 42 43 47 72 71 75 73 68 76 67 74 66 69 25 26 22 24 28 63 21 23 29 27 20 49 09 38 59 70 10 15 18 13 17 19 12 11 62 14 16 
55 59 58 60 50 56 54 57 52 51 09 02 05 64 01 03 00 07 04 08 31 34 38 37 61 39 35 33 36 30 42 45 44 47 48 65 40 46 41 49 70 74 66 68 72 71 76 75 73 67 20 23 29 28 25 26 63 22 24 21 27 43 06 32 53 69 19 12 14 18 11 13 10 62 15 16 17 
60 54 51 53 58 50 52 56 55 59 07 64 00 06 05 01 09 08 03 02 38 61 33 31 32 37 39 30 35 34 45 65 42 46 41 43 48 40 49 44 68 76 74 66 73 67 69 71 75 70 28 63 23 29 24 21 27 26 22 20 25 47 04 36 57 72 12 62 13 19 16 10 15 17 11 18 14 
49 40 47 44 43 65 48 45 41 46 39 38 36 33 32 61 35 37 34 31 13 16 10 14 18 17 62 15 12 11 00 09 05 02 04 07 06 64 03 01 50 59 51 58 55 57 54 53 60 56 75 70 67 71 74 72 68 69 76 73 66 08 30 19 42 52 21 20 23 26 24 63 27 28 25 22 29 
41 46 43 49 65 45 40 42 48 47 35 31 32 38 61 34 36 39 30 37 14 11 13 17 16 62 12 10 19 15 05 00 01 08 06 09 64 02 04 03 56 51 58 50 52 53 59 60 55 57 73 67 71 75 66 69 70 76 74 72 68 07 33 18 44 54 26 21 29 22 25 23 63 20 27 24 28 
40 43 45 48 42 44 47 49 46 65 32 39 34 37 30 33 61 36 38 35 62 10 17 12 15 19 18 14 16 13 03 01 04 09 02 05 08 07 64 06 53 50 56 57 59 55 58 52 54 60 69 75 73 72 70 74 71 66 68 76 67 00 31 11 41 51 24 22 20 25 63 28 29 26 23 27 21 
47 45 44 46 49 41 65 48 43 42 34 36 33 35 38 31 30 61 37 32 19 14 12 18 13 16 11 62 15 17 06 04 64 05 07 03 09 00 08 02 55 57 53 60 58 54 56 59 51 52 74 72 69 76 71 68 73 70 67 66 75 01 39 10 40 50 27 25 26 63 29 21 20 24 28 23 22 
44 48 46 42 47 43 41 65 49 40 37 33 35 30 36 32 39 31 61 38 10 18 15 13 19 14 17 11 62 16 09 07 00 64 03 08 04 06 01 05 58 54 59 51 60 56 52 57 53 50 71 68 70 67 76 73 66 72 69 75 74 02 34 12 45 55 20 28 63 21 22 27 25 29 24 26 23 
43 42 49 47 41 48 45 40 65 44 30 32 38 36 31 37 33 34 39 61 18 17 19 16 14 11 15 12 10 62 64 06 02 01 09 04 00 05 07 08 52 53 60 55 50 59 57 51 58 54 66 69 76 74 75 70 72 67 71 68 73 03 35 13 46 56 63 27 22 23 28 26 21 25 20 29 24 
65 44 41 43 48 40 42 46 45 49 33 61 31 32 37 39 38 30 35 34 16 62 18 11 17 15 10 19 13 12 02 64 08 03 00 06 05 01 09 07 54 60 55 52 56 51 53 58 50 59 68 76 74 66 73 67 69 71 75 70 72 04 36 14 47 57 23 63 24 29 20 22 26 27 21 28 25 
46 65 42 40 44 49 43 41 47 45 61 35 30 39 33 38 34 32 31 36 12 13 62 19 10 18 16 17 11 14 04 03 06 00 08 01 07 09 02 64 60 56 57 53 51 52 50 54 59 55 76 73 72 69 67 66 75 68 70 74 71 05 37 15 48 58 25 24 21 27 23 20 28 22 29 63 26 
48 47 65 41 45 42 46 44 40 43 36 37 61 31 34 30 32 35 33 39 17 15 14 62 11 12 19 13 18 10 01 05 03 07 64 00 02 08 06 04 57 58 50 56 54 60 51 55 52 53 72 71 75 73 68 76 67 74 66 69 70 09 38 16 49 59 22 26 28 24 27 29 23 21 63 25 20 
45 49 48 65 40 46 44 47 42 41 38 34 37 61 39 35 31 33 36 30 11 12 16 15 62 10 13 18 14 19 08 02 07 04 05 64 01 03 00 09 59 55 52 54 57 58 60 50 56 51 70 74 66 68 72 71 76 75 73 67 69 06 32 17 43 53 29 23 25 28 21 24 22 63 26 20 27 
63 28 21 27 26 22 29 24 23 20 54 60 51 53 58 50 59 52 56 55 49 65 44 41 43 48 40 42 46 45 74 76 66 73 67 69 71 75 70 68 18 62 12 19 13 11 17 15 10 16 33 61 34 30 35 31 32 37 39 38 36 72 57 47 25 14 02 64 03 08 09 01 05 06 00 07 04 
21 24 27 20 63 23 22 29 26 25 56 51 53 59 60 55 57 50 52 58 47 41 46 43 49 65 45 40 42 48 71 67 75 66 69 70 76 74 72 73 13 11 15 10 19 17 16 62 12 14 35 31 37 39 30 32 38 61 34 36 33 68 54 44 28 18 05 00 08 01 04 02 64 09 06 03 07 
20 22 25 28 27 63 26 23 21 24 50 59 57 54 53 60 56 58 55 51 46 49 40 47 44 43 65 48 45 41 67 70 71 74 72 68 69 76 73 75 10 16 11 15 12 14 18 17 62 13 39 38 31 37 34 36 33 32 61 35 30 66 52 42 29 19 00 09 02 05 03 64 06 07 04 01 08 
22 27 23 26 29 28 25 20 24 63 53 50 55 58 52 54 60 57 59 56 65 40 43 45 48 42 44 47 49 46 73 75 72 70 74 71 66 68 76 69 17 10 13 14 16 12 15 19 18 62 32 39 35 36 38 34 37 30 33 61 31 67 51 41 21 11 03 01 09 04 64 07 08 05 02 06 00 
25 23 28 24 20 21 63 26 27 29 55 57 54 56 59 51 52 60 58 53 42 47 45 44 46 49 41 65 48 43 69 72 76 71 68 73 70 67 66 74 12 14 17 62 15 18 13 16 11 19 34 36 32 61 37 33 35 38 31 30 39 75 50 40 22 10 06 04 05 64 08 00 09 03 07 02 01 
28 26 24 29 25 27 21 63 20 22 58 54 56 52 57 53 50 51 60 59 40 44 48 46 42 47 43 41 65 49 70 68 67 76 73 66 72 69 75 71 15 18 16 11 62 13 19 14 17 10 37 33 38 31 61 35 30 36 32 39 34 74 55 45 23 12 09 07 64 00 01 06 04 08 03 05 02 
27 29 20 25 21 26 23 22 63 28 52 53 59 57 51 58 54 55 50 60 44 43 42 49 47 41 48 45 40 65 76 69 74 75 70 72 67 71 68 66 19 17 62 12 10 16 14 11 15 18 30 32 61 34 39 38 36 31 37 33 35 73 56 46 24 13 64 06 01 02 07 05 00 04 09 08 03 
24 63 29 22 28 20 27 21 25 23 60 56 52 50 54 59 55 53 51 57 45 46 65 42 40 44 49 43 41 47 72 73 69 67 66 75 68 70 74 76 62 13 14 17 11 19 10 18 16 12 61 35 36 32 31 30 39 33 38 34 37 71 58 48 26 15 04 03 00 06 02 09 07 01 08 64 05 
26 25 63 21 23 29 24 28 22 27 57 58 60 51 55 52 53 56 54 50 43 48 47 65 41 45 42 46 44 40 75 71 73 68 76 67 74 66 69 72 14 15 10 13 18 62 11 12 19 17 36 37 39 35 33 61 31 34 30 32 38 70 59 49 20 16 01 05 07 03 06 08 02 00 64 04 09 
23 20 26 63 22 24 28 25 29 21 59 55 58 60 50 56 51 54 57 52 41 45 49 48 65 40 46 44 47 42 66 74 68 72 71 76 75 73 67 70 16 12 19 18 14 15 62 10 13 11 38 34 30 33 36 37 61 39 35 31 32 69 53 43 27 17 08 02 04 07 00 03 01 64 05 09 06 
12 16 15 62 10 13 18 14 19 11 70 74 71 76 75 73 67 68 72 66 51 55 59 58 60 50 56 54 57 52 29 23 28 25 26 63 22 24 21 20 38 34 30 33 36 37 61 39 35 31 09 02 08 07 04 05 64 01 03 00 06 27 69 53 17 32 42 45 47 44 41 46 40 65 48 49 43 
11 13 17 16 62 12 10 19 15 14 73 67 69 70 76 74 72 75 66 71 57 51 56 53 59 60 55 50 52 58 26 21 22 29 27 20 63 23 25 24 35 31 37 39 30 32 38 61 34 36 03 00 05 01 08 06 09 64 02 04 07 28 68 54 18 33 48 41 42 40 47 45 65 49 43 46 44 
13 62 19 10 18 16 17 11 14 12 76 73 66 75 68 70 74 69 67 72 55 56 60 52 50 54 59 53 51 57 25 24 27 21 29 22 28 20 23 63 61 35 36 32 31 30 39 33 38 34 64 03 04 06 00 08 01 07 09 02 05 26 71 58 15 37 47 46 41 43 45 49 44 40 42 65 48 
15 14 62 11 12 19 13 18 10 17 72 71 76 67 74 66 69 73 68 75 53 58 57 60 51 55 52 56 54 50 22 26 24 28 63 21 23 29 27 25 36 37 39 35 33 61 31 34 30 32 04 05 01 03 07 64 00 02 08 06 09 20 70 59 16 38 40 48 44 46 43 42 45 41 65 47 49 
10 17 12 15 19 18 14 16 13 62 69 75 74 71 66 68 76 72 70 73 60 50 53 55 58 52 54 57 59 56 24 22 25 20 23 26 29 28 63 27 32 39 35 36 38 34 37 30 33 61 06 01 03 04 09 02 05 08 07 64 00 21 67 51 11 31 46 40 49 47 65 44 42 48 45 43 41 
14 12 18 13 16 11 62 15 17 19 74 72 68 73 70 67 66 76 71 69 52 57 55 54 56 59 51 60 58 53 27 25 63 26 28 24 20 21 29 23 34 36 32 61 37 33 35 38 31 30 02 04 06 64 05 07 03 09 00 08 01 22 75 50 10 39 43 47 48 65 42 41 49 46 44 45 40 
18 15 13 19 14 17 11 62 16 10 71 68 73 66 72 69 75 67 76 70 50 54 58 56 52 57 53 51 60 59 20 28 21 63 24 29 25 27 22 26 37 33 38 31 61 35 30 36 32 39 05 07 09 00 64 03 08 04 06 01 02 23 74 55 12 34 49 44 65 41 40 43 47 42 46 48 45 
17 19 16 14 11 15 12 10 62 18 66 69 70 72 67 71 68 74 75 76 54 53 52 59 57 51 58 55 50 60 63 27 23 22 20 25 21 26 28 29 30 32 61 34 39 38 36 31 37 33 08 06 64 02 01 09 04 00 05 07 03 24 73 56 13 35 65 43 40 45 44 48 41 47 49 42 46 
62 18 11 17 15 10 19 13 12 16 68 76 67 69 71 75 70 66 73 74 59 60 54 51 53 58 50 52 56 55 23 63 29 24 21 27 26 22 20 28 33 61 34 30 35 31 32 37 39 38 07 64 02 08 03 00 06 05 01 09 04 25 72 57 14 36 45 65 46 42 49 40 48 43 41 44 47 
16 10 14 18 17 62 15 12 11 13 75 70 72 68 69 76 73 71 74 67 56 59 50 57 54 53 60 58 55 51 21 20 26 23 25 28 27 63 24 22 39 38 31 37 34 36 33 32 61 35 01 09 00 05 02 04 07 06 64 03 08 29 66 52 19 30 41 49 45 48 46 65 43 44 47 40 42 
38 39 36 33 32 61 37 34 31 35 22 20 25 28 27 63 24 26 23 21 73 70 75 72 68 69 76 71 74 67 11 16 15 12 14 18 17 62 13 10 01 09 00 05 02 04 07 06 64 03 40 49 41 48 45 47 44 43 65 46 42 19 29 66 30 08 51 59 55 58 56 60 53 54 57 50 52 
31 35 32 38 61 34 39 30 37 36 24 21 27 20 63 23 25 22 29 26 72 67 73 69 70 76 74 75 66 71 15 11 10 19 17 16 62 12 14 13 03 00 05 01 08 06 09 64 02 04 46 41 48 40 42 43 49 65 45 47 44 18 28 68 33 07 58 51 52 50 57 55 60 59 53 56 54 
34 38 37 61 39 35 33 36 30 31 20 23 26 63 22 24 21 28 25 29 67 74 70 71 76 75 73 68 72 66 19 12 18 14 15 62 10 13 11 16 09 02 08 07 04 05 64 01 03 00 49 45 42 44 47 48 65 40 46 41 43 17 27 69 32 06 52 55 57 54 51 56 50 60 58 59 53 
35 61 30 39 33 38 32 31 36 34 63 24 29 22 28 20 23 27 21 25 74 73 76 66 75 68 70 69 67 72 14 13 17 11 19 10 18 16 12 62 64 03 04 06 00 08 01 07 09 02 65 46 47 43 41 42 40 44 49 45 48 15 26 71 37 05 57 56 51 53 55 59 54 50 52 60 58 
37 36 61 31 34 30 35 33 39 32 25 26 63 21 23 29 27 24 28 22 69 71 72 76 67 74 66 73 68 75 10 15 13 18 62 11 12 19 17 14 04 05 01 03 07 64 00 02 08 06 47 48 40 46 44 65 41 45 42 43 49 16 20 70 38 09 50 58 54 56 53 52 55 51 60 57 59 
39 32 34 37 30 33 36 38 35 61 27 22 23 26 29 28 63 25 20 24 76 75 69 74 71 66 68 72 70 73 13 10 14 16 12 15 19 18 62 17 06 01 03 04 09 02 05 08 07 64 43 40 46 47 49 45 48 42 44 65 41 11 21 67 31 00 56 50 59 57 60 54 52 58 55 53 51 
36 34 33 35 38 31 61 37 32 30 23 25 28 24 20 21 29 63 26 27 66 72 74 68 73 70 67 76 71 69 17 14 62 15 18 13 16 11 19 12 02 04 06 64 05 07 03 09 00 08 45 47 43 65 48 44 46 49 41 42 40 10 22 75 39 01 53 57 58 60 52 51 59 56 54 55 50 
33 37 35 30 36 32 31 61 38 39 26 28 24 29 25 27 22 21 63 20 75 68 71 73 66 72 69 67 76 70 16 18 11 62 13 19 14 17 10 15 05 07 09 00 64 03 08 04 06 01 48 44 49 41 65 46 42 47 43 40 45 12 23 74 34 02 59 54 60 51 50 53 57 52 56 58 55 
32 30 38 36 31 37 34 39 61 33 29 27 20 25 21 26 28 23 22 63 68 69 66 70 72 67 71 74 75 76 62 17 12 10 16 14 11 15 18 19 08 06 64 02 01 09 04 00 05 07 42 43 65 45 40 49 47 41 48 44 46 13 24 73 35 03 60 53 50 55 54 58 51 57 59 52 56 
61 33 31 32 37 39 30 35 34 38 28 63 21 27 26 22 20 29 24 23 70 76 68 67 69 71 75 66 73 74 12 62 19 13 11 17 15 10 16 18 07 64 02 08 03 00 06 05 01 09 44 65 45 42 46 41 43 48 40 49 47 14 25 72 36 04 55 60 56 52 59 50 58 53 51 54 57 
70 75 72 68 69 76 71 74 67 73 40 49 47 44 43 65 46 48 45 41 03 09 01 04 07 06 64 05 02 00 51 59 58 55 57 54 53 60 56 50 22 20 21 26 23 25 28 27 63 24 10 16 11 15 12 14 18 17 62 13 19 52 42 08 66 29 31 38 34 37 35 61 32 33 36 39 30 
67 73 69 70 76 74 75 66 71 72 46 41 43 49 65 45 47 40 42 48 04 00 03 06 09 64 02 01 08 05 58 51 50 52 53 59 60 55 57 56 24 21 26 22 29 27 20 63 23 25 13 11 15 10 19 17 16 62 12 14 18 54 44 07 68 28 37 31 30 39 36 34 61 38 32 35 33 
74 70 71 76 75 73 68 72 66 67 49 45 48 65 40 46 41 44 47 42 00 02 09 05 64 01 03 07 04 08 52 55 54 57 58 60 50 56 51 59 20 23 29 28 25 26 63 22 24 21 16 12 19 18 14 15 62 10 13 11 17 53 43 06 69 27 30 34 36 33 31 35 39 61 37 38 32 
73 76 66 75 68 70 69 67 72 74 65 46 42 40 44 49 45 43 41 47 02 03 64 08 01 07 09 06 00 04 57 56 53 51 52 50 54 59 55 60 63 24 25 27 21 29 22 28 20 23 62 13 14 17 11 19 10 18 16 12 15 58 48 05 71 26 36 35 31 32 34 38 33 39 30 61 37 
71 72 76 67 74 66 73 68 75 69 47 48 65 41 45 42 43 46 44 40 06 05 04 64 00 02 08 03 07 01 50 58 56 54 60 51 55 52 53 57 25 26 22 24 28 63 21 23 29 27 14 15 10 13 18 62 11 12 19 17 16 59 49 09 70 20 39 37 33 35 32 30 34 31 61 36 38 
75 69 74 71 66 68 72 70 73 76 43 40 45 48 42 44 65 47 49 46 64 01 06 02 05 08 07 04 09 03 56 50 57 59 55 58 52 54 60 53 27 22 24 25 20 23 26 29 28 63 17 10 13 14 16 12 15 19 18 62 11 51 41 00 67 21 35 39 38 36 61 33 30 37 34 32 31 
72 74 68 73 70 67 76 71 69 66 45 47 44 46 49 41 42 65 48 43 08 04 02 07 03 09 00 64 05 06 53 57 60 58 54 56 59 51 52 55 23 25 27 63 26 28 24 20 21 29 12 14 17 62 15 18 13 16 11 19 10 50 40 01 75 22 32 36 37 61 30 31 38 35 33 34 39 
68 71 73 66 72 69 67 76 70 75 48 44 46 42 47 43 40 41 65 49 01 07 05 03 08 04 06 00 64 09 59 54 51 60 56 52 57 53 50 58 26 28 20 21 63 24 29 25 27 22 15 18 16 11 62 13 19 14 17 10 12 55 45 02 74 23 38 33 61 31 39 32 36 30 35 37 34 
69 66 70 72 67 71 74 75 76 68 42 43 49 47 41 48 44 45 40 65 07 06 08 09 04 00 05 02 01 64 60 53 55 50 59 57 51 58 54 52 29 27 63 23 22 20 25 21 26 28 19 17 62 12 10 16 14 11 15 18 13 56 46 03 73 24 61 32 39 34 33 37 31 36 38 30 35 
76 68 67 69 71 75 66 73 74 70 44 65 41 43 48 40 49 42 46 45 09 64 07 00 06 05 01 08 03 02 55 60 52 56 51 53 58 50 59 54 28 63 23 29 24 21 27 26 22 20 18 62 12 19 13 11 17 15 10 16 14 57 47 04 72 25 34 61 35 30 38 39 37 32 31 33 36 
66 67 75 74 73 72 70 69 68 71 41 42 40 45 46 47 48 49 43 44 05 08 00 01 02 03 04 09 06 07 54 52 59 53 50 55 56 57 58 51 21 29 28 20 27 22 23 24 25 26 11 19 18 16 17 10 12 13 14 15 62 60 65 64 76 63 33 30 32 38 37 36 35 34 39 31 61 
19 11 10 12 13 14 16 17 18 15 67 66 75 74 73 72 71 70 69 68 58 52 51 50 55 56 57 59 53 54 28 29 20 27 22 23 24 25 26 21 31 30 33 38 32 39 34 35 36 37 00 08 07 09 06 01 02 03 04 05 64 63 76 60 62 61 44 42 43 49 48 47 46 45 40 41 65 
42 41 40 45 46 47 49 43 44 48 31 30 39 34 35 36 37 38 32 33 15 19 11 10 12 13 14 16 17 18 07 08 09 06 01 02 03 04 05 00 51 52 54 59 53 50 55 56 57 58 67 66 68 70 69 75 74 73 72 71 76 64 61 62 65 60 28 29 27 20 26 25 24 23 22 21 63 
29 21 22 23 24 25 20 27 28 26 51 52 50 55 56 57 58 59 53 54 48 42 41 40 45 46 47 49 43 44 68 66 70 69 75 74 73 72 71 67 11 19 18 16 17 10 12 13 14 15 31 30 33 38 32 39 34 35 36 37 61 76 60 65 63 62 07 08 06 09 05 04 03 02 01 00 64 
52 51 50 55 56 57 59 53 54 58 00 08 01 02 03 04 05 09 06 07 37 30 31 39 34 35 36 38 32 33 44 42 49 43 40 45 46 47 48 41 67 66 68 70 69 75 74 73 72 71 21 29 28 20 27 22 23 24 25 26 63 65 64 61 60 76 18 19 17 16 15 14 13 12 10 11 62 
30 31 39 34 35 36 38 32 33 37 21 29 22 23 24 25 26 20 27 28 71 66 67 75 74 73 72 70 69 68 18 19 16 17 10 12 13 14 15 11 00 08 07 09 06 01 02 03 04 05 41 42 44 49 43 40 45 46 47 48 65 62 63 76 61 64 54 52 53 59 58 57 56 55 50 51 60 
02 09 05 64 01 03 07 04 08 00 16 12 15 62 10 13 11 18 14 19 21 23 20 26 63 22 24 28 25 29 30 34 33 36 37 61 39 35 31 38 49 45 42 44 47 48 65 40 46 41 59 55 52 54 57 58 60 50 56 51 53 32 17 27 06 43 66 70 69 76 75 74 68 71 67 72 73 
00 03 06 09 64 02 01 08 05 04 13 11 17 16 62 12 14 10 19 15 25 21 24 27 20 63 23 22 29 26 37 31 39 30 32 38 61 34 36 35 46 41 48 40 42 43 49 65 45 47 56 51 58 50 52 53 59 60 55 57 54 33 18 28 07 44 68 67 76 74 73 66 70 75 71 69 72 
05 04 64 00 02 08 03 07 01 06 14 15 62 11 12 19 17 13 18 10 27 26 25 63 21 23 29 24 28 22 39 37 35 33 61 31 34 30 32 36 47 48 40 46 44 65 41 45 42 43 57 58 50 56 54 60 51 55 52 53 59 38 16 20 09 49 71 73 68 70 76 67 75 69 72 66 74 
03 64 08 01 07 09 06 00 04 02 62 13 19 10 18 16 12 17 11 14 23 24 63 29 22 28 20 27 21 25 36 35 32 31 30 39 33 38 34 61 65 46 47 43 41 42 40 44 49 45 60 56 57 53 51 52 50 54 59 55 58 37 15 26 05 48 74 68 72 69 71 76 66 67 70 73 75 
64 07 00 06 05 01 08 03 02 09 18 62 11 17 15 10 16 19 13 12 20 63 28 21 27 26 22 29 24 23 34 61 30 35 31 32 37 39 38 33 44 65 45 42 46 41 43 48 40 49 54 60 55 52 56 51 53 58 50 59 57 36 14 25 04 47 69 74 75 73 70 72 76 68 66 71 67 
06 08 09 04 00 05 02 01 64 07 19 17 16 14 11 15 18 12 10 62 28 27 29 20 25 21 26 23 22 63 61 32 34 39 38 36 31 37 33 30 42 43 65 45 40 49 47 41 48 44 52 53 60 55 50 59 57 51 58 54 56 35 13 24 03 46 75 72 70 67 74 71 73 76 69 68 66 
07 05 03 08 04 06 00 64 09 01 15 18 13 19 14 17 10 11 62 16 22 28 26 24 29 25 27 21 63 20 38 33 31 61 35 30 36 32 39 37 48 44 49 41 65 46 42 47 43 40 58 54 59 51 60 56 52 57 53 50 55 34 12 23 02 45 73 69 67 71 66 75 72 74 76 70 68 
04 02 07 03 09 00 64 05 06 08 12 14 18 13 16 11 19 62 15 17 29 25 23 28 24 20 21 63 26 27 32 36 61 37 33 35 38 31 30 34 45 47 43 65 48 44 46 49 41 42 55 57 53 60 58 54 56 59 51 52 50 39 10 22 01 40 70 71 74 66 72 68 67 73 75 76 69 
01 06 02 05 08 07 04 09 03 64 17 10 12 15 19 18 62 14 16 13 63 22 27 23 26 29 28 25 20 24 35 39 36 38 34 37 30 33 61 32 43 40 46 47 49 45 48 42 44 65 53 50 56 57 59 55 58 52 54 60 51 31 11 21 00 41 72 76 71 75 68 73 69 66 74 67 70 
09 01 04 07 06 64 05 02 00 03 10 16 14 18 17 62 13 15 12 11 24 20 22 25 28 27 63 26 23 21 31 38 37 34 36 33 32 61 35 39 40 49 41 48 45 47 44 43 65 46 50 59 51 58 55 57 54 53 60 56 52 30 19 29 08 42 76 66 73 72 67 69 74 70 68 75 71 
08 00 01 02 03 04 09 06 07 05 11 19 10 12 13 14 15 16 17 18 26 29 21 22 23 24 25 20 27 28 33 30 38 32 39 34 35 36 37 31 41 42 44 49 43 40 45 46 47 48 51 52 54 59 53 50 55 56 57 58 60 61 62 63 64 65 67 75 66 68 69 70 71 72 73 74 76 
