71 70 68 75 72 74 73 67 66 76 61 11 18 15 10 16 19 13 17 14 64 40 48 45 41 46 49 43 47 44 65 0  7  4  9  5  8  2  6  3  52 60 58 55 51 56 59 53 57 54 38 63 31 35 30 36 39 33 37 34 32 12 42 1  50 69 20 23 26 28 27 21 29 25 24 62 22
67 69 76 68 74 75 70 72 71 73 13 17 12 61 15 19 10 18 16 11 43 47 42 64 45 49 41 48 46 40 2  6  1  65 4  8  9  7  5  0  57 53 50 60 55 59 51 58 56 52 32 33 37 63 35 39 30 38 36 31 34 14 44 3  54 66 25 28 29 22 26 27 20 62 21 23 24
72 66 73 76 75 68 69 74 67 70 18 16 14 13 61 10 15 12 19 17 48 46 44 43 64 41 45 42 49 47 7  5  3  2  65 9  4  1  8  6  56 58 54 53 60 51 55 50 59 57 34 38 36 33 63 30 35 32 39 37 31 11 40 0  52 71 62 22 20 24 29 26 25 23 27 28 21
76 74 71 66 70 69 72 73 68 67 17 61 19 11 14 18 12 16 13 15 47 64 49 40 44 48 42 46 43 45 6  65 8  0  3  7  1  5  2  4  60 57 59 52 54 58 50 56 53 55 39 37 63 31 34 38 32 36 33 35 30 10 41 9  51 75 24 26 28 29 23 62 22 21 25 27 20
74 71 70 73 68 76 66 75 72 69 12 19 11 18 13 15 61 14 10 16 42 49 40 48 43 45 64 44 41 46 1  8  0  7  2  4  65 3  9  5  59 50 52 58 53 55 60 54 51 56 31 32 39 38 33 35 63 34 30 36 37 17 47 6  57 67 23 24 25 21 20 29 62 28 26 22 27
66 73 75 74 67 72 76 71 69 68 15 14 13 10 19 17 16 61 11 12 45 44 43 41 49 47 46 64 40 42 4  3  2  9  8  6  5  65 0  1  54 55 53 51 59 57 56 60 52 50 33 35 34 30 39 37 36 63 31 32 38 18 48 7  58 70 29 62 27 23 21 24 26 20 22 25 28
68 72 66 69 73 70 67 76 75 71 11 15 16 14 12 13 18 17 61 10 40 45 46 44 42 43 48 47 64 41 0  4  5  3  1  2  7  6  65 9  55 52 56 54 50 53 58 57 60 51 36 31 35 34 32 33 38 37 63 30 39 19 49 8  59 74 22 27 23 26 62 25 28 24 20 21 29
73 75 67 71 69 66 74 70 76 72 16 13 10 17 11 12 14 19 18 61 46 43 41 47 40 42 44 49 48 64 5  2  9  6  0  1  3  8  7  65 53 56 51 57 52 50 54 59 58 60 30 36 33 37 31 32 34 39 38 63 35 15 45 4  55 68 21 29 22 20 28 23 24 27 62 26 25
75 67 69 70 76 73 71 68 74 66 14 10 17 12 18 61 13 11 15 19 44 41 47 42 48 64 43 40 45 49 3  9  6  1  7  65 2  0  4  8  51 54 57 50 58 60 53 52 55 59 37 34 30 32 38 63 33 31 35 39 36 16 46 5  56 72 28 21 62 27 25 20 23 22 29 24 26
69 76 74 72 71 67 68 66 70 75 10 12 61 19 16 11 17 15 14 18 41 42 64 49 46 40 47 45 44 48 9  1  65 8  5  0  6  4  3  7  50 51 60 59 56 52 57 55 54 58 63 30 32 39 36 31 37 35 34 38 33 13 43 2  53 73 26 25 21 62 24 22 27 29 28 20 23
42 64 49 46 40 47 45 44 48 41 75 69 76 74 72 71 67 68 66 70 20 22 62 29 26 21 27 25 24 28 51 50 60 59 56 52 57 55 54 58 12 10 61 19 16 11 17 15 14 18 65 9  1  8  5  0  6  4  3  7  2  73 23 53 13 43 36 35 31 63 34 32 37 39 38 30 33
40 48 45 41 46 49 43 47 44 64 76 71 70 68 75 72 74 73 67 66 62 21 28 25 20 26 29 23 27 24 60 52 58 55 51 56 59 53 57 54 11 61 18 15 10 16 19 13 17 14 7  65 0  4  9  5  8  2  6  3  1  69 22 50 12 42 30 33 36 38 37 31 39 35 34 63 32
47 42 64 45 49 41 48 46 40 43 73 67 69 76 68 74 75 70 72 71 23 27 22 62 25 29 20 28 26 21 53 57 50 60 55 59 51 58 56 52 17 13 12 61 15 19 10 18 16 11 1  2  6  65 4  8  9  7  5  0  3  66 24 54 14 44 35 38 39 32 36 37 30 63 31 33 34
46 44 43 64 41 45 42 49 47 48 70 72 66 73 76 75 68 69 74 67 28 26 24 23 62 20 25 22 29 27 58 56 54 53 60 51 55 50 59 57 16 18 14 13 61 10 15 12 19 17 3  7  5  2  65 9  4  1  8  6  0  71 21 52 11 40 63 32 30 34 39 36 35 33 37 38 31
64 49 40 44 48 42 46 43 45 47 67 76 74 71 66 70 69 72 73 68 27 62 29 21 24 28 22 26 23 25 57 60 59 52 54 58 50 56 53 55 61 17 19 11 14 18 12 16 13 15 8  6  65 0  3  7  1  5  2  4  9  75 20 51 10 41 34 36 38 39 33 63 32 31 35 37 30
49 40 48 43 45 64 44 41 46 42 69 74 71 70 73 68 76 66 75 72 22 29 21 28 23 25 62 24 20 26 50 59 52 58 53 55 60 54 51 56 19 12 11 18 13 15 61 14 10 16 0  1  8  7  2  4  65 3  9  5  6  67 27 57 17 47 33 34 35 31 30 39 63 38 36 32 37
44 43 41 49 47 46 64 40 42 45 68 66 73 75 74 67 72 76 71 69 25 24 23 20 29 27 26 62 21 22 55 54 53 51 59 57 56 60 52 50 14 15 13 10 19 17 16 61 11 12 2  4  3  9  8  6  5  65 0  1  7  70 28 58 18 48 39 63 37 33 31 34 36 30 32 35 38
45 46 44 42 43 48 47 64 41 40 71 68 72 66 69 73 70 67 76 75 21 25 26 24 22 23 28 27 62 20 52 55 56 54 50 53 58 57 60 51 15 11 16 14 12 13 18 17 61 10 5  0  4  3  1  2  7  6  65 9  8  74 29 59 19 49 32 37 33 36 63 35 38 34 30 31 39
43 41 47 40 42 44 49 48 64 46 72 73 75 67 71 69 66 74 70 76 26 23 20 27 21 22 24 29 28 62 56 53 51 57 52 50 54 59 58 60 13 16 10 17 11 12 14 19 18 61 9  5  2  6  0  1  3  8  7  65 4  68 25 55 15 45 31 39 32 30 38 33 34 37 63 36 35
41 47 42 48 64 43 40 45 49 44 66 75 67 69 70 76 73 71 68 74 24 20 27 22 28 62 23 21 25 29 54 51 57 50 58 60 53 52 55 59 10 14 17 12 18 61 13 11 15 19 6  3  9  1  7  65 2  0  4  8  5  72 26 56 16 46 38 31 63 37 35 30 33 32 39 34 36
12 61 19 16 11 17 15 14 18 10 51 50 60 59 56 52 57 55 54 58 75 69 76 74 72 71 67 68 66 70 30 32 63 39 36 31 37 35 34 38 1  9  65 8  5  0  6  4  3  7  62 20 22 29 26 21 27 25 24 28 23 53 73 33 2  13 46 45 40 64 44 42 47 49 48 41 43
11 18 15 10 16 19 13 17 14 61 60 52 58 55 51 56 59 53 57 54 76 71 70 68 75 72 74 73 67 66 63 31 38 35 30 36 39 33 37 34 0  65 7  4  9  5  8  2  6  3  28 62 21 25 20 26 29 23 27 24 22 50 69 32 1  12 41 43 46 48 47 40 49 45 44 64 42
17 12 61 15 19 10 18 16 11 13 53 57 50 60 55 59 51 58 56 52 73 67 69 76 68 74 75 70 72 71 33 37 32 63 35 39 30 38 36 31 6  2  1  65 4  8  9  7  5  0  22 23 27 62 25 29 20 28 26 21 24 54 66 34 3  14 45 48 49 42 46 47 41 64 40 43 44
16 14 13 61 10 15 12 19 17 18 58 56 54 53 60 51 55 50 59 57 70 72 66 73 76 75 68 69 74 67 38 36 34 33 63 30 35 32 39 37 5  7  3  2  65 9  4  1  8  6  24 28 26 23 62 20 25 22 29 27 21 52 71 31 0  11 64 42 41 44 49 46 45 43 47 48 40
61 19 11 14 18 12 16 13 15 17 57 60 59 52 54 58 50 56 53 55 67 76 74 71 66 70 69 72 73 68 37 63 39 31 34 38 32 36 33 35 65 6  8  0  3  7  1  5  2  4  29 27 62 21 24 28 22 26 23 25 20 51 75 30 9  10 44 46 48 49 43 64 42 40 45 47 41
19 11 18 13 15 61 14 10 16 12 50 59 52 58 53 55 60 54 51 56 69 74 71 70 73 68 76 66 75 72 32 39 31 38 33 35 63 34 30 36 8  1  0  7  2  4  65 3  9  5  21 22 29 28 23 25 62 24 20 26 27 57 67 37 6  17 43 44 45 40 41 49 64 48 46 42 47
14 13 10 19 17 16 61 11 12 15 55 54 53 51 59 57 56 60 52 50 68 66 73 75 74 67 72 76 71 69 35 34 33 30 39 37 36 63 31 32 3  4  2  9  8  6  5  65 0  1  23 25 24 20 29 27 26 62 21 22 28 58 70 38 7  18 49 64 47 43 40 44 46 41 42 45 48
15 16 14 12 13 18 17 61 10 11 52 55 56 54 50 53 58 57 60 51 71 68 72 66 69 73 70 67 76 75 31 35 36 34 32 33 38 37 63 30 4  0  5  3  1  2  7  6  65 9  26 21 25 24 22 23 28 27 62 20 29 59 74 39 8  19 42 47 43 46 64 45 48 44 41 40 49
13 10 17 11 12 14 19 18 61 16 56 53 51 57 52 50 54 59 58 60 72 73 75 67 71 69 66 74 70 76 36 33 30 37 31 32 34 39 38 63 2  5  9  6  0  1  3  8  7  65 20 26 23 27 21 22 24 29 28 62 25 55 68 35 4  15 40 49 42 41 48 43 44 47 64 46 45
10 17 12 18 61 13 11 15 19 14 54 51 57 50 58 60 53 52 55 59 66 75 67 69 70 76 73 71 68 74 34 30 37 32 38 63 33 31 35 39 9  3  6  1  7  65 2  0  4  8  27 24 20 22 28 62 23 21 25 29 26 56 72 36 5  16 48 40 64 47 45 41 43 42 49 44 46
32 63 39 36 31 37 35 34 38 30 20 22 62 29 26 21 27 25 24 28 9  1  65 8  5  0  6  4  3  7  75 69 76 74 72 71 67 68 66 70 42 41 64 49 46 40 47 45 44 48 61 10 12 19 16 11 17 15 14 18 13 23 2  73 43 33 56 55 52 60 54 50 57 59 58 51 53
31 38 35 30 36 39 33 37 34 63 62 21 28 25 20 26 29 23 27 24 65 0  7  4  9  5  8  2  6  3  76 71 70 68 75 72 74 73 67 66 40 64 48 45 41 46 49 43 47 44 18 61 11 15 10 16 19 13 17 14 12 22 1  69 42 32 51 53 56 58 57 52 59 55 54 60 50
37 32 63 35 39 30 38 36 31 33 23 27 22 62 25 29 20 28 26 21 2  6  1  65 4  8  9  7  5  0  73 67 69 76 68 74 75 70 72 71 47 43 42 64 45 49 41 48 46 40 12 13 17 61 15 19 10 18 16 11 14 24 3  66 44 34 55 58 59 50 56 57 51 60 52 53 54
36 34 33 63 30 35 32 39 37 38 28 26 24 23 62 20 25 22 29 27 7  5  3  2  65 9  4  1  8  6  70 72 66 73 76 75 68 69 74 67 46 48 44 43 64 41 45 42 49 47 14 18 16 13 61 10 15 12 19 17 11 21 0  71 40 31 60 50 51 54 59 56 55 53 57 58 52
63 39 31 34 38 32 36 33 35 37 27 62 29 21 24 28 22 26 23 25 6  65 8  0  3  7  1  5  2  4  67 76 74 71 66 70 69 72 73 68 64 47 49 40 44 48 42 46 43 45 19 17 61 11 14 18 12 16 13 15 10 20 9  75 41 30 54 56 58 59 53 60 50 52 55 57 51
39 31 38 33 35 63 34 30 36 32 22 29 21 28 23 25 62 24 20 26 1  8  0  7  2  4  65 3  9  5  69 74 71 70 73 68 76 66 75 72 49 42 40 48 43 45 64 44 41 46 11 12 19 18 13 15 61 14 10 16 17 27 6  67 47 37 53 54 55 52 51 59 60 58 56 50 57
34 33 30 39 37 36 63 31 32 35 25 24 23 20 29 27 26 62 21 22 4  3  2  9  8  6  5  65 0  1  68 66 73 75 74 67 72 76 71 69 44 45 43 41 49 47 46 64 40 42 13 15 14 10 19 17 16 61 11 12 18 28 7  70 48 38 59 60 57 53 52 54 56 51 50 55 58
35 36 34 32 33 38 37 63 30 31 21 25 26 24 22 23 28 27 62 20 0  4  5  3  1  2  7  6  65 9  71 68 72 66 69 73 70 67 76 75 45 40 46 44 42 43 48 47 64 41 16 11 15 14 12 13 18 17 61 10 19 29 8  74 49 39 50 57 53 56 60 55 58 54 51 52 59
33 30 37 31 32 34 39 38 63 36 26 23 20 27 21 22 24 29 28 62 5  2  9  6  0  1  3  8  7  65 72 73 75 67 71 69 66 74 70 76 43 46 41 47 40 42 44 49 48 64 10 16 13 17 11 12 14 19 18 61 15 25 4  68 45 35 52 59 50 51 58 53 54 57 60 56 55
30 37 32 38 63 33 31 35 39 34 24 20 27 22 28 62 23 21 25 29 3  9  6  1  7  65 2  0  4  8  66 75 67 69 70 76 73 71 68 74 41 44 47 42 48 64 43 40 45 49 17 14 10 12 18 61 13 11 15 19 16 26 5  72 46 36 58 52 60 57 55 51 53 50 59 54 56
21 28 25 20 26 29 23 27 24 62 64 40 48 45 41 46 49 43 47 44 63 31 38 35 30 36 39 33 37 34 61 11 18 15 10 16 19 13 17 14 71 76 70 68 75 72 74 73 67 66 58 60 52 55 51 56 59 53 57 54 50 42 32 12 69 22 9  2  5  7  6  0  8  4  3  65 1
22 62 29 26 21 27 25 24 28 20 41 42 64 49 46 40 47 45 44 48 30 32 63 39 36 31 37 35 34 38 10 12 61 19 16 11 17 15 14 18 69 75 76 74 72 71 67 68 66 70 60 51 50 59 56 52 57 55 54 58 53 43 33 13 73 23 5  4  0  65 3  1  6  8  7  9  2
27 22 62 25 29 20 28 26 21 23 43 47 42 64 45 49 41 48 46 40 33 37 32 63 35 39 30 38 36 31 13 17 12 61 15 19 10 18 16 11 67 73 69 76 68 74 75 70 72 71 50 53 57 60 55 59 51 58 56 52 54 44 34 14 66 24 4  7  8  1  5  6  9  65 0  2  3
26 24 23 62 20 25 22 29 27 28 48 46 44 43 64 41 45 42 49 47 38 36 34 33 63 30 35 32 39 37 18 16 14 13 61 10 15 12 19 17 72 70 66 73 76 75 68 69 74 67 54 58 56 53 60 51 55 50 59 57 52 40 31 11 71 21 65 1  9  3  8  5  4  2  6  7  0
62 29 21 24 28 22 26 23 25 27 47 64 49 40 44 48 42 46 43 45 37 63 39 31 34 38 32 36 33 35 17 61 19 11 14 18 12 16 13 15 76 67 74 71 66 70 69 72 73 68 59 57 60 52 54 58 50 56 53 55 51 41 30 10 75 20 3  5  7  8  2  65 1  0  4  6  9
29 21 28 23 25 62 24 20 26 22 42 49 40 48 43 45 64 44 41 46 32 39 31 38 33 35 63 34 30 36 12 19 11 18 13 15 61 14 10 16 74 69 71 70 73 68 76 66 75 72 52 50 59 58 53 55 60 54 51 56 57 47 37 17 67 27 2  3  4  0  9  8  65 7  5  1  6
24 23 20 29 27 26 62 21 22 25 45 44 43 41 49 47 46 64 40 42 35 34 33 30 39 37 36 63 31 32 15 14 13 10 19 17 16 61 11 12 66 68 73 75 74 67 72 76 71 69 53 55 54 51 59 57 56 60 52 50 58 48 38 18 70 28 8  65 6  2  0  3  5  9  1  4  7
25 26 24 22 23 28 27 62 20 21 40 45 46 44 42 43 48 47 64 41 31 35 36 34 32 33 38 37 63 30 11 15 16 14 12 13 18 17 61 10 68 71 72 66 69 73 70 67 76 75 56 52 55 54 50 53 58 57 60 51 59 49 39 19 74 29 1  6  2  5  65 4  7  3  9  0  8
23 20 27 21 22 24 29 28 62 26 46 43 41 47 40 42 44 49 48 64 36 33 30 37 31 32 34 39 38 63 16 13 10 17 11 12 14 19 18 61 73 72 75 67 71 69 66 74 70 76 51 56 53 57 52 50 54 59 58 60 55 45 35 15 68 25 0  8  1  9  7  2  3  6  65 5  4
20 27 22 28 62 23 21 25 29 24 44 41 47 42 48 64 43 40 45 49 34 30 37 32 38 63 33 31 35 39 14 10 17 12 18 61 13 11 15 19 75 66 67 69 70 76 73 71 68 74 57 54 51 50 58 60 53 52 55 59 56 46 36 16 72 26 7  0  65 6  4  9  2  1  8  3  5
6  1  65 4  8  9  7  5  0  2  33 37 32 63 35 39 30 38 36 31 53 57 50 60 55 59 51 58 56 52 43 47 42 64 45 49 41 48 46 40 27 23 22 62 25 29 20 28 26 21 69 73 67 76 68 74 75 70 72 71 66 34 54 44 24 3  15 18 19 12 16 17 10 61 11 13 14
1  65 8  5  0  6  4  3  7  9  30 32 63 39 36 31 37 35 34 38 51 50 60 59 56 52 57 55 54 58 41 42 64 49 46 40 47 45 44 48 22 20 62 29 26 21 27 25 24 28 76 75 69 74 72 71 67 68 66 70 73 33 53 43 23 2  16 15 11 61 14 12 17 19 18 10 13
0  7  4  9  5  8  2  6  3  65 63 31 38 35 30 36 39 33 37 34 60 52 58 55 51 56 59 53 57 54 64 40 48 45 41 46 49 43 47 44 21 62 28 25 20 26 29 23 27 24 70 76 71 68 75 72 74 73 67 66 69 32 50 42 22 1  10 13 16 18 17 11 19 15 14 61 12
5  3  2  65 9  4  1  8  6  7  38 36 34 33 63 30 35 32 39 37 58 56 54 53 60 51 55 50 59 57 48 46 44 43 64 41 45 42 49 47 26 28 24 23 62 20 25 22 29 27 66 70 72 73 76 75 68 69 74 67 71 31 52 40 21 0  61 12 10 14 19 16 15 13 17 18 11
65 8  0  3  7  1  5  2  4  6  37 63 39 31 34 38 32 36 33 35 57 60 59 52 54 58 50 56 53 55 47 64 49 40 44 48 42 46 43 45 62 27 29 21 24 28 22 26 23 25 74 67 76 71 66 70 69 72 73 68 75 30 51 41 20 9  14 16 18 19 13 61 12 11 15 17 10
8  0  7  2  4  65 3  9  5  1  32 39 31 38 33 35 63 34 30 36 50 59 52 58 53 55 60 54 51 56 42 49 40 48 43 45 64 44 41 46 29 22 21 28 23 25 62 24 20 26 71 69 74 70 73 68 76 66 75 72 67 37 57 47 27 6  13 14 15 11 10 19 61 18 16 12 17
3  2  9  8  6  5  65 0  1  4  35 34 33 30 39 37 36 63 31 32 55 54 53 51 59 57 56 60 52 50 45 44 43 41 49 47 46 64 40 42 24 25 23 20 29 27 26 62 21 22 73 68 66 75 74 67 72 76 71 69 70 38 58 48 28 7  19 61 17 13 11 14 16 10 12 15 18
4  5  3  1  2  7  6  65 9  0  31 35 36 34 32 33 38 37 63 30 52 55 56 54 50 53 58 57 60 51 40 45 46 44 42 43 48 47 64 41 25 21 26 24 22 23 28 27 62 20 72 71 68 66 69 73 70 67 76 75 74 39 59 49 29 8  12 17 13 16 61 15 18 14 10 11 19
2  9  6  0  1  3  8  7  65 5  36 33 30 37 31 32 34 39 38 63 56 53 51 57 52 50 54 59 58 60 46 43 41 47 40 42 44 49 48 64 23 26 20 27 21 22 24 29 28 62 75 72 73 67 71 69 66 74 70 76 68 35 55 45 25 4  11 19 12 10 18 13 14 17 61 16 15
9  6  1  7  65 2  0  4  8  3  34 30 37 32 38 63 33 31 35 39 54 51 57 50 58 60 53 52 55 59 44 41 47 42 48 64 43 40 45 49 20 24 27 22 28 62 23 21 25 29 67 66 75 69 70 76 73 71 68 74 72 36 56 46 26 5  18 11 61 17 15 10 13 12 19 14 16
7  4  5  6  3  0  9  1  2  8  39 38 35 36 37 34 31 30 32 33 59 58 55 56 57 54 52 51 50 53 49 48 45 46 47 44 40 41 42 43 28 29 25 26 27 24 21 20 22 23 68 74 70 72 67 66 71 75 69 73 76 63 60 64 62 65 17 10 14 15 12 18 11 16 13 19 61
48 45 46 47 44 40 41 42 43 49 74 70 68 72 67 66 71 75 69 73 29 28 25 26 27 24 21 20 22 23 59 58 55 56 57 54 52 51 50 53 18 19 15 16 17 14 11 10 12 13 4  8  7  5  6  3  0  9  1  2  65 76 62 60 61 64 37 30 34 35 32 38 31 36 33 39 63
18 15 16 17 14 11 10 12 13 19 59 58 55 56 57 54 52 51 50 53 74 70 68 72 67 66 71 75 69 73 39 38 35 36 37 34 31 30 32 33 7  8  4  5  6  3  0  9  1  2  25 29 28 26 27 24 21 20 22 23 62 60 76 63 65 61 47 41 44 45 42 48 40 46 43 49 64
38 35 36 37 34 31 30 32 33 39 29 28 25 26 27 24 21 20 22 23 8  7  4  5  6  3  0  9  1  2  74 70 68 72 67 66 71 75 69 73 48 49 45 46 47 44 40 41 42 43 15 19 18 16 17 14 11 10 12 13 61 62 65 76 64 63 57 51 54 55 50 58 52 56 53 59 60
28 25 26 27 24 21 20 22 23 29 49 48 45 46 47 44 40 41 42 43 39 38 35 36 37 34 31 30 32 33 19 18 15 16 17 14 11 10 12 13 70 74 68 72 67 66 71 75 69 73 55 59 58 56 57 54 52 51 50 53 60 64 63 61 76 62 6  9  3  4  1  7  0  5  2  8  65
70 68 72 67 66 71 75 69 73 74 19 18 15 16 17 14 11 10 12 13 49 48 45 46 47 44 40 41 42 43 8  7  4  5  6  3  0  9  1  2  58 59 55 56 57 54 52 51 50 53 35 39 38 36 37 34 31 30 32 33 63 61 64 65 60 76 27 20 24 25 22 28 21 26 23 29 62
60 59 52 54 58 50 56 53 55 57 6  65 8  0  3  7  1  5  2  4  17 61 19 11 14 18 12 16 13 15 27 62 29 21 24 28 22 26 23 25 63 37 39 31 34 38 32 36 33 35 49 47 64 40 44 48 42 46 43 45 41 9  10 20 30 51 66 72 70 74 73 76 69 71 68 67 75
55 56 54 50 53 58 57 60 51 52 0  4  5  3  1  2  7  6  65 9  11 15 16 14 12 13 18 17 61 10 21 25 26 24 22 23 28 27 62 20 35 31 36 34 32 33 38 37 63 30 46 40 45 44 42 43 48 47 64 41 49 8  19 29 39 59 69 67 73 72 76 68 70 66 75 71 74
59 52 58 53 55 60 54 51 56 50 1  8  0  7  2  4  65 3  9  5  12 19 11 18 13 15 61 14 10 16 22 29 21 28 23 25 62 24 20 26 39 32 31 38 33 35 63 34 30 36 40 42 49 48 43 45 64 44 41 46 47 6  17 27 37 57 73 66 68 71 75 74 76 70 72 69 67
57 50 60 55 59 51 58 56 52 53 2  6  1  65 4  8  9  7  5  0  13 17 12 61 15 19 10 18 16 11 23 27 22 62 25 29 20 28 26 21 37 33 32 63 35 39 30 38 36 31 42 43 47 64 45 49 41 48 46 40 44 3  14 24 34 54 68 70 74 69 72 67 75 76 71 73 66
53 51 57 52 50 54 59 58 60 56 5  2  9  6  0  1  3  8  7  65 16 13 10 17 11 12 14 19 18 61 26 23 20 27 21 22 24 29 28 62 33 36 30 37 31 32 34 39 38 63 41 46 43 47 40 42 44 49 48 64 45 4  15 25 35 55 71 74 69 75 70 73 66 67 76 72 68
52 58 55 51 56 59 53 57 54 60 65 0  7  4  9  5  8  2  6  3  61 11 18 15 10 16 19 13 17 14 62 21 28 25 20 26 29 23 27 24 31 63 38 35 30 36 39 33 37 34 48 64 40 45 41 46 49 43 47 44 42 1  12 22 32 50 75 73 72 70 67 71 74 68 66 76 69
54 53 51 59 57 56 60 52 50 55 4  3  2  9  8  6  5  65 0  1  15 14 13 10 19 17 16 61 11 12 25 24 23 20 29 27 26 62 21 22 34 35 33 30 39 37 36 63 31 32 43 45 44 41 49 47 46 64 40 42 48 7  18 28 38 58 74 76 67 73 71 66 72 75 69 68 70
56 54 53 60 51 55 50 59 57 58 7  5  3  2  65 9  4  1  8  6  18 16 14 13 61 10 15 12 19 17 28 26 24 23 62 20 25 22 29 27 36 38 34 33 63 30 35 32 39 37 44 48 46 43 64 41 45 42 49 47 40 0  11 21 31 52 76 69 75 66 74 72 68 73 67 70 71
51 57 50 58 60 53 52 55 59 54 3  9  6  1  7  65 2  0  4  8  14 10 17 12 18 61 13 11 15 19 24 20 27 22 28 62 23 21 25 29 30 34 37 32 38 63 33 31 35 39 47 44 41 42 48 64 43 40 45 49 46 5  16 26 36 56 70 71 76 67 68 75 73 69 74 66 72
50 60 59 56 52 57 55 54 58 51 9  1  65 8  5  0  6  4  3  7  10 12 61 19 16 11 17 15 14 18 20 22 62 29 26 21 27 25 24 28 32 30 63 39 36 31 37 35 34 38 64 41 42 49 46 40 47 45 44 48 43 2  13 23 33 53 72 68 71 76 66 69 67 74 70 75 73
58 55 56 57 54 52 51 50 53 59 8  7  4  5  6  3  0  9  1  2  19 18 15 16 17 14 11 10 12 13 29 28 25 26 27 24 21 20 22 23 38 39 35 36 37 34 31 30 32 33 45 49 48 46 47 44 40 41 42 43 64 65 61 62 63 60 67 75 66 68 69 70 71 72 73 74 76
