52 53 58 51 60 56 54 55 57 59 00 06 09 05 01 64 03 07 08 04 33 39 32 38 31 61 36 34 35 37 48 43 42 49 45 47 41 65 46 44 72 66 74 75 73 69 68 76 67 70 26 21 22 27 29 25 20 63 24 28 23 40 02 30 50 71 17 12 11 62 19 16 14 15 10 18 13 
53 51 57 54 52 50 56 58 60 55 09 08 01 04 07 00 02 03 05 64 31 35 33 37 34 32 30 36 38 61 47 41 43 45 48 65 44 42 40 46 69 68 66 73 72 76 70 74 71 67 25 20 21 29 26 63 28 22 23 24 27 49 06 39 59 75 19 18 12 10 16 15 13 62 11 14 17 
58 57 50 60 55 53 52 56 59 54 05 07 04 02 64 08 09 00 03 06 37 34 38 30 61 35 33 32 36 39 40 47 48 44 46 49 65 45 43 42 71 69 72 70 67 75 76 73 66 74 23 25 26 28 24 27 63 29 21 22 20 41 01 31 51 68 18 62 15 19 14 13 11 17 16 10 12 
51 54 60 56 53 59 50 57 52 58 01 05 07 64 03 09 06 02 04 00 34 38 31 61 36 33 39 30 37 32 65 44 41 48 47 42 46 43 49 40 76 70 68 72 69 74 67 66 75 71 63 28 20 26 25 22 24 21 27 23 29 45 08 35 55 73 16 14 18 11 15 62 17 10 12 13 19 
60 52 55 53 57 54 51 59 58 50 64 02 00 08 09 04 07 01 06 05 32 30 61 35 33 37 34 31 39 38 45 42 65 40 49 48 43 47 44 41 73 74 76 71 75 72 66 69 70 68 29 22 63 23 27 26 21 25 28 20 24 46 03 36 56 67 13 11 10 15 17 19 18 16 62 12 14 
56 50 53 59 54 58 55 52 51 60 03 64 02 09 06 07 05 08 00 01 30 61 36 33 39 34 38 35 32 31 43 40 46 65 42 41 49 44 48 45 66 71 67 76 74 68 75 70 72 73 21 23 24 63 22 20 27 28 26 29 25 47 04 37 57 69 62 17 13 18 10 11 16 12 14 19 15 
54 56 52 50 51 55 59 60 53 57 07 04 03 00 02 01 08 06 64 09 36 37 34 32 30 31 35 39 61 33 42 46 44 47 65 43 40 41 45 49 74 67 70 69 76 66 71 68 73 75 22 24 28 25 63 21 23 20 29 27 26 48 05 38 58 72 15 13 14 12 62 10 19 11 18 17 16 
55 58 56 57 59 52 60 54 50 51 08 01 05 03 04 06 00 64 07 02 38 31 35 36 37 39 32 61 34 30 46 48 45 41 44 40 47 49 42 65 67 72 73 68 70 71 69 75 74 76 24 26 29 20 28 23 25 27 22 63 21 43 09 33 53 66 12 15 16 17 18 14 10 13 19 62 11 
57 60 59 52 58 51 53 50 55 56 04 03 64 06 00 05 01 09 02 08 61 36 37 39 32 38 31 33 30 35 49 65 47 46 40 45 42 48 41 43 75 76 69 67 71 73 74 72 68 66 27 63 25 24 23 29 22 26 20 21 28 44 07 34 54 70 14 10 62 16 13 17 12 19 15 11 18 
59 55 54 58 50 60 57 51 56 53 06 09 08 07 05 02 64 04 01 03 35 33 39 34 38 30 61 37 31 36 44 45 49 43 41 46 48 40 65 47 70 73 75 66 68 67 72 71 76 69 28 29 27 21 20 24 26 23 63 25 22 42 00 32 52 74 11 16 19 13 12 18 62 14 17 15 10 
42 43 48 41 65 46 44 45 47 49 32 39 33 38 31 61 36 34 35 37 11 17 10 16 12 62 14 18 19 15 05 09 00 06 08 04 01 64 03 07 58 53 52 59 55 57 51 60 56 54 72 66 74 75 73 69 68 76 67 70 71 02 30 13 40 50 27 20 21 63 29 26 24 25 22 28 23 
49 45 44 48 40 65 47 41 46 43 39 33 35 34 38 30 61 37 31 36 19 11 17 18 16 13 62 15 12 14 07 08 06 09 01 03 05 02 64 04 54 55 59 53 51 56 58 50 60 57 70 73 75 66 68 67 72 71 76 69 74 00 32 10 42 52 21 26 29 23 20 28 63 24 27 25 22 
43 41 47 44 42 40 46 48 65 45 33 35 31 37 34 32 30 36 38 61 12 19 11 15 18 10 13 14 16 62 04 01 09 08 05 64 07 00 02 03 57 51 53 55 58 60 54 52 50 56 69 68 66 73 72 76 70 74 71 67 75 06 39 17 49 59 29 28 20 22 26 25 23 63 21 24 27 
48 47 40 65 45 43 42 46 49 44 38 34 37 30 61 35 33 32 36 39 15 18 16 13 62 19 11 10 14 17 02 04 05 07 03 06 64 08 09 00 50 57 58 54 56 59 60 55 53 52 71 69 72 70 67 75 76 73 66 74 68 01 31 12 41 51 28 63 25 29 24 23 21 27 26 22 20 
41 44 65 46 43 49 40 47 42 48 31 38 34 61 36 33 39 30 37 32 18 16 12 62 14 11 17 13 15 10 64 07 01 05 04 00 03 09 06 02 60 54 51 58 57 52 56 53 59 50 76 70 68 72 69 74 67 66 75 71 73 08 35 19 45 55 26 24 28 21 25 63 27 22 20 23 29 
65 42 45 43 47 44 41 49 48 40 61 30 32 35 33 37 34 31 39 38 10 13 62 19 11 15 18 12 17 16 08 00 64 02 06 05 09 04 07 01 55 52 60 50 59 58 53 57 54 51 73 74 76 71 75 72 66 69 70 68 67 03 36 14 46 56 23 21 22 25 27 29 28 26 63 20 24 
46 40 43 49 44 48 45 42 41 65 36 61 30 33 39 34 38 35 32 31 13 62 14 11 17 18 16 19 10 12 09 02 03 64 00 01 06 07 05 08 53 50 56 60 52 51 59 54 58 55 66 71 67 76 74 68 75 70 72 73 69 04 37 15 47 57 63 27 23 28 22 21 26 20 24 29 25 
44 46 42 40 41 45 49 65 43 47 34 37 36 32 30 31 35 39 61 33 14 15 18 10 13 12 19 17 62 11 00 03 07 04 64 09 02 01 08 06 52 56 54 57 60 53 50 51 55 59 74 67 70 69 76 66 71 68 73 75 72 05 38 16 48 58 25 23 24 20 63 22 29 21 28 27 26 
45 48 46 47 49 42 65 44 40 41 35 31 38 36 37 39 32 61 34 30 16 12 19 14 15 17 10 62 18 13 03 05 08 01 07 02 04 06 00 64 56 58 55 51 54 50 57 59 52 60 67 72 73 68 70 71 69 75 74 76 66 09 33 11 43 53 20 25 26 27 28 24 22 23 29 63 21 
47 65 49 42 48 41 43 40 45 46 37 36 61 39 32 38 31 33 30 35 62 14 15 17 10 16 12 11 13 19 06 64 04 03 02 08 00 05 01 09 59 60 57 56 50 55 52 58 51 53 75 76 69 67 71 73 74 72 68 66 70 07 34 18 44 54 24 22 63 26 23 27 20 29 25 21 28 
21 20 25 28 22 23 24 26 63 29 53 55 51 57 54 52 50 56 58 60 41 45 43 47 44 42 40 46 48 65 69 68 66 73 72 76 70 74 71 67 15 12 11 19 16 62 18 10 13 14 37 31 33 35 38 61 34 32 30 36 39 75 59 49 27 17 08 07 01 00 05 04 02 64 09 03 06 
27 29 28 26 23 63 25 20 24 21 59 53 55 54 58 50 60 57 51 56 45 43 49 44 48 40 65 47 41 46 70 73 75 66 68 67 72 71 76 69 18 19 17 11 12 14 16 13 62 15 34 35 39 33 31 36 38 30 61 37 32 74 52 42 22 10 09 05 08 02 01 07 64 03 06 04 00 
22 21 26 20 63 24 28 29 25 27 52 59 53 58 51 60 56 54 55 57 43 49 42 48 41 65 46 44 45 47 72 66 74 75 73 69 68 76 67 70 16 11 10 17 19 15 12 62 14 18 38 33 32 39 35 37 31 61 36 34 30 71 50 40 23 13 06 01 09 64 08 05 03 04 00 07 02 
26 25 23 63 29 21 22 24 27 28 58 54 57 50 60 55 53 52 56 59 47 44 48 40 65 45 43 42 46 49 71 69 72 70 67 75 76 73 66 74 13 15 16 18 14 17 62 19 11 10 30 37 38 34 36 39 61 35 33 32 31 68 51 41 20 12 07 64 04 08 03 02 09 06 05 00 01 
20 28 63 24 21 27 23 25 22 26 51 58 54 60 56 53 59 50 57 52 44 48 41 65 46 43 49 40 47 42 76 70 68 72 69 74 67 66 75 71 62 18 12 16 15 10 14 11 17 13 61 34 31 38 37 32 36 33 39 30 35 73 55 45 29 19 05 03 07 09 04 64 06 00 01 02 08 
63 22 29 21 25 28 20 27 26 23 60 50 52 55 53 57 54 51 59 58 42 40 65 45 43 47 44 41 49 48 73 74 76 71 75 72 66 69 70 68 19 10 62 13 17 16 11 15 18 12 35 32 61 30 39 38 33 37 34 31 36 67 56 46 24 14 02 09 00 04 06 08 07 05 64 01 03 
24 23 21 27 28 26 29 22 20 63 56 60 50 53 59 54 58 55 52 51 40 65 46 43 49 44 48 45 42 41 66 71 67 76 74 68 75 70 72 73 11 13 14 62 10 12 17 18 16 19 33 30 36 61 32 31 39 34 38 35 37 69 57 47 25 15 64 06 02 07 00 09 05 01 03 08 04 
28 24 22 23 20 29 27 63 21 25 54 57 56 52 50 51 55 59 60 53 46 47 44 42 40 41 45 49 65 43 74 67 70 69 76 66 71 68 73 75 10 14 18 15 62 11 13 12 19 17 32 36 34 37 61 33 30 31 35 39 38 72 58 48 26 16 04 02 03 01 64 00 08 09 07 06 05 
29 26 24 25 27 22 63 28 23 20 55 51 58 56 57 59 52 60 54 50 48 41 45 46 47 49 42 65 44 40 67 72 73 68 70 71 69 75 74 76 14 16 19 12 18 13 15 17 10 62 36 38 35 31 34 30 37 39 32 61 33 66 53 43 21 11 01 04 05 06 07 03 00 02 08 64 09 
25 63 27 22 26 20 21 23 29 24 57 56 60 59 52 58 51 53 50 55 65 46 47 49 42 48 41 43 40 45 75 76 69 67 71 73 74 72 68 66 17 62 15 14 13 19 10 16 12 11 39 61 37 36 30 35 32 38 31 33 34 70 54 44 28 18 03 00 64 05 02 06 01 08 04 09 07 
16 15 13 62 19 11 10 14 17 18 72 70 69 71 76 73 66 74 67 75 57 54 58 50 60 55 53 52 56 59 23 25 26 28 24 27 63 29 21 22 30 37 38 34 36 39 61 35 33 32 02 04 05 07 03 06 64 08 09 00 01 20 68 51 12 31 44 65 47 45 46 40 43 49 48 42 41 
11 12 15 18 10 13 14 16 62 19 66 73 68 69 70 74 71 67 72 76 51 55 53 57 54 52 50 56 58 60 25 20 21 29 26 63 28 22 23 24 37 31 33 35 38 61 34 32 30 36 04 01 09 08 05 64 07 00 02 03 06 27 75 59 17 39 45 44 41 42 48 47 40 65 43 46 49 
10 11 16 12 62 14 18 19 15 17 74 75 66 72 68 76 67 70 73 69 53 59 52 58 51 60 56 54 55 57 26 21 22 27 29 25 20 63 24 28 38 33 32 39 35 37 31 61 36 34 05 09 00 06 08 04 01 64 03 07 02 23 71 50 13 30 49 41 43 65 45 48 46 47 42 44 40 
17 19 18 16 13 62 15 12 14 11 75 66 73 70 72 71 76 69 68 67 55 53 59 54 58 50 60 57 51 56 28 29 27 21 20 24 26 23 63 25 34 35 39 33 31 36 38 30 61 37 07 08 06 09 01 03 05 02 64 04 00 22 74 52 10 32 43 48 45 40 41 44 65 46 49 47 42 
19 16 14 15 17 10 62 18 13 12 73 68 72 67 69 75 74 76 70 71 58 51 55 56 57 59 52 60 54 50 24 26 29 20 28 23 25 27 22 63 36 38 35 31 34 30 37 39 32 61 03 05 08 01 07 02 04 06 00 64 09 21 66 53 11 33 41 47 48 49 44 46 42 40 45 65 43 
15 62 17 10 16 12 11 13 19 14 69 67 76 75 74 72 68 66 71 73 60 56 57 59 52 58 51 53 50 55 27 63 25 24 23 29 22 26 20 21 39 61 37 36 30 35 32 38 31 33 06 64 04 03 02 08 00 05 01 09 07 28 70 54 18 34 46 42 65 48 40 49 41 45 47 43 44 
12 18 62 14 11 17 13 15 10 16 68 72 70 76 67 66 75 71 69 74 54 58 51 60 56 53 59 50 57 52 63 28 20 26 25 22 24 21 27 23 61 34 31 38 37 32 36 33 39 30 64 07 01 05 04 00 03 09 06 02 08 29 73 55 19 35 48 46 44 43 47 65 49 42 41 40 45 
62 10 19 11 15 18 12 17 16 13 76 71 74 73 66 69 70 68 75 72 52 50 60 55 53 57 54 51 59 58 29 22 63 23 27 26 21 25 28 20 35 32 61 30 39 38 33 37 34 31 08 00 64 02 06 05 09 04 07 01 03 24 67 56 14 36 40 43 42 47 49 45 44 48 65 41 46 
14 13 11 17 18 16 19 10 12 62 67 76 71 66 75 70 72 73 74 68 50 60 56 53 59 54 58 55 52 51 21 23 24 63 22 20 27 28 26 29 33 30 36 61 32 31 39 34 38 35 09 02 03 64 00 01 06 07 05 08 04 25 69 57 15 37 65 49 40 44 42 43 48 41 46 45 47 
18 14 10 13 12 19 17 62 11 15 70 69 67 74 71 68 73 75 76 66 56 57 54 52 50 51 55 59 60 53 22 24 28 25 63 21 23 20 29 27 32 36 34 37 61 33 30 31 35 39 00 03 07 04 64 09 02 01 08 06 05 26 72 58 16 38 47 40 46 41 65 42 45 43 44 49 48 
38 37 30 61 35 33 32 36 39 34 26 28 25 23 63 29 21 22 24 27 69 70 72 71 76 73 66 74 67 75 13 15 16 18 14 17 62 19 11 10 02 04 05 07 03 06 64 08 09 00 40 47 48 44 46 49 65 45 43 42 41 12 20 68 31 01 54 60 57 55 56 50 53 59 58 52 51 
33 31 37 34 32 30 36 38 61 35 21 29 20 25 28 22 23 24 26 63 68 73 66 69 70 74 71 67 72 76 15 12 11 19 16 62 18 10 13 14 04 01 09 08 05 64 07 00 02 03 47 41 43 45 48 65 44 42 40 46 49 17 27 75 39 06 55 54 51 52 58 57 50 60 53 56 59 
32 33 38 31 61 36 34 35 37 39 22 27 21 26 20 63 24 28 29 25 66 75 74 72 68 76 67 70 73 69 16 11 10 17 19 15 12 62 14 18 05 09 00 06 08 04 01 64 03 07 48 43 42 49 45 47 41 65 46 44 40 13 23 71 30 02 59 51 53 60 55 58 56 57 52 54 50 
39 35 34 38 30 61 37 31 36 33 27 21 29 28 26 23 63 25 20 24 73 66 75 70 72 71 76 69 68 67 18 19 17 11 12 14 16 13 62 15 07 08 06 09 01 03 05 02 64 04 44 45 49 43 41 46 48 40 65 47 42 10 22 74 32 00 53 58 55 50 51 54 60 56 59 57 52 
35 38 36 37 39 32 61 34 30 31 29 20 26 24 25 27 22 63 28 23 72 68 73 67 69 75 74 76 70 71 14 16 19 12 18 13 15 17 10 62 03 05 08 01 07 02 04 06 00 64 46 48 45 41 44 40 47 49 42 65 43 11 21 66 33 09 51 57 58 59 54 56 52 50 55 60 53 
37 61 39 32 38 31 33 30 35 36 25 24 63 27 22 26 20 21 23 29 76 67 69 75 74 72 68 66 71 73 17 62 15 14 13 19 10 16 12 11 06 64 04 03 02 08 00 05 01 09 49 65 47 46 40 45 42 48 41 43 44 18 28 70 34 07 56 52 60 58 50 59 51 55 57 53 54 
31 34 61 36 33 39 30 37 32 38 20 26 28 63 24 21 27 23 25 22 70 72 68 76 67 66 75 71 69 74 62 18 12 16 15 10 14 11 17 13 64 07 01 05 04 00 03 09 06 02 65 44 41 48 47 42 46 43 49 40 45 19 29 73 35 08 58 56 54 53 57 60 59 52 51 50 55 
61 32 35 33 37 34 31 39 38 30 63 23 22 29 21 25 28 20 27 26 74 71 76 73 66 69 70 68 75 72 19 10 62 13 17 16 11 15 18 12 08 00 64 02 06 05 09 04 07 01 45 42 65 40 49 48 43 47 44 41 46 14 24 67 36 03 50 53 52 57 59 55 54 58 60 51 56 
36 30 33 39 34 38 35 32 31 61 24 63 23 21 27 28 26 29 22 20 71 76 67 66 75 70 72 73 74 68 11 13 14 62 10 12 17 18 16 19 09 02 03 64 00 01 06 07 05 08 43 40 46 65 42 41 49 44 48 45 47 15 25 69 37 04 60 59 50 54 52 53 58 51 56 55 57 
34 36 32 30 31 35 39 61 33 37 28 25 24 22 23 20 29 27 63 21 67 69 70 74 71 68 73 75 76 66 10 14 18 15 62 11 13 12 19 17 00 03 07 04 64 09 02 01 08 06 42 46 44 47 65 43 40 41 45 49 48 16 26 72 38 05 57 50 56 51 60 52 55 53 54 59 58 
72 69 71 76 73 66 74 67 75 70 48 44 47 40 65 45 43 42 46 49 04 07 05 02 64 08 09 00 03 06 50 57 58 54 56 59 60 55 53 52 23 25 26 28 24 27 63 29 21 22 13 15 16 18 14 17 62 19 11 10 12 51 41 01 68 20 34 61 37 35 36 30 33 39 38 32 31 
66 68 69 70 74 71 67 72 76 73 43 45 41 47 44 42 40 46 48 65 01 08 09 04 07 00 02 03 05 64 57 51 53 55 58 60 54 52 50 56 25 20 21 29 26 63 28 22 23 24 15 12 11 19 16 62 18 10 13 14 17 59 49 06 75 27 35 34 31 32 38 37 30 61 33 36 39 
74 66 72 68 76 67 70 73 69 75 42 49 43 48 41 65 46 44 45 47 09 06 00 05 01 64 03 07 08 04 58 53 52 59 55 57 51 60 56 54 26 21 22 27 29 25 20 63 24 28 16 11 10 17 19 15 12 62 14 18 13 50 40 02 71 23 39 31 33 61 35 38 36 37 32 34 30 
75 73 70 72 71 76 69 68 67 66 49 43 45 44 48 40 65 47 41 46 08 09 06 07 05 02 64 04 01 03 54 55 59 53 51 56 58 50 60 57 28 29 27 21 20 24 26 23 63 25 18 19 17 11 12 14 16 13 62 15 10 52 42 00 74 22 33 38 35 30 31 34 61 36 39 37 32 
73 72 67 69 75 74 76 70 71 68 45 41 48 46 47 49 42 65 44 40 05 01 08 03 04 06 00 64 07 02 56 58 55 51 54 50 57 59 52 60 24 26 29 20 28 23 25 27 22 63 14 16 19 12 18 13 15 17 10 62 11 53 43 09 66 21 31 37 38 39 34 36 32 30 35 61 33 
69 76 75 74 72 68 66 71 73 67 47 46 65 49 42 48 41 43 40 45 64 03 04 06 00 05 01 09 02 08 59 60 57 56 50 55 52 58 51 53 27 63 25 24 23 29 22 26 20 21 17 62 15 14 13 19 10 16 12 11 18 54 44 07 70 28 36 32 61 38 30 39 31 35 37 33 34 
68 70 76 67 66 75 71 69 74 72 41 48 44 65 46 43 49 40 47 42 07 05 01 64 03 09 06 02 04 00 60 54 51 58 57 52 56 53 59 50 63 28 20 26 25 22 24 21 27 23 62 18 12 16 15 10 14 11 17 13 19 55 45 08 73 29 38 36 34 33 37 61 39 32 31 30 35 
76 74 73 66 69 70 68 75 72 71 65 40 42 45 43 47 44 41 49 48 00 02 64 08 09 04 07 01 06 05 55 52 60 50 59 58 53 57 54 51 29 22 63 23 27 26 21 25 28 20 19 10 62 13 17 16 11 15 18 12 14 56 46 03 67 24 30 33 32 37 39 35 34 38 61 31 36 
67 71 66 75 70 72 73 74 68 76 46 65 40 43 49 44 48 45 42 41 02 64 03 09 06 07 05 08 00 01 53 50 56 60 52 51 59 54 58 55 21 23 24 63 22 20 27 28 26 29 11 13 14 62 10 12 17 18 16 19 15 57 47 04 69 25 61 39 30 34 32 33 38 31 36 35 37 
70 67 74 71 68 73 75 76 66 69 44 47 46 42 40 41 45 49 65 43 03 04 07 00 02 01 08 06 64 09 52 56 54 57 60 53 50 51 55 59 22 24 28 25 63 21 23 20 29 27 10 14 18 15 62 11 13 12 19 17 16 58 48 05 72 26 37 30 36 31 61 32 35 33 34 39 38 
71 75 68 73 67 69 72 66 70 74 40 42 49 41 45 46 47 48 43 44 06 00 02 01 08 03 04 05 09 07 51 59 50 52 53 54 55 56 57 58 20 27 23 22 21 28 29 24 25 26 12 17 13 10 11 18 19 14 15 16 62 60 65 64 76 63 32 35 39 36 33 31 37 34 30 38 61 
13 17 12 19 14 15 16 11 18 10 71 74 75 68 73 67 69 72 66 70 59 52 50 51 55 56 57 58 53 54 20 27 23 22 21 28 29 24 25 26 31 39 30 32 33 34 35 36 37 38 01 06 02 00 09 07 08 03 04 05 64 63 76 60 62 61 42 45 49 46 43 41 47 44 40 48 65 
40 49 41 45 46 47 48 43 44 42 30 32 39 31 35 36 37 38 33 34 17 10 13 12 19 14 15 16 11 18 01 06 02 00 09 07 08 03 04 05 51 59 50 52 53 54 55 56 57 58 68 75 71 74 66 70 73 67 69 72 76 64 61 62 65 60 22 29 27 24 21 20 25 28 23 26 63 
23 27 20 29 24 25 26 21 28 22 50 52 59 51 55 56 57 58 53 54 49 42 40 41 45 46 47 48 43 44 68 75 71 74 66 70 73 67 69 72 12 17 13 10 11 18 19 14 15 16 31 39 30 32 33 34 35 36 37 38 61 76 60 65 63 62 00 08 06 03 09 01 04 07 02 05 64 
50 59 51 55 56 57 58 53 54 52 02 00 06 01 08 03 04 05 09 07 39 32 30 31 35 36 37 38 33 34 41 49 40 42 43 44 45 46 47 48 68 75 71 74 66 70 73 67 69 72 20 27 23 22 21 28 29 24 25 26 63 65 64 61 60 76 10 19 17 14 11 12 15 18 13 16 62 
30 39 31 35 36 37 38 33 34 32 23 22 27 20 29 24 25 26 21 28 75 74 71 68 73 67 69 72 66 70 12 17 13 10 11 18 19 14 15 16 01 06 02 00 09 07 08 03 04 05 41 49 40 42 43 44 45 46 47 48 65 62 63 76 61 64 52 55 59 56 53 51 57 54 50 58 60 
06 08 07 05 02 64 04 01 03 09 17 11 19 18 16 13 62 15 12 14 29 21 27 28 26 23 63 25 20 24 34 35 39 33 31 36 38 30 61 37 44 45 49 43 41 46 48 40 65 47 54 55 59 53 51 56 58 50 60 57 52 32 10 22 00 42 66 70 69 76 75 74 68 71 67 72 73 
01 07 64 03 09 06 02 04 00 05 12 16 18 62 14 11 17 13 15 10 28 26 20 63 24 21 27 23 25 22 61 34 31 38 37 32 36 33 39 30 65 44 41 48 47 42 46 43 49 40 60 54 51 58 57 52 56 53 59 50 55 35 19 29 08 45 68 67 76 74 73 66 70 75 71 69 72 
09 01 04 07 00 02 03 05 64 08 11 19 12 15 18 10 13 14 16 62 20 29 21 25 28 22 23 24 26 63 37 31 33 35 38 61 34 32 30 36 47 41 43 45 48 65 44 42 40 46 57 51 53 55 58 60 54 52 50 56 59 39 17 27 06 49 71 73 68 70 76 67 75 69 72 66 74 
64 00 08 09 04 07 01 06 05 02 62 13 10 19 11 15 18 12 17 16 22 23 63 29 21 25 28 20 27 26 35 32 61 30 39 38 33 37 34 31 45 42 65 40 49 48 43 47 44 41 55 52 60 50 59 58 53 57 54 51 56 36 14 24 03 46 74 68 72 69 71 76 66 67 70 73 75 
08 05 03 04 06 00 64 07 02 01 19 12 16 14 15 17 10 62 18 13 26 20 29 24 25 27 22 63 28 23 36 38 35 31 34 30 37 39 32 61 46 48 45 41 44 40 47 49 42 65 56 58 55 51 54 50 57 59 52 60 53 33 11 21 09 43 69 74 75 73 70 72 76 68 66 71 67 
05 04 02 64 08 09 00 03 06 07 16 18 15 13 62 19 11 10 14 17 25 28 26 23 63 29 21 22 24 27 30 37 38 34 36 39 61 35 33 32 40 47 48 44 46 49 65 45 43 42 50 57 58 54 56 59 60 55 53 52 51 31 12 20 01 41 75 72 70 67 74 71 73 76 69 68 66 
03 02 09 06 07 05 08 00 01 64 14 62 13 11 17 18 16 19 10 12 23 63 24 21 27 28 26 29 22 20 33 30 36 61 32 31 39 34 38 35 43 40 46 65 42 41 49 44 48 45 53 50 56 60 52 51 59 54 58 55 57 37 15 25 04 47 73 69 67 71 66 75 72 74 76 70 68 
04 64 06 00 05 01 09 02 08 03 15 14 62 17 10 16 12 11 13 19 63 24 25 27 22 26 20 21 23 29 39 61 37 36 30 35 32 38 31 33 49 65 47 46 40 45 42 48 41 43 59 60 57 56 50 55 52 58 51 53 54 34 18 28 07 44 70 71 74 66 72 68 67 73 75 76 69 
00 09 05 01 64 03 07 08 04 06 10 17 11 16 12 62 14 18 19 15 21 27 22 26 20 63 24 28 29 25 38 33 32 39 35 37 31 61 36 34 48 43 42 49 45 47 41 65 46 44 58 53 52 59 55 57 51 60 56 54 50 30 13 23 02 40 72 76 71 75 68 73 69 66 74 67 70 
07 03 00 02 01 08 06 64 09 04 18 15 14 10 13 12 19 17 62 11 24 25 28 22 23 20 29 27 63 21 32 36 34 37 61 33 30 31 35 39 42 46 44 47 65 43 40 41 45 49 52 56 54 57 60 53 50 51 55 59 58 38 16 26 05 48 76 66 73 72 67 69 74 70 68 75 71 
02 06 01 08 03 04 05 09 07 00 13 10 17 12 19 14 15 16 11 18 27 22 23 20 29 24 25 26 21 28 31 39 30 32 33 34 35 36 37 38 41 49 40 42 43 44 45 46 47 48 51 59 50 52 53 54 55 56 57 58 60 61 62 63 64 65 67 75 66 68 69 70 71 72 73 74 76 
