03 04 00 01 05 76 22 68 18 70 25 09 72 28 12 74 31 15 67 34 10 50 65 13 53 11 16 56 14 19 59 17 06 62 08 48 69 52 36 71 55 39 73 58 42 75 61 45 66 64 40 23 38 43 26 41 46 29 44 49 32 47 37 20 35 07 30 57 60 33 63 21 51 24 54 27 02 
01 05 03 04 76 02 08 21 74 24 65 68 27 11 70 30 14 72 33 17 64 06 12 52 10 15 55 13 18 58 16 07 61 19 09 75 51 35 66 54 38 69 57 41 71 60 44 73 63 47 22 37 42 25 40 45 28 43 48 31 46 36 34 49 39 67 20 62 50 23 53 26 56 29 59 32 00 
05 02 04 76 00 03 72 19 20 06 74 26 10 67 29 13 68 32 16 70 07 11 51 09 14 54 12 17 57 15 08 60 18 65 63 50 49 73 53 37 75 56 40 66 59 43 69 62 46 71 36 41 24 39 44 27 42 47 30 45 35 33 48 38 21 23 25 52 55 28 58 31 61 34 64 22 01 
76 00 05 02 03 01 30 25 49 28 33 40 31 21 43 34 24 46 22 27 73 18 20 75 07 23 66 09 26 69 12 29 71 15 32 06 55 60 10 58 63 13 61 51 16 64 54 19 52 57 74 48 50 67 36 53 68 39 56 70 42 59 72 45 62 37 47 17 08 35 65 38 11 41 14 44 04 
02 03 76 00 01 04 26 35 28 38 29 34 41 32 22 44 20 25 47 23 33 66 19 21 69 06 24 71 10 27 73 13 30 75 16 58 65 56 61 11 59 64 14 62 52 17 50 55 08 53 63 68 49 51 70 37 54 72 40 57 74 43 60 67 46 31 42 12 15 45 18 48 07 36 09 39 05 
04 76 01 05 02 00 36 29 24 32 39 30 20 42 33 23 45 21 26 48 17 34 71 08 22 73 65 25 75 11 28 66 14 31 69 54 59 09 57 62 12 60 50 15 63 53 18 51 56 07 47 64 72 35 52 74 38 55 67 41 58 68 44 61 70 27 37 06 10 40 13 43 16 46 19 49 03 
70 29 05 21 10 52 24 22 40 58 57 37 01 54 16 25 60 03 64 30 74 18 23 76 07 32 71 09 50 68 12 62 69 15 53 46 34 51 43 61 33 49 55 63 19 31 27 13 28 02 67 48 00 72 36 59 75 39 26 73 42 56 66 45 20 06 38 11 44 08 41 35 47 14 17 04 65 
04 67 28 09 51 20 07 23 21 56 36 02 53 15 24 59 05 63 29 39 17 22 76 08 31 66 65 64 74 11 61 75 14 52 70 33 50 42 60 32 48 54 62 18 30 26 12 27 00 45 47 01 68 35 58 71 38 25 69 41 55 73 44 34 72 57 49 40 46 13 16 03 10 37 43 19 06 
27 03 72 50 34 65 56 08 22 35 00 52 14 23 58 04 62 28 38 20 21 76 19 30 73 06 63 70 10 60 71 13 51 67 16 64 41 59 31 47 53 61 17 29 25 11 26 01 44 32 02 74 49 57 66 37 24 75 40 54 69 43 33 68 46 55 05 15 09 36 42 18 39 48 45 12 07 
04 68 31 12 54 23 42 32 51 26 09 60 59 39 02 56 18 27 62 05 17 55 72 08 25 76 65 34 69 11 52 67 14 64 66 30 00 48 21 53 45 63 20 36 57 50 07 33 29 15 47 22 74 35 01 70 38 61 73 41 28 71 44 58 75 24 06 46 43 37 49 16 19 03 13 40 10 
72 32 05 24 13 55 33 52 03 25 27 10 61 60 40 01 57 19 28 63 71 18 56 67 07 26 76 09 20 73 12 53 70 15 50 16 31 02 49 22 54 46 64 21 37 58 51 06 34 30 69 48 23 68 36 00 74 39 62 66 42 29 75 45 59 43 04 08 14 41 47 65 44 38 35 17 11 
33 03 67 56 25 14 53 04 64 44 26 28 11 62 61 41 00 58 08 29 51 75 19 57 70 06 27 76 10 21 66 13 54 74 16 31 17 32 01 35 23 55 47 50 22 38 59 52 65 20 60 73 49 24 72 37 02 68 40 63 71 43 30 69 46 34 39 45 36 18 07 05 15 42 48 09 12 
04 70 34 15 57 26 05 50 30 20 45 27 29 12 63 62 42 02 59 07 17 52 69 08 58 74 65 28 76 11 22 71 14 55 68 21 32 18 33 00 36 24 56 48 51 23 39 60 53 09 47 61 66 35 25 67 38 01 72 41 64 75 44 31 73 54 43 16 49 10 46 40 37 19 06 03 13 
74 20 05 27 16 58 51 31 06 55 21 46 28 30 13 64 63 43 01 60 72 18 53 73 07 59 68 09 29 76 12 23 75 15 56 10 22 33 19 34 02 37 25 57 49 52 24 40 61 54 66 48 62 71 36 26 70 39 00 67 42 50 69 45 32 03 08 38 65 04 17 44 35 11 47 41 14 
21 03 68 59 28 17 32 65 61 04 56 22 47 29 31 14 50 64 44 00 57 67 19 54 66 06 60 72 10 30 76 13 24 69 16 55 11 23 34 08 20 01 38 26 58 35 53 25 41 62 33 71 49 63 75 37 27 74 40 02 70 43 51 73 46 52 12 36 48 42 39 07 09 05 18 45 15 
04 72 22 18 60 29 09 62 02 53 05 57 23 48 30 32 15 51 50 45 17 58 70 08 55 71 65 61 67 11 31 76 14 25 73 63 56 12 24 20 07 21 00 39 27 59 36 54 26 42 47 34 75 35 64 69 38 28 68 41 01 74 44 52 66 33 03 10 19 46 37 13 49 43 40 06 16 
67 23 05 30 19 61 63 01 46 34 54 03 58 24 49 31 33 16 52 51 66 18 59 74 07 56 75 09 62 70 12 32 76 15 26 43 64 57 13 25 21 06 22 02 40 28 60 37 55 27 71 48 20 69 36 50 73 39 29 72 42 00 68 45 53 10 44 35 41 65 11 04 08 47 38 14 17 
24 03 70 62 31 08 00 47 52 11 20 55 04 59 25 35 32 34 17 53 27 71 19 60 68 06 57 69 10 63 74 13 33 76 16 28 44 50 58 14 26 22 65 23 01 41 29 61 38 56 54 75 49 21 73 37 51 66 40 30 67 43 02 72 46 64 48 07 39 15 36 45 42 09 12 05 18 
04 74 25 07 63 32 48 53 54 50 12 21 56 05 60 26 36 33 20 18 17 28 75 08 61 72 65 58 73 11 64 68 14 34 76 57 29 45 51 59 15 27 23 09 24 00 42 30 62 39 47 55 69 35 22 66 38 52 71 41 31 70 44 01 67 02 10 43 13 03 06 49 40 16 37 46 19 
68 26 05 33 06 64 54 55 19 01 51 13 22 57 03 61 27 37 34 21 76 18 29 69 07 62 67 09 59 66 12 50 72 15 20 40 58 30 46 52 60 16 28 24 10 25 02 43 31 63 70 48 56 73 36 23 71 39 53 75 42 32 74 45 00 49 17 41 38 47 44 11 14 04 65 35 08 
16 47 23 01 09 71 22 72 12 69 25 42 70 28 48 75 31 18 76 34 19 20 38 37 50 04 49 29 08 40 00 44 10 53 17 39 67 52 07 74 55 36 68 58 15 66 61 05 73 64 46 56 41 13 62 35 43 32 11 06 26 65 03 59 14 45 24 02 51 57 33 54 63 60 27 30 21 
48 24 17 75 00 10 67 13 20 46 73 26 43 74 29 49 69 32 19 76 18 08 21 39 38 51 05 35 30 07 41 02 45 11 54 50 40 70 53 06 68 56 37 72 59 16 71 62 03 66 15 47 57 42 14 63 36 44 33 12 65 27 09 04 60 23 61 64 28 31 01 25 52 58 34 55 22 
25 18 49 11 69 02 14 21 76 24 47 66 27 44 68 30 35 73 33 08 55 19 07 22 40 39 52 03 36 31 06 42 01 46 12 71 51 41 74 54 65 72 57 38 67 60 17 75 63 04 61 16 48 58 43 15 64 37 45 34 13 09 28 10 05 70 59 53 20 56 50 62 29 32 00 26 23 
19 35 26 01 12 73 22 76 07 74 25 48 71 28 45 72 31 36 66 34 13 56 08 06 23 41 40 53 04 37 32 65 43 00 47 05 75 52 42 68 55 09 67 58 39 70 61 18 69 64 03 62 17 49 59 44 16 50 38 46 20 14 10 29 11 15 33 30 02 27 54 60 21 57 51 63 24 
36 27 08 66 00 13 76 06 20 16 68 26 49 75 29 46 67 32 37 71 48 14 57 07 65 24 42 41 54 05 38 33 09 44 02 50 03 69 53 43 72 56 10 70 59 40 74 62 19 73 12 04 63 18 35 60 45 17 51 39 47 21 15 11 30 23 58 22 52 64 31 34 01 28 55 61 25 
28 07 37 14 71 02 65 21 75 24 17 72 27 35 69 30 47 70 33 38 01 49 15 58 06 09 25 43 42 55 03 39 34 10 45 66 51 04 73 54 44 67 57 11 74 60 41 68 63 08 31 13 05 64 19 36 61 46 18 52 40 48 22 16 12 76 29 00 56 62 23 59 53 50 32 20 26 
06 38 29 01 15 75 22 69 39 76 25 18 67 28 36 73 31 48 74 34 46 00 35 16 59 65 10 26 44 43 56 04 40 20 11 07 71 52 05 66 55 45 70 58 12 68 61 42 72 64 13 32 14 03 50 08 37 62 47 19 53 41 49 23 17 09 51 54 33 21 02 30 57 63 24 60 27 
39 30 65 69 00 16 73 40 20 10 76 26 19 70 29 37 66 32 49 68 12 47 02 36 17 60 09 11 27 45 44 57 05 41 21 50 06 75 53 03 71 56 46 74 59 13 72 62 43 67 18 14 33 15 04 51 07 38 63 48 08 54 42 35 24 23 64 58 25 61 55 52 34 22 01 31 28 
31 09 40 17 73 02 41 21 72 24 11 76 27 08 74 30 38 71 33 35 22 13 48 01 37 18 61 10 12 28 46 45 58 03 42 70 51 65 69 54 04 75 57 47 68 60 14 67 63 44 25 19 15 34 16 05 52 06 39 64 49 07 55 43 36 66 23 20 00 32 59 50 26 62 56 53 29 
10 41 32 01 18 66 22 67 36 71 25 12 76 28 07 68 31 39 75 34 43 23 14 49 00 38 19 62 11 13 29 47 46 59 04 45 74 52 09 73 55 05 69 58 48 72 61 15 70 64 37 26 08 16 20 17 03 53 65 40 50 35 06 56 44 42 63 27 57 54 21 24 02 33 60 51 30 
42 33 11 71 00 19 70 37 20 43 75 26 13 76 29 06 72 32 40 69 05 44 24 15 35 02 39 08 63 12 14 30 48 47 60 50 46 68 53 10 66 56 03 73 59 49 67 62 16 74 45 38 27 07 17 21 18 04 54 09 41 51 36 65 57 23 34 01 61 52 28 64 58 55 22 25 31 
34 12 43 08 75 02 38 21 73 24 44 69 27 14 76 30 65 67 33 41 61 03 45 25 16 36 01 40 07 64 13 15 31 49 48 68 51 47 72 54 11 71 57 04 66 60 35 70 63 17 58 46 39 28 06 18 22 19 05 55 10 42 52 37 09 74 56 59 23 26 00 20 62 53 29 50 32 
13 44 20 01 07 69 22 66 42 68 25 45 73 28 15 76 31 09 70 34 49 62 04 46 26 17 37 00 41 06 50 14 16 32 35 18 72 52 48 67 55 12 75 58 05 71 61 36 74 64 10 59 47 40 29 65 19 23 08 03 56 11 43 53 38 39 54 63 30 51 60 57 24 27 02 21 33 
45 21 14 73 00 06 71 43 20 40 72 26 46 66 29 16 76 32 10 74 36 35 63 05 47 27 18 38 02 42 65 51 15 17 33 50 19 67 53 49 70 56 13 69 59 03 75 62 37 68 39 11 60 48 41 30 09 08 24 07 04 57 12 44 54 23 28 25 01 22 64 55 31 52 61 58 34 
22 15 46 65 66 02 44 21 68 24 41 67 27 47 71 30 17 76 33 11 34 37 36 64 03 48 28 19 39 01 43 09 52 16 18 72 51 08 70 54 35 74 57 14 73 60 04 69 63 38 55 40 12 61 49 42 31 10 07 25 06 05 58 13 45 75 53 32 62 59 26 29 00 23 50 56 20 
57 03 73 23 64 38 62 17 01 14 32 61 08 26 34 47 59 55 41 56 63 69 19 02 75 06 30 68 10 54 67 13 27 70 16 52 35 29 28 65 00 25 44 53 31 04 20 58 11 50 51 76 49 60 74 37 21 71 40 33 72 43 24 66 46 22 45 42 05 39 09 15 48 12 07 18 36 
04 66 58 39 24 50 18 00 57 23 15 33 62 07 27 20 48 60 56 42 17 64 73 08 01 69 65 31 72 11 55 70 14 28 74 51 53 36 30 29 09 02 26 45 54 32 05 21 59 12 47 52 76 35 61 68 38 22 75 41 34 67 44 25 71 63 13 49 06 19 43 46 03 40 10 16 37 
71 59 05 51 40 25 02 58 43 64 24 16 34 63 06 28 21 49 61 57 68 18 50 66 07 00 73 09 32 67 12 56 74 15 29 13 52 54 37 31 30 10 01 27 46 55 33 03 22 60 75 48 53 76 36 62 72 39 23 69 42 20 70 45 26 19 41 04 11 17 35 14 65 08 44 47 38 
60 03 75 26 52 41 59 44 58 08 50 25 17 20 64 65 29 22 35 62 30 72 19 51 71 06 02 66 10 33 70 13 57 68 16 61 14 53 55 38 32 31 11 00 28 47 56 34 04 23 27 69 49 54 76 37 63 67 40 24 73 43 21 74 46 01 07 09 45 48 05 42 12 18 36 15 39 
04 69 61 42 27 53 45 59 63 00 07 51 26 18 21 50 09 30 23 36 17 31 67 08 52 75 65 01 71 11 34 74 14 58 72 24 62 15 54 56 39 33 32 12 02 29 48 57 20 05 47 28 73 35 55 76 38 64 70 41 25 66 44 22 68 60 19 13 37 16 10 06 46 49 03 43 40 
73 62 05 54 43 28 60 64 37 61 02 06 52 27 19 22 51 10 31 24 67 18 32 70 07 53 69 09 00 75 12 20 68 15 59 03 25 63 16 55 57 40 34 33 13 01 30 49 58 21 72 48 29 66 36 56 76 39 50 74 42 26 71 45 23 46 35 47 04 44 14 08 38 17 11 65 41 
63 03 66 29 55 44 50 38 25 47 62 01 65 53 28 08 23 52 11 32 60 70 19 33 74 06 54 73 10 02 69 13 21 72 16 22 04 26 64 17 56 58 41 20 34 14 00 31 35 59 24 67 49 30 71 37 57 76 40 51 68 43 27 75 46 61 18 39 12 09 48 36 05 45 15 07 42 
04 71 64 45 30 56 39 26 33 62 48 63 00 09 54 29 07 24 53 12 17 61 74 08 34 68 65 55 66 11 01 73 14 22 67 60 23 05 27 50 18 57 59 42 21 20 15 02 32 36 47 25 70 35 31 75 38 58 76 41 52 72 44 28 69 51 46 03 16 06 40 19 13 10 49 37 43 
75 50 05 57 46 31 27 34 13 52 63 49 64 02 10 55 30 06 25 54 70 18 62 68 07 20 72 09 56 71 12 00 66 15 23 37 61 24 03 28 51 19 58 60 43 22 21 16 01 33 73 48 26 74 36 32 69 39 59 76 42 53 67 45 29 40 11 14 35 38 04 47 17 65 41 08 44 
51 03 69 32 58 47 20 14 55 41 53 64 35 50 01 11 56 31 65 26 24 74 19 63 72 06 21 67 10 57 75 13 02 71 16 34 38 62 25 04 29 52 08 59 61 44 23 22 17 00 30 66 49 27 68 37 33 73 40 60 76 43 54 70 46 28 09 18 42 07 15 12 36 39 05 48 45 
04 73 52 48 33 59 15 56 27 29 42 54 50 36 51 00 12 57 32 09 17 25 68 08 64 67 65 22 70 11 58 69 14 01 75 02 20 39 63 26 05 30 53 07 60 62 45 24 23 18 47 31 71 35 28 72 38 34 66 41 61 76 44 55 74 21 40 37 03 49 19 10 43 06 16 13 46 
66 53 05 60 49 34 57 28 10 22 30 43 55 51 37 52 02 13 58 33 69 18 26 72 07 50 70 09 23 74 12 59 73 15 00 19 01 21 40 64 27 03 31 54 06 61 63 46 25 24 68 48 32 75 36 29 67 39 20 71 42 62 76 45 56 16 65 44 17 14 38 41 04 35 08 11 47 
54 03 71 20 61 35 29 11 34 17 23 31 44 56 52 38 53 01 14 59 02 73 19 27 67 06 51 74 10 24 68 13 60 66 16 25 08 00 22 41 50 28 04 32 55 65 62 64 47 26 57 72 49 33 69 37 30 70 40 21 75 43 63 76 46 58 36 05 07 12 45 09 18 15 39 42 48 
04 75 55 36 21 62 12 20 60 59 18 24 32 45 57 53 39 54 00 15 17 01 66 08 28 70 65 52 68 11 25 72 14 61 71 27 26 07 02 23 42 51 29 05 33 56 09 63 50 48 47 58 67 35 34 73 38 31 74 41 22 69 44 64 76 30 16 19 40 43 03 37 06 13 46 10 49 
69 56 05 63 37 22 21 61 16 31 60 19 25 33 46 58 54 40 55 02 75 18 00 71 07 29 74 09 53 72 12 26 67 15 62 49 28 27 06 01 24 43 52 30 03 34 57 10 64 51 76 48 59 70 36 20 66 39 32 68 42 23 73 45 50 13 14 65 47 11 08 17 41 44 04 38 35 
46 08 53 01 39 72 22 74 05 66 25 36 75 28 09 69 31 45 68 34 03 32 44 19 29 14 43 20 65 16 62 41 37 56 38 42 73 52 18 70 55 15 71 58 07 67 61 48 76 64 49 50 11 10 23 04 06 59 35 13 00 17 40 26 47 12 02 60 54 24 30 63 27 21 33 57 51 
07 54 47 67 00 40 68 03 20 13 71 26 37 69 29 10 73 32 46 72 39 04 33 45 08 30 15 44 21 09 17 63 42 38 57 50 43 66 53 19 74 56 16 75 59 06 70 62 49 76 48 35 51 12 11 24 05 65 60 36 14 02 18 41 27 23 22 28 34 58 61 01 55 25 31 64 52 
55 48 06 41 70 02 04 21 67 24 14 75 27 38 73 30 11 66 33 47 58 40 05 34 46 07 31 16 45 22 10 18 64 43 39 76 51 44 71 54 08 68 57 17 69 60 65 74 63 35 28 49 36 52 13 12 25 03 09 61 37 15 01 19 42 72 26 56 32 50 29 23 20 59 62 00 53 
49 65 56 01 42 74 22 70 48 67 25 15 69 28 39 66 31 12 71 34 40 59 41 03 20 47 06 32 17 46 23 11 19 50 44 36 76 52 45 75 55 07 72 58 18 73 61 09 68 64 43 29 35 37 53 14 13 26 04 10 62 38 16 00 08 05 60 21 63 02 57 27 33 51 30 24 54 
09 57 35 68 00 43 74 49 20 03 70 26 16 73 29 40 71 32 13 75 45 41 60 42 04 21 48 65 33 18 47 24 12 08 51 50 37 76 53 46 69 56 06 67 59 19 66 62 10 72 07 44 30 36 38 54 15 14 27 05 11 63 39 17 02 23 52 34 31 25 22 61 64 01 58 28 55 
58 36 10 44 72 02 35 21 69 24 04 74 27 17 66 30 41 75 33 14 52 46 42 61 43 05 22 49 09 34 19 48 25 13 07 67 51 38 76 54 47 73 57 65 70 60 08 71 63 11 01 06 45 31 37 39 55 16 15 28 03 12 64 40 18 68 00 50 59 29 20 53 32 26 23 62 56 
37 11 59 01 45 67 22 73 15 72 25 05 68 28 18 71 31 42 69 34 06 53 47 43 62 44 03 23 35 10 20 08 49 26 14 12 70 52 39 76 55 48 66 58 09 74 61 07 75 64 19 00 65 46 32 38 40 56 17 16 29 04 13 50 41 36 27 33 24 63 51 02 60 30 21 54 57 
12 60 38 70 00 46 66 16 20 37 67 26 03 72 29 19 75 32 43 73 15 65 54 48 44 63 45 04 24 36 11 21 07 35 27 50 13 74 53 40 76 56 49 71 59 10 68 62 06 69 42 08 02 09 47 33 39 41 57 18 17 30 05 14 51 23 31 61 22 55 34 28 25 64 52 01 58 
61 39 13 47 74 02 17 21 66 24 38 70 27 04 67 30 08 69 33 44 28 16 09 55 49 45 64 46 05 25 37 12 22 06 36 73 51 14 68 54 41 76 57 35 75 60 11 72 63 65 52 43 07 01 10 48 34 40 42 58 19 18 31 03 15 71 50 26 53 00 62 32 23 56 20 29 59 
40 14 62 01 48 68 22 71 45 75 25 39 74 28 05 70 31 07 73 34 37 29 17 10 56 35 46 50 47 03 26 38 13 23 65 09 66 52 15 72 55 42 76 58 36 69 61 12 67 64 16 53 44 06 00 11 49 20 41 43 59 08 19 32 04 18 57 24 21 30 27 51 54 02 63 33 60 
15 63 41 72 00 49 75 46 20 19 69 26 40 68 29 03 74 32 06 66 09 38 30 18 11 57 36 47 51 48 04 27 39 14 24 50 10 71 53 16 67 56 43 76 59 37 73 62 13 70 05 17 54 45 65 02 12 35 21 42 44 60 07 08 33 23 01 55 64 34 25 58 22 31 28 52 61 
64 42 16 35 67 02 47 21 71 24 08 73 27 41 72 30 04 68 33 65 25 10 39 31 19 12 58 37 48 52 49 05 28 40 15 74 51 11 75 54 17 70 57 44 76 60 38 66 63 14 34 03 18 55 46 09 01 13 36 22 43 45 61 06 07 69 32 23 29 53 56 00 50 20 26 59 62 
43 17 50 01 36 70 22 75 09 73 25 07 66 28 42 67 31 05 72 34 16 26 11 40 32 08 13 59 38 49 53 35 03 29 41 15 68 52 12 69 55 18 74 58 45 76 61 39 71 64 06 20 04 19 56 47 10 00 14 37 23 44 46 62 65 48 21 51 27 60 24 33 30 54 57 02 63 
18 51 44 74 00 37 69 10 20 49 66 26 06 71 29 43 70 32 03 67 42 17 27 12 41 33 07 14 60 39 35 54 36 04 30 50 16 72 53 13 73 56 19 68 59 46 76 62 40 75 09 65 21 05 08 57 48 11 02 15 38 24 45 47 63 23 55 31 58 01 52 22 28 61 25 34 64 
52 45 19 38 68 02 11 21 70 24 35 71 27 65 75 30 44 74 33 04 31 43 18 28 13 42 34 06 15 61 40 36 55 37 05 69 51 17 67 54 14 66 57 08 72 60 47 76 63 41 64 10 09 22 03 07 58 49 12 01 16 39 25 46 48 73 62 29 26 20 32 56 59 00 53 23 50 
30 03 74 53 22 11 23 41 31 65 59 58 38 00 55 17 26 61 04 50 54 68 19 24 76 06 33 75 10 51 72 13 63 73 16 01 47 20 52 44 62 34 35 56 64 08 32 28 14 29 21 70 49 02 67 37 60 69 40 27 66 43 57 71 46 25 15 48 18 05 12 39 45 07 42 36 09 
53 58 63 13 65 18 16 42 44 12 49 47 07 46 17 39 37 11 36 06 26 33 01 50 54 31 23 02 55 59 21 28 00 60 64 08 09 43 35 05 10 14 48 40 04 15 19 38 45 03 32 30 61 29 57 22 20 51 34 62 27 25 56 24 52 41 66 70 69 76 75 74 68 71 67 72 73 
23 28 33 40 35 45 13 36 47 05 37 41 18 10 04 42 46 65 15 03 59 57 31 56 27 64 62 21 61 32 54 52 26 51 22 11 39 19 17 48 16 44 09 06 38 07 49 14 12 43 20 24 58 50 02 25 29 63 55 00 30 34 53 60 01 08 68 67 76 74 73 66 70 75 71 69 72 
26 31 21 43 38 48 03 18 11 39 16 65 05 40 44 07 13 04 45 49 29 54 25 62 60 34 59 30 52 50 24 64 20 57 55 17 15 46 14 42 06 08 36 19 47 12 10 41 09 37 56 63 01 23 27 61 53 02 28 32 51 58 00 33 22 35 71 73 68 70 76 67 75 69 72 66 74 
56 61 51 16 11 07 10 39 14 45 19 44 15 37 35 09 49 08 42 40 00 63 52 29 21 01 53 57 34 26 02 58 62 24 31 41 48 03 65 12 46 38 05 13 17 36 43 04 18 06 59 27 55 20 33 64 32 60 25 23 54 22 50 30 28 47 74 68 72 69 71 76 66 67 70 73 75 
29 34 24 46 41 36 37 48 04 07 03 38 42 19 11 05 43 47 09 16 23 60 58 32 57 28 50 63 22 62 33 55 53 27 52 44 12 40 08 18 49 17 45 10 65 39 06 35 15 13 00 21 25 59 51 01 26 30 64 56 02 31 20 54 61 14 69 74 75 73 70 72 76 68 66 71 67 
59 64 54 19 14 09 43 45 65 42 13 35 48 06 47 18 40 38 12 37 50 27 34 00 51 55 32 24 01 56 60 22 29 02 61 04 07 10 44 36 03 11 15 49 41 05 16 08 39 46 53 33 31 62 30 58 23 21 52 20 63 28 26 57 25 17 75 72 70 67 74 71 73 76 69 68 66 
32 22 27 49 44 39 19 12 35 36 40 17 09 03 41 45 06 14 05 46 56 30 55 26 63 61 20 60 31 53 51 25 50 21 58 38 18 16 47 15 43 65 07 37 08 48 13 11 42 10 23 57 64 00 24 28 62 54 01 29 33 52 59 02 34 04 73 69 67 71 66 75 72 74 76 70 68 
62 52 57 06 17 12 40 15 41 48 46 08 45 16 38 36 10 35 07 43 32 02 64 53 30 22 00 54 58 20 27 01 59 63 25 65 42 49 04 09 13 47 39 03 14 18 37 44 05 19 29 60 28 56 21 34 50 33 61 26 24 55 23 51 31 11 70 71 74 66 72 68 67 73 75 76 69 
20 25 30 37 47 42 49 05 17 15 06 04 39 43 08 12 03 44 48 10 53 24 61 59 33 58 29 51 64 23 63 34 56 54 28 14 45 13 41 07 19 35 18 46 11 09 40 65 36 16 62 02 22 26 60 52 00 27 31 50 57 01 32 21 55 38 72 76 71 75 68 73 69 66 74 67 70 
50 55 60 10 08 15 46 09 38 18 43 14 36 49 65 48 19 41 39 13 62 51 28 20 02 52 56 33 25 00 57 61 23 30 01 47 05 06 11 45 37 04 12 16 35 42 03 17 07 40 26 54 34 32 63 31 59 24 22 53 21 64 29 27 58 44 76 66 73 72 67 69 74 70 68 75 71 
00 01 02 03 04 05 06 07 08 09 10 11 12 13 14 15 16 17 18 19 20 21 22 23 24 25 26 27 28 29 30 31 32 33 34 35 36 37 38 39 40 41 42 43 44 45 46 47 48 49 50 51 52 53 54 55 56 57 58 59 60 61 62 63 64 65 67 75 66 68 69 70 71 72 73 74 76 
