06 23 00 04 05 76 03 10 35 66 25 09 71 28 12 75 31 15 69 34 18 73 01 21 38 11 16 41 14 19 44 17 22 47 20 58 65 56 61 26 59 64 29 62 52 32 50 55 07 53 63 67 49 51 70 37 54 74 40 57 68 43 60 72 46 13 48 30 24 42 33 36 27 45 08 39 02 
25 21 52 18 70 02 11 40 19 24 50 67 27 62 73 30 53 68 33 20 76 08 14 66 58 57 37 06 54 31 22 60 03 64 12 46 16 51 43 61 15 49 55 63 34 13 09 28 10 05 72 48 04 74 36 59 75 39 23 71 42 56 69 45 17 01 35 44 32 38 41 29 26 07 47 00 65 
05 36 04 02 00 06 76 21 11 22 75 26 10 69 29 13 73 32 16 66 07 19 71 65 14 39 12 17 42 15 20 45 18 23 48 54 59 24 57 62 27 60 50 30 63 53 33 51 56 08 47 64 74 35 52 68 38 55 72 41 58 67 44 61 70 09 43 25 34 37 28 46 01 40 31 49 03 
03 12 06 05 76 02 04 49 22 24 23 73 27 11 66 30 14 71 33 17 75 08 20 69 10 15 40 13 18 43 16 21 46 19 09 01 55 60 25 58 63 28 61 51 31 64 54 34 52 57 68 48 50 72 36 53 67 39 56 70 42 59 74 45 62 37 38 07 29 47 65 41 32 35 26 44 00 
02 19 76 06 03 04 00 33 67 56 29 34 59 32 01 62 07 25 50 65 28 53 26 31 70 22 24 74 10 27 68 13 30 72 16 48 73 52 36 66 55 39 71 58 42 75 61 45 69 64 40 20 38 43 23 41 46 11 44 49 14 47 37 17 35 08 18 60 54 12 63 21 57 15 51 09 05 
04 74 03 76 02 00 05 17 34 32 57 30 07 60 33 65 63 08 26 51 24 29 54 27 01 68 23 25 72 11 28 67 14 31 70 50 49 71 53 37 75 56 40 69 59 43 73 62 46 66 36 41 21 39 44 09 42 47 12 45 35 15 48 38 18 20 13 55 64 22 58 16 52 10 61 19 06 
76 07 05 00 06 03 02 68 18 28 33 58 31 08 61 34 24 64 01 27 52 25 30 55 21 65 67 09 26 70 12 29 74 15 32 75 51 35 69 54 38 73 57 41 66 60 44 71 63 47 19 37 42 22 40 45 10 43 48 13 46 36 16 49 39 72 23 50 59 17 53 11 62 20 56 14 04 
16 56 65 50 09 74 03 19 07 70 25 60 66 28 51 72 31 18 76 34 12 71 01 63 35 04 52 29 20 58 00 62 10 38 17 64 41 59 13 47 53 61 32 11 22 26 23 06 44 14 05 68 49 57 69 37 21 75 40 54 73 43 15 67 46 55 33 24 45 02 42 48 30 36 39 27 08 
51 08 17 24 00 10 72 18 20 64 68 26 61 75 29 52 70 32 19 76 07 13 69 65 56 36 05 53 30 21 59 02 63 11 39 15 50 42 60 14 48 54 62 33 12 23 27 09 04 45 47 06 67 35 58 66 38 22 73 41 55 71 44 16 74 57 03 46 43 49 31 37 40 28 25 34 01 
04 71 31 73 39 65 12 17 40 26 09 45 44 57 02 41 18 27 47 05 36 32 60 24 25 76 23 34 70 11 37 69 14 49 67 50 01 75 53 03 66 56 46 68 59 28 74 62 43 72 33 29 15 30 00 51 08 38 63 48 07 54 42 35 21 20 52 22 06 64 55 19 58 61 16 13 10 
71 41 05 32 13 40 24 74 18 25 27 10 46 45 58 03 42 19 28 48 06 37 33 61 21 26 76 09 07 68 12 38 66 15 35 70 51 65 73 54 00 75 57 47 67 60 29 72 63 44 22 34 30 16 31 02 52 01 39 64 49 08 55 43 36 69 50 04 56 20 59 62 17 14 23 53 11 
33 19 69 06 25 14 41 36 72 62 26 28 11 47 46 59 00 43 20 29 49 04 38 34 66 22 27 76 10 08 67 13 39 75 16 45 68 52 24 71 55 02 73 58 48 74 61 30 70 64 37 23 07 31 17 32 03 53 65 40 50 35 01 56 44 42 21 57 60 63 18 15 09 54 05 51 12 
04 70 34 66 42 26 15 17 37 07 63 27 29 12 48 47 60 02 44 21 30 35 05 39 43 75 23 28 76 11 01 74 14 40 73 50 46 67 53 25 69 56 03 71 59 49 72 62 31 68 45 38 09 08 32 18 33 00 54 24 41 51 36 65 57 20 64 61 19 16 10 55 06 52 58 22 13 
75 38 05 07 16 43 27 71 18 40 08 64 28 30 13 49 48 61 03 45 22 31 36 06 21 44 73 09 29 76 12 65 72 15 41 67 51 47 74 54 26 66 57 00 69 60 35 70 63 32 58 46 39 10 01 33 19 34 02 55 25 42 52 37 24 68 17 20 11 56 04 53 59 23 62 50 14 
08 19 73 06 28 17 44 42 69 04 41 01 50 29 31 14 35 49 62 00 46 23 32 37 67 22 45 71 10 30 76 13 24 70 16 33 74 52 48 72 55 27 75 58 02 66 61 36 68 64 25 59 47 40 11 65 34 20 07 03 56 26 43 53 38 39 57 12 05 54 60 09 63 51 21 18 15 
04 66 01 71 45 29 18 17 43 38 05 42 65 51 30 32 15 36 35 63 02 47 09 33 40 74 23 46 69 11 31 76 14 25 68 50 34 72 53 49 70 56 28 73 59 03 75 62 37 67 39 26 60 48 41 12 24 07 21 08 00 57 27 44 54 20 55 06 61 10 64 52 22 19 13 58 16 
69 44 05 65 19 46 30 67 18 34 39 06 43 24 52 31 33 16 37 36 64 03 48 10 21 41 72 09 47 66 12 32 76 15 26 74 51 07 70 54 35 68 57 29 71 60 00 73 63 38 55 40 27 61 49 42 13 25 08 22 01 02 58 28 45 75 11 62 50 53 23 20 14 59 04 56 17 
24 19 66 06 31 20 47 27 74 11 07 40 04 44 25 53 32 34 17 38 37 50 00 49 73 22 42 70 10 48 75 13 33 76 16 39 72 52 08 68 55 36 67 58 30 69 61 02 71 64 46 56 41 28 62 35 43 14 26 01 23 65 03 59 29 45 54 51 09 21 15 60 05 57 63 12 18 
04 72 25 75 48 32 21 17 28 35 12 08 41 05 45 26 54 33 07 18 39 38 51 02 46 71 23 43 68 11 49 73 14 34 76 50 40 70 53 01 67 56 37 74 59 31 66 62 03 69 30 47 57 42 29 63 36 44 15 27 65 09 24 00 60 20 22 10 16 61 06 58 64 13 52 55 19 
73 29 05 26 22 49 33 76 18 03 36 13 01 42 06 46 27 55 34 08 19 40 39 52 21 47 69 09 44 67 12 35 71 15 07 66 51 41 68 54 65 74 57 38 72 60 32 75 63 00 61 31 48 58 43 30 64 37 45 16 28 24 10 25 02 70 62 17 04 59 50 14 53 56 11 23 20 
27 19 71 06 34 23 35 08 76 53 00 37 14 65 43 04 47 28 56 07 01 20 41 40 68 22 48 66 10 45 74 13 36 69 16 02 75 52 42 67 55 24 72 58 39 70 61 33 73 64 03 62 32 49 59 44 31 50 38 46 17 29 25 11 26 30 60 05 51 15 54 57 12 09 18 63 21 
04 76 28 69 36 07 09 17 01 41 54 02 38 15 24 44 05 48 29 57 08 65 21 42 31 67 23 49 75 11 46 72 14 37 66 50 03 73 53 43 74 56 25 70 59 40 68 62 34 71 27 00 63 33 35 60 45 32 51 39 47 18 30 26 12 20 16 52 55 58 13 10 19 64 06 61 22 
66 65 05 29 10 37 08 75 18 43 42 55 03 39 16 25 45 06 49 30 58 01 24 22 21 32 74 09 35 73 12 47 70 15 38 69 51 00 71 54 44 72 57 26 68 60 41 67 63 07 13 28 02 64 34 36 61 46 33 52 40 48 19 31 27 76 59 56 14 11 20 50 04 62 53 17 23 
30 19 75 06 01 11 38 39 73 23 44 43 56 00 40 17 26 46 04 35 31 59 65 25 76 22 33 72 10 36 71 13 48 68 16 08 66 52 02 69 55 45 70 58 27 67 61 42 74 64 28 14 29 03 50 07 37 62 47 34 53 41 49 20 32 24 12 15 21 51 05 63 54 18 57 60 09 
54 42 20 27 00 13 67 51 14 16 73 26 52 72 29 64 69 32 55 74 07 22 76 65 23 24 60 59 39 05 56 33 09 62 02 12 04 48 18 53 45 63 17 36 57 50 08 15 11 30 47 19 68 35 06 70 38 61 71 41 10 66 44 58 75 21 31 43 28 01 49 03 46 37 34 40 25 
28 15 55 21 74 02 14 03 52 24 17 71 27 53 70 30 50 66 33 56 72 08 23 76 22 09 25 61 60 40 06 57 34 10 63 31 13 05 49 19 54 46 64 18 37 58 51 01 16 12 73 48 20 67 36 04 68 39 62 69 42 11 75 45 59 43 65 29 35 00 47 38 07 41 44 32 26 
22 53 29 56 15 72 03 64 00 76 25 18 69 28 54 68 31 51 75 34 57 70 01 09 44 23 10 26 62 61 41 04 58 07 11 13 32 14 06 35 20 55 47 50 19 38 59 52 65 17 60 71 49 21 74 37 05 67 40 63 66 43 12 73 46 16 02 36 48 39 08 42 45 33 30 24 27 
57 02 23 30 00 16 70 12 50 10 76 26 19 66 29 55 67 32 52 73 07 58 68 65 17 45 09 11 27 63 62 42 05 59 08 18 14 33 15 04 36 21 56 48 51 20 39 60 53 24 47 61 69 35 22 72 38 06 74 41 64 75 44 13 71 54 40 49 01 43 46 34 31 25 37 03 28 
31 51 58 09 68 02 17 01 13 24 11 76 27 20 75 30 56 74 33 53 71 08 59 67 55 18 46 10 12 28 64 63 43 06 60 25 19 15 34 16 05 37 22 57 49 52 21 40 61 54 69 48 62 66 36 23 70 39 04 72 42 50 73 45 14 03 44 65 47 07 32 26 38 00 35 41 29 
10 14 32 59 18 67 03 61 65 74 25 12 76 28 21 73 31 57 72 34 54 69 01 60 00 56 19 47 11 13 29 50 64 44 04 55 26 20 16 07 17 06 38 23 58 35 53 22 41 62 15 66 49 63 75 37 09 68 40 05 70 43 51 71 46 52 08 48 33 27 39 02 36 42 24 45 30 
60 24 11 33 00 19 74 05 62 61 72 26 13 76 29 22 71 32 58 70 07 55 66 65 53 02 57 20 48 12 14 30 51 50 45 63 56 27 21 17 08 18 04 39 09 59 36 54 23 42 47 16 75 35 64 73 38 10 67 41 06 68 44 52 69 15 28 34 40 03 37 43 25 46 49 01 31 
34 63 61 12 72 02 20 46 06 24 62 70 27 14 76 30 23 69 33 59 68 08 56 75 16 54 03 58 21 49 13 15 31 52 51 43 64 57 28 22 18 01 19 05 40 10 60 37 55 09 66 48 17 73 36 50 71 39 11 74 42 04 67 45 53 25 00 41 38 44 26 47 35 65 07 29 32 
13 04 07 62 21 70 03 52 47 73 25 63 68 28 15 76 31 09 66 34 60 67 01 57 26 17 55 00 59 22 35 14 16 32 53 10 44 50 58 29 23 19 65 20 06 41 11 61 38 56 54 75 49 18 71 37 51 69 40 12 72 43 05 74 46 64 45 39 27 48 36 24 08 30 42 02 33 
63 48 14 08 00 22 68 54 53 58 71 26 64 67 29 16 76 32 10 75 07 61 74 65 50 27 18 56 02 60 23 36 15 17 33 57 11 45 51 59 30 09 20 24 21 04 42 12 62 39 47 55 73 35 19 69 38 52 66 41 13 70 44 06 72 05 49 28 37 25 01 31 43 03 40 46 34 
01 54 64 15 67 02 23 34 55 24 59 69 27 50 74 30 17 76 33 11 73 08 62 72 06 51 28 19 57 03 61 09 37 16 18 40 58 12 46 52 60 31 10 21 25 22 05 43 13 63 70 48 56 71 36 20 66 39 53 75 42 14 68 45 04 49 26 38 65 32 44 00 41 47 29 35 07 
64 62 38 20 57 71 03 06 32 67 25 54 72 28 09 70 31 63 73 34 05 75 01 12 29 14 61 07 23 16 47 59 55 41 56 52 35 11 10 65 04 22 44 53 13 00 17 58 26 50 51 76 49 60 68 37 18 66 40 15 74 43 21 69 46 19 30 02 08 45 24 27 42 39 48 33 36 
21 33 50 39 00 58 69 57 04 13 74 26 55 70 29 10 68 32 64 71 07 06 73 65 20 30 15 62 08 09 17 48 60 56 42 51 53 36 12 11 24 05 23 45 54 14 02 18 59 27 47 52 76 35 61 67 38 19 75 41 16 72 44 22 66 63 46 01 25 28 43 40 49 34 03 31 37 
40 05 22 51 66 02 59 43 58 24 14 72 27 56 68 30 11 67 33 50 69 08 04 71 64 21 31 16 63 01 10 18 49 61 57 28 52 54 37 13 12 25 06 09 46 55 15 03 19 60 75 48 53 76 36 62 74 39 20 73 42 17 70 45 23 34 29 26 44 41 35 07 00 32 65 47 38 
52 59 41 23 60 75 03 58 44 69 25 15 70 28 57 67 31 12 74 34 51 66 01 05 07 50 22 32 17 64 65 11 19 35 62 61 29 53 55 38 14 13 26 04 10 47 56 16 00 20 09 73 49 54 76 37 63 72 40 21 71 43 18 68 46 06 42 45 36 08 02 33 24 48 27 30 39 
09 45 53 42 00 61 73 63 59 06 66 26 16 68 29 58 74 32 13 72 07 52 75 65 04 08 51 23 33 18 50 24 12 20 36 21 62 30 54 56 39 15 14 27 05 11 48 57 17 02 47 10 71 35 55 76 38 64 70 41 22 69 44 19 67 60 01 37 03 34 25 49 28 31 46 43 40 
43 60 10 54 71 02 62 37 64 24 04 75 27 17 67 30 59 72 33 14 70 08 53 73 61 05 01 52 09 34 19 51 25 13 21 03 22 63 31 55 57 40 16 15 28 06 12 49 58 18 74 48 11 69 36 56 76 39 50 68 42 23 66 45 20 46 07 00 26 35 29 32 47 44 38 65 41 
55 50 44 11 63 69 03 22 38 71 25 05 73 28 18 74 31 60 70 34 15 68 01 54 47 62 06 65 53 10 07 20 52 26 14 19 00 23 64 32 56 58 41 17 16 29 04 13 35 59 21 72 49 12 66 37 57 76 40 51 67 43 09 75 46 61 36 27 30 33 48 45 39 24 02 08 42 
12 39 56 45 00 64 66 15 23 55 69 26 06 71 29 19 72 32 61 68 07 16 67 65 62 48 63 04 24 54 11 08 21 53 27 60 20 02 09 50 33 57 59 42 18 17 30 05 14 36 47 22 70 35 13 75 38 58 76 41 52 74 44 10 73 51 34 31 49 46 40 25 03 01 28 37 43 
46 09 13 57 75 02 50 28 16 24 56 66 27 04 69 30 20 70 33 62 67 08 17 74 52 63 49 64 05 25 55 12 01 22 54 37 61 21 03 10 51 34 58 60 43 19 18 31 06 15 71 48 23 68 36 14 73 39 59 76 42 53 72 45 11 40 47 35 41 26 00 65 29 38 32 07 44 
58 17 47 14 51 73 03 55 29 72 25 57 75 28 05 66 31 21 68 34 63 74 01 18 41 53 64 35 50 06 26 56 13 65 23 16 38 62 22 00 11 52 07 59 61 44 20 19 32 04 12 69 49 09 67 37 15 71 40 60 76 43 54 70 46 10 27 42 02 24 30 39 33 08 36 48 45 
15 30 59 48 00 52 71 09 56 19 70 26 58 73 29 06 75 32 22 67 07 64 72 65 11 42 54 50 36 51 04 27 57 14 24 05 17 39 63 23 02 12 53 08 60 62 45 21 20 33 47 13 66 35 10 74 38 16 69 41 61 76 44 55 68 18 25 03 31 40 34 01 37 49 43 28 46 
49 57 16 60 69 02 53 25 10 24 20 68 27 59 71 30 04 73 33 23 74 08 50 70 19 12 43 55 51 37 52 05 28 58 15 34 06 18 40 64 09 03 13 54 01 61 63 46 22 21 67 48 14 75 36 11 72 39 17 66 42 62 76 45 56 31 41 32 07 65 38 35 44 29 00 26 47 
61 11 35 17 54 66 03 16 26 68 25 21 67 28 60 69 31 05 71 34 09 72 01 51 32 20 13 44 56 52 38 53 06 29 59 22 07 04 19 41 50 10 00 14 55 65 62 64 47 23 57 74 49 15 73 37 12 70 40 18 75 43 63 76 46 58 24 08 39 36 45 30 02 27 33 42 48 
18 27 62 36 00 55 75 60 17 52 67 26 22 74 29 61 66 32 06 69 07 10 70 65 59 33 21 14 45 57 53 39 54 04 30 09 23 08 05 20 42 51 11 02 15 56 24 63 50 48 47 58 72 35 16 71 38 13 68 41 19 73 44 64 76 12 37 40 46 31 03 28 34 43 01 25 49 
37 18 19 63 73 02 56 31 61 24 53 74 27 23 72 30 62 75 33 04 66 08 11 68 13 60 34 22 15 46 58 54 40 55 05 49 10 09 01 06 21 43 52 12 03 16 57 25 64 51 76 48 59 70 36 17 69 39 14 67 42 20 71 45 50 28 32 47 00 29 07 44 65 26 41 38 35 
39 19 74 06 46 53 07 02 68 17 65 31 62 41 37 56 38 03 14 44 34 11 29 43 69 22 36 75 10 24 73 13 45 67 16 42 71 52 33 70 55 30 66 58 08 72 61 48 76 64 49 50 26 25 20 00 01 59 35 28 04 32 40 23 47 27 63 54 15 05 12 18 60 21 09 57 51 
04 67 40 72 08 47 54 17 03 44 18 24 32 63 42 38 57 39 00 15 45 07 12 30 28 66 23 37 73 11 25 71 14 46 74 50 43 69 53 34 68 56 31 75 59 01 70 62 49 76 48 35 51 27 26 21 02 65 60 36 29 05 33 41 09 20 06 16 13 19 61 22 10 58 55 64 52 
70 00 05 41 55 01 48 72 18 31 45 19 25 33 64 43 39 58 40 02 16 46 08 13 21 29 75 09 38 71 12 26 69 15 47 76 51 44 66 54 07 67 57 32 73 60 65 68 63 35 10 49 36 52 28 27 22 03 24 61 37 30 06 34 42 74 20 14 62 23 11 59 56 50 17 04 53 
42 19 68 06 49 56 65 48 70 14 32 46 20 26 34 50 44 40 59 41 03 17 47 01 72 22 30 73 10 39 69 13 27 66 16 36 76 52 45 75 55 08 74 58 33 71 61 24 67 64 43 11 35 37 53 29 28 23 00 25 62 38 31 04 07 02 09 63 12 60 57 51 18 05 15 21 54 
04 68 43 67 24 35 57 17 49 65 15 33 47 21 27 07 51 45 41 60 42 00 18 48 03 70 23 31 71 11 40 66 14 28 75 50 37 76 53 46 73 56 01 72 59 34 69 62 25 74 08 44 12 36 38 54 30 29 09 02 26 63 39 32 05 20 61 13 58 52 19 06 16 22 64 10 55 
74 35 05 44 58 25 36 73 18 49 24 16 34 48 22 28 08 52 46 42 61 43 02 19 21 00 68 09 32 69 12 41 75 15 29 72 51 38 76 54 47 71 57 65 70 60 07 66 63 26 06 01 45 13 37 39 55 31 30 10 03 27 64 40 33 67 53 59 20 04 17 23 50 11 14 62 56 
45 19 72 06 37 59 26 30 71 20 35 25 17 07 49 23 29 01 53 47 43 62 44 03 74 22 02 67 10 33 66 13 42 73 16 27 70 52 39 76 55 48 69 58 24 68 61 08 75 64 34 04 65 46 14 38 40 56 32 31 11 00 28 50 41 36 05 21 18 09 51 12 15 63 60 54 57 
04 69 46 70 27 38 60 17 31 00 21 36 26 18 08 35 09 30 65 54 48 44 63 45 37 72 23 03 74 11 34 75 14 43 71 50 28 68 53 40 76 56 49 66 59 25 67 62 01 73 42 07 05 24 47 15 39 41 57 33 32 12 02 29 51 20 10 19 52 13 16 64 61 55 22 06 58 
68 32 05 47 61 28 39 69 18 46 02 22 37 27 19 01 36 10 31 24 55 49 45 64 21 38 70 09 00 72 12 07 73 15 44 71 51 29 67 54 41 76 57 35 75 60 26 74 63 65 52 43 08 06 25 48 16 40 42 58 34 33 13 03 30 66 14 53 17 50 62 56 23 04 20 11 59 
48 19 67 06 40 62 29 45 66 50 47 03 23 38 28 20 65 37 11 32 25 56 35 46 75 22 39 68 10 02 70 13 08 71 16 24 69 52 30 74 55 42 76 58 36 73 61 27 72 64 31 53 44 01 04 26 49 17 41 43 59 07 34 14 00 33 51 18 63 57 09 05 21 12 54 15 60 
04 75 49 74 30 41 63 17 46 47 51 48 00 09 39 29 21 24 38 12 33 26 57 36 34 73 23 40 67 11 03 68 14 01 69 50 25 66 53 31 72 56 43 76 59 37 71 62 28 70 02 32 54 45 65 05 27 35 18 42 44 60 08 07 15 20 58 64 10 06 22 13 55 16 19 52 61 
72 47 05 35 64 31 42 66 18 37 48 52 49 02 10 40 30 22 25 39 13 34 27 58 21 07 71 09 41 74 12 00 67 15 65 68 51 26 75 54 32 70 57 44 76 60 38 69 63 29 16 03 33 55 46 24 06 28 36 19 43 45 61 01 08 73 04 11 23 14 56 17 20 53 50 59 62 
36 19 70 06 43 50 32 24 75 59 38 49 53 35 03 11 41 31 23 26 40 14 07 28 71 22 08 69 10 42 72 13 02 74 16 30 67 52 27 73 55 33 68 58 45 76 61 39 66 64 01 17 00 34 56 47 25 04 29 37 20 44 46 62 65 48 15 09 57 18 21 54 51 60 12 05 63 
04 73 37 68 33 44 51 17 25 29 60 39 35 54 36 00 12 42 32 09 27 41 15 08 49 69 23 01 66 11 43 70 14 03 72 50 31 74 53 28 71 56 34 67 59 46 76 62 40 75 24 65 18 02 07 57 48 26 05 30 38 21 45 47 63 20 19 58 22 55 52 61 13 06 10 16 64 
67 26 05 38 52 34 45 70 18 01 30 61 40 36 55 37 02 13 43 33 10 28 42 16 21 35 66 09 65 75 12 44 68 15 00 73 51 32 72 54 29 69 57 07 74 60 47 76 63 41 64 25 24 19 03 08 58 49 27 06 31 39 22 46 48 71 56 23 53 62 14 04 11 17 59 20 50 
19 20 26 53 12 68 03 13 41 75 25 51 74 28 63 71 31 54 67 34 21 76 01 15 65 59 58 38 04 55 32 23 61 00 50 06 47 17 52 44 62 16 35 56 64 07 14 10 29 11 18 70 49 05 72 37 60 73 40 09 69 43 57 66 46 22 39 33 42 30 27 08 48 02 45 36 24 
29 43 24 34 59 54 64 65 45 21 06 56 60 19 11 05 61 50 09 16 04 51 55 14 42 28 35 48 01 47 33 40 38 27 37 00 08 25 44 36 03 26 30 49 41 02 31 07 39 46 53 15 13 62 12 58 20 18 52 17 63 10 23 57 22 32 66 73 74 70 72 75 76 71 69 68 67 
38 03 48 43 23 18 13 26 33 12 52 50 21 64 17 57 55 11 54 22 62 60 16 59 39 31 65 02 40 44 08 28 00 45 49 32 30 46 29 42 01 07 36 34 47 27 25 41 24 37 56 63 06 20 09 61 53 05 10 14 51 58 04 15 19 35 73 67 69 71 74 76 70 68 66 72 75 
47 49 42 37 17 12 22 32 02 51 64 20 63 16 56 54 10 53 21 61 59 15 58 11 30 01 00 39 43 07 27 03 44 48 25 29 45 28 41 08 34 35 33 46 26 24 40 65 36 31 62 05 19 23 60 52 04 09 13 50 57 06 14 18 55 38 74 69 68 75 71 73 67 76 72 70 66 
65 31 33 28 53 63 58 44 42 05 55 59 18 10 04 60 64 23 15 06 50 54 13 20 27 49 47 08 46 32 39 37 26 36 01 07 24 43 35 02 25 29 48 40 00 30 34 38 45 03 14 12 61 11 57 19 17 51 16 62 09 22 56 21 52 41 70 71 75 69 67 72 74 66 76 73 68 
41 37 36 46 11 21 16 00 48 63 19 62 15 55 53 09 52 20 60 58 14 57 10 50 08 03 38 42 34 26 02 43 47 24 31 44 27 40 07 33 49 32 45 25 65 39 01 35 30 28 04 18 22 59 51 06 23 12 64 56 05 13 17 54 61 29 72 74 71 67 70 66 73 75 68 76 69 
32 40 27 01 62 57 52 41 30 54 58 17 09 06 59 63 22 14 05 64 53 12 19 04 48 46 07 45 31 38 36 25 35 08 43 65 42 49 00 24 28 47 39 03 29 33 37 44 02 34 11 60 10 56 18 16 50 15 61 23 21 55 20 51 13 26 75 76 73 72 66 71 68 74 67 69 70 
35 28 45 40 20 15 10 47 36 18 61 14 54 52 23 51 19 59 57 13 56 09 64 62 02 37 41 33 25 00 42 46 65 30 03 26 39 34 32 48 31 44 24 01 38 08 49 29 27 43 17 21 58 50 05 22 11 63 55 04 12 16 53 60 06 07 76 70 67 74 73 68 72 69 75 66 71 
26 25 08 31 56 51 61 29 39 57 16 23 05 58 62 21 13 04 63 52 11 18 06 53 45 34 44 30 37 35 24 49 07 42 40 41 48 03 65 27 46 38 02 28 32 36 43 00 33 01 59 09 55 17 15 64 14 60 22 20 54 19 50 12 10 47 71 68 76 66 75 74 69 73 70 67 72 
44 34 39 49 14 09 19 35 27 60 13 53 51 22 50 18 58 56 12 55 23 63 61 17 36 40 32 24 03 41 45 01 29 02 46 38 33 31 47 30 43 65 08 37 07 48 28 26 42 25 20 57 64 04 21 10 62 54 06 11 15 52 59 05 16 00 69 66 72 76 68 67 75 70 74 71 73 
07 46 30 25 50 60 55 38 24 15 22 04 57 61 20 12 06 62 51 10 17 05 52 56 33 43 29 36 49 65 48 34 41 39 28 47 02 01 26 45 37 00 27 31 35 42 03 32 08 40 23 54 16 14 63 13 59 21 19 53 18 64 11 09 58 44 68 72 70 73 76 69 66 67 71 75 74 
00 01 02 03 04 05 06 07 08 09 10 11 12 13 14 15 16 17 18 19 20 21 22 23 24 25 26 27 28 29 30 31 32 33 34 35 36 37 38 39 40 41 42 43 44 45 46 47 48 49 50 51 52 53 54 55 56 57 58 59 60 61 62 63 64 65 67 75 66 68 69 70 71 72 73 74 76 
