06 33 00 04 05 76 03 26 31 58 29 34 61 32 22 64 01 25 52 23 28 55 19 65 72 07 24 70 10 27 68 13 30 67 16 75 51 35 73 54 38 71 57 41 69 60 44 66 63 47 17 37 42 20 40 45 08 43 48 11 46 36 14 49 39 74 09 59 56 21 53 18 50 15 62 12 02 
09 19 70 06 16 23 52 22 50 72 25 62 71 28 53 67 31 18 76 34 12 69 58 57 37 00 54 29 20 60 04 64 10 40 17 46 14 51 43 61 13 49 55 63 32 11 07 26 08 03 74 48 02 68 36 59 75 39 21 66 42 56 73 45 15 01 27 30 47 35 41 33 44 38 24 05 65 
05 17 04 02 00 06 76 56 27 32 59 30 01 62 33 23 50 65 26 53 24 29 70 20 22 68 08 25 67 11 28 74 14 31 72 48 71 52 36 69 55 39 66 58 42 75 61 45 73 64 40 18 38 43 21 41 46 09 44 49 12 47 37 15 35 34 19 54 51 16 63 13 60 10 57 07 03 
03 68 06 05 76 02 04 30 57 28 33 60 31 65 63 34 24 51 22 27 54 25 01 67 21 23 74 09 26 72 12 29 70 15 32 50 49 66 53 37 75 56 40 73 59 43 71 62 46 69 36 41 19 39 44 07 42 47 10 45 35 13 48 38 16 18 14 64 61 11 58 08 55 20 52 17 00 
02 10 76 06 03 04 00 22 21 71 25 09 69 28 12 66 31 15 75 34 18 73 08 13 40 11 16 43 14 19 46 17 07 49 20 01 55 60 23 58 63 26 61 51 29 64 54 32 52 57 67 48 50 74 36 53 72 39 56 70 42 59 68 45 62 37 41 27 24 38 65 35 33 47 30 44 05 
04 21 03 76 02 00 05 69 23 07 66 26 10 75 29 13 73 32 16 71 01 19 38 09 14 41 12 17 44 15 20 47 18 08 35 58 65 56 61 24 59 64 27 62 52 30 50 55 33 53 63 72 49 51 70 37 54 68 40 57 67 43 60 74 46 11 36 22 34 48 31 45 28 42 25 39 06 
76 36 05 00 06 03 02 20 75 24 08 73 27 11 71 30 14 69 33 17 66 65 12 39 10 15 42 13 18 45 16 21 48 19 09 54 59 22 57 62 25 60 50 28 63 53 31 51 56 34 47 64 68 35 52 67 38 55 74 41 58 72 44 61 70 07 46 32 29 43 26 40 23 37 01 49 04 
10 66 39 65 71 02 29 24 07 45 44 57 06 41 16 25 47 03 36 30 60 22 23 76 21 32 70 09 37 73 12 49 72 15 40 50 01 75 53 04 69 56 46 67 59 26 68 62 43 74 31 27 13 28 05 51 34 38 63 48 33 54 42 35 19 18 17 00 14 52 55 61 20 64 58 11 08 
22 41 11 40 30 66 03 23 25 08 46 45 58 04 42 17 26 48 00 37 31 61 19 24 76 07 33 67 10 38 69 13 35 68 16 70 51 65 71 54 05 75 57 47 72 60 27 74 63 44 20 32 28 14 29 06 52 01 39 64 49 34 55 43 36 73 62 56 21 50 59 12 02 18 15 53 09 
41 17 23 12 00 31 73 62 24 26 09 47 46 59 05 43 18 27 49 02 38 32 69 20 25 76 08 34 72 11 39 75 14 36 74 45 67 52 22 66 55 06 71 58 48 68 61 28 70 64 37 21 33 29 15 30 04 53 65 40 50 35 01 56 44 42 13 60 03 19 16 54 57 63 07 51 10 
13 70 42 24 69 02 32 33 63 25 27 10 48 47 60 06 44 19 28 35 03 39 43 75 21 26 76 09 01 68 12 40 71 15 37 50 46 72 53 23 73 56 04 66 59 49 74 62 29 67 45 38 07 34 30 16 31 05 54 22 41 51 36 65 57 18 55 17 58 64 08 52 61 14 00 20 11 
25 38 14 43 33 75 03 40 34 64 26 28 11 49 48 61 04 45 20 29 36 00 19 44 71 07 27 76 10 65 74 13 41 66 16 72 51 47 68 54 24 69 57 05 73 60 35 70 63 30 58 46 39 08 01 31 17 32 06 55 23 42 52 37 22 67 53 09 62 15 02 21 18 56 59 50 12 
44 17 26 15 00 34 71 02 41 01 50 27 29 12 35 49 62 05 46 21 30 37 72 20 45 66 08 28 76 11 22 70 14 42 73 31 68 52 48 74 55 25 75 58 06 69 61 36 67 64 23 59 47 40 09 65 32 18 33 04 56 24 43 53 38 39 07 03 19 57 60 51 10 54 63 16 13 
16 69 45 27 66 02 01 38 03 42 65 51 28 30 13 36 35 63 06 47 07 31 40 68 21 46 73 09 29 76 12 23 67 15 43 50 32 74 53 49 70 56 26 71 59 04 75 62 37 72 39 24 60 48 41 10 22 33 19 34 05 57 25 44 54 18 52 61 11 55 64 17 00 08 20 58 14 
28 44 17 46 65 73 03 32 39 00 43 22 52 29 31 14 37 36 64 04 48 08 19 41 74 07 47 69 10 30 76 13 24 72 16 68 51 33 70 54 35 67 57 27 66 60 05 71 63 38 55 40 25 61 49 42 11 23 34 20 01 06 58 26 45 75 18 50 02 09 21 59 62 53 12 56 15 
47 17 29 18 00 22 69 09 33 40 02 44 23 53 30 32 15 38 37 50 05 49 71 20 42 70 08 48 75 11 31 76 14 25 68 39 74 52 34 67 55 36 72 58 28 73 61 06 66 64 46 56 41 26 62 35 43 12 24 01 21 65 04 59 27 45 60 07 63 54 13 57 51 19 03 10 16 
19 74 48 30 75 02 23 35 10 34 41 03 45 24 54 31 33 16 39 38 51 06 46 66 21 43 67 09 49 71 12 32 76 15 26 50 40 70 53 01 72 56 37 68 59 29 69 62 04 73 28 47 57 42 27 63 36 44 13 25 65 07 22 05 60 18 58 14 52 20 00 11 08 61 64 55 17 
31 27 20 49 24 71 03 04 36 11 01 42 00 46 25 55 32 34 17 40 39 52 19 47 73 07 44 72 10 35 66 13 33 76 16 69 51 41 67 54 65 68 57 38 74 60 30 75 63 05 61 29 48 58 43 28 64 37 45 14 26 22 08 23 06 70 12 02 09 62 50 56 15 59 53 21 18 
35 17 32 21 00 25 66 53 05 37 12 65 43 02 47 26 56 33 01 18 41 40 67 20 48 69 08 45 68 11 36 73 14 34 76 06 75 52 42 72 55 22 74 58 39 70 61 31 71 64 04 62 30 49 59 44 29 50 38 46 15 27 23 09 24 28 57 51 16 60 54 07 03 13 10 63 19 
07 76 36 33 73 02 26 41 54 06 38 13 22 44 03 48 27 57 34 65 19 42 29 72 21 49 75 09 46 74 12 37 69 15 01 50 04 71 53 43 68 56 23 70 59 40 67 62 32 66 25 05 63 31 35 60 45 30 51 39 47 16 28 24 10 18 08 55 00 14 11 64 52 58 17 61 20 
34 65 08 37 27 69 03 43 42 55 04 39 14 23 45 00 49 28 58 01 22 20 19 30 68 07 35 71 10 47 70 13 38 75 16 73 51 05 66 54 44 74 57 24 67 60 41 72 63 33 11 26 06 64 32 36 61 46 31 52 40 48 17 29 25 76 50 12 53 59 18 62 56 09 02 15 21 
38 17 01 09 00 28 75 21 44 43 56 05 40 15 24 46 02 35 29 59 65 23 76 20 31 74 08 36 66 11 48 67 14 39 71 34 69 52 06 73 55 45 70 58 25 72 61 42 68 64 26 12 27 04 50 33 37 62 47 32 53 41 49 18 30 22 63 19 57 10 03 16 13 51 54 60 07 
72 42 05 11 25 54 18 14 71 24 52 74 27 64 73 30 55 68 33 20 76 65 21 22 60 59 39 03 56 31 07 62 06 51 12 10 02 48 16 53 45 63 15 36 57 50 34 13 09 28 47 17 67 35 00 70 38 61 66 41 08 69 44 58 75 19 04 26 32 29 49 37 43 01 46 40 23 
12 13 68 06 19 26 55 22 15 66 25 53 70 28 50 69 31 56 74 34 21 76 20 07 23 61 60 40 00 57 32 08 63 04 52 29 11 03 49 17 54 46 64 16 37 58 51 01 14 10 71 48 18 72 36 02 67 39 62 73 42 09 75 45 59 43 38 35 44 65 47 41 27 05 33 30 24 
04 53 13 74 56 20 27 76 23 16 73 26 54 67 29 51 75 32 57 70 01 07 44 21 08 24 62 61 41 02 58 33 09 64 05 11 30 12 00 35 18 55 47 50 17 38 59 52 65 15 60 66 49 19 68 37 03 72 40 63 69 43 10 71 46 14 42 48 28 06 34 31 36 39 45 22 25 
70 06 05 14 28 57 21 08 76 24 17 69 27 55 72 30 52 71 33 58 67 65 15 45 07 09 25 63 62 42 03 59 34 10 50 16 12 31 13 02 36 19 56 48 51 18 39 60 53 22 47 61 73 35 20 74 38 00 68 41 64 75 44 11 66 54 32 01 37 40 46 23 49 43 29 04 26 
15 51 67 06 07 29 58 22 09 76 25 18 75 28 56 68 31 53 66 34 59 72 55 16 46 08 10 26 64 63 43 00 60 01 11 23 17 13 32 14 03 37 20 57 49 52 19 40 61 54 73 48 62 69 36 21 70 39 02 74 42 50 71 45 12 04 24 47 35 44 30 05 65 33 38 41 27 
04 12 16 72 59 08 30 68 23 10 76 26 19 71 29 57 74 32 54 73 01 60 05 56 17 47 09 11 27 50 64 44 02 61 65 55 24 18 14 33 15 00 38 21 58 35 53 20 41 62 13 69 49 63 75 37 07 67 40 03 70 43 51 66 46 52 06 31 22 34 39 42 48 25 36 45 28 
68 22 05 17 31 60 09 61 74 24 11 76 27 20 66 30 58 70 33 55 69 65 53 06 57 18 48 10 12 28 51 50 45 03 62 63 56 25 19 15 34 16 02 39 07 59 36 54 21 42 47 14 75 35 64 71 38 08 72 41 00 67 44 52 73 13 43 40 49 26 37 46 32 04 23 01 29 
18 63 74 06 10 32 61 22 62 70 25 12 76 28 21 73 31 59 67 34 56 75 14 54 04 58 19 49 11 13 29 52 51 46 00 43 64 57 26 20 16 01 17 03 40 08 60 37 55 07 69 48 15 71 36 50 66 39 09 68 42 02 72 45 53 23 47 38 33 05 24 65 41 44 35 27 30 
04 02 19 70 62 11 33 71 23 63 67 26 13 76 29 07 69 32 60 72 01 57 24 15 55 05 59 20 35 12 14 30 53 52 47 08 44 50 58 27 21 17 65 18 00 41 09 61 38 56 54 75 49 16 66 37 51 73 40 10 74 43 03 68 46 64 22 25 42 45 36 28 39 48 34 06 31 
67 48 05 20 34 63 12 58 66 24 64 72 27 14 76 30 08 75 33 61 68 65 50 25 16 56 06 60 21 36 13 15 31 54 53 57 09 45 51 59 28 07 18 22 19 02 42 10 62 39 47 55 71 35 17 73 38 52 69 41 11 70 44 00 74 03 29 37 40 49 01 04 26 23 43 46 32 
21 54 72 06 13 01 64 22 59 73 25 50 68 28 15 76 31 09 71 34 62 74 00 51 26 17 57 04 61 07 37 14 16 32 55 40 58 10 46 52 60 29 08 19 23 20 03 43 11 63 70 48 56 66 36 18 69 39 53 75 42 12 67 45 02 49 05 65 27 24 44 47 38 30 41 35 33 
04 56 07 68 50 14 65 70 23 60 69 26 51 74 29 16 76 32 10 66 01 63 35 02 52 27 18 58 05 62 08 38 15 17 33 64 41 59 11 47 53 61 30 09 20 24 21 00 44 12 03 67 49 57 73 37 19 75 40 54 71 43 13 72 46 55 48 45 39 31 42 36 22 06 28 25 34 
74 34 05 08 22 51 15 64 67 24 61 75 27 52 70 30 17 76 33 11 73 65 56 36 03 53 28 19 59 06 63 09 39 16 18 13 50 42 60 12 48 54 62 31 10 21 25 07 02 45 47 00 72 35 58 69 38 20 71 41 55 66 44 14 68 57 37 43 23 04 29 26 46 49 40 32 01 
04 62 57 66 18 64 38 72 23 54 74 26 07 70 29 63 71 32 03 75 01 10 27 12 61 33 21 14 47 59 55 41 56 00 30 52 35 09 08 65 02 20 44 53 11 05 15 58 24 50 51 76 49 60 67 37 16 69 40 13 68 43 19 73 46 17 25 34 48 28 22 39 06 45 42 31 36 
73 31 05 58 39 19 50 11 68 24 55 70 27 08 67 30 64 66 33 00 71 65 18 28 13 62 34 07 15 48 60 56 42 57 02 51 53 36 10 09 22 03 21 45 54 12 06 16 59 25 47 52 76 35 61 72 38 17 75 41 14 74 44 20 69 63 40 23 04 46 43 32 01 26 49 29 37 
59 03 69 06 51 40 20 22 12 74 25 56 67 28 09 72 31 50 73 34 02 66 64 19 29 14 63 01 08 16 49 61 57 43 58 26 52 54 37 11 10 23 00 07 46 55 13 04 17 60 75 48 53 76 36 62 68 39 18 71 42 15 70 45 21 32 33 44 65 27 35 30 24 41 05 47 38 
04 59 60 75 21 52 41 73 23 13 70 26 57 72 29 10 68 32 51 69 01 03 33 50 20 30 15 64 65 09 17 35 62 58 44 61 27 53 55 38 12 11 24 02 08 47 56 14 05 18 07 71 49 54 76 37 63 74 40 19 66 43 16 67 46 00 31 36 25 42 06 48 45 34 22 28 39 
71 45 05 61 42 07 53 00 69 24 14 67 27 58 68 30 11 74 33 52 75 65 02 34 51 21 31 16 50 22 10 18 36 63 59 19 62 28 54 56 39 13 12 25 03 09 48 57 15 06 47 08 66 35 55 76 38 64 70 41 20 73 44 17 72 60 49 04 46 01 23 29 37 32 26 43 40 
62 60 66 06 54 43 08 22 02 75 25 15 72 28 59 74 31 12 70 34 53 71 61 03 01 52 07 32 17 51 23 11 19 37 64 04 20 63 29 55 57 40 14 13 26 00 10 49 58 16 68 48 09 73 36 56 76 39 50 67 42 21 69 45 18 46 30 24 38 33 27 44 05 35 47 65 41 
04 50 63 73 09 55 44 66 23 03 71 26 16 68 29 60 70 32 13 67 01 54 47 62 00 65 53 08 33 18 52 24 12 20 38 17 05 21 64 30 56 58 41 15 14 27 02 11 35 59 19 74 49 10 69 37 57 76 40 51 72 43 07 75 46 61 45 28 06 36 48 22 25 31 39 34 42 
69 39 05 64 45 10 56 55 73 24 00 66 27 17 74 30 61 67 33 14 72 65 62 48 63 02 22 54 09 34 19 53 25 13 21 60 18 06 07 50 31 57 59 42 16 15 28 03 12 36 47 20 70 35 11 75 38 58 76 41 52 68 44 08 71 51 23 49 26 32 40 01 29 46 04 37 43 
50 07 75 06 57 46 11 22 56 69 25 02 73 28 18 70 31 62 72 34 15 68 52 63 49 64 03 23 55 10 01 20 54 26 14 37 61 19 04 08 51 32 58 60 43 17 16 29 00 13 66 48 21 67 36 12 71 39 59 76 42 53 74 45 09 40 65 41 30 47 05 38 35 24 27 33 44 
04 15 51 71 12 58 47 74 23 57 75 26 03 69 29 19 67 32 63 68 01 16 41 53 64 35 50 00 24 56 11 65 21 55 27 14 38 62 20 05 09 52 33 59 61 44 18 17 30 02 10 73 49 07 72 37 13 66 40 60 76 43 54 70 46 08 39 06 36 25 28 34 42 22 31 48 45 
66 28 05 52 48 13 59 17 70 24 58 71 27 00 75 30 20 72 33 64 74 65 09 42 54 50 36 51 02 25 57 12 22 07 56 03 15 39 63 21 06 10 53 34 60 62 45 19 18 31 47 11 69 35 08 68 38 14 73 41 61 76 44 55 67 16 01 29 43 23 32 49 04 40 37 26 46 
53 57 73 06 60 49 14 22 18 67 25 59 66 28 02 71 31 21 68 34 50 70 17 10 43 55 51 37 52 03 26 58 13 23 08 32 00 16 40 64 07 04 11 54 01 61 63 46 20 19 72 48 12 75 36 09 74 39 15 69 42 62 76 45 56 29 35 33 05 41 38 27 30 65 44 24 47 
04 09 54 69 15 61 35 67 23 19 72 26 60 73 29 03 66 32 07 74 01 51 30 18 11 44 56 52 38 53 00 27 59 14 24 20 33 02 17 41 50 08 05 12 55 65 62 64 47 21 57 68 49 13 71 37 10 70 40 16 75 43 63 76 46 58 28 39 31 22 45 25 34 36 06 42 48 
75 25 05 55 36 16 62 52 72 24 20 68 27 61 69 30 00 73 33 08 70 65 59 31 19 12 45 57 53 39 54 02 28 60 15 07 21 34 03 18 42 51 09 06 13 56 22 63 50 48 47 58 74 35 14 66 38 11 67 41 17 71 44 64 76 10 26 46 01 37 04 43 40 29 32 23 49 
56 16 71 06 63 37 17 22 53 68 25 21 74 28 62 75 31 02 69 34 09 67 11 60 32 20 13 46 58 54 40 55 03 29 61 49 08 07 01 00 19 43 52 10 04 14 57 23 64 51 76 48 59 70 36 15 73 39 12 72 42 18 66 45 50 26 44 05 41 30 33 24 47 27 65 38 35 
33 17 46 53 00 39 68 15 65 29 62 41 37 56 38 04 12 44 32 09 27 43 73 20 36 75 08 22 71 11 45 72 14 06 67 42 66 52 31 70 55 28 69 58 34 74 61 48 76 64 49 50 24 23 18 05 01 59 35 26 02 30 40 21 47 25 16 13 07 63 10 19 54 03 60 57 51 
54 72 34 47 74 02 40 44 16 22 30 63 42 38 57 39 05 13 45 33 10 28 26 69 21 37 71 09 23 66 12 46 68 15 04 50 43 73 53 32 67 56 29 75 59 01 70 62 49 76 48 35 51 25 24 19 06 65 60 36 27 03 31 41 07 18 20 11 55 00 61 58 14 17 08 64 52 
48 05 55 01 41 70 03 29 45 17 23 31 64 43 39 58 40 06 14 46 34 11 19 27 75 07 38 66 10 24 73 13 47 74 16 76 51 44 69 54 33 72 57 30 71 60 65 67 63 35 08 49 36 52 26 25 20 04 22 61 37 28 00 32 42 68 59 62 15 18 09 50 12 21 56 02 53 
65 17 49 56 00 42 67 12 30 46 18 24 32 50 44 40 59 41 04 15 47 01 74 20 28 71 08 39 73 11 25 69 14 48 70 36 76 52 45 75 55 34 68 58 31 66 61 22 72 64 43 09 35 37 53 27 26 21 05 23 62 38 29 02 33 06 51 10 13 07 57 03 63 60 16 19 54 
57 67 22 35 72 02 43 65 13 31 47 19 25 33 51 45 41 60 42 05 16 48 04 70 21 29 66 09 40 69 12 26 75 15 49 50 37 76 53 46 71 56 01 74 59 32 73 62 23 68 34 44 10 36 38 54 28 27 07 06 24 63 39 30 03 18 00 58 64 61 17 20 11 52 14 08 55 
36 35 58 23 44 68 03 49 22 14 32 48 20 26 34 52 46 42 61 43 06 17 19 05 67 07 30 73 10 41 75 13 27 71 16 74 51 38 76 54 47 66 57 65 70 60 33 69 63 24 00 01 45 11 37 39 55 29 28 08 04 25 64 40 31 72 21 18 12 53 15 09 59 02 50 62 56 
24 17 37 59 00 45 74 18 35 23 15 33 49 21 27 01 53 47 43 62 44 04 68 20 06 72 08 31 69 11 42 71 14 28 66 25 70 52 39 76 55 48 73 58 22 67 61 34 75 64 32 02 65 46 12 38 40 56 30 29 09 05 26 50 41 36 10 16 60 03 51 63 19 07 13 54 57 
60 73 25 38 70 02 46 05 19 36 24 16 34 35 07 28 65 54 48 44 63 45 37 74 21 04 68 09 32 75 12 43 66 15 29 50 26 67 53 40 76 56 49 69 59 23 72 62 01 71 42 33 03 22 47 13 39 41 57 31 30 10 06 27 51 18 64 52 20 08 14 55 17 11 61 00 58 
39 30 61 26 47 67 03 46 06 20 37 25 17 01 36 08 29 22 55 49 45 64 19 38 70 07 05 74 10 33 71 13 44 73 16 66 51 27 72 54 41 76 57 35 75 60 24 68 63 65 52 43 34 00 23 48 14 40 42 58 32 31 11 04 28 69 56 15 18 12 62 02 53 50 21 09 59 
27 17 40 62 00 48 72 50 47 04 21 38 26 18 65 37 09 30 23 56 35 46 75 20 39 67 08 06 70 11 34 66 14 45 69 22 73 52 28 68 55 42 76 58 36 71 61 25 74 64 29 53 44 01 02 24 49 15 41 43 59 33 32 12 05 31 03 63 54 51 07 10 16 57 19 13 60 
63 75 28 41 68 02 49 47 51 48 05 07 39 27 19 22 38 10 31 24 57 36 32 71 21 40 72 09 04 67 12 01 73 15 46 50 23 69 53 29 74 56 43 76 59 37 66 62 26 70 06 30 54 45 65 03 25 35 16 42 44 60 34 33 13 18 11 08 17 58 20 14 64 00 55 52 61 
42 47 64 29 35 74 03 37 48 52 49 06 08 40 28 20 23 39 11 32 25 58 19 33 66 07 41 68 10 05 72 13 65 69 16 67 51 24 75 54 30 70 57 44 76 60 38 73 63 27 14 04 31 55 46 22 00 26 36 17 43 45 61 01 34 71 15 21 50 02 56 53 09 12 18 59 62 
30 17 43 50 00 36 70 59 38 49 53 35 04 09 41 29 21 24 40 12 33 26 66 20 34 73 08 42 74 11 06 68 14 22 75 28 72 52 25 71 55 31 67 58 45 76 61 39 69 64 01 15 05 32 56 47 23 02 27 37 18 44 46 62 65 48 54 57 10 13 19 60 07 16 51 03 63 
51 71 31 44 67 02 37 27 60 39 35 54 36 05 10 42 30 07 25 41 13 34 49 73 21 01 69 09 43 70 12 04 74 15 23 50 29 68 53 26 66 56 32 72 59 46 76 62 40 75 22 65 16 06 33 57 48 24 03 28 38 19 45 47 63 18 61 20 08 17 52 00 58 55 11 14 64 
45 24 52 32 38 72 03 01 28 61 40 36 55 37 06 11 43 31 08 26 42 14 19 35 69 07 65 75 10 44 67 13 05 70 16 71 51 30 74 54 27 73 57 33 68 60 47 76 63 41 64 23 22 17 04 34 58 49 25 00 29 39 20 46 48 66 02 53 59 56 12 15 21 62 09 18 50 
04 18 10 67 53 17 24 75 23 51 68 26 63 66 29 54 72 32 19 76 01 13 65 59 58 38 02 55 30 21 61 05 50 11 41 00 47 15 52 44 62 14 35 56 64 33 12 08 27 09 16 70 49 03 74 37 60 71 40 07 73 43 57 69 46 20 34 42 45 39 25 06 31 28 48 36 22 
52 40 62 57 01 30 25 54 58 15 07 00 59 63 20 12 03 64 53 10 17 02 48 46 33 45 29 38 36 23 35 34 43 41 28 65 42 49 05 22 26 47 39 04 27 31 37 44 06 32 09 60 08 56 16 14 50 13 61 21 19 55 18 51 11 24 66 72 70 74 73 76 69 71 68 67 75 
20 49 15 10 37 47 42 51 64 18 63 14 56 54 08 53 19 61 59 13 58 09 28 01 05 39 43 33 25 04 44 48 23 30 06 27 45 26 41 34 32 35 31 46 24 22 40 65 36 29 62 03 17 21 60 52 02 07 11 50 57 00 12 16 55 38 69 67 73 72 76 68 70 66 75 71 74 
17 32 12 07 49 44 39 60 11 53 51 20 50 16 58 56 10 55 21 63 61 15 36 40 30 22 04 41 45 01 27 06 46 35 25 38 31 29 47 28 43 65 34 37 33 48 26 24 42 23 18 57 64 02 19 08 62 54 00 09 13 52 59 03 14 05 73 66 68 71 75 74 76 70 72 69 67 
64 43 59 54 32 27 22 19 00 56 60 17 09 03 61 50 07 14 02 51 55 12 42 26 35 48 01 47 31 40 38 25 37 65 45 05 34 23 44 36 04 24 28 49 41 06 29 33 39 46 53 13 11 62 10 58 18 16 52 15 63 08 21 57 20 30 68 70 74 69 72 67 75 76 71 73 66 
14 37 09 19 46 41 36 63 17 62 13 55 53 07 52 18 60 58 12 57 08 50 34 04 38 42 32 24 06 43 47 22 29 05 48 44 25 40 33 31 49 30 45 23 65 39 01 35 28 26 02 16 20 59 51 00 21 10 64 56 03 11 15 54 61 27 71 74 69 75 70 73 66 67 76 72 68 
61 23 56 51 29 24 34 57 14 21 03 58 62 19 11 02 63 52 09 16 00 53 45 32 44 28 37 35 22 49 33 42 40 27 39 41 48 04 65 25 46 38 06 26 30 36 43 05 31 01 59 07 55 15 13 64 12 60 20 18 54 17 50 10 08 47 75 73 72 70 67 71 74 68 66 76 69 
11 04 21 16 43 38 48 10 52 50 19 64 15 57 55 09 54 20 62 60 14 59 39 29 65 06 40 44 34 26 05 45 49 24 31 30 28 46 27 42 01 33 36 32 47 25 23 41 22 37 56 63 00 18 07 61 53 03 08 12 51 58 02 13 17 35 74 76 67 73 71 66 72 75 69 68 70 
58 29 53 63 26 65 31 03 55 59 16 08 02 60 64 21 13 00 50 54 11 18 25 49 47 34 46 30 39 37 24 36 01 44 42 33 22 43 35 06 23 27 48 40 05 28 32 38 45 04 12 10 61 09 57 17 15 51 14 62 07 20 56 19 52 41 76 69 75 66 74 72 68 73 67 70 71 
08 26 18 13 40 35 45 16 61 12 54 52 21 51 17 59 57 11 56 07 64 62 06 37 41 31 23 05 42 46 65 28 04 47 36 24 39 32 30 48 29 44 22 01 38 34 49 27 25 43 15 19 58 50 03 20 09 63 55 02 10 14 53 60 00 33 70 71 76 67 68 75 73 69 74 66 72 
55 46 50 60 23 33 28 13 20 02 57 61 18 10 00 62 51 08 15 03 52 56 31 43 27 36 49 65 48 32 41 39 26 38 22 47 06 01 24 45 37 05 25 29 35 42 04 30 34 40 21 54 14 12 63 11 59 19 17 53 16 64 09 07 58 44 72 68 71 76 66 69 67 74 70 75 73 
00 01 02 03 04 05 06 07 08 09 10 11 12 13 14 15 16 17 18 19 20 21 22 23 24 25 26 27 28 29 30 31 32 33 34 35 36 37 38 39 40 41 42 43 44 45 46 47 48 49 50 51 52 53 54 55 56 57 58 59 60 61 62 63 64 65 67 75 66 68 69 70 71 72 73 74 76 
