67 76 69 72 68 74 70 66 75 73 10 61 14 19 15 18 17 13 16 11 40 64 44 49 45 48 47 43 46 41 00 65 04 08 09 07 06 03 05 01 52 60 55 59 50 58 57 54 56 51 38 63 30 34 39 35 37 33 36 31 32 12 42 02 53 71 27 20 28 25 29 24 21 26 23 62 22 
73 75 74 68 71 72 76 69 67 66 18 11 17 15 12 16 19 61 14 10 48 41 47 45 42 46 49 64 44 40 07 01 06 09 02 05 08 65 04 00 58 51 57 50 53 56 59 60 55 52 36 31 38 37 35 32 39 63 34 30 33 13 43 03 54 70 29 28 26 22 25 27 20 24 62 21 23 
74 66 71 76 75 70 73 68 69 72 17 16 12 61 11 19 13 18 15 14 47 46 42 64 41 49 43 48 45 44 06 05 02 65 01 08 03 07 09 04 57 56 53 60 51 59 54 58 50 55 39 36 37 32 63 31 33 38 35 34 30 10 40 00 52 67 23 27 29 21 62 22 24 25 28 26 20 
69 73 68 70 76 71 67 72 66 74 14 18 15 13 61 17 12 10 19 16 44 48 45 43 64 47 42 40 49 46 04 07 09 03 65 06 02 00 08 05 55 58 50 54 60 57 53 52 59 56 37 38 34 35 33 63 32 30 39 36 31 11 41 01 51 75 22 24 27 62 23 25 26 29 20 28 21 
70 68 67 66 69 73 72 75 71 76 13 15 10 16 14 61 18 19 11 12 43 45 40 46 44 64 48 49 41 42 03 09 00 05 04 65 07 08 01 02 54 50 52 56 55 60 58 59 51 53 63 35 33 30 36 34 38 39 31 32 37 17 47 06 57 74 28 23 62 24 26 20 22 21 29 25 27 
76 71 73 69 74 66 68 67 70 75 61 12 18 14 17 11 16 15 10 13 64 42 48 44 47 41 46 45 40 43 65 02 07 04 06 01 05 09 00 03 60 53 58 55 57 51 56 50 52 54 31 32 63 38 34 37 36 35 30 33 39 19 49 08 59 72 26 62 21 27 24 28 23 20 25 22 29 
71 72 75 73 66 67 74 76 68 70 12 19 11 18 16 13 10 17 61 15 42 49 41 48 46 43 40 47 64 45 02 08 01 07 05 03 00 06 65 09 53 59 51 58 56 54 52 57 60 50 33 39 32 31 38 36 30 37 63 35 34 14 44 04 55 69 20 22 23 26 28 21 25 62 27 29 24 
75 70 66 74 72 69 71 73 76 67 11 13 16 17 19 10 14 12 18 61 41 43 46 47 49 40 44 42 48 64 01 03 05 06 08 00 04 02 07 65 51 54 56 57 59 52 55 53 58 60 30 33 31 36 37 39 34 32 38 63 35 15 45 09 50 68 24 21 20 29 27 26 62 28 22 23 25 
68 74 76 67 73 75 69 70 72 71 15 17 61 10 18 12 11 14 13 19 45 47 64 40 48 42 41 44 43 49 09 06 65 00 07 02 01 04 03 08 50 57 60 52 58 53 51 55 54 59 32 37 35 63 30 38 31 34 33 39 36 16 46 05 56 66 21 25 22 28 20 62 29 23 24 27 26 
72 69 70 75 67 76 66 71 74 68 19 14 13 11 10 15 61 16 12 17 49 44 43 41 40 45 64 46 42 47 08 04 03 01 00 09 65 05 02 06 59 55 54 51 52 50 60 56 53 57 35 34 39 33 31 30 63 36 32 37 38 18 48 07 58 73 62 29 25 20 21 23 27 22 26 24 28 
40 64 44 49 45 47 43 46 41 48 67 76 69 72 68 73 74 70 66 75 20 62 24 29 25 28 27 23 26 21 52 60 55 59 50 58 57 54 56 51 10 61 14 19 15 18 17 13 16 11 07 65 00 04 08 09 06 03 05 01 02 71 22 53 12 42 37 30 38 35 39 34 31 36 33 63 32 
48 41 47 45 42 49 64 44 40 46 73 75 74 68 71 66 72 76 69 67 28 21 27 25 22 26 29 62 24 20 58 51 57 50 53 56 59 60 55 52 18 11 17 15 12 16 19 61 14 10 05 01 07 06 09 02 08 65 04 00 03 70 23 54 13 43 39 38 36 32 35 37 30 34 63 31 33 
47 46 42 64 41 43 48 45 44 49 74 66 71 76 75 72 70 73 68 69 27 26 22 62 21 29 23 28 25 24 57 56 53 60 51 59 54 58 50 55 17 16 12 61 11 19 13 18 15 14 08 05 06 02 65 01 03 07 09 04 00 67 20 52 10 40 33 37 39 31 63 32 34 35 38 36 30 
44 48 45 43 64 42 40 49 46 47 69 73 68 70 76 74 71 67 72 66 24 28 25 23 62 27 22 20 29 26 55 58 50 54 60 57 53 52 59 56 14 18 15 13 61 17 12 10 19 16 06 07 04 09 03 65 02 00 08 05 01 75 21 51 11 41 32 34 37 63 33 35 36 39 30 38 31 
43 45 40 46 44 48 49 41 42 64 70 68 67 66 69 76 73 72 75 71 23 25 20 26 24 62 28 29 21 22 54 50 52 56 55 60 58 59 51 53 13 15 10 16 14 61 18 19 11 12 65 09 03 00 05 04 07 08 01 02 06 74 27 57 17 47 38 33 63 34 36 30 32 31 39 35 37 
49 44 43 41 40 64 46 42 47 45 72 69 70 75 67 68 76 66 71 74 29 24 23 21 20 25 62 26 22 27 59 55 54 51 52 50 60 56 53 57 19 14 13 11 10 15 61 16 12 17 09 04 08 03 01 00 65 05 02 06 07 73 28 58 18 48 63 39 35 30 31 33 37 32 36 34 38 
64 42 48 44 47 46 45 40 43 41 76 71 73 69 74 75 66 68 67 70 62 22 28 24 27 21 26 25 20 23 60 53 58 55 57 51 56 50 52 54 61 12 18 14 17 11 16 15 10 13 01 02 65 07 04 06 05 09 00 03 08 72 29 59 19 49 36 63 31 37 34 38 33 30 35 32 39 
42 49 41 48 46 40 47 64 45 43 71 72 75 73 66 70 67 74 76 68 22 29 21 28 26 23 20 27 62 25 53 59 51 58 56 54 52 57 60 50 12 19 11 18 16 13 10 17 61 15 03 08 02 01 07 05 00 06 65 09 04 69 24 55 14 44 30 32 33 36 38 31 35 63 37 39 34 
41 43 46 47 49 44 42 48 64 40 75 70 66 74 72 67 69 71 73 76 21 23 26 27 29 20 24 22 28 62 51 54 56 57 59 52 55 53 58 60 11 13 16 17 19 10 14 12 18 61 00 03 01 05 06 08 04 02 07 65 09 68 25 50 15 45 34 31 30 39 37 36 63 38 32 33 35 
45 47 64 40 48 41 44 43 49 42 68 74 76 67 73 71 75 69 70 72 25 27 62 20 28 22 21 24 23 29 50 57 60 52 58 53 51 55 54 59 15 17 61 10 18 12 11 14 13 19 02 06 09 65 00 07 01 04 03 08 05 66 26 56 16 46 31 35 32 38 30 63 39 33 34 37 36 
10 61 14 19 15 17 13 16 11 18 52 60 55 59 50 58 57 54 56 51 67 76 69 72 68 73 74 70 66 75 30 63 34 39 35 38 37 33 36 31 00 65 04 08 09 07 06 03 05 01 28 62 20 24 29 25 27 23 26 21 22 53 71 32 02 12 47 40 48 45 49 44 41 46 43 64 42 
18 11 17 15 12 19 61 14 10 16 58 51 57 50 53 56 59 60 55 52 73 75 74 68 71 66 72 76 69 67 38 31 37 35 32 36 39 63 34 30 07 01 06 09 02 05 08 65 04 00 26 21 28 27 25 22 29 62 24 20 23 54 70 33 03 13 49 48 46 42 45 47 40 44 64 41 43 
17 16 12 61 11 13 18 15 14 19 57 56 53 60 51 59 54 58 50 55 74 66 71 76 75 72 70 73 68 69 37 36 32 63 31 39 33 38 35 34 06 05 02 65 01 08 03 07 09 04 29 26 27 22 62 21 23 28 25 24 20 52 67 30 00 10 43 47 49 41 64 42 44 45 48 46 40 
14 18 15 13 61 12 10 19 16 17 55 58 50 54 60 57 53 52 59 56 69 73 68 70 76 74 71 67 72 66 34 38 35 33 63 37 32 30 39 36 04 07 09 03 65 06 02 00 08 05 27 28 24 25 23 62 22 20 29 26 21 51 75 31 01 11 42 44 47 64 43 45 46 49 40 48 41 
13 15 10 16 14 18 19 11 12 61 54 50 52 56 55 60 58 59 51 53 70 68 67 66 69 76 73 72 75 71 33 35 30 36 34 63 38 39 31 32 03 09 00 05 04 65 07 08 01 02 62 25 23 20 26 24 28 29 21 22 27 57 74 37 06 17 48 43 64 44 46 40 42 41 49 45 47 
19 14 13 11 10 61 16 12 17 15 59 55 54 51 52 50 60 56 53 57 72 69 70 75 67 68 76 66 71 74 39 34 33 31 30 35 63 36 32 37 08 04 03 01 00 09 65 05 02 06 25 24 29 23 21 20 62 26 22 27 28 58 73 38 07 18 64 49 45 40 41 43 47 42 46 44 48 
61 12 18 14 17 16 15 10 13 11 60 53 58 55 57 51 56 50 52 54 76 71 73 69 74 75 66 68 67 70 63 32 38 34 37 31 36 35 30 33 65 02 07 04 06 01 05 09 00 03 21 22 62 28 24 27 26 25 20 23 29 59 72 39 08 19 46 64 41 47 44 48 43 40 45 42 49 
12 19 11 18 16 10 17 61 15 13 53 59 51 58 56 54 52 57 60 50 71 72 75 73 66 70 67 74 76 68 32 39 31 38 36 33 30 37 63 35 02 08 01 07 05 03 00 06 65 09 23 29 22 21 28 26 20 27 62 25 24 55 69 34 04 14 40 42 43 46 48 41 45 64 47 49 44 
11 13 16 17 19 14 12 18 61 10 51 54 56 57 59 52 55 53 58 60 75 70 66 74 72 67 69 71 73 76 31 33 36 37 39 30 34 32 38 63 01 03 05 06 08 00 04 02 07 65 20 23 21 26 27 29 24 22 28 62 25 50 68 35 09 15 44 41 40 49 47 46 64 48 42 43 45 
15 17 61 10 18 11 14 13 19 12 50 57 60 52 58 53 51 55 54 59 68 74 76 67 73 71 75 69 70 72 35 37 63 30 38 32 31 34 33 39 09 06 65 00 07 02 01 04 03 08 22 27 25 62 20 28 21 24 23 29 26 56 66 36 05 16 41 45 42 48 40 64 49 43 44 47 46 
30 63 34 39 35 37 33 36 31 38 20 62 24 29 25 28 27 23 26 21 00 65 04 08 09 07 06 03 05 01 67 76 69 72 68 73 74 70 66 75 40 64 44 49 45 48 47 43 46 41 18 61 10 14 19 15 17 13 16 11 12 22 02 71 42 32 57 52 58 50 59 55 51 56 54 60 53 
38 31 37 35 32 39 63 34 30 36 28 21 27 25 22 26 29 62 24 20 07 01 06 09 02 05 08 65 04 00 73 75 74 68 71 66 72 76 69 67 48 41 47 45 42 46 49 64 44 40 16 11 18 17 15 12 19 61 14 10 13 23 03 70 43 33 59 58 56 53 50 57 52 55 60 51 54 
37 36 32 63 31 33 38 35 34 39 27 26 22 62 21 29 23 28 25 24 06 05 02 65 01 08 03 07 09 04 74 66 71 76 75 72 70 73 68 69 47 46 42 64 41 49 43 48 45 44 19 16 17 12 61 11 13 18 15 14 10 20 00 67 40 30 54 57 59 51 60 53 55 50 58 56 52 
34 38 35 33 63 32 30 39 36 37 24 28 25 23 62 27 22 20 29 26 04 07 09 03 65 06 02 00 08 05 69 73 68 70 76 74 71 67 72 66 44 48 45 43 64 47 42 40 49 46 17 18 14 15 13 61 12 10 19 16 11 21 01 75 41 31 53 55 57 60 54 50 56 59 52 58 51 
33 35 30 36 34 38 39 31 32 63 23 25 20 26 24 62 28 29 21 22 03 09 00 05 04 65 07 08 01 02 70 68 67 66 69 76 73 72 75 71 43 45 40 46 44 64 48 49 41 42 61 15 13 10 16 14 18 19 11 12 17 27 06 74 47 37 58 54 60 55 56 52 53 51 59 50 57 
39 34 33 31 30 63 36 32 37 35 29 24 23 21 20 25 62 26 22 27 08 04 03 01 00 09 65 05 02 06 72 69 70 75 67 68 76 66 71 74 49 44 43 41 40 45 64 46 42 47 15 14 19 13 11 10 61 16 12 17 18 28 07 73 48 38 60 59 50 52 51 54 57 53 56 55 58 
63 32 38 34 37 36 35 30 33 31 62 22 28 24 27 21 26 25 20 23 65 02 07 04 06 01 05 09 00 03 76 71 73 69 74 75 66 68 67 70 64 42 48 44 47 41 46 45 40 43 11 12 61 18 14 17 16 15 10 13 19 29 08 72 49 39 56 60 51 57 55 58 54 52 50 53 59 
32 39 31 38 36 30 37 63 35 33 22 29 21 28 26 23 20 27 62 25 02 08 01 07 05 03 00 06 65 09 71 72 75 73 66 70 67 74 76 68 42 49 41 48 46 43 40 47 64 45 13 19 12 11 18 16 10 17 61 15 14 24 04 69 44 34 52 53 54 56 58 51 50 60 57 59 55 
31 33 36 37 39 34 32 38 63 30 21 23 26 27 29 20 24 22 28 62 01 03 05 06 08 00 04 02 07 65 75 70 66 74 72 67 69 71 73 76 41 43 46 47 49 40 44 42 48 64 10 13 11 16 17 19 14 12 18 61 15 25 09 68 45 35 55 51 52 59 57 56 60 58 53 54 50 
35 37 63 30 38 31 34 33 39 32 25 27 62 20 28 22 21 24 23 29 09 06 65 00 07 02 01 04 03 08 68 74 76 67 73 71 75 69 70 72 45 47 64 40 48 42 41 44 43 49 12 17 15 61 10 18 11 14 13 19 16 26 05 66 46 36 51 50 53 58 52 60 59 54 55 57 56 
20 62 24 29 25 27 23 26 21 28 40 64 44 49 45 48 47 43 46 41 30 63 34 39 35 38 37 33 36 31 10 61 14 19 15 18 17 13 16 11 67 76 69 72 68 73 74 70 66 75 58 60 52 55 59 50 57 54 56 51 53 42 32 12 71 22 06 00 07 09 08 04 01 05 03 65 02 
28 21 27 25 22 29 62 24 20 26 48 41 47 45 42 46 49 64 44 40 38 31 37 35 32 36 39 63 34 30 18 11 17 15 12 16 19 61 14 10 73 75 74 68 71 66 72 76 69 67 56 51 58 57 50 53 59 60 55 52 54 43 33 13 70 23 08 07 05 02 09 06 00 04 65 01 03 
27 26 22 62 21 23 28 25 24 29 47 46 42 64 41 49 43 48 45 44 37 36 32 63 31 39 33 38 35 34 17 16 12 61 11 19 13 18 15 14 74 66 71 76 75 72 70 73 68 69 59 56 57 53 60 51 54 58 50 55 52 40 30 10 67 20 03 06 08 01 65 02 04 09 07 05 00 
24 28 25 23 62 22 20 29 26 27 44 48 45 43 64 47 42 40 49 46 34 38 35 33 63 37 32 30 39 36 14 18 15 13 61 17 12 10 19 16 69 73 68 70 76 74 71 67 72 66 57 58 55 50 54 60 53 52 59 56 51 41 31 11 75 21 02 04 06 65 03 09 05 08 00 07 01 
23 25 20 26 24 28 29 21 22 62 43 45 40 46 44 64 48 49 41 42 33 35 30 36 34 63 38 39 31 32 13 15 10 16 14 61 18 19 11 12 70 68 67 66 69 76 73 72 75 71 60 50 54 52 56 55 58 59 51 53 57 47 37 17 74 27 07 03 65 04 05 00 02 01 08 09 06 
29 24 23 21 20 62 26 22 27 25 49 44 43 41 40 45 64 46 42 47 39 34 33 31 30 35 63 36 32 37 19 14 13 11 10 15 61 16 12 17 72 69 70 75 67 68 76 66 71 74 50 55 59 54 51 52 60 56 53 57 58 48 38 18 73 28 65 08 09 00 01 03 06 02 05 04 07 
62 22 28 24 27 26 25 20 23 21 64 42 48 44 47 41 46 45 40 43 63 32 38 34 37 31 36 35 30 33 61 12 18 14 17 11 16 15 10 13 76 71 73 69 74 75 66 68 67 70 51 53 60 58 55 57 56 50 52 54 59 49 39 19 72 29 05 65 01 06 04 07 03 00 09 02 08 
22 29 21 28 26 20 27 62 25 23 42 49 41 48 46 43 40 47 64 45 32 39 31 38 36 33 30 37 63 35 12 19 11 18 16 13 10 17 61 15 71 72 75 73 66 70 67 74 76 68 54 59 53 51 58 56 52 57 60 50 55 44 34 14 69 24 00 02 03 05 07 01 09 65 06 08 04 
21 23 26 27 29 24 22 28 62 20 41 43 46 47 49 40 44 42 48 64 31 33 36 37 39 30 34 32 38 63 11 13 16 17 19 10 14 12 18 61 75 70 66 74 72 67 69 71 73 76 52 54 51 56 57 59 55 53 58 60 50 45 35 15 68 25 04 01 00 08 06 05 65 07 02 03 09 
25 27 62 20 28 21 24 23 29 22 45 47 64 40 48 42 41 44 43 49 35 37 63 30 38 32 31 34 33 39 15 17 61 10 18 12 11 14 13 19 68 74 76 67 73 71 75 69 70 72 53 57 50 60 52 58 51 55 54 59 56 46 36 16 66 26 01 09 02 07 00 65 08 03 04 06 05 
08 04 03 01 00 65 05 02 06 09 39 34 33 31 30 35 63 36 32 37 59 55 54 51 52 50 60 56 53 57 49 44 43 41 40 45 64 46 42 47 29 24 23 21 20 25 62 26 22 27 68 69 72 70 75 67 76 66 71 74 73 38 58 48 28 07 61 19 15 10 11 13 17 12 16 14 18 
07 01 06 09 02 08 65 04 00 05 38 31 37 35 32 36 39 63 34 30 58 51 57 50 53 56 59 60 55 52 48 41 47 45 42 46 49 64 44 40 28 21 27 25 22 26 29 62 24 20 66 75 73 74 68 71 72 76 69 67 70 33 54 43 23 03 19 18 16 12 15 17 10 14 61 11 13 
00 65 04 08 09 06 03 05 01 07 30 63 34 39 35 38 37 33 36 31 52 60 55 59 50 58 57 54 56 51 40 64 44 49 45 48 47 43 46 41 20 62 24 29 25 28 27 23 26 21 73 76 67 69 72 68 74 70 66 75 71 32 53 42 22 02 17 10 18 15 19 14 11 16 13 61 12 
06 05 02 65 01 03 07 09 04 08 37 36 32 63 31 39 33 38 35 34 57 56 53 60 51 59 54 58 50 55 47 46 42 64 41 49 43 48 45 44 27 26 22 62 21 29 23 28 25 24 72 66 74 71 76 75 70 73 68 69 67 30 52 40 20 00 13 17 19 11 61 12 14 15 18 16 10 
04 07 09 03 65 02 00 08 05 06 34 38 35 33 63 37 32 30 39 36 55 58 50 54 60 57 53 52 59 56 44 48 45 43 64 47 42 40 49 46 24 28 25 23 62 27 22 20 29 26 74 73 69 68 70 76 71 67 72 66 75 31 51 41 21 01 12 14 17 61 13 15 16 19 10 18 11 
03 09 00 05 04 07 08 01 02 65 33 35 30 36 34 63 38 39 31 32 54 50 52 56 55 60 58 59 51 53 43 45 40 46 44 64 48 49 41 42 23 25 20 26 24 62 28 29 21 22 76 68 70 67 66 69 73 72 75 71 74 37 57 47 27 06 18 13 61 14 16 10 12 11 19 15 17 
65 02 07 04 06 05 09 00 03 01 63 32 38 34 37 31 36 35 30 33 60 53 58 55 57 51 56 50 52 54 64 42 48 44 47 41 46 45 40 43 62 22 28 24 27 21 26 25 20 23 75 71 76 73 69 74 66 68 67 70 72 39 59 49 29 08 16 61 11 17 14 18 13 10 15 12 19 
02 08 01 07 05 00 06 65 09 03 32 39 31 38 36 33 30 37 63 35 53 59 51 58 56 54 52 57 60 50 42 49 41 48 46 43 40 47 64 45 22 29 21 28 26 23 20 27 62 25 70 72 71 75 73 66 67 74 76 68 69 34 55 44 24 04 10 12 13 16 18 11 15 61 17 19 14 
01 03 05 06 08 04 02 07 65 00 31 33 36 37 39 30 34 32 38 63 51 54 56 57 59 52 55 53 58 60 41 43 46 47 49 40 44 42 48 64 21 23 26 27 29 20 24 22 28 62 67 70 75 66 74 72 69 71 73 76 68 35 50 45 25 09 14 11 10 19 17 16 61 18 12 13 15 
09 06 65 00 07 01 04 03 08 02 35 37 63 30 38 32 31 34 33 39 50 57 60 52 58 53 51 55 54 59 45 47 64 40 48 42 41 44 43 49 25 27 62 20 28 22 21 24 23 29 71 74 68 76 67 73 75 69 70 72 66 36 56 46 26 05 11 15 12 18 10 61 19 13 14 17 16 
05 00 08 02 03 09 01 06 07 04 36 30 39 32 33 34 35 31 37 38 56 52 59 53 54 55 50 51 57 58 46 40 49 42 43 44 45 41 47 48 26 20 29 22 23 24 25 21 27 28 69 67 66 72 71 70 68 75 74 73 76 63 60 64 62 65 15 16 14 13 12 19 18 17 11 10 61 
46 40 49 42 43 45 41 47 48 44 66 67 72 71 70 69 68 75 74 73 26 20 29 22 23 24 25 21 27 28 56 52 59 53 54 55 50 51 57 58 16 10 19 12 13 14 15 11 17 18 04 00 05 08 02 03 09 01 06 07 65 76 62 60 61 64 35 36 34 33 32 39 38 37 31 30 63 
16 10 19 12 13 15 11 17 18 14 56 52 59 53 54 55 50 51 57 58 66 67 72 71 70 69 68 75 74 73 36 30 39 32 33 34 35 31 37 38 05 00 08 02 03 04 09 01 06 07 24 20 26 29 22 23 25 21 27 28 62 60 76 63 65 61 45 46 44 43 42 49 48 47 41 40 64 
36 30 39 32 33 35 31 37 38 34 26 20 29 22 23 24 25 21 27 28 05 00 08 02 03 04 09 01 06 07 66 67 72 71 70 69 68 75 74 73 46 40 49 42 43 44 45 41 47 48 14 10 16 19 12 13 15 11 17 18 61 62 65 76 64 63 50 56 55 54 53 59 58 57 51 52 60 
26 20 29 22 23 25 21 27 28 24 46 40 49 42 43 44 45 41 47 48 36 30 39 32 33 34 35 31 37 38 16 10 19 12 13 14 15 11 17 18 66 67 72 71 70 69 68 75 74 73 55 52 56 59 53 54 50 51 57 58 60 64 63 61 76 62 09 05 04 03 02 08 07 06 01 00 65 
66 67 72 71 70 68 75 74 73 69 16 10 19 12 13 14 15 11 17 18 46 40 49 42 43 44 45 41 47 48 05 00 08 02 03 04 09 01 06 07 56 52 59 53 54 55 50 51 57 58 34 30 36 39 32 33 35 31 37 38 63 61 64 65 60 76 25 26 24 23 22 29 28 27 21 20 62 
60 53 58 55 57 56 50 52 54 51 65 02 07 04 06 01 05 09 00 03 61 12 18 14 17 11 16 15 10 13 62 22 28 24 27 21 26 25 20 23 63 32 38 34 37 31 36 35 30 33 41 42 64 48 44 47 46 45 40 43 49 08 19 29 39 59 66 73 74 70 72 75 76 71 69 68 67 
52 60 55 59 50 57 54 56 51 58 00 65 04 08 09 07 06 03 05 01 10 61 14 19 15 18 17 13 16 11 20 62 24 29 25 28 27 23 26 21 30 63 34 39 35 38 37 33 36 31 48 64 40 44 49 45 47 43 46 41 42 02 12 22 32 53 73 67 69 71 74 76 70 68 66 72 75 
59 55 54 51 52 60 56 53 57 50 08 04 03 01 00 09 65 05 02 06 19 14 13 11 10 15 61 16 12 17 29 24 23 21 20 25 62 26 22 27 39 34 33 31 30 35 63 36 32 37 45 44 49 43 41 40 64 46 42 47 48 07 18 28 38 58 74 69 68 75 71 73 67 76 72 70 66 
54 50 52 56 55 58 59 51 53 60 03 09 00 05 04 65 07 08 01 02 13 15 10 16 14 61 18 19 11 12 23 25 20 26 24 62 28 29 21 22 33 35 30 36 34 63 38 39 31 32 64 45 43 40 46 44 48 49 41 42 47 06 17 27 37 57 70 71 75 69 67 72 74 66 76 73 68 
55 58 50 54 60 53 52 59 56 57 04 07 09 03 65 06 02 00 08 05 14 18 15 13 61 17 12 10 19 16 24 28 25 23 62 27 22 20 29 26 34 38 35 33 63 37 32 30 39 36 47 48 44 45 43 64 42 40 49 46 41 01 11 21 31 51 72 74 71 67 70 66 73 75 68 76 69 
57 56 53 60 51 54 58 50 55 59 06 05 02 65 01 08 03 07 09 04 17 16 12 61 11 19 13 18 15 14 27 26 22 62 21 29 23 28 25 24 37 36 32 63 31 39 33 38 35 34 49 46 47 42 64 41 43 48 45 44 40 00 10 20 30 52 75 76 73 72 66 71 68 74 67 69 70 
50 57 60 52 58 51 55 54 59 53 09 06 65 00 07 02 01 04 03 08 15 17 61 10 18 12 11 14 13 19 25 27 62 20 28 22 21 24 23 29 35 37 63 30 38 32 31 34 33 39 42 47 45 64 40 48 41 44 43 49 46 05 16 26 36 56 76 70 67 74 73 68 72 69 75 66 71 
51 54 56 57 59 55 53 58 60 52 01 03 05 06 08 00 04 02 07 65 11 13 16 17 19 10 14 12 18 61 21 23 26 27 29 20 24 22 28 62 31 33 36 37 39 30 34 32 38 63 40 43 41 46 47 49 44 42 48 64 45 09 15 25 35 50 71 68 76 66 75 74 69 73 70 67 72 
53 59 51 58 56 52 57 60 50 54 02 08 01 07 05 03 00 06 65 09 12 19 11 18 16 13 10 17 61 15 22 29 21 28 26 23 20 27 62 25 32 39 31 38 36 33 30 37 63 35 43 49 42 41 48 46 40 47 64 45 44 04 14 24 34 55 69 66 72 76 68 67 75 70 74 71 73 
58 51 57 50 53 59 60 55 52 56 07 01 06 09 02 05 08 65 04 00 18 11 17 15 12 16 19 61 14 10 28 21 27 25 22 26 29 62 24 20 38 31 37 35 32 36 39 63 34 30 46 41 48 47 45 42 49 64 44 40 43 03 13 23 33 54 68 72 70 73 76 69 66 67 71 75 74 
56 52 59 53 54 50 51 57 58 55 05 00 08 02 03 04 09 01 06 07 16 10 19 12 13 14 15 11 17 18 26 20 29 22 23 24 25 21 27 28 36 30 39 32 33 34 35 31 37 38 44 40 46 49 42 43 45 41 47 48 64 65 61 62 63 60 67 75 66 68 69 70 71 72 73 74 76 
