75 74 71 68 67 66 76 73 72 69 10 12 19 18 17 11 14 61 16 13 49 41 42 48 47 40 44 64 46 43 01 08 00 07 06 09 03 65 05 02 51 59 52 58 57 50 54 60 56 53 31 39 32 38 37 30 34 63 36 33 35 15 45 04 55 70 27 20 62 29 21 26 28 24 23 22 25 
66 69 76 71 73 68 67 72 70 75 14 10 12 61 18 16 17 11 13 15 41 42 44 64 48 46 47 40 43 45 00 01 03 65 07 05 06 09 02 04 52 51 54 60 58 56 57 50 53 55 32 31 34 63 38 36 37 30 33 35 39 19 49 08 59 74 28 22 21 20 26 23 62 27 25 24 29 
76 68 72 73 74 67 70 69 75 71 61 18 17 13 16 19 11 15 12 10 47 48 64 43 46 49 40 45 41 42 07 06 65 02 05 08 09 04 01 00 58 57 60 53 56 59 50 55 51 52 38 37 63 33 36 39 30 35 31 32 34 14 44 03 54 66 26 28 25 27 29 20 23 21 22 62 24 
69 70 68 66 76 75 71 67 73 74 12 19 15 17 14 61 10 18 11 16 45 49 41 47 44 64 42 48 40 46 08 04 01 06 03 65 00 07 09 05 59 55 51 57 54 60 52 58 50 56 39 35 31 37 34 63 32 38 30 36 33 13 43 02 53 72 24 29 28 25 62 21 27 22 26 20 23 
71 66 73 67 70 76 72 74 69 68 18 17 14 16 11 15 61 13 19 12 44 47 48 46 40 45 64 43 49 41 06 03 07 05 09 04 65 02 08 01 57 54 58 56 50 55 60 53 59 51 37 34 38 36 30 35 63 33 39 31 32 10 42 00 52 75 21 27 23 24 25 29 26 62 20 28 22 
67 71 70 72 69 73 74 75 66 76 11 61 18 15 13 12 16 19 10 14 48 64 40 45 43 41 46 49 42 44 65 07 09 04 02 01 05 08 00 03 60 58 50 55 53 51 56 59 52 54 63 38 30 35 33 31 36 39 32 34 37 17 47 06 57 68 23 62 29 28 20 22 25 26 24 21 27 
74 72 66 75 71 69 68 76 67 70 19 15 13 14 10 18 12 17 61 11 43 45 49 44 42 48 41 47 64 40 04 02 08 03 00 07 01 06 65 09 55 53 59 54 52 58 51 57 60 50 35 33 39 34 32 38 31 37 63 30 36 16 46 05 56 73 22 25 27 23 28 62 24 20 21 29 26 
70 73 75 69 68 74 66 71 76 72 15 13 16 10 12 17 19 14 18 61 46 43 45 42 41 47 49 44 48 64 02 05 04 00 01 06 08 03 07 65 53 56 55 52 51 57 59 54 58 60 33 36 35 32 31 37 39 34 38 63 30 11 40 09 50 67 20 23 24 26 27 28 22 29 62 25 21 
68 75 67 76 72 71 73 70 74 66 17 14 10 11 61 13 18 16 15 19 42 44 47 40 64 43 48 46 45 49 03 00 06 09 65 02 07 05 04 08 54 52 57 50 60 53 58 56 55 59 34 32 37 30 63 33 38 36 35 39 31 12 41 01 51 69 62 24 26 22 23 25 21 28 29 27 20 
73 76 74 70 75 72 69 66 68 67 16 11 61 19 15 10 13 12 14 17 64 40 46 49 45 42 43 41 44 47 09 65 05 08 04 00 02 01 03 06 50 60 56 59 55 52 53 51 54 57 30 63 36 39 35 32 33 31 34 37 38 18 48 07 58 71 25 21 20 62 22 24 29 23 27 26 28 
42 49 48 47 40 44 64 46 43 41 75 69 74 71 68 67 66 76 73 72 29 20 22 28 27 21 24 62 26 23 51 59 52 58 57 50 54 60 56 53 12 19 10 18 17 11 14 61 16 13 01 08 00 07 06 09 03 65 05 02 04 70 25 55 15 45 37 31 63 39 30 36 38 34 33 32 35 
46 64 49 45 42 43 41 44 47 40 73 67 76 74 70 75 72 69 66 68 62 21 26 29 25 22 23 20 24 27 50 60 56 59 55 52 53 51 54 57 11 61 16 19 15 10 13 12 14 17 09 65 05 08 04 00 02 01 03 06 07 71 28 58 18 48 35 30 31 63 32 34 39 33 37 36 38 
44 41 64 48 46 47 40 43 45 42 66 75 69 76 71 73 68 67 72 70 20 22 24 62 28 26 27 21 23 25 52 51 54 60 58 56 57 50 53 55 10 12 14 61 18 16 17 11 13 15 00 01 03 65 07 05 06 09 02 04 08 74 29 59 19 49 38 32 30 31 36 33 63 37 35 34 39 
64 47 43 46 49 40 45 41 42 48 76 71 68 72 73 74 67 70 69 75 27 28 62 23 26 29 21 25 20 22 58 57 60 53 56 59 50 55 51 52 18 17 61 13 16 19 11 15 12 10 07 06 65 02 05 08 09 04 01 00 03 66 24 54 14 44 36 38 35 37 39 31 33 30 32 63 34 
41 45 47 44 64 42 48 40 46 49 69 74 70 68 66 76 75 71 67 73 25 29 20 27 24 62 22 28 21 26 59 55 51 57 54 60 52 58 50 56 19 15 12 17 14 61 10 18 11 16 08 04 01 06 03 65 00 07 09 05 02 72 23 53 13 43 34 39 38 35 63 30 37 32 36 31 33 
48 44 46 40 45 64 43 49 41 47 71 68 66 73 67 70 76 72 74 69 24 27 28 26 21 25 62 23 29 20 57 54 58 56 50 55 60 53 59 51 17 14 18 16 11 15 61 13 19 12 06 03 07 05 09 04 65 02 08 01 00 75 22 52 10 42 30 37 33 34 35 39 36 63 31 38 32 
40 48 45 43 41 46 49 42 44 64 67 76 71 70 72 69 73 74 75 66 28 62 21 25 23 20 26 29 22 24 60 58 50 55 53 51 56 59 52 54 61 18 11 15 13 12 16 19 10 14 65 07 09 04 02 01 05 08 00 03 06 68 27 57 17 47 33 63 39 38 31 32 35 36 34 30 37 
49 43 44 42 48 41 47 64 40 45 74 70 72 66 75 71 69 68 76 67 23 25 29 24 22 28 20 27 62 21 55 53 59 54 52 58 51 57 60 50 15 13 19 14 10 18 12 17 61 11 04 02 08 03 00 07 01 06 65 09 05 73 26 56 16 46 32 35 37 33 38 63 34 31 30 39 36 
45 46 42 41 47 49 44 48 64 43 70 72 73 75 69 68 74 66 71 76 26 23 25 22 20 27 29 24 28 62 53 56 55 52 51 57 59 54 58 60 13 16 15 10 12 17 19 14 18 61 02 05 04 00 01 06 08 03 07 65 09 67 21 50 11 40 31 33 34 36 37 38 32 39 63 35 30 
47 42 40 64 43 48 46 45 49 44 68 66 75 67 76 72 71 73 70 74 22 24 27 21 62 23 28 26 25 29 54 52 57 50 60 53 58 56 55 59 14 10 17 11 61 13 18 16 15 19 03 00 06 09 65 02 07 05 04 08 01 69 20 51 12 41 63 34 36 32 33 35 30 38 39 37 31 
14 12 61 18 16 17 11 13 15 10 54 52 51 60 58 56 57 50 53 55 69 75 66 76 71 73 68 67 72 70 32 31 34 63 38 36 37 30 33 35 00 01 03 65 07 05 06 09 02 04 22 20 24 62 28 26 27 21 23 25 29 59 74 39 08 19 48 42 40 41 46 43 64 47 45 44 49 
16 61 19 15 10 13 12 14 17 11 56 50 60 59 55 52 53 51 54 57 76 67 73 74 70 75 72 69 66 68 30 63 36 39 35 32 33 31 34 37 09 65 05 08 04 00 02 01 03 06 21 62 26 29 25 22 23 20 24 27 28 58 71 38 07 18 45 40 41 64 42 44 49 43 47 46 48 
10 19 18 17 11 14 61 16 13 12 52 51 59 58 57 50 54 60 56 53 74 69 75 71 68 67 66 76 73 72 31 39 32 38 37 30 34 63 36 33 01 08 00 07 06 09 03 65 05 02 20 29 22 28 27 21 24 62 26 23 25 55 70 35 04 15 47 41 64 49 40 46 48 44 43 42 45 
61 17 13 16 19 11 15 12 10 18 60 58 57 53 56 59 50 55 51 52 68 71 76 72 73 74 67 70 69 75 38 37 63 33 36 39 30 35 31 32 07 06 65 02 05 08 09 04 01 00 28 27 62 23 26 29 21 25 20 22 24 54 66 34 03 14 46 48 45 47 49 41 43 40 42 64 44 
12 15 17 14 61 10 18 11 16 19 51 59 55 57 54 60 52 58 50 56 70 74 69 68 66 76 75 71 67 73 39 35 31 37 34 63 32 38 30 36 08 04 01 06 03 65 00 07 09 05 29 25 20 27 24 62 22 28 21 26 23 53 72 33 02 13 44 49 48 45 64 40 47 42 46 41 43 
18 14 16 11 15 61 13 19 12 17 58 57 54 56 50 55 60 53 59 51 66 68 71 73 67 70 76 72 74 69 37 34 38 36 30 35 63 33 39 31 06 03 07 05 09 04 65 02 08 01 27 24 28 26 21 25 62 23 29 20 22 52 75 32 00 10 40 47 43 44 45 49 46 64 41 48 42 
11 18 15 13 12 16 19 10 14 61 50 60 58 55 53 51 56 59 52 54 71 76 67 70 72 69 73 74 75 66 63 38 30 35 33 31 36 39 32 34 65 07 09 04 02 01 05 08 00 03 62 28 21 25 23 20 26 29 22 24 27 57 68 37 06 17 43 64 49 48 41 42 45 46 44 40 47 
19 13 14 10 18 12 17 61 11 15 59 55 53 54 52 58 51 57 60 50 72 70 74 66 75 71 69 68 76 67 35 33 39 34 32 38 31 37 63 30 04 02 08 03 00 07 01 06 65 09 25 23 29 24 22 28 20 27 62 21 26 56 73 36 05 16 42 45 47 43 48 64 44 41 40 49 46 
15 16 10 12 17 19 14 18 61 13 55 53 56 52 51 57 59 54 58 60 73 72 70 75 69 68 74 66 71 76 33 36 35 32 31 37 39 34 38 63 02 05 04 00 01 06 08 03 07 65 23 26 25 22 20 27 29 24 28 62 21 50 67 30 09 11 41 43 44 46 47 48 42 49 64 45 40 
17 10 11 61 13 18 16 15 19 14 57 54 52 50 60 53 58 56 55 59 75 66 68 67 76 72 71 73 70 74 34 32 37 30 63 33 38 36 35 39 03 00 06 09 65 02 07 05 04 08 24 22 27 21 62 23 28 26 25 29 20 51 69 31 01 12 64 44 46 42 43 45 40 48 49 47 41 
36 63 39 35 32 33 31 34 37 30 26 21 62 29 25 22 23 20 24 27 65 09 05 08 04 00 02 01 03 06 67 76 73 74 70 75 72 69 66 68 40 64 46 49 45 42 43 41 44 47 11 61 16 19 15 10 13 12 14 17 18 28 07 71 48 38 55 50 51 60 52 54 59 53 57 56 58 
34 31 63 38 36 37 30 33 35 32 24 22 20 62 28 26 27 21 23 25 01 00 03 65 07 05 06 09 02 04 75 69 66 76 71 73 68 67 72 70 42 41 44 64 48 46 47 40 43 45 10 12 14 61 18 16 17 11 13 15 19 29 08 74 49 39 58 52 50 51 56 53 60 57 55 54 59 
32 39 38 37 30 34 63 36 33 31 22 20 29 28 27 21 24 62 26 23 08 01 00 07 06 09 03 65 05 02 69 74 75 71 68 67 66 76 73 72 41 49 42 48 47 40 44 64 46 43 12 19 10 18 17 11 14 61 16 13 15 25 04 70 45 35 57 51 60 59 50 56 58 54 53 52 55 
63 37 33 36 39 30 35 31 32 38 62 28 27 23 26 29 21 25 20 22 06 07 65 02 05 08 09 04 01 00 71 68 76 72 73 74 67 70 69 75 48 47 64 43 46 49 40 45 41 42 18 17 61 13 16 19 11 15 12 10 14 24 03 66 44 34 56 58 55 57 59 51 53 50 52 60 54 
31 35 37 34 63 32 38 30 36 39 20 29 25 27 24 62 22 28 21 26 04 08 01 06 03 65 00 07 09 05 74 70 69 68 66 76 75 71 67 73 49 45 41 47 44 64 42 48 40 46 19 15 12 17 14 61 10 18 11 16 13 23 02 72 43 33 54 59 58 55 60 50 57 52 56 51 53 
38 34 36 30 35 63 33 39 31 37 28 27 24 26 21 25 62 23 29 20 03 06 07 05 09 04 65 02 08 01 68 66 71 73 67 70 76 72 74 69 47 44 48 46 40 45 64 43 49 41 17 14 18 16 11 15 61 13 19 12 10 22 00 75 42 32 50 57 53 54 55 59 56 60 51 58 52 
30 38 35 33 31 36 39 32 34 63 21 62 28 25 23 20 26 29 22 24 07 65 09 04 02 01 05 08 00 03 76 71 67 70 72 69 73 74 75 66 64 48 40 45 43 41 46 49 42 44 61 18 11 15 13 12 16 19 10 14 17 27 06 68 47 37 53 60 59 58 51 52 55 56 54 50 57 
39 33 34 32 38 31 37 63 30 35 29 25 23 24 22 28 20 27 62 21 02 04 08 03 00 07 01 06 65 09 70 72 74 66 75 71 69 68 76 67 45 43 49 44 42 48 41 47 64 40 15 13 19 14 10 18 12 17 61 11 16 26 05 73 46 36 52 55 57 53 58 60 54 51 50 59 56 
35 36 32 31 37 39 34 38 63 33 25 23 26 22 20 27 29 24 28 62 05 02 04 00 01 06 08 03 07 65 72 73 70 75 69 68 74 66 71 76 43 46 45 42 41 47 49 44 48 64 13 16 15 10 12 17 19 14 18 61 11 21 09 67 40 30 51 53 54 56 57 58 52 59 60 55 50 
37 32 30 63 33 38 36 35 39 34 27 24 22 21 62 23 28 26 25 29 00 03 06 09 65 02 07 05 04 08 66 75 68 67 76 72 71 73 70 74 44 42 47 40 64 43 48 46 45 49 14 10 17 11 61 13 18 16 15 19 12 20 01 69 41 31 60 54 56 52 53 55 50 58 59 57 51 
26 62 29 25 22 23 20 24 27 21 46 40 64 49 45 42 43 41 44 47 63 30 36 39 35 32 33 31 34 37 11 61 16 19 15 10 13 12 14 17 67 76 73 74 70 75 72 69 66 68 50 60 56 59 55 52 53 51 54 57 58 48 38 18 71 28 04 09 01 65 00 03 08 02 06 05 07 
24 20 62 28 26 27 21 23 25 22 44 42 41 64 48 46 47 40 43 45 31 32 34 63 38 36 37 30 33 35 10 12 14 61 18 16 17 11 13 15 75 69 66 76 71 73 68 67 72 70 52 51 54 60 58 56 57 50 53 55 59 49 39 19 74 29 07 00 09 01 05 02 65 06 04 03 08 
22 29 28 27 21 24 62 26 23 20 42 41 49 48 47 40 44 64 46 43 39 31 32 38 37 30 34 63 36 33 12 19 10 18 17 11 14 61 16 13 69 74 75 71 68 67 66 76 73 72 51 59 52 58 57 50 54 60 56 53 55 45 35 15 70 25 06 01 65 08 09 05 07 03 02 00 04 
62 27 23 26 29 21 25 20 22 28 64 48 47 43 46 49 40 45 41 42 37 38 63 33 36 39 30 35 31 32 18 17 61 13 16 19 11 15 12 10 71 68 76 72 73 74 67 70 69 75 58 57 60 53 56 59 50 55 51 52 54 44 34 14 66 24 05 07 04 06 08 01 02 09 00 65 03 
20 25 27 24 62 22 28 21 26 29 41 49 45 47 44 64 42 48 40 46 35 39 31 37 34 63 32 38 30 36 19 15 12 17 14 61 10 18 11 16 74 70 69 68 66 76 75 71 67 73 59 55 51 57 54 60 52 58 50 56 53 43 33 13 72 23 03 08 07 04 65 09 06 00 05 01 02 
28 24 26 21 25 62 23 29 20 27 48 47 44 46 40 45 64 43 49 41 34 37 38 36 30 35 63 33 39 31 17 14 18 16 11 15 61 13 19 12 68 66 71 73 67 70 76 72 74 69 57 54 58 56 50 55 60 53 59 51 52 42 32 10 75 22 09 06 02 03 04 08 05 65 01 07 00 
21 28 25 23 20 26 29 22 24 62 40 64 48 45 43 41 46 49 42 44 38 63 30 35 33 31 36 39 32 34 61 18 11 15 13 12 16 19 10 14 76 71 67 70 72 69 73 74 75 66 60 58 50 55 53 51 56 59 52 54 57 47 37 17 68 27 02 65 08 07 01 00 04 05 03 09 06 
29 23 24 22 28 20 27 62 21 25 49 45 43 44 42 48 41 47 64 40 33 35 39 34 32 38 31 37 63 30 15 13 19 14 10 18 12 17 61 11 70 72 74 66 75 71 69 68 76 67 55 53 59 54 52 58 51 57 60 50 56 46 36 16 73 26 00 04 06 02 07 65 03 01 09 08 05 
25 26 22 20 27 29 24 28 62 23 45 43 46 42 41 47 49 44 48 64 36 33 35 32 31 37 39 34 38 63 13 16 15 10 12 17 19 14 18 61 72 73 70 75 69 68 74 66 71 76 53 56 55 52 51 57 59 54 58 60 50 40 30 11 67 21 01 02 03 05 06 07 00 08 65 04 09 
27 22 21 62 23 28 26 25 29 24 47 44 42 40 64 43 48 46 45 49 32 34 37 30 63 33 38 36 35 39 14 10 17 11 61 13 18 16 15 19 66 75 68 67 76 72 71 73 70 74 54 52 57 50 60 53 58 56 55 59 51 41 31 12 69 20 65 03 05 00 02 04 09 07 08 06 01 
05 65 08 04 00 02 01 03 06 09 36 30 63 39 35 32 33 31 34 37 60 50 56 59 55 52 53 51 54 57 40 64 46 49 45 42 43 41 44 47 21 62 26 29 25 22 23 20 24 27 67 76 73 74 70 75 72 69 66 68 71 38 58 48 28 07 15 11 12 61 10 14 19 13 17 16 18 
03 01 65 07 05 06 09 02 04 00 34 32 31 63 38 36 37 30 33 35 51 52 54 60 58 56 57 50 53 55 42 41 44 64 48 46 47 40 43 45 22 20 24 62 28 26 27 21 23 25 75 69 66 76 71 73 68 67 72 70 74 39 59 49 29 08 18 10 11 12 16 13 61 17 15 14 19 
00 08 07 06 09 03 65 05 02 01 32 31 39 38 37 30 34 63 36 33 59 51 52 58 57 50 54 60 56 53 41 49 42 48 47 40 44 64 46 43 20 29 22 28 27 21 24 62 26 23 69 74 75 71 68 67 66 76 73 72 70 35 55 45 25 04 17 12 61 19 11 16 18 14 13 10 15 
65 06 02 05 08 09 04 01 00 07 63 38 37 33 36 39 30 35 31 32 57 58 60 53 56 59 50 55 51 52 48 47 64 43 46 49 40 45 41 42 28 27 62 23 26 29 21 25 20 22 71 68 76 72 73 74 67 70 69 75 66 34 54 44 24 03 16 18 15 17 19 12 13 11 10 61 14 
01 04 06 03 65 00 07 09 05 08 31 39 35 37 34 63 32 38 30 36 55 59 51 57 54 60 52 58 50 56 49 45 41 47 44 64 42 48 40 46 29 25 20 27 24 62 22 28 21 26 74 70 69 68 66 76 75 71 67 73 72 33 53 43 23 02 14 19 18 15 61 11 17 10 16 12 13 
07 03 05 09 04 65 02 08 01 06 38 37 34 36 30 35 63 33 39 31 54 57 58 56 50 55 60 53 59 51 47 44 48 46 40 45 64 43 49 41 27 24 28 26 21 25 62 23 29 20 68 66 71 73 67 70 76 72 74 69 75 32 52 42 22 00 11 17 13 14 15 19 16 61 12 18 10 
09 07 04 02 01 05 08 00 03 65 30 63 38 35 33 31 36 39 32 34 58 60 50 55 53 51 56 59 52 54 64 48 40 45 43 41 46 49 42 44 62 28 21 25 23 20 26 29 22 24 76 71 67 70 72 69 73 74 75 66 68 37 57 47 27 06 13 61 19 18 12 10 15 16 14 11 17 
08 02 03 00 07 01 06 65 09 04 39 35 33 34 32 38 31 37 63 30 53 55 59 54 52 58 51 57 60 50 45 43 49 44 42 48 41 47 64 40 25 23 29 24 22 28 20 27 62 21 70 72 74 66 75 71 69 68 76 67 73 36 56 46 26 05 10 15 17 13 18 61 14 12 11 19 16 
04 05 00 01 06 08 03 07 65 02 35 33 36 32 31 37 39 34 38 63 56 53 55 52 51 57 59 54 58 60 43 46 45 42 41 47 49 44 48 64 23 26 25 22 20 27 29 24 28 62 72 73 70 75 69 68 74 66 71 76 67 30 50 40 21 09 12 13 14 16 17 18 10 19 61 15 11 
06 00 09 65 02 07 05 04 08 03 37 34 32 30 63 33 38 36 35 39 52 54 57 50 60 53 58 56 55 59 44 42 47 40 64 43 48 46 45 49 24 22 27 21 62 23 28 26 25 29 66 75 68 67 76 72 71 73 70 74 69 31 51 41 20 01 61 14 16 10 13 15 11 18 19 17 12 
02 09 01 08 03 04 00 06 07 05 33 36 30 31 39 34 35 32 37 38 50 56 53 51 59 54 55 52 57 58 46 40 43 41 49 44 45 42 47 48 26 21 23 20 29 24 25 22 27 28 73 67 72 69 74 66 70 75 68 71 76 63 60 64 62 65 19 16 10 11 14 17 12 15 18 13 61 
43 40 41 49 44 45 42 47 48 46 72 73 67 69 74 66 70 75 68 71 21 26 23 20 29 24 25 22 27 28 56 50 53 51 59 54 55 52 57 58 16 11 13 12 19 14 15 10 17 18 05 09 02 01 08 03 04 00 06 07 65 76 62 60 61 64 39 36 32 30 34 37 31 35 38 33 63 
13 11 12 19 14 15 10 17 18 16 53 56 50 51 59 54 55 52 57 58 67 73 72 69 74 66 70 75 68 71 36 30 33 31 39 34 35 32 37 38 05 09 02 01 08 03 04 00 06 07 26 21 23 20 29 24 25 22 27 28 62 60 76 63 65 61 49 46 42 40 44 47 41 45 48 43 64 
33 30 31 39 34 35 32 37 38 36 23 26 21 20 29 24 25 22 27 28 09 05 02 01 08 03 04 00 06 07 73 67 72 69 74 66 70 75 68 71 46 40 43 41 49 44 45 42 47 48 16 11 13 12 19 14 15 10 17 18 61 62 65 76 64 63 59 56 52 50 54 57 51 55 58 53 60 
23 21 20 29 24 25 22 27 28 26 43 46 40 41 49 44 45 42 47 48 30 36 33 31 39 34 35 32 37 38 16 11 13 12 19 14 15 10 17 18 73 67 72 69 74 66 70 75 68 71 56 50 53 51 59 54 55 52 57 58 60 64 63 61 76 62 08 05 00 09 03 06 01 04 07 02 65 
72 67 69 74 66 70 75 68 71 73 13 16 11 12 19 14 15 10 17 18 40 46 43 41 49 44 45 42 47 48 05 09 02 01 08 03 04 00 06 07 56 50 53 51 59 54 55 52 57 58 36 30 33 31 39 34 35 32 37 38 63 61 64 65 60 76 29 26 22 21 24 27 20 25 28 23 62 
51 55 57 54 60 52 58 50 56 59 01 08 04 06 03 65 00 07 09 05 15 19 12 17 14 61 10 18 11 16 29 25 20 27 24 62 22 28 21 26 39 35 31 37 34 63 32 38 30 36 49 45 41 47 44 64 42 48 40 46 43 02 13 23 33 53 66 72 70 74 73 76 69 71 68 67 75 
56 60 59 55 52 53 51 54 57 50 05 09 65 08 04 00 02 01 03 06 61 11 16 19 15 10 13 12 14 17 21 62 26 29 25 22 23 20 24 27 30 63 36 39 35 32 33 31 34 37 40 64 46 49 45 42 43 41 44 47 48 07 18 28 38 58 69 67 73 72 76 68 70 66 75 71 74 
59 53 54 52 58 51 57 60 50 55 08 04 02 03 00 07 01 06 65 09 13 15 19 14 10 18 12 17 61 11 25 23 29 24 22 28 20 27 62 21 35 33 39 34 32 38 31 37 63 30 45 43 49 44 42 48 41 47 64 40 46 05 16 26 36 56 73 66 68 71 75 74 76 70 72 69 67 
54 51 60 58 56 57 50 53 55 52 03 00 01 65 07 05 06 09 02 04 12 10 14 61 18 16 17 11 13 15 22 20 24 62 28 26 27 21 23 25 32 31 34 63 38 36 37 30 33 35 42 41 44 64 48 46 47 40 43 45 49 08 19 29 39 59 68 70 74 69 72 67 75 76 71 73 66 
58 54 56 50 55 60 53 59 51 57 07 06 03 05 09 04 65 02 08 01 14 17 18 16 11 15 61 13 19 12 27 24 28 26 21 25 62 23 29 20 37 34 38 36 30 35 63 33 39 31 47 44 48 46 40 45 64 43 49 41 42 00 10 22 32 52 71 74 69 75 70 73 66 67 76 72 68 
55 56 52 51 57 59 54 58 60 53 04 02 05 00 01 06 08 03 07 65 16 13 15 10 12 17 19 14 18 61 23 26 25 22 20 27 29 24 28 62 33 36 35 32 31 37 39 34 38 63 43 46 45 42 41 47 49 44 48 64 40 09 11 21 30 50 75 73 72 70 67 71 74 68 66 76 69 
60 57 53 56 59 50 55 51 52 58 65 07 06 02 05 08 09 04 01 00 17 18 61 13 16 19 11 15 12 10 28 27 62 23 26 29 21 25 20 22 38 37 63 33 36 39 30 35 31 32 48 47 64 43 46 49 40 45 41 42 44 03 14 24 34 54 74 76 67 73 71 66 72 75 69 68 70 
50 58 55 53 51 56 59 52 54 60 09 65 07 04 02 01 05 08 00 03 18 61 11 15 13 12 16 19 10 14 62 28 21 25 23 20 26 29 22 24 63 38 30 35 33 31 36 39 32 34 64 48 40 45 43 41 46 49 42 44 47 06 17 27 37 57 76 69 75 66 74 72 68 73 67 70 71 
57 52 50 60 53 58 56 55 59 54 06 03 00 09 65 02 07 05 04 08 10 14 17 11 61 13 18 16 15 19 24 22 27 21 62 23 28 26 25 29 34 32 37 30 63 33 38 36 35 39 44 42 47 40 64 43 48 46 45 49 41 01 12 20 31 51 70 71 76 67 68 75 73 69 74 66 72 
52 59 58 57 50 54 60 56 53 51 00 01 08 07 06 09 03 65 05 02 19 12 10 18 17 11 14 61 16 13 20 29 22 28 27 21 24 62 26 23 31 39 32 38 37 30 34 63 36 33 41 49 42 48 47 40 44 64 46 43 45 04 15 25 35 55 72 68 71 76 66 69 67 74 70 75 73 
53 50 51 59 54 55 52 57 58 56 02 05 09 01 08 03 04 00 06 07 11 16 13 12 19 14 15 10 17 18 26 21 23 20 29 24 25 22 27 28 36 30 33 31 39 34 35 32 37 38 46 40 43 41 49 44 45 42 47 48 64 65 61 62 63 60 67 75 66 68 69 70 71 72 73 74 76 
