70 76 68 69 75 72 74 67 73 66 10 61 15 12 19 11 14 18 16 13 64 40 45 42 49 41 44 48 46 43 65 00 04 09 08 01 03 07 05 02 52 60 55 50 59 51 54 58 56 53 35 63 31 32 39 30 34 38 36 33 37 17 47 06 57 71 20 24 25 23 21 28 29 22 26 62 27 
76 75 72 70 74 69 66 68 71 73 61 11 13 14 10 18 19 15 12 17 41 64 43 44 40 48 49 45 42 47 01 65 02 03 00 07 08 04 09 06 60 51 53 54 52 58 59 55 50 57 33 30 63 34 31 38 39 35 32 37 36 16 46 05 56 67 28 29 23 27 62 25 21 24 22 20 26 
68 72 73 67 69 71 70 66 75 76 12 14 61 13 16 19 17 10 15 11 44 42 64 43 46 49 47 40 45 41 03 09 65 02 05 08 06 00 04 01 50 54 60 53 56 59 57 52 55 51 63 34 32 33 36 39 37 31 35 30 38 18 48 07 58 74 29 27 62 20 22 21 26 23 25 24 28 
69 70 67 72 76 68 75 71 66 74 19 10 18 16 14 61 12 11 17 15 40 49 48 46 44 64 42 41 47 45 00 08 07 05 03 65 09 01 06 04 59 52 58 56 54 60 50 51 57 55 38 31 39 36 34 63 32 30 37 35 33 13 43 02 53 73 62 22 28 25 29 20 24 26 27 21 23 
75 74 69 76 66 70 73 72 67 71 11 18 17 19 61 15 10 13 14 16 48 41 47 49 64 45 40 43 44 46 07 01 06 08 65 04 00 02 03 05 51 58 57 59 60 55 52 53 54 56 37 38 30 39 63 35 31 33 34 36 32 12 42 09 50 68 25 21 27 26 20 23 62 29 24 28 22 
72 69 71 68 70 67 76 73 74 75 14 19 11 17 12 10 16 61 13 18 49 44 41 47 42 40 46 64 43 48 08 03 01 06 09 00 05 65 02 07 54 59 51 57 50 52 56 60 53 58 30 39 34 37 32 31 36 63 33 38 35 15 45 04 55 66 21 26 20 28 24 62 22 27 23 29 25 
74 66 70 75 73 76 71 69 68 67 18 15 16 10 11 13 61 17 19 12 45 48 46 40 41 43 64 47 49 42 04 07 05 00 01 02 65 06 08 09 58 55 56 52 51 53 60 57 59 50 36 35 38 31 30 33 63 37 39 32 34 14 44 03 54 72 23 62 26 22 28 27 20 21 29 25 24 
67 68 66 71 72 73 69 74 76 70 16 12 10 15 17 14 13 19 18 61 42 46 40 45 47 44 43 49 48 64 09 05 00 04 06 03 02 08 07 65 56 50 52 55 57 54 53 59 58 60 31 32 36 35 37 34 33 39 38 63 30 11 41 01 51 75 24 23 21 62 26 29 27 25 28 22 20 
73 71 75 66 67 74 68 76 69 72 13 17 14 11 15 16 18 12 61 19 47 43 44 41 45 46 48 42 64 49 06 02 03 01 04 05 07 09 65 08 53 57 54 51 55 56 58 50 60 59 34 37 33 30 35 36 38 32 63 39 31 10 40 00 52 70 26 28 24 29 23 22 25 20 62 27 21 
66 73 76 74 71 75 67 70 72 68 15 13 12 61 18 17 11 16 10 14 43 45 42 64 48 47 41 46 40 44 02 04 09 65 07 06 01 05 00 03 55 53 50 60 58 57 51 56 52 54 32 33 35 63 38 37 30 36 31 34 39 19 49 08 59 69 27 20 22 24 25 26 28 62 21 23 29 
40 64 42 49 41 44 48 46 43 45 70 76 66 68 69 75 72 74 67 73 62 21 25 22 29 20 24 28 26 23 60 52 55 50 59 51 54 58 56 53 10 61 15 12 19 11 14 18 16 13 04 65 00 09 08 01 03 07 05 02 06 71 27 57 17 47 30 34 35 33 31 38 39 32 36 63 37 
64 41 44 40 48 49 45 42 47 43 76 75 73 72 70 74 69 66 68 71 20 62 23 24 21 28 29 25 22 27 51 60 53 54 52 58 59 55 50 57 61 11 13 14 10 18 19 15 12 17 02 01 65 03 00 07 08 04 09 06 05 67 26 56 16 46 38 39 33 37 63 35 31 34 32 30 36 
45 43 64 48 47 41 46 40 44 42 66 73 68 76 74 71 75 67 70 72 23 25 22 62 28 27 20 26 21 24 53 55 50 60 58 57 51 56 52 54 15 13 12 61 18 17 11 16 10 14 09 02 04 65 07 06 01 05 00 03 08 69 29 59 19 49 37 30 32 34 35 36 38 63 31 33 39 
42 44 43 46 49 47 40 45 41 64 68 72 76 73 67 69 71 70 66 75 24 22 62 23 26 29 27 21 25 20 54 50 60 53 56 59 57 52 55 51 12 14 61 13 16 19 17 10 15 11 65 03 09 02 05 08 06 00 04 01 07 74 28 58 18 48 39 37 63 30 32 31 36 33 35 34 38 
49 40 46 44 64 42 41 47 45 48 69 70 74 67 72 76 68 75 71 66 21 29 28 26 24 62 22 20 27 25 52 59 58 56 54 60 50 51 57 55 19 10 18 16 14 61 12 11 17 15 07 00 08 05 03 65 09 01 06 04 02 73 23 53 13 43 63 32 38 35 39 30 34 36 37 31 33 
41 48 49 64 45 40 43 44 46 47 75 74 71 69 76 66 70 73 72 67 28 20 27 29 62 25 21 23 24 26 58 51 57 59 60 55 52 53 54 56 11 18 17 19 61 15 10 13 14 16 06 07 01 08 65 04 00 02 03 05 09 68 22 50 12 42 35 31 37 36 30 33 63 39 34 38 32 
44 49 47 42 40 46 64 43 48 41 72 69 75 71 68 70 67 76 73 74 29 24 20 27 22 21 26 62 23 28 59 54 51 57 50 52 56 60 53 58 14 19 11 17 12 10 16 61 13 18 01 08 03 06 09 00 05 65 02 07 04 66 25 55 15 45 31 36 30 38 34 63 32 37 33 39 35 
48 45 40 41 43 64 47 49 42 46 74 66 67 70 75 73 76 71 69 68 25 28 26 21 20 23 62 27 29 22 55 58 56 52 51 53 60 57 59 50 18 15 16 10 11 13 61 17 19 12 05 04 07 00 01 02 65 06 08 09 03 72 24 54 14 44 33 63 36 32 38 37 30 31 39 35 34 
46 42 45 47 44 43 49 48 64 40 67 68 70 66 71 72 73 69 74 76 22 26 21 25 27 24 23 29 28 62 50 56 52 55 57 54 53 59 58 60 16 12 10 15 17 14 13 19 18 61 00 09 05 04 06 03 02 08 07 65 01 75 20 51 11 41 34 33 31 63 36 39 37 35 38 32 30 
43 47 41 45 46 48 42 64 49 44 73 71 72 75 66 67 74 68 76 69 27 23 24 20 25 26 28 22 62 29 57 53 54 51 55 56 58 50 60 59 13 17 14 11 15 16 18 12 61 19 03 06 02 01 04 05 07 09 65 08 00 70 21 52 10 40 36 38 34 39 33 32 35 30 63 37 31 
61 11 14 10 18 19 15 12 17 13 60 51 53 54 52 58 59 55 50 57 75 76 73 72 70 74 69 66 68 71 30 63 33 34 31 38 39 35 32 37 65 01 02 03 00 07 08 04 09 06 23 20 62 24 21 28 29 25 22 27 26 56 67 36 05 16 48 49 43 47 64 45 40 44 42 41 46 
10 61 12 19 11 14 18 16 13 15 52 60 55 50 59 51 54 58 56 53 76 70 66 68 69 75 72 74 67 73 63 31 35 32 39 30 34 38 36 33 00 65 04 09 08 01 03 07 05 02 25 62 21 22 29 20 24 28 26 23 27 57 71 37 06 17 41 44 45 43 40 48 49 42 46 64 47 
15 13 61 18 17 11 16 10 14 12 55 53 50 60 58 57 51 56 52 54 73 66 68 76 74 71 75 67 70 72 33 35 32 63 38 37 30 36 31 34 04 02 09 65 07 06 01 05 00 03 22 23 25 62 28 27 20 26 21 24 29 59 69 39 08 19 47 41 42 44 45 46 48 64 40 43 49 
12 14 13 16 19 17 10 15 11 61 50 54 60 53 56 59 57 52 55 51 72 68 76 73 67 69 71 70 66 75 34 32 63 33 36 39 37 31 35 30 09 03 65 02 05 08 06 00 04 01 62 24 22 23 26 29 27 21 25 20 28 58 74 38 07 18 49 47 64 41 42 40 46 43 45 44 48 
19 10 16 14 61 12 11 17 15 18 59 52 58 56 54 60 50 51 57 55 70 69 74 67 72 76 68 75 71 66 31 39 38 36 34 63 32 30 37 35 08 00 07 05 03 65 09 01 06 04 28 21 29 26 24 62 22 20 27 25 23 53 73 33 02 13 64 42 48 45 49 41 44 46 47 40 43 
11 18 19 61 15 10 13 14 16 17 51 58 57 59 60 55 52 53 54 56 74 75 71 69 76 66 70 73 72 67 38 30 37 39 63 35 31 33 34 36 01 07 06 08 65 04 00 02 03 05 27 28 20 29 62 25 21 23 24 26 22 50 68 32 09 12 45 40 47 46 41 43 64 49 44 48 42 
14 19 17 12 10 16 61 13 18 11 54 59 51 57 50 52 56 60 53 58 69 72 75 71 68 70 67 76 73 74 39 34 30 37 32 31 36 63 33 38 03 08 01 06 09 00 05 65 02 07 20 29 24 27 22 21 26 62 23 28 25 55 66 35 04 15 40 46 41 48 44 64 42 47 43 49 45 
18 15 10 11 13 61 17 19 12 16 58 55 56 52 51 53 60 57 59 50 66 74 67 70 75 73 76 71 69 68 35 38 36 31 30 33 63 37 39 32 07 04 05 00 01 02 65 06 08 09 26 25 28 21 20 23 62 27 29 22 24 54 72 34 03 14 43 64 46 42 48 47 41 40 49 45 44 
16 12 15 17 14 13 19 18 61 10 56 50 52 55 57 54 53 59 58 60 68 67 70 66 71 72 73 69 74 76 32 36 31 35 37 34 33 39 38 63 05 09 00 04 06 03 02 08 07 65 21 22 26 25 27 24 23 29 28 62 20 51 75 30 01 11 44 43 40 64 46 49 47 45 48 42 41 
13 17 11 15 16 18 12 61 19 14 53 57 54 51 55 56 58 50 60 59 71 73 72 75 66 67 74 68 76 69 37 33 34 30 35 36 38 32 63 39 02 06 03 01 04 05 07 09 65 08 24 27 23 20 25 26 28 22 62 29 21 52 70 31 00 10 46 48 44 49 43 42 45 41 64 47 40 
63 30 34 31 38 39 35 32 37 33 62 20 23 24 21 28 29 25 22 27 01 65 02 03 00 07 08 04 09 06 75 76 73 72 70 74 69 66 68 71 64 41 43 44 40 48 49 45 42 47 13 11 61 14 10 18 19 15 12 17 16 26 05 67 46 36 58 59 53 57 60 55 52 54 50 51 56 
31 63 32 39 30 34 38 36 33 35 21 62 25 22 29 20 24 28 26 23 65 00 04 09 08 01 03 07 05 02 76 70 66 68 69 75 72 74 67 73 40 64 45 42 49 41 44 48 46 43 15 61 10 12 19 11 14 18 16 13 17 27 06 71 47 37 51 54 55 53 52 58 59 50 56 60 57 
35 33 63 38 37 30 36 31 34 32 25 23 22 62 28 27 20 26 21 24 02 04 09 65 07 06 01 05 00 03 73 66 68 76 74 71 75 67 70 72 45 43 42 64 48 47 41 46 40 44 12 13 15 61 18 17 11 16 10 14 19 29 08 69 49 39 57 51 50 54 55 56 58 60 52 53 59 
32 34 33 36 39 37 31 35 30 63 22 24 62 23 26 29 27 21 25 20 03 09 65 02 05 08 06 00 04 01 72 68 76 73 67 69 71 70 66 75 42 44 64 43 46 49 47 40 45 41 61 14 12 13 16 19 17 10 15 11 18 28 07 74 48 38 59 57 60 51 50 52 56 53 55 54 58 
39 31 36 34 63 32 30 37 35 38 29 21 28 26 24 62 22 20 27 25 00 08 07 05 03 65 09 01 06 04 70 69 74 67 72 76 68 75 71 66 49 40 48 46 44 64 42 41 47 45 18 10 19 16 14 61 12 11 17 15 13 23 02 73 43 33 60 50 58 55 59 51 54 56 57 52 53 
30 38 39 63 35 31 33 34 36 37 20 28 27 29 62 25 21 23 24 26 07 01 06 08 65 04 00 02 03 05 74 75 71 69 76 66 70 73 72 67 41 48 47 49 64 45 40 43 44 46 17 18 11 19 61 15 10 13 14 16 12 22 09 68 42 32 55 52 57 56 51 53 60 59 54 58 50 
34 39 37 32 31 36 63 33 38 30 24 29 20 27 22 21 26 62 23 28 08 03 01 06 09 00 05 65 02 07 69 72 75 71 68 70 67 76 73 74 44 49 41 47 42 40 46 64 43 48 11 19 14 17 12 10 16 61 13 18 15 25 04 66 45 35 52 56 51 58 54 60 50 57 53 59 55 
38 35 31 30 33 63 37 39 32 36 28 25 26 21 20 23 62 27 29 22 04 07 05 00 01 02 65 06 08 09 66 74 67 70 75 73 76 71 69 68 48 45 46 40 41 43 64 47 49 42 16 15 18 10 11 13 61 17 19 12 14 24 03 72 44 34 53 60 56 50 58 57 51 52 59 55 54 
36 32 35 37 34 33 39 38 63 31 26 22 21 25 27 24 23 29 28 62 09 05 00 04 06 03 02 08 07 65 68 67 70 66 71 72 73 69 74 76 46 42 40 45 47 44 43 49 48 64 10 12 16 15 17 14 13 19 18 61 11 20 01 75 41 30 54 53 52 60 56 59 57 55 58 50 51 
33 37 30 35 36 38 32 63 39 34 23 27 24 20 25 26 28 22 62 29 06 02 03 01 04 05 07 09 65 08 71 73 72 75 66 67 74 68 76 69 43 47 44 41 45 46 48 42 64 49 14 17 13 11 15 16 18 12 61 19 10 21 00 70 40 31 56 58 54 59 53 50 55 51 60 57 52 
21 62 22 29 20 24 28 26 23 25 40 64 45 42 49 41 44 48 46 43 63 31 35 32 39 30 34 38 36 33 61 10 15 12 19 11 14 18 16 13 70 76 66 68 69 75 72 74 67 73 55 60 52 50 59 51 54 58 56 53 57 47 37 17 71 27 01 03 04 02 00 07 08 09 05 65 06 
62 20 24 21 28 29 25 22 27 23 64 41 43 44 40 48 49 45 42 47 30 63 33 34 31 38 39 35 32 37 11 61 13 14 10 18 19 15 12 17 76 75 73 72 70 74 69 66 68 71 53 51 60 54 52 58 59 55 50 57 56 46 36 16 67 26 07 08 02 06 65 04 00 03 09 01 05 
25 23 62 28 27 20 26 21 24 22 45 43 42 64 48 47 41 46 40 44 33 35 32 63 38 37 30 36 31 34 13 15 12 61 18 17 11 16 10 14 66 73 68 76 74 71 75 67 70 72 50 53 55 60 58 57 51 56 52 54 59 49 39 19 69 29 06 01 09 03 04 05 07 65 00 02 08 
22 24 23 26 29 27 21 25 20 62 42 44 64 43 46 49 47 40 45 41 34 32 63 33 36 39 37 31 35 30 14 12 61 13 16 19 17 10 15 11 68 72 76 73 67 69 71 70 66 75 60 54 50 53 56 59 57 52 55 51 58 48 38 18 74 28 08 06 65 01 09 00 05 02 04 03 07 
29 21 26 24 62 22 20 27 25 28 49 40 48 46 44 64 42 41 47 45 31 39 38 36 34 63 32 30 37 35 10 19 18 16 14 61 12 11 17 15 69 70 74 67 72 76 68 75 71 66 58 52 59 56 54 60 50 51 57 55 53 43 33 13 73 23 65 09 07 04 08 01 03 05 06 00 02 
20 28 29 62 25 21 23 24 26 27 41 48 47 49 64 45 40 43 44 46 38 30 37 39 63 35 31 33 34 36 18 11 17 19 61 15 10 13 14 16 75 74 71 69 76 66 70 73 72 67 57 58 51 59 60 55 52 53 54 56 50 42 32 12 68 22 04 00 06 05 01 02 65 08 03 07 09 
24 29 27 22 21 26 62 23 28 20 44 49 41 47 42 40 46 64 43 48 39 34 30 37 32 31 36 63 33 38 19 14 11 17 12 10 16 61 13 18 72 69 75 71 68 70 67 76 73 74 51 59 54 57 50 52 56 60 53 58 55 45 35 15 66 25 00 05 01 07 03 65 09 06 02 08 04 
28 25 21 20 23 62 27 29 22 26 48 45 46 40 41 43 64 47 49 42 35 38 36 31 30 33 63 37 39 32 15 18 16 10 11 13 61 17 19 12 74 66 67 70 75 73 76 71 69 68 56 55 58 52 51 53 60 57 59 50 54 44 34 14 72 24 02 65 05 09 07 06 01 00 08 04 03 
26 22 25 27 24 23 29 28 62 21 46 42 40 45 47 44 43 49 48 64 32 36 31 35 37 34 33 39 38 63 12 16 10 15 17 14 13 19 18 61 67 68 70 66 71 72 73 69 74 76 52 50 56 55 57 54 53 59 58 60 51 41 30 11 75 20 03 02 00 65 05 08 06 04 07 09 01 
23 27 20 25 26 28 22 62 29 24 43 47 44 41 45 46 48 42 64 49 37 33 34 30 35 36 38 32 63 39 17 13 14 11 15 16 18 12 61 19 73 71 72 75 66 67 74 68 76 69 54 57 53 51 55 56 58 50 60 59 52 40 31 10 70 21 05 07 03 08 02 09 04 01 65 06 00 
04 02 65 07 06 01 05 00 03 09 35 33 32 63 38 37 30 36 31 34 53 55 50 60 58 57 51 56 52 54 43 45 42 64 48 47 41 46 40 44 25 23 22 62 28 27 20 26 21 24 68 73 66 76 74 71 75 67 70 72 69 39 59 49 29 08 17 11 12 14 15 16 18 61 10 13 19 
65 01 03 00 07 08 04 09 06 02 63 30 33 34 31 38 39 35 32 37 51 60 53 54 52 58 59 55 50 57 41 64 43 44 40 48 49 45 42 47 62 20 23 24 21 28 29 25 22 27 73 75 76 72 70 74 69 66 68 71 67 36 56 46 26 05 18 19 13 17 61 15 10 14 12 11 16 
00 65 09 08 01 03 07 05 02 04 31 63 35 32 39 30 34 38 36 33 60 52 55 50 59 51 54 58 56 53 64 40 45 42 49 41 44 48 46 43 21 62 25 22 29 20 24 28 26 23 66 76 70 68 69 75 72 74 67 73 71 37 57 47 27 06 11 14 15 13 10 18 19 12 16 61 17 
09 03 02 05 08 06 00 04 01 65 32 34 63 33 36 39 37 31 35 30 54 50 60 53 56 59 57 52 55 51 44 42 64 43 46 49 47 40 45 41 22 24 62 23 26 29 27 21 25 20 76 72 68 73 67 69 71 70 66 75 74 38 58 48 28 07 19 17 61 11 12 10 16 13 15 14 18 
08 00 05 03 65 09 01 06 04 07 39 31 38 36 34 63 32 30 37 35 52 59 58 56 54 60 50 51 57 55 40 49 48 46 44 64 42 41 47 45 29 21 28 26 24 62 22 20 27 25 74 70 69 67 72 76 68 75 71 66 73 33 53 43 23 02 61 12 18 15 19 11 14 16 17 10 13 
01 07 08 65 04 00 02 03 05 06 30 38 37 39 63 35 31 33 34 36 58 51 57 59 60 55 52 53 54 56 48 41 47 49 64 45 40 43 44 46 20 28 27 29 62 25 21 23 24 26 71 74 75 69 76 66 70 73 72 67 68 32 50 42 22 09 15 10 17 16 11 13 61 19 14 18 12 
03 08 06 09 00 05 65 02 07 01 34 39 30 37 32 31 36 63 33 38 59 54 51 57 50 52 56 60 53 58 49 44 41 47 42 40 46 64 43 48 24 29 20 27 22 21 26 62 23 28 75 69 72 71 68 70 67 76 73 74 66 35 55 45 25 04 10 16 11 18 14 61 12 17 13 19 15 
07 04 00 01 02 65 06 08 09 05 38 35 36 31 30 33 63 37 39 32 55 58 56 52 51 53 60 57 59 50 45 48 46 40 41 43 64 47 49 42 28 25 26 21 20 23 62 27 29 22 67 66 74 70 75 73 76 71 69 68 72 34 54 44 24 03 13 61 16 12 18 17 11 10 19 15 14 
05 09 04 06 03 02 08 07 65 00 36 32 31 35 37 34 33 39 38 63 50 56 52 55 57 54 53 59 58 60 42 46 40 45 47 44 43 49 48 64 26 22 21 25 27 24 23 29 28 62 70 68 67 66 71 72 73 69 74 76 75 30 51 41 20 01 14 13 10 61 16 19 17 15 18 12 11 
02 06 01 04 05 07 09 65 08 03 33 37 34 30 35 36 38 32 63 39 57 53 54 51 55 56 58 50 60 59 47 43 44 41 45 46 48 42 64 49 23 27 24 20 25 26 28 22 62 29 72 71 73 75 66 67 74 68 76 69 70 31 52 40 21 00 16 18 14 19 13 12 15 11 61 17 10 
06 05 07 02 09 04 03 01 00 08 37 36 39 38 33 32 35 34 30 31 56 57 59 58 53 50 55 54 51 52 46 47 49 48 43 42 45 44 41 40 27 26 29 28 23 22 25 24 20 21 69 67 71 74 73 68 66 72 75 70 76 63 60 64 62 65 12 15 19 10 17 14 13 18 11 16 61 
47 46 48 43 42 45 44 41 40 49 71 67 69 74 73 68 66 72 75 70 26 27 29 28 23 22 25 24 20 21 56 57 59 58 53 50 55 54 51 52 17 16 19 18 13 12 15 14 11 10 08 05 06 07 02 09 04 03 01 00 65 76 62 60 61 64 32 35 39 31 37 34 33 38 30 36 63 
17 16 18 13 12 15 14 11 10 19 57 56 59 58 53 50 55 54 51 52 67 71 69 74 73 68 66 72 75 70 36 37 39 38 33 32 35 34 30 31 06 05 08 07 02 09 04 03 01 00 29 26 27 28 23 22 25 24 20 21 62 60 76 63 65 61 42 45 49 40 47 44 43 48 41 46 64 
37 36 38 33 32 35 34 30 31 39 27 26 29 28 23 22 25 24 20 21 05 06 08 07 02 09 04 03 01 00 67 71 69 74 73 68 66 72 75 70 47 46 49 48 43 42 45 44 41 40 19 16 17 18 13 12 15 14 11 10 61 62 65 76 64 63 50 55 59 52 57 54 53 58 51 56 60 
27 26 28 23 22 25 24 20 21 29 47 46 49 48 43 42 45 44 41 40 36 37 39 38 33 32 35 34 30 31 16 17 19 18 13 12 15 14 11 10 71 67 69 74 73 68 66 72 75 70 59 56 57 58 53 50 55 54 51 52 60 64 63 61 76 62 09 04 08 00 06 03 02 07 01 05 65 
71 67 74 73 68 66 72 75 70 69 17 16 19 18 13 12 15 14 11 10 46 47 49 48 43 42 45 44 41 40 05 06 08 07 02 09 04 03 01 00 57 56 59 58 53 50 55 54 51 52 39 36 37 38 33 32 35 34 30 31 63 61 64 65 60 76 22 25 29 21 27 24 23 28 20 26 62 
51 58 59 60 55 52 53 54 56 57 01 07 06 08 65 04 00 02 03 05 18 11 17 19 61 15 10 13 14 16 28 20 27 29 62 25 21 23 24 26 30 38 37 39 63 35 31 33 34 36 47 48 41 49 64 45 40 43 44 46 42 09 12 22 32 50 66 69 76 73 67 68 74 71 75 70 72 
54 59 57 50 52 56 60 53 58 51 03 08 01 06 09 00 05 65 02 07 19 14 11 17 12 10 16 61 13 18 29 24 20 27 22 21 26 62 23 28 34 39 30 37 32 31 36 63 33 38 41 49 44 47 42 40 46 64 43 48 45 04 15 25 35 55 76 67 72 75 66 73 70 74 69 68 71 
55 53 60 58 57 51 56 52 54 50 04 02 09 65 07 06 01 05 00 03 13 15 12 61 18 17 11 16 10 14 23 25 22 62 28 27 20 26 21 24 35 33 32 63 38 37 30 36 31 34 42 43 45 64 48 47 41 46 40 44 49 08 19 29 39 59 70 71 68 76 74 66 69 75 72 67 73 
53 57 51 55 56 58 50 60 59 54 02 06 03 01 04 05 07 09 65 08 17 13 14 11 15 16 18 12 61 19 27 23 24 20 25 26 28 22 62 29 33 37 34 30 35 36 38 32 63 39 44 47 43 41 45 46 48 42 64 49 40 00 10 21 31 52 72 66 71 69 76 75 68 70 67 73 74 
52 60 50 59 51 54 58 56 53 55 00 65 04 09 08 01 03 07 05 02 61 10 15 12 19 11 14 18 16 13 62 21 25 22 29 20 24 28 26 23 31 63 35 32 39 30 34 38 36 33 45 64 40 42 49 41 44 48 46 43 47 06 17 27 37 57 68 74 73 72 70 76 67 69 71 66 75 
58 55 52 51 53 60 57 59 50 56 07 04 05 00 01 02 65 06 08 09 15 18 16 10 11 13 61 17 19 12 25 28 26 21 20 23 62 27 29 22 38 35 36 31 30 33 63 37 39 32 46 45 48 40 41 43 64 47 49 42 44 03 14 24 34 54 75 68 69 74 73 71 76 66 70 72 67 
59 52 56 54 60 50 51 57 55 58 08 00 07 05 03 65 09 01 06 04 10 19 18 16 14 61 12 11 17 15 21 29 28 26 24 62 22 20 27 25 39 31 38 36 34 63 32 30 37 35 48 40 49 46 44 64 42 41 47 45 43 02 13 23 33 53 69 73 67 70 75 74 72 76 68 71 66 
50 54 53 56 59 57 52 55 51 60 09 03 65 02 05 08 06 00 04 01 14 12 61 13 16 19 17 10 15 11 24 22 62 23 26 29 27 21 25 20 32 34 63 33 36 39 37 31 35 30 64 44 42 43 46 49 47 40 45 41 48 07 18 28 38 58 74 72 70 66 71 67 75 73 76 69 68 
56 50 55 57 54 53 59 58 60 52 05 09 00 04 06 03 02 08 07 65 12 16 10 15 17 14 13 19 18 61 22 26 21 25 27 24 23 29 28 62 36 32 31 35 37 34 33 39 38 63 40 42 46 45 47 44 43 49 48 64 41 01 11 20 30 51 73 70 75 71 68 72 66 67 74 76 69 
60 51 54 52 58 59 55 50 57 53 65 01 02 03 00 07 08 04 09 06 11 61 13 14 10 18 19 15 12 17 20 62 23 24 21 28 29 25 22 27 63 30 33 34 31 38 39 35 32 37 43 41 64 44 40 48 49 45 42 47 46 05 16 26 36 56 71 76 74 67 72 69 73 68 66 75 70 
57 56 58 53 50 55 54 51 52 59 06 05 08 07 02 09 04 03 01 00 16 17 19 18 13 12 15 14 11 10 26 27 29 28 23 22 25 24 20 21 37 36 39 38 33 32 35 34 30 31 49 46 47 48 43 42 45 44 41 40 64 65 61 62 63 60 67 75 66 68 69 70 71 72 73 74 76 
