72 76 74 70 67 75 66 71 68 73 10 61 15 19 12 16 13 11 17 18 40 64 45 49 42 46 43 41 47 48 00 65 04 08 02 05 09 01 06 07 50 60 55 59 53 56 52 51 57 58 30 63 39 35 32 36 33 31 37 38 34 14 44 03 54 69 62 23 27 22 25 21 20 28 26 29 24 
76 66 68 71 75 72 70 73 67 69 61 11 18 14 17 13 10 12 19 16 64 41 48 44 47 43 40 42 49 46 65 01 07 03 06 09 00 02 08 05 60 51 58 54 57 52 50 53 59 56 63 31 34 38 37 33 30 32 39 36 35 15 45 04 55 74 21 20 29 27 28 22 62 26 23 24 25 
74 68 70 75 73 69 67 72 71 76 15 18 12 61 13 19 14 16 10 17 45 48 42 64 43 49 44 46 40 47 04 07 02 65 09 08 03 05 00 06 55 58 53 60 52 59 54 56 50 57 35 38 63 32 33 39 34 36 30 37 31 11 41 01 51 66 28 24 20 23 22 26 25 27 29 62 21 
70 71 75 69 76 66 73 74 72 68 12 17 13 18 14 61 11 19 15 10 42 47 43 48 44 64 41 49 45 40 02 06 09 07 03 65 01 08 04 00 53 57 52 58 54 60 51 59 55 50 32 37 38 33 34 63 31 39 35 30 36 16 46 05 56 67 27 21 25 24 23 29 22 20 62 28 26 
67 75 73 76 74 68 72 66 69 70 16 13 19 12 61 15 18 10 11 14 46 43 49 42 64 45 48 40 41 44 05 09 08 02 65 04 07 00 01 03 56 52 59 53 60 55 58 50 51 54 36 33 32 39 63 35 38 30 31 34 37 17 47 06 57 71 23 28 21 62 29 20 26 24 25 22 27 
75 72 69 66 68 67 76 70 74 71 13 10 14 17 11 18 16 61 12 15 43 40 44 47 41 48 46 64 42 45 09 00 03 06 01 07 05 65 02 04 52 50 54 57 51 58 56 60 53 55 33 30 37 34 31 38 36 63 32 35 39 19 49 08 59 73 20 26 22 21 24 62 23 25 28 27 29 
66 70 67 73 72 76 71 69 75 74 11 12 16 15 19 10 61 17 14 13 41 42 46 45 49 40 64 47 44 43 01 02 05 04 08 00 65 06 03 09 51 53 56 55 59 50 60 57 54 52 31 32 35 36 39 30 63 37 34 33 38 18 48 07 58 68 22 62 24 29 26 27 21 23 20 25 28 
71 73 72 74 66 70 69 68 76 67 17 19 10 16 15 11 12 14 18 61 47 49 40 46 45 41 42 44 48 64 06 08 00 05 04 01 02 03 07 65 57 59 50 56 55 51 53 54 58 60 37 39 36 30 35 31 32 34 38 63 33 13 43 09 52 75 29 22 28 25 20 24 27 62 21 26 23 
68 67 71 72 69 74 75 76 73 66 18 16 17 11 10 14 15 13 61 19 48 46 47 41 40 44 45 43 64 49 07 05 06 01 00 03 04 09 65 08 58 56 57 51 50 54 55 52 60 59 38 36 31 37 30 34 35 33 63 39 32 12 42 02 53 70 26 25 62 20 27 23 28 29 24 21 22 
73 69 76 68 70 71 74 67 66 75 19 14 61 13 18 12 17 15 16 11 49 44 64 43 48 42 47 45 46 41 08 03 65 09 07 02 06 04 05 01 59 54 60 52 58 53 57 55 56 51 39 34 33 63 38 32 37 35 36 31 30 10 40 00 50 72 24 27 26 28 62 25 29 21 22 23 20 
40 64 45 42 46 43 41 47 48 49 72 76 74 73 70 67 75 66 71 68 20 62 25 29 22 26 23 21 27 28 50 60 55 59 53 56 52 51 57 58 10 61 15 19 12 16 13 11 17 18 00 65 08 04 02 05 09 01 06 07 03 69 24 54 14 44 63 33 37 32 35 31 30 38 36 39 34 
64 41 48 47 43 40 42 49 46 44 76 66 68 69 71 75 72 70 73 67 62 21 28 24 27 23 20 22 29 26 60 51 58 54 57 52 50 53 59 56 61 11 18 14 17 13 10 12 19 16 65 01 03 07 06 09 00 02 08 05 04 74 25 55 15 45 31 30 39 37 38 32 63 36 33 34 35 
45 48 42 43 49 44 46 40 47 64 74 68 70 76 75 73 69 67 72 71 25 28 22 62 23 29 24 26 20 27 55 58 53 60 52 59 54 56 50 57 15 18 12 61 13 19 14 16 10 17 04 07 65 02 09 08 03 05 00 06 01 66 21 51 11 41 38 34 30 33 32 36 35 37 39 63 31 
49 44 64 48 42 47 45 46 41 43 73 69 76 75 68 70 71 74 67 66 29 24 62 23 28 22 27 25 26 21 59 54 60 52 58 53 57 55 56 51 19 14 61 13 18 12 17 15 16 11 08 03 09 65 07 02 06 04 05 01 00 72 20 50 10 40 34 37 36 38 63 35 39 31 32 33 30 
42 47 43 44 64 41 49 45 40 48 70 71 75 68 69 76 66 73 74 72 22 27 23 28 24 62 21 29 25 20 53 57 52 58 54 60 51 59 55 50 12 17 13 18 14 61 11 19 15 10 02 06 07 09 03 65 01 08 04 00 05 67 26 56 16 46 37 31 35 34 33 39 32 30 63 38 36 
46 43 49 64 45 48 40 41 44 42 67 75 73 70 76 74 68 72 66 69 26 23 29 22 62 25 28 20 21 24 56 52 59 53 60 55 58 50 51 54 16 13 19 12 61 15 18 10 11 14 05 09 02 08 65 04 07 00 01 03 06 71 27 57 17 47 33 38 31 63 39 30 36 34 35 32 37 
43 40 44 41 48 46 64 42 45 47 75 72 69 71 66 68 67 76 70 74 23 20 24 27 21 28 26 62 22 25 52 50 54 57 51 58 56 60 53 55 13 10 14 17 11 18 16 61 12 15 09 00 06 03 01 07 05 65 02 04 08 73 29 59 19 49 30 36 32 31 34 63 33 35 38 37 39 
41 42 46 49 40 64 47 44 43 45 66 70 67 74 73 72 76 71 69 75 21 22 26 25 29 20 62 27 24 23 51 53 56 55 59 50 60 57 54 52 11 12 16 15 19 10 61 17 14 13 01 02 04 05 08 00 65 06 03 09 07 68 28 58 18 48 32 63 34 39 36 37 31 33 30 35 38 
47 49 40 45 41 42 44 48 64 46 71 73 72 67 74 66 70 69 68 76 27 29 20 26 25 21 22 24 28 62 57 59 50 56 55 51 53 54 58 60 17 19 10 16 15 11 12 14 18 61 06 08 05 00 04 01 02 03 07 65 09 75 23 52 13 43 39 32 38 35 30 34 37 63 31 36 33 
48 46 47 40 44 45 43 64 49 41 68 67 71 66 72 69 74 75 76 73 28 26 27 21 20 24 25 23 62 29 58 56 57 51 50 54 55 52 60 59 18 16 17 11 10 14 15 13 61 19 07 05 01 06 00 03 04 09 65 08 02 70 22 53 12 42 36 35 63 30 37 33 38 39 34 31 32 
10 61 15 12 16 13 11 17 18 19 50 60 55 59 53 56 52 51 57 58 72 76 74 73 70 67 75 66 71 68 30 63 35 39 32 36 33 31 37 38 00 65 04 08 02 05 09 01 06 07 20 62 29 25 22 26 23 21 27 28 24 54 69 34 03 14 64 43 47 42 45 41 40 48 46 49 44 
61 11 18 17 13 10 12 19 16 14 60 51 58 54 57 52 50 53 59 56 76 66 68 69 71 75 72 70 73 67 63 31 38 34 37 33 30 32 39 36 65 01 07 03 06 09 00 02 08 05 62 21 24 28 27 23 20 22 29 26 25 55 74 35 04 15 41 40 49 47 48 42 64 46 43 44 45 
15 18 12 13 19 14 16 10 17 61 55 58 53 60 52 59 54 56 50 57 74 68 70 76 75 73 69 67 72 71 35 38 32 63 33 39 34 36 30 37 04 07 02 65 09 08 03 05 00 06 25 28 62 22 23 29 24 26 20 27 21 51 66 31 01 11 48 44 40 43 42 46 45 47 49 64 41 
19 14 61 18 12 17 15 16 11 13 59 54 60 52 58 53 57 55 56 51 73 69 76 75 68 70 71 74 67 66 39 34 63 33 38 32 37 35 36 31 08 03 65 09 07 02 06 04 05 01 29 24 23 62 28 22 27 25 26 21 20 50 72 30 00 10 44 47 46 48 64 45 49 41 42 43 40 
12 17 13 14 61 11 19 15 10 18 53 57 52 58 54 60 51 59 55 50 70 71 75 68 69 76 66 73 74 72 32 37 33 38 34 63 31 39 35 30 02 06 09 07 03 65 01 08 04 00 22 27 28 23 24 62 21 29 25 20 26 56 67 36 05 16 47 41 45 44 43 49 42 40 64 48 46 
16 13 19 61 15 18 10 11 14 12 56 52 59 53 60 55 58 50 51 54 67 75 73 70 76 74 68 72 66 69 36 33 39 32 63 35 38 30 31 34 05 09 08 02 65 04 07 00 01 03 26 23 22 29 62 25 28 20 21 24 27 57 71 37 06 17 43 48 41 64 49 40 46 44 45 42 47 
13 10 14 11 18 16 61 12 15 17 52 50 54 57 51 58 56 60 53 55 75 72 69 71 66 68 67 76 70 74 33 30 34 37 31 38 36 63 32 35 09 00 03 06 01 07 05 65 02 04 23 20 27 24 21 28 26 62 22 25 29 59 73 39 08 19 40 46 42 41 44 64 43 45 48 47 49 
11 12 16 19 10 61 17 14 13 15 51 53 56 55 59 50 60 57 54 52 66 70 67 74 73 72 76 71 69 75 31 32 36 35 39 30 63 37 34 33 01 02 05 04 08 00 65 06 03 09 21 22 25 26 29 20 62 27 24 23 28 58 68 38 07 18 42 64 44 49 46 47 41 43 40 45 48 
17 19 10 15 11 12 14 18 61 16 57 59 50 56 55 51 53 54 58 60 71 73 72 67 74 66 70 69 68 76 37 39 30 36 35 31 32 34 38 63 06 08 00 05 04 01 02 03 07 65 27 29 26 20 25 21 22 24 28 62 23 52 75 33 09 13 49 42 48 45 40 44 47 64 41 46 43 
18 16 17 10 14 15 13 61 19 11 58 56 57 51 50 54 55 52 60 59 68 67 71 66 72 69 74 75 76 73 38 36 37 31 30 34 35 33 63 39 07 05 06 01 00 03 04 09 65 08 28 26 21 27 20 24 25 23 62 29 22 53 70 32 02 12 46 45 64 40 47 43 48 49 44 41 42 
30 63 35 32 36 33 31 37 38 39 20 62 25 29 22 26 23 21 27 28 00 65 04 08 02 05 09 01 06 07 72 76 74 73 70 67 75 66 71 68 40 64 45 49 42 46 43 41 47 48 10 61 19 15 12 16 13 11 17 18 14 24 03 69 44 34 60 52 57 53 55 51 50 58 56 59 54 
63 31 38 37 33 30 32 39 36 34 62 21 28 24 27 23 20 22 29 26 65 01 07 03 06 09 00 02 08 05 76 66 68 69 71 75 72 70 73 67 64 41 48 44 47 43 40 42 49 46 61 11 14 18 17 13 10 12 19 16 15 25 04 74 45 35 51 50 59 57 58 53 60 56 52 54 55 
35 38 32 33 39 34 36 30 37 63 25 28 22 62 23 29 24 26 20 27 04 07 02 65 09 08 03 05 00 06 74 68 70 76 75 73 69 67 72 71 45 48 42 64 43 49 44 46 40 47 15 18 61 12 13 19 14 16 10 17 11 21 01 66 41 31 58 54 50 52 53 56 55 57 59 60 51 
39 34 63 38 32 37 35 36 31 33 29 24 62 23 28 22 27 25 26 21 08 03 65 09 07 02 06 04 05 01 73 69 76 75 68 70 71 74 67 66 49 44 64 43 48 42 47 45 46 41 19 14 13 61 18 12 17 15 16 11 10 20 00 72 40 30 54 57 56 58 60 55 59 51 53 52 50 
32 37 33 34 63 31 39 35 30 38 22 27 23 28 24 62 21 29 25 20 02 06 09 07 03 65 01 08 04 00 70 71 75 68 69 76 66 73 74 72 42 47 43 48 44 64 41 49 45 40 12 17 18 13 14 61 11 19 15 10 16 26 05 67 46 36 57 51 55 54 52 59 53 50 60 58 56 
36 33 39 63 35 38 30 31 34 32 26 23 29 22 62 25 28 20 21 24 05 09 08 02 65 04 07 00 01 03 67 75 73 70 76 74 68 72 66 69 46 43 49 42 64 45 48 40 41 44 16 13 12 19 61 15 18 10 11 14 17 27 06 71 47 37 52 58 51 60 59 50 56 54 55 53 57 
33 30 34 31 38 36 63 32 35 37 23 20 24 27 21 28 26 62 22 25 09 00 03 06 01 07 05 65 02 04 75 72 69 71 66 68 67 76 70 74 43 40 44 47 41 48 46 64 42 45 13 10 17 14 11 18 16 61 12 15 19 29 08 73 49 39 50 56 53 51 54 60 52 55 58 57 59 
31 32 36 39 30 63 37 34 33 35 21 22 26 25 29 20 62 27 24 23 01 02 05 04 08 00 65 06 03 09 66 70 67 74 73 72 76 71 69 75 41 42 46 45 49 40 64 47 44 43 11 12 15 16 19 10 61 17 14 13 18 28 07 68 48 38 53 60 54 59 56 57 51 52 50 55 58 
37 39 30 35 31 32 34 38 63 36 27 29 20 26 25 21 22 24 28 62 06 08 00 05 04 01 02 03 07 65 71 73 72 67 74 66 70 69 68 76 47 49 40 46 45 41 42 44 48 64 17 19 16 10 15 11 12 14 18 61 13 23 09 75 43 33 59 53 58 55 50 54 57 60 51 56 52 
38 36 37 30 34 35 33 63 39 31 28 26 27 21 20 24 25 23 62 29 07 05 06 01 00 03 04 09 65 08 68 67 71 66 72 69 74 75 76 73 48 46 47 41 40 44 45 43 64 49 18 16 11 17 10 14 15 13 61 19 12 22 02 70 42 32 56 55 60 50 57 52 58 59 54 51 53 
20 62 25 22 26 23 21 27 28 29 40 64 45 49 42 46 43 41 47 48 30 63 35 39 32 36 33 31 37 38 10 61 15 19 12 16 13 11 17 18 72 76 74 73 70 67 75 66 71 68 50 60 59 55 53 56 52 51 57 58 54 44 34 14 69 24 65 09 06 02 04 01 00 07 05 08 03 
62 21 28 27 23 20 22 29 26 24 64 41 48 44 47 43 40 42 49 46 63 31 38 34 37 33 30 32 39 36 61 11 18 14 17 13 10 12 19 16 76 66 68 69 71 75 72 70 73 67 60 51 54 58 57 52 50 53 59 56 55 45 35 15 74 25 01 00 08 06 07 02 65 05 09 03 04 
25 28 22 23 29 24 26 20 27 62 45 48 42 64 43 49 44 46 40 47 35 38 32 63 33 39 34 36 30 37 15 18 12 61 13 19 14 16 10 17 74 68 70 76 75 73 69 67 72 71 55 58 60 53 52 59 54 56 50 57 51 41 31 11 66 21 07 03 00 09 02 05 04 06 08 65 01 
29 24 62 28 22 27 25 26 21 23 49 44 64 43 48 42 47 45 46 41 39 34 63 33 38 32 37 35 36 31 19 14 61 13 18 12 17 15 16 11 73 69 76 75 68 70 71 74 67 66 59 54 52 60 58 53 57 55 56 51 50 40 30 10 72 20 03 06 05 07 65 04 08 01 02 09 00 
22 27 23 24 62 21 29 25 20 28 42 47 43 48 44 64 41 49 45 40 32 37 33 38 34 63 31 39 35 30 12 17 13 18 14 61 11 19 15 10 70 71 75 68 69 76 66 73 74 72 53 57 58 52 54 60 51 59 55 50 56 46 36 16 67 26 06 01 04 03 09 08 02 00 65 07 05 
26 23 29 62 25 28 20 21 24 22 46 43 49 42 64 45 48 40 41 44 36 33 39 32 63 35 38 30 31 34 16 13 19 12 61 15 18 10 11 14 67 75 73 70 76 74 68 72 66 69 56 52 53 59 60 55 58 50 51 54 57 47 37 17 71 27 09 07 01 65 08 00 05 03 04 02 06 
23 20 24 21 28 26 62 22 25 27 43 40 44 47 41 48 46 64 42 45 33 30 34 37 31 38 36 63 32 35 13 10 14 17 11 18 16 61 12 15 75 72 69 71 66 68 67 76 70 74 52 50 57 54 51 58 56 60 53 55 59 49 39 19 73 29 00 05 02 01 03 65 09 04 07 06 08 
21 22 26 29 20 62 27 24 23 25 41 42 46 45 49 40 64 47 44 43 31 32 36 35 39 30 63 37 34 33 11 12 16 15 19 10 61 17 14 13 66 70 67 74 73 72 76 71 69 75 51 53 55 56 59 50 60 57 54 52 58 48 38 18 68 28 02 65 03 08 05 06 01 09 00 04 07 
27 29 20 25 21 22 24 28 62 26 47 49 40 46 45 41 42 44 48 64 37 39 30 36 35 31 32 34 38 63 17 19 10 16 15 11 12 14 18 61 71 73 72 67 74 66 70 69 68 76 57 59 56 50 55 51 53 54 58 60 52 43 33 13 75 23 08 02 07 04 00 03 06 65 01 05 09 
28 26 27 20 24 25 23 62 29 21 48 46 47 41 40 44 45 43 64 49 38 36 37 31 30 34 35 33 63 39 18 16 17 11 10 14 15 13 61 19 68 67 71 66 72 69 74 75 76 73 58 56 51 57 50 54 55 52 60 59 53 42 32 12 70 22 05 04 65 00 06 09 07 08 03 01 02 
00 65 04 02 05 09 01 06 07 08 30 63 35 39 32 36 33 31 37 38 50 60 55 59 53 56 52 51 57 58 40 64 45 49 42 46 43 41 47 48 20 62 25 29 22 26 23 21 27 28 72 76 73 74 70 67 75 66 71 68 69 34 54 44 24 03 61 13 17 12 15 11 10 18 16 19 14 
65 01 07 06 09 00 02 08 05 03 63 31 38 34 37 33 30 32 39 36 60 51 58 54 57 52 50 53 59 56 64 41 48 44 47 43 40 42 49 46 62 21 28 24 27 23 20 22 29 26 76 66 69 68 71 75 72 70 73 67 74 35 55 45 25 04 11 10 19 17 18 12 61 16 13 14 15 
08 03 65 07 02 06 04 05 01 09 39 34 63 33 38 32 37 35 36 31 59 54 60 52 58 53 57 55 56 51 49 44 64 43 48 42 47 45 46 41 29 24 62 23 28 22 27 25 26 21 73 69 75 76 68 70 71 74 67 66 72 30 50 40 20 00 14 17 16 18 61 15 19 11 12 13 10 
04 07 02 09 08 03 05 00 06 65 35 38 32 63 33 39 34 36 30 37 55 58 53 60 52 59 54 56 50 57 45 48 42 64 43 49 44 46 40 47 25 28 22 62 23 29 24 26 20 27 74 68 76 70 75 73 69 67 72 71 66 31 51 41 21 01 18 14 10 13 12 16 15 17 19 61 11 
02 06 09 03 65 01 08 04 00 07 32 37 33 38 34 63 31 39 35 30 53 57 52 58 54 60 51 59 55 50 42 47 43 48 44 64 41 49 45 40 22 27 23 28 24 62 21 29 25 20 70 71 68 75 69 76 66 73 74 72 67 36 56 46 26 05 17 11 15 14 13 19 12 10 61 18 16 
05 09 08 65 04 07 00 01 03 02 36 33 39 32 63 35 38 30 31 34 56 52 59 53 60 55 58 50 51 54 46 43 49 42 64 45 48 40 41 44 26 23 29 22 62 25 28 20 21 24 67 75 70 73 76 74 68 72 66 69 71 37 57 47 27 06 13 18 11 61 19 10 16 14 15 12 17 
09 00 03 01 07 05 65 02 04 06 33 30 34 37 31 38 36 63 32 35 52 50 54 57 51 58 56 60 53 55 43 40 44 47 41 48 46 64 42 45 23 20 24 27 21 28 26 62 22 25 75 72 71 69 66 68 67 76 70 74 73 39 59 49 29 08 10 16 12 11 14 61 13 15 18 17 19 
01 02 05 08 00 65 06 03 09 04 31 32 36 35 39 30 63 37 34 33 51 53 56 55 59 50 60 57 54 52 41 42 46 45 49 40 64 47 44 43 21 22 26 25 29 20 62 27 24 23 66 70 74 67 73 72 76 71 69 75 68 38 58 48 28 07 12 61 14 19 16 17 11 13 10 15 18 
06 08 00 04 01 02 03 07 65 05 37 39 30 36 35 31 32 34 38 63 57 59 50 56 55 51 53 54 58 60 47 49 40 46 45 41 42 44 48 64 27 29 20 26 25 21 22 24 28 62 71 73 67 72 74 66 70 69 68 76 75 33 52 43 23 09 19 12 18 15 10 14 17 61 11 16 13 
07 05 06 00 03 04 09 65 08 01 38 36 37 31 30 34 35 33 63 39 58 56 57 51 50 54 55 52 60 59 48 46 47 41 40 44 45 43 64 49 28 26 27 21 20 24 25 23 62 29 68 67 66 71 72 69 74 75 76 73 70 32 53 42 22 02 16 15 61 10 17 13 18 19 14 11 12 
03 04 01 05 06 08 07 09 02 00 34 35 31 30 36 37 39 38 33 32 54 55 51 50 56 57 59 58 52 53 44 45 41 40 46 47 49 48 43 42 24 25 21 20 26 27 29 28 23 22 69 74 72 66 67 71 73 68 75 70 76 63 60 64 62 65 15 19 13 16 11 18 14 12 17 10 61 
44 45 41 46 47 49 48 43 42 40 69 74 66 72 67 71 73 68 75 70 24 25 21 20 26 27 29 28 23 22 54 55 51 50 56 57 59 58 52 53 14 15 11 10 16 17 19 18 13 12 03 04 00 01 05 06 08 07 09 02 65 76 62 60 61 64 35 39 33 36 31 38 34 32 37 30 63 
14 15 11 16 17 19 18 13 12 10 54 55 51 50 56 57 59 58 52 53 69 74 66 72 67 71 73 68 75 70 34 35 31 30 36 37 39 38 33 32 03 04 01 00 05 06 08 07 09 02 24 25 20 21 26 27 29 28 23 22 62 60 76 63 65 61 45 49 43 46 41 48 44 42 47 40 64 
34 35 31 36 37 39 38 33 32 30 24 25 21 20 26 27 29 28 23 22 03 04 01 00 05 06 08 07 09 02 69 74 66 72 67 71 73 68 75 70 44 45 41 40 46 47 49 48 43 42 14 15 10 11 16 17 19 18 13 12 61 62 65 76 64 63 55 59 52 56 51 58 54 53 57 50 60 
24 25 21 26 27 29 28 23 22 20 44 45 41 40 46 47 49 48 43 42 34 35 31 30 36 37 39 38 33 32 14 15 11 10 16 17 19 18 13 12 69 74 66 72 67 71 73 68 75 70 54 55 50 51 56 57 59 58 52 53 60 64 63 61 76 62 04 08 09 05 01 07 03 02 06 00 65 
69 74 66 67 71 73 68 75 70 72 14 15 11 10 16 17 19 18 13 12 44 45 41 40 46 47 49 48 43 42 03 04 01 00 05 06 08 07 09 02 54 55 51 50 56 57 59 58 52 53 34 35 30 31 36 37 39 38 33 32 63 61 64 65 60 76 25 29 23 26 21 28 24 22 27 20 62 
60 51 58 57 52 50 53 59 56 54 65 01 07 03 06 09 00 02 08 05 61 11 18 14 17 13 10 12 19 16 62 21 28 24 27 23 20 22 29 26 63 31 38 34 37 33 30 32 39 36 64 41 44 48 47 43 40 42 49 46 45 04 15 25 35 55 66 70 69 76 75 74 68 71 67 72 73 
52 50 54 51 58 56 60 53 55 57 09 00 03 06 01 07 05 65 02 04 13 10 14 17 11 18 16 61 12 15 23 20 24 27 21 28 26 62 22 25 33 30 34 37 31 38 36 63 32 35 43 40 47 44 41 48 46 64 42 45 49 08 19 29 39 59 68 67 76 74 73 66 70 75 71 69 72 
57 59 50 55 51 53 54 58 60 56 06 08 00 05 04 01 02 03 07 65 17 19 10 16 15 11 12 14 18 61 27 29 20 26 25 21 22 24 28 62 37 39 30 36 35 31 32 34 38 63 47 49 46 40 45 41 42 44 48 64 43 09 13 23 33 52 71 73 68 70 76 67 75 69 72 66 74 
53 57 52 54 60 51 59 55 50 58 02 06 09 07 03 65 01 08 04 00 12 17 13 18 14 61 11 19 15 10 22 27 23 28 24 62 21 29 25 20 32 37 33 38 34 63 31 39 35 30 42 47 48 43 44 64 41 49 45 40 46 05 16 26 36 56 74 68 72 69 71 76 66 67 70 73 75 
55 58 53 52 59 54 56 50 57 60 04 07 02 65 09 08 03 05 00 06 15 18 12 61 13 19 14 16 10 17 25 28 22 62 23 29 24 26 20 27 35 38 32 63 33 39 34 36 30 37 45 48 64 42 43 49 44 46 40 47 41 01 11 21 31 51 69 74 75 73 70 72 76 68 66 71 67 
51 53 56 59 50 60 57 54 52 55 01 02 05 04 08 00 65 06 03 09 11 12 16 15 19 10 61 17 14 13 21 22 26 25 29 20 62 27 24 23 31 32 36 35 39 30 63 37 34 33 41 42 45 46 49 40 64 47 44 43 48 07 18 28 38 58 75 72 70 67 74 71 73 76 69 68 66 
50 60 55 53 56 52 51 57 58 59 00 65 04 08 02 05 09 01 06 07 10 61 15 19 12 16 13 11 17 18 20 62 25 29 22 26 23 21 27 28 30 63 35 39 32 36 33 31 37 38 40 64 49 45 42 46 43 41 47 48 44 03 14 24 34 54 73 69 67 71 66 75 72 74 76 70 68 
58 56 57 50 54 55 52 60 59 51 07 05 06 01 00 03 04 09 65 08 18 16 17 11 10 14 15 13 61 19 28 26 27 21 20 24 25 23 62 29 38 36 37 31 30 34 35 33 63 39 48 46 41 47 40 44 45 43 64 49 42 02 12 22 32 53 70 71 74 66 72 68 67 73 75 76 69 
56 52 59 60 55 58 50 51 54 53 05 09 08 02 65 04 07 00 01 03 16 13 19 12 61 15 18 10 11 14 26 23 29 22 62 25 28 20 21 24 36 33 39 32 63 35 38 30 31 34 46 43 42 49 64 45 48 40 41 44 47 06 17 27 37 57 72 76 71 75 68 73 69 66 74 67 70 
59 54 60 58 53 57 55 56 51 52 08 03 65 09 07 02 06 04 05 01 19 14 61 13 18 12 17 15 16 11 29 24 62 23 28 22 27 25 26 21 39 34 63 33 38 32 37 35 36 31 49 44 43 64 48 42 47 45 46 41 40 00 10 20 30 50 76 66 73 72 67 69 74 70 68 75 71 
54 55 51 56 57 59 58 52 53 50 03 04 01 00 05 06 08 07 09 02 14 15 11 10 16 17 19 18 13 12 24 25 21 20 26 27 29 28 23 22 34 35 31 30 36 37 39 38 33 32 44 45 40 41 46 47 49 48 43 42 64 65 61 62 63 60 67 75 66 68 69 70 71 72 73 74 76 
