62 41 59 64 56 55 58 63 61 57 29 21 20 24 23 27 28 40 26 22 33 38 30 36 31 39 34 37 44 32 74 73 70 69 72 75 67 71 65 68 35 10 60 25 66 0  42 2  7  9  4  6  8  1  5  18 17 14 13 16 19 11 15 43 12 49 54 53 52 48 47 45 46 76 50 51 3  
57 63 60 55 62 58 56 59 64 41 20 27 23 25 21 22 24 28 29 40 31 34 33 39 37 30 35 32 38 44 72 67 74 75 71 70 66 68 73 65 36 13 61 26 69 5  1  9  0  6  3  8  7  4  42 16 11 18 19 15 14 10 12 17 43 50 52 45 47 49 53 51 48 46 54 76 2  
41 59 61 58 57 56 62 60 55 63 23 22 21 26 27 40 25 24 20 28 37 35 31 30 32 33 36 44 34 38 71 66 72 70 68 74 69 65 67 73 39 19 64 29 75 42 4  6  5  8  2  7  0  3  1  15 10 16 14 12 18 13 43 11 17 54 47 51 53 50 45 76 49 48 52 46 9  
58 62 41 60 55 61 64 57 59 56 25 20 26 40 29 23 22 27 24 21 39 32 36 34 30 35 44 33 37 31 75 68 69 67 70 66 65 74 71 72 38 17 63 28 73 8  0  4  6  3  42 2  9  5  7  19 12 13 11 14 10 43 18 15 16 46 49 52 50 76 54 47 51 45 48 53 1  
60 64 58 57 59 41 63 55 62 61 22 24 40 23 28 25 20 29 27 26 38 30 44 37 34 32 33 35 39 36 73 70 65 71 67 68 74 66 75 69 31 16 56 21 72 3  9  0  4  5  8  42 1  6  2  17 14 43 15 11 12 18 10 19 13 53 51 48 76 47 46 49 52 54 45 50 7  
59 61 55 62 63 57 41 64 56 60 27 28 22 20 40 24 29 26 21 25 44 39 32 31 38 37 30 34 36 35 65 75 68 72 73 71 70 67 69 66 33 18 58 23 74 4  2  7  1  0  6  5  42 9  3  43 19 12 16 17 15 14 11 13 10 47 45 46 51 52 76 48 54 50 53 49 8  
56 57 63 61 58 64 55 41 60 62 26 23 29 28 20 21 40 22 25 27 30 44 39 35 33 36 38 31 32 37 70 65 75 66 74 69 73 72 68 71 34 11 59 24 67 7  5  3  8  2  1  9  6  42 0  14 43 19 10 18 13 17 16 12 15 48 50 47 54 46 52 53 76 51 49 45 4  
64 58 62 63 61 59 60 56 41 55 28 26 24 27 25 29 21 23 40 20 35 31 34 44 36 38 37 39 33 30 66 72 67 65 69 73 71 75 74 70 32 12 57 22 68 9  8  42 2  1  0  4  3  7  6  10 16 11 43 13 17 15 19 18 14 51 46 50 48 45 49 54 53 47 76 52 5  
63 60 64 56 41 62 57 61 58 59 21 40 27 29 22 28 26 25 23 24 32 36 37 33 44 31 39 38 35 34 68 69 71 74 65 72 75 73 66 67 30 14 55 20 70 1  3  8  42 7  9  0  5  2  4  12 13 15 18 43 16 19 17 10 11 52 53 76 45 54 51 46 50 49 47 48 6  
61 55 56 41 60 63 59 58 57 64 40 25 28 21 24 26 23 20 22 29 34 33 38 32 35 44 31 36 30 39 67 74 73 68 66 65 72 69 70 75 37 15 62 27 71 2  6  5  3  42 7  1  4  8  9  11 18 17 12 10 43 16 13 14 19 45 76 49 46 53 48 50 47 52 51 54 0  
18 15 43 10 14 13 19 12 11 16 35 30 36 44 39 33 32 37 34 31 75 68 69 67 70 66 65 74 71 72 54 51 50 48 52 49 76 47 45 53 73 28 17 38 46 58 62 59 55 60 41 61 64 57 56 29 22 26 24 20 25 40 23 27 21 1  3  6  2  42 9  8  5  0  4  7  63 
10 19 18 12 11 43 17 14 15 13 32 34 44 33 38 35 30 39 37 36 73 70 65 71 67 68 74 66 75 69 46 52 76 45 48 51 47 49 54 50 72 21 16 31 53 60 64 62 59 57 58 41 63 55 61 28 20 40 27 24 22 23 25 29 26 7  5  4  42 8  1  3  6  9  0  2  56 
11 13 14 15 17 12 43 19 16 10 37 38 32 30 44 34 39 36 31 35 65 75 68 72 73 71 70 67 69 66 76 54 51 53 46 45 52 48 50 49 74 23 18 33 47 59 61 56 63 62 55 57 41 64 60 40 29 22 21 28 27 20 24 26 25 8  0  1  5  6  42 4  9  2  7  3  58 
43 11 13 18 12 16 15 10 14 17 33 32 31 36 37 44 35 34 30 38 71 66 72 70 68 74 69 65 67 73 45 49 53 52 51 47 50 76 48 46 75 29 19 39 54 41 59 55 57 58 61 56 62 60 63 27 25 21 20 22 23 26 40 24 28 9  8  5  7  2  0  42 3  4  6  1  64 
16 12 17 13 18 19 14 43 10 15 36 33 39 38 30 31 44 32 35 37 70 65 75 66 74 69 73 72 68 71 52 76 54 49 47 50 46 53 51 45 67 24 11 34 48 56 57 60 58 61 63 64 55 41 62 20 40 29 25 23 26 28 21 22 27 4  2  8  9  1  6  7  42 5  3  0  59 
15 43 11 19 16 14 18 17 13 12 39 31 30 34 33 37 38 44 36 32 74 73 70 69 72 75 67 71 65 68 47 46 52 50 53 54 48 45 76 51 66 25 10 35 49 62 41 61 56 64 59 55 58 63 57 23 28 20 26 21 29 24 27 40 22 3  9  7  6  4  8  0  1  42 2  5  60 
19 18 15 17 13 11 10 16 43 14 38 36 34 37 35 39 31 33 44 30 66 72 67 65 69 73 71 75 74 70 49 53 48 76 50 46 45 54 47 52 68 22 12 32 51 64 58 41 61 63 62 59 60 56 55 25 21 24 40 26 28 27 29 23 20 5  1  2  4  0  3  9  7  8  42 6  57 
12 17 10 14 15 18 16 11 19 43 30 37 33 35 31 32 34 38 39 44 72 67 74 75 71 70 66 68 73 65 53 48 47 54 45 52 49 51 46 76 69 26 13 36 50 57 63 64 62 55 60 58 56 59 41 21 24 23 29 27 20 25 22 28 40 2  6  0  8  3  7  5  4  1  9  42 61 
17 10 19 16 43 15 12 13 18 11 31 44 37 39 32 38 36 35 33 34 68 69 71 74 65 72 75 73 66 67 51 50 45 47 76 53 54 46 49 48 70 20 14 30 52 63 60 58 41 56 64 62 57 61 59 22 26 27 23 40 21 29 28 25 24 6  7  42 0  9  5  1  2  3  8  4  55 
13 14 16 43 10 17 11 18 12 19 44 35 38 31 34 36 33 30 32 39 67 74 73 68 66 65 72 69 70 75 48 47 46 51 49 76 53 50 52 54 71 27 15 37 45 61 55 57 60 41 56 63 59 58 64 24 23 28 22 25 40 21 26 20 29 0  42 3  1  7  4  2  8  6  5  9  62 
53 51 46 50 47 54 52 76 49 45 61 58 64 63 55 56 41 57 60 62 14 43 19 10 18 13 17 16 12 15 20 40 29 25 23 26 28 21 22 27 11 4  48 59 24 72 68 66 74 69 73 75 70 65 71 6  42 9  3  8  2  1  7  5  0  34 36 33 39 38 30 31 44 32 35 37 67 
54 47 45 46 50 48 49 53 76 52 63 61 59 62 60 64 56 58 41 55 10 16 11 43 13 17 15 19 18 14 25 21 24 40 26 28 27 29 23 20 12 5  51 57 22 75 74 65 69 73 71 67 66 72 70 3  7  4  42 2  1  0  9  8  6  32 38 36 34 37 35 39 31 33 44 30 68 
48 50 52 45 46 51 76 54 53 49 62 63 57 55 41 59 64 61 56 60 43 19 12 16 17 15 14 11 13 10 40 29 22 21 28 27 20 24 26 25 18 8  47 58 23 67 69 72 73 71 70 68 65 75 66 42 9  5  7  1  0  6  4  2  3  33 37 38 32 30 44 34 39 36 31 35 74 
46 49 54 53 76 45 51 50 47 48 56 41 62 64 57 63 61 60 58 59 12 13 15 18 43 16 19 17 10 11 22 26 27 23 40 21 29 28 25 24 14 6  52 55 20 73 66 74 65 72 75 71 68 69 67 5  2  0  8  42 7  9  1  3  4  30 31 44 37 39 32 38 36 35 33 34 70 
49 54 47 51 48 76 46 52 45 50 57 59 41 58 63 60 55 64 62 61 17 14 43 15 11 12 18 10 19 13 28 20 40 27 24 22 23 25 29 26 16 7  53 56 21 66 75 71 67 68 74 65 73 70 69 1  6  42 0  4  5  8  3  9  2  31 32 34 44 33 38 35 30 39 37 36 72 
47 45 76 49 52 50 54 51 48 53 60 55 61 41 64 58 57 62 59 56 19 12 13 11 14 10 43 18 15 16 29 22 26 24 20 25 40 23 27 21 17 1  46 63 28 74 71 67 70 66 65 69 75 68 72 9  5  2  4  6  3  42 8  0  7  38 35 30 36 44 39 33 32 37 34 31 73 
76 48 50 47 51 53 45 49 52 46 58 57 56 61 62 41 60 59 55 63 15 10 16 14 12 18 13 43 11 17 27 25 21 20 22 23 26 40 24 28 19 9  54 64 29 65 67 70 68 74 69 72 71 66 73 0  3  7  6  5  8  2  42 4  1  39 33 32 31 36 37 44 35 34 30 38 75 
45 76 48 54 53 52 47 46 50 51 64 56 55 59 58 62 63 41 61 57 18 17 14 13 16 19 11 15 43 12 23 28 20 26 21 29 24 27 40 22 10 3  49 60 25 71 65 69 72 75 67 70 74 73 68 8  1  6  2  7  9  4  0  42 5  35 39 31 30 34 33 37 38 44 36 32 66 
51 46 49 52 45 47 53 48 54 76 55 62 58 60 56 57 59 63 64 41 16 11 18 19 15 14 10 12 17 43 21 24 23 29 27 20 25 22 28 40 13 2  50 61 26 68 73 75 71 70 66 74 72 67 65 7  4  8  9  0  6  3  5  1  42 36 30 37 33 35 31 32 34 38 39 44 69 
50 52 53 76 49 46 48 47 51 54 41 60 63 56 59 61 58 55 57 64 11 18 17 12 10 43 16 13 14 19 24 23 28 22 25 40 21 26 20 29 15 0  45 62 27 69 70 68 66 65 72 73 67 74 75 4  8  1  5  3  42 7  2  6  9  37 44 35 38 31 34 36 33 30 32 39 71 
21 22 28 26 23 29 20 40 25 27 69 74 75 73 70 72 65 68 66 71 52 76 54 49 47 50 46 53 51 45 6  42 9  3  8  2  1  7  5  0  48 34 24 67 4  16 12 10 18 13 17 19 14 43 15 30 44 39 35 33 36 38 31 32 37 59 61 58 64 63 55 56 41 57 60 62 11 
29 23 27 28 26 24 25 21 40 20 73 69 67 71 66 75 72 74 65 70 49 53 48 76 50 46 45 54 47 52 3  7  4  42 2  1  0  9  8  6  51 32 22 68 5  19 18 43 13 17 15 11 10 16 14 35 31 34 44 36 38 37 39 33 30 57 63 61 59 62 60 64 56 58 41 55 12 
24 26 20 27 28 22 40 29 21 25 71 73 68 70 65 67 75 69 72 66 76 54 51 53 46 45 52 48 50 49 42 9  5  7  1  0  6  4  2  3  47 33 23 74 8  11 13 16 17 15 14 12 43 19 10 44 39 32 31 38 37 30 34 36 35 58 62 63 57 55 41 59 64 61 56 60 18 
28 25 29 21 40 27 22 26 23 24 72 65 71 75 68 73 69 66 74 67 51 50 45 47 76 53 54 46 49 48 5  2  0  8  42 7  9  1  3  4  52 30 20 70 6  17 10 18 43 16 19 15 12 13 11 32 36 37 33 44 31 39 38 35 34 55 56 41 62 64 57 63 61 60 58 59 14 
25 29 23 22 24 40 28 20 27 26 68 67 65 74 73 66 70 75 71 69 46 52 76 45 48 51 47 49 54 50 1  6  42 0  4  5  8  3  9  2  53 31 21 72 7  10 19 15 11 12 18 43 17 14 13 38 30 44 37 34 32 33 35 39 36 56 57 59 41 58 63 60 55 64 62 61 16 
23 27 40 25 20 26 29 22 24 21 66 70 69 65 75 74 68 71 67 72 54 51 50 48 52 49 76 47 45 53 9  5  2  4  6  3  42 8  0  7  46 38 28 73 1  18 15 11 14 10 43 13 19 12 16 39 32 36 34 30 35 44 33 37 31 63 60 55 61 41 64 58 57 62 59 56 17 
40 24 26 23 22 21 27 25 20 28 74 68 72 69 71 65 66 67 70 73 45 49 53 52 51 47 50 76 48 46 0  3  7  6  5  8  2  42 4  1  54 39 29 75 9  43 11 14 12 18 13 16 15 10 17 37 35 31 30 32 33 36 44 34 38 64 58 57 56 61 62 41 60 59 55 63 19 
27 40 24 29 21 20 23 28 26 22 75 72 70 67 74 71 73 65 69 68 47 46 52 50 53 54 48 45 76 51 8  1  6  2  7  9  4  0  42 5  49 35 25 66 3  15 43 13 16 19 11 14 18 17 12 33 38 30 36 31 39 34 37 44 32 60 64 56 55 59 58 62 63 41 61 57 10 
22 28 25 20 27 23 21 24 29 40 70 71 74 66 72 68 67 73 75 65 53 48 47 54 45 52 49 51 46 76 7  4  8  9  0  6  3  5  1  42 50 36 26 69 2  12 17 19 15 14 10 18 16 11 43 31 34 33 39 37 30 35 32 38 44 61 55 62 58 60 56 57 59 63 64 41 13 
26 20 21 40 25 28 24 23 22 29 65 66 73 72 67 69 74 70 68 75 48 47 46 51 49 76 53 50 52 54 4  8  1  5  3  42 7  2  6  9  45 37 27 71 0  13 14 12 10 43 16 17 11 18 19 34 33 38 32 35 44 31 36 30 39 62 41 60 63 56 59 61 58 55 57 64 15 
52 53 51 48 54 49 50 45 46 47 59 64 60 57 61 55 62 56 63 58 13 15 10 17 19 11 12 14 16 18 26 27 25 28 29 24 22 20 21 23 65 40 43 44 76 70 72 73 75 67 68 66 69 71 74 2  0  3  1  9  4  5  6  7  8  42 34 39 35 32 36 30 37 31 38 33 41 
70 72 68 67 75 66 69 71 73 74 4  9  3  5  2  6  0  7  1  8  61 62 60 63 64 59 57 55 56 58 13 15 10 17 19 11 12 14 16 18 44 43 41 40 65 30 31 38 39 34 32 35 36 37 33 50 45 49 46 54 48 51 52 53 47 76 24 29 25 22 26 20 27 21 28 23 42 
55 56 57 59 64 60 61 62 63 58 24 29 25 22 26 20 27 21 28 23 36 37 35 38 39 34 32 30 31 33 69 71 66 73 75 67 68 70 72 74 42 65 44 76 41 6  7  1  9  4  5  3  2  0  8  13 15 10 17 19 11 12 14 16 18 43 48 54 49 51 50 52 45 53 46 47 40 
14 16 12 11 19 10 13 15 17 18 34 39 35 32 36 30 37 31 38 33 69 71 66 73 75 67 68 70 72 74 50 45 49 46 54 48 51 52 53 47 41 76 65 42 43 55 56 63 64 59 57 60 61 62 58 26 27 25 28 29 24 22 20 21 23 40 4  9  3  5  2  6  0  7  1  8  44 
20 21 22 24 29 25 26 27 28 23 67 75 66 68 69 70 71 72 73 74 50 45 49 46 54 48 51 52 53 47 2  0  3  1  9  4  5  6  7  8  43 42 76 41 40 14 16 17 19 11 12 10 13 15 18 36 37 35 38 39 34 32 30 31 33 44 59 64 60 57 61 55 62 56 63 58 65 
37 44 34 39 31 30 33 38 36 32 54 53 52 48 47 45 46 76 50 51 8  1  6  2  7  9  4  0  42 5  58 63 55 61 56 64 59 62 41 57 3  66 35 49 60 27 40 26 21 29 24 20 23 28 22 74 73 70 69 72 75 67 71 65 68 10 19 16 14 11 18 15 17 43 13 12 25 
32 38 35 30 37 33 31 34 39 44 52 45 47 49 53 51 48 46 54 76 7  4  8  9  0  6  3  5  1  42 56 59 58 64 62 55 60 57 63 41 2  69 36 50 61 22 28 29 27 20 25 23 21 24 40 72 67 74 75 71 70 66 68 73 65 13 14 15 18 10 16 12 11 17 19 43 26 
38 35 39 31 44 37 32 36 33 34 53 76 45 54 51 46 50 49 47 48 5  2  0  8  42 7  9  1  3  4  57 61 62 58 41 56 64 63 60 59 6  70 30 52 55 28 25 23 40 21 29 27 22 26 24 68 69 71 74 65 72 75 73 66 67 14 16 43 15 19 12 17 13 10 18 11 20 
35 39 33 32 34 44 38 30 37 36 51 48 76 47 46 49 52 54 45 50 1  6  42 0  4  5  8  3  9  2  63 55 41 62 59 57 58 60 64 61 7  72 31 53 56 25 29 27 24 22 23 40 28 20 26 73 70 65 71 67 68 74 66 75 69 16 12 11 43 18 17 10 14 19 15 13 21 
33 37 44 35 30 36 39 32 34 31 49 52 50 76 54 47 51 45 48 53 9  5  2  4  6  3  42 8  0  7  64 57 61 59 55 60 41 58 62 56 1  73 38 46 63 23 27 24 20 25 40 26 29 22 21 75 68 69 67 70 66 65 74 71 72 17 10 14 13 43 19 18 12 15 11 16 28 
44 34 36 33 32 31 37 35 30 38 47 51 53 50 45 76 49 48 52 46 0  3  7  6  5  8  2  42 4  1  62 60 56 55 57 58 61 41 59 63 9  75 39 54 64 40 24 20 22 23 26 21 27 25 28 71 66 72 70 68 74 69 65 67 73 19 18 12 16 13 15 43 10 11 14 17 29 
34 36 30 37 38 32 44 39 31 35 45 46 51 52 76 48 54 50 53 49 42 9  5  7  1  0  6  4  2  3  41 64 57 56 63 62 55 59 61 60 8  74 33 47 58 24 26 21 28 27 20 22 40 29 25 65 75 68 72 73 71 70 67 69 66 18 15 17 12 14 43 11 19 13 16 10 23 
31 32 38 36 33 39 30 44 35 37 50 47 54 46 52 53 76 51 49 45 6  42 9  3  8  2  1  7  5  0  55 41 64 60 58 61 63 56 57 62 4  67 34 48 59 21 22 25 23 26 28 29 20 40 27 70 65 75 66 74 69 73 72 68 71 11 13 18 19 17 14 16 43 12 10 15 24 
39 33 37 38 36 34 35 31 44 30 46 50 48 45 49 54 53 47 76 52 3  7  4  42 2  1  0  9  8  6  60 56 59 41 61 63 62 64 58 55 5  68 32 51 57 29 23 40 26 28 27 24 25 21 20 66 72 67 65 69 73 71 75 74 70 12 17 13 11 15 10 19 16 18 43 14 22 
36 30 31 44 35 38 34 33 32 39 76 49 46 53 48 50 47 52 51 54 4  8  1  5  3  42 7  2  6  9  59 58 63 57 60 41 56 61 55 64 0  71 37 45 62 26 20 22 25 40 21 28 24 23 29 67 74 73 68 66 65 72 69 70 75 15 43 10 17 16 11 13 18 14 12 19 27 
72 68 73 69 74 75 70 65 66 71 2  8  9  1  6  7  42 5  3  0  55 41 64 60 58 61 63 56 57 62 14 43 19 10 18 13 17 16 12 15 59 48 67 4  11 31 32 35 33 36 38 39 30 44 37 52 76 54 49 47 50 46 53 51 45 24 26 23 29 28 20 21 40 22 25 27 34 
75 74 71 73 69 67 66 72 65 70 1  2  4  0  3  9  7  8  42 6  60 56 59 41 61 63 62 64 58 55 10 16 11 43 13 17 15 19 18 14 57 51 68 5  12 39 33 44 36 38 37 34 35 31 30 49 53 48 76 50 46 45 54 47 52 22 28 26 24 27 25 29 21 23 40 20 32 
67 69 70 71 73 68 65 75 72 66 0  1  5  6  42 4  9  2  7  3  41 64 57 56 63 62 55 59 61 60 43 19 12 16 17 15 14 11 13 10 58 47 74 8  18 34 36 31 38 37 30 32 44 39 35 76 54 51 53 46 45 52 48 50 49 23 27 28 22 20 40 24 29 26 21 25 33 
73 66 75 72 65 71 68 69 74 67 7  42 0  9  5  1  2  3  8  4  57 61 62 58 41 56 64 63 60 59 12 13 15 18 43 16 19 17 10 11 55 52 70 6  14 38 35 33 44 31 39 37 32 36 34 51 50 45 47 76 53 54 46 49 48 20 21 40 27 29 22 28 26 25 23 24 30 
66 75 74 68 67 65 73 70 71 69 5  4  42 8  1  3  6  9  0  2  63 55 41 62 59 57 58 60 64 61 17 14 43 15 11 12 18 10 19 13 56 53 72 7  16 35 39 37 34 32 33 44 38 30 36 46 52 76 45 48 51 47 49 54 50 21 22 24 40 23 28 25 20 29 27 26 31 
74 71 65 66 70 69 75 68 67 72 3  6  2  42 9  8  5  0  4  7  64 57 61 59 55 60 41 58 62 56 19 12 13 11 14 10 43 18 15 16 63 46 73 1  17 33 37 34 30 35 44 36 39 32 31 54 51 50 48 52 49 76 47 45 53 28 25 20 26 40 29 23 22 27 24 21 38 
65 67 69 74 68 72 71 66 70 73 8  5  7  2  0  42 3  4  6  1  62 60 56 55 57 58 61 41 59 63 15 10 16 14 12 18 13 43 11 17 64 54 75 9  19 44 34 30 32 33 36 31 37 35 38 45 49 53 52 51 47 50 76 48 46 29 23 22 21 26 27 40 25 24 20 28 39 
71 65 67 75 72 70 74 73 69 68 9  7  6  4  8  0  1  42 2  5  58 63 55 61 56 64 59 62 41 57 18 17 14 13 16 19 11 15 43 12 60 49 66 3  10 37 44 36 31 39 34 30 33 38 32 47 46 52 50 53 54 48 45 76 51 25 29 21 20 24 23 27 28 40 26 22 35 
68 73 66 70 71 74 72 67 75 65 6  0  8  3  7  5  4  1  9  42 56 59 58 64 62 55 60 57 63 41 16 11 18 19 15 14 10 12 17 43 61 50 69 2  13 32 38 39 37 30 35 33 31 34 44 53 48 47 54 45 52 49 51 46 76 26 20 27 23 25 21 22 24 28 29 40 36 
69 70 72 65 66 73 67 74 68 75 42 3  1  7  4  2  8  6  5  9  59 58 63 57 60 41 56 61 55 64 11 18 17 12 10 43 16 13 14 19 62 45 71 0  15 36 30 32 35 44 31 38 34 33 39 48 47 46 51 49 76 53 50 52 54 27 40 25 28 21 24 26 23 20 22 29 37 
6  7  5  4  9  3  2  0  1  8  11 19 10 12 13 14 15 16 17 18 26 27 25 28 29 24 22 20 21 23 36 37 35 38 39 34 32 30 31 33 76 44 40 65 42 52 53 46 54 48 51 49 50 45 47 61 62 60 63 64 59 57 55 56 58 41 67 75 66 68 69 70 71 72 73 74 43 
8  0  42 3  6  2  9  5  4  7  10 14 13 43 19 18 12 15 11 16 29 22 26 24 20 25 40 23 27 21 39 32 36 34 30 35 44 33 37 31 28 63 1  17 38 47 45 48 52 49 76 50 54 51 53 64 57 61 59 55 60 41 58 62 56 73 66 70 69 65 75 74 68 71 67 72 46 
3  9  8  5  4  42 1  6  0  2  12 11 43 18 17 10 14 19 15 13 28 20 40 27 24 22 23 25 29 26 38 30 44 37 34 32 33 35 39 36 21 56 7  16 31 49 54 45 48 51 47 76 46 52 50 63 55 41 62 59 57 58 60 64 61 72 68 67 65 74 73 66 70 75 71 69 53 
4  2  6  0  1  5  42 9  7  3  15 17 12 14 43 11 19 13 16 10 40 29 22 21 28 27 20 24 26 25 44 39 32 31 38 37 30 34 36 35 23 58 8  18 33 48 50 53 46 45 52 51 76 54 49 41 64 57 56 63 62 55 59 61 60 74 71 73 68 70 65 67 75 69 72 66 47 
42 4  2  8  5  7  0  3  6  1  18 12 16 13 15 43 10 11 14 17 27 25 21 20 22 23 26 40 24 28 37 35 31 30 32 33 36 44 34 38 29 64 9  19 39 76 48 52 51 47 50 53 45 49 46 62 60 56 55 57 58 61 41 59 63 75 74 68 72 69 71 65 66 67 70 73 54 
7  5  1  2  8  9  6  42 3  0  13 18 19 17 14 16 43 12 10 15 20 40 29 25 23 26 28 21 22 27 30 44 39 35 33 36 38 31 32 37 24 59 4  11 34 53 51 49 47 50 46 54 52 76 45 55 41 64 60 58 61 63 56 57 62 67 69 74 75 73 70 72 65 68 66 71 48 
0  42 4  9  7  6  8  1  2  5  19 16 14 11 18 15 17 43 13 12 23 28 20 26 21 29 24 27 40 22 33 38 30 36 31 39 34 37 44 32 25 60 3  10 35 45 76 50 53 54 48 52 47 46 51 58 63 55 61 56 64 59 62 41 57 66 75 72 70 67 74 71 73 65 69 68 49 
9  8  0  1  2  4  3  7  42 6  17 13 11 15 10 19 16 18 43 14 25 21 24 40 26 28 27 29 23 20 35 31 34 44 36 38 37 39 33 30 22 57 5  12 32 54 47 76 50 46 45 48 49 53 52 60 56 59 41 61 63 62 64 58 55 68 73 69 67 71 66 75 72 74 65 70 51 
5  1  3  6  0  8  7  4  9  42 14 15 18 10 16 12 11 17 19 43 21 24 23 29 27 20 25 22 28 40 31 34 33 39 37 30 35 32 38 44 26 61 2  13 36 51 46 54 45 52 49 47 53 48 76 56 59 58 64 62 55 60 57 63 41 69 70 71 74 66 72 68 67 73 75 65 50 
1  3  9  7  42 0  5  2  8  4  16 43 15 19 12 17 13 10 18 11 22 26 27 23 40 21 29 28 25 24 32 36 37 33 44 31 39 38 35 34 20 55 6  14 30 46 49 47 76 53 54 45 51 50 48 57 61 62 58 41 56 64 63 60 59 70 72 65 71 75 68 73 69 66 74 67 52 
2  6  7  42 3  1  4  8  5  9  43 10 17 16 11 13 18 14 12 19 24 23 28 22 25 40 21 26 20 29 34 33 38 32 35 44 31 36 30 39 27 62 0  15 37 50 52 51 49 76 53 46 48 47 54 59 58 63 57 60 41 56 61 55 64 71 65 66 73 72 67 69 74 70 68 75 45 
30 31 32 34 39 35 36 37 38 33 48 54 49 51 50 52 45 53 46 47 2  0  3  1  9  4  5  6  7  8  61 62 60 63 64 59 57 55 56 58 40 41 42 43 44 20 21 28 29 24 22 25 26 27 23 69 71 66 73 75 67 68 70 72 74 65 11 19 10 12 13 14 15 16 17 18 76 
