74 72 69 71 75 68 76 66 73 67 10 17 16 11 15 13 19 61 12 14 40 47 46 41 45 43 49 64 42 44 00 06 05 01 04 09 08 65 02 03 50 57 56 51 55 52 59 60 53 54 30 37 31 36 35 33 39 63 32 34 38 18 48 07 58 70 26 27 24 29 22 23 62 25 20 21 28 
76 67 68 66 70 71 69 75 74 73 61 11 19 14 12 18 15 16 13 10 64 41 49 44 42 48 45 46 43 40 65 01 08 03 02 07 04 05 09 00 60 51 59 54 53 58 55 56 52 50 63 31 34 39 32 38 35 36 33 30 37 17 47 06 57 72 29 21 20 25 23 28 26 22 62 24 27 
68 74 66 70 67 75 71 72 69 76 19 10 12 61 18 11 13 15 17 16 49 40 42 64 48 41 43 45 47 46 08 00 02 65 07 01 09 04 06 05 59 50 53 60 58 51 52 55 57 56 39 30 63 32 38 31 33 35 37 36 34 14 44 03 54 73 22 20 26 23 27 21 25 28 29 62 24 
75 68 72 73 76 67 70 74 66 71 13 19 17 15 14 61 11 18 10 12 43 49 47 45 44 64 41 48 40 42 09 08 06 04 03 65 01 07 00 02 52 59 57 55 54 60 51 58 50 53 33 39 35 37 34 63 31 38 30 32 36 16 46 05 56 69 27 29 22 21 20 62 28 24 23 25 26 
67 75 74 69 71 76 73 68 72 70 11 13 10 18 16 15 61 14 19 17 41 43 40 48 46 45 64 44 49 47 01 09 00 07 05 04 65 03 08 06 51 52 50 58 56 55 60 54 59 57 31 33 38 30 36 35 63 34 39 37 32 12 42 02 53 66 20 23 27 62 29 25 24 26 21 28 22 
73 70 76 68 66 69 74 71 67 72 14 18 61 17 19 12 16 10 15 11 44 48 64 47 49 42 46 40 45 41 03 07 65 06 08 02 05 00 04 01 54 58 60 57 59 53 56 50 55 51 34 38 37 63 39 32 36 30 35 31 33 13 43 09 52 75 62 28 21 26 25 22 20 29 24 27 23 
70 71 67 74 69 73 72 76 75 66 18 15 11 12 10 16 14 17 61 13 48 45 41 42 40 46 44 47 64 43 07 04 01 02 00 05 03 06 65 09 58 55 51 53 50 56 54 57 60 52 38 35 32 31 30 36 34 37 63 33 39 19 49 08 59 68 21 25 23 24 62 26 27 20 28 22 29 
69 73 71 75 72 66 68 70 76 74 16 14 15 10 13 17 12 19 18 61 46 44 45 40 43 47 42 49 48 64 05 03 04 00 09 06 02 08 07 65 56 54 55 50 52 57 53 59 58 60 36 34 30 35 33 37 32 39 38 63 31 11 41 01 51 67 25 24 62 22 28 27 29 23 26 20 21 
71 76 75 72 73 70 66 67 68 69 15 61 13 16 17 14 18 12 11 19 45 64 43 46 47 44 48 42 41 49 04 65 09 05 06 03 07 02 01 08 55 60 52 56 57 54 58 53 51 59 35 63 36 33 37 34 38 32 31 39 30 10 40 00 50 74 23 62 29 28 21 24 22 27 25 26 20 
72 66 73 76 68 74 67 69 70 75 17 12 14 13 61 19 10 11 16 18 47 42 44 43 64 49 40 41 46 48 06 02 03 09 65 08 00 01 05 07 57 53 54 52 60 59 50 51 56 58 37 32 33 34 63 39 30 31 36 38 35 15 45 04 55 71 24 22 28 20 26 29 21 62 27 23 25 
40 47 46 45 43 49 64 42 44 41 74 72 69 67 71 75 68 76 66 73 20 27 26 21 25 23 29 62 22 24 50 57 56 51 55 52 59 60 53 54 10 17 16 11 15 13 19 61 12 14 00 06 01 05 04 09 08 65 02 03 07 70 28 58 18 48 36 37 34 39 32 33 63 35 30 31 38 
64 41 49 42 48 45 46 43 40 44 76 67 68 73 66 70 71 69 75 74 62 21 29 24 22 28 25 26 23 20 60 51 59 54 53 58 55 56 52 50 61 11 19 14 12 18 15 16 13 10 65 01 03 08 02 07 04 05 09 00 06 72 27 57 17 47 39 31 30 35 33 38 36 32 63 34 37 
49 40 42 48 41 43 45 47 46 64 68 74 66 76 70 67 75 71 72 69 29 20 22 62 28 21 23 25 27 26 59 50 53 60 58 51 52 55 57 56 19 10 12 61 18 11 13 15 17 16 08 00 65 02 07 01 09 04 06 05 03 73 24 54 14 44 32 30 36 33 37 31 35 38 39 63 34 
47 42 44 64 49 40 41 46 48 43 72 66 73 75 76 68 74 67 69 70 27 22 24 23 62 29 20 21 26 28 57 53 54 52 60 59 50 51 56 58 17 12 14 13 61 19 10 11 16 18 06 02 09 03 65 08 00 01 05 07 04 71 25 55 15 45 34 32 38 30 36 39 31 63 37 33 35 
43 49 47 44 64 41 48 40 42 45 75 68 72 71 73 76 67 70 74 66 23 29 27 25 24 62 21 28 20 22 52 59 57 55 54 60 51 58 50 53 13 19 17 15 14 61 11 18 10 12 09 08 04 06 03 65 01 07 00 02 05 69 26 56 16 46 37 39 32 31 30 63 38 34 33 35 36 
41 43 40 46 45 64 44 49 47 48 67 75 74 70 69 71 76 73 68 72 21 23 20 28 26 25 62 24 29 27 51 52 50 58 56 55 60 54 59 57 11 13 10 18 16 15 61 14 19 17 01 09 07 00 05 04 65 03 08 06 02 66 22 53 12 42 30 33 37 63 39 35 34 36 31 38 32 
44 48 64 49 42 46 40 45 41 47 73 70 76 72 68 66 69 74 71 67 24 28 62 27 29 22 26 20 25 21 54 58 60 57 59 53 56 50 55 51 14 18 61 17 19 12 16 10 15 11 03 07 06 65 08 02 05 00 04 01 09 75 23 52 13 43 63 38 31 36 35 32 30 39 34 37 33 
48 45 41 40 46 44 47 64 43 42 70 71 67 66 74 69 73 72 76 75 28 25 21 22 20 26 24 27 62 23 58 55 51 53 50 56 54 57 60 52 18 15 11 12 10 16 14 17 61 13 07 04 02 01 00 05 03 06 65 09 08 68 29 59 19 49 31 35 33 34 63 36 37 30 38 32 39 
46 44 45 43 47 42 49 48 64 40 69 73 71 74 75 72 66 68 70 76 26 24 25 20 23 27 22 29 28 62 56 54 55 50 52 57 53 59 58 60 16 14 15 10 13 17 12 19 18 61 05 03 00 04 09 06 02 08 07 65 01 67 21 51 11 41 35 34 63 32 38 37 39 33 36 30 31 
45 64 43 47 44 48 42 41 49 46 71 76 75 69 72 73 70 66 67 68 25 62 23 26 27 24 28 22 21 29 55 60 52 56 57 54 58 53 51 59 15 61 13 16 17 14 18 12 11 19 04 65 05 09 06 03 07 02 01 08 00 74 20 50 10 40 33 63 39 38 31 34 32 37 35 36 30 
10 17 16 15 13 19 61 12 14 11 50 57 56 51 55 52 59 60 53 54 74 72 69 67 71 75 68 76 66 73 30 37 36 31 35 33 39 63 32 34 00 06 05 01 04 09 08 65 02 03 20 27 21 26 25 23 29 62 22 24 28 58 70 38 07 18 46 47 44 49 42 43 64 45 40 41 48 
61 11 19 12 18 15 16 13 10 14 60 51 59 54 53 58 55 56 52 50 76 67 68 73 66 70 71 69 75 74 63 31 39 34 32 38 35 36 33 30 65 01 08 03 02 07 04 05 09 00 62 21 24 29 22 28 25 26 23 20 27 57 72 37 06 17 49 41 40 45 43 48 46 42 64 44 47 
19 10 12 18 11 13 15 17 16 61 59 50 53 60 58 51 52 55 57 56 68 74 66 76 70 67 75 71 72 69 39 30 32 63 38 31 33 35 37 36 08 00 02 65 07 01 09 04 06 05 29 20 62 22 28 21 23 25 27 26 24 54 73 34 03 14 42 40 46 43 47 41 45 48 49 64 44 
17 12 14 61 19 10 11 16 18 13 57 53 54 52 60 59 50 51 56 58 72 66 73 75 76 68 74 67 69 70 37 32 34 33 63 39 30 31 36 38 06 02 03 09 65 08 00 01 05 07 27 22 23 24 62 29 20 21 26 28 25 55 71 35 04 15 44 42 48 40 46 49 41 64 47 43 45 
13 19 17 14 61 11 18 10 12 15 52 59 57 55 54 60 51 58 50 53 75 68 72 71 73 76 67 70 74 66 33 39 37 35 34 63 31 38 30 32 09 08 06 04 03 65 01 07 00 02 23 29 25 27 24 62 21 28 20 22 26 56 69 36 05 16 47 49 42 41 40 64 48 44 43 45 46 
11 13 10 16 15 61 14 19 17 18 51 52 50 58 56 55 60 54 59 57 67 75 74 70 69 71 76 73 68 72 31 33 30 38 36 35 63 34 39 37 01 09 00 07 05 04 65 03 08 06 21 23 28 20 26 25 62 24 29 27 22 53 66 32 02 12 40 43 47 64 49 45 44 46 41 48 42 
14 18 61 19 12 16 10 15 11 17 54 58 60 57 59 53 56 50 55 51 73 70 76 72 68 66 69 74 71 67 34 38 63 37 39 32 36 30 35 31 03 07 65 06 08 02 05 00 04 01 24 28 27 62 29 22 26 20 25 21 23 52 75 33 09 13 64 48 41 46 45 42 40 49 44 47 43 
18 15 11 10 16 14 17 61 13 12 58 55 51 53 50 56 54 57 60 52 70 71 67 66 74 69 73 72 76 75 38 35 31 32 30 36 34 37 63 33 07 04 01 02 00 05 03 06 65 09 28 25 22 21 20 26 24 27 62 23 29 59 68 39 08 19 41 45 43 44 64 46 47 40 48 42 49 
16 14 15 13 17 12 19 18 61 10 56 54 55 50 52 57 53 59 58 60 69 73 71 74 75 72 66 68 70 76 36 34 35 30 33 37 32 39 38 63 05 03 04 00 09 06 02 08 07 65 26 24 20 25 23 27 22 29 28 62 21 51 67 31 01 11 45 44 64 42 48 47 49 43 46 40 41 
15 61 13 17 14 18 12 11 19 16 55 60 52 56 57 54 58 53 51 59 71 76 75 69 72 73 70 66 67 68 35 63 33 36 37 34 38 32 31 39 04 65 09 05 06 03 07 02 01 08 25 62 26 23 27 24 28 22 21 29 20 50 74 30 00 10 43 64 49 48 41 44 42 47 45 46 40 
30 37 36 35 33 39 63 32 34 31 20 27 26 21 25 23 29 62 22 24 00 06 05 01 04 09 08 65 02 03 74 72 69 67 71 75 68 76 66 73 40 47 46 41 45 43 49 64 42 44 10 17 11 16 15 13 19 61 12 14 18 28 07 70 48 38 56 57 54 59 53 52 60 55 50 51 58 
63 31 39 32 38 35 36 33 30 34 62 21 29 24 22 28 25 26 23 20 65 01 08 03 02 07 04 05 09 00 76 67 68 73 66 70 71 69 75 74 64 41 49 44 42 48 45 46 43 40 61 11 14 19 12 18 15 16 13 10 17 27 06 72 47 37 59 51 50 55 52 58 56 53 60 54 57 
39 30 32 38 31 33 35 37 36 63 29 20 22 62 28 21 23 25 27 26 08 00 02 65 07 01 09 04 06 05 68 74 66 76 70 67 75 71 72 69 49 40 42 64 48 41 43 45 47 46 19 10 61 12 18 11 13 15 17 16 14 24 03 73 44 34 53 50 56 52 57 51 55 58 59 60 54 
37 32 34 63 39 30 31 36 38 33 27 22 24 23 62 29 20 21 26 28 06 02 03 09 65 08 00 01 05 07 72 66 73 75 76 68 74 67 69 70 47 42 44 43 64 49 40 41 46 48 17 12 13 14 61 19 10 11 16 18 15 25 04 71 45 35 54 53 58 50 56 59 51 60 57 52 55 
33 39 37 34 63 31 38 30 32 35 23 29 27 25 24 62 21 28 20 22 09 08 06 04 03 65 01 07 00 02 75 68 72 71 73 76 67 70 74 66 43 49 47 45 44 64 41 48 40 42 13 19 15 17 14 61 11 18 10 12 16 26 05 69 46 36 57 59 53 51 50 60 58 54 52 55 56 
31 33 30 36 35 63 34 39 37 38 21 23 20 28 26 25 62 24 29 27 01 09 00 07 05 04 65 03 08 06 67 75 74 70 69 71 76 73 68 72 41 43 40 48 46 45 64 44 49 47 11 13 18 10 16 15 61 14 19 17 12 22 02 66 42 32 50 52 57 60 59 55 54 56 51 58 53 
34 38 63 39 32 36 30 35 31 37 24 28 62 27 29 22 26 20 25 21 03 07 65 06 08 02 05 00 04 01 73 70 76 72 68 66 69 74 71 67 44 48 64 47 49 42 46 40 45 41 14 18 17 61 19 12 16 10 15 11 13 23 09 75 43 33 60 58 51 56 55 53 50 59 54 57 52 
38 35 31 30 36 34 37 63 33 32 28 25 21 22 20 26 24 27 62 23 07 04 01 02 00 05 03 06 65 09 70 71 67 66 74 69 73 72 76 75 48 45 41 42 40 46 44 47 64 43 18 15 12 11 10 16 14 17 61 13 19 29 08 68 49 39 51 55 52 54 60 56 57 50 58 53 59 
36 34 35 33 37 32 39 38 63 30 26 24 25 20 23 27 22 29 28 62 05 03 04 00 09 06 02 08 07 65 69 73 71 74 75 72 66 68 70 76 46 44 45 40 43 47 42 49 48 64 16 14 10 15 13 17 12 19 18 61 11 21 01 67 41 31 55 54 60 53 58 57 59 52 56 50 51 
35 63 33 37 34 38 32 31 39 36 25 62 23 26 27 24 28 22 21 29 04 65 09 05 06 03 07 02 01 08 71 76 75 69 72 73 70 66 67 68 45 64 43 46 47 44 48 42 41 49 15 61 16 13 17 14 18 12 11 19 10 20 00 74 40 30 52 60 59 58 51 54 53 57 55 56 50 
20 27 26 25 23 29 62 22 24 21 40 47 46 41 45 43 49 64 42 44 30 37 36 31 35 33 39 63 32 34 10 17 16 11 15 13 19 61 12 14 74 72 69 67 71 75 68 76 66 73 50 57 51 56 55 52 59 60 53 54 58 48 38 18 70 28 05 06 03 08 02 09 65 04 00 01 07 
62 21 29 22 28 25 26 23 20 24 64 41 49 44 42 48 45 46 43 40 63 31 39 34 32 38 35 36 33 30 61 11 19 14 12 18 15 16 13 10 76 67 68 73 66 70 71 69 75 74 60 51 54 59 53 58 55 56 52 50 57 47 37 17 72 27 08 01 00 04 09 07 05 02 65 03 06 
29 20 22 28 21 23 25 27 26 62 49 40 42 64 48 41 43 45 47 46 39 30 32 63 38 31 33 35 37 36 19 10 12 61 18 11 13 15 17 16 68 74 66 76 70 67 75 71 72 69 59 50 60 53 58 51 52 55 57 56 54 44 34 14 73 24 02 00 05 09 06 01 04 07 08 65 03 
27 22 24 62 29 20 21 26 28 23 47 42 44 43 64 49 40 41 46 48 37 32 34 33 63 39 30 31 36 38 17 12 14 13 61 19 10 11 16 18 72 66 73 75 76 68 74 67 69 70 57 53 52 54 60 59 50 51 56 58 55 45 35 15 71 25 03 02 07 00 05 08 01 65 06 09 04 
23 29 27 24 62 21 28 20 22 25 43 49 47 45 44 64 41 48 40 42 33 39 37 35 34 63 31 38 30 32 13 19 17 15 14 61 11 18 10 12 75 68 72 71 73 76 67 70 74 66 52 59 55 57 54 60 51 58 50 53 56 46 36 16 69 26 06 08 02 01 00 65 07 03 09 04 05 
21 23 20 26 25 62 24 29 27 28 41 43 40 48 46 45 64 44 49 47 31 33 30 38 36 35 63 34 39 37 11 13 10 18 16 15 61 14 19 17 67 75 74 70 69 71 76 73 68 72 51 52 58 50 56 55 60 54 59 57 53 42 32 12 66 22 00 09 06 65 08 04 03 05 01 07 02 
24 28 62 29 22 26 20 25 21 27 44 48 64 47 49 42 46 40 45 41 34 38 63 37 39 32 36 30 35 31 14 18 61 17 19 12 16 10 15 11 73 70 76 72 68 66 69 74 71 67 54 58 57 60 59 53 56 50 55 51 52 43 33 13 75 23 65 07 01 05 04 02 00 08 03 06 09 
28 25 21 20 26 24 27 62 23 22 48 45 41 42 40 46 44 47 64 43 38 35 31 32 30 36 34 37 63 33 18 15 11 12 10 16 14 17 61 13 70 71 67 66 74 69 73 72 76 75 58 55 53 51 50 56 54 57 60 52 59 49 39 19 68 29 01 04 09 03 65 05 06 00 07 02 08 
26 24 25 23 27 22 29 28 62 20 46 44 45 40 43 47 42 49 48 64 36 34 35 30 33 37 32 39 38 63 16 14 15 10 13 17 12 19 18 61 69 73 71 74 75 72 66 68 70 76 56 54 50 55 52 57 53 59 58 60 51 41 31 11 67 21 04 03 65 02 07 06 08 09 05 00 01 
25 62 23 27 24 28 22 21 29 26 45 64 43 46 47 44 48 42 41 49 35 63 33 36 37 34 38 32 31 39 15 61 13 16 17 14 18 12 11 19 71 76 75 69 72 73 70 66 67 68 55 60 56 52 57 54 58 53 51 59 50 40 30 10 74 20 09 65 08 07 01 03 02 06 04 05 00 
00 06 05 04 09 08 65 02 03 01 30 37 36 31 35 33 39 63 32 34 50 57 56 51 55 52 59 60 53 54 40 47 46 41 45 43 49 64 42 44 20 27 26 21 25 23 29 62 22 24 74 72 67 69 71 75 68 76 66 73 70 38 58 48 28 07 16 17 14 19 12 13 61 15 10 11 18 
65 01 08 02 07 04 05 09 00 03 63 31 39 34 32 38 35 36 33 30 60 51 59 54 53 58 55 56 52 50 64 41 49 44 42 48 45 46 43 40 62 21 29 24 22 28 25 26 23 20 76 67 73 68 66 70 71 69 75 74 72 37 57 47 27 06 19 11 10 15 13 18 16 12 61 14 17 
06 02 03 65 08 00 01 05 07 09 37 32 34 33 63 39 30 31 36 38 57 53 54 52 60 59 50 51 56 58 47 42 44 43 64 49 40 41 46 48 27 22 24 23 62 29 20 21 26 28 72 66 75 73 76 68 74 67 69 70 71 35 55 45 25 04 14 12 18 10 16 19 11 61 17 13 15 
08 00 02 07 01 09 04 06 05 65 39 30 32 63 38 31 33 35 37 36 59 50 53 60 58 51 52 55 57 56 49 40 42 64 48 41 43 45 47 46 29 20 22 62 28 21 23 25 27 26 68 74 76 66 70 67 75 71 72 69 73 34 54 44 24 03 12 10 16 13 17 11 15 18 19 61 14 
09 08 06 03 65 01 07 00 02 04 33 39 37 35 34 63 31 38 30 32 52 59 57 55 54 60 51 58 50 53 43 49 47 45 44 64 41 48 40 42 23 29 27 25 24 62 21 28 20 22 75 68 71 72 73 76 67 70 74 66 69 36 56 46 26 05 17 19 12 11 10 61 18 14 13 15 16 
01 09 00 05 04 65 03 08 06 07 31 33 30 38 36 35 63 34 39 37 51 52 50 58 56 55 60 54 59 57 41 43 40 48 46 45 64 44 49 47 21 23 20 28 26 25 62 24 29 27 67 75 70 74 69 71 76 73 68 72 66 32 53 42 22 02 10 13 17 61 19 15 14 16 11 18 12 
03 07 65 08 02 05 00 04 01 06 34 38 63 37 39 32 36 30 35 31 54 58 60 57 59 53 56 50 55 51 44 48 64 47 49 42 46 40 45 41 24 28 62 27 29 22 26 20 25 21 73 70 72 76 68 66 69 74 71 67 75 33 52 43 23 09 61 18 11 16 15 12 10 19 14 17 13 
07 04 01 00 05 03 06 65 09 02 38 35 31 32 30 36 34 37 63 33 58 55 51 53 50 56 54 57 60 52 48 45 41 42 40 46 44 47 64 43 28 25 21 22 20 26 24 27 62 23 70 71 66 67 74 69 73 72 76 75 68 39 59 49 29 08 11 15 13 14 61 16 17 10 18 12 19 
05 03 04 09 06 02 08 07 65 00 36 34 35 30 33 37 32 39 38 63 56 54 55 50 52 57 53 59 58 60 46 44 45 40 43 47 42 49 48 64 26 24 25 20 23 27 22 29 28 62 69 73 74 71 75 72 66 68 70 76 67 31 51 41 21 01 15 14 61 12 18 17 19 13 16 10 11 
04 65 09 06 03 07 02 01 08 05 35 63 33 36 37 34 38 32 31 39 55 60 52 56 57 54 58 53 51 59 45 64 43 46 47 44 48 42 41 49 25 62 23 26 27 24 28 22 21 29 71 76 69 75 72 73 70 66 67 68 74 30 50 40 20 00 13 61 19 18 11 14 12 17 15 16 10 
02 05 07 01 00 06 09 03 04 08 32 36 38 39 31 30 37 33 34 35 53 56 58 59 51 50 57 52 54 55 42 46 48 49 41 40 47 43 44 45 22 26 28 29 21 20 27 23 24 25 66 69 68 70 67 74 72 75 73 71 76 63 60 64 62 65 18 16 15 17 14 10 13 11 12 19 61 
42 46 48 41 40 47 43 44 45 49 66 69 70 68 67 74 72 75 73 71 22 26 28 29 21 20 27 23 24 25 53 56 58 59 51 50 57 52 54 55 12 16 18 19 11 10 17 13 14 15 02 05 08 07 01 00 06 09 03 04 65 76 62 60 61 64 38 36 35 37 34 30 33 31 32 39 63 
12 16 18 11 10 17 13 14 15 19 53 56 58 59 51 50 57 52 54 55 66 69 70 68 67 74 72 75 73 71 32 36 38 39 31 30 37 33 34 35 02 05 07 08 01 00 06 09 03 04 22 26 29 28 21 20 27 23 24 25 62 60 76 63 65 61 48 46 45 47 44 40 43 41 42 49 64 
32 36 38 31 30 37 33 34 35 39 22 26 28 29 21 20 27 23 24 25 02 05 07 08 01 00 06 09 03 04 66 69 70 68 67 74 72 75 73 71 42 46 48 49 41 40 47 43 44 45 12 16 19 18 11 10 17 13 14 15 61 62 65 76 64 63 58 56 55 57 54 50 52 51 53 59 60 
22 26 28 21 20 27 23 24 25 29 42 46 48 49 41 40 47 43 44 45 32 36 38 39 31 30 37 33 34 35 12 16 18 19 11 10 17 13 14 15 66 69 70 68 67 74 72 75 73 71 53 56 59 58 51 50 57 52 54 55 60 64 63 61 76 62 07 05 04 06 03 00 09 01 02 08 65 
66 69 70 67 74 72 75 73 71 68 12 16 18 19 11 10 17 13 14 15 42 46 48 49 41 40 47 43 44 45 02 05 07 08 01 00 06 09 03 04 53 56 58 59 51 50 57 52 54 55 32 36 39 38 31 30 37 33 34 35 63 61 64 65 60 76 28 26 25 27 24 20 23 21 22 29 62 
59 50 53 58 51 52 55 57 56 60 08 00 02 65 07 01 09 04 06 05 19 10 12 61 18 11 13 15 17 16 29 20 22 62 28 21 23 25 27 26 39 30 32 63 38 31 33 35 37 36 49 40 64 42 48 41 43 45 47 46 44 03 14 24 34 54 66 69 76 73 67 68 74 71 75 70 72 
60 51 59 53 58 55 56 52 50 54 65 01 08 03 02 07 04 05 09 00 61 11 19 14 12 18 15 16 13 10 62 21 29 24 22 28 25 26 23 20 63 31 39 34 32 38 35 36 33 30 64 41 44 49 42 48 45 46 43 40 47 06 17 27 37 57 76 67 72 75 66 73 70 74 69 68 71 
55 60 52 57 54 58 53 51 59 56 04 65 09 05 06 03 07 02 01 08 15 61 13 16 17 14 18 12 11 19 25 62 23 26 27 24 28 22 21 29 35 63 33 36 37 34 38 32 31 39 45 64 46 43 47 44 48 42 41 49 40 00 10 20 30 50 70 71 68 76 74 66 69 75 72 67 73 
54 58 60 59 53 56 50 55 51 57 03 07 65 06 08 02 05 00 04 01 14 18 61 17 19 12 16 10 15 11 24 28 62 27 29 22 26 20 25 21 34 38 63 37 39 32 36 30 35 31 44 48 47 64 49 42 46 40 45 41 43 09 13 23 33 52 72 66 71 69 76 75 68 70 67 73 74 
56 54 55 52 57 53 59 58 60 50 05 03 04 00 09 06 02 08 07 65 16 14 15 10 13 17 12 19 18 61 26 24 25 20 23 27 22 29 28 62 36 34 35 30 33 37 32 39 38 63 46 44 40 45 43 47 42 49 48 64 41 01 11 21 31 51 68 74 73 72 70 76 67 69 71 66 75 
51 52 50 56 55 60 54 59 57 58 01 09 00 07 05 04 65 03 08 06 11 13 10 18 16 15 61 14 19 17 21 23 20 28 26 25 62 24 29 27 31 33 30 38 36 35 63 34 39 37 41 43 48 40 46 45 64 44 49 47 42 02 12 22 32 53 75 68 69 74 73 71 76 66 70 72 67 
58 55 51 50 56 54 57 60 52 53 07 04 01 02 00 05 03 06 65 09 18 15 11 12 10 16 14 17 61 13 28 25 21 22 20 26 24 27 62 23 38 35 31 32 30 36 34 37 63 33 48 45 42 41 40 46 44 47 64 43 49 08 19 29 39 59 69 73 67 70 75 74 72 76 68 71 66 
52 59 57 54 60 51 58 50 53 55 09 08 06 04 03 65 01 07 00 02 13 19 17 15 14 61 11 18 10 12 23 29 27 25 24 62 21 28 20 22 33 39 37 35 34 63 31 38 30 32 43 49 45 47 44 64 41 48 40 42 46 05 16 26 36 56 74 72 70 66 71 67 75 73 76 69 68 
50 57 56 55 52 59 60 53 54 51 00 06 05 01 04 09 08 65 02 03 10 17 16 11 15 13 19 61 12 14 20 27 26 21 25 23 29 62 22 24 30 37 36 31 35 33 39 63 32 34 40 47 41 46 45 43 49 64 42 44 48 07 18 28 38 58 73 70 75 71 68 72 66 67 74 76 69 
57 53 54 60 59 50 51 56 58 52 06 02 03 09 65 08 00 01 05 07 17 12 14 13 61 19 10 11 16 18 27 22 24 23 62 29 20 21 26 28 37 32 34 33 63 39 30 31 36 38 47 42 43 44 64 49 40 41 46 48 45 04 15 25 35 55 71 76 74 67 72 69 73 68 66 75 70 
53 56 58 51 50 57 52 54 55 59 02 05 07 08 01 00 06 09 03 04 12 16 18 19 11 10 17 13 14 15 22 26 28 29 21 20 27 23 24 25 32 36 38 39 31 30 37 33 34 35 42 46 49 48 41 40 47 43 44 45 64 65 61 62 63 60 67 75 66 68 69 70 71 72 73 74 76 
