68 74 67 73 66 75 76 69 71 72 10 17 19 12 11 16 14 61 13 15 40 47 49 42 41 46 44 64 43 45 00 06 08 02 01 05 09 65 03 04 50 57 59 53 51 56 52 60 54 55 30 37 31 39 32 36 34 63 33 35 38 18 48 07 58 70 24 25 20 22 23 26 27 29 62 21 28 
76 72 66 67 69 70 73 75 68 71 61 11 16 19 15 13 18 12 14 10 64 41 46 49 45 43 48 42 44 40 65 01 05 08 04 03 07 02 09 00 60 51 56 59 55 54 58 53 52 50 63 31 35 36 39 33 38 32 34 30 37 17 47 06 57 74 28 20 62 29 24 23 21 26 22 25 27 
71 70 73 76 67 69 68 66 72 74 15 18 12 61 17 19 13 10 16 11 45 48 42 64 47 49 43 40 46 41 04 07 02 65 06 08 03 00 05 01 55 58 53 60 57 59 54 50 56 51 35 38 37 32 63 39 33 30 36 31 34 14 44 09 52 75 23 21 25 62 26 29 28 22 20 27 24 
67 68 75 69 70 72 66 74 73 76 19 10 14 13 61 18 11 16 17 12 49 40 44 43 64 48 41 46 47 42 08 00 09 03 65 07 01 05 06 02 59 50 52 54 60 58 51 56 57 53 39 30 63 34 33 38 31 36 37 32 35 15 45 04 55 71 21 22 29 23 27 28 20 24 26 62 25 
75 67 72 74 71 76 70 68 69 66 14 19 11 17 16 15 61 18 10 13 44 49 41 47 46 45 64 48 40 43 09 08 01 06 05 04 65 07 00 03 52 59 51 57 56 55 60 58 50 54 34 39 36 31 37 35 63 38 30 33 32 12 42 02 53 73 62 23 24 27 20 25 29 21 28 26 22 
72 75 76 68 73 66 71 67 74 70 11 14 61 10 18 12 16 15 19 17 41 44 64 40 48 42 46 45 49 47 01 09 65 00 07 02 05 04 08 06 51 52 60 50 58 53 56 55 59 57 31 34 38 63 30 32 36 35 39 37 33 13 43 03 54 69 26 27 21 20 29 22 24 62 25 28 23 
70 66 71 72 68 73 74 76 75 69 18 16 15 11 13 10 12 17 61 14 48 46 45 41 43 40 42 47 64 44 07 05 04 01 03 00 02 06 65 09 58 56 55 51 54 50 53 57 60 52 38 36 33 35 31 30 32 37 63 34 39 19 49 08 59 67 22 24 28 21 62 20 26 25 27 23 29 
73 71 69 66 75 74 67 70 76 68 12 15 13 16 10 14 17 19 18 61 42 45 43 46 40 44 47 49 48 64 02 04 03 05 00 09 06 08 07 65 53 55 54 56 50 52 57 59 58 60 32 35 30 33 36 34 37 39 38 63 31 11 41 01 51 72 27 62 22 26 28 24 25 23 29 20 21 
66 76 70 75 74 71 69 72 67 73 16 61 18 14 12 17 15 13 11 19 46 64 48 44 42 47 45 43 41 49 05 65 07 09 02 06 04 03 01 08 56 60 58 52 53 57 55 54 51 59 36 63 32 38 34 37 35 33 31 39 30 10 40 00 50 68 25 29 26 24 21 27 62 28 23 22 20 
74 69 68 71 76 67 72 73 70 75 17 13 10 15 14 61 19 11 12 18 47 43 40 45 44 64 49 41 42 48 06 03 00 04 09 65 08 01 02 07 57 54 50 55 52 60 59 51 53 58 37 33 34 30 35 63 39 31 32 38 36 16 46 05 56 66 29 28 27 25 22 62 23 20 21 24 26 
40 47 49 42 46 44 64 43 45 41 68 74 67 73 72 66 75 76 69 71 20 27 29 22 21 26 24 62 23 25 50 57 59 53 51 56 52 60 54 55 10 17 19 12 11 16 14 61 13 15 00 06 01 08 02 05 09 65 03 04 07 70 28 58 18 48 34 35 30 32 33 36 37 39 63 31 38 
64 41 46 49 43 48 42 44 40 45 76 72 66 67 71 69 70 73 75 68 62 21 26 29 25 23 28 22 24 20 60 51 56 59 55 54 58 53 52 50 61 11 16 19 15 13 18 12 14 10 65 01 04 05 08 03 07 02 09 00 06 74 27 57 17 47 38 30 63 39 34 33 31 36 32 35 37 
45 48 42 64 49 43 40 46 41 47 71 70 73 76 74 67 69 68 66 72 25 28 22 62 27 29 23 20 26 21 55 58 53 60 57 59 54 50 56 51 15 18 12 61 17 19 13 10 16 11 04 07 06 02 65 08 03 00 05 01 09 75 24 52 14 44 33 31 35 63 36 39 38 32 30 37 34 
49 40 44 43 48 41 46 47 42 64 67 68 75 69 76 70 72 66 74 73 29 20 24 23 62 28 21 26 27 22 59 50 52 54 60 58 51 56 57 53 19 10 14 13 61 18 11 16 17 12 08 00 65 09 03 07 01 05 06 02 04 71 25 55 15 45 31 32 39 33 37 38 30 34 36 63 35 
47 43 40 45 64 49 41 42 48 44 74 69 68 71 75 76 67 72 73 70 27 23 20 25 24 62 29 21 22 28 57 54 50 55 52 60 59 51 53 58 17 13 10 15 14 61 19 11 12 18 06 03 09 00 04 65 08 01 02 07 05 66 26 56 16 46 39 38 37 35 32 63 33 30 31 34 36 
44 49 41 47 45 64 48 40 43 46 75 67 72 74 66 71 76 70 68 69 24 29 21 27 26 25 62 28 20 23 52 59 51 57 56 55 60 58 50 54 14 19 11 17 16 15 61 18 10 13 09 08 05 01 06 04 65 07 00 03 02 73 22 53 12 42 63 33 34 37 30 35 39 31 38 36 32 
41 44 64 40 42 46 45 49 47 48 72 75 76 68 70 73 66 71 67 74 21 24 62 20 28 22 26 25 29 27 51 52 60 50 58 53 56 55 59 57 11 14 61 10 18 12 16 15 19 17 01 09 07 65 00 02 05 04 08 06 03 69 23 54 13 43 36 37 31 30 39 32 34 63 35 38 33 
48 46 45 41 40 42 47 64 44 43 70 66 71 72 69 68 73 74 76 75 28 26 25 21 23 20 22 27 62 24 58 56 55 51 54 50 53 57 60 52 18 16 15 11 13 10 12 17 61 14 07 05 03 04 01 00 02 06 65 09 08 67 29 59 19 49 32 34 38 31 63 30 36 35 37 33 39 
42 45 43 46 44 47 49 48 64 40 73 71 69 66 68 75 74 67 70 76 22 25 23 26 20 24 27 29 28 62 53 55 54 56 50 52 57 59 58 60 12 15 13 16 10 14 17 19 18 61 02 04 00 03 05 09 06 08 07 65 01 72 21 51 11 41 37 63 32 36 38 34 35 33 39 30 31 
46 64 48 44 47 45 43 41 49 42 66 76 70 75 73 74 71 69 72 67 26 62 28 24 22 27 25 23 21 29 56 60 58 52 53 57 55 54 51 59 16 61 18 14 12 17 15 13 11 19 05 65 02 07 09 06 04 03 01 08 00 68 20 50 10 40 35 39 36 34 31 37 63 38 33 32 30 
10 17 19 12 16 14 61 13 15 11 50 57 59 53 51 56 52 60 54 55 68 74 67 73 72 66 75 76 69 71 30 37 39 32 31 36 34 63 33 35 00 06 08 02 01 05 09 65 03 04 20 27 21 29 22 26 24 62 23 25 28 58 70 38 07 18 44 45 40 42 43 46 47 49 64 41 48 
61 11 16 19 13 18 12 14 10 15 60 51 56 59 55 54 58 53 52 50 76 72 66 67 71 69 70 73 75 68 63 31 36 39 35 33 38 32 34 30 65 01 05 08 04 03 07 02 09 00 62 21 25 26 29 23 28 22 24 20 27 57 74 37 06 17 48 40 64 49 44 43 41 46 42 45 47 
15 18 12 61 19 13 10 16 11 17 55 58 53 60 57 59 54 50 56 51 71 70 73 76 74 67 69 68 66 72 35 38 32 63 37 39 33 30 36 31 04 07 02 65 06 08 03 00 05 01 25 28 27 22 62 29 23 20 26 21 24 52 75 34 09 14 43 41 45 64 46 49 48 42 40 47 44 
19 10 14 13 18 11 16 17 12 61 59 50 52 54 60 58 51 56 57 53 67 68 75 69 76 70 72 66 74 73 39 30 34 33 63 38 31 36 37 32 08 00 09 03 65 07 01 05 06 02 29 20 62 24 23 28 21 26 27 22 25 55 71 35 04 15 41 42 49 43 47 48 40 44 46 64 45 
17 13 10 15 61 19 11 12 18 14 57 54 50 55 52 60 59 51 53 58 74 69 68 71 75 76 67 72 73 70 37 33 30 35 34 63 39 31 32 38 06 03 00 04 09 65 08 01 02 07 27 23 24 20 25 62 29 21 22 28 26 56 66 36 05 16 49 48 47 45 42 64 43 40 41 44 46 
14 19 11 17 15 61 18 10 13 16 52 59 51 57 56 55 60 58 50 54 75 67 72 74 66 71 76 70 68 69 34 39 31 37 36 35 63 38 30 33 09 08 01 06 05 04 65 07 00 03 24 29 26 21 27 25 62 28 20 23 22 53 73 32 02 12 64 43 44 47 40 45 49 41 48 46 42 
11 14 61 10 12 16 15 19 17 18 51 52 60 50 58 53 56 55 59 57 72 75 76 68 70 73 66 71 67 74 31 34 63 30 38 32 36 35 39 37 01 09 65 00 07 02 05 04 08 06 21 24 28 62 20 22 26 25 29 27 23 54 69 33 03 13 46 47 41 40 49 42 44 64 45 48 43 
18 16 15 11 10 12 17 61 14 13 58 56 55 51 54 50 53 57 60 52 70 66 71 72 69 68 73 74 76 75 38 36 35 31 33 30 32 37 63 34 07 05 04 01 03 00 02 06 65 09 28 26 23 25 21 20 22 27 62 24 29 59 67 39 08 19 42 44 48 41 64 40 46 45 47 43 49 
12 15 13 16 14 17 19 18 61 10 53 55 54 56 50 52 57 59 58 60 73 71 69 66 68 75 74 67 70 76 32 35 33 36 30 34 37 39 38 63 02 04 03 05 00 09 06 08 07 65 22 25 20 23 26 24 27 29 28 62 21 51 72 31 01 11 47 64 42 46 48 44 45 43 49 40 41 
16 61 18 14 17 15 13 11 19 12 56 60 58 52 53 57 55 54 51 59 66 76 70 75 73 74 71 69 72 67 36 63 38 34 32 37 35 33 31 39 05 65 07 09 02 06 04 03 01 08 26 62 22 28 24 27 25 23 21 29 20 50 68 30 00 10 45 49 46 44 41 47 64 48 43 42 40 
30 37 39 32 36 34 63 33 35 31 20 27 29 22 21 26 24 62 23 25 00 06 08 02 01 05 09 65 03 04 68 74 67 73 72 66 75 76 69 71 40 47 49 42 41 46 44 64 43 45 10 17 11 19 12 16 14 61 13 15 18 28 07 70 48 38 52 55 50 53 54 56 57 59 60 51 58 
63 31 36 39 33 38 32 34 30 35 62 21 26 29 25 23 28 22 24 20 65 01 05 08 04 03 07 02 09 00 76 72 66 67 71 69 70 73 75 68 64 41 46 49 45 43 48 42 44 40 61 11 15 16 19 13 18 12 14 10 17 27 06 74 47 37 58 50 60 59 52 54 51 56 53 55 57 
35 38 32 63 39 33 30 36 31 37 25 28 22 62 27 29 23 20 26 21 04 07 02 65 06 08 03 00 05 01 71 70 73 76 74 67 69 68 66 72 45 48 42 64 47 49 43 40 46 41 15 18 17 12 61 19 13 10 16 11 14 24 09 75 44 34 54 51 55 60 56 59 58 53 50 57 52 
39 30 34 33 38 31 36 37 32 63 29 20 24 23 62 28 21 26 27 22 08 00 09 03 65 07 01 05 06 02 67 68 75 69 76 70 72 66 74 73 49 40 44 43 64 48 41 46 47 42 19 10 61 14 13 18 11 16 17 12 15 25 04 71 45 35 51 53 59 54 57 58 50 52 56 60 55 
37 33 30 35 63 39 31 32 38 34 27 23 20 25 24 62 29 21 22 28 06 03 00 04 09 65 08 01 02 07 74 69 68 71 75 76 67 72 73 70 47 43 40 45 44 64 49 41 42 48 17 13 14 10 15 61 19 11 12 18 16 26 05 66 46 36 59 58 57 55 53 60 54 50 51 52 56 
34 39 31 37 35 63 38 30 33 36 24 29 21 27 26 25 62 28 20 23 09 08 01 06 05 04 65 07 00 03 75 67 72 74 66 71 76 70 68 69 44 49 41 47 46 45 64 48 40 43 14 19 16 11 17 15 61 18 10 13 12 22 02 73 42 32 60 54 52 57 50 55 59 51 58 56 53 
31 34 63 30 32 36 35 39 37 38 21 24 62 20 28 22 26 25 29 27 01 09 65 00 07 02 05 04 08 06 72 75 76 68 70 73 66 71 67 74 41 44 64 40 48 42 46 45 49 47 11 14 18 61 10 12 16 15 19 17 13 23 03 69 43 33 56 57 51 50 59 53 52 60 55 58 54 
38 36 35 31 30 32 37 63 34 33 28 26 25 21 23 20 22 27 62 24 07 05 04 01 03 00 02 06 65 09 70 66 71 72 69 68 73 74 76 75 48 46 45 41 43 40 42 47 64 44 18 16 13 15 11 10 12 17 61 14 19 29 08 67 49 39 53 52 58 51 60 50 56 55 57 54 59 
32 35 33 36 34 37 39 38 63 30 22 25 23 26 20 24 27 29 28 62 02 04 03 05 00 09 06 08 07 65 73 71 69 66 68 75 74 67 70 76 42 45 43 46 40 44 47 49 48 64 12 15 10 13 16 14 17 19 18 61 11 21 01 72 41 31 57 60 53 56 58 52 55 54 59 50 51 
36 63 38 34 37 35 33 31 39 32 26 62 28 24 22 27 25 23 21 29 05 65 07 09 02 06 04 03 01 08 66 76 70 75 73 74 71 69 72 67 46 64 48 44 42 47 45 43 41 49 16 61 12 18 14 17 15 13 11 19 10 20 00 68 40 30 55 59 56 52 51 57 60 58 54 53 50 
20 27 29 22 26 24 62 23 25 21 40 47 49 42 41 46 44 64 43 45 30 37 39 32 31 36 34 63 33 35 10 17 19 12 11 16 14 61 13 15 68 74 67 73 72 66 75 76 69 71 50 57 51 59 53 56 52 60 54 55 58 48 38 18 70 28 09 04 00 02 03 05 06 08 65 01 07 
62 21 26 29 23 28 22 24 20 25 64 41 46 49 45 43 48 42 44 40 63 31 36 39 35 33 38 32 34 30 61 11 16 19 15 13 18 12 14 10 76 72 66 67 71 69 70 73 75 68 60 51 55 56 59 54 58 53 52 50 57 47 37 17 74 27 07 00 65 08 09 03 01 05 02 04 06 
25 28 22 62 29 23 20 26 21 27 45 48 42 64 47 49 43 40 46 41 35 38 32 63 37 39 33 30 36 31 15 18 12 61 17 19 13 10 16 11 71 70 73 76 74 67 69 68 66 72 55 58 57 53 60 59 54 50 56 51 52 44 34 14 75 24 03 01 04 65 05 08 07 02 00 06 09 
29 20 24 23 28 21 26 27 22 62 49 40 44 43 64 48 41 46 47 42 39 30 34 33 63 38 31 36 37 32 19 10 14 13 61 18 11 16 17 12 67 68 75 69 76 70 72 66 74 73 59 50 60 52 54 58 51 56 57 53 55 45 35 15 71 25 01 02 08 03 06 07 00 09 05 65 04 
27 23 20 25 62 29 21 22 28 24 47 43 40 45 44 64 49 41 42 48 37 33 30 35 34 63 39 31 32 38 17 13 10 15 14 61 19 11 12 18 74 69 68 71 75 76 67 72 73 70 57 54 52 50 55 60 59 51 53 58 56 46 36 16 66 26 08 07 06 04 02 65 03 00 01 09 05 
24 29 21 27 25 62 28 20 23 26 44 49 41 47 46 45 64 48 40 43 34 39 31 37 36 35 63 38 30 33 14 19 11 17 16 15 61 18 10 13 75 67 72 74 66 71 76 70 68 69 52 59 56 51 57 55 60 58 50 54 53 42 32 12 73 22 65 03 09 06 00 04 08 01 07 05 02 
21 24 62 20 22 26 25 29 27 28 41 44 64 40 48 42 46 45 49 47 31 34 63 30 38 32 36 35 39 37 11 14 61 10 18 12 16 15 19 17 72 75 76 68 70 73 66 71 67 74 51 52 58 60 50 53 56 55 59 57 54 43 33 13 69 23 05 06 01 00 08 02 09 65 04 07 03 
28 26 25 21 20 22 27 62 24 23 48 46 45 41 43 40 42 47 64 44 38 36 35 31 33 30 32 37 63 34 18 16 15 11 13 10 12 17 61 14 70 66 71 72 69 68 73 74 76 75 58 56 54 55 51 50 53 57 60 52 59 49 39 19 67 29 02 09 07 01 65 00 05 04 06 03 08 
22 25 23 26 24 27 29 28 62 20 42 45 43 46 40 44 47 49 48 64 32 35 33 36 30 34 37 39 38 63 12 15 13 16 10 14 17 19 18 61 73 71 69 66 68 75 74 67 70 76 53 55 50 54 56 52 57 59 58 60 51 41 31 11 72 21 06 65 02 05 07 09 04 03 08 00 01 
26 62 28 24 27 25 23 21 29 22 46 64 48 44 42 47 45 43 41 49 36 63 38 34 32 37 35 33 31 39 16 61 18 14 12 17 15 13 11 19 66 76 70 75 73 74 71 69 72 67 56 60 53 58 52 57 55 54 51 59 50 40 30 10 68 20 04 08 05 09 01 06 65 07 03 02 00 
00 06 08 02 05 09 65 03 04 01 30 37 39 32 31 36 34 63 33 35 50 57 59 53 51 56 52 60 54 55 40 47 49 42 41 46 44 64 43 45 20 27 29 22 21 26 24 62 23 25 68 74 72 67 73 66 75 76 69 71 70 38 58 48 28 07 14 15 10 12 13 16 17 19 61 11 18 
65 01 05 08 03 07 02 09 00 04 63 31 36 39 35 33 38 32 34 30 60 51 56 59 55 54 58 53 52 50 64 41 46 49 45 43 48 42 44 40 62 21 26 29 25 23 28 22 24 20 76 72 71 66 67 69 70 73 75 68 74 37 57 47 27 06 18 10 61 19 14 13 11 16 12 15 17 
06 03 00 04 65 08 01 02 07 09 37 33 30 35 34 63 39 31 32 38 57 54 50 55 52 60 59 51 53 58 47 43 40 45 44 64 49 41 42 48 27 23 20 25 24 62 29 21 22 28 74 69 75 68 71 76 67 72 73 70 66 36 56 46 26 05 19 18 17 15 12 61 13 10 11 14 16 
04 07 02 65 08 03 00 05 01 06 35 38 32 63 37 39 33 30 36 31 55 58 53 60 57 59 54 50 56 51 45 48 42 64 47 49 43 40 46 41 25 28 22 62 27 29 23 20 26 21 71 70 74 73 76 67 69 68 66 72 75 34 52 44 24 09 13 11 15 61 16 19 18 12 10 17 14 
08 00 09 03 07 01 05 06 02 65 39 30 34 33 63 38 31 36 37 32 59 50 52 54 60 58 51 56 57 53 49 40 44 43 64 48 41 46 47 42 29 20 24 23 62 28 21 26 27 22 67 68 76 75 69 70 72 66 74 73 71 35 55 45 25 04 11 12 19 13 17 18 10 14 16 61 15 
09 08 01 06 04 65 07 00 03 05 34 39 31 37 36 35 63 38 30 33 52 59 51 57 56 55 60 58 50 54 44 49 41 47 46 45 64 48 40 43 24 29 21 27 26 25 62 28 20 23 75 67 66 72 74 71 76 70 68 69 73 32 53 42 22 02 61 13 14 17 10 15 19 11 18 16 12 
01 09 65 00 02 05 04 08 06 07 31 34 63 30 38 32 36 35 39 37 51 52 60 50 58 53 56 55 59 57 41 44 64 40 48 42 46 45 49 47 21 24 62 20 28 22 26 25 29 27 72 75 70 76 68 73 66 71 67 74 69 33 54 43 23 03 16 17 11 10 19 12 14 61 15 18 13 
07 05 04 01 00 02 06 65 09 03 38 36 35 31 33 30 32 37 63 34 58 56 55 51 54 50 53 57 60 52 48 46 45 41 43 40 42 47 64 44 28 26 25 21 23 20 22 27 62 24 70 66 69 71 72 68 73 74 76 75 67 39 59 49 29 08 12 14 18 11 61 10 16 15 17 13 19 
02 04 03 05 09 06 08 07 65 00 32 35 33 36 30 34 37 39 38 63 53 55 54 56 50 52 57 59 58 60 42 45 43 46 40 44 47 49 48 64 22 25 23 26 20 24 27 29 28 62 73 71 68 69 66 75 74 67 70 76 72 31 51 41 21 01 17 61 12 16 18 14 15 13 19 10 11 
05 65 07 09 06 04 03 01 08 02 36 63 38 34 32 37 35 33 31 39 56 60 58 52 53 57 55 54 51 59 46 64 48 44 42 47 45 43 41 49 26 62 28 24 22 27 25 23 21 29 66 76 73 70 75 74 71 69 72 67 68 30 50 40 20 00 15 19 16 14 11 17 61 18 13 12 10 
03 02 06 07 01 00 09 04 05 08 33 32 37 38 39 31 30 34 35 36 54 53 57 58 59 51 50 52 55 56 43 42 47 48 49 41 40 44 45 46 23 22 27 28 29 21 20 24 25 26 69 73 67 74 70 72 68 75 71 66 76 63 60 64 62 65 10 16 13 18 15 11 12 17 14 19 61 
43 42 47 48 41 40 44 45 46 49 69 73 74 70 67 72 68 75 71 66 23 22 27 28 29 21 20 24 25 26 54 53 57 58 59 51 50 52 55 56 13 12 17 18 19 11 10 14 15 16 03 02 08 06 07 01 00 09 04 05 65 76 62 60 61 64 30 36 33 38 35 31 32 37 34 39 63 
13 12 17 18 11 10 14 15 16 19 54 53 57 58 59 51 50 52 55 56 69 73 74 70 67 72 68 75 71 66 33 32 37 38 39 31 30 34 35 36 03 02 06 07 08 01 00 09 04 05 23 22 29 27 28 21 20 24 25 26 62 60 76 63 65 61 40 46 43 48 45 41 42 47 44 49 64 
33 32 37 38 31 30 34 35 36 39 23 22 27 28 29 21 20 24 25 26 03 02 06 07 08 01 00 09 04 05 69 73 74 70 67 72 68 75 71 66 43 42 47 48 49 41 40 44 45 46 13 12 19 17 18 11 10 14 15 16 61 62 65 76 64 63 50 56 54 58 55 51 53 57 52 59 60 
23 22 27 28 21 20 24 25 26 29 43 42 47 48 49 41 40 44 45 46 33 32 37 38 39 31 30 34 35 36 13 12 17 18 19 11 10 14 15 16 69 73 74 70 67 72 68 75 71 66 54 53 59 57 58 51 50 52 55 56 60 64 63 61 76 62 00 05 03 07 04 01 02 06 09 08 65 
69 73 74 70 72 68 75 71 66 67 13 12 17 18 19 11 10 14 15 16 43 42 47 48 49 41 40 44 45 46 03 02 06 07 08 01 00 09 04 05 54 53 57 58 59 51 50 52 55 56 33 32 39 37 38 31 30 34 35 36 63 61 64 65 60 76 20 26 23 28 25 21 22 27 24 29 62 
51 52 60 50 53 56 55 59 57 58 01 09 65 00 07 02 05 04 08 06 11 14 61 10 18 12 16 15 19 17 21 24 62 20 28 22 26 25 29 27 31 34 63 30 38 32 36 35 39 37 41 44 48 64 40 42 46 45 49 47 43 03 13 23 33 54 66 70 69 76 75 74 68 71 67 72 73 
56 60 58 52 57 55 54 51 59 53 05 65 07 09 02 06 04 03 01 08 16 61 18 14 12 17 15 13 11 19 26 62 28 24 22 27 25 23 21 29 36 63 38 34 32 37 35 33 31 39 46 64 42 48 44 47 45 43 41 49 40 00 10 20 30 50 68 67 76 74 73 66 70 75 71 69 72 
50 57 59 53 56 52 60 54 55 51 00 06 08 02 01 05 09 65 03 04 10 17 19 12 11 16 14 61 13 15 20 27 29 22 21 26 24 62 23 25 30 37 39 32 31 36 34 63 33 35 40 47 41 49 42 46 44 64 43 45 48 07 18 28 38 58 71 73 68 70 76 67 75 69 72 66 74 
59 50 52 54 58 51 56 57 53 60 08 00 09 03 65 07 01 05 06 02 19 10 14 13 61 18 11 16 17 12 29 20 24 23 62 28 21 26 27 22 39 30 34 33 63 38 31 36 37 32 49 40 64 44 43 48 41 46 47 42 45 04 15 25 35 55 74 68 72 69 71 76 66 67 70 73 75 
53 55 54 56 52 57 59 58 60 50 02 04 03 05 00 09 06 08 07 65 12 15 13 16 10 14 17 19 18 61 22 25 23 26 20 24 27 29 28 62 32 35 33 36 30 34 37 39 38 63 42 45 40 43 46 44 47 49 48 64 41 01 11 21 31 51 69 74 75 73 70 72 76 68 66 71 67 
52 59 51 57 55 60 58 50 54 56 09 08 01 06 05 04 65 07 00 03 14 19 11 17 16 15 61 18 10 13 24 29 21 27 26 25 62 28 20 23 34 39 31 37 36 35 63 38 30 33 44 49 46 41 47 45 64 48 40 43 42 02 12 22 32 53 75 72 70 67 74 71 73 76 69 68 66 
60 51 56 59 54 58 53 52 50 55 65 01 05 08 04 03 07 02 09 00 61 11 16 19 15 13 18 12 14 10 62 21 26 29 25 23 28 22 24 20 63 31 36 39 35 33 38 32 34 30 64 41 45 46 49 43 48 42 44 40 47 06 17 27 37 57 73 69 67 71 66 75 72 74 76 70 68 
55 58 53 60 59 54 50 56 51 57 04 07 02 65 06 08 03 00 05 01 15 18 12 61 17 19 13 10 16 11 25 28 22 62 27 29 23 20 26 21 35 38 32 63 37 39 33 30 36 31 45 48 47 42 64 49 43 40 46 41 44 09 14 24 34 52 70 71 74 66 72 68 67 73 75 76 69 
58 56 55 51 50 53 57 60 52 54 07 05 04 01 03 00 02 06 65 09 18 16 15 11 13 10 12 17 61 14 28 26 25 21 23 20 22 27 62 24 38 36 35 31 33 30 32 37 63 34 48 46 43 45 41 40 42 47 64 44 49 08 19 29 39 59 72 76 71 75 68 73 69 66 74 67 70 
57 54 50 55 60 59 51 53 58 52 06 03 00 04 09 65 08 01 02 07 17 13 10 15 14 61 19 11 12 18 27 23 20 25 24 62 29 21 22 28 37 33 30 35 34 63 39 31 32 38 47 43 44 40 45 64 49 41 42 48 46 05 16 26 36 56 76 66 73 72 67 69 74 70 68 75 71 
54 53 57 58 51 50 52 55 56 59 03 02 06 07 08 01 00 09 04 05 13 12 17 18 19 11 10 14 15 16 23 22 27 28 29 21 20 24 25 26 33 32 37 38 39 31 30 34 35 36 43 42 49 47 48 41 40 44 45 46 64 65 61 62 63 60 67 75 66 68 69 70 71 72 73 74 76 
