73 72 70 74 75 67 69 68 71 76 10 19 61 18 16 12 11 14 17 15 49 40 64 48 46 42 41 44 47 45 08 00 65 07 05 09 01 03 06 04 52 59 60 58 56 50 51 54 57 55 63 39 31 38 36 32 30 34 37 35 33 13 43 02 53 66 28 29 24 26 27 22 25 21 20 62 23 
71 67 69 75 72 68 76 73 66 74 15 11 16 14 12 19 17 61 10 13 41 45 46 44 42 49 47 64 40 43 01 04 05 03 09 08 06 65 00 02 55 51 56 54 50 59 57 60 52 53 36 30 35 34 32 39 37 63 31 33 38 18 48 07 58 70 24 20 62 22 21 29 23 25 27 26 28 
68 75 66 76 74 72 70 67 73 69 17 12 14 13 61 16 19 18 11 10 42 47 44 43 64 46 49 48 41 40 09 06 03 02 65 05 08 07 01 00 57 50 54 53 60 56 59 58 51 52 34 32 37 33 63 36 39 38 30 31 35 15 45 04 55 71 23 22 28 62 20 26 21 27 29 24 25 
67 74 71 69 76 75 66 72 68 70 11 16 18 15 14 61 12 13 19 17 46 41 48 45 44 64 42 43 49 47 05 01 07 04 03 65 09 02 08 06 51 56 58 55 54 60 50 53 59 57 38 36 30 35 34 63 32 33 39 37 31 10 40 00 52 73 25 26 23 24 29 62 27 20 22 28 21 
76 66 72 73 71 70 67 69 74 68 61 13 17 19 10 15 18 11 14 16 43 64 47 49 40 45 48 41 44 46 02 65 06 08 00 04 07 01 03 05 60 53 57 59 52 55 58 51 54 56 37 33 63 39 31 35 38 30 34 36 32 12 42 09 50 75 29 23 20 21 24 25 26 62 28 27 22 
72 76 73 70 69 74 71 75 67 66 19 61 13 10 18 14 16 15 12 11 64 49 43 40 48 44 46 45 42 41 65 08 02 00 07 03 05 04 09 01 59 60 53 52 58 54 56 55 50 51 33 63 39 31 38 34 36 35 32 30 37 17 47 06 57 68 21 62 25 28 22 24 20 29 26 23 27 
74 70 67 71 66 69 68 76 75 73 16 18 10 11 15 13 14 17 61 12 48 46 40 41 45 43 44 47 64 42 07 05 00 01 04 02 03 06 65 09 56 58 52 51 55 53 54 57 60 50 31 38 36 30 35 33 34 37 63 32 39 19 49 08 59 72 20 28 27 25 62 23 22 26 24 21 29 
69 71 75 68 73 66 72 70 76 67 14 15 11 12 17 10 13 19 18 61 45 44 41 42 47 40 43 49 48 64 04 03 01 09 06 00 02 08 07 65 54 55 51 50 57 52 53 59 58 60 30 35 34 32 37 31 33 39 38 63 36 16 46 05 56 74 22 25 29 27 28 21 62 24 23 20 26 
75 69 68 66 70 76 73 74 72 71 12 14 15 17 13 18 61 10 16 19 44 42 45 47 43 48 64 40 46 49 03 09 04 06 02 07 65 00 05 08 50 54 55 57 53 58 60 52 56 59 35 34 32 37 33 38 63 31 36 39 30 11 41 01 51 67 27 24 21 23 26 28 29 22 62 25 20 
66 68 76 72 67 73 74 71 70 75 13 17 12 61 19 11 10 16 15 18 47 43 42 64 49 41 40 46 45 48 06 02 09 65 08 01 00 05 04 07 53 57 50 60 59 51 52 56 55 58 32 37 33 63 39 30 31 36 35 38 34 14 44 03 54 69 62 27 26 29 25 20 28 23 21 22 24 
40 49 48 46 42 41 44 47 45 64 73 72 76 70 74 75 67 69 68 71 29 21 62 28 26 22 20 24 27 25 59 52 60 58 56 50 51 54 57 55 10 19 61 18 16 12 11 14 17 15 65 08 00 07 05 09 01 03 06 04 02 66 23 53 13 43 38 39 34 36 37 32 35 31 30 63 33 
45 41 44 42 49 47 64 40 43 46 71 67 74 69 75 72 68 76 73 66 20 25 26 24 22 29 27 62 21 23 51 55 56 54 50 59 57 60 52 53 15 11 16 14 12 19 17 61 10 13 05 01 04 03 09 08 06 65 00 02 07 70 28 58 18 48 34 30 63 32 31 39 33 35 37 36 38 
43 47 64 49 41 40 46 45 48 42 66 68 75 76 72 67 73 74 71 70 27 23 22 62 29 20 21 26 25 28 57 53 50 60 59 51 52 56 55 58 13 17 12 61 19 11 10 16 15 18 09 06 02 65 08 01 00 05 04 07 03 69 24 54 14 44 63 37 36 39 35 30 38 33 31 32 34 
47 42 43 64 46 49 48 41 40 44 68 75 69 66 76 74 72 70 67 73 22 27 24 23 62 26 29 28 20 21 50 57 54 53 60 56 59 58 51 52 17 12 14 13 61 16 19 18 11 10 03 09 06 02 65 05 08 07 01 00 04 71 25 55 15 45 33 32 38 63 30 36 31 37 39 34 35 
41 46 45 44 64 42 43 49 47 48 67 74 70 71 69 76 75 66 72 68 26 20 28 25 24 62 22 23 29 27 56 51 58 55 54 60 50 53 59 57 11 16 18 15 14 61 12 13 19 17 07 05 01 04 03 65 09 02 08 06 00 73 21 52 10 40 35 36 33 34 39 63 37 30 32 38 31 
64 43 49 40 45 48 41 44 46 47 76 66 68 72 73 71 70 67 69 74 23 62 27 29 21 25 28 20 24 26 53 60 57 59 52 55 58 51 54 56 61 13 17 19 10 15 18 11 14 16 06 02 65 08 00 04 07 01 03 05 09 75 22 50 12 42 39 33 30 31 34 35 36 63 38 37 32 
49 64 40 48 44 46 45 42 41 43 72 76 66 73 70 69 74 71 75 67 62 29 23 21 28 24 26 25 22 20 60 59 53 52 58 54 56 55 50 51 19 61 13 10 18 14 16 15 12 11 02 65 08 00 07 03 05 04 09 01 06 68 27 57 17 47 31 63 35 38 32 34 30 39 36 33 37 
46 48 41 45 43 44 47 64 42 40 74 70 73 67 71 66 69 68 76 75 28 26 21 20 25 23 24 27 62 22 58 56 52 51 55 53 54 57 60 50 16 18 10 11 15 13 14 17 61 12 00 07 05 01 04 02 03 06 65 09 08 72 29 59 19 49 30 38 37 35 63 33 32 36 34 31 39 
44 45 42 47 40 43 49 48 64 41 69 71 67 75 68 73 66 72 70 76 25 24 20 22 27 21 23 29 28 62 55 54 51 50 57 52 53 59 58 60 14 15 11 12 17 10 13 19 18 61 01 04 03 09 06 00 02 08 07 65 05 74 26 56 16 46 32 35 39 37 38 31 63 34 33 30 36 
42 44 47 43 48 64 40 46 49 45 75 69 71 68 66 70 76 73 74 72 24 22 25 27 23 28 62 21 26 29 54 50 55 57 53 58 60 52 56 59 12 14 15 17 13 18 61 10 16 19 04 03 09 06 02 07 65 00 05 08 01 67 20 51 11 41 37 34 31 33 36 38 39 32 63 35 30 
15 11 14 12 19 17 61 10 13 16 55 51 56 54 50 59 57 60 52 53 67 71 74 69 75 72 68 76 73 66 30 35 36 34 32 39 37 63 31 33 04 01 05 03 09 08 06 65 00 02 26 20 25 24 22 29 27 62 21 23 28 58 70 38 07 18 44 41 64 42 40 49 43 45 47 46 48 
10 19 18 16 12 11 14 17 15 61 52 59 60 58 56 50 51 54 57 55 72 73 76 70 74 75 67 69 68 71 39 31 63 38 36 32 30 34 37 35 00 08 65 07 05 09 01 03 06 04 62 29 21 28 26 22 20 24 27 25 23 53 66 33 02 13 48 49 44 46 47 42 45 40 41 64 43 
13 17 61 19 11 10 16 15 18 12 53 57 50 60 59 51 52 56 55 58 68 66 75 76 72 67 73 74 71 70 37 33 32 63 39 30 31 36 35 38 02 06 09 65 08 01 00 05 04 07 22 27 23 62 29 20 21 26 25 28 24 54 69 34 03 14 64 47 46 49 45 41 48 43 40 42 44 
17 12 13 61 16 19 18 11 10 14 57 50 54 53 60 56 59 58 51 52 75 68 69 66 76 74 72 70 67 73 32 37 34 33 63 36 39 38 30 31 06 09 03 02 65 05 08 07 01 00 24 22 27 23 62 26 29 28 20 21 25 55 71 35 04 15 43 42 48 64 41 46 40 47 49 44 45 
11 16 15 14 61 12 13 19 17 18 51 56 58 55 54 60 50 53 59 57 74 67 70 71 69 76 75 66 72 68 36 30 38 35 34 63 32 33 39 37 01 05 07 04 03 65 09 02 08 06 28 26 20 25 24 62 22 23 29 27 21 52 73 31 00 10 45 46 43 44 49 64 47 41 42 48 40 
61 13 19 10 15 18 11 14 16 17 60 53 57 59 52 55 58 51 54 56 66 76 68 72 73 71 70 67 69 74 33 63 37 39 31 35 38 30 34 36 65 02 06 08 00 04 07 01 03 05 27 23 62 29 21 25 28 20 24 26 22 50 75 32 09 12 49 43 41 40 44 45 46 64 48 47 42 
19 61 10 18 14 16 15 12 11 13 59 60 53 52 58 54 56 55 50 51 76 72 66 73 70 69 74 71 75 67 63 39 33 31 38 34 36 35 32 30 08 65 02 00 07 03 05 04 09 01 23 62 29 21 28 24 26 25 22 20 27 57 68 37 06 17 40 64 45 48 42 44 41 49 46 43 47 
16 18 11 15 13 14 17 61 12 10 56 58 52 51 55 53 54 57 60 50 70 74 73 67 71 66 69 68 76 75 38 36 31 30 35 33 34 37 63 32 05 07 00 01 04 02 03 06 65 09 21 28 26 20 25 23 24 27 62 22 29 59 72 39 08 19 41 48 47 45 64 43 42 46 44 40 49 
14 15 12 17 10 13 19 18 61 11 54 55 51 50 57 52 53 59 58 60 71 69 67 75 68 73 66 72 70 76 35 34 30 32 37 31 33 39 38 63 03 04 01 09 06 00 02 08 07 65 20 25 24 22 27 21 23 29 28 62 26 56 74 36 05 16 42 45 49 47 48 40 64 44 43 41 46 
12 14 17 13 18 61 10 16 19 15 50 54 55 57 53 58 60 52 56 59 69 75 71 68 66 70 76 73 74 72 34 32 35 37 33 38 63 31 36 39 09 03 04 06 02 07 65 00 05 08 25 24 22 27 23 28 62 21 26 29 20 51 67 30 01 11 47 44 40 43 46 48 49 42 64 45 41 
35 30 34 32 39 37 63 31 33 36 25 20 26 24 22 29 27 62 21 23 01 04 05 03 09 08 06 65 00 02 67 71 74 69 75 72 68 76 73 66 45 41 46 44 42 49 47 64 40 43 16 11 15 14 12 19 17 61 10 13 18 28 07 70 48 38 54 51 60 50 52 59 53 55 57 56 58 
31 39 38 36 32 30 34 37 35 63 21 29 62 28 26 22 20 24 27 25 08 00 65 07 05 09 01 03 06 04 72 73 76 70 74 75 67 69 68 71 40 49 64 48 46 42 41 44 47 45 61 19 10 18 16 12 11 14 17 15 13 23 02 66 43 33 58 59 54 56 57 50 55 52 51 60 53 
33 37 63 39 30 31 36 35 38 32 23 27 22 62 29 20 21 26 25 28 06 02 09 65 08 01 00 05 04 07 68 66 75 76 72 67 73 74 71 70 43 47 42 64 49 41 40 46 45 48 12 17 13 61 19 11 10 16 15 18 14 24 03 69 44 34 60 57 56 59 55 51 58 53 52 50 54 
37 32 33 63 36 39 38 30 31 34 27 22 24 23 62 26 29 28 20 21 09 06 03 02 65 05 08 07 01 00 75 68 69 66 76 74 72 70 67 73 47 42 44 43 64 46 49 48 41 40 14 12 17 13 61 16 19 18 11 10 15 25 04 71 45 35 53 50 58 60 51 56 52 57 59 54 55 
30 36 35 34 63 32 33 39 37 38 20 26 28 25 24 62 22 23 29 27 05 01 07 04 03 65 09 02 08 06 74 67 70 71 69 76 75 66 72 68 41 46 48 45 44 64 42 43 49 47 18 16 11 15 14 61 12 13 19 17 10 21 00 73 40 31 55 56 53 54 59 60 57 51 50 58 52 
63 33 39 31 35 38 30 34 36 37 62 23 27 29 21 25 28 20 24 26 02 65 06 08 00 04 07 01 03 05 66 76 68 72 73 71 70 67 69 74 64 43 47 49 40 45 48 41 44 46 17 13 61 19 10 15 18 11 14 16 12 22 09 75 42 32 59 53 51 52 54 55 56 60 58 57 50 
39 63 31 38 34 36 35 32 30 33 29 62 23 21 28 24 26 25 22 20 65 08 02 00 07 03 05 04 09 01 76 72 66 73 70 69 74 71 75 67 49 64 43 40 48 44 46 45 42 41 13 61 19 10 18 14 16 15 12 11 17 27 06 68 47 37 52 60 55 58 50 54 51 59 56 53 57 
36 38 30 35 33 34 37 63 32 31 26 28 21 20 25 23 24 27 62 22 07 05 00 01 04 02 03 06 65 09 70 74 73 67 71 66 69 68 76 75 46 48 40 41 45 43 44 47 64 42 10 18 16 11 15 13 14 17 61 12 19 29 08 72 49 39 51 58 57 55 60 53 50 56 54 52 59 
34 35 32 37 31 33 39 38 63 30 24 25 20 22 27 21 23 29 28 62 04 03 01 09 06 00 02 08 07 65 71 69 67 75 68 73 66 72 70 76 44 45 41 42 47 40 43 49 48 64 11 15 14 12 17 10 13 19 18 61 16 26 05 74 46 36 50 55 59 57 58 52 60 54 53 51 56 
32 34 37 33 38 63 31 36 39 35 22 24 25 27 23 28 62 21 26 29 03 09 04 06 02 07 65 00 05 08 69 75 71 68 66 70 76 73 74 72 42 44 45 47 43 48 64 40 46 49 15 14 12 17 13 18 61 10 16 19 11 20 01 67 41 30 57 54 52 53 56 58 59 50 60 55 51 
21 29 28 26 22 20 24 27 25 62 40 49 64 48 46 42 41 44 47 45 39 31 63 38 36 32 30 34 37 35 19 10 61 18 16 12 11 14 17 15 73 72 76 70 74 75 67 69 68 71 60 59 52 58 56 50 51 54 57 55 53 43 33 13 66 23 07 08 03 05 06 09 04 00 01 65 02 
25 20 24 22 29 27 62 21 23 26 45 41 46 44 42 49 47 64 40 43 30 35 36 34 32 39 37 63 31 33 11 15 16 14 12 19 17 61 10 13 71 67 74 69 75 72 68 76 73 66 56 51 55 54 50 59 57 60 52 53 58 48 38 18 70 28 03 01 65 09 00 08 02 04 06 05 07 
23 27 62 29 20 21 26 25 28 22 43 47 42 64 49 41 40 46 45 48 37 33 32 63 39 30 31 36 35 38 17 13 12 61 19 11 10 16 15 18 66 68 75 76 72 67 73 74 71 70 50 57 53 60 59 51 52 56 55 58 54 44 34 14 69 24 65 06 05 08 04 01 07 02 00 09 03 
27 22 23 62 26 29 28 20 21 24 47 42 44 43 64 46 49 48 41 40 32 37 34 33 63 36 39 38 30 31 12 17 14 13 61 16 19 18 11 10 68 75 69 66 76 74 72 70 67 73 54 50 57 53 60 56 59 58 51 52 55 45 35 15 71 25 02 09 07 65 01 05 00 06 08 03 04 
20 26 25 24 62 22 23 29 27 28 41 46 48 45 44 64 42 43 49 47 36 30 38 35 34 63 32 33 39 37 16 11 18 15 14 61 12 13 19 17 67 74 70 71 69 76 75 66 72 68 58 56 51 55 54 60 50 53 59 57 52 40 31 10 73 21 04 05 02 03 08 65 06 01 09 07 00 
62 23 29 21 25 28 20 24 26 27 64 43 47 49 40 45 48 41 44 46 33 63 37 39 31 35 38 30 34 36 13 61 17 19 10 15 18 11 14 16 76 66 68 72 73 71 70 67 69 74 57 53 60 59 52 55 58 51 54 56 50 42 32 12 75 22 08 02 01 00 03 04 05 65 07 06 09 
29 62 21 28 24 26 25 22 20 23 49 64 43 40 48 44 46 45 42 41 63 39 33 31 38 34 36 35 32 30 61 19 13 10 18 14 16 15 12 11 72 76 66 73 70 69 74 71 75 67 53 60 59 52 58 54 56 55 50 51 57 47 37 17 68 27 00 65 04 07 09 03 01 08 05 02 06 
26 28 20 25 23 24 27 62 22 21 46 48 40 41 45 43 44 47 64 42 38 36 31 30 35 33 34 37 63 32 18 16 10 11 15 13 14 17 61 12 74 70 73 67 71 66 69 68 76 75 52 58 56 51 55 53 54 57 60 50 59 49 39 19 72 29 01 07 06 04 65 02 09 05 03 00 08 
24 25 22 27 21 23 29 28 62 20 44 45 41 42 47 40 43 49 48 64 35 34 30 32 37 31 33 39 38 63 15 14 11 12 17 10 13 19 18 61 69 71 67 75 68 73 66 72 70 76 51 55 54 50 57 52 53 59 58 60 56 46 36 16 74 26 09 04 08 06 07 00 65 03 02 01 05 
22 24 27 23 28 62 21 26 29 25 42 44 45 47 43 48 64 40 46 49 34 32 35 37 33 38 63 31 36 39 14 12 15 17 13 18 61 10 16 19 75 69 71 68 66 70 76 73 74 72 55 54 50 57 53 58 60 52 56 59 51 41 30 11 67 20 06 03 00 02 05 07 08 09 65 04 01 
02 06 65 08 01 00 05 04 07 09 33 37 32 63 39 30 31 36 35 38 57 53 50 60 59 51 52 56 55 58 47 43 42 64 49 41 40 46 45 48 23 27 22 62 29 20 21 26 25 28 75 68 66 76 72 67 73 74 71 70 69 34 54 44 24 03 61 17 16 19 15 11 18 13 10 12 14 
04 01 03 09 08 06 65 00 02 05 35 30 36 34 32 39 37 63 31 33 51 55 56 54 50 59 57 60 52 53 41 45 46 44 42 49 47 64 40 43 25 20 26 24 22 29 27 62 21 23 74 67 71 69 75 72 68 76 73 66 70 38 58 48 28 07 14 11 61 12 10 19 13 15 17 16 18 
00 08 07 05 09 01 03 06 04 65 31 39 63 38 36 32 30 34 37 35 59 52 60 58 56 50 51 54 57 55 49 40 64 48 46 42 41 44 47 45 21 29 62 28 26 22 20 24 27 25 76 72 73 70 74 75 67 69 68 71 66 33 53 43 23 02 18 19 14 16 17 12 15 10 11 61 13 
06 09 02 65 05 08 07 01 00 03 37 32 34 33 63 36 39 38 30 31 50 57 54 53 60 56 59 58 51 52 42 47 44 43 64 46 49 48 41 40 27 22 24 23 62 26 29 28 20 21 69 75 68 66 76 74 72 70 67 73 71 35 55 45 25 04 13 12 18 61 11 16 10 17 19 14 15 
01 05 04 03 65 09 02 08 06 07 30 36 38 35 34 63 32 33 39 37 56 51 58 55 54 60 50 53 59 57 46 41 48 45 44 64 42 43 49 47 20 26 28 25 24 62 22 23 29 27 70 74 67 71 69 76 75 66 72 68 73 31 52 40 21 00 15 16 13 14 19 61 17 11 12 18 10 
65 02 08 00 04 07 01 03 05 06 63 33 37 39 31 35 38 30 34 36 53 60 57 59 52 55 58 51 54 56 43 64 47 49 40 45 48 41 44 46 62 23 27 29 21 25 28 20 24 26 68 66 76 72 73 71 70 67 69 74 75 32 50 42 22 09 19 13 11 10 14 15 16 61 18 17 12 
08 65 00 07 03 05 04 09 01 02 39 63 33 31 38 34 36 35 32 30 60 59 53 52 58 54 56 55 50 51 64 49 43 40 48 44 46 45 42 41 29 62 23 21 28 24 26 25 22 20 66 76 72 73 70 69 74 71 75 67 68 37 57 47 27 06 10 61 15 18 12 14 11 19 16 13 17 
05 07 01 04 02 03 06 65 09 00 36 38 31 30 35 33 34 37 63 32 58 56 52 51 55 53 54 57 60 50 48 46 40 41 45 43 44 47 64 42 26 28 21 20 25 23 24 27 62 22 73 70 74 67 71 66 69 68 76 75 72 39 59 49 29 08 11 18 17 15 61 13 12 16 14 10 19 
03 04 09 06 00 02 08 07 65 01 34 35 30 32 37 31 33 39 38 63 55 54 51 50 57 52 53 59 58 60 45 44 41 42 47 40 43 49 48 64 24 25 20 22 27 21 23 29 28 62 67 71 69 75 68 73 66 72 70 76 74 36 56 46 26 05 12 15 19 17 18 10 61 14 13 11 16 
09 03 06 02 07 65 00 05 08 04 32 34 35 37 33 38 63 31 36 39 54 50 55 57 53 58 60 52 56 59 44 42 45 47 43 48 64 40 46 49 22 24 25 27 23 28 62 21 26 29 71 69 75 68 66 70 76 73 74 72 67 30 51 41 20 01 17 14 10 13 16 18 19 12 61 15 11 
07 00 05 01 06 04 09 02 03 08 38 31 39 36 30 37 35 32 33 34 52 58 59 56 51 57 55 50 53 54 40 48 49 46 41 47 45 42 43 44 28 21 29 26 20 27 25 22 23 24 72 73 70 74 67 68 71 75 66 69 76 63 60 64 62 65 16 10 12 11 13 17 14 18 15 19 61 
48 40 46 41 47 45 42 43 44 49 70 73 72 74 67 68 71 75 66 69 21 28 29 26 20 27 25 22 23 24 52 58 59 56 51 57 55 50 53 54 18 10 19 16 11 17 15 12 13 14 08 00 07 05 01 06 04 09 02 03 65 76 62 60 61 64 36 31 32 30 33 37 34 38 35 39 63 
18 10 16 11 17 15 12 13 14 19 58 52 59 56 51 57 55 50 53 54 73 70 72 74 67 68 71 75 66 69 31 38 39 36 30 37 35 32 33 34 07 00 08 05 01 06 04 09 02 03 29 21 28 26 20 27 25 22 23 24 62 60 76 63 65 61 46 40 42 41 43 47 44 48 45 49 64 
38 31 36 30 37 35 32 33 34 39 28 21 29 26 20 27 25 22 23 24 00 07 08 05 01 06 04 09 02 03 73 70 72 74 67 68 71 75 66 69 48 40 49 46 41 47 45 42 43 44 19 10 18 16 11 17 15 12 13 14 61 62 65 76 64 63 56 52 50 51 53 57 54 58 55 59 60 
28 21 26 20 27 25 22 23 24 29 48 40 49 46 41 47 45 42 43 44 31 38 39 36 30 37 35 32 33 34 10 18 19 16 11 17 15 12 13 14 70 73 72 74 67 68 71 75 66 69 59 52 58 56 51 57 55 50 53 54 60 64 63 61 76 62 05 00 09 01 02 06 03 07 04 08 65 
70 73 74 67 68 71 75 66 69 72 18 10 19 16 11 17 15 12 13 14 40 48 49 46 41 47 45 42 43 44 00 07 08 05 01 06 04 09 02 03 58 52 59 56 51 57 55 50 53 54 39 31 38 36 30 37 35 32 33 34 63 61 64 65 60 76 26 21 22 20 23 27 24 28 25 29 62 
57 50 53 60 56 59 58 51 52 54 06 09 03 02 65 05 08 07 01 00 12 17 14 13 61 16 19 18 11 10 22 27 24 23 62 26 29 28 20 21 37 32 34 33 63 36 39 38 30 31 44 42 47 43 64 46 49 48 41 40 45 04 15 25 35 55 66 73 74 70 72 75 76 71 69 68 67 
55 51 54 50 59 57 60 52 53 56 04 01 05 03 09 08 06 65 00 02 11 15 16 14 12 19 17 61 10 13 20 25 26 24 22 29 27 62 21 23 35 30 36 34 32 39 37 63 31 33 46 41 45 44 42 49 47 64 40 43 48 07 18 28 38 58 73 67 69 71 74 76 70 68 66 72 75 
56 58 51 55 53 54 57 60 50 52 05 07 00 01 04 02 03 06 65 09 18 16 10 11 15 13 14 17 61 12 28 26 21 20 25 23 24 27 62 22 36 38 31 30 35 33 34 37 63 32 40 48 46 41 45 43 44 47 64 42 49 08 19 29 39 59 74 69 68 75 71 73 67 76 72 70 66 
51 56 55 54 60 50 53 59 57 58 01 05 07 04 03 65 09 02 08 06 16 11 18 15 14 61 12 13 19 17 26 20 28 25 24 62 22 23 29 27 30 36 38 35 34 63 32 33 39 37 48 46 41 45 44 64 42 43 49 47 40 00 10 21 31 52 70 71 75 69 67 72 74 66 76 73 68 
54 55 50 57 52 53 59 58 60 51 03 04 01 09 06 00 02 08 07 65 15 14 11 12 17 10 13 19 18 61 25 24 20 22 27 21 23 29 28 62 34 35 30 32 37 31 33 39 38 63 41 45 44 42 47 40 43 49 48 64 46 05 16 26 36 56 72 74 71 67 70 66 73 75 68 76 69 
60 53 59 52 55 58 51 54 56 57 65 02 06 08 00 04 07 01 03 05 13 61 17 19 10 15 18 11 14 16 23 62 27 29 21 25 28 20 24 26 63 33 37 39 31 35 38 30 34 36 47 43 64 49 40 45 48 41 44 46 42 09 12 22 32 50 75 76 73 72 66 71 68 74 67 69 70 
50 54 57 53 58 60 52 56 59 55 09 03 04 06 02 07 65 00 05 08 14 12 15 17 13 18 61 10 16 19 24 22 25 27 23 28 62 21 26 29 32 34 35 37 33 38 63 31 36 39 45 44 42 47 43 48 64 40 46 49 41 01 11 20 30 51 76 70 67 74 73 68 72 69 75 66 71 
52 59 58 56 50 51 54 57 55 60 00 08 65 07 05 09 01 03 06 04 19 10 61 18 16 12 11 14 17 15 29 21 62 28 26 22 20 24 27 25 31 39 63 38 36 32 30 34 37 35 64 49 40 48 46 42 41 44 47 45 43 02 13 23 33 53 71 68 76 66 75 74 69 73 70 67 72 
59 60 52 58 54 56 55 50 51 53 08 65 02 00 07 03 05 04 09 01 61 19 13 10 18 14 16 15 12 11 62 29 23 21 28 24 26 25 22 20 39 63 33 31 38 34 36 35 32 30 43 64 49 40 48 44 46 45 42 41 47 06 17 27 37 57 69 66 72 76 68 67 75 70 74 71 73 
53 57 60 59 51 52 56 55 58 50 02 06 09 65 08 01 00 05 04 07 17 13 12 61 19 11 10 16 15 18 27 23 22 62 29 20 21 26 25 28 33 37 32 63 39 30 31 36 35 38 42 47 43 64 49 41 40 46 45 48 44 03 14 24 34 54 68 72 70 73 76 69 66 67 71 75 74 
58 52 56 51 57 55 50 53 54 59 07 00 08 05 01 06 04 09 02 03 10 18 19 16 11 17 15 12 13 14 21 28 29 26 20 27 25 22 23 24 38 31 39 36 30 37 35 32 33 34 49 40 48 46 41 47 45 42 43 44 64 65 61 62 63 60 67 75 66 68 69 70 71 72 73 74 76 
