72 66 68 67 75 69 76 73 74 71 10 15 14 17 11 13 12 61 16 18 40 45 44 47 41 43 42 64 46 48 00 04 03 06 01 02 09 65 05 07 50 55 54 57 51 53 52 60 56 58 30 35 34 37 31 33 32 63 36 38 39 19 49 08 59 70 23 25 62 24 28 21 20 22 26 27 29 
76 67 70 69 73 75 66 68 71 72 61 11 10 19 12 16 13 15 17 14 64 41 40 49 42 46 43 45 47 44 65 01 00 08 09 05 02 04 06 03 60 51 50 59 52 56 53 55 57 54 63 31 30 39 32 36 33 35 37 34 38 18 48 07 58 74 26 21 25 20 24 22 62 23 27 29 28 
74 72 75 76 67 66 71 69 68 70 18 10 19 13 61 11 15 14 12 17 48 40 49 43 64 41 45 44 42 47 07 00 08 02 65 01 04 03 09 06 58 50 59 53 60 51 55 54 52 57 38 30 39 33 63 31 35 34 32 37 36 16 46 05 56 73 21 20 24 29 27 62 28 25 22 23 26 
68 74 67 71 76 72 70 66 75 73 17 18 16 11 14 61 10 19 15 13 47 48 46 41 44 64 40 49 45 43 06 07 05 01 03 65 00 08 04 02 57 58 56 51 54 60 50 59 55 53 37 38 36 31 34 63 30 39 35 33 32 12 42 09 52 69 62 28 29 26 23 24 27 20 25 21 22 
70 71 69 72 66 76 74 67 73 68 19 14 17 12 10 15 61 18 11 16 49 44 47 42 40 45 64 48 41 46 08 03 06 09 00 04 65 07 01 05 59 54 57 52 50 55 60 58 51 56 39 34 37 32 30 35 63 38 31 36 33 13 43 02 53 75 25 24 28 27 26 20 29 62 21 22 23 
66 69 74 75 68 73 67 70 72 76 15 12 61 18 13 17 16 11 19 10 45 42 64 48 43 47 46 41 49 40 04 09 65 07 02 06 05 01 08 00 55 52 60 58 53 57 56 51 59 50 35 32 63 38 33 37 36 31 39 30 34 14 44 03 54 71 27 22 21 62 20 23 25 26 29 28 24 
73 70 66 74 72 71 68 76 69 75 16 19 13 15 18 10 14 17 61 12 46 49 43 45 48 40 44 47 64 42 05 08 02 04 07 00 03 06 65 09 56 59 53 55 58 50 54 57 60 52 36 39 33 35 38 30 34 37 63 32 31 11 41 01 51 67 20 29 27 23 22 28 26 24 62 25 21 
67 75 71 73 70 68 69 74 76 66 11 13 15 14 16 19 17 12 18 61 41 43 45 44 46 49 47 42 48 64 01 02 04 03 05 08 06 09 07 65 51 53 55 54 56 59 57 52 58 60 31 33 35 34 36 39 37 32 38 63 30 10 40 00 50 72 29 23 22 25 62 26 21 27 28 24 20 
71 76 73 66 69 67 72 75 70 74 14 61 18 16 15 12 11 10 13 19 44 64 48 46 45 42 41 40 43 49 03 65 07 05 04 09 01 00 02 08 54 60 58 56 55 52 51 50 53 59 34 63 38 36 35 32 31 30 33 39 37 17 47 06 57 68 22 62 20 28 29 25 24 21 23 26 27 
75 68 76 70 71 74 73 72 67 69 13 17 12 61 19 14 18 16 10 11 43 47 42 64 49 44 48 46 40 41 02 06 09 65 08 03 07 05 00 01 53 57 52 60 59 54 58 56 50 51 33 37 32 63 39 34 38 36 30 31 35 15 45 04 55 66 24 27 26 22 21 29 23 28 20 62 25 
40 45 47 41 43 42 64 46 48 44 72 66 71 68 67 75 69 76 73 74 20 25 24 27 21 23 22 62 26 28 50 55 54 57 51 53 52 60 56 58 10 15 14 17 11 13 12 61 16 18 00 04 03 06 01 02 09 65 05 07 08 70 29 59 19 49 33 35 63 34 38 31 30 32 36 37 39 
64 41 49 42 46 43 45 47 44 40 76 67 72 70 69 73 75 66 68 71 62 21 20 29 22 26 23 25 27 24 60 51 50 59 52 56 53 55 57 54 61 11 10 19 12 16 13 15 17 14 65 01 00 08 09 05 02 04 06 03 07 74 28 58 18 48 36 31 35 30 34 32 63 33 37 39 38 
43 47 64 49 44 48 46 40 41 42 75 68 69 76 70 71 74 73 72 67 23 27 22 62 29 24 28 26 20 21 53 57 52 60 59 54 58 56 50 51 13 17 12 61 19 14 18 16 10 11 02 06 09 65 08 03 07 05 00 01 04 66 25 55 15 45 34 37 36 32 31 39 33 38 30 63 35 
48 40 43 64 41 45 44 42 47 49 74 72 70 75 76 67 66 71 69 68 28 20 29 23 62 21 25 24 22 27 58 50 59 53 60 51 55 54 52 57 18 10 19 13 61 11 15 14 12 17 07 00 08 02 65 01 04 03 09 06 05 73 26 56 16 46 31 30 34 39 37 63 38 35 32 33 36 
47 48 41 44 64 40 49 45 43 46 68 74 73 67 71 76 72 70 66 75 27 28 26 21 24 62 20 29 25 23 57 58 56 51 54 60 50 59 55 53 17 18 16 11 14 61 10 19 15 13 06 07 05 01 03 65 00 08 04 02 09 69 22 52 12 42 63 38 39 36 33 34 37 30 35 31 32 
49 44 42 40 45 64 48 41 46 47 70 71 68 69 72 66 76 74 67 73 29 24 27 22 20 25 62 28 21 26 59 54 57 52 50 55 60 58 51 56 19 14 17 12 10 15 61 18 11 16 08 03 06 09 00 04 65 07 01 05 02 75 23 53 13 43 35 34 38 37 36 30 39 63 31 32 33 
45 42 48 43 47 46 41 49 40 64 66 69 76 74 75 68 73 67 70 72 25 22 62 28 23 27 26 21 29 20 55 52 60 58 53 57 56 51 59 50 15 12 61 18 13 17 16 11 19 10 04 09 65 07 02 06 05 01 08 00 03 71 24 54 14 44 37 32 31 63 30 33 35 36 39 38 34 
46 49 45 48 40 44 47 64 42 43 73 70 75 66 74 72 71 68 76 69 26 29 23 25 28 20 24 27 62 22 56 59 53 55 58 50 54 57 60 52 16 19 13 15 18 10 14 17 61 12 05 08 02 04 07 00 03 06 65 09 01 67 21 51 11 41 30 39 37 33 32 38 36 34 63 35 31 
41 43 44 46 49 47 42 48 64 45 67 75 66 71 73 70 68 69 74 76 21 23 25 24 26 29 27 22 28 62 51 53 55 54 56 59 57 52 58 60 11 13 15 14 16 19 17 12 18 61 01 02 04 03 05 08 06 09 07 65 00 72 20 50 10 40 39 33 32 35 63 36 31 37 38 34 30 
44 64 46 45 42 41 40 43 49 48 71 76 74 73 66 69 67 72 75 70 24 62 28 26 25 22 21 20 23 29 54 60 58 56 55 52 51 50 53 59 14 61 18 16 15 12 11 10 13 19 03 65 07 05 04 09 01 00 02 08 06 68 27 57 17 47 32 63 30 38 39 35 34 31 33 36 37 
10 15 17 11 13 12 61 16 18 14 50 55 54 57 51 53 52 60 56 58 72 66 71 68 67 75 69 76 73 74 30 35 34 37 31 33 32 63 36 38 00 04 03 06 01 02 09 65 05 07 20 25 24 27 21 23 22 62 26 28 29 59 70 39 08 19 43 45 64 44 48 41 40 42 46 47 49 
61 11 19 12 16 13 15 17 14 10 60 51 50 59 52 56 53 55 57 54 76 67 72 70 69 73 75 66 68 71 63 31 30 39 32 36 33 35 37 34 65 01 00 08 09 05 02 04 06 03 62 21 20 29 22 26 23 25 27 24 28 58 74 38 07 18 46 41 45 40 44 42 64 43 47 49 48 
13 17 61 19 14 18 16 10 11 12 53 57 52 60 59 54 58 56 50 51 75 68 69 76 70 71 74 73 72 67 33 37 32 63 39 34 38 36 30 31 02 06 09 65 08 03 07 05 00 01 23 27 22 62 29 24 28 26 20 21 25 55 66 35 04 15 44 47 46 42 41 49 43 48 40 64 45 
18 10 13 61 11 15 14 12 17 19 58 50 59 53 60 51 55 54 52 57 74 72 70 75 76 67 66 71 69 68 38 30 39 33 63 31 35 34 32 37 07 00 08 02 65 01 04 03 09 06 28 20 29 23 62 21 25 24 22 27 26 56 73 36 05 16 41 40 44 49 47 64 48 45 42 43 46 
17 18 11 14 61 10 19 15 13 16 57 58 56 51 54 60 50 59 55 53 68 74 73 67 71 76 72 70 66 75 37 38 36 31 34 63 30 39 35 33 06 07 05 01 03 65 00 08 04 02 27 28 26 21 24 62 20 29 25 23 22 52 69 32 09 12 64 48 49 46 43 44 47 40 45 41 42 
19 14 12 10 15 61 18 11 16 17 59 54 57 52 50 55 60 58 51 56 70 71 68 69 72 66 76 74 67 73 39 34 37 32 30 35 63 38 31 36 08 03 06 09 00 04 65 07 01 05 29 24 27 22 20 25 62 28 21 26 23 53 75 33 02 13 45 44 48 47 46 40 49 64 41 42 43 
15 12 18 13 17 16 11 19 10 61 55 52 60 58 53 57 56 51 59 50 66 69 76 74 75 68 73 67 70 72 35 32 63 38 33 37 36 31 39 30 04 09 65 07 02 06 05 01 08 00 25 22 62 28 23 27 26 21 29 20 24 54 71 34 03 14 47 42 41 64 40 43 45 46 49 48 44 
16 19 15 18 10 14 17 61 12 13 56 59 53 55 58 50 54 57 60 52 73 70 75 66 74 72 71 68 76 69 36 39 33 35 38 30 34 37 63 32 05 08 02 04 07 00 03 06 65 09 26 29 23 25 28 20 24 27 62 22 21 51 67 31 01 11 40 49 47 43 42 48 46 44 64 45 41 
11 13 14 16 19 17 12 18 61 15 51 53 55 54 56 59 57 52 58 60 67 75 66 71 73 70 68 69 74 76 31 33 35 34 36 39 37 32 38 63 01 02 04 03 05 08 06 09 07 65 21 23 25 24 26 29 27 22 28 62 20 50 72 30 00 10 49 43 42 45 64 46 41 47 48 44 40 
14 61 16 15 12 11 10 13 19 18 54 60 58 56 55 52 51 50 53 59 71 76 74 73 66 69 67 72 75 70 34 63 38 36 35 32 31 30 33 39 03 65 07 05 04 09 01 00 02 08 24 62 28 26 25 22 21 20 23 29 27 57 68 37 06 17 42 64 40 48 49 45 44 41 43 46 47 
30 35 37 31 33 32 63 36 38 34 20 25 24 27 21 23 22 62 26 28 00 04 03 06 01 02 09 65 05 07 72 66 71 68 67 75 69 76 73 74 40 45 44 47 41 43 42 64 46 48 10 15 14 17 11 13 12 61 16 18 19 29 08 70 49 39 53 55 60 54 58 51 50 52 56 57 59 
63 31 39 32 36 33 35 37 34 30 62 21 20 29 22 26 23 25 27 24 65 01 00 08 09 05 02 04 06 03 76 67 72 70 69 73 75 66 68 71 64 41 40 49 42 46 43 45 47 44 61 11 10 19 12 16 13 15 17 14 18 28 07 74 48 38 56 51 55 50 54 52 60 53 57 59 58 
33 37 63 39 34 38 36 30 31 32 23 27 22 62 29 24 28 26 20 21 02 06 09 65 08 03 07 05 00 01 75 68 69 76 70 71 74 73 72 67 43 47 42 64 49 44 48 46 40 41 13 17 12 61 19 14 18 16 10 11 15 25 04 66 45 35 54 57 56 52 51 59 53 58 50 60 55 
38 30 33 63 31 35 34 32 37 39 28 20 29 23 62 21 25 24 22 27 07 00 08 02 65 01 04 03 09 06 74 72 70 75 76 67 66 71 69 68 48 40 49 43 64 41 45 44 42 47 18 10 19 13 61 11 15 14 12 17 16 26 05 73 46 36 51 50 54 59 57 60 58 55 52 53 56 
37 38 31 34 63 30 39 35 33 36 27 28 26 21 24 62 20 29 25 23 06 07 05 01 03 65 00 08 04 02 68 74 73 67 71 76 72 70 66 75 47 48 46 41 44 64 40 49 45 43 17 18 16 11 14 61 10 19 15 13 12 22 09 69 42 32 60 58 59 56 53 54 57 50 55 51 52 
39 34 32 30 35 63 38 31 36 37 29 24 27 22 20 25 62 28 21 26 08 03 06 09 00 04 65 07 01 05 70 71 68 69 72 66 76 74 67 73 49 44 47 42 40 45 64 48 41 46 19 14 17 12 10 15 61 18 11 16 13 23 02 75 43 33 55 54 58 57 56 50 59 60 51 52 53 
35 32 38 33 37 36 31 39 30 63 25 22 62 28 23 27 26 21 29 20 04 09 65 07 02 06 05 01 08 00 66 69 76 74 75 68 73 67 70 72 45 42 64 48 43 47 46 41 49 40 15 12 61 18 13 17 16 11 19 10 14 24 03 71 44 34 57 52 51 60 50 53 55 56 59 58 54 
36 39 35 38 30 34 37 63 32 33 26 29 23 25 28 20 24 27 62 22 05 08 02 04 07 00 03 06 65 09 73 70 75 66 74 72 71 68 76 69 46 49 43 45 48 40 44 47 64 42 16 19 13 15 18 10 14 17 61 12 11 21 01 67 41 31 50 59 57 53 52 58 56 54 60 55 51 
31 33 34 36 39 37 32 38 63 35 21 23 25 24 26 29 27 22 28 62 01 02 04 03 05 08 06 09 07 65 67 75 66 71 73 70 68 69 74 76 41 43 45 44 46 49 47 42 48 64 11 13 15 14 16 19 17 12 18 61 10 20 00 72 40 30 59 53 52 55 60 56 51 57 58 54 50 
34 63 36 35 32 31 30 33 39 38 24 62 28 26 25 22 21 20 23 29 03 65 07 05 04 09 01 00 02 08 71 76 74 73 66 69 67 72 75 70 44 64 48 46 45 42 41 40 43 49 14 61 18 16 15 12 11 10 13 19 17 27 06 68 47 37 52 60 50 58 59 55 54 51 53 56 57 
20 25 27 21 23 22 62 26 28 24 40 45 44 47 41 43 42 64 46 48 30 35 34 37 31 33 32 63 36 38 10 15 14 17 11 13 12 61 16 18 72 66 71 68 67 75 69 76 73 74 50 55 54 57 51 53 52 60 56 58 59 49 39 19 70 29 02 04 65 03 07 01 00 09 05 06 08 
62 21 29 22 26 23 25 27 24 20 64 41 40 49 42 46 43 45 47 44 63 31 30 39 32 36 33 35 37 34 61 11 10 19 12 16 13 15 17 14 76 67 72 70 69 73 75 66 68 71 60 51 50 59 52 56 53 55 57 54 58 48 38 18 74 28 05 01 04 00 03 09 65 02 06 08 07 
23 27 62 29 24 28 26 20 21 22 43 47 42 64 49 44 48 46 40 41 33 37 32 63 39 34 38 36 30 31 13 17 12 61 19 14 18 16 10 11 75 68 69 76 70 71 74 73 72 67 53 57 52 60 59 54 58 56 50 51 55 45 35 15 66 25 03 06 05 09 01 08 02 07 00 65 04 
28 20 23 62 21 25 24 22 27 29 48 40 49 43 64 41 45 44 42 47 38 30 39 33 63 31 35 34 32 37 18 10 19 13 61 11 15 14 12 17 74 72 70 75 76 67 66 71 69 68 58 50 59 53 60 51 55 54 52 57 56 46 36 16 73 26 01 00 03 08 06 65 07 04 09 02 05 
27 28 21 24 62 20 29 25 23 26 47 48 46 41 44 64 40 49 45 43 37 38 36 31 34 63 30 39 35 33 17 18 16 11 14 61 10 19 15 13 68 74 73 67 71 76 72 70 66 75 57 58 56 51 54 60 50 59 55 53 52 42 32 12 69 22 65 07 08 05 02 03 06 00 04 01 09 
29 24 22 20 25 62 28 21 26 27 49 44 47 42 40 45 64 48 41 46 39 34 37 32 30 35 63 38 31 36 19 14 17 12 10 15 61 18 11 16 70 71 68 69 72 66 76 74 67 73 59 54 57 52 50 55 60 58 51 56 53 43 33 13 75 23 04 03 07 06 05 00 08 65 01 09 02 
25 22 28 23 27 26 21 29 20 62 45 42 64 48 43 47 46 41 49 40 35 32 63 38 33 37 36 31 39 30 15 12 61 18 13 17 16 11 19 10 66 69 76 74 75 68 73 67 70 72 55 52 60 58 53 57 56 51 59 50 54 44 34 14 71 24 06 09 01 65 00 02 04 05 08 07 03 
26 29 25 28 20 24 27 62 22 23 46 49 43 45 48 40 44 47 64 42 36 39 33 35 38 30 34 37 63 32 16 19 13 15 18 10 14 17 61 12 73 70 75 66 74 72 71 68 76 69 56 59 53 55 58 50 54 57 60 52 51 41 31 11 67 21 00 08 06 02 09 07 05 03 65 04 01 
21 23 24 26 29 27 22 28 62 25 41 43 45 44 46 49 47 42 48 64 31 33 35 34 36 39 37 32 38 63 11 13 15 14 16 19 17 12 18 61 67 75 66 71 73 70 68 69 74 76 51 53 55 54 56 59 57 52 58 60 50 40 30 10 72 20 08 02 09 04 65 05 01 06 07 03 00 
24 62 26 25 22 21 20 23 29 28 44 64 48 46 45 42 41 40 43 49 34 63 38 36 35 32 31 30 33 39 14 61 18 16 15 12 11 10 13 19 71 76 74 73 66 69 67 72 75 70 54 60 58 56 55 52 51 50 53 59 57 47 37 17 68 27 09 65 00 07 08 04 03 01 02 05 06 
00 04 06 01 02 09 65 05 07 03 30 35 34 37 31 33 32 63 36 38 50 55 54 57 51 53 52 60 56 58 40 45 44 47 41 43 42 64 46 48 20 25 24 27 21 23 22 62 26 28 72 66 71 68 67 75 69 76 73 74 70 39 59 49 29 08 13 15 61 14 18 11 10 12 16 17 19 
65 01 08 09 05 02 04 06 03 00 63 31 30 39 32 36 33 35 37 34 60 51 50 59 52 56 53 55 57 54 64 41 40 49 42 46 43 45 47 44 62 21 20 29 22 26 23 25 27 24 76 67 72 70 69 73 75 66 68 71 74 38 58 48 28 07 16 11 15 10 14 12 61 13 17 19 18 
02 06 65 08 03 07 05 00 01 09 33 37 32 63 39 34 38 36 30 31 53 57 52 60 59 54 58 56 50 51 43 47 42 64 49 44 48 46 40 41 23 27 22 62 29 24 28 26 20 21 75 68 69 76 70 71 74 73 72 67 66 35 55 45 25 04 14 17 16 12 11 19 13 18 10 61 15 
07 00 02 65 01 04 03 09 06 08 38 30 39 33 63 31 35 34 32 37 58 50 59 53 60 51 55 54 52 57 48 40 49 43 64 41 45 44 42 47 28 20 29 23 62 21 25 24 22 27 74 72 70 75 76 67 66 71 69 68 73 36 56 46 26 05 11 10 14 19 17 61 18 15 12 13 16 
06 07 01 03 65 00 08 04 02 05 37 38 36 31 34 63 30 39 35 33 57 58 56 51 54 60 50 59 55 53 47 48 46 41 44 64 40 49 45 43 27 28 26 21 24 62 20 29 25 23 68 74 73 67 71 76 72 70 66 75 69 32 52 42 22 09 61 18 19 16 13 14 17 10 15 11 12 
08 03 09 00 04 65 07 01 05 06 39 34 37 32 30 35 63 38 31 36 59 54 57 52 50 55 60 58 51 56 49 44 47 42 40 45 64 48 41 46 29 24 27 22 20 25 62 28 21 26 70 71 68 69 72 66 76 74 67 73 75 33 53 43 23 02 15 14 18 17 16 10 19 61 11 12 13 
04 09 07 02 06 05 01 08 00 65 35 32 63 38 33 37 36 31 39 30 55 52 60 58 53 57 56 51 59 50 45 42 64 48 43 47 46 41 49 40 25 22 62 28 23 27 26 21 29 20 66 69 76 74 75 68 73 67 70 72 71 34 54 44 24 03 17 12 11 61 10 13 15 16 19 18 14 
05 08 04 07 00 03 06 65 09 02 36 39 33 35 38 30 34 37 63 32 56 59 53 55 58 50 54 57 60 52 46 49 43 45 48 40 44 47 64 42 26 29 23 25 28 20 24 27 62 22 73 70 75 66 74 72 71 68 76 69 67 31 51 41 21 01 10 19 17 13 12 18 16 14 61 15 11 
01 02 03 05 08 06 09 07 65 04 31 33 35 34 36 39 37 32 38 63 51 53 55 54 56 59 57 52 58 60 41 43 45 44 46 49 47 42 48 64 21 23 25 24 26 29 27 22 28 62 67 75 66 71 73 70 68 69 74 76 72 30 50 40 20 00 19 13 12 15 61 16 11 17 18 14 10 
03 65 05 04 09 01 00 02 08 07 34 63 38 36 35 32 31 30 33 39 54 60 58 56 55 52 51 50 53 59 44 64 48 46 45 42 41 40 43 49 24 62 28 26 25 22 21 20 23 29 71 76 74 73 66 69 67 72 75 70 68 37 57 47 27 06 12 61 10 18 19 15 14 11 13 16 17 
09 05 00 06 07 08 02 03 04 01 32 36 31 30 37 38 39 33 34 35 52 56 51 50 57 58 59 53 54 55 42 46 41 40 47 48 49 43 44 45 22 26 21 20 27 28 29 23 24 25 69 73 67 72 68 74 70 75 71 66 76 63 60 64 62 65 18 16 13 11 15 17 12 19 14 10 61 
42 46 40 47 48 49 43 44 45 41 69 73 67 72 68 74 70 75 71 66 22 26 21 20 27 28 29 23 24 25 52 56 51 50 57 58 59 53 54 55 12 16 11 10 17 18 19 13 14 15 09 05 01 00 06 07 08 02 03 04 65 76 62 60 61 64 38 36 33 31 35 37 32 39 34 30 63 
12 16 10 17 18 19 13 14 15 11 52 56 51 50 57 58 59 53 54 55 69 73 67 72 68 74 70 75 71 66 32 36 31 30 37 38 39 33 34 35 09 05 01 00 06 07 08 02 03 04 22 26 21 20 27 28 29 23 24 25 62 60 76 63 65 61 48 46 43 41 45 47 42 49 44 40 64 
32 36 30 37 38 39 33 34 35 31 22 26 21 20 27 28 29 23 24 25 09 05 01 00 06 07 08 02 03 04 69 73 67 72 68 74 70 75 71 66 42 46 41 40 47 48 49 43 44 45 12 16 11 10 17 18 19 13 14 15 61 62 65 76 64 63 58 56 53 51 55 57 52 59 54 50 60 
22 26 20 27 28 29 23 24 25 21 42 46 41 40 47 48 49 43 44 45 32 36 31 30 37 38 39 33 34 35 12 16 11 10 17 18 19 13 14 15 69 73 67 72 68 74 70 75 71 66 52 56 51 50 57 58 59 53 54 55 60 64 63 61 76 62 07 05 02 01 04 06 09 08 03 00 65 
69 73 72 68 74 70 75 71 66 67 12 16 11 10 17 18 19 13 14 15 42 46 41 40 47 48 49 43 44 45 09 05 01 00 06 07 08 02 03 04 52 56 51 50 57 58 59 53 54 55 32 36 31 30 37 38 39 33 34 35 63 61 64 65 60 76 28 26 23 21 25 27 22 29 24 20 62 
59 54 52 50 55 60 58 51 56 57 08 03 06 09 00 04 65 07 01 05 19 14 17 12 10 15 61 18 11 16 29 24 27 22 20 25 62 28 21 26 39 34 37 32 30 35 63 38 31 36 49 44 47 42 40 45 64 48 41 46 43 02 13 23 33 53 66 69 76 73 67 68 74 71 75 70 72 
60 51 59 52 56 53 55 57 54 50 65 01 00 08 09 05 02 04 06 03 61 11 10 19 12 16 13 15 17 14 62 21 20 29 22 26 23 25 27 24 63 31 30 39 32 36 33 35 37 34 64 41 40 49 42 46 43 45 47 44 48 07 18 28 38 58 76 67 72 75 66 73 70 74 69 68 71 
56 59 55 58 50 54 57 60 52 53 05 08 02 04 07 00 03 06 65 09 16 19 13 15 18 10 14 17 61 12 26 29 23 25 28 20 24 27 62 22 36 39 33 35 38 30 34 37 63 32 46 49 43 45 48 40 44 47 64 42 41 01 11 21 31 51 70 71 68 76 74 66 69 75 72 67 73 
53 57 60 59 54 58 56 50 51 52 02 06 09 65 08 03 07 05 00 01 13 17 12 61 19 14 18 16 10 11 23 27 22 62 29 24 28 26 20 21 33 37 32 63 39 34 38 36 30 31 43 47 42 64 49 44 48 46 40 41 45 04 15 25 35 55 72 66 71 69 76 75 68 70 67 73 74 
54 60 56 55 52 51 50 53 59 58 03 65 07 05 04 09 01 00 02 08 14 61 18 16 15 12 11 10 13 19 24 62 28 26 25 22 21 20 23 29 34 63 38 36 35 32 31 30 33 39 44 64 48 46 45 42 41 40 43 49 47 06 17 27 37 57 68 74 73 72 70 76 67 69 71 66 75 
57 58 51 54 60 50 59 55 53 56 06 07 05 01 03 65 00 08 04 02 17 18 16 11 14 61 10 19 15 13 27 28 26 21 24 62 20 29 25 23 37 38 36 31 34 63 30 39 35 33 47 48 46 41 44 64 40 49 45 43 42 09 12 22 32 52 75 68 69 74 73 71 76 66 70 72 67 
50 55 57 51 53 52 60 56 58 54 00 04 03 06 01 02 09 65 05 07 10 15 14 17 11 13 12 61 16 18 20 25 24 27 21 23 22 62 26 28 30 35 34 37 31 33 32 63 36 38 40 45 44 47 41 43 42 64 46 48 49 08 19 29 39 59 69 73 67 70 75 74 72 76 68 71 66 
55 52 58 53 57 56 51 59 50 60 04 09 65 07 02 06 05 01 08 00 15 12 61 18 13 17 16 11 19 10 25 22 62 28 23 27 26 21 29 20 35 32 63 38 33 37 36 31 39 30 45 42 64 48 43 47 46 41 49 40 44 03 14 24 34 54 74 72 70 66 71 67 75 73 76 69 68 
51 53 54 56 59 57 52 58 60 55 01 02 04 03 05 08 06 09 07 65 11 13 15 14 16 19 17 12 18 61 21 23 25 24 26 29 27 22 28 62 31 33 35 34 36 39 37 32 38 63 41 43 45 44 46 49 47 42 48 64 40 00 10 20 30 50 73 70 75 71 68 72 66 67 74 76 69 
58 50 53 60 51 55 54 52 57 59 07 00 08 02 65 01 04 03 09 06 18 10 19 13 61 11 15 14 12 17 28 20 29 23 62 21 25 24 22 27 38 30 39 33 63 31 35 34 32 37 48 40 49 43 64 41 45 44 42 47 46 05 16 26 36 56 71 76 74 67 72 69 73 68 66 75 70 
52 56 50 57 58 59 53 54 55 51 09 05 01 00 06 07 08 02 03 04 12 16 11 10 17 18 19 13 14 15 22 26 21 20 27 28 29 23 24 25 32 36 31 30 37 38 39 33 34 35 42 46 41 40 47 48 49 43 44 45 64 65 61 62 63 60 67 75 66 68 69 70 71 72 73 74 76 
