67 74 68 75 66 71 76 69 72 73 13 11 17 16 12 10 14 61 15 18 43 40 47 46 42 41 44 64 45 48 02 00 06 05 01 09 03 65 04 07 52 53 57 56 50 51 54 60 55 58 37 33 31 36 32 30 34 63 35 38 39 19 49 08 59 70 23 21 24 20 28 22 25 26 62 27 29 
72 75 76 68 71 67 73 66 74 70 19 18 12 61 16 14 11 13 10 17 49 48 42 64 46 44 40 43 41 47 08 07 01 65 05 03 00 02 09 06 58 59 50 60 56 54 52 53 51 57 32 39 38 63 36 34 31 33 30 37 35 15 45 04 55 69 29 28 21 24 27 26 20 62 23 22 25 
74 68 73 76 67 72 70 71 75 69 15 17 16 13 61 11 18 19 14 12 45 47 46 43 64 40 48 49 44 42 04 06 05 02 65 00 07 08 03 01 57 55 56 53 60 52 58 59 54 50 36 35 37 33 63 31 38 39 34 32 30 10 41 09 51 66 25 27 28 21 22 62 24 23 29 26 20 
70 66 67 71 76 73 72 68 69 74 17 19 10 11 14 61 13 18 16 15 47 49 41 40 44 64 43 48 46 45 06 08 09 00 03 65 02 07 05 04 59 57 51 52 54 60 53 58 56 55 30 37 39 31 34 63 33 38 36 35 32 12 42 01 50 75 27 29 23 62 25 24 26 21 28 20 22 
71 72 75 74 69 66 68 70 67 76 61 14 18 12 17 15 10 16 19 11 64 44 48 42 47 45 41 46 49 40 65 03 07 01 06 04 09 05 08 00 54 60 58 50 57 55 51 56 59 52 38 63 34 32 37 35 30 36 39 31 33 13 43 02 53 73 62 24 20 25 21 27 29 22 26 28 23 
76 70 66 69 75 68 71 74 73 67 11 61 19 10 15 12 16 14 17 13 40 64 49 41 45 42 46 44 47 43 00 65 08 09 04 01 05 03 06 02 60 52 59 51 55 50 56 54 57 53 39 31 63 30 35 32 36 34 37 33 38 18 48 07 58 72 21 62 26 22 23 25 27 20 24 29 28 
69 71 72 67 73 70 74 76 66 75 12 15 14 18 11 13 19 17 61 10 42 45 44 48 40 43 49 47 64 41 01 04 03 07 00 02 08 06 65 09 55 50 54 58 52 53 59 57 60 51 34 32 35 38 31 33 39 37 63 30 36 16 46 05 56 68 22 25 29 23 20 21 62 28 27 24 26 
68 73 69 70 74 75 66 72 76 71 14 16 13 15 19 17 12 10 18 61 44 46 43 45 49 47 42 41 48 64 03 05 02 04 08 06 01 09 07 65 56 54 53 55 59 57 50 51 58 60 33 34 36 35 39 37 32 30 38 63 31 11 40 00 52 67 24 26 22 27 62 29 28 25 20 23 21 
73 69 71 66 68 76 67 75 70 72 18 13 15 14 10 16 61 11 12 19 48 43 45 44 41 46 64 40 42 49 07 02 04 03 09 05 65 00 01 08 53 58 55 54 51 56 60 52 50 59 35 38 33 34 30 36 63 31 32 39 37 17 47 06 57 74 28 23 62 26 29 20 22 24 21 25 27 
75 76 70 73 72 74 69 67 68 66 10 12 61 19 13 18 17 15 11 16 41 42 64 49 43 48 47 45 40 46 09 01 65 08 02 07 06 04 00 05 50 51 60 59 53 58 57 55 52 56 63 30 32 39 33 38 37 35 31 36 34 14 44 03 54 71 20 22 27 28 26 23 21 29 25 62 24 
42 64 49 43 48 47 45 40 46 41 66 75 76 70 73 72 74 69 67 68 20 22 62 29 23 28 27 25 21 26 51 50 60 59 53 58 57 55 52 56 12 10 61 19 13 18 17 15 11 16 65 09 01 08 02 07 06 04 00 05 03 71 24 54 14 44 30 32 37 38 36 33 31 39 35 63 34 
40 47 46 42 41 44 64 45 48 43 73 67 74 68 75 66 71 76 69 72 23 21 27 26 22 20 24 62 25 28 53 52 57 56 50 51 54 60 55 58 11 13 17 16 12 10 14 61 15 18 06 02 00 05 01 09 03 65 04 07 08 70 29 59 19 49 33 31 34 30 38 32 35 36 63 37 39 
48 42 64 46 44 40 43 41 47 49 70 72 75 76 68 71 67 73 66 74 29 28 22 62 26 24 21 23 20 27 59 58 50 60 56 54 52 53 51 57 18 19 12 61 16 14 11 13 10 17 01 08 07 65 05 03 00 02 09 06 04 69 25 55 15 45 39 38 31 34 37 36 30 63 33 32 35 
47 46 43 64 40 48 49 44 42 45 69 74 68 73 76 67 72 70 71 75 25 27 26 23 62 21 28 29 24 22 55 57 56 53 60 52 58 59 54 50 17 15 16 13 61 11 18 19 14 12 05 04 06 02 65 00 07 08 03 01 09 66 20 51 10 41 35 37 38 31 32 63 34 33 39 36 30 
49 41 40 44 64 43 48 46 45 47 74 70 66 67 71 76 73 72 68 69 27 29 20 21 24 62 23 28 26 25 57 59 51 52 54 60 53 58 56 55 19 17 10 11 14 61 13 18 16 15 09 06 08 00 03 65 02 07 05 04 01 75 22 50 12 42 37 39 33 63 35 34 36 31 38 30 32 
44 48 42 47 45 41 46 49 40 64 76 71 72 75 74 69 66 68 70 67 62 24 28 22 27 25 20 26 29 21 60 54 58 50 57 55 51 56 59 52 14 61 18 12 17 15 10 16 19 11 07 65 03 01 06 04 09 05 08 00 02 73 23 53 13 43 63 34 30 35 31 37 39 32 36 38 33 
64 49 41 45 42 46 44 47 43 40 67 76 70 66 69 75 68 71 74 73 21 62 29 20 25 22 26 24 27 23 52 60 59 51 55 50 56 54 57 53 61 11 19 10 15 12 16 14 17 13 08 00 65 09 04 01 05 03 06 02 07 72 28 58 18 48 31 63 36 32 33 35 37 30 34 39 38 
45 44 48 40 43 49 47 64 41 42 75 69 71 72 67 73 70 74 76 66 22 25 24 28 21 23 29 27 62 20 50 55 54 58 52 53 59 57 60 51 15 12 14 18 11 13 19 17 61 10 03 01 04 07 00 02 08 06 65 09 05 68 26 56 16 46 32 35 39 33 30 31 63 38 37 34 36 
46 43 45 49 47 42 41 48 64 44 71 68 73 69 70 74 75 66 72 76 24 26 23 25 29 27 22 20 28 62 54 56 53 55 59 57 50 51 58 60 16 14 13 15 19 17 12 10 18 61 02 03 05 04 08 06 01 09 07 65 00 67 21 52 11 40 34 36 32 37 63 39 38 35 30 33 31 
43 45 44 41 46 64 40 42 49 48 72 73 69 71 66 68 76 67 75 70 28 23 25 24 20 26 62 21 22 29 58 53 55 54 51 56 60 52 50 59 13 18 15 14 10 16 61 11 12 19 04 07 02 03 09 05 65 00 01 08 06 74 27 57 17 47 38 33 63 36 39 30 32 34 31 35 37 
12 61 19 13 18 17 15 11 16 10 51 50 60 59 53 58 57 55 52 56 66 75 76 70 73 72 74 69 67 68 30 32 63 39 33 38 37 35 31 36 01 09 65 08 02 07 06 04 00 05 62 20 22 29 23 28 27 25 21 26 24 54 71 34 03 14 41 42 47 48 46 43 40 49 45 64 44 
11 17 16 12 10 14 61 15 18 13 53 52 57 56 50 51 54 60 55 58 73 67 74 68 75 66 71 76 69 72 33 31 37 36 32 30 34 63 35 38 00 02 06 05 01 09 03 65 04 07 27 23 21 26 22 20 24 62 25 28 29 59 70 39 08 19 43 40 44 41 48 42 45 46 64 47 49 
18 12 61 16 14 11 13 10 17 19 59 58 50 60 56 54 52 53 51 57 70 72 75 76 68 71 67 73 66 74 39 38 32 63 36 34 31 33 30 37 07 08 01 65 05 03 00 02 09 06 22 29 28 62 26 24 21 23 20 27 25 55 69 35 04 15 49 48 40 44 47 46 41 64 43 42 45 
17 16 13 61 11 18 19 14 12 15 55 57 56 53 60 52 58 59 54 50 69 74 68 73 76 67 72 70 71 75 35 37 36 33 63 31 38 39 34 32 06 04 05 02 65 00 07 08 03 01 26 25 27 23 62 21 28 29 24 22 20 51 66 30 09 10 45 47 48 40 42 64 44 43 49 46 41 
19 10 11 14 61 13 18 16 15 17 57 59 51 52 54 60 53 58 56 55 74 70 66 67 71 76 73 72 68 69 37 39 30 31 34 63 33 38 36 35 08 06 09 00 03 65 02 07 05 04 20 27 29 21 24 62 23 28 26 25 22 50 75 32 01 12 47 49 43 64 45 44 46 40 48 41 42 
14 18 12 17 15 10 16 19 11 61 60 54 58 50 57 55 51 56 59 52 76 71 72 75 74 69 66 68 70 67 63 34 38 32 37 35 30 36 39 31 03 65 07 01 06 04 09 05 08 00 28 62 24 22 27 25 20 26 29 21 23 53 73 33 02 13 64 44 41 45 40 47 49 42 46 48 43 
61 19 10 15 12 16 14 17 13 11 52 60 59 51 55 50 56 54 57 53 67 76 70 66 69 75 68 71 74 73 31 63 39 30 35 32 36 34 37 33 65 00 08 09 04 01 05 03 06 02 29 21 62 20 25 22 26 24 27 23 28 58 72 38 07 18 40 64 46 42 43 45 47 41 44 49 48 
15 14 18 11 13 19 17 61 10 12 50 55 54 58 52 53 59 57 60 51 75 69 71 72 67 73 70 74 76 66 32 35 34 38 31 33 39 37 63 30 04 01 03 07 00 02 08 06 65 09 24 22 25 28 21 23 29 27 62 20 26 56 68 36 05 16 42 45 49 43 41 40 64 48 47 44 46 
16 13 15 19 17 12 10 18 61 14 54 56 53 55 59 57 50 51 58 60 71 68 73 69 70 74 75 66 72 76 34 36 33 35 39 37 32 30 38 63 05 03 02 04 08 06 01 09 07 65 23 24 26 25 29 27 22 20 28 62 21 52 67 31 00 11 44 46 42 47 64 49 48 45 41 43 40 
13 15 14 10 16 61 11 12 19 18 58 53 55 54 51 56 60 52 50 59 72 73 69 71 66 68 76 67 75 70 38 33 35 34 30 36 63 31 32 39 02 07 04 03 09 05 65 00 01 08 25 28 23 24 20 26 62 21 22 29 27 57 74 37 06 17 48 43 64 46 49 41 42 44 40 45 47 
32 63 39 33 38 37 35 31 36 30 20 22 62 29 23 28 27 25 21 26 09 01 65 08 02 07 06 04 00 05 66 75 76 70 73 72 74 69 67 68 42 41 64 49 43 48 47 45 40 46 61 10 12 19 13 18 17 15 11 16 14 24 03 71 44 34 51 50 57 58 56 53 52 59 55 60 54 
31 37 36 32 30 34 63 35 38 33 23 21 27 26 22 20 24 62 25 28 02 00 06 05 01 09 03 65 04 07 73 67 74 68 75 66 71 76 69 72 40 43 47 46 42 41 44 64 45 48 17 13 11 16 12 10 14 61 15 18 19 29 08 70 49 39 53 52 54 51 58 50 55 56 60 57 59 
38 32 63 36 34 31 33 30 37 39 29 28 22 62 26 24 21 23 20 27 08 07 01 65 05 03 00 02 09 06 70 72 75 76 68 71 67 73 66 74 48 49 42 64 46 44 40 43 41 47 12 19 18 61 16 14 11 13 10 17 15 25 04 69 45 35 59 58 52 54 57 56 51 60 53 50 55 
37 36 33 63 31 38 39 34 32 35 25 27 26 23 62 21 28 29 24 22 04 06 05 02 65 00 07 08 03 01 69 74 68 73 76 67 72 70 71 75 47 45 46 43 64 40 48 49 44 42 16 15 17 13 61 11 18 19 14 12 10 20 09 66 41 30 55 57 58 52 50 60 54 53 59 56 51 
39 30 31 34 63 33 38 36 35 37 27 29 20 21 24 62 23 28 26 25 06 08 09 00 03 65 02 07 05 04 74 70 66 67 71 76 73 72 68 69 49 47 41 40 44 64 43 48 46 45 10 17 19 11 14 61 13 18 16 15 12 22 01 75 42 32 57 59 53 60 55 54 56 52 58 51 50 
34 38 32 37 35 30 36 39 31 63 62 24 28 22 27 25 20 26 29 21 65 03 07 01 06 04 09 05 08 00 76 71 72 75 74 69 66 68 70 67 44 64 48 42 47 45 41 46 49 40 18 61 14 12 17 15 10 16 19 11 13 23 02 73 43 33 60 54 51 55 52 57 59 50 56 58 53 
63 39 30 35 32 36 34 37 33 31 21 62 29 20 25 22 26 24 27 23 00 65 08 09 04 01 05 03 06 02 67 76 70 66 69 75 68 71 74 73 64 40 49 41 45 42 46 44 47 43 19 11 61 10 15 12 16 14 17 13 18 28 07 72 48 38 52 60 56 50 53 55 57 51 54 59 58 
35 34 38 31 33 39 37 63 30 32 22 25 24 28 21 23 29 27 62 20 01 04 03 07 00 02 08 06 65 09 75 69 71 72 67 73 70 74 76 66 45 42 44 48 40 43 49 47 64 41 14 12 15 18 11 13 19 17 61 10 16 26 05 68 46 36 50 55 59 53 51 52 60 58 57 54 56 
36 33 35 39 37 32 30 38 63 34 24 26 23 25 29 27 22 20 28 62 03 05 02 04 08 06 01 09 07 65 71 68 73 69 70 74 75 66 72 76 46 44 43 45 49 47 42 41 48 64 13 14 16 15 19 17 12 10 18 61 11 21 00 67 40 31 54 56 50 57 60 59 58 55 51 53 52 
33 35 34 30 36 63 31 32 39 38 28 23 25 24 20 26 62 21 22 29 07 02 04 03 09 05 65 00 01 08 72 73 69 71 66 68 76 67 75 70 43 48 45 44 41 46 64 40 42 49 15 18 13 14 10 16 61 11 12 19 17 27 06 74 47 37 58 53 60 56 59 51 50 54 52 55 57 
21 27 26 22 20 24 62 25 28 23 43 40 47 46 42 41 44 64 45 48 33 31 37 36 32 30 34 63 35 38 13 11 17 16 12 10 14 61 15 18 67 73 74 68 75 66 71 76 69 72 57 53 52 56 50 51 54 60 55 58 59 49 39 19 70 29 02 00 03 09 07 01 04 05 65 06 08 
22 62 29 23 28 27 25 21 26 20 41 42 64 49 43 48 47 45 40 46 30 32 63 39 33 38 37 35 31 36 10 12 61 19 13 18 17 15 11 16 75 66 76 70 73 72 74 69 67 68 60 51 50 59 53 58 57 55 52 56 54 44 34 14 71 24 09 01 06 07 05 02 00 08 04 65 03 
28 22 62 26 24 21 23 20 27 29 49 48 42 64 46 44 40 43 41 47 39 38 32 63 36 34 31 33 30 37 19 18 12 61 16 14 11 13 10 17 72 70 75 76 68 71 67 73 66 74 50 59 58 60 56 54 52 53 51 57 55 45 35 15 69 25 08 07 00 03 06 05 09 65 02 01 04 
27 26 23 62 21 28 29 24 22 25 45 47 46 43 64 40 48 49 44 42 35 37 36 33 63 31 38 39 34 32 15 17 16 13 61 11 18 19 14 12 74 69 68 73 76 67 72 70 71 75 56 55 57 53 60 52 58 59 54 50 51 41 30 10 66 20 04 06 07 00 01 65 03 02 08 05 09 
29 20 21 24 62 23 28 26 25 27 47 49 41 40 44 64 43 48 46 45 37 39 30 31 34 63 33 38 36 35 17 19 10 11 14 61 13 18 16 15 70 74 66 67 71 76 73 72 68 69 51 57 59 52 54 60 53 58 56 55 50 42 32 12 75 22 06 08 02 65 04 03 05 00 07 09 01 
24 28 22 27 25 20 26 29 21 62 64 44 48 42 47 45 41 46 49 40 63 34 38 32 37 35 30 36 39 31 61 14 18 12 17 15 10 16 19 11 71 76 72 75 74 69 66 68 70 67 58 60 54 50 57 55 51 56 59 52 53 43 33 13 73 23 65 03 09 04 00 06 08 01 05 07 02 
62 29 20 25 22 26 24 27 23 21 40 64 49 41 45 42 46 44 47 43 31 63 39 30 35 32 36 34 37 33 11 61 19 10 15 12 16 14 17 13 76 67 70 66 69 75 68 71 74 73 59 52 60 51 55 50 56 54 57 53 58 48 38 18 72 28 00 65 05 01 02 04 06 09 03 08 07 
25 24 28 21 23 29 27 62 20 22 42 45 44 48 40 43 49 47 64 41 32 35 34 38 31 33 39 37 63 30 12 15 14 18 11 13 19 17 61 10 69 75 71 72 67 73 70 74 76 66 54 50 55 58 52 53 59 57 60 51 56 46 36 16 68 26 01 04 08 02 09 00 65 07 06 03 05 
26 23 25 29 27 22 20 28 62 24 44 46 43 45 49 47 42 41 48 64 34 36 33 35 39 37 32 30 38 63 14 16 13 15 19 17 12 10 18 61 68 71 73 69 70 74 75 66 72 76 53 54 56 55 59 57 50 51 58 60 52 40 31 11 67 21 03 05 01 06 65 08 07 04 09 02 00 
23 25 24 20 26 62 21 22 29 28 48 43 45 44 41 46 64 40 42 49 38 33 35 34 30 36 63 31 32 39 18 13 15 14 10 16 61 11 12 19 73 72 69 71 66 68 76 67 75 70 55 58 53 54 51 56 60 52 50 59 57 47 37 17 74 27 07 02 65 05 08 09 01 03 00 04 06 
07 01 65 05 03 00 02 09 06 08 39 38 32 63 36 34 31 33 30 37 59 58 50 60 56 54 52 53 51 57 49 48 42 64 46 44 40 43 41 47 28 29 22 62 26 24 21 23 20 27 75 70 72 76 68 71 67 73 66 74 69 35 55 45 25 04 19 18 11 14 17 16 10 61 13 12 15 
01 65 08 02 07 06 04 00 05 09 30 32 63 39 33 38 37 35 31 36 51 50 60 59 53 58 57 55 52 56 41 42 64 49 43 48 47 45 40 46 22 20 62 29 23 28 27 25 21 26 76 66 75 70 73 72 74 69 67 68 71 34 54 44 24 03 10 12 17 18 16 13 11 19 15 61 14 
00 06 05 01 09 03 65 04 07 02 33 31 37 36 32 30 34 63 35 38 53 52 57 56 50 51 54 60 55 58 43 40 47 46 42 41 44 64 45 48 21 23 27 26 22 20 24 62 25 28 74 73 67 68 75 66 71 76 69 72 70 39 59 49 29 08 13 11 14 10 18 12 15 16 61 17 19 
06 05 02 65 00 07 08 03 01 04 35 37 36 33 63 31 38 39 34 32 55 57 56 53 60 52 58 59 54 50 45 47 46 43 64 40 48 49 44 42 27 25 26 23 62 21 28 29 24 22 68 69 74 73 76 67 72 70 71 75 66 30 51 41 20 09 15 17 18 11 12 61 14 13 19 16 10 
08 09 00 03 65 02 07 05 04 06 37 39 30 31 34 63 33 38 36 35 57 59 51 52 54 60 53 58 56 55 47 49 41 40 44 64 43 48 46 45 29 27 20 21 24 62 23 28 26 25 66 74 70 67 71 76 73 72 68 69 75 32 50 42 22 01 17 19 13 61 15 14 16 11 18 10 12 
03 07 01 06 04 09 05 08 00 65 63 34 38 32 37 35 30 36 39 31 60 54 58 50 57 55 51 56 59 52 64 44 48 42 47 45 41 46 49 40 24 62 28 22 27 25 20 26 29 21 72 76 71 75 74 69 66 68 70 67 73 33 53 43 23 02 61 14 10 15 11 17 19 12 16 18 13 
65 08 09 04 01 05 03 06 02 00 31 63 39 30 35 32 36 34 37 33 52 60 59 51 55 50 56 54 57 53 40 64 49 41 45 42 46 44 47 43 62 21 29 20 25 22 26 24 27 23 70 67 76 66 69 75 68 71 74 73 72 38 58 48 28 07 11 61 16 12 13 15 17 10 14 19 18 
04 03 07 00 02 08 06 65 09 01 32 35 34 38 31 33 39 37 63 30 50 55 54 58 52 53 59 57 60 51 42 45 44 48 40 43 49 47 64 41 25 22 24 28 21 23 29 27 62 20 71 75 69 72 67 73 70 74 76 66 68 36 56 46 26 05 12 15 19 13 10 11 61 18 17 14 16 
05 02 04 08 06 01 09 07 65 03 34 36 33 35 39 37 32 30 38 63 54 56 53 55 59 57 50 51 58 60 44 46 43 45 49 47 42 41 48 64 26 24 23 25 29 27 22 20 28 62 73 71 68 69 70 74 75 66 72 76 67 31 52 40 21 00 14 16 12 17 61 19 18 15 10 13 11 
02 04 03 09 05 65 00 01 08 07 38 33 35 34 30 36 63 31 32 39 58 53 55 54 51 56 60 52 50 59 48 43 45 44 41 46 64 40 42 49 23 28 25 24 20 26 62 21 22 29 69 72 73 71 66 68 76 67 75 70 74 37 57 47 27 06 18 13 61 16 19 10 12 14 11 15 17 
09 00 06 07 08 04 01 02 03 05 36 30 31 37 38 39 35 32 33 34 56 51 52 57 58 59 55 50 53 54 46 41 40 47 48 49 45 42 43 44 20 26 21 27 28 29 25 22 23 24 67 68 66 74 72 70 69 75 73 71 76 63 60 64 62 65 16 10 15 19 14 18 13 17 12 11 61 
41 40 47 48 49 45 42 43 44 46 68 66 67 74 72 70 69 75 73 71 26 20 21 27 28 29 25 22 23 24 56 51 52 57 58 59 55 50 53 54 10 16 11 17 18 19 15 12 13 14 00 05 09 06 07 08 04 01 02 03 65 76 62 60 61 64 36 30 35 39 34 38 33 37 32 31 63 
10 11 17 18 19 15 12 13 14 16 56 51 52 57 58 59 55 50 53 54 68 66 67 74 72 70 69 75 73 71 36 30 31 37 38 39 35 32 33 34 09 05 00 06 07 08 04 01 02 03 21 26 20 27 28 29 25 22 23 24 62 60 76 63 65 61 46 41 45 49 44 48 43 47 42 40 64 
30 31 37 38 39 35 32 33 34 36 26 20 21 27 28 29 25 22 23 24 05 09 00 06 07 08 04 01 02 03 68 66 67 74 72 70 69 75 73 71 41 46 40 47 48 49 45 42 43 44 11 16 10 17 18 19 15 12 13 14 61 62 65 76 64 63 56 51 55 59 54 58 53 57 50 52 60 
20 21 27 28 29 25 22 23 24 26 46 41 40 47 48 49 45 42 43 44 36 30 31 37 38 39 35 32 33 34 16 10 11 17 18 19 15 12 13 14 66 68 67 74 72 70 69 75 73 71 52 56 51 57 58 59 55 50 53 54 60 64 63 61 76 62 05 09 04 08 03 07 02 06 01 00 65 
66 67 74 72 70 69 75 73 71 68 16 10 11 17 18 19 15 12 13 14 46 41 40 47 48 49 45 42 43 44 05 09 00 06 07 08 04 01 02 03 51 56 52 57 58 59 55 50 53 54 31 36 30 37 38 39 35 32 33 34 63 61 64 65 60 76 26 20 25 29 24 28 23 27 22 21 62 
50 60 59 53 58 57 55 52 56 51 09 01 65 08 02 07 06 04 00 05 10 12 61 19 13 18 17 15 11 16 20 22 62 29 23 28 27 25 21 26 32 30 63 39 33 38 37 35 31 36 64 41 42 49 43 48 47 45 40 46 44 03 14 24 34 54 66 72 70 74 73 76 69 71 68 67 75 
52 57 56 50 51 54 60 55 58 53 02 00 06 05 01 09 03 65 04 07 13 11 17 16 12 10 14 61 15 18 23 21 27 26 22 20 24 62 25 28 31 33 37 36 32 30 34 63 35 38 47 43 40 46 42 41 44 64 45 48 49 08 19 29 39 59 69 67 73 72 76 68 70 66 75 71 74 
60 59 51 55 50 56 54 57 53 52 00 65 08 09 04 01 05 03 06 02 11 61 19 10 15 12 16 14 17 13 21 62 29 20 25 22 26 24 27 23 63 31 39 30 35 32 36 34 37 33 49 40 64 41 45 42 46 44 47 43 48 07 18 28 38 58 73 66 68 71 75 74 76 70 72 69 67 
54 58 50 57 55 51 56 59 52 60 65 03 07 01 06 04 09 05 08 00 61 14 18 12 17 15 10 16 19 11 62 24 28 22 27 25 20 26 29 21 34 63 38 32 37 35 30 36 39 31 48 64 44 42 47 45 41 46 49 40 43 02 13 23 33 53 68 70 74 69 72 67 75 76 71 73 66 
53 55 54 51 56 60 52 50 59 58 07 02 04 03 09 05 65 00 01 08 18 13 15 14 10 16 61 11 12 19 28 23 25 24 20 26 62 21 22 29 33 38 35 34 30 36 63 31 32 39 45 48 43 44 41 46 64 40 42 49 47 06 17 27 37 57 71 74 69 75 70 73 66 67 76 72 68 
59 51 52 54 60 53 58 56 55 57 06 08 09 00 03 65 02 07 05 04 17 19 10 11 14 61 13 18 16 15 27 29 20 21 24 62 23 28 26 25 39 37 30 31 34 63 33 38 36 35 41 47 49 40 44 64 43 48 46 45 42 01 12 22 32 50 75 73 72 70 67 71 74 68 66 76 69 
56 53 55 59 57 50 51 58 60 54 03 05 02 04 08 06 01 09 07 65 14 16 13 15 19 17 12 10 18 61 24 26 23 25 29 27 22 20 28 62 36 34 33 35 39 37 32 30 38 63 43 44 46 45 49 47 42 41 48 64 40 00 11 21 31 52 74 76 67 73 71 66 72 75 69 68 70 
57 56 53 60 52 58 59 54 50 55 04 06 05 02 65 00 07 08 03 01 15 17 16 13 61 11 18 19 14 12 25 27 26 23 62 21 28 29 24 22 37 35 36 33 63 31 38 39 34 32 46 45 47 43 64 40 48 49 44 42 41 09 10 20 30 51 76 69 75 66 74 72 68 73 67 70 71 
55 54 58 52 53 59 57 60 51 50 01 04 03 07 00 02 08 06 65 09 12 15 14 18 11 13 19 17 61 10 22 25 24 28 21 23 29 27 62 20 35 32 34 38 31 33 39 37 63 30 44 42 45 48 40 43 49 47 64 41 46 05 16 26 36 56 70 71 76 67 68 75 73 69 74 66 72 
58 50 60 56 54 52 53 51 57 59 08 07 01 65 05 03 00 02 09 06 19 18 12 61 16 14 11 13 10 17 29 28 22 62 26 24 21 23 20 27 38 39 32 63 36 34 31 33 30 37 42 49 48 64 46 44 40 43 41 47 45 04 15 25 35 55 72 68 71 76 66 69 67 74 70 75 73 
51 52 57 58 59 55 50 53 54 56 05 09 00 06 07 08 04 01 02 03 16 10 11 17 18 19 15 12 13 14 26 20 21 27 28 29 25 22 23 24 30 36 31 37 38 39 35 32 33 34 40 46 41 47 48 49 45 42 43 44 64 65 61 62 63 60 67 75 66 68 69 70 71 72 73 74 76 
