28 32 03 04 31 41 37 00 11 05 49 10 17 42 16 59 15 22 46 25 21 35 66 51 09 26 73 56 12 70 34 60 33 02 01 61 39 43 08 13 44 65 47 14 18 27 57 19 45 63 06 38 24 50 64 67 71 29 55 62 30 40 75 58 36 48 07 74 20 54 69 68 23 76 52 72 53 
04 27 33 31 02 08 01 10 43 35 14 41 15 18 47 19 49 26 23 57 54 24 05 67 38 59 29 13 69 71 03 34 30 60 00 44 11 36 61 07 16 45 40 65 12 17 48 63 25 55 22 53 64 09 39 28 58 62 70 72 32 42 74 56 37 46 21 06 52 68 73 76 66 50 75 20 51 
30 03 29 32 01 13 09 36 02 42 18 46 40 11 19 27 56 48 16 24 37 06 53 20 68 74 67 25 58 14 31 04 60 00 33 05 41 61 12 38 49 10 65 17 43 47 63 28 59 15 52 64 07 35 21 57 62 66 73 26 34 44 72 55 39 45 75 70 08 23 51 22 71 69 76 54 50 
34 02 00 25 33 38 14 44 07 03 43 16 45 19 12 47 20 55 29 17 70 52 39 08 22 11 57 68 72 28 01 32 04 30 60 37 06 10 40 61 13 42 15 48 65 63 26 58 18 46 64 05 36 23 51 62 69 75 27 56 31 41 73 59 35 49 50 24 66 71 09 53 76 74 21 67 54 
01 30 34 00 26 04 40 06 39 12 15 17 13 48 44 21 28 18 58 45 07 69 23 36 50 66 10 75 27 55 60 02 03 31 32 14 61 09 35 42 65 19 11 41 46 56 16 49 63 29 37 20 54 64 08 74 25 59 62 68 33 43 71 57 38 47 67 53 72 05 22 73 51 24 70 76 52 
01 53 34 22 21 15 36 06 39 07 05 00 13 30 44 04 66 18 75 45 17 26 23 48 50 12 69 40 27 55 60 24 03 31 51 08 61 09 35 37 65 02 11 41 32 74 16 49 63 68 46 20 54 64 19 42 25 59 62 14 52 38 43 71 47 33 67 58 72 10 28 73 56 29 70 76 57 
21 23 52 31 02 08 18 05 38 35 14 41 04 06 33 19 49 69 01 71 54 24 15 27 47 59 29 67 10 43 20 50 30 60 00 39 09 36 61 07 03 34 40 65 12 17 48 63 70 72 22 53 64 16 45 28 58 62 11 44 51 37 42 74 46 32 26 13 57 68 73 76 66 55 75 25 56 
22 32 20 04 54 35 37 17 09 05 31 10 07 42 03 73 15 00 46 70 21 49 28 51 16 26 41 56 66 11 34 60 52 02 23 61 39 38 08 06 44 65 33 14 01 67 71 19 45 63 18 47 24 50 64 13 43 29 55 62 53 36 40 75 48 30 12 74 25 59 69 68 27 76 57 72 58 
30 03 24 51 23 06 09 36 19 37 01 32 40 11 08 67 74 48 16 02 46 18 53 20 29 42 13 25 58 68 54 04 60 22 33 05 35 61 07 38 31 10 65 00 43 47 63 66 73 15 52 64 17 49 21 57 62 12 41 26 50 39 44 72 45 34 75 70 14 27 56 28 71 69 76 59 55 
50 24 00 20 33 38 08 39 07 16 43 09 34 02 12 47 03 72 68 17 25 52 45 19 22 70 57 14 44 28 01 32 21 53 60 37 06 05 36 61 13 42 04 30 65 63 69 75 18 46 64 15 48 23 51 62 10 40 27 56 54 35 41 73 49 31 55 29 66 71 11 58 76 74 26 67 59 
01 36 34 07 10 26 58 06 39 28 21 12 13 40 44 69 00 18 30 45 66 05 23 75 50 22 15 53 27 55 60 08 03 31 37 29 61 09 35 56 65 14 11 41 42 32 16 49 63 02 74 20 54 64 68 51 25 59 62 24 38 57 52 33 71 43 67 48 72 04 17 73 46 19 70 76 47 
39 08 00 11 33 38 29 55 07 25 43 20 44 14 12 47 70 34 02 17 09 52 72 68 22 16 57 24 50 28 01 32 05 36 60 37 06 26 58 61 13 42 10 40 65 63 04 30 18 46 64 69 75 23 51 62 21 53 27 56 35 59 54 31 73 41 45 19 66 71 03 48 76 74 15 67 49 
12 32 09 04 35 59 37 28 25 05 41 10 22 42 11 31 15 66 46 03 21 73 07 51 70 26 54 56 17 20 34 60 38 02 06 61 39 57 08 27 44 65 43 14 13 01 33 19 45 63 67 71 24 50 64 23 52 29 55 62 36 58 53 30 75 40 00 74 16 49 69 68 18 76 47 72 48 
05 13 38 31 02 08 27 26 57 35 14 41 10 23 43 19 49 04 67 33 54 24 69 06 71 59 29 18 21 52 09 39 30 60 00 55 25 36 61 07 11 44 40 65 12 17 48 63 03 34 22 53 64 70 72 28 58 62 20 50 37 56 51 32 74 42 15 01 47 68 73 76 66 45 75 16 46 
30 03 14 37 06 27 09 36 29 56 13 42 40 11 24 01 32 48 16 68 74 67 53 20 08 51 23 25 58 19 35 04 60 07 33 05 59 61 28 38 41 10 65 12 43 47 63 00 31 15 52 64 66 73 21 57 62 22 54 26 39 55 50 34 72 44 75 70 02 18 46 17 71 69 76 49 45 
01 40 34 12 05 69 53 06 39 22 26 66 13 75 44 10 17 18 48 45 28 15 23 58 50 00 04 30 27 55 60 14 03 31 42 24 61 09 35 51 65 68 11 41 74 46 16 49 63 19 56 20 54 64 29 32 25 59 62 02 43 52 33 47 57 71 67 36 72 21 07 73 37 08 70 76 38 
44 14 00 09 33 38 24 50 07 70 43 25 72 68 12 47 11 45 19 17 16 52 55 29 22 03 57 02 34 28 01 32 10 40 60 37 06 21 53 61 13 42 69 75 65 63 15 48 18 46 64 26 58 23 51 62 04 30 27 56 41 54 31 49 59 73 39 08 66 71 20 36 76 74 05 67 35 
07 32 11 04 41 54 37 66 20 05 73 10 28 42 70 49 15 12 46 16 21 59 17 51 25 26 31 56 00 03 34 60 43 02 13 61 39 52 08 23 44 65 71 14 67 18 47 19 45 63 27 57 24 50 64 01 33 29 55 62 40 53 30 48 58 75 22 74 09 35 69 68 06 76 38 72 36 
10 06 43 31 02 08 67 21 52 35 14 41 69 27 71 19 49 15 13 47 54 24 26 18 57 59 29 01 04 33 11 44 30 60 00 50 20 36 61 07 70 72 40 65 12 17 48 63 16 45 22 53 64 25 55 28 58 62 03 34 42 51 32 46 56 74 05 23 38 68 73 76 66 39 75 09 37 
30 03 08 42 13 23 09 36 68 51 67 74 40 11 29 18 46 48 16 14 56 27 53 20 19 32 01 25 58 02 41 04 60 12 33 05 54 61 22 38 73 10 65 66 43 47 63 17 49 15 52 64 28 59 21 57 62 00 31 26 44 50 34 45 55 72 75 70 24 06 37 07 71 69 76 35 39 
72 68 00 16 33 38 02 34 07 11 43 70 55 29 12 47 09 39 08 17 03 52 50 24 22 20 57 19 45 28 01 32 69 75 60 37 06 04 30 61 13 42 26 58 65 63 05 36 18 46 64 21 53 23 51 62 15 48 27 56 73 31 49 35 54 59 44 14 66 71 25 40 76 74 10 67 41 
01 75 34 66 15 10 30 06 39 00 69 28 13 58 44 05 07 18 36 45 22 04 23 53 50 17 21 48 27 55 60 68 03 31 74 02 61 09 35 32 65 29 11 41 56 37 16 49 63 08 51 20 54 64 24 46 25 59 62 19 71 33 47 38 52 57 67 40 72 26 12 73 42 14 70 76 43 
17 32 70 04 73 31 37 12 03 05 59 10 66 42 25 35 15 07 46 09 21 54 00 51 20 26 49 56 22 16 34 60 71 02 67 61 39 33 08 01 44 65 57 14 27 06 38 19 45 63 23 52 24 50 64 18 47 29 55 62 75 30 48 36 53 58 28 74 11 41 69 68 13 76 43 72 40 
69 18 71 31 02 08 13 04 33 35 14 41 26 67 57 19 49 05 06 38 54 24 21 01 52 59 29 23 15 47 70 72 30 60 00 34 03 36 61 07 25 55 40 65 12 17 48 63 09 39 22 53 64 20 50 28 58 62 16 45 74 32 46 37 51 56 10 27 43 68 73 76 66 44 75 11 42 
30 03 19 74 67 01 09 36 14 32 27 56 40 11 68 06 37 48 16 08 51 23 53 20 02 46 18 25 58 24 73 04 60 66 33 05 31 61 00 38 59 10 65 28 43 47 63 07 35 15 52 64 22 54 21 57 62 17 49 26 72 34 45 39 50 55 75 70 29 13 42 12 71 69 76 41 44 
45 19 00 70 33 38 68 72 07 20 43 03 39 08 12 47 25 50 24 17 11 52 44 14 22 09 57 29 55 28 01 32 15 48 60 37 06 69 75 61 13 42 05 36 65 63 21 53 18 46 64 10 40 23 51 62 26 58 27 56 49 73 59 54 41 35 34 02 66 71 16 30 76 74 04 67 31 
01 48 34 17 69 21 75 06 39 66 04 07 13 36 44 26 22 18 53 45 12 10 23 40 50 28 05 58 27 55 60 19 03 31 46 68 61 09 35 74 65 08 11 41 37 51 16 49 63 24 42 20 54 64 14 56 25 59 62 29 47 71 57 52 43 38 67 30 72 15 00 73 32 02 70 76 33 
15 67 47 31 02 08 23 69 71 35 14 41 05 01 38 19 49 21 27 52 54 24 10 13 43 59 29 06 26 57 16 45 30 60 00 72 70 36 61 07 09 39 40 65 12 17 48 63 20 50 22 53 64 11 44 28 58 62 25 55 46 74 56 51 42 37 04 18 33 68 73 76 66 34 75 03 32 
66 32 16 04 49 73 37 22 70 05 35 10 00 42 09 54 15 28 46 20 21 41 12 51 11 26 59 56 07 25 34 60 47 02 18 61 39 71 08 67 44 65 38 14 06 23 52 19 45 63 13 43 24 50 64 27 57 29 55 62 48 75 58 53 40 36 17 74 03 31 69 68 01 76 33 72 30 
30 03 68 46 18 67 09 36 24 74 06 37 40 11 02 23 51 48 16 29 42 13 53 20 14 56 27 25 58 08 49 04 60 17 33 05 73 61 66 38 35 10 65 07 43 47 63 22 54 15 52 64 12 41 21 57 62 28 59 26 45 72 55 50 44 39 75 70 19 01 32 00 71 69 76 31 34 
02 04 32 60 34 44 05 14 37 65 45 63 19 10 42 55 62 29 15 46 61 39 08 21 51 76 72 26 68 56 58 33 01 03 31 43 30 13 09 35 48 47 18 11 41 49 27 16 53 57 54 06 20 75 38 59 67 25 40 71 00 07 28 17 22 12 24 69 74 50 64 70 73 52 23 36 66 
32 33 60 01 00 07 38 42 65 13 12 18 46 43 63 17 27 56 47 62 06 22 37 52 61 67 28 57 74 76 02 59 34 04 30 31 08 39 10 40 14 49 44 15 48 58 45 26 19 54 36 50 05 24 73 75 55 69 29 41 03 09 25 16 20 11 51 71 64 66 23 21 53 35 72 68 70 
31 00 30 02 60 65 12 35 40 08 63 14 41 17 48 62 19 49 28 58 24 61 54 07 36 29 76 66 59 75 33 03 56 34 04 11 38 32 44 05 43 16 46 45 10 15 51 55 47 25 21 74 39 52 09 26 42 72 57 70 01 06 27 18 23 13 73 22 53 64 68 50 69 20 37 71 67 
60 31 01 34 03 11 41 65 06 39 16 44 63 49 13 25 45 62 59 18 50 09 61 35 23 55 70 73 76 27 32 30 00 57 02 36 42 07 33 14 46 40 12 47 19 29 17 52 56 48 08 22 71 37 53 68 28 43 74 58 04 05 26 15 21 10 64 54 67 20 72 38 24 75 66 51 69 
03 60 04 33 30 36 65 09 10 43 40 47 11 63 15 48 57 16 62 26 38 53 20 61 05 71 58 76 25 69 00 01 31 32 55 06 12 41 37 34 17 13 49 42 45 50 59 46 28 18 72 35 51 07 23 44 73 56 66 27 02 08 29 19 24 14 70 64 21 75 52 74 39 67 54 22 68 
51 33 64 23 00 07 38 37 61 06 12 01 32 43 60 17 67 74 47 76 18 22 46 52 63 13 28 57 42 65 02 54 34 21 53 49 08 39 05 36 14 35 44 04 30 75 45 69 19 31 48 50 15 24 59 40 55 10 29 73 03 09 25 16 20 11 56 71 62 66 27 26 58 41 72 68 70 
24 04 32 64 50 39 05 08 37 61 34 60 02 10 42 72 76 68 15 46 63 45 19 21 51 65 44 26 14 56 53 52 23 03 31 38 48 06 09 35 36 33 01 11 41 49 67 16 30 71 54 18 20 58 47 59 13 25 75 43 00 07 28 17 22 12 29 69 74 55 62 70 73 57 27 40 66 
31 22 53 02 64 61 07 35 36 08 60 14 41 00 30 76 19 49 66 75 24 63 54 17 48 29 65 12 59 40 33 20 51 50 04 09 38 46 39 05 43 03 37 34 10 15 32 72 47 70 21 56 45 52 16 26 74 44 57 11 01 06 27 18 23 13 73 28 58 62 68 55 69 25 42 71 67 
64 54 01 34 20 09 35 61 06 39 03 44 60 31 13 70 45 76 73 18 50 16 63 49 23 55 11 41 65 27 51 30 00 52 24 36 37 07 47 08 32 40 12 38 02 68 17 33 74 48 19 22 57 46 53 14 28 71 42 58 04 05 26 15 21 10 62 59 67 25 72 43 29 75 66 56 69 
03 64 21 52 30 36 61 09 05 38 40 33 11 60 04 48 71 16 76 69 47 53 20 63 15 43 58 65 25 10 22 01 54 32 50 06 07 35 37 45 00 13 31 42 39 34 73 46 66 18 55 49 51 17 23 72 41 56 12 27 02 08 29 19 24 14 70 62 26 75 57 74 44 67 59 28 68 
08 04 32 61 39 55 05 29 37 62 44 65 14 10 42 34 60 02 15 46 76 72 68 21 51 64 50 26 24 56 40 38 06 03 31 57 58 27 09 35 53 43 13 11 41 49 01 16 75 33 54 67 20 36 71 59 23 25 48 52 00 07 28 17 22 12 19 69 74 45 63 70 73 47 18 30 66 
37 33 61 06 00 07 38 56 62 27 12 13 42 43 65 17 01 32 47 60 67 22 74 52 76 23 28 57 51 64 02 41 34 05 36 59 08 39 26 58 14 54 44 10 40 30 45 04 19 73 75 50 69 24 35 53 55 21 29 49 03 09 25 16 20 11 46 71 63 66 18 15 48 31 72 68 70 
31 07 36 02 61 62 28 35 58 08 65 14 41 12 40 60 19 49 00 30 24 76 54 66 75 29 64 22 59 53 33 09 42 39 04 25 38 56 55 05 43 11 51 44 10 15 74 34 47 03 21 37 72 52 70 26 46 50 57 20 01 06 27 18 23 13 73 17 48 63 68 45 69 16 32 71 67 
61 35 01 34 09 25 59 62 06 39 11 44 65 41 13 03 45 60 31 18 50 70 76 73 23 55 20 54 64 27 37 30 00 43 08 36 56 07 57 29 42 40 12 52 14 02 17 71 32 48 68 22 38 74 53 24 28 47 51 58 04 05 26 15 21 10 63 49 67 16 72 33 19 75 66 46 69 
03 61 05 38 30 36 62 09 26 57 40 43 11 65 10 48 33 16 60 04 71 53 20 76 69 52 58 64 25 21 07 01 35 32 44 06 28 59 37 55 12 13 41 42 50 72 31 46 00 18 39 73 51 66 23 45 54 56 22 27 02 08 29 19 24 14 70 63 15 75 47 74 34 67 49 17 68 
03 65 10 43 30 36 64 09 21 52 40 71 11 76 69 48 47 16 63 15 57 53 20 62 26 33 58 60 25 04 12 01 41 32 39 06 22 54 37 72 66 13 73 42 55 44 49 46 17 18 45 59 51 28 23 34 31 56 00 27 02 08 29 19 24 14 70 61 05 75 38 74 50 67 35 07 68 
31 12 40 02 65 64 22 35 53 08 76 14 41 66 75 63 19 49 17 48 24 62 54 28 58 29 60 00 59 30 33 11 37 44 04 20 38 74 50 05 43 70 56 72 10 15 42 45 47 16 21 46 55 52 25 26 32 34 57 03 01 06 27 18 23 13 73 07 36 61 68 39 69 09 51 71 67 
65 41 01 34 11 20 54 64 06 39 70 44 76 73 13 16 45 63 49 18 50 25 62 59 23 55 03 31 60 27 42 30 00 38 14 36 51 07 71 24 74 40 12 57 68 19 17 43 46 48 29 22 47 56 53 02 28 33 32 58 04 05 26 15 21 10 61 35 67 09 72 52 08 75 66 37 69 
14 04 32 65 44 50 05 24 37 64 72 76 68 10 42 45 63 19 15 46 62 55 29 21 51 60 34 26 02 56 36 43 13 03 31 52 75 23 09 35 58 71 67 11 41 49 18 16 40 47 54 27 20 48 57 59 01 25 30 33 00 07 28 17 22 12 08 69 74 39 61 70 73 38 06 53 66 
42 33 65 13 00 07 38 51 64 23 12 67 74 43 76 17 18 46 47 63 27 22 56 52 62 01 28 57 32 60 02 35 34 10 40 73 08 39 21 53 14 59 44 69 75 48 45 15 19 41 58 50 26 24 49 30 55 04 29 31 03 09 25 16 20 11 37 71 61 66 06 05 36 54 72 68 70 
03 76 69 71 30 36 60 09 04 33 40 57 11 62 26 48 38 16 61 05 52 53 20 64 21 47 58 63 25 15 66 01 73 32 45 06 00 31 37 44 28 13 59 42 72 39 35 46 07 18 34 54 51 22 23 50 49 56 17 27 02 08 29 19 24 14 70 65 10 75 43 74 55 67 41 12 68 
31 66 75 02 76 60 00 35 30 08 62 14 41 28 58 61 19 49 07 36 24 64 54 22 53 29 63 17 59 48 33 70 46 72 04 03 38 42 34 05 43 25 74 55 10 15 37 39 47 09 21 32 50 52 20 26 51 45 57 16 01 06 27 18 23 13 73 12 40 65 68 44 69 11 56 71 67 
76 73 01 34 70 03 31 60 06 39 25 44 62 59 13 09 45 61 35 18 50 20 64 54 23 55 16 49 63 27 74 30 00 47 68 36 32 07 43 02 56 40 12 71 29 08 17 38 37 48 24 22 33 51 53 19 28 52 46 58 04 05 26 15 21 10 65 41 67 11 72 57 14 75 66 42 69 
68 04 32 76 72 34 05 02 37 60 55 62 29 10 42 39 61 08 15 46 64 50 24 21 51 63 45 26 19 56 48 71 67 03 31 33 40 01 09 35 75 57 27 11 41 49 06 16 36 38 54 23 20 30 52 59 18 25 53 47 00 07 28 17 22 12 14 69 74 44 65 70 73 43 13 58 66 
74 33 76 67 00 07 38 32 60 01 12 27 56 43 62 17 06 37 47 61 23 22 51 52 64 18 28 57 46 63 02 49 34 69 75 41 08 39 04 30 14 73 44 26 58 36 45 05 19 35 53 50 21 24 31 48 55 15 29 54 03 09 25 16 20 11 42 71 65 66 13 10 40 59 72 68 70 
03 63 15 47 30 36 76 09 69 71 40 38 11 61 05 48 52 16 64 21 43 53 20 65 10 57 58 62 25 26 17 01 49 32 72 06 66 73 37 50 07 13 35 42 34 55 54 46 22 18 44 41 51 12 23 39 59 56 28 27 02 08 29 19 24 14 70 60 04 75 33 74 45 67 31 00 68 
31 17 48 02 63 76 66 35 75 08 61 14 41 07 36 64 19 49 22 53 24 65 54 12 40 29 62 28 59 58 33 16 74 45 04 70 38 51 72 05 43 09 32 39 10 15 56 50 47 20 21 42 44 52 11 26 37 55 57 25 01 06 27 18 23 13 73 00 30 60 68 34 69 03 46 71 67 
63 49 01 34 16 70 73 76 06 39 09 44 61 35 13 20 45 64 54 18 50 11 65 41 23 55 25 59 62 27 46 30 00 71 19 36 74 07 52 68 37 40 12 33 08 24 17 57 51 48 14 22 43 42 53 29 28 38 56 58 04 05 26 15 21 10 60 31 67 03 72 47 02 75 66 32 69 
19 04 32 63 45 72 05 68 37 76 39 61 08 10 42 50 64 24 15 46 65 44 14 21 51 62 55 26 29 56 75 47 18 03 31 71 53 67 09 35 30 38 06 11 41 49 23 16 58 52 54 13 20 40 43 59 27 25 36 57 00 07 28 17 22 12 02 69 74 34 60 70 73 33 01 48 66 
46 33 63 18 00 07 38 74 76 67 12 06 37 43 61 17 23 51 47 64 13 22 42 52 65 27 28 57 56 62 02 73 34 15 48 54 08 39 69 75 14 31 44 05 36 53 45 21 19 59 40 50 10 24 41 58 55 26 29 35 03 09 25 16 20 11 32 71 60 66 01 04 30 49 72 68 70 
33 34 31 30 32 37 39 38 35 36 42 40 43 44 41 46 48 47 45 49 53 51 52 50 54 58 56 55 57 59 04 00 02 01 03 12 10 14 13 11 15 17 19 18 16 25 29 27 26 28 09 08 06 05 07 70 68 67 69 66 62 60 65 64 76 63 71 72 73 74 75 23 20 22 24 21 61 
33 34 31 30 32 37 39 38 35 36 42 40 43 44 41 46 48 47 45 49 53 51 52 50 54 58 56 55 57 59 21 22 24 23 20 07 05 08 06 09 04 00 02 01 03 70 68 67 69 66 16 19 18 15 17 11 14 13 10 12 64 63 76 60 62 61 71 72 73 74 75 27 25 28 29 26 65 
33 34 31 30 32 37 39 38 35 36 42 40 43 44 41 46 48 47 45 49 53 51 52 50 54 58 56 55 57 59 15 17 19 18 16 66 69 68 67 70 05 07 08 06 09 20 24 23 21 22 11 14 13 10 12 25 29 27 26 28 76 64 61 62 65 60 71 72 73 74 75 01 03 00 02 04 63 
33 34 31 30 32 37 39 38 35 36 42 40 43 44 41 46 48 47 45 49 53 51 52 50 54 58 56 55 57 59 10 12 14 13 11 22 21 24 23 20 69 66 68 67 70 16 19 18 15 17 25 29 27 26 28 03 02 01 04 00 61 76 60 65 63 62 71 72 73 74 75 06 09 07 08 05 64 
33 34 31 30 32 37 39 38 35 36 42 40 43 44 41 46 48 47 45 49 53 51 52 50 54 58 56 55 57 59 69 66 68 67 70 00 04 02 01 03 26 28 29 27 25 09 08 06 05 07 20 24 23 21 22 16 19 18 15 17 63 65 64 61 60 76 71 72 73 74 75 13 11 12 14 10 62 
33 34 31 30 32 37 39 38 35 36 42 40 43 44 41 46 48 47 45 49 53 51 52 50 54 58 56 55 57 59 05 07 08 06 09 28 26 29 27 25 10 12 14 13 11 03 02 01 04 00 70 68 67 69 66 20 24 23 21 22 65 62 63 76 61 64 71 72 73 74 75 18 16 17 19 15 60 
00 32 25 04 59 49 37 07 16 05 54 10 12 42 20 41 15 17 46 11 21 31 22 51 03 26 35 56 28 09 34 60 57 02 27 61 39 47 08 18 44 65 52 14 23 13 43 19 45 63 01 33 24 50 64 06 38 29 55 62 58 48 36 40 30 53 66 74 70 73 69 68 67 76 71 72 75 
26 01 57 31 02 08 06 15 47 35 14 41 21 13 52 19 49 10 18 43 54 24 04 23 33 59 29 27 05 38 25 55 30 60 00 45 16 36 61 07 20 50 40 65 12 17 48 63 11 44 22 53 64 03 34 28 58 62 09 39 56 46 37 42 32 51 69 67 71 68 73 76 66 72 75 70 74 
30 03 02 56 27 18 09 36 08 46 23 51 40 11 14 13 42 48 16 19 32 01 53 20 24 37 06 25 58 29 59 04 60 28 33 05 49 61 17 38 54 10 65 22 43 47 63 12 41 15 52 64 00 31 21 57 62 07 35 26 55 45 39 44 34 50 75 70 68 67 74 66 71 69 76 73 72 
01 58 34 28 04 05 48 06 39 17 10 22 13 53 44 15 12 18 40 45 00 21 23 30 50 07 26 36 27 55 60 29 03 31 56 19 61 09 35 46 65 24 11 41 51 42 16 49 63 14 32 20 54 64 02 37 25 59 62 08 57 47 38 43 33 52 67 75 72 69 66 73 74 68 70 76 71 
55 29 00 03 33 38 19 45 07 09 43 11 50 24 12 47 16 44 14 17 20 52 34 02 22 25 57 08 39 28 01 32 26 58 60 37 06 15 48 61 13 42 21 53 65 63 10 40 18 46 64 04 30 23 51 62 05 36 27 56 59 49 35 41 31 54 72 68 66 71 70 75 76 74 69 67 73 
62 59 01 34 25 16 49 63 06 39 20 44 64 54 13 11 45 65 41 18 50 03 60 31 23 55 09 35 61 27 56 30 00 33 29 36 46 07 38 19 51 40 12 43 24 14 17 47 42 48 02 22 52 32 53 08 28 57 37 58 04 05 26 15 21 10 76 73 67 70 72 71 68 75 66 74 69 
03 62 26 57 30 36 63 09 15 47 40 52 11 64 21 48 43 16 65 10 33 53 20 60 04 38 58 61 25 05 28 01 59 32 34 06 17 49 37 39 22 13 54 42 44 45 41 46 12 18 50 31 51 00 23 55 35 56 07 27 02 08 29 19 24 14 70 76 69 75 71 74 72 67 73 66 68 
56 33 62 27 00 07 38 46 63 18 12 23 51 43 64 17 13 42 47 65 01 22 32 52 60 06 28 57 37 61 02 31 34 26 58 35 08 39 15 48 14 41 44 21 53 40 45 10 19 49 30 50 04 24 54 36 55 05 29 59 03 09 25 16 20 11 74 71 76 66 67 69 75 73 72 68 70 
31 28 58 02 62 63 17 35 48 08 64 14 41 22 53 65 19 49 12 40 24 60 54 00 30 29 61 07 59 36 33 25 32 55 04 16 38 37 45 05 43 20 42 50 10 15 46 44 47 11 21 51 34 52 03 26 56 39 57 09 01 06 27 18 23 13 73 66 75 76 68 72 69 70 74 71 67 
29 04 32 62 55 45 05 19 37 63 50 64 24 10 42 44 65 14 15 46 60 34 02 21 51 61 39 26 08 56 30 57 27 03 31 47 36 18 09 35 40 52 23 11 41 49 13 16 48 43 54 01 20 53 33 59 06 25 58 38 00 07 28 17 22 12 68 69 74 72 76 70 73 71 67 75 66 
33 34 31 30 32 37 39 38 35 36 42 40 43 44 41 46 48 47 45 49 53 51 52 50 54 58 56 55 57 59 26 28 29 27 25 17 15 19 18 16 21 22 24 23 20 11 14 13 10 12 03 02 01 04 00 09 08 06 05 07 60 61 62 63 64 65 71 72 73 74 75 67 70 66 68 69 76 
