28 02 41 40 01 20 00 08 45 30 35 07 19 14 31 58 17 36 13 24 22 48 71 69 67 27 53 55 12 16 47 65 05 21 33 32 60 11 09 38 42 61 04 03 43 62 49 23 72 70 63 54 29 57 15 64 59 18 37 10 34 44 74 56 39 46 25 06 50 68 73 76 66 52 75 26 51 
43 25 42 04 00 06 49 01 32 23 05 12 33 16 37 11 20 57 19 38 69 66 47 24 75 13 18 52 59 28 22 30 46 65 09 08 35 34 60 10 02 40 44 61 03 48 21 74 68 62 53 26 56 17 63 58 15 39 14 64 31 41 71 55 36 45 67 54 72 07 29 73 51 27 70 76 50 
03 00 27 44 43 33 09 24 02 46 34 38 10 06 17 39 12 22 59 15 67 74 68 49 21 19 56 14 26 54 07 23 31 48 65 13 05 36 30 60 01 04 41 40 61 66 62 45 20 73 18 63 50 25 58 11 64 55 16 35 32 42 72 57 37 47 75 70 08 28 51 29 71 69 76 53 52 
02 41 04 26 42 47 22 31 05 03 15 32 08 36 11 21 55 18 37 14 45 70 23 72 68 50 10 29 17 57 34 49 65 06 20 39 33 60 12 07 44 43 61 00 01 75 69 62 46 24 59 16 63 51 28 38 13 64 56 19 30 40 73 58 35 48 52 27 66 71 09 54 76 74 25 67 53 
44 40 03 01 29 04 34 48 21 07 13 18 39 30 09 16 35 10 23 56 73 20 70 66 46 58 25 15 51 11 65 08 24 32 45 60 14 06 37 31 61 02 00 42 41 22 71 67 62 47 27 55 19 63 52 17 36 12 64 57 33 43 75 59 38 49 05 74 26 53 69 68 28 76 50 72 54 
44 35 10 01 23 18 34 30 09 07 13 05 39 53 26 16 48 21 04 56 40 20 03 29 46 73 25 70 51 66 65 08 06 32 31 60 14 28 37 50 61 02 12 42 36 22 41 00 62 47 27 71 67 63 52 17 45 24 64 57 54 38 43 75 49 33 11 74 15 58 69 68 19 76 55 72 59 
24 02 36 40 13 07 19 08 31 30 35 25 06 14 50 58 17 45 20 00 22 48 41 01 28 27 53 71 67 69 32 65 05 09 33 52 60 11 26 38 37 61 04 10 43 62 49 23 42 03 63 54 29 72 70 64 59 18 47 21 51 39 44 74 46 34 16 12 55 68 73 76 66 57 75 15 56 
38 20 42 11 00 06 33 16 32 05 29 12 54 07 37 23 01 57 19 49 25 04 47 24 43 69 66 52 75 28 08 30 34 65 09 27 35 51 60 10 14 40 39 61 03 48 21 44 02 62 53 26 74 68 63 58 15 46 22 64 50 36 41 71 45 31 67 59 72 13 18 73 56 17 70 76 55 
03 12 22 39 43 33 09 06 17 34 51 38 10 28 08 46 24 02 59 15 00 44 27 49 21 67 74 68 26 54 07 05 31 30 65 13 29 36 53 60 01 11 41 35 61 04 62 45 20 40 66 63 50 25 73 23 64 55 16 48 52 37 42 72 47 32 75 70 14 19 56 18 71 69 76 58 57 
14 41 04 21 37 32 08 31 05 15 09 52 27 36 11 03 55 18 47 22 45 26 23 42 02 50 70 29 68 72 34 33 65 06 07 39 54 60 12 25 44 38 61 00 13 43 01 62 46 24 75 69 63 51 28 49 20 64 56 19 53 35 40 73 48 30 57 17 66 71 10 59 76 74 16 67 58 
17 41 04 10 57 42 02 31 05 26 21 37 14 36 11 70 55 18 72 68 45 09 23 52 27 50 15 29 08 32 34 43 65 06 01 39 38 60 12 13 44 59 61 00 16 54 25 62 46 24 33 07 63 51 28 75 69 64 56 19 35 58 53 30 73 40 47 22 66 71 03 49 76 74 20 67 48 
44 58 15 01 11 29 34 40 03 07 13 23 39 35 10 16 73 70 66 56 53 20 26 05 46 30 25 09 51 18 65 08 00 32 41 60 14 12 37 36 61 02 19 42 55 22 50 28 62 47 27 31 06 63 52 17 71 67 64 57 38 59 54 33 75 43 04 74 21 48 69 68 24 76 45 72 49 
12 02 55 40 16 01 28 08 41 30 35 13 24 14 36 58 17 71 69 67 22 48 50 25 06 27 53 31 19 07 42 65 05 03 33 37 60 11 10 38 57 61 04 15 43 62 49 23 52 26 63 54 29 32 09 64 59 18 72 70 39 56 51 34 74 44 20 00 45 68 73 76 66 47 75 21 46 
59 13 42 18 00 06 43 25 32 04 11 12 38 20 37 66 69 57 19 75 07 29 47 24 54 16 05 52 33 28 02 30 44 65 09 14 35 39 60 10 17 40 56 61 03 48 21 51 27 62 53 26 34 08 63 58 15 74 68 64 36 55 50 31 71 41 67 49 72 01 23 73 46 22 70 76 45 
03 19 14 56 43 33 09 00 27 44 39 38 10 12 22 74 67 68 59 15 28 51 08 49 21 06 34 17 26 54 07 04 31 40 65 13 11 36 35 60 01 18 41 58 61 29 62 45 20 53 05 63 50 25 30 66 64 55 16 73 37 57 52 32 72 42 75 70 02 24 46 23 71 69 76 48 47 
27 41 04 09 52 72 68 31 05 70 26 42 02 36 11 10 55 18 57 17 45 15 23 32 08 50 03 29 22 47 34 75 65 06 69 39 43 60 12 01 44 54 61 00 25 33 07 62 46 24 49 20 63 51 28 59 16 64 56 19 40 53 30 48 58 73 37 14 66 71 21 38 76 74 13 67 35 
54 07 42 29 00 06 75 69 32 66 04 12 43 25 37 18 13 57 19 59 16 05 47 24 33 01 23 52 49 28 68 30 74 65 09 02 35 44 60 10 27 40 51 61 03 48 21 34 08 62 53 26 46 22 63 58 15 56 17 64 41 50 31 45 55 71 67 38 72 20 11 73 39 14 70 76 36 
03 28 08 51 43 33 09 67 68 74 44 38 10 00 27 56 19 14 59 15 06 34 17 49 21 24 46 02 26 54 07 66 31 73 65 13 04 36 40 60 01 29 41 53 61 05 62 45 20 30 23 63 50 25 48 18 64 55 16 58 42 52 32 47 57 72 75 70 22 12 39 11 71 69 76 35 37 
44 53 26 01 05 66 34 73 70 07 13 29 39 40 03 16 58 15 11 56 30 20 09 18 46 48 25 21 51 04 65 08 67 32 71 60 14 00 37 41 61 02 28 42 50 22 31 06 62 47 27 45 24 63 52 17 55 19 64 57 43 54 33 49 59 75 23 74 10 35 69 68 12 76 36 72 38 
06 02 50 40 25 69 67 08 71 30 35 01 28 14 41 58 17 55 16 12 22 48 31 07 19 27 53 45 00 20 72 65 05 70 33 42 60 11 03 38 52 61 04 26 43 62 49 23 32 09 63 54 29 47 21 64 59 18 57 15 44 51 34 46 56 74 13 24 36 68 73 76 66 37 75 10 39 
33 16 42 05 00 06 59 13 32 18 66 12 75 69 37 29 07 57 19 54 01 23 47 24 49 20 11 52 38 28 17 30 56 65 09 68 35 74 60 10 08 40 34 61 03 48 21 46 22 62 53 26 39 14 63 58 15 51 27 64 71 31 45 36 50 55 67 43 72 25 04 73 44 02 70 76 41 
08 41 04 15 32 57 17 31 05 10 70 72 68 36 11 09 55 18 52 27 45 03 23 47 22 50 21 29 14 37 34 59 65 06 16 39 75 60 12 69 44 33 61 00 07 49 20 62 46 24 38 13 63 51 28 54 25 64 56 19 73 30 48 35 53 58 42 02 66 71 26 43 76 74 01 67 40 
03 06 17 34 43 33 09 19 14 56 74 38 10 67 68 51 28 08 59 15 24 46 02 49 21 12 39 22 26 54 07 18 31 58 65 13 66 36 73 60 01 05 41 30 61 23 62 45 20 48 11 63 50 25 35 29 64 55 16 53 72 32 47 37 52 57 75 70 27 00 44 04 71 69 76 40 42 
44 30 09 01 18 11 34 58 15 07 13 66 39 73 70 16 53 26 05 56 48 20 21 04 46 35 25 10 51 23 65 08 19 32 55 60 14 67 37 71 61 02 06 42 31 22 45 24 62 47 27 36 12 63 52 17 50 28 64 57 75 33 49 38 54 59 29 74 03 40 69 68 00 76 41 72 43 
19 02 31 40 07 16 12 08 55 30 35 69 67 14 71 58 17 50 25 06 22 48 45 20 00 27 53 36 24 13 57 65 05 15 33 72 60 11 70 38 32 61 04 09 43 62 49 23 47 21 63 54 29 37 10 64 59 18 52 26 74 34 46 39 51 56 01 28 41 68 73 76 66 42 75 03 44 
75 69 42 66 00 06 38 20 32 11 23 12 49 01 37 04 25 57 19 43 13 18 47 24 59 07 29 52 54 28 14 30 39 65 09 22 35 46 60 10 68 40 74 61 03 48 21 56 17 62 53 26 51 27 63 58 15 44 02 64 45 71 55 50 41 36 67 33 72 16 05 73 34 08 70 76 31 
68 41 04 70 72 37 14 31 05 21 03 47 22 36 11 26 55 18 42 02 45 10 23 57 17 50 09 29 27 52 34 38 65 06 13 39 49 60 12 20 44 75 61 00 69 59 16 62 46 24 54 25 63 51 28 43 01 64 56 19 48 73 58 53 40 35 32 08 66 71 15 33 76 74 07 67 30 
03 67 68 74 43 33 09 12 22 39 46 38 10 24 02 44 00 27 59 15 19 56 14 49 21 28 51 08 26 54 07 11 31 35 65 13 23 36 48 60 01 66 41 73 61 18 62 45 20 58 29 63 50 25 53 04 64 55 16 40 47 72 57 52 42 37 75 70 17 06 34 05 71 69 76 30 32 
67 02 71 40 69 13 24 08 36 30 35 20 00 14 45 58 17 41 01 28 22 48 55 16 12 27 53 50 06 25 37 65 05 10 33 47 60 11 21 38 72 61 04 70 43 62 49 23 57 15 63 54 29 52 26 64 59 18 42 03 46 74 56 51 44 39 07 19 31 68 73 76 66 32 75 09 34 
44 73 70 01 66 23 34 35 10 07 13 04 39 48 21 16 40 03 29 56 58 20 15 11 46 53 25 26 51 05 65 08 12 32 36 60 14 24 37 45 61 02 67 42 71 22 55 19 62 47 27 50 28 63 52 17 41 00 64 57 49 75 59 54 43 38 18 74 09 30 69 68 06 76 31 72 33 
41 04 60 12 39 34 31 05 65 06 28 51 36 11 63 24 18 62 46 55 23 00 61 44 45 29 67 76 50 74 58 07 33 08 32 30 25 54 14 37 48 13 38 02 42 01 47 43 53 22 69 52 75 73 27 20 57 49 40 17 10 03 21 26 15 09 56 71 64 66 19 16 59 35 72 68 70 
35 10 00 42 60 65 30 09 06 32 37 63 53 26 12 57 21 19 62 48 03 47 24 61 40 70 52 28 73 76 33 55 08 34 05 38 31 27 51 11 43 45 14 39 04 50 23 02 49 44 71 29 68 54 74 41 18 22 59 46 13 01 20 25 16 07 64 58 67 15 72 36 17 75 66 56 69 
60 43 13 36 03 09 65 33 07 31 50 10 63 38 25 45 59 20 15 62 49 41 01 21 61 54 71 69 76 26 06 34 57 05 30 12 39 32 29 53 00 44 47 11 35 46 40 52 24 04 51 73 72 28 66 56 48 42 19 23 14 02 22 27 17 08 70 64 16 75 55 74 37 67 58 18 68 
01 37 44 60 14 08 07 32 34 65 63 27 13 52 39 62 47 56 22 16 42 61 46 02 20 72 76 51 25 68 31 09 30 59 06 50 10 35 33 28 36 03 40 49 12 21 00 48 41 54 26 67 53 71 75 15 24 58 45 43 11 04 23 29 18 05 17 69 74 57 64 70 73 55 19 38 66 
11 60 38 02 40 30 05 65 33 08 14 35 29 63 54 17 62 49 58 23 61 22 43 48 04 76 27 75 66 53 09 32 07 31 56 26 52 13 36 34 10 37 01 41 46 42 51 20 03 45 72 74 25 70 50 47 44 16 21 55 12 00 24 28 19 06 73 18 59 64 68 57 69 15 39 71 67 
41 04 64 19 56 44 31 05 61 00 12 39 36 11 60 67 18 76 74 55 23 28 63 51 45 29 06 65 50 34 53 01 43 08 32 48 13 38 14 37 35 16 59 02 42 25 47 54 30 22 07 52 33 58 27 69 57 75 73 17 10 03 21 26 15 09 46 71 62 66 24 20 49 40 72 68 70 
58 15 00 42 64 61 40 03 06 32 37 60 35 10 12 57 70 19 76 73 26 47 24 63 53 09 52 28 30 65 33 50 02 44 05 38 45 14 39 11 43 36 17 56 04 31 23 27 49 51 55 29 08 54 34 71 18 68 59 74 13 01 20 25 16 07 62 48 67 21 72 41 22 75 66 46 69 
64 43 16 55 03 09 61 33 01 41 36 10 60 38 13 71 59 69 15 76 49 50 25 21 63 54 31 07 65 26 06 34 52 04 40 12 39 47 11 35 00 44 37 18 58 46 53 32 24 29 51 30 57 28 05 56 73 72 19 66 14 02 22 27 17 08 70 62 20 75 45 74 42 67 48 23 68 
01 57 44 64 17 02 07 42 34 61 60 14 13 37 39 76 72 56 68 16 52 63 46 27 20 32 65 51 25 08 41 09 30 54 00 36 10 35 49 12 55 03 40 38 19 21 28 48 50 33 26 06 53 31 59 15 67 58 71 75 11 04 23 29 18 05 22 69 74 47 62 70 73 45 24 43 66 
18 64 59 02 40 30 04 61 43 08 14 35 11 60 38 17 76 75 58 66 63 22 54 48 29 65 27 33 05 53 03 42 07 31 51 10 37 13 36 46 15 57 01 41 39 52 34 20 26 45 32 56 25 09 50 72 74 16 70 55 12 00 24 28 19 06 73 23 49 62 68 47 69 21 44 71 67 
41 04 61 00 44 46 31 05 62 24 06 34 36 11 65 12 18 60 39 55 23 67 76 74 45 29 19 64 50 56 40 20 49 08 32 58 07 33 14 37 53 01 43 02 42 69 47 75 73 22 16 52 59 35 27 13 57 38 48 17 10 03 21 26 15 09 51 71 63 66 28 25 54 30 72 68 70 
40 03 00 42 61 62 48 21 06 32 37 65 30 09 12 57 10 19 60 35 70 47 24 76 73 15 52 28 58 64 33 41 22 46 05 38 55 08 34 11 43 50 02 44 04 71 23 68 49 74 36 29 17 54 56 45 18 14 59 39 13 01 20 25 16 07 63 53 67 26 72 31 27 75 66 51 69 
61 43 01 41 03 09 62 33 20 45 31 10 65 38 07 36 59 13 15 60 49 71 69 21 76 54 55 16 64 26 06 34 42 23 48 12 39 57 05 30 00 44 52 04 40 46 73 72 24 66 51 58 37 28 18 56 35 47 19 11 14 02 22 27 17 08 70 63 25 75 50 74 32 67 53 29 68 
01 42 44 61 02 22 07 47 34 62 65 08 13 32 39 60 37 56 14 16 72 76 46 68 20 57 64 51 25 17 45 09 30 43 24 31 10 35 59 06 41 03 40 54 00 21 67 48 71 75 26 19 53 55 38 15 12 58 36 49 11 04 23 29 18 05 27 69 74 52 63 70 73 50 28 33 66 
04 61 43 02 40 30 23 62 49 08 14 35 05 65 33 17 60 38 58 11 76 22 75 48 66 64 27 59 18 53 21 47 07 31 44 09 32 13 36 56 03 42 01 41 51 72 74 20 70 45 57 39 25 15 50 37 46 16 10 55 12 00 24 28 19 06 73 29 54 63 68 52 69 26 34 71 67 
30 09 00 42 65 64 58 15 06 32 37 76 73 70 12 57 26 19 63 53 21 47 24 62 48 10 52 28 35 60 33 36 17 56 05 38 71 68 74 11 43 55 08 34 04 41 23 22 49 46 45 29 14 54 39 31 18 27 59 51 13 01 20 25 16 07 61 40 67 03 72 50 02 75 66 44 69 
05 65 33 02 40 30 18 64 59 08 14 35 66 76 75 17 63 54 58 29 62 22 49 48 23 60 27 38 11 53 15 57 07 31 39 70 72 13 36 74 09 32 01 41 56 47 44 20 21 45 37 46 25 10 50 52 34 16 26 55 12 00 24 28 19 06 73 04 43 61 68 42 69 03 51 71 67 
65 43 07 31 03 09 64 33 16 55 71 10 76 38 69 50 59 25 15 63 49 45 20 21 62 54 36 13 60 26 06 34 37 18 58 12 39 72 66 73 00 44 57 05 30 46 48 42 24 23 51 35 47 28 11 56 53 32 19 29 14 02 22 27 17 08 70 61 01 75 41 74 52 67 40 04 68 
41 04 65 06 34 56 31 05 64 19 67 74 36 11 76 28 18 63 51 55 23 24 62 46 45 29 12 60 50 39 35 16 59 08 32 73 69 75 14 37 58 07 33 02 42 20 47 49 40 22 13 52 38 48 27 25 57 54 30 17 10 03 21 26 15 09 44 71 61 66 00 01 43 53 72 68 70 
01 32 44 65 08 17 07 57 34 64 76 68 13 72 39 63 52 56 27 16 47 62 46 22 20 37 60 51 25 14 55 09 30 38 19 71 10 35 75 67 31 03 40 59 06 21 24 48 45 43 26 12 53 36 49 15 28 58 50 33 11 04 23 29 18 05 02 69 74 42 61 70 73 41 00 54 66 
73 70 00 42 76 60 35 10 06 32 37 62 48 21 12 57 03 19 61 40 15 47 24 64 58 26 52 28 53 63 33 45 14 39 05 38 41 22 46 11 43 71 68 74 04 36 23 17 49 56 31 29 27 54 51 50 18 02 59 44 13 01 20 25 16 07 65 30 67 09 72 55 08 75 66 34 69 
66 76 75 02 40 30 11 60 38 08 14 35 23 62 49 17 61 43 58 04 64 22 59 48 18 63 27 54 29 53 10 37 07 31 46 21 47 13 36 44 70 72 01 41 74 57 39 20 15 45 52 34 25 26 50 42 51 16 03 55 12 00 24 28 19 06 73 05 33 65 68 32 69 09 56 71 67 
76 43 69 71 03 09 60 33 13 36 45 10 62 38 20 41 59 01 15 61 49 55 16 21 64 54 50 25 63 26 06 34 47 11 35 12 39 42 23 48 00 44 72 66 73 46 58 37 24 18 51 53 32 28 29 56 40 52 19 04 14 02 22 27 17 08 70 65 07 75 31 74 57 67 30 05 68 
41 04 76 67 74 39 31 05 60 12 24 46 36 11 62 00 18 61 44 55 23 19 64 56 45 29 28 63 50 51 48 13 38 08 32 40 20 49 14 37 73 69 75 02 42 16 47 59 35 22 25 52 54 30 27 01 57 43 53 17 10 03 21 26 15 09 34 71 65 66 06 07 33 58 72 68 70 
01 72 44 76 68 14 07 37 34 60 62 22 13 47 39 61 42 56 02 16 57 64 46 17 20 52 63 51 25 27 36 09 30 49 12 45 10 35 43 24 71 03 40 75 67 21 19 48 55 38 26 28 53 50 33 15 00 58 41 54 11 04 23 29 18 05 08 69 74 32 65 70 73 31 06 59 66 
53 26 00 42 63 76 73 70 06 32 37 61 40 03 12 57 15 19 64 58 09 47 24 65 30 21 52 28 48 62 33 71 68 74 05 38 50 02 44 11 43 31 27 51 04 55 23 08 49 34 41 29 22 54 46 36 18 17 59 56 13 01 20 25 16 07 60 35 67 10 72 45 14 75 66 39 69 
29 63 54 02 40 30 66 76 75 08 14 35 04 61 43 17 64 59 58 18 65 22 33 48 05 62 27 49 23 53 70 72 07 31 74 03 42 13 36 51 26 52 01 41 34 32 56 20 09 45 47 44 25 21 50 57 39 16 15 55 12 00 24 28 19 06 73 11 38 60 68 37 69 10 46 71 67 
63 43 25 50 03 09 76 33 69 71 41 10 61 38 01 55 59 16 15 64 49 31 07 21 65 54 45 20 62 26 06 34 72 66 73 12 39 52 04 40 00 44 32 29 53 46 30 57 24 05 51 48 42 28 23 56 58 37 19 18 14 02 22 27 17 08 70 60 13 75 36 74 47 67 35 11 68 
41 04 63 28 51 74 31 05 76 67 00 44 36 11 61 19 18 64 56 55 23 06 65 34 45 29 24 62 50 46 73 69 75 08 32 53 01 43 14 37 30 25 54 02 42 07 47 33 58 22 20 52 49 40 27 16 57 59 35 17 10 03 21 26 15 09 39 71 60 66 12 13 38 48 72 68 70 
01 52 44 63 27 68 07 72 34 76 61 02 13 42 39 64 57 56 17 16 32 65 46 08 20 47 62 51 25 22 71 09 30 75 67 41 10 35 54 00 50 03 40 33 28 21 06 48 31 59 26 24 53 45 43 15 19 58 55 38 11 04 23 29 18 05 14 69 74 37 60 70 73 36 12 49 66 
42 44 40 43 41 31 32 34 30 33 38 36 37 39 35 59 56 58 55 57 46 49 48 45 47 51 54 53 52 50 04 00 03 01 02 11 12 10 13 14 18 19 15 16 17 28 27 26 29 25 06 08 09 05 07 67 68 70 66 69 62 60 65 64 76 63 71 72 73 74 75 24 21 23 22 20 61 
42 44 40 43 41 31 32 34 30 33 38 36 37 39 35 59 56 58 55 57 46 49 48 45 47 51 54 53 52 50 23 24 21 20 22 05 06 09 07 08 04 00 03 01 02 67 68 70 66 69 19 17 15 18 16 12 14 10 11 13 64 63 76 60 62 61 71 72 73 74 75 28 26 29 27 25 65 
42 44 40 43 41 31 32 34 30 33 38 36 37 39 35 59 56 58 55 57 46 49 48 45 47 51 54 53 52 50 18 19 15 16 17 66 67 70 69 68 05 06 09 07 08 24 22 21 23 20 12 14 10 11 13 28 27 26 29 25 76 64 61 62 65 60 71 72 73 74 75 00 03 04 02 01 63 
42 44 40 43 41 31 32 34 30 33 38 36 37 39 35 59 56 58 55 57 46 49 48 45 47 51 54 53 52 50 11 12 10 13 14 23 24 21 20 22 66 67 70 69 68 19 17 15 18 16 28 27 26 29 25 00 02 03 04 01 61 76 60 65 63 62 71 72 73 74 75 06 09 05 08 07 64 
42 44 40 43 41 31 32 34 30 33 38 36 37 39 35 59 56 58 55 57 46 49 48 45 47 51 54 53 52 50 66 67 70 69 68 04 00 03 01 02 29 28 26 25 27 06 08 09 05 07 24 22 21 23 20 19 17 15 18 16 63 65 64 61 60 76 71 72 73 74 75 12 10 11 14 13 62 
42 44 40 43 41 31 32 34 30 33 38 36 37 39 35 59 56 58 55 57 46 49 48 45 47 51 54 53 52 50 05 06 09 07 08 29 28 26 25 27 11 12 10 13 14 00 02 03 04 01 67 68 70 66 69 24 22 21 23 20 65 62 63 76 61 64 71 72 73 74 75 19 15 18 17 16 60 
44 48 21 01 04 05 34 53 26 07 13 11 39 58 15 16 30 09 18 56 35 20 10 23 46 40 25 03 51 29 65 08 28 32 50 60 14 19 37 55 61 02 24 42 45 22 36 12 62 47 27 41 00 63 52 17 31 06 64 57 59 49 38 43 33 54 66 74 70 73 69 68 67 76 71 72 75 
00 02 45 40 20 25 06 08 50 30 35 16 12 14 55 58 17 31 07 19 22 48 36 13 24 27 53 41 28 01 52 65 05 26 33 57 60 11 15 38 47 61 04 21 43 62 49 23 37 10 63 54 29 42 03 64 59 18 32 09 56 46 39 44 34 51 69 67 71 68 73 76 66 72 75 70 74 
03 24 02 46 43 33 09 28 08 51 56 38 10 19 14 34 06 17 59 15 12 39 22 49 21 00 44 27 26 54 07 29 31 53 65 13 18 36 58 60 01 23 41 48 61 11 62 45 20 35 04 63 50 25 40 05 64 55 16 30 57 47 37 42 32 52 75 70 68 67 74 66 71 69 76 73 72 
49 01 42 23 00 06 54 07 32 29 18 12 59 13 37 05 16 57 19 33 20 11 47 24 38 25 04 52 43 28 27 30 51 65 09 17 35 56 60 10 22 40 46 61 03 48 21 39 14 62 53 26 44 02 63 58 15 34 08 64 55 45 36 41 31 50 67 75 72 69 66 73 74 68 70 76 71 
22 41 04 03 47 52 27 31 05 09 10 57 17 36 11 15 55 18 32 08 45 21 23 37 14 50 26 29 02 42 34 54 65 06 25 39 59 60 12 16 44 49 61 00 20 38 13 62 46 24 43 01 63 51 28 33 07 64 56 19 58 48 35 40 30 53 72 68 66 71 70 75 76 74 69 67 73 
48 21 00 42 62 63 53 26 06 32 37 64 58 15 12 57 09 19 65 30 10 47 24 60 35 03 52 28 40 61 33 31 27 51 05 38 36 17 56 11 43 41 22 46 04 45 23 14 49 39 50 29 02 54 44 55 18 08 59 34 13 01 20 25 16 07 76 73 67 70 72 71 68 75 66 74 69 
62 43 20 45 03 09 63 33 25 50 55 10 64 38 16 31 59 07 15 65 49 36 13 21 60 54 41 01 61 26 06 34 32 29 53 12 39 37 18 58 00 44 42 23 48 46 35 47 24 11 51 40 52 28 04 56 30 57 19 05 14 02 22 27 17 08 70 76 69 75 71 74 72 67 73 66 68 
41 04 62 24 46 51 31 05 63 28 19 56 36 11 64 06 18 65 34 55 23 12 60 39 45 29 00 61 50 44 30 25 54 08 32 35 16 59 14 37 40 20 49 02 42 13 47 38 48 22 01 52 43 53 27 07 57 33 58 17 10 03 21 26 15 09 74 71 76 66 67 69 75 73 72 68 70 
23 62 49 02 40 30 29 63 54 08 14 35 18 64 59 17 65 33 58 05 60 22 38 48 11 61 27 43 04 53 26 52 07 31 34 15 57 13 36 39 21 47 01 41 44 37 46 20 10 45 42 51 25 03 50 32 56 16 09 55 12 00 24 28 19 06 73 66 75 76 68 72 69 70 74 71 67 
01 47 44 62 22 27 07 52 34 63 64 17 13 57 39 65 32 56 08 16 37 60 46 14 20 42 61 51 25 02 50 09 30 33 28 55 10 35 38 19 45 03 40 43 24 21 12 48 36 49 26 00 53 41 54 15 06 58 31 59 11 04 23 29 18 05 68 69 74 72 76 70 73 71 67 75 66 
42 44 40 43 41 31 32 34 30 33 38 36 37 39 35 59 56 58 55 57 46 49 48 45 47 51 54 53 52 50 29 28 26 25 27 18 19 15 16 17 23 24 21 20 22 12 14 10 11 13 00 02 03 04 01 06 08 09 05 07 60 61 62 63 64 65 71 72 73 74 75 67 70 66 68 69 76 
