3  4  0  1  5  75 50 53 52 70 48 51 26 27 24 25 66 29 74 30 35 31 34 33 56 54 59 58 55 69 72 11 7  9  6  8  16 12 73 14 13 17 60 65 61 62 76 63 36 39 38 67 41 37 42 44 43 47 45 46 22 71 20 23 21 18 57 15 64 68 40 32 49 28 10 2  19 
1  5  3  4  75 2  53 49 51 52 70 50 24 29 66 28 27 25 33 74 31 34 32 35 57 55 56 69 59 54 10 6  72 8  7  11 13 14 12 16 17 15 61 63 76 64 65 62 40 36 37 38 67 39 44 46 47 45 68 43 71 19 21 20 22 23 58 73 60 42 41 30 48 26 9  0  18 
5  2  4  75 0  3  48 70 53 50 51 49 27 28 29 24 25 26 31 35 32 30 74 34 69 56 58 55 57 59 8  72 9  6  10 7  15 13 16 17 73 12 65 64 63 61 62 60 67 41 36 39 37 40 43 47 68 42 44 45 18 23 71 22 19 21 54 14 76 46 38 33 52 66 11 1  20 
75 0  5  2  3  1  70 52 49 53 50 48 29 26 25 66 28 24 34 31 30 74 33 32 54 57 69 59 58 56 11 10 8  7  9  72 73 17 13 15 12 14 63 60 62 76 64 61 38 67 40 36 39 41 47 45 42 44 46 68 23 20 19 71 18 22 55 16 65 43 37 35 51 27 6  4  21 
2  3  75 0  1  4  52 51 48 49 53 70 25 24 28 27 26 66 32 34 74 33 35 30 55 58 54 56 69 57 6  9  11 72 8  10 12 15 17 73 14 16 62 61 64 65 60 76 37 38 41 40 36 67 45 68 44 46 43 42 20 21 18 19 23 71 59 13 63 47 39 31 50 29 7  5  22 
4  75 1  5  2  0  49 48 50 51 52 53 66 25 27 26 29 28 35 33 34 32 30 31 58 59 57 54 56 55 9  7  10 11 72 6  17 16 14 13 15 73 76 62 65 60 63 64 41 40 39 37 38 36 46 43 45 68 42 47 19 18 22 21 71 20 69 12 61 44 67 74 70 24 8  3  23 
27 25 66 29 28 26 11 6  9  10 72 8  70 50 52 49 51 53 5  4  2  0  3  75 42 47 68 46 45 43 22 23 21 19 20 18 56 55 54 59 57 58 73 16 12 17 14 13 76 61 64 62 63 60 32 30 33 35 31 74 36 40 37 38 39 67 44 69 15 34 65 1  7  48 71 24 41 
26 66 28 24 27 29 10 9  7  6  11 72 53 70 49 51 48 52 3  0  4  5  75 1  47 44 43 68 46 42 23 71 18 21 19 22 54 58 57 69 55 59 13 73 17 14 15 12 64 62 65 76 61 63 35 31 32 30 74 34 38 37 41 40 67 36 45 56 16 33 60 2  8  50 20 25 39 
66 29 24 27 25 28 8  11 10 72 7  9  48 51 70 53 52 50 4  1  75 2  0  5  68 43 45 44 47 46 21 18 20 71 23 19 59 54 69 55 56 57 15 14 73 13 12 16 61 60 62 63 65 64 34 32 74 33 35 30 39 36 38 67 37 41 42 58 17 31 76 3  6  49 22 26 40 
25 26 29 28 24 66 7  72 11 8  9  6  51 49 50 70 53 48 2  75 3  1  4  0  46 68 44 47 42 45 19 21 71 23 22 20 58 56 59 57 69 54 14 17 16 73 13 15 63 65 61 60 64 76 74 33 31 34 32 35 41 67 36 39 40 37 43 55 12 30 62 5  10 52 18 27 38 
24 27 26 66 29 25 9  8  72 7  6  10 49 52 48 50 70 51 1  3  5  75 2  4  45 46 47 42 43 44 20 19 23 22 18 71 55 69 58 54 59 56 17 12 15 16 73 14 60 64 63 65 76 62 31 34 30 74 33 32 37 39 67 41 38 40 68 57 13 35 61 0  11 53 21 28 36 
28 24 25 26 66 27 72 10 6  11 8  7  50 48 53 52 49 70 0  2  1  4  5  3  43 42 46 45 44 68 18 22 19 20 71 21 69 57 56 58 54 55 16 15 13 12 17 73 62 63 76 61 60 65 33 35 34 32 30 31 67 38 40 36 41 39 47 59 14 74 64 75 9  51 23 29 37 
62 60 63 64 61 76 58 69 56 59 55 57 17 12 15 16 73 14 41 40 38 37 39 67 72 11 7  9  6  8  47 44 43 68 46 42 49 50 51 53 48 70 66 25 27 26 29 28 2  75 4  1  3  5  22 71 18 23 20 19 35 31 74 30 33 32 10 52 24 21 0  36 54 13 45 65 34 
65 62 76 63 64 60 56 57 55 54 69 59 16 15 13 12 17 73 36 39 41 67 38 40 6  9  11 72 8  10 46 68 44 47 42 45 50 52 70 51 53 49 26 27 24 25 66 29 5  4  3  0  2  1  20 21 71 19 18 22 74 33 32 34 30 31 7  48 28 23 75 37 58 14 43 61 35 
76 63 61 65 62 64 59 56 54 69 58 55 14 17 16 73 13 15 39 37 40 41 67 36 11 10 8  7  9  72 44 45 42 43 68 47 51 70 48 52 50 53 28 66 26 29 24 27 4  1  0  2  75 3  23 20 22 71 19 21 30 74 34 31 32 35 6  49 25 18 5  38 57 12 46 60 33 
63 64 65 62 60 61 57 58 59 55 54 56 13 73 17 14 15 12 40 36 67 38 37 41 7  8  6  10 11 9  43 42 46 45 44 68 53 51 52 50 49 48 24 29 66 28 27 25 75 5  1  3  0  4  21 22 19 18 23 71 33 35 30 32 74 34 72 70 26 20 2  39 69 16 47 76 31 
64 61 62 60 76 65 69 54 57 56 59 58 15 14 73 13 12 16 67 41 37 39 36 38 10 6  72 8  7  11 45 46 47 42 43 44 48 53 50 49 70 52 27 28 29 24 25 26 0  2  5  4  1  75 71 19 23 20 21 18 31 34 33 74 35 30 9  51 66 22 3  40 55 17 68 63 32 
60 76 64 61 65 63 54 55 58 57 56 69 73 16 12 17 14 13 38 67 39 36 40 37 9  7  10 11 72 6  68 43 45 44 47 46 70 49 53 48 52 51 29 26 25 66 28 24 3  0  75 5  4  2  19 18 20 21 22 23 34 32 35 33 31 74 8  50 27 71 1  41 59 15 42 62 30 
38 39 67 37 36 40 15 73 13 16 14 17 65 64 63 61 62 60 23 18 21 22 71 20 48 50 49 52 53 51 55 58 54 56 69 57 28 29 27 25 26 24 75 3  2  4  0  1  31 35 74 30 32 33 10 9  11 6  7  8  45 68 43 46 47 44 70 66 5  72 34 19 12 76 59 41 42 
36 41 39 40 67 38 14 16 73 15 17 12 64 76 60 63 61 65 22 21 19 18 23 71 51 48 52 53 70 49 57 55 56 69 59 54 66 26 28 24 27 29 3  5  1  2  4  75 30 32 31 35 33 34 11 6  72 10 9  7  44 46 68 45 42 47 50 25 0  8  74 20 13 62 58 37 43 
37 36 38 39 40 41 73 12 17 13 16 15 63 60 62 76 64 61 20 23 22 71 19 21 70 53 48 51 49 50 59 69 55 57 54 58 26 25 29 28 24 66 2  1  0  5  3  4  34 31 33 74 30 35 9  8  6  7  72 11 68 42 47 43 45 46 52 27 75 10 32 18 14 65 56 67 44 
41 38 40 67 37 39 13 17 14 12 73 16 61 63 76 64 65 62 19 71 23 20 21 18 53 52 50 48 51 70 69 56 58 55 57 59 29 66 24 27 25 28 4  2  5  3  75 0  33 74 32 34 31 30 7  72 9  8  11 10 43 47 44 42 46 68 49 26 1  6  35 22 15 60 54 36 45 
39 40 37 36 41 67 12 14 15 17 13 73 62 61 64 65 60 76 21 20 71 19 18 22 52 49 70 50 48 53 56 54 59 58 55 69 24 28 25 26 66 27 0  4  3  75 1  5  32 34 35 33 74 31 8  11 7  72 10 6  42 44 45 47 68 43 51 29 2  9  30 23 16 63 57 38 46 
40 67 36 41 38 37 16 13 12 73 15 14 60 65 61 62 76 63 71 22 18 23 20 19 50 70 51 49 52 48 58 59 57 54 56 55 27 24 26 66 29 25 1  75 4  0  5  2  74 30 34 31 35 32 6  7  10 9  8  72 46 43 42 68 44 45 53 28 3  11 33 21 17 64 69 39 47 
18 20 19 23 21 22 62 64 65 76 61 63 36 67 40 37 41 38 9  10 11 6  7  8  29 24 27 28 66 26 73 13 15 14 17 16 0  75 5  2  3  1  74 31 33 32 35 34 47 43 44 42 68 46 49 48 52 51 50 70 54 55 58 57 69 56 25 4  30 53 45 72 60 39 12 71 59 
20 22 23 21 71 19 60 61 62 63 65 64 41 37 67 36 38 39 11 8  7  72 10 6  28 27 25 24 29 66 14 15 12 13 73 17 1  0  2  3  4  5  35 32 31 74 34 30 68 45 43 46 44 47 70 52 50 53 49 51 59 56 54 69 55 58 26 75 33 48 42 9  76 40 16 18 57 
21 71 20 22 19 18 61 76 64 62 63 60 67 39 38 40 37 36 6  11 72 10 9  7  26 29 28 66 25 27 16 73 14 17 12 15 4  3  0  1  5  75 31 30 34 33 32 74 42 68 47 43 46 45 52 51 53 49 48 50 56 57 55 54 59 69 24 2  35 70 44 8  65 41 13 23 58 
23 21 18 20 22 71 64 60 63 65 76 62 40 38 41 39 67 37 8  9  6  7  72 11 25 66 29 26 27 24 12 17 73 16 15 13 3  2  75 0  1  4  33 34 35 30 31 32 45 47 46 44 42 43 48 70 51 50 53 52 55 59 69 58 54 57 28 5  74 49 68 10 61 36 14 19 56 
19 23 71 18 20 21 63 62 76 61 60 65 39 41 36 38 40 67 10 72 8  11 6  9  27 26 66 25 24 28 15 16 17 12 13 14 2  5  4  75 0  3  30 35 74 34 33 31 43 46 42 68 45 44 53 49 70 52 51 48 69 54 57 56 58 59 29 1  32 50 47 7  64 37 73 22 55 
71 18 22 19 23 20 65 63 61 60 64 76 37 40 39 67 36 41 72 7  9  8  11 10 66 28 24 29 26 25 17 14 13 73 16 12 75 4  1  5  2  0  32 33 30 31 74 35 46 44 68 45 47 42 50 53 48 70 52 49 58 69 56 59 57 55 27 3  34 51 43 6  62 38 15 21 54 
13 15 16 17 73 12 44 46 68 45 47 42 55 57 59 69 56 58 65 76 62 64 60 63 21 18 20 71 23 19 35 30 33 34 74 32 7  11 8  6  72 10 52 53 51 48 50 49 27 66 26 28 25 24 39 36 41 67 38 40 75 2  4  1  5  3  22 9  70 37 29 61 43 54 31 14 0  
15 12 17 73 14 16 43 47 44 42 68 46 56 69 57 55 58 54 62 63 60 61 76 64 71 20 22 18 21 23 34 33 31 30 35 74 10 7  6  72 9  8  50 48 53 52 49 70 25 29 66 24 26 27 40 41 38 37 39 67 0  3  75 5  2  4  19 11 51 36 28 65 45 59 32 13 1  
73 14 15 12 16 13 47 45 46 44 42 43 57 54 58 59 69 55 64 62 61 76 65 60 19 21 71 23 22 20 32 35 34 74 31 33 9  72 7  10 8  11 53 70 49 51 48 52 28 25 27 66 24 29 41 67 37 39 36 38 3  1  2  75 0  5  18 6  50 40 26 63 68 56 30 17 4  
17 73 13 15 12 14 46 43 42 68 45 44 59 58 56 54 57 69 63 65 64 60 61 62 22 23 21 19 20 18 31 74 35 32 33 30 72 6  11 7  10 9  51 49 50 70 53 48 29 27 24 26 28 66 36 40 67 38 37 41 2  0  5  4  75 1  71 8  52 39 25 76 47 55 34 16 3  
16 17 14 13 15 73 42 44 45 47 43 68 54 56 55 58 59 57 76 61 63 62 64 65 20 19 23 22 18 71 33 32 74 31 30 34 6  8  9  11 7  72 70 50 52 49 51 53 66 24 28 25 29 26 37 39 40 41 67 36 5  75 1  3  4  0  21 10 48 38 27 60 46 69 35 12 2  
14 13 12 16 17 15 68 42 47 43 46 45 69 59 54 57 55 56 61 60 65 63 62 76 23 71 18 21 19 22 74 34 30 35 32 31 11 9  10 8  6  7  48 51 70 53 52 50 24 26 25 29 27 28 38 37 36 40 41 39 4  5  3  0  1  2  20 72 49 67 66 64 44 58 33 73 75 
45 42 47 68 44 46 0  3  75 5  4  2  74 31 33 32 35 34 54 69 59 56 57 55 62 76 63 60 65 61 26 29 28 66 25 27 41 36 39 40 67 38 22 18 71 20 19 23 9  10 7  6  11 72 17 15 12 14 16 73 70 52 49 53 48 50 64 37 21 13 8  58 1  30 24 43 51 
47 68 43 45 42 44 2  0  5  4  1  75 30 35 74 34 33 31 69 58 55 59 56 54 63 61 65 64 76 60 28 27 25 24 29 66 40 39 37 36 41 67 21 19 22 23 71 18 10 72 6  11 8  7  13 17 73 12 14 15 48 70 53 50 49 51 62 38 20 16 9  57 3  32 26 46 52 
42 46 68 44 43 47 1  4  0  2  75 3  35 32 31 74 34 30 59 55 57 58 69 56 60 63 64 76 62 65 66 28 24 29 26 25 38 41 40 67 37 39 19 20 18 22 23 21 11 8  10 72 7  9  73 12 16 13 17 14 51 50 70 48 52 49 61 36 71 15 6  54 5  33 27 45 53 
44 43 42 46 47 45 4  5  3  0  2  1  31 30 34 33 32 74 56 59 58 69 54 57 61 62 60 65 64 63 27 26 66 25 24 28 37 67 41 38 39 36 18 21 23 71 20 22 6  11 9  10 72 8  12 14 13 17 15 16 50 53 52 70 51 48 76 40 19 73 7  55 75 35 29 68 49 
46 47 44 43 45 68 5  75 1  3  0  4  34 74 32 35 30 33 57 56 69 54 55 58 76 64 61 63 60 62 29 24 27 28 66 26 39 38 67 37 36 40 23 22 20 19 21 71 7  6  8  9  10 11 14 16 17 15 73 13 53 49 51 52 50 70 65 41 18 12 72 59 2  31 25 42 48 
68 44 45 42 46 43 3  1  2  75 5  0  33 34 35 30 31 32 55 54 56 57 58 59 64 65 62 61 63 76 24 25 26 27 28 29 67 40 36 41 38 37 71 23 19 21 18 20 8  9  72 7  6  10 15 73 14 16 13 12 52 51 48 49 70 53 60 39 22 17 11 69 4  74 66 47 50 
6  72 11 7  10 9  37 39 67 41 40 38 19 20 18 22 23 21 51 52 53 49 48 50 1  2  3  5  0  75 76 64 61 63 60 62 32 31 35 34 30 74 47 42 45 46 68 44 59 55 69 58 57 54 26 24 27 29 25 66 14 16 73 15 12 17 4  33 43 28 56 70 36 71 65 8  13 
8  6  9  11 7  72 67 38 40 36 39 41 22 18 71 20 19 23 70 48 51 50 53 52 0  5  2  1  75 4  60 63 64 76 62 65 31 33 74 35 34 32 46 45 43 42 47 68 54 69 57 56 59 58 25 28 24 66 27 26 73 12 17 13 15 16 3  30 44 29 55 49 37 21 61 10 14 
9  11 10 8  6  7  41 67 36 39 37 40 21 19 22 23 71 18 48 49 52 51 50 70 2  4  75 3  5  1  64 65 62 61 63 76 35 74 30 33 31 34 44 47 46 68 43 45 69 58 56 59 55 57 29 25 26 24 66 28 15 73 13 16 17 14 0  32 42 27 54 53 38 20 60 72 12 
11 7  8  6  72 10 38 37 41 40 36 67 71 23 19 21 18 20 52 70 50 53 49 51 3  75 0  4  2  5  61 62 60 65 64 63 34 35 33 31 32 30 43 68 47 44 45 42 55 54 58 57 56 69 28 26 66 27 29 24 12 14 15 17 73 13 1  74 46 25 59 48 39 22 76 9  16 
7  10 6  72 9  8  39 36 38 67 41 37 18 21 23 71 20 22 50 51 49 48 70 53 4  0  1  75 3  2  65 60 76 62 61 64 30 34 31 32 74 33 45 44 68 43 42 46 56 59 54 69 58 55 24 66 29 25 28 27 16 13 12 73 14 15 5  35 47 26 57 52 40 19 63 11 17 
72 9  7  10 8  11 36 40 37 38 67 39 23 22 20 19 21 71 53 50 48 70 52 49 5  3  4  2  1  0  63 61 65 64 76 60 74 32 34 30 33 35 68 46 42 47 44 43 57 56 55 54 69 59 66 27 25 28 26 29 13 17 14 12 16 73 75 31 45 24 58 51 41 18 62 6  15 
57 69 56 58 54 55 30 74 34 31 35 32 45 44 68 43 42 46 16 14 17 15 73 13 39 67 37 40 38 41 75 1  5  0  4  3  21 23 18 20 22 71 8  7  11 10 6  72 51 52 48 49 53 70 61 76 63 62 64 65 27 29 24 26 66 28 36 19 9  60 50 12 33 47 2  59 25 
54 59 69 55 56 57 35 31 74 30 32 33 44 47 46 68 43 45 15 17 12 14 16 73 41 39 40 38 36 37 3  75 0  4  2  5  19 22 21 71 18 23 7  9  72 11 10 8  49 53 51 52 70 50 63 62 60 61 76 64 28 26 29 27 25 66 67 20 6  65 48 13 34 42 1  58 24 
69 55 58 54 59 56 33 35 30 32 34 74 42 43 44 45 46 47 17 13 73 12 14 15 40 37 36 67 39 38 0  5  2  1  75 4  71 21 20 22 19 18 6  10 7  8  72 9  53 50 52 70 48 51 65 63 64 60 61 62 25 28 27 66 29 24 41 23 11 76 49 16 31 68 3  57 26 
59 57 55 56 58 69 34 32 35 33 74 31 43 68 47 44 45 42 12 73 16 13 17 14 38 40 67 39 41 36 4  0  1  75 3  2  23 19 71 18 20 21 10 11 9  7  8  6  70 48 53 50 51 49 64 60 76 65 63 61 24 66 28 25 26 29 37 22 72 62 52 15 30 46 5  54 27 
58 54 57 69 55 59 74 33 32 34 31 30 68 46 42 47 44 43 13 16 15 73 12 17 36 38 39 41 37 67 2  4  75 3  5  1  22 20 23 21 71 19 11 72 6  9  7  10 50 51 70 48 49 52 76 65 62 64 60 63 29 25 66 24 27 26 40 18 8  61 53 14 35 45 0  56 28 
56 58 59 57 69 54 32 30 31 35 33 34 47 42 45 46 68 44 14 12 13 17 15 16 37 41 38 36 67 40 5  3  4  2  1  0  20 18 19 23 21 22 9  6  8  72 11 7  52 70 49 53 50 48 60 61 65 63 62 76 66 27 26 28 24 25 39 71 10 64 51 73 74 43 75 55 29 
31 32 35 34 30 74 25 28 27 66 24 29 5  0  75 1  2  3  47 43 68 42 44 45 17 14 13 73 16 12 70 53 48 51 49 50 62 65 76 63 64 60 36 67 40 37 41 38 19 71 21 20 23 22 57 58 54 55 59 69 9  8  72 7  10 6  15 61 39 56 18 46 26 4  52 33 11 
74 35 30 33 31 34 66 27 26 28 25 24 3  5  1  2  4  75 44 42 43 47 45 46 14 15 12 13 73 17 53 52 50 48 51 70 76 60 64 61 65 63 38 36 37 41 39 40 21 20 18 19 71 23 55 59 57 58 69 56 7  72 11 8  6  9  16 62 67 54 22 68 29 0  49 32 10 
33 31 74 35 34 32 27 29 24 26 28 66 1  75 4  0  5  2  46 44 47 45 68 43 16 73 14 17 12 15 49 51 53 70 50 52 65 61 60 76 63 62 37 40 39 67 36 41 22 21 23 18 19 20 59 56 58 69 54 57 72 10 6  11 7  8  13 64 38 55 71 42 25 3  48 30 9  
32 74 34 30 33 35 26 24 25 29 27 28 2  1  0  5  3  4  68 45 44 46 43 42 73 13 15 14 17 16 51 48 52 53 70 49 60 62 63 64 61 76 41 37 67 36 38 39 23 18 71 22 21 19 69 54 59 56 57 55 11 6  9  10 8  72 12 65 40 58 20 47 66 75 50 31 7  
35 34 33 31 32 30 29 25 66 24 26 27 4  2  5  3  75 0  43 46 45 68 42 47 13 12 16 15 14 73 48 50 49 52 53 51 63 76 61 65 62 64 39 41 36 38 40 67 71 22 20 23 18 21 56 57 69 54 55 58 10 9  7  6  72 11 17 60 37 59 19 44 28 1  70 74 8  
34 30 31 32 74 33 28 26 29 27 66 25 75 3  2  4  0  1  45 47 42 44 46 68 15 16 17 12 13 14 52 49 70 50 48 53 64 63 65 62 60 61 40 38 41 39 67 37 18 19 22 21 20 71 58 69 55 59 56 54 8  11 10 72 9  7  73 76 36 57 23 43 24 5  51 35 6  
53 48 50 49 70 52 21 22 23 18 19 20 8  7  11 10 6  72 27 66 25 28 26 29 30 31 32 33 34 35 40 37 36 67 39 38 44 68 45 42 46 43 55 57 59 69 56 58 16 14 73 15 17 12 4  5  2  0  3  75 64 60 63 65 62 76 74 47 54 1  13 24 71 9  41 51 61 
52 50 70 51 53 49 18 23 71 22 21 19 72 8  10 6  9  11 26 28 66 27 29 24 31 74 35 32 33 30 37 41 38 36 67 40 45 43 46 47 68 42 58 55 69 56 54 59 73 15 13 16 14 17 0  3  4  5  75 1  65 63 61 60 76 64 34 44 57 2  12 25 20 7  39 48 62 
50 49 51 53 48 70 20 21 18 19 71 23 9  6  8  72 11 7  66 24 29 25 28 27 32 35 34 74 31 33 36 38 39 41 37 67 42 45 47 68 44 46 54 56 55 58 59 57 14 12 15 17 13 73 1  4  75 2  0  5  62 64 65 76 63 61 30 43 69 3  16 26 22 10 40 52 60 
48 52 49 70 51 50 71 19 21 20 23 22 6  10 7  8  72 9  25 29 26 24 66 28 33 32 74 31 30 34 67 36 41 37 40 39 43 44 42 46 47 45 56 69 57 55 58 54 17 13 14 12 73 16 75 2  3  1  4  0  61 76 64 62 60 63 35 68 59 5  15 27 18 11 38 53 65 
70 51 48 52 50 53 19 18 22 21 20 71 7  9  72 11 10 8  28 25 24 66 27 26 35 30 33 34 74 32 38 40 67 39 41 36 47 46 44 43 45 68 57 54 58 59 69 55 15 17 16 14 12 13 2  0  1  4  5  3  76 65 60 64 61 62 31 42 56 75 73 29 23 6  37 49 63 
51 53 52 50 49 48 23 20 19 71 22 18 10 11 9  7  8  6  24 26 27 29 25 66 34 33 31 30 35 74 39 67 37 40 38 41 68 47 43 45 42 44 69 59 54 57 55 56 12 73 17 13 16 15 3  1  5  75 2  4  63 62 76 61 65 60 32 46 58 0  14 28 21 72 36 70 64 
22 19 21 71 18 23 76 65 60 64 62 61 38 36 37 41 39 40 7  6  10 9  8  72 24 25 26 27 28 29 13 12 16 15 14 73 5  1  3  4  75 2  34 74 32 35 30 33 44 42 45 47 43 68 51 50 49 48 70 53 57 58 59 55 56 54 66 0  31 52 46 11 63 67 17 20 69 
43 45 46 47 68 42 75 2  4  1  3  5  32 33 30 31 74 35 58 57 54 55 59 69 65 60 76 62 61 64 25 66 29 26 27 24 36 37 38 39 40 41 20 71 21 18 22 19 72 7  11 8  9  6  16 13 15 73 12 17 49 48 50 51 53 52 63 67 23 14 10 56 0  34 28 44 70 
10 8  72 9  11 6  40 41 39 37 38 36 20 71 21 18 22 19 49 53 70 52 51 48 75 1  5  0  4  3  62 76 63 60 65 61 33 30 32 74 35 31 42 43 44 45 46 47 58 57 59 55 54 56 27 29 28 26 24 25 17 15 16 14 13 12 2  34 68 66 69 50 67 23 64 7  73 
30 33 32 74 35 31 24 66 28 25 29 26 0  4  3  75 1  5  42 68 46 43 47 44 12 17 73 16 15 13 50 70 51 49 52 48 61 64 62 60 76 65 67 39 38 40 37 36 20 23 19 71 22 18 54 55 56 57 58 59 6  7  8  9  11 10 14 63 41 69 21 45 27 2  53 34 72 
55 56 54 59 57 58 31 34 33 74 30 35 46 45 43 42 47 68 73 15 14 16 13 12 67 36 41 37 40 39 1  2  3  5  0  75 18 71 22 19 23 20 72 8  10 6  9  11 48 49 50 51 52 53 62 64 61 76 65 60 26 24 25 29 28 27 38 21 7  63 70 17 32 44 4  69 66 
67 37 41 38 39 36 17 15 16 14 12 13 76 62 65 60 63 64 18 19 20 21 22 23 49 51 53 70 50 52 54 57 69 59 58 56 25 27 66 29 28 26 5  0  75 1  2  3  35 33 30 32 34 74 72 10 8  11 6  9  47 45 46 44 43 42 48 24 4  7  31 71 73 61 55 40 68 
29 28 27 25 26 24 6  7  8  9  10 11 52 53 51 48 50 49 75 5  0  3  1  2  44 45 42 43 68 47 71 20 22 18 21 23 57 59 55 56 58 69 12 13 14 15 16 17 65 76 60 64 62 61 30 74 35 31 34 33 40 41 39 37 36 38 46 54 73 32 63 4  72 70 19 66 67 
61 65 60 76 63 62 55 59 69 58 57 54 12 13 14 15 16 17 37 38 36 40 41 39 8  72 9  6  10 7  42 47 68 46 45 43 52 48 49 70 51 50 25 24 28 27 26 66 1  3  2  75 5  0  18 23 21 22 71 20 32 30 31 35 34 33 11 53 29 19 4  67 56 73 44 64 74 
12 16 73 14 13 17 45 68 43 46 44 47 58 55 69 56 54 59 60 64 76 65 63 61 18 22 19 20 71 21 30 31 32 33 34 35 8  10 72 9  11 6  49 52 48 50 70 51 26 28 29 27 66 25 67 38 39 36 40 37 1  4  0  2  3  75 23 7  53 41 24 62 42 57 74 15 5  
0  1  2  3  4  5  51 50 70 48 49 52 28 66 26 29 24 27 30 32 33 35 31 74 59 69 55 57 54 58 7  8  6  10 11 9  14 73 15 12 16 13 64 76 60 63 61 65 39 37 67 41 40 38 68 42 46 43 47 44 21 22 23 18 20 19 56 17 62 45 36 34 53 25 72 75 71 
49 70 53 48 52 51 22 71 20 23 18 21 11 72 6  9  7  10 29 27 28 26 24 25 74 34 30 35 32 31 41 39 40 38 36 37 46 42 68 44 43 47 59 58 56 54 57 69 13 16 12 73 15 14 5  75 0  3  1  2  60 61 62 63 64 65 33 45 55 4  17 66 19 8  67 50 76 
