68 28 2  22 52 33 39 34 54 25 6  29 37 66 49 3  30 1  50 8  38 9  64 20 41 17 31 14 59 24 19 0  13 42 5  40 58 56 53 23 72 32 71 67 70 11 45 15 55 44 63 43 35 61 60 27 57 4  26 10 46 36 16 21 62 69 18 65 7  48 12 51 47
54 43 10 9  46 6  65 19 27 21 55 33 14 57 70 39 13 60 34 50 28 20 32 4  63 12 62 67 48 56 41 24 64 49 37 25 69 47 26 11 44 35 40 68 23 29 31 8  17 36 1  30 61 66 59 7  5  2  16 72 51 38 42 45 15 0  52 58 53 3  18 71 22
32 9  69 3  23 53 34 40 35 55 26 7  30 38 67 50 4  31 71 51 22 39 10 65 21 42 18 13 15 60 25 1  2  14 43 6  41 59 57 54 24 72 33 64 68 27 12 46 16 56 45 20 44 36 62 61 28 58 5  0  11 47 37 17 52 63 70 19 66 8  49 29 48
19 52 33 70 4  24 54 35 41 36 56 0  8  31 39 68 51 5  32 64 18 23 40 11 66 22 43 50 14 16 61 26 71 3  15 44 7  42 60 58 55 25 72 34 65 69 28 13 47 17 57 46 21 45 37 63 62 29 59 6  2  12 48 38 30 53 20 27 1  67 9  10 49
44 65 1  34 27 5  25 55 36 42 37 57 2  9  32 40 69 52 6  33 39 19 24 41 12 67 23 10 51 15 17 62 0  64 4  16 45 8  43 61 59 56 26 72 35 66 70 29 14 48 18 58 47 22 46 38 20 63 30 60 7  3  13 49 11 31 54 21 28 71 68 53 50
24 34 45 71 35 28 6  26 56 37 43 38 58 3  10 33 41 70 53 7  50 40 1  25 42 13 68 69 11 52 16 18 63 2  65 5  17 46 9  44 62 60 57 0  72 36 67 27 30 15 49 19 59 48 23 47 39 21 20 31 61 8  4  14 54 12 32 55 22 29 64 66 51
69 8  25 46 64 36 29 7  0  57 38 44 39 59 4  11 34 42 27 54 15 51 41 71 26 43 14 65 70 12 53 17 19 20 3  66 6  18 47 10 45 63 61 58 2  72 37 68 28 31 16 50 1  60 49 24 48 40 22 21 32 62 9  5  67 55 13 33 56 23 30 35 52
15 55 70 26 47 65 37 30 8  2  58 39 45 40 60 5  12 35 43 28 6  16 52 42 64 0  44 31 66 27 13 54 18 1  21 4  67 7  19 48 11 46 20 62 59 3  72 38 69 29 32 17 51 71 61 50 25 49 41 23 22 33 63 10 36 68 56 14 34 57 24 9  53
45 29 16 27 0  48 66 38 31 9  3  59 40 46 41 61 6  13 36 44 11 7  17 53 43 65 2  25 32 67 28 14 55 19 71 22 5  68 8  1  49 12 47 21 63 60 4  72 39 70 30 33 18 52 64 62 51 26 50 42 24 23 34 20 10 37 69 57 15 35 58 56 54
3  45 46 17 28 2  49 67 39 32 10 4  60 41 47 42 62 7  14 37 21 12 8  18 54 44 66 59 26 33 68 29 15 56 1  64 23 6  69 9  71 50 13 48 22 20 61 5  72 40 27 31 34 19 53 65 63 52 0  51 43 25 24 35 57 11 38 70 58 16 36 30 55
67 38 4  47 18 29 3  50 68 40 33 11 5  61 42 48 43 63 8  15 36 22 13 9  19 55 45 37 60 0  34 69 30 16 57 71 65 24 7  70 10 64 51 14 49 23 21 62 6  72 41 28 32 35 1  54 66 20 53 2  52 44 26 25 31 58 12 39 27 59 17 46 56
46 16 68 5  48 19 30 4  51 69 41 34 12 6  62 43 49 44 20 9  26 37 23 14 10 1  56 18 38 61 2  35 70 31 17 58 64 66 25 8  27 11 65 52 15 50 24 22 63 7  72 42 29 33 36 71 55 67 21 54 3  53 45 0  47 32 59 13 40 28 60 39 57
57 10 47 69 6  49 1  31 5  52 70 42 35 13 7  63 44 50 45 21 2  0  38 24 15 11 71 61 19 39 62 3  36 27 32 18 59 65 67 26 9  28 12 66 53 16 51 25 23 20 8  72 43 30 34 37 64 56 68 22 55 4  54 46 40 48 33 60 14 41 29 17 58
64 22 58 48 70 7  50 71 32 6  53 27 43 36 14 8  20 45 51 46 47 3  2  39 25 16 12 30 62 1  40 63 4  37 28 33 19 60 66 68 0  10 29 13 67 54 17 52 26 24 21 9  72 44 31 35 38 65 57 69 23 56 5  55 18 41 49 34 61 15 42 11 59
13 47 65 59 49 27 8  51 64 33 7  54 28 44 37 15 9  21 46 52 56 48 4  3  40 26 17 43 31 63 71 41 20 5  38 29 34 1  61 67 69 2  11 30 14 68 55 18 53 0  25 22 10 72 45 32 36 39 66 58 70 24 57 6  12 19 42 50 35 62 16 23 60
18 53 14 66 60 50 28 9  52 65 34 8  55 29 45 38 16 10 22 47 7  57 49 5  4  41 0  17 44 32 20 64 42 21 6  39 30 35 71 62 68 70 3  12 31 15 69 56 19 54 2  26 23 11 72 46 33 37 40 67 59 27 25 58 24 13 1  43 51 36 63 48 61
2  48 19 15 67 61 51 29 10 53 66 35 9  56 30 46 39 17 11 23 59 8  58 50 6  5  42 20 18 45 33 21 65 43 22 7  40 31 36 64 63 69 27 4  13 32 16 70 57 1  55 3  0  24 12 72 47 34 38 41 68 60 28 26 49 25 14 71 44 52 37 54 62
43 24 3  1  16 68 62 52 30 11 54 67 36 10 57 31 47 40 18 12 0  60 9  59 51 7  6  38 21 19 46 34 22 66 44 23 8  41 32 37 65 20 70 28 5  14 33 17 27 58 71 56 4  2  25 13 72 48 35 39 42 69 61 29 55 50 26 15 64 45 53 49 63
7  13 44 4  71 17 69 63 53 31 12 55 68 37 11 58 32 48 41 19 30 2  61 10 60 52 8  54 39 22 1  47 35 23 67 45 24 9  42 33 38 66 21 27 29 6  15 34 18 28 59 64 57 5  3  26 14 72 49 36 40 43 70 62 50 56 51 0  16 65 46 25 20
9  1  8  45 5  64 18 70 20 54 32 13 56 69 38 12 59 33 49 42 63 31 3  62 11 61 53 47 55 40 23 71 48 36 24 68 46 25 10 43 34 39 67 22 28 30 7  16 35 19 29 60 65 58 6  4  0  15 72 50 37 41 44 27 26 51 57 52 2  17 66 14 21
47 41 62 25 66 30 17 42 22 67 13 43 0  65 44 55 1  11 16 26 19 21 59 45 70 32 27 24 33 51 49 46 60 72 69 14 18 71 4  38 8  48 37 56 36 28 54 53 64 50 23 63 3  39 29 9  58 31 2  15 57 34 10 68 7  52 61 12 20 6  35 5  40
28 0  48 63 26 67 31 18 43 23 68 14 44 2  66 45 56 71 12 17 69 1  22 60 46 27 33 36 25 34 52 50 47 61 72 70 15 19 64 5  39 9  49 38 57 37 29 55 54 65 51 24 20 4  40 30 10 59 32 3  16 58 35 11 6  8  53 62 13 21 7  42 41
34 18 29 49 20 0  68 32 19 44 24 69 15 45 3  67 46 57 64 13 12 70 71 23 61 47 28 8  37 26 35 53 51 48 62 72 27 16 1  65 6  40 10 50 39 58 38 30 56 55 66 52 25 21 5  41 31 11 60 33 4  17 59 36 43 7  9  54 63 14 22 2  42
29 14 35 30 50 21 2  69 33 1  45 25 70 16 46 4  68 47 58 65 37 13 27 64 24 62 48 23 9  38 0  36 54 52 49 63 72 28 17 71 66 7  41 11 51 40 59 39 31 57 56 67 53 26 22 6  42 32 12 61 34 5  18 60 3  44 8  10 55 20 15 19 43
49 66 30 36 31 51 22 3  70 34 71 46 26 27 17 47 5  69 48 59 61 38 14 28 65 25 63 16 24 10 39 2  37 55 53 50 20 72 29 18 64 67 8  42 12 52 41 60 40 32 58 57 68 54 0  23 7  43 33 13 62 35 6  19 1  4  45 9  11 56 21 15 44
20 60 50 31 37 32 52 23 4  27 35 64 47 0  28 18 48 6  70 49 1  62 39 15 29 66 26 22 17 25 11 40 3  38 56 54 51 21 72 30 19 65 68 9  43 13 53 42 61 41 33 59 58 69 55 2  24 8  44 34 14 63 36 7  16 71 5  46 10 12 57 67 45
0  50 21 51 32 38 33 53 24 5  28 36 65 48 2  29 19 49 7  27 8  71 63 40 16 30 67 58 23 18 26 12 41 4  39 57 55 52 22 72 31 1  66 69 10 44 14 54 43 62 42 34 60 59 70 56 3  25 9  45 35 15 20 37 68 17 64 6  47 11 13 61 46
51 42 54 37 3  41 13 2  71 0  63 19 18 55 15 30 70 36 4  20 16 14 11 67 72 60 47 52 28 66 10 61 23 62 12 69 32 57 21 50 7  29 58 46 8  34 56 9  1  53 44 49 33 6  38 40 17 68 45 27 39 26 31 24 22 35 48 64 25 43 59 65 5
48 21 52 55 38 4  42 14 3  64 2  20 1  19 56 16 31 27 37 5  25 17 15 12 68 72 61 60 53 29 67 11 62 24 63 13 70 33 58 22 51 8  30 59 47 9  35 57 10 71 54 45 50 34 7  39 41 18 69 46 28 40 0  32 66 23 36 49 65 26 44 43 6
62 6  49 53 56 39 5  43 15 4  65 3  21 71 1  57 17 32 28 38 33 26 18 16 13 69 72 45 61 54 30 68 12 63 25 20 14 27 34 59 23 52 9  31 60 48 10 36 58 11 64 55 46 51 35 8  40 42 19 70 47 29 41 2  44 67 24 37 50 66 0  22 7
72 39 63 50 54 57 40 6  44 16 5  66 4  22 64 71 58 18 33 29 3  34 0  19 17 14 70 2  46 62 55 31 69 13 20 26 21 15 28 35 60 24 53 10 32 61 49 11 37 59 12 65 56 47 52 36 9  41 43 1  27 48 30 42 23 45 68 25 38 51 67 7  8
27 30 72 20 51 55 58 41 7  45 17 6  67 5  23 65 64 59 19 34 43 4  35 2  1  18 15 68 3  47 63 56 32 70 14 21 0  22 16 29 36 61 25 54 11 33 62 50 12 38 60 13 66 57 48 53 37 10 42 44 71 28 49 31 8  24 46 69 26 39 52 40 9
16 35 28 72 21 52 56 59 42 8  46 18 7  68 6  24 66 65 60 1  32 44 5  36 3  71 19 53 69 4  48 20 57 33 27 15 22 2  23 17 30 37 62 26 55 12 34 63 51 13 39 61 14 67 58 49 54 38 11 43 45 64 29 50 41 9  25 47 70 0  40 31 10
1  71 17 29 72 22 53 57 60 43 9  47 19 8  69 7  25 67 66 61 51 33 45 6  37 4  64 41 54 70 5  49 21 58 34 28 16 23 3  24 18 31 38 63 0  56 13 35 20 52 14 40 62 15 68 59 50 55 39 12 44 46 65 30 32 42 10 26 48 27 2  36 11
65 62 71 18 30 72 23 54 58 61 44 10 48 1  9  70 8  26 68 67 31 52 34 46 7  38 5  3  42 55 27 6  50 22 59 35 29 17 24 4  25 19 32 39 20 2  57 14 36 21 53 15 41 63 16 69 60 51 56 40 13 45 47 66 37 33 43 11 0  49 28 64 12
6  68 66 64 19 31 72 24 55 59 62 45 11 49 71 10 27 9  0  69 67 32 53 35 47 8  39 29 4  43 56 28 7  51 23 60 36 30 18 25 5  26 1  33 40 21 3  58 15 37 22 54 16 42 20 17 70 61 52 57 41 14 46 48 65 38 34 44 12 2  50 63 13
40 70 7  67 65 1  32 72 25 56 60 63 46 12 50 64 11 28 10 2  49 68 33 54 36 48 9  51 30 5  44 57 29 8  52 24 61 37 31 19 26 6  0  71 34 41 22 4  59 16 38 23 55 17 43 21 18 27 62 53 58 42 15 47 20 66 39 35 45 13 3  69 14
10 3  41 8  68 66 71 33 72 26 57 61 20 47 13 51 65 12 29 11 48 50 69 34 55 37 49 4  52 31 6  45 58 30 9  53 25 62 38 32 1  0  7  2  64 35 42 23 5  60 17 39 24 56 18 44 22 19 28 63 54 59 43 16 70 21 67 40 36 46 14 27 15
50 12 11 42 9  69 67 64 34 72 0  58 62 21 48 14 52 66 13 30 17 49 51 70 35 56 38 15 5  53 32 7  46 59 31 10 54 26 63 39 33 71 2  8  3  65 36 43 24 6  61 18 40 25 57 19 45 23 1  29 20 55 60 44 28 27 22 68 41 37 47 4  16
39 31 51 12 43 10 70 68 65 35 72 2  59 63 22 49 15 53 67 14 45 18 50 52 27 36 57 48 16 6  54 33 8  47 60 32 11 55 0  20 40 34 64 3  9  4  66 37 44 25 7  62 19 41 26 58 1  46 24 71 30 21 56 61 5  29 28 23 69 42 38 13 17
58 15 40 52 13 44 11 27 69 66 36 72 3  60 20 23 50 16 54 68 62 46 19 51 53 28 37 39 49 17 7  55 34 9  48 61 33 12 56 2  21 41 35 65 4  10 5  67 38 45 26 8  63 1  42 0  59 71 47 25 64 31 22 57 14 6  30 29 24 70 43 32 18
38 69 59 41 53 14 45 12 28 70 67 37 72 4  61 21 24 51 17 55 58 63 47 1  52 54 29 44 40 50 18 8  56 35 10 49 62 34 13 57 3  22 42 36 66 5  11 6  68 39 46 0  9  20 71 43 2  60 64 48 26 65 32 23 33 15 7  31 30 25 27 16 19
30 56 39 60 42 54 15 46 13 29 27 68 38 72 5  62 22 25 52 18 24 59 20 48 71 53 55 28 45 41 51 19 9  57 36 11 50 63 35 14 58 4  23 43 37 67 6  12 7  69 40 47 2  10 21 64 44 3  61 65 49 0  66 33 17 34 16 8  32 31 26 70 1
56 19 31 40 61 43 55 16 47 14 30 28 69 39 72 6  63 23 26 53 34 25 60 21 49 64 54 0  29 46 42 52 1  10 58 37 12 51 20 36 15 59 5  24 44 38 68 7  13 8  70 41 48 3  11 22 65 45 4  62 66 50 2  67 27 18 35 17 9  33 32 57 71
55 54 57 32 41 62 44 56 17 48 15 31 29 70 40 72 7  20 24 0  68 35 26 61 22 50 65 33 2  30 47 43 53 71 11 59 38 13 52 21 37 16 60 6  25 45 39 69 8  14 9  27 42 49 4  12 23 66 46 5  63 67 51 3  58 28 19 36 18 10 34 1  64
66 2  56 58 33 42 63 45 57 18 49 16 32 30 27 41 72 8  21 25 4  69 36 0  62 23 51 35 34 3  31 48 44 54 64 12 60 39 14 53 22 38 17 61 7  26 46 40 70 9  15 10 28 43 50 5  13 24 67 47 6  20 68 52 71 59 29 1  37 19 11 55 65
52 26 67 57 59 34 43 20 46 58 19 50 17 33 31 28 42 72 9  22 53 5  70 37 2  63 24 12 36 35 4  32 49 45 55 65 13 61 40 15 54 23 39 18 62 8  0  47 41 27 10 16 11 29 44 51 6  14 25 68 48 7  21 69 56 64 60 30 71 38 1  3  66
25 23 53 68 58 60 35 44 21 47 59 1  51 18 34 32 29 43 72 10 70 54 6  27 38 3  20 71 13 37 36 5  33 50 46 56 66 14 62 41 16 55 24 40 19 63 9  2  48 42 28 11 17 12 30 45 52 7  15 26 69 49 8  22 4  57 65 61 31 64 39 0  67
21 11 26 54 69 59 61 36 45 22 48 60 71 52 19 35 33 30 44 72 23 27 55 7  28 39 4  40 64 14 38 37 6  34 51 47 57 67 15 63 42 17 56 25 41 1  20 10 3  49 43 29 12 18 13 31 46 53 8  16 0  70 50 9  2  5  58 66 62 32 65 24 68
5  72 22 0  55 70 60 62 37 46 23 49 61 64 53 1  36 34 31 45 10 24 28 56 8  29 40 66 41 65 15 39 38 7  35 52 48 58 68 16 20 43 18 57 26 42 71 21 11 4  50 44 30 13 19 14 32 47 54 9  17 2  27 51 25 3  6  59 67 63 33 12 69
41 46 6  23 2  56 27 61 63 38 47 24 50 62 65 54 71 37 35 32 52 11 25 29 57 9  30 34 67 42 66 16 40 39 8  36 53 49 59 69 17 21 44 19 58 0  43 64 22 12 5  51 45 31 14 1  15 33 48 55 10 18 3  28 13 26 4  7  60 68 20 72 70
31 33 42 7  24 3  57 28 62 20 39 48 25 51 63 66 55 64 38 36 29 53 12 26 30 58 10 21 35 68 43 67 17 41 40 9  37 54 50 60 70 18 22 45 1  59 2  44 65 23 13 6  52 46 32 15 71 16 34 49 56 11 19 4  72 14 0  5  8  61 69 47 27
11 37 32 43 8  25 4  58 29 63 21 40 49 26 52 20 67 56 65 39 5  30 54 13 0  31 59 70 22 36 69 44 68 18 42 41 10 38 55 51 61 27 19 23 46 71 60 3  45 66 24 14 7  53 47 33 16 64 17 35 50 57 12 1  48 72 15 2  6  9  62 34 28
60 40 12 33 44 9  26 5  59 30 20 22 41 50 0  53 21 68 57 66 71 6  31 55 14 2  32 63 27 23 37 70 45 69 19 43 42 11 39 56 52 62 28 1  24 47 64 61 4  46 67 25 15 8  54 48 34 17 65 18 36 51 58 13 35 49 72 16 3  7  10 38 29
33 67 61 13 34 45 10 0  6  60 31 21 23 42 51 2  54 22 69 58 14 64 7  32 56 15 3  11 20 28 24 38 27 46 70 1  44 43 12 40 57 53 63 29 71 25 48 65 62 5  47 68 26 16 9  55 49 35 18 66 19 37 52 59 39 36 50 72 17 4  8  41 30
4  59 34 62 14 35 46 11 2  7  61 32 22 24 43 52 3  55 23 70 60 15 65 8  33 57 16 9  12 21 29 25 39 28 47 27 71 45 44 13 41 58 54 20 30 64 26 49 66 63 6  48 69 0  17 10 56 50 36 19 67 1  38 53 42 40 37 51 72 18 5  68 31
17 27 5  35 63 15 36 47 12 3  8  62 33 23 25 44 53 4  56 24 54 61 16 66 9  34 58 6  10 13 22 30 26 40 29 48 28 64 46 45 14 42 59 55 21 31 65 0  50 67 20 7  49 70 2  18 11 57 51 37 1  68 71 39 69 43 41 38 52 72 19 60 32
59 25 18 6  36 20 16 37 48 13 4  9  63 34 24 26 45 54 5  57 40 55 62 17 67 10 35 1  7  11 14 23 31 0  41 30 49 29 65 47 46 15 43 60 56 22 32 66 2  51 68 21 8  50 27 3  19 12 58 52 38 71 69 64 61 70 44 42 39 53 72 28 33
36 58 60 19 7  37 21 17 38 49 14 5  10 20 35 25 0  46 55 6  65 41 56 63 18 68 11 72 71 8  12 15 24 32 2  42 31 50 30 66 48 47 16 44 61 57 23 33 67 3  52 69 22 9  51 28 4  1  13 59 53 39 64 70 29 62 27 45 43 40 54 26 34
12 7  37 61 1  8  38 22 18 39 50 15 6  11 21 36 26 2  47 56 27 66 42 57 20 19 69 55 72 64 9  13 16 25 33 3  43 32 51 31 67 49 48 17 45 62 58 24 34 68 4  53 70 23 10 52 29 5  71 14 60 54 40 65 0  30 63 28 46 44 41 59 35
70 57 13 38 62 71 9  39 23 19 40 51 16 7  12 22 37 0  3  48 66 28 67 43 58 21 1  42 56 72 65 10 14 17 26 34 4  44 33 52 32 68 50 49 18 46 63 59 25 35 69 5  54 27 24 11 53 30 6  64 15 61 55 41 60 2  31 20 29 47 45 8  36
71 49 27 14 39 63 64 10 40 24 1  41 52 17 8  13 23 38 2  4  42 67 29 68 44 59 22 46 43 57 72 66 11 15 18 0  35 5  45 34 53 33 69 51 50 19 47 20 60 26 36 70 6  55 28 25 12 54 31 7  65 16 62 56 9  61 3  32 21 30 48 58 37
23 5  64 28 15 40 20 65 11 41 25 71 42 53 18 9  14 24 39 3  57 43 68 30 69 45 60 49 47 44 58 72 67 12 16 19 2  36 6  46 35 54 34 70 52 51 1  48 21 61 0  37 27 7  56 29 26 13 55 32 8  66 17 63 59 10 62 4  33 22 31 50 38
61 4  24 65 29 16 41 21 66 12 42 26 64 43 54 19 10 15 25 40 20 58 44 69 31 70 46 32 50 48 45 59 72 68 13 17 1  3  37 7  47 36 55 35 27 53 52 71 49 22 62 2  38 28 8  57 30 0  14 56 33 9  67 18 51 60 11 63 5  34 23 6  39
14 36 20 56 12 11 48 8  67 71 29 23 57 35 16 59 28 41 15 62 44 47 30 22 34 6  21 5  1  69 50 58 43 26 66 51 39 0  27 49 2  13 46 37 42 70 25 31 33 10 19 38 64 32 63 68 61 9  7  4  18 72 53 40 45 65 17 3  54 60 55 52 24
22 63 15 21 57 13 12 49 9  68 64 30 24 58 36 17 60 29 42 16 41 45 48 31 23 35 7  56 6  71 70 51 59 44 0  67 52 40 2  28 50 3  14 47 38 43 27 26 32 34 11 1  39 65 33 20 69 62 10 8  5  19 72 54 53 46 66 18 4  55 61 37 25
8  17 23 16 22 58 14 13 50 10 69 65 31 25 59 37 18 61 30 43 55 42 46 49 32 24 36 62 57 7  64 27 52 60 45 2  68 53 41 3  29 51 4  15 48 39 44 28 0  33 35 12 71 40 66 34 21 70 63 11 9  6  1  72 38 54 47 67 19 5  56 20 26
37 44 9  24 17 23 59 15 14 51 11 70 66 32 26 60 38 19 62 31 72 56 43 47 50 33 25 57 63 58 8  65 28 53 61 46 3  69 54 42 4  30 52 5  16 49 40 45 29 2  34 36 13 64 41 67 35 22 27 20 12 10 7  71 21 39 55 48 68 1  6  18 0
26 32 38 10 25 18 24 60 16 15 52 12 27 67 33 0  61 39 1  63 64 72 57 44 48 51 34 7  58 20 59 9  66 29 54 62 47 4  70 55 43 5  31 53 6  17 50 41 46 30 3  35 37 14 65 42 68 36 23 28 21 13 11 8  19 22 40 56 49 69 71 45 2
35 20 0  39 11 26 19 25 61 17 16 53 13 28 68 34 2  62 40 71 9  65 72 58 45 49 52 64 8  59 21 60 10 67 30 55 63 48 5  27 56 44 6  32 54 7  18 51 42 47 31 4  36 38 15 66 43 69 37 24 29 22 14 12 46 1  23 41 57 50 70 33 3
53 64 36 2  40 12 0  1  26 62 18 17 54 14 29 69 35 3  63 41 13 10 66 72 59 46 50 27 65 9  60 22 61 11 68 31 56 20 49 6  28 57 45 7  33 55 8  19 52 43 48 32 5  37 39 16 67 44 70 38 25 30 23 15 34 47 71 24 42 58 51 21 4
63 51 55 11 10 47 7  66 1  28 22 56 34 15 58 27 40 14 61 35 46 29 21 33 5  20 13 19 68 49 57 42 25 65 50 38 26 70 48 0  12 45 36 41 69 24 30 32 9  18 37 71 31 62 67 60 8  6  3  17 72 52 39 43 64 16 2  53 59 54 4  44 23
42 61 43 44 45 46 47 48 49 50 51 52 53 54 55 56 57 58 59 60 35 36 37 38 39 40 41 26 0  2  3  4  5  6  7  8  9  10 11 12 13 14 15 16 17 18 19 1  71 64 65 66 67 68 69 70 27 28 29 30 31 32 33 34 63 20 21 22 23 24 25 62 72
