10 51 67 01 28 05 56 70 06 33 30 41 39 11 18 20 36 42 16 13 75 61 47 21 78 15 65 52 26 03 25 72 57 31 08 14 38 84 17 43 19 44 37 85 12 24 49 63 86 77 29 54 68 81 02 34 59 73 82 07 79 64 48 80 22 69 04 53 87 27 58 09 74 83 32 88 46 62 76 23 45 66 71 55 40 35 60 50 00 
65 11 04 27 50 72 06 09 32 55 36 31 14 17 40 41 21 19 12 35 46 76 24 77 60 51 16 29 02 66 56 26 34 07 71 37 42 15 13 84 43 39 85 10 18 48 62 86 75 23 53 67 81 00 28 58 70 82 05 33 63 47 80 20 78 52 68 87 25 03 83 73 57 30 08 61 88 79 22 45 49 69 74 59 44 38 64 54 01 
52 29 12 68 00 57 34 07 73 05 42 19 32 37 10 39 14 22 43 15 62 79 77 48 20 67 04 17 53 25 70 09 27 58 30 18 11 44 84 35 13 16 40 38 85 78 21 45 64 86 03 26 50 69 81 08 31 55 74 82 23 76 60 49 80 01 28 66 54 87 71 33 06 59 83 47 24 88 63 75 46 65 72 56 41 36 61 51 02 
26 02 53 13 69 31 07 58 08 74 16 12 43 33 38 11 17 37 23 44 76 22 63 78 49 01 27 68 18 54 06 32 73 28 59 84 19 36 40 10 85 14 15 41 35 86 79 20 46 60 81 04 25 51 66 82 09 30 56 71 80 24 75 61 45 29 87 00 65 50 05 83 34 72 55 21 77 48 88 64 47 67 70 57 42 39 62 52 03 
03 66 25 54 14 08 71 30 59 09 13 35 15 44 34 18 40 10 38 24 23 45 75 64 79 28 50 00 69 19 33 55 05 74 29 41 84 12 39 16 36 85 11 17 42 61 86 76 22 47 65 81 01 27 52 72 82 06 32 57 46 80 21 77 62 87 51 26 02 67 31 56 83 07 70 78 60 20 49 88 48 68 73 58 43 37 63 53 04 
88 56 67 01 33 15 61 70 06 78 10 51 39 11 28 75 46 42 16 23 25 41 47 21 18 00 36 52 26 13 20 65 57 31 03 14 38 84 27 53 19 44 48 85 22 24 49 43 86 17 29 54 37 81 12 34 59 68 82 02 79 64 73 80 07 69 04 58 87 32 63 09 74 83 77 30 72 62 76 08 71 35 66 60 50 45 40 55 05 
65 88 04 32 55 72 16 09 77 60 36 11 14 27 50 41 76 19 22 45 46 26 24 17 40 51 01 29 12 35 56 21 34 02 66 37 52 25 13 84 43 47 85 20 18 48 42 86 15 23 53 39 81 10 28 58 67 82 00 33 63 70 80 05 78 57 68 87 30 03 83 73 62 75 08 61 31 79 07 71 74 38 69 64 54 49 44 59 06 
57 34 88 68 00 62 79 17 73 05 52 29 12 37 10 47 24 77 43 15 42 19 27 48 20 39 14 02 53 25 67 04 22 58 30 28 11 54 84 35 23 16 40 49 85 18 21 45 44 86 13 26 50 38 81 03 31 55 69 82 08 76 60 74 80 01 33 66 59 87 71 78 06 64 83 70 09 32 63 75 72 36 65 61 51 46 41 56 07 
31 02 58 88 69 76 07 63 18 74 26 12 53 13 38 21 17 48 78 44 16 22 43 28 49 11 27 37 03 54 01 32 68 23 59 84 29 36 50 10 85 24 15 41 45 86 19 20 46 40 81 14 25 51 35 82 04 30 56 66 80 09 75 61 71 34 87 00 65 55 05 83 79 72 60 06 77 73 33 64 70 39 67 62 52 47 42 57 08 
03 66 30 59 88 08 71 75 64 19 13 35 25 54 14 18 40 20 49 79 23 45 15 44 29 28 50 10 38 04 33 55 00 69 24 51 84 12 39 26 46 85 21 17 42 41 86 16 22 47 36 81 11 27 52 65 82 01 32 57 72 80 06 77 62 87 56 31 02 67 76 61 83 07 70 78 60 05 74 34 73 37 68 63 53 48 43 58 09 
75 41 67 01 18 88 51 70 06 28 20 61 39 11 78 15 65 42 16 03 00 56 47 21 33 30 72 52 26 08 05 46 57 31 23 14 38 84 77 63 19 44 68 85 02 24 49 58 86 32 29 54 73 81 07 34 59 48 82 22 79 64 37 80 12 69 04 43 87 17 53 09 74 83 27 25 36 62 76 13 35 71 45 50 60 66 55 40 10 
65 76 04 17 40 72 88 09 27 50 36 21 14 77 60 41 16 19 02 66 46 01 24 32 55 51 31 29 07 71 56 06 34 22 45 37 62 75 13 84 43 67 85 00 18 48 57 86 30 23 53 70 81 05 28 58 47 82 20 33 63 39 80 10 78 42 68 87 15 03 83 73 52 25 08 61 26 79 12 35 38 74 49 54 64 69 59 44 11 
42 19 77 68 00 52 29 88 73 05 62 79 22 37 10 67 04 17 43 15 57 34 02 48 20 70 09 32 53 25 47 24 07 58 30 78 11 64 84 35 03 16 40 69 85 33 21 45 59 86 08 26 50 74 81 23 31 55 49 82 13 76 60 38 80 01 18 66 44 87 71 28 06 54 83 39 14 27 63 75 36 72 46 51 61 65 56 41 12 
16 02 43 78 69 26 07 53 88 74 76 12 63 23 38 01 17 68 18 44 31 22 58 03 49 06 27 73 33 54 21 32 48 08 59 84 79 36 60 10 85 04 15 41 66 86 34 20 46 55 81 09 25 51 71 82 24 30 56 45 80 14 75 61 35 19 87 00 65 40 05 83 29 72 50 11 77 37 28 64 39 70 47 52 62 67 57 42 13 
03 66 15 44 79 08 71 25 54 88 13 35 75 64 24 18 40 00 69 19 23 45 30 59 04 28 50 05 74 34 33 55 20 49 09 61 84 12 39 76 65 85 01 17 42 56 86 31 22 47 72 81 06 27 52 46 82 21 32 57 36 80 11 77 62 87 41 16 02 67 26 51 83 07 70 78 60 10 38 29 37 73 48 53 63 68 58 43 14 
30 36 67 01 13 00 46 70 06 23 88 65 39 11 03 25 56 42 16 33 20 72 47 21 08 05 51 52 26 28 75 41 57 31 18 14 38 84 02 68 19 44 58 85 32 24 49 73 86 07 29 54 53 81 27 34 59 43 82 17 79 64 63 80 77 69 04 37 87 12 48 09 74 83 22 10 61 62 76 78 60 50 40 45 66 55 71 35 15 
65 31 04 12 35 72 01 09 22 45 36 88 14 02 66 41 26 19 32 55 46 21 24 07 71 51 06 29 27 50 56 76 34 17 40 37 67 00 13 84 43 57 85 30 18 48 70 86 05 23 53 52 81 25 28 58 42 82 15 33 63 62 80 75 78 39 68 87 10 03 83 73 47 20 08 61 11 79 77 60 64 54 44 49 69 59 74 38 16 
39 14 32 68 00 47 24 02 73 05 67 04 88 37 10 57 34 27 43 15 70 09 22 48 20 52 29 07 53 25 42 19 77 58 30 03 11 69 84 35 33 16 40 59 85 08 21 45 74 86 28 26 50 54 81 18 31 55 44 82 78 76 60 64 80 01 13 66 38 87 71 23 06 49 83 62 79 12 63 75 61 51 41 46 65 56 72 36 17 
11 02 37 33 69 21 07 48 03 74 01 12 68 88 38 31 17 58 28 44 06 22 73 23 49 26 27 53 08 54 16 32 43 78 59 84 04 36 66 10 85 34 15 41 55 86 09 20 46 71 81 29 25 51 50 82 19 30 56 40 80 79 75 61 60 14 87 00 65 35 05 83 24 72 45 76 77 63 13 64 62 52 42 47 67 57 70 39 18 
03 66 10 38 34 08 71 20 49 04 13 35 00 69 88 18 40 30 59 29 23 45 05 74 24 28 50 25 54 09 33 55 15 44 79 65 84 12 39 01 56 85 31 17 42 72 86 06 22 47 51 81 26 27 52 41 82 16 32 57 61 80 76 77 62 87 36 11 02 67 21 46 83 07 70 78 60 75 64 14 63 53 43 48 68 58 73 37 19 
15 61 67 01 78 75 41 70 06 18 05 56 39 11 33 88 72 42 16 08 30 51 47 21 28 25 46 52 26 23 10 36 57 31 13 14 38 84 32 58 19 44 73 85 07 24 49 53 86 27 29 54 48 81 22 34 59 37 82 12 79 64 68 80 02 69 04 63 87 77 43 09 74 83 17 00 65 62 76 03 66 45 35 40 55 71 50 60 20 
65 16 04 77 60 72 76 09 17 40 36 06 14 32 55 41 88 19 07 71 46 31 24 27 50 51 26 29 22 45 56 11 34 12 35 37 57 30 13 84 43 70 85 05 18 48 52 86 25 23 53 47 81 20 28 58 39 82 10 33 63 67 80 00 78 62 68 87 75 03 83 73 42 15 08 61 01 79 02 66 69 49 38 44 59 74 54 64 21 
62 79 17 68 00 42 19 77 73 05 57 34 07 37 10 70 09 88 43 15 52 29 32 48 20 47 24 27 53 25 39 14 12 58 30 33 11 59 84 35 08 16 40 74 85 28 21 45 54 86 23 26 50 49 81 13 31 55 38 82 03 76 60 69 80 01 78 66 64 87 71 18 06 44 83 67 04 02 63 75 65 46 36 41 56 72 51 61 22 
76 02 63 18 69 16 07 43 78 74 31 12 58 08 38 06 17 73 88 44 26 22 53 33 49 21 27 48 28 54 11 32 37 13 59 84 34 36 55 10 85 09 15 41 71 86 29 20 46 50 81 24 25 51 45 82 14 30 56 35 80 04 75 61 66 79 87 00 65 60 05 83 19 72 40 01 77 68 03 64 67 47 39 42 57 70 52 62 23 
03 66 75 64 19 08 71 15 44 79 13 35 30 59 09 18 40 05 74 88 23 45 25 54 34 28 50 20 49 29 33 55 10 38 14 56 84 12 39 31 72 85 06 17 42 51 86 26 22 47 46 81 21 27 52 36 82 11 32 57 65 80 01 77 62 87 61 76 02 67 16 41 83 07 70 78 60 00 69 04 68 48 37 43 58 73 53 63 24 
05 65 67 01 03 20 36 70 06 13 00 72 39 11 08 10 51 42 16 28 88 46 47 21 23 75 41 52 26 18 30 61 57 31 78 14 38 84 07 73 19 44 53 85 27 24 49 48 86 22 29 54 43 81 17 34 59 63 82 77 79 64 58 80 32 69 04 68 87 02 37 09 74 83 12 15 56 62 76 33 55 40 60 35 71 50 45 66 25 
65 06 04 02 66 72 21 09 12 35 36 01 14 07 71 41 11 19 27 50 46 88 24 22 45 51 76 29 17 40 56 31 34 77 60 37 70 05 13 84 43 52 85 25 18 48 47 86 20 23 53 42 81 15 28 58 62 82 75 33 63 57 80 30 78 67 68 87 00 03 83 73 39 10 08 61 16 79 32 55 59 44 64 38 74 54 49 69 26 
67 04 07 68 00 39 14 22 73 05 70 09 02 37 10 52 29 12 43 15 47 24 88 48 20 42 19 77 53 25 62 79 32 58 30 08 11 74 84 35 28 16 40 54 85 23 21 45 49 86 18 26 50 44 81 78 31 55 64 82 33 76 60 59 80 01 03 66 69 87 71 13 06 38 83 57 34 17 63 75 56 41 61 36 72 51 46 65 27 
01 02 68 08 69 11 07 37 23 74 06 12 73 03 38 26 17 53 13 44 21 22 48 88 49 16 27 43 78 54 76 32 63 33 59 84 09 36 71 10 85 29 15 41 50 86 24 20 46 45 81 19 25 51 40 82 79 30 56 60 80 34 75 61 55 04 87 00 65 66 05 83 14 72 35 31 77 58 18 64 57 42 62 39 70 52 47 67 28 
03 66 00 69 09 08 71 10 38 24 13 35 05 74 04 18 40 25 54 14 23 45 20 49 88 28 50 15 44 79 33 55 75 64 34 72 84 12 39 06 51 85 26 17 42 46 86 21 22 47 41 81 16 27 52 61 82 76 32 57 56 80 31 77 62 87 65 01 02 67 11 36 83 07 70 78 60 30 59 19 58 43 63 37 73 53 48 68 29 
20 72 67 01 08 10 65 70 06 03 25 46 39 11 23 05 41 42 16 18 15 36 47 21 13 88 61 52 26 78 00 56 57 31 33 14 38 84 22 48 19 44 43 85 17 24 49 37 86 12 29 54 63 81 77 34 59 58 82 32 79 64 53 80 27 69 04 73 87 07 68 09 74 83 02 75 51 62 76 28 50 60 55 66 45 40 35 71 30 
65 21 04 07 71 72 11 09 02 66 36 26 14 22 45 41 06 19 17 40 46 16 24 12 35 51 88 29 77 60 56 01 34 32 55 37 47 20 13 84 43 42 85 15 18 48 39 86 10 23 53 62 81 75 28 58 57 82 30 33 63 52 80 25 78 70 68 87 05 03 83 73 67 00 08 61 76 79 27 50 54 64 59 69 49 44 38 74 31 
70 09 22 68 00 67 04 12 73 05 47 24 27 37 10 42 19 07 43 15 39 14 17 48 20 62 79 88 53 25 57 34 02 58 30 23 11 49 84 35 18 16 40 44 85 13 21 45 38 86 78 26 50 64 81 33 31 55 59 82 28 76 60 54 80 01 08 66 74 87 71 03 06 69 83 52 29 77 63 75 51 61 56 65 46 41 36 72 32 
06 02 73 23 69 01 07 68 13 74 21 12 48 28 38 16 17 43 08 44 11 22 37 18 49 76 27 63 88 54 31 32 58 03 59 84 24 36 45 10 85 19 15 41 40 86 14 20 46 35 81 79 25 51 60 82 34 30 56 55 80 29 75 61 50 09 87 00 65 71 05 83 04 72 66 26 77 53 78 64 52 62 57 67 47 42 39 70 33 
03 66 05 74 24 08 71 00 69 14 13 35 20 49 29 18 40 15 44 09 23 45 10 38 19 28 50 75 64 88 33 55 30 59 04 46 84 12 39 21 41 85 16 17 42 36 86 11 22 47 61 81 76 27 52 56 82 31 32 57 51 80 26 77 62 87 72 06 02 67 01 65 83 07 70 78 60 25 54 79 53 63 58 68 48 43 37 73 34 
19 43 03 85 65 29 53 08 81 72 79 63 13 80 36 04 68 18 87 41 34 58 23 82 46 09 73 28 83 51 24 48 33 86 56 45 77 39 10 64 40 02 69 42 15 66 32 59 47 20 55 07 74 52 25 71 22 49 57 30 50 12 38 62 75 17 60 44 67 00 54 88 27 70 05 14 37 78 84 61 76 26 31 06 11 16 21 01 35 
44 67 16 04 85 54 70 26 09 81 64 39 76 14 80 69 42 01 19 87 59 47 31 24 82 74 52 06 29 83 49 57 21 34 86 12 46 60 37 78 17 41 03 66 43 22 65 33 55 48 27 56 08 71 53 32 72 23 45 58 77 51 13 35 63 61 02 18 40 68 28 07 88 50 73 38 62 11 79 84 75 25 30 05 10 15 20 00 36 
85 00 69 41 17 81 05 74 51 27 80 10 38 61 77 87 15 44 65 02 82 20 49 56 32 83 25 54 72 07 86 30 59 46 22 62 35 48 76 14 67 40 19 43 01 57 45 24 68 31 70 50 29 58 06 47 55 34 73 21 39 60 79 53 11 66 42 04 63 16 09 52 71 88 26 84 75 64 36 12 78 28 33 08 13 18 23 03 37 
02 18 85 66 42 07 28 81 71 52 12 78 80 35 62 17 03 87 40 67 22 33 82 45 57 27 08 83 50 70 32 23 86 55 47 75 63 11 49 36 00 68 41 16 44 30 58 46 21 69 05 73 51 26 59 20 48 56 31 74 10 37 61 76 54 43 15 65 01 64 72 25 53 06 88 77 13 84 60 39 79 29 34 09 14 19 24 04 38 
68 85 40 15 01 73 81 50 25 06 37 80 60 75 11 43 87 66 00 16 48 82 55 30 21 53 83 71 05 26 58 86 45 20 31 38 13 79 61 47 44 18 42 04 65 49 23 67 34 56 54 28 57 09 72 59 33 70 24 46 64 78 52 14 36 03 69 62 19 41 88 74 08 29 51 63 84 35 10 76 77 27 32 07 12 17 22 02 39 
14 37 03 84 65 24 48 08 86 72 04 68 13 87 36 34 58 18 82 41 09 73 23 83 46 29 53 28 81 51 19 43 33 85 56 88 02 39 10 69 50 32 59 42 15 45 07 74 47 20 71 27 54 52 25 60 17 44 57 30 35 77 64 62 75 12 55 38 67 00 49 66 22 70 05 79 63 78 80 61 76 26 31 06 11 16 21 01 40 
38 67 11 04 84 49 70 21 09 86 69 39 01 14 87 59 42 31 19 82 74 47 06 24 83 54 52 26 29 81 44 57 16 34 85 12 88 66 37 03 17 51 33 55 43 22 46 08 71 48 27 72 28 50 53 32 61 18 40 58 77 36 78 60 63 56 02 13 35 68 23 07 65 45 73 64 62 76 79 80 75 25 30 05 10 15 20 00 41 
68 84 35 10 01 73 86 45 20 06 37 87 66 00 11 43 82 55 30 16 48 83 71 05 21 53 81 50 25 26 58 85 40 15 31 38 13 04 65 88 44 18 52 34 56 49 23 47 09 72 54 28 70 29 51 59 33 62 19 41 64 78 39 79 61 03 69 57 14 36 67 74 08 24 46 63 80 60 75 76 77 27 32 07 12 17 22 02 42 
84 00 69 36 12 86 05 74 46 22 87 10 38 65 02 82 15 44 56 32 83 20 49 72 07 81 25 54 51 27 85 30 59 41 17 67 35 88 01 14 57 40 19 53 31 70 45 24 48 06 52 50 29 73 26 42 55 34 63 16 62 60 79 37 76 66 39 04 58 11 09 47 71 68 21 80 75 64 61 77 78 28 33 08 13 18 23 03 43 
02 13 84 66 39 07 23 86 71 47 12 03 87 35 67 17 33 82 40 57 22 08 83 45 70 27 28 81 50 52 32 18 85 55 42 00 68 11 88 36 30 58 41 16 54 05 73 46 21 49 25 53 51 26 74 15 43 56 31 64 75 63 61 76 38 37 10 65 01 59 72 20 48 06 69 77 78 80 60 62 79 29 34 09 14 19 24 04 44 
79 63 03 80 65 19 43 08 85 72 34 58 13 82 36 09 73 18 83 41 29 53 23 81 46 24 48 28 86 51 14 37 33 84 56 71 32 39 10 59 88 07 74 42 15 55 27 54 47 20 50 22 49 52 25 35 12 38 57 30 66 02 69 62 75 77 40 64 67 00 44 60 17 70 05 04 68 78 87 61 76 26 31 06 11 16 21 01 45 
64 67 76 04 80 44 70 16 09 85 59 39 31 14 82 74 42 06 19 83 54 47 26 24 81 49 52 21 29 86 38 57 11 34 84 12 72 55 37 33 17 88 08 71 43 22 56 28 50 48 27 51 23 45 53 32 36 13 35 58 77 65 03 66 63 41 02 78 60 68 18 07 61 40 73 69 62 01 79 87 75 25 30 05 10 15 20 00 46 
68 80 60 75 01 73 85 40 15 06 37 82 55 30 11 43 83 71 05 16 48 81 50 25 21 53 86 45 20 26 58 84 35 10 31 38 13 34 56 70 44 18 88 09 72 49 23 57 29 51 54 28 52 24 46 59 33 39 14 36 64 78 67 04 65 03 69 42 79 61 62 74 08 19 41 63 87 66 00 76 77 27 32 07 12 17 22 02 47 
80 00 69 61 77 85 05 74 41 17 82 10 38 56 32 83 15 44 72 07 81 20 49 51 27 86 25 54 46 22 84 30 59 36 12 57 35 73 31 14 70 40 19 88 06 52 45 24 58 26 47 50 29 53 21 39 55 34 37 11 67 60 79 68 01 66 62 04 43 76 09 42 71 63 16 87 75 64 65 02 78 28 33 08 13 18 23 03 48 
02 78 80 66 62 07 18 85 71 42 12 33 82 35 57 17 08 83 40 70 22 28 81 45 52 27 23 86 50 47 32 13 84 55 39 30 58 11 74 36 05 73 41 16 88 25 53 46 21 59 20 48 51 26 54 10 37 56 31 38 00 68 61 76 69 63 75 65 01 44 72 15 43 06 64 77 03 87 60 67 79 29 34 09 14 19 24 04 49 
04 68 03 87 65 14 37 08 84 72 09 73 13 83 36 29 53 18 81 41 24 48 23 86 46 19 43 28 85 51 79 63 33 80 56 66 07 39 10 74 35 27 54 42 15 88 22 49 47 20 60 17 44 52 25 55 77 64 57 30 40 32 59 62 75 02 71 69 67 00 38 45 12 70 05 34 58 78 82 61 76 26 31 06 11 16 21 01 50 
69 67 01 04 87 38 70 11 09 84 74 39 06 14 83 54 42 26 19 81 49 47 21 24 86 44 52 16 29 85 64 57 76 34 80 12 65 71 37 08 17 36 28 50 43 22 88 23 45 48 27 61 18 40 53 32 56 78 60 58 77 41 33 55 63 72 02 03 66 68 13 07 46 35 73 59 62 31 79 82 75 25 30 05 10 15 20 00 51 
68 87 66 00 01 73 84 35 10 06 37 83 71 05 11 43 81 50 25 16 48 86 45 20 21 53 85 40 15 26 58 80 60 75 31 38 13 09 72 67 44 18 39 29 51 49 23 88 24 46 54 28 62 19 41 59 33 57 79 61 64 78 42 34 56 03 69 70 04 65 47 74 08 14 36 63 82 55 30 76 77 27 32 07 12 17 22 02 52 
87 00 69 65 02 84 05 74 36 12 83 10 38 72 07 81 15 44 51 27 86 20 49 46 22 85 25 54 41 17 80 30 59 61 77 70 35 68 06 14 52 40 19 37 26 47 45 24 88 21 42 50 29 63 16 62 55 34 58 76 57 60 79 43 31 66 67 04 73 01 09 39 71 48 11 82 75 64 56 32 78 28 33 08 13 18 23 03 53 
02 03 87 66 67 07 13 84 71 39 12 08 83 35 70 17 28 81 40 52 22 23 86 45 47 27 18 85 50 42 32 78 80 55 62 05 73 11 69 36 25 53 41 16 38 20 48 46 21 88 15 43 51 26 64 75 63 56 31 59 30 58 61 76 44 68 00 65 01 74 72 10 37 06 49 77 33 82 60 57 79 29 34 09 14 19 24 04 54 
09 73 03 83 65 04 68 08 87 72 24 48 13 86 36 19 43 18 85 41 14 37 23 84 46 79 63 28 80 51 34 58 33 82 56 50 22 39 10 49 71 17 44 42 15 40 12 38 47 20 88 77 64 52 25 66 32 59 57 30 60 27 54 62 75 07 45 74 67 00 69 35 02 70 05 29 53 78 81 61 76 26 31 06 11 16 21 01 55 
74 67 06 04 83 69 70 01 09 87 49 39 21 14 86 44 42 16 19 85 38 47 11 24 84 64 52 76 29 80 59 57 31 34 82 12 51 45 37 23 17 72 18 40 43 22 41 13 35 48 27 88 78 60 53 32 65 33 55 58 77 61 28 50 63 46 02 08 71 68 03 07 36 66 73 54 62 26 79 81 75 25 30 05 10 15 20 00 56 
68 83 71 05 01 73 87 66 00 06 37 86 45 20 11 43 85 40 15 16 48 84 35 10 21 53 80 60 75 26 58 82 55 30 31 38 13 24 46 52 44 18 70 19 41 49 23 42 14 36 54 28 88 79 61 59 33 67 34 56 64 78 62 29 51 03 69 47 09 72 39 74 08 04 65 63 81 50 25 76 77 27 32 07 12 17 22 02 57 
83 00 69 72 07 87 05 74 65 02 86 10 38 46 22 85 15 44 41 17 84 20 49 36 12 80 25 54 61 77 82 30 59 56 32 47 35 53 21 14 42 40 19 73 16 39 45 24 43 11 62 50 29 88 76 57 55 34 68 31 52 60 79 63 26 66 70 04 48 06 09 67 71 37 01 81 75 64 51 27 78 28 33 08 13 18 23 03 58 
02 08 83 66 70 07 03 87 71 67 12 23 86 35 47 17 18 85 40 42 22 13 84 45 39 27 78 80 50 62 32 33 82 55 57 20 48 11 54 36 15 43 41 16 74 10 37 46 21 44 75 63 51 26 88 30 58 56 31 69 25 53 61 76 64 73 05 65 01 49 72 00 68 06 38 77 28 81 60 52 79 29 34 09 14 19 24 04 59 
24 48 03 86 65 09 73 08 83 72 14 37 13 84 36 79 63 18 80 41 04 68 23 87 46 34 58 28 82 51 29 53 33 81 56 40 12 39 10 38 55 77 64 42 15 35 02 69 47 20 45 32 59 52 25 88 27 54 57 30 71 17 44 62 75 22 66 49 67 00 74 50 07 70 05 19 43 78 85 61 76 26 31 06 11 16 21 01 60 
49 67 21 04 86 74 70 06 09 83 38 39 11 14 84 64 42 76 19 80 69 47 01 24 87 59 52 31 29 82 54 57 26 34 81 12 41 35 37 13 17 56 78 60 43 22 36 03 66 48 27 46 33 55 53 32 88 28 50 58 77 72 18 40 63 65 02 23 45 68 08 07 51 71 73 44 62 16 79 85 75 25 30 05 10 15 20 00 61 
68 86 45 20 01 73 83 71 05 06 37 84 35 10 11 43 80 60 75 16 48 87 66 00 21 53 82 55 30 26 58 81 50 25 31 38 13 14 36 42 44 18 57 79 61 49 23 39 04 65 54 28 47 34 56 59 33 88 29 51 64 78 70 19 41 03 69 67 24 46 52 74 08 09 72 63 85 40 15 76 77 27 32 07 12 17 22 02 62 
86 00 69 46 22 83 05 74 72 07 84 10 38 36 12 80 15 44 61 77 87 20 49 65 02 82 25 54 56 32 81 30 59 51 27 39 35 43 11 14 62 40 19 58 76 67 45 24 37 01 57 50 29 48 31 52 55 34 88 26 42 60 79 73 16 66 47 04 68 21 09 70 71 53 06 85 75 64 41 17 78 28 33 08 13 18 23 03 63 
02 23 86 66 47 07 08 83 71 70 12 13 84 35 39 17 78 80 40 62 22 03 87 45 67 27 33 82 50 57 32 28 81 55 52 10 37 11 44 36 75 63 41 16 59 00 68 46 21 38 30 58 51 26 49 25 53 56 31 88 15 43 61 76 74 48 20 65 01 69 72 05 73 06 54 77 18 85 60 42 79 29 34 09 14 19 24 04 64 
54 67 26 04 81 59 70 31 09 82 44 39 16 14 85 38 42 11 19 84 64 47 76 24 80 69 52 01 29 87 74 57 06 34 83 12 56 40 37 18 17 46 13 35 43 22 61 78 60 48 27 41 03 66 53 32 51 08 71 58 77 88 23 45 63 36 02 28 50 68 33 07 72 55 73 49 62 21 79 86 75 25 30 05 10 15 20 00 65 
29 53 03 81 65 34 58 08 82 72 19 43 13 85 36 14 37 18 84 41 79 63 23 80 46 04 68 28 87 51 09 73 33 83 56 55 17 39 10 44 45 12 38 42 15 60 77 64 47 20 40 02 69 52 25 50 07 74 57 30 88 22 49 62 75 27 35 54 67 00 59 71 32 70 05 24 48 78 86 61 76 26 31 06 11 16 21 01 66 
68 81 50 25 01 73 82 55 30 06 37 85 40 15 11 43 84 35 10 16 48 80 60 75 21 53 87 66 00 26 58 83 71 05 31 38 13 19 41 57 44 18 47 14 36 49 23 62 79 61 54 28 42 04 65 59 33 52 09 72 64 78 88 24 46 03 69 39 29 51 70 74 08 34 56 63 86 45 20 76 77 27 32 07 12 17 22 02 67 
81 00 69 51 27 82 05 74 56 32 85 10 38 41 17 84 15 44 36 12 80 20 49 61 77 87 25 54 65 02 83 30 59 72 07 42 35 58 16 14 39 40 19 48 11 62 45 24 63 76 67 50 29 43 01 70 55 34 53 06 47 60 79 88 21 66 52 04 37 26 09 57 71 73 31 86 75 64 46 22 78 28 33 08 13 18 23 03 68 
02 28 81 66 52 07 33 82 71 57 12 18 85 35 42 17 13 84 40 39 22 78 80 45 62 27 03 87 50 67 32 08 83 55 70 15 43 11 59 36 10 37 41 16 49 75 63 46 21 64 00 68 51 26 44 05 73 56 31 54 20 48 61 76 88 53 25 65 01 38 72 30 58 06 74 77 23 86 60 47 79 29 34 09 14 19 24 04 69 
68 82 55 30 01 73 80 60 75 06 37 81 50 25 11 43 86 45 20 16 48 85 40 15 21 53 84 35 10 26 58 87 66 00 31 38 13 29 51 39 44 18 62 24 46 49 23 52 19 41 54 28 67 14 36 59 33 47 04 65 64 78 57 09 72 03 69 88 34 56 42 74 08 79 61 63 83 71 05 76 77 27 32 07 12 17 22 02 70 
34 58 03 82 65 79 63 08 80 72 29 53 13 81 36 24 48 18 86 41 19 43 23 85 46 14 37 28 84 51 04 68 33 87 56 35 27 39 10 54 60 22 49 42 15 50 17 44 47 20 66 12 38 52 25 45 02 69 57 30 55 07 74 62 75 32 88 59 67 00 64 40 77 70 05 09 73 78 83 61 76 26 31 06 11 16 21 01 71 
59 67 31 04 82 64 70 76 09 80 54 39 26 14 81 49 42 21 19 86 44 47 16 24 85 38 52 11 29 84 69 57 01 34 87 12 36 50 37 28 17 61 23 45 43 22 51 18 40 48 27 65 13 35 53 32 46 03 66 58 77 56 08 71 63 88 02 33 55 68 78 07 41 60 73 74 62 06 79 83 75 25 30 05 10 15 20 00 72 
82 00 69 56 32 80 05 74 61 77 81 10 38 51 27 86 15 44 46 22 85 20 49 41 17 84 25 54 36 12 87 30 59 65 02 52 35 37 26 14 47 40 19 63 21 42 45 24 53 16 39 50 29 68 11 67 55 34 48 01 70 60 79 58 06 66 57 04 88 31 09 62 71 43 76 83 75 64 72 07 78 28 33 08 13 18 23 03 73 
02 33 82 66 57 07 78 80 71 62 12 28 81 35 52 17 23 86 40 47 22 18 85 45 42 27 13 84 50 39 32 03 87 55 67 25 53 11 38 36 20 48 41 16 64 15 43 46 21 54 10 37 51 26 69 00 68 56 31 49 05 73 61 76 59 58 30 65 01 88 72 75 63 06 44 77 08 83 60 70 79 29 34 09 14 19 24 04 74 
00 46 67 01 23 25 72 70 06 08 15 36 39 11 13 30 61 42 16 78 10 65 47 21 03 20 56 52 26 33 88 51 57 31 28 14 38 84 12 37 19 44 63 85 77 24 49 68 86 02 29 54 58 81 32 34 59 53 82 27 79 64 43 80 17 69 04 48 87 22 73 09 74 83 07 05 41 62 76 18 40 55 50 71 35 60 66 45 75 
65 01 04 22 45 72 26 09 07 71 36 16 14 12 35 41 31 19 77 60 46 11 24 02 66 51 21 29 32 55 56 88 34 27 50 37 39 10 13 84 43 62 85 75 18 48 67 86 00 23 53 57 81 30 28 58 52 82 25 33 63 42 80 15 78 47 68 87 20 03 83 73 70 05 08 61 06 79 17 40 44 59 54 74 38 64 69 49 76 
47 24 02 68 00 70 09 27 73 05 39 14 17 37 10 62 79 32 43 15 67 04 12 48 20 57 34 22 53 25 52 29 88 58 30 13 11 38 84 35 78 16 40 64 85 03 21 45 69 86 33 26 50 59 81 28 31 55 54 82 18 76 60 44 80 01 23 66 49 87 71 08 06 74 83 42 19 07 63 75 41 56 51 72 36 61 65 46 77 
21 02 48 03 69 06 07 73 28 74 11 12 37 18 38 76 17 63 33 44 01 22 68 13 49 31 27 58 23 54 26 32 53 88 59 84 14 36 35 10 85 79 15 41 60 86 04 20 46 66 81 34 25 51 55 82 29 30 56 50 80 19 75 61 40 24 87 00 65 45 05 83 09 72 71 16 77 43 08 64 42 57 52 70 39 62 67 47 78 
03 66 20 49 04 08 71 05 74 29 13 35 10 38 19 18 40 75 64 34 23 45 00 69 14 28 50 30 59 24 33 55 25 54 88 36 84 12 39 11 61 85 76 17 42 65 86 01 22 47 56 81 31 27 52 51 82 26 32 57 41 80 16 77 62 87 46 21 02 67 06 72 83 07 70 78 60 15 44 09 43 58 53 73 37 63 68 48 79 
66 69 65 67 68 71 74 72 70 73 35 38 36 39 37 40 44 41 42 43 45 49 46 47 48 50 54 51 52 53 55 59 56 57 58 11 10 13 14 12 76 75 77 78 79 01 00 02 03 04 31 30 32 33 34 26 25 27 28 29 16 15 17 18 19 20 21 22 23 24 07 06 05 08 09 60 64 61 62 63 83 86 88 81 85 82 84 87 80 
66 69 65 67 68 71 74 72 70 73 35 38 36 39 37 40 44 41 42 43 45 49 46 47 48 50 54 51 52 53 55 59 56 57 58 06 05 08 09 07 26 25 27 28 29 21 20 22 23 24 16 15 17 18 19 76 75 77 78 79 31 30 32 33 34 00 01 02 03 04 12 11 10 13 14 60 64 61 62 63 85 80 82 86 87 84 88 83 81 
66 69 65 67 68 71 74 72 70 73 35 38 36 39 37 40 44 41 42 43 45 49 46 47 48 50 54 51 52 53 55 59 56 57 58 21 20 23 24 22 16 15 17 18 19 11 10 12 13 14 76 75 77 78 79 31 30 32 33 34 26 25 27 28 29 05 06 07 08 09 02 01 00 03 04 60 64 61 62 63 80 88 87 84 81 83 85 86 82 
66 69 65 67 68 71 74 72 70 73 35 38 36 39 37 40 44 41 42 43 45 49 46 47 48 50 54 51 52 53 55 59 56 57 58 26 25 28 29 27 21 20 22 23 24 16 15 17 18 19 11 10 12 13 14 01 00 02 03 04 06 05 07 08 09 30 31 32 33 34 77 76 75 78 79 60 64 61 62 63 82 87 86 85 84 80 81 88 83 
66 69 65 67 68 71 74 72 70 73 35 38 36 39 37 40 44 41 42 43 45 49 46 47 48 50 54 51 52 53 55 59 56 57 58 76 75 78 79 77 01 00 02 03 04 31 30 32 33 34 06 05 07 08 09 21 20 22 23 24 11 10 12 13 14 15 16 17 18 19 27 26 25 28 29 60 64 61 62 63 81 82 83 88 86 85 87 80 84 
66 69 65 67 68 71 74 72 70 73 35 38 36 39 37 40 44 41 42 43 45 49 46 47 48 50 54 51 52 53 55 59 56 57 58 01 00 03 04 02 31 30 32 33 34 06 05 07 08 09 26 25 27 28 29 16 15 17 18 19 76 75 77 78 79 10 11 12 13 14 22 21 20 23 24 60 64 61 62 63 84 83 80 87 88 81 86 82 85 
66 69 65 67 68 71 74 72 70 73 35 38 36 39 37 40 44 41 42 43 45 49 46 47 48 50 54 51 52 53 55 59 56 57 58 31 30 33 34 32 06 05 07 08 09 26 25 27 28 29 21 20 22 23 24 11 10 12 13 14 01 00 02 03 04 75 76 77 78 79 17 16 15 18 19 60 64 61 62 63 87 81 84 80 83 88 82 85 86 
66 69 65 67 68 71 74 72 70 73 35 38 36 39 37 40 44 41 42 43 45 49 46 47 48 50 54 51 52 53 55 59 56 57 58 16 15 18 19 17 11 10 12 13 14 76 75 77 78 79 01 00 02 03 04 06 05 07 08 09 21 20 22 23 24 25 26 27 28 29 32 31 30 33 34 60 64 61 62 63 88 85 81 83 82 86 80 84 87 
25 26 27 28 29 30 31 32 33 34 75 76 77 78 79 00 01 02 03 04 05 06 07 08 09 10 11 12 13 14 15 16 17 18 19 60 61 63 64 62 66 65 67 68 69 71 72 70 73 74 35 36 39 37 38 40 41 42 43 44 45 46 47 48 49 51 50 52 53 54 57 55 56 58 59 20 21 22 23 24 86 84 85 82 80 87 83 81 88 
