0   3   24  1   21  17  20  19  22  18  14  15  16  23  10  11  12  5   9   7   6   4   8   13  2
24  1   3   2   15  20  23  14  18  21  16  17  22  19  7   4   10  11  8   13  5   9   12  6   0
1   0   2   24  9   8   22  16  5   4   15  13  23  11  18  10  7   20  14  21  17  19  6   12  3
2   24  0   3   13  18  9   23  14  6   22  21  19  4   8   17  20  15  5   12  16  11  10  7   1
16  8   17  10  4   24  7   6   1   20  3   19  21  22  23  18  0   2   15  11  9   12  13  14  5
14  19  23  11  7   5   24  4   12  16  17  3   8   20  0   22  9   10  21  1   13  18  15  2   6
15  10  18  19  5   4   6   24  13  12  1   20  9   8   22  0   23  21  2   3   11  17  14  16  7
22  21  11  17  24  6   5   7   19  14  12  2   10  16  9   23  13  3   20  8   18  1   0   15  4
7   15  12  20  18  23  17  0   8   24  11  10  2   21  16  1   14  6   4   22  3   13  19  5   9
13  7   20  12  17  15  19  1   11  9   24  8   3   0   21  5   22  4   23  6   2   14  16  18  10
5   23  19  13  22  0   16  20  9   8   10  24  18  3   17  21  6   14  12  2   7   15  4   1   11
6   22  16  18  23  21  0   13  24  10  9   11  17  7   19  20  2   12  3   14  15  5   1   4   8
4   11  5   6   0   2   3   18  23  19  20  1   12  24  15  14  21  22  7   9   10  16  17  8   13
18  5   7   22  10  1   21  2   17  23  4   16  15  13  24  12  11  8   0   20  19  6   3   9   14
17  9   6   16  11  10  2   21  20  1   5   4   13  12  14  24  3   0   22  23  8   7   18  19  15
20  18  21  7   8   16  11  3   4   22  19  6   24  14  13  15  5   23  1   10  0   2   9   17  12
21  6   13  8   12  22  1   11  3   15  23  7   4   2   20  9   16  24  19  18  14  0   5   10  17
10  12  9   23  20  14  13  15  21  2   0   22  1   6   5   7   19  17  24  16  4   8   11  3   18
23  4   22  21  1   11  14  10  15  13  7   5   20  9   6   8   17  16  18  24  12  3   2   0   19
8   20  15  9   14  13  12  22  0   3   21  23  6   5   4   2   24  18  17  19  1   10  7   11  16
11  13  4   14  2   19  15  12  16  17  18  0   7   1   3   6   8   9   10  5   20  24  23  22  21
12  14  10  5   16  3   8   9   6   7   2   18  0   17  1   19  4   13  11  15  23  21  24  20  22
19  17  14  4   3   9   18  8   7   5   13  12  11  10  2   16  15  1   6   0   21  20  22  24  23
9   16  8   15  19  12  10  17  2   0   6   14  5   18  11  3   1   7   13  4   24  22  21  23  20
3   2   1   0   6   7   4   5   10  11  8   9   14  15  12  13  18  19  16  17  22  23  20  21  24
