0   3   24  1   23  20  13  22  19  14  17  16  21  6   9   18  11  10  15  8   5   12  7   4   2
24  1   3   2   19  16  22  11  13  12  23  7   9   8   17  21  5   14  20  4   18  15  6   10  0
1   0   2   24  11  21  8   18  6   16  14  4   23  19  10  22  9   20  7   13  17  5   15  12  3
2   24  0   3   13  15  9   12  17  6   22  23  7   4   19  5   20  8   21  14  16  18  10  11  1
18  9   20  10  4   24  7   6   16  1   3   17  19  22  21  23  8   11  0   12  2   14  13  15  5
9   23  19  8   7   5   24  4   3   0   16  18  22  21  20  17  10  15  11  2   14  13  12  1   6
16  17  12  18  5   4   6   24  23  21  15  13  2   11  22  10  0   1   3   20  19  9   14  8   7
8   21  14  16  24  6   5   7   0   23  18  15  20  17  2   11  3   13  10  22  12  1   19  9   4
22  20  23  15  14  17  12  19  8   24  11  10  6   18  4   3   21  5   13  7   1   16  0   2   9
20  19  15  21  12  14  18  13  11  9   24  8   4   7   5   2   22  23  6   1   0   3   16  17  10
21  5   7   13  22  1   20  2   9   8   10  24  17  3   18  19  23  12  14  15  6   0   4   16  11
6   15  17  14  20  22  0   21  24  10  9   11  18  16  3   1   13  2   12  23  4   7   5   19  8
10  4   8   20  1   11  23  16  2   19  0   5   12  24  15  14  7   21  22  9   3   17  18  6   13
11  18  5   22  10  2   16  23  20  17  4   0   15  13  24  12  6   9   1   21  8   19  3   7   14
5   6   18  23  16  0   1   10  21  20  7   19  13  12  14  24  4   22  2   11  9   8   17  3   15
4   7   16  17  0   8   19  1   5   22  20  21  24  14  13  15  2   3   23  6   10  11  9   18  12
13  10  22  12  21  23  11  20  14  15  1   6   3   0   8   9   16  24  19  18  7   4   2   5   17
12  22  4   5   2   3   14  9   15  7   21  20  0   23  6   8   19  17  24  16  11  10  1   13  18
23  8   10  9   15  12  21  14  1   3   2   22  5   20  7   4   17  16  18  24  13  6   11  0   19
7   12  21  11  9   13  10  0   22  4   6   3   1   5   23  20  24  18  17  19  15  2   8   14  16
14  13  11  7   17  9   15  3   18  5   19  2   16  1   0   6   12  4   8   10  20  24  23  22  21
17  11  13  6   8   19  3   15  4   18  12  1   10  2   16  7   14  0   9   5   23  21  24  20  22
19  14  9   4   3   18  17  8   7   2   13  12  11  10  1   16  15  6   5   0   21  20  22  24  23
15  16  6   19  18  10  2   17  12  13  5   14  8   9   11  0   1   7   4   3   24  22  21  23  20
3   2   1   0   6   7   4   5   10  11  8   9   14  15  12  13  18  19  16  17  22  23  20  21  24
