0   3   24  1   9   8   17  18  5   4   15  19  22  20  21  10  23  6   7   11  13  14  12  16  2
24  1   3   2   21  20  13  14  22  17  19  16  18  6   7   23  11  9   12  10  5   4   8   15  0
1   0   2   24  12  15  22  23  17  18  16  21  4   19  20  5   10  8   9   13  14  11  6   7   3
2   24  0   3   16  19  10  11  18  14  6   7   23  21  9   22  4   20  8   5   17  13  15  12  1
20  19  8   15  4   24  7   6   2   13  21  18  17  9   23  3   22  12  11  1   0   10  16  14  5
23  18  11  14  7   5   24  4   16  19  17  2   20  22  3   21  8   10  1   9   12  15  13  0   6
21  16  9   12  5   4   6   24  19  2   23  13  3   11  17  20  1   14  22  8   15  0   18  10  7
10  22  13  17  24  6   5   7   14  16  0   20  21  2   8   18  9   3   15  23  11  12  1   19  4
16  7   12  21  17  23  15  1   8   24  11  10  2   18  22  6   0   4   13  20  19  3   14  5   9
13  23  22  5   20  3   18  12  11  9   24  8   7   0   19  17  21  15  6   14  4   16  2   1   10
18  4   20  23  1   13  12  15  9   8   10  24  6   5   16  7   14  22  0   21  2   19  17  3   11
22  6   15  20  14  21  1   17  24  10  9   11  19  16  4   2   13  7   23  12  3   5   0   18  8
11  5   17  10  8   1   23  16  4   21  3   0   12  24  15  14  7   2   20  22  18  9   19  6   13
4   11  23  8   0   17  16  19  3   20  22  1   15  13  24  12  6   5   21  7   9   18  10  2   14
6   8   10  19  18  9   0   22  1   5   2   23  13  12  14  24  20  21  4   3   16  17  7   11  15
7   9   21  16  22  11  19  0   20  1   18  5   24  14  13  15  3   23  10  6   8   2   4   17  12
5   13  14  22  15  0   11  21  23  12  20  6   9   1   2   4   16  24  19  18  10  7   3   8   17
14  15  4   11  2   22  21  20  12  23  13  3   8   10  0   1   19  17  24  16  7   6   5   9   18
15  20  6   13  23  12  2   10  21  22  7   14  5   3   11  0   17  16  18  24  1   8   9   4   19
12  21  7   9   10  14  20  2   15  3   4   22  0   23  5   8   24  18  17  19  6   1   11  13  16
9   12  16  7   13  18  8   3   6   0   14  17  1   4   10  19  2   11  5   15  20  24  23  22  21
17  10  5   18  19  2   14  9   13  7   1   15  16  8   6   11  12  0   3   4   23  21  24  20  22
19  14  18  4   3   10  9   8   7   6   5   12  11  17  1   16  15  13  2   0   21  20  22  24  23
8   17  19  6   11  16  3   13  0   15  12  4   10  7   18  9   5   1   14  2   24  22  21  23  20
3   2   1   0   6   7   4   5   10  11  8   9   14  15  12  13  18  19  16  17  22  23  20  21  24
