0   3   24  1   11  19  10  13  17  20  6   4   23  7   22  18  21  8   15  5   9   16  14  12  2
24  1   3   2   21  12  20  11  14  16  18  7   5   22  8   17  9   15  10  23  6   4   13  19  0
1   0   2   24  13  8   11  10  5   19  7   6   22  4   17  21  23  14  20  9   18  15  12  16  3
2   24  0   3   9   23  19  12  13  4   15  16  7   8   20  10  11  22  21  6   14  18  17  5   1
15  14  16  17  4   24  7   6   21  22  19  18  20  23  1   0   2   3   11  10  12  8   9   13  5
22  16  18  10  7   5   24  4   20  12  3   17  9   21  19  23  1   11  2   14  8   13  0   15  6
16  17  12  13  5   4   6   24  19  18  21  22  2   3   23  20  0   1   9   8   15  10  11  14  7
9   19  17  21  24  6   5   7   16  0   14  23  18  20  10  22  8   2   12  1   13  3   15  11  4
12  4   20  6   1   18  3   15  8   24  11  10  0   19  21  7   22  23  5   13  2   14  16  17  9
13  5   15  22  17  1   14  20  11  9   24  8   16  0   6   2   12  4   23  21  7   19  3   18  10
21  13  14  23  12  15  16  17  9   8   10  24  4   1   2   5   6   7   22  20  19  0   18  3   11
18  23  22  14  15  13  12  19  24  10  9   11  6   5   3   4   20  21  0   7   16  17  2   1   8
17  9   11  18  19  16  22  21  23  1   20  2   12  24  15  14  5   0   3   4   10  7   6   8   13
20  18  23  19  16  17  8   9   6   7   22  21  15  13  24  12  4   5   1   3   0   11  10  2   14
5   21  7   16  8   0   18  2   4   23  17  20  13  12  14  24  3   10  6   22  11  1   19  9   15
11  6   19  5   18  3   1   16  22  21  23  0   24  14  13  15  7   20  4   2   17  9   8   10  12
10  12  13  20  23  9   21  22  15  5   0   14  1   2   11  8   16  24  19  18  3   6   7   4   17
23  20  10  9   22  21  15  14  12  3   2   13  8   11  7   6   19  17  24  16  1   5   4   0   18
4   22  8   7   0   20  23  3   2   14  13  15  21  10  9   11  17  16  18  24  5   12  1   6   19
14  11  21  8   20  22  13  23  3   15  12  1   10  6   0   9   24  18  17  19  4   2   5   7   16
7   15  5   11  10  2   17  0   18  13  4   3   19  9   16  1   14  6   8   12  20  24  23  22  21
6   8   9   12  14  11  0   18  1   2   16  5   3   17  4   19  10  13  7   15  23  21  24  20  22
19  10  6   4   3   14  2   8   7   17  1   12  11  18  5   16  15  9   13  0   21  20  22  24  23
8   7   4   15  2   10  9   1   0   6   5   19  17  16  18  3   13  12  14  11  24  22  21  23  20
3   2   1   0   6   7   4   5   10  11  8   9   14  15  12  13  18  19  16  17  22  23  20  21  24
