0   3   24  1   23  19  20  14  17  15  16  22  18  21  7   9   10  8   12  5   6   13  11  4   2
24  1   3   2   18  11  12  22  13  19  21  5   6   8   20  17  23  15  4   9   14  10  7   16  0
1   0   2   24  13  20  16  21  23  18  12  17  10  4   19  22  6   11  9   14  5   7   15  8   3
2   24  0   3   19  15  21  17  18  20  22  14  23  16  11  5   13  7   8   4   9   6   10  12  1
9   14  17  10  4   24  7   6   21  0   3   13  16  11  1   23  12  2   20  22  18  8   19  15  5
13  16  10  18  7   5   24  4   15  22  2   23  20  0   17  8   1   14  3   21  12  19  9   11  6
8   19  15  11  5   4   6   24  0   12  23  3   9   18  21  2   22  20  13  1   17  14  16  10  7
16  8   18  12  24  6   5   7   1   21  14  20  3   22  10  19  0   23  2   15  11  9   13  17  4
20  22  14  5   16  3   17  13  8   24  11  10  21  7   2   18  4   6   15  23  0   12  1   19  9
23  6   7   13  15  17  1   2   11  9   24  8   19  3   22  4   20  5   21  12  16  18  14  0   10
7   15  20  19  22  12  18  0   9   8   10  24  5   23  16  1   14  21  6   3   2   17  4   13  11
12  23  4   21  2   16  14  19  24  10  9   11  0   17  6   20  5   13  22  7   15  3   18  1   8
22  9   5   17  8   2   19  23  4   1   20  18  12  24  15  14  21  3   11  6   10  16  0   7   13
19  7   11  20  17  21  10  1   22  16  6   2   15  13  24  12  9   4   23  0   3   5   8   18  14
10  18  23  6   20  9   3   16  19  5   0   21  13  12  14  24  7   22  1   8   4   11  17  2   15
4   21  16  8   0   18  22  11  3   23  17  7   24  14  13  15  2   10  5   20  19  1   6   9   12
14  11  22  9   21  23  15  10  12  3   7   1   8   20  0   6   16  24  19  18  13  4   2   5   17
6   10  13  23  11  22  0   12  20  14  1   4   7   2   9   21  19  17  24  16  8   15  5   3   18
11  20  21  15  14  8   23  9   5   7   13  0   22  10  4   3   17  16  18  24  1   2   12  6   19
21  12  8   22  10  13  9   20  2   6   4   15  1   5   23  11  24  18  17  19  7   0   3   14  16
17  4   12  16  1   10  8   15  6   13  5   19  2   9   18  7   3   0   14  11  20  24  23  22  21
5   17  9   14  12  0   11  18  16  2   15  6   4   19  3   10  8   1   7   13  23  21  24  20  22
18  13  6   4   3   14  2   8   7   17  19  12  11  1   5   16  15  9   0   10  21  20  22  24  23
15  5   19  7   9   1   13  3   14  4   18  16  17  6   8   0   11  12  10  2   24  22  21  23  20
3   2   1   0   6   7   4   5   10  11  8   9   14  15  12  13  18  19  16  17  22  23  20  21  24
