0   3   24  1   21  22  12  13  20  19  16  23  6   7   17  18  10  14  15  9   8   4   5   11  2
24  1   3   2   8   14  20  17  4   15  21  18  22  19  5   9   23  7   11  13  6   10  12  16  0
1   0   2   24  20  12  22  14  21  18  23  16  5   17  7   19  11  13  9   15  4   8   6   10  3
2   24  0   3   10  17  8   19  6   13  4   15  20  9   22  11  21  5   23  7   12  16  14  18  1
15  19  16  14  4   24  7   6   13  17  22  20  23  8   3   0   2   9   21  1   11  18  10  12  5
9   23  21  15  7   5   24  4   12  0   18  17  8   20  16  3   14  11  10  22  13  2   19  1   6
10  15  17  18  5   4   6   24  23  20  0   19  16  22  21  1   12  2   3   11  9   14  13  8   7
11  10  18  12  24  6   5   7   16  14  1   0   3   23  9   22  8   21  2   20  19  17  15  13  4
14  13  5   23  19  2   18  15  8   24  11  10  21  1   0   7   22  20  6   4   17  12  16  3   9
22  6   7   21  12  19  1   2   11  9   24  8   4   16  18  20  13  23  14  5   15  3   0   17  10
12  17  19  22  14  13  16  21  9   8   10  24  0   5   4   23  6   1   20  2   18  7   3   15  11
13  22  4   5   2   3   14  23  24  10  9   11  18  0   6   17  20  15  12  21  16  19  1   7   8
16  11  8   19  17  21  10  20  2   23  6   1   12  24  15  14  0   4   22  3   7   5   18  9   13
23  4   6   16  1   18  2   11  19  21  20  7   15  13  24  12  3   22  5   8   10  9   17  0   14
20  16  9   10  22  23  19  18  17  2   3   21  13  12  14  24  1   8   7   6   0   11  4   5   15
21  20  10  17  18  11  9   16  22  6   2   5   24  14  13  15  7   3   4   23  1   0   8   19  12
6   5   20  9   11  1   0   22  15  3   12  4   10  21  23  8   16  24  19  18  2   13  7   14  17
8   21  22  11  23  15  13  10  0   12  7   3   9   6   20  5   19  17  24  16  14  1   2   4   18
4   12  14  8   0   20  23  9   3   7   13  22  1   10  2   21  17  16  18  24  5   15  11  6   19
5   8   23  20  13  0   21  12  1   22  15  14  7   4   11  10  24  18  17  19  3   6   9   2   16
17  9   11  7   16  10  15  3   14  1   5   2   19  18  8   6   4   0   13  12  20  24  23  22  21
18  7   12  13  15  8   11  1   5   16  17  6   2   3   19  4   9   10  0   14  23  21  24  20  22
19  18  13  4   3   9   17  8   7   5   14  12  11  2   10  16  15  6   1   0   21  20  22  24  23
7   14  15  6   9   16  3   0   18  4   19  13  17  11  1   2   5   12  8   10  24  22  21  23  20
3   2   1   0   6   7   4   5   10  11  8   9   14  15  12  13  18  19  16  17  22  23  20  21  24
