0   3   24  1   23  19  8   13  6   15  16  22  18  7   21  9   10  20  12  5   17  14  11  4   2
24  1   3   2   18  11  12  22  14  19  21  5   6   20  8   17  23  15  4   9   13  10  7   16  0
1   0   2   24  14  20  16  9   23  7   12  17  10  19  4   22  6   11  21  13  5   18  15  8   3
2   24  0   3   19  15  21  17  18  20  22  13  23  11  16  5   14  7   8   4   9   6   10  12  1
9   13  17  10  4   24  7   6   21  0   3   14  16  1   11  23  12  2   20  22  18  8   19  15  5
14  23  10  18  7   5   24  4   15  22  2   16  20  17  0   8   11  13  3   21  12  19  9   1   6
20  19  15  11  5   4   6   24  17  12  23  3   9   21  18  2   22  8   14  1   0   13  16  10  7
16  8   21  12  24  6   5   7   1   18  13  20  3   10  22  19  0   23  9   15  11  2   14  17  4
17  22  13  5   16  3   20  14  8   24  11  10  21  2   7   18  4   0   15  23  6   12  1   19  9
23  6   18  14  15  17  1   21  11  9   24  8   19  22  3   4   20  5   2   12  16  7   13  0   10
7   15  20  19  22  12  18  0   9   8   10  24  5   16  23  1   13  21  6   3   2   17  4   14  11
12  16  4   21  2   23  13  19  24  10  9   11  0   6   17  20  1   14  22  7   15  3   18  5   8
22  9   5   17  8   2   19  23  4   1   20  18  12  24  15  14  21  3   11  6   10  16  0   7   13
10  18  23  6   20  9   3   16  19  5   0   21  15  13  24  12  7   22  1   8   4   11  17  2   14
19  7   11  20  17  21  10  1   22  16  6   2   13  12  14  24  9   4   23  0   3   5   8   18  15
4   21  16  8   0   18  22  11  3   23  17  7   24  14  13  15  2   10  5   20  19  1   6   9   12
13  5   22  9   21  1   15  10  12  3   7   23  8   0   20  6   16  24  19  18  14  4   2   11  17
6   10  14  23  11  22  0   12  20  13  1   4   7   9   2   21  19  17  24  16  8   15  5   3   18
11  20  7   15  13  8   23  2   5   21  14  0   22  4   10  3   17  16  18  24  1   9   12  6   19
21  12  8   22  10  14  9   20  2   6   4   15  1   23  5   11  24  18  17  19  7   0   3   13  16
8   4   12  16  1   10  17  15  0   14  5   19  2   18  9   7   3   6   13  11  20  24  23  22  21
5   17  9   13  12  0   11  18  16  2   15  6   4   3   19  10  8   1   7   14  23  21  24  20  22
18  14  6   4   3   13  2   8   7   17  19  12  11  5   1   16  15  9   0   10  21  20  22  24  23
15  11  19  7   9   16  14  3   13  4   18  1   17  8   6   0   5   12  10  2   24  22  21  23  20
3   2   1   0   6   7   4   5   10  11  8   9   14  15  12  13  18  19  16  17  22  23  20  21  24
