0   3   24  1   14  20  16  9   23  7   12  17  10  19  4   22  6   11  21  13  5   18  15  8   2
24  1   3   2   18  11  12  22  14  19  21  5   6   20  8   17  23  15  4   9   13  10  7   16  0
1   0   2   24  23  19  8   13  6   15  16  22  18  7   21  9   10  20  12  5   17  14  11  4   3
2   24  0   3   10  15  21  17  18  20  4   13  23  11  16  5   14  7   8   22  9   6   19  12  1
17  13  9   19  4   24  7   6   21  2   22  14  16  1   11  23  12  0   20  3   18  8   10  15  5
10  23  14  8   7   5   24  4   3   22  0   16  20  17  2   18  11  13  15  21  12  19  9   1   6
15  19  20  13  5   4   6   24  17  12  23  21  9   3   18  0   22  8   14  1   2   11  16  10  7
21  8   16  23  24  6   5   7   1   18  13  20  17  10  22  19  2   12  9   15  11  0   14  3   4
13  22  17  15  16  18  20  14  8   24  11  10  21  0   7   3   4   2   5   23  6   12  1   19  9
18  6   23  16  15  17  1   21  11  9   24  8   19  22  20  4   3   5   0   12  14  7   13  2   10
20  15  7   22  19  12  18  2   9   8   10  24  5   16  23  1   13  21  6   4   0   17  3   14  11
4   16  12  6   0   23  3   19  24  10  9   11  2   21  17  20  1   14  22  7   15  13  18  5   8
5   9   22  7   8   0   19  3   4   1   20  18  12  24  15  14  21  23  11  6   10  16  2   17  13
23  18  10  21  20  9   11  16  19  5   2   6   15  13  24  12  7   22  1   8   4   3   17  0   14
11  7   19  9   17  21  10  1   22  3   6   0   13  12  14  24  20  4   23  2   16  5   8   18  15
16  21  4   18  2   8   22  11  5   23  17  7   24  14  13  15  0   10  3   20  19  1   6   9   12
22  5   13  20  21  1   15  10  12  14  7   23  8   2   9   6   16  24  19  18  3   4   0   11  17
14  10  6   12  11  22  2   23  20  13  1   4   3   9   0   21  19  17  24  16  8   15  5   7   18
7   20  11  5   13  3   23  0   15  21  14  2   22  4   10  8   17  16  18  24  1   9   12  6   19
8   12  21  10  22  14  9   20  0   6   3   15  1   23  5   11  24  18  17  19  7   2   4   13  16
12  4   8   14  1   10  17  15  2   16  5   19  0   18  3   7   9   6   13  11  20  24  23  22  21
9   17  5   11  12  2   13  18  16  0   15  3   4   6   19  10  8   1   7   14  23  21  24  20  22
6   14  18  4   3   13  0   8   7   17  19  12  11  5   1   16  15  9   2   10  21  20  22  24  23
19  11  15  17  9   16  14  12  13  4   18  1   7   8   6   2   5   3   10  0   24  22  21  23  20
3   2   1   0   6   7   4   5   10  11  8   9   14  15  12  13  18  19  16  17  22  23  20  21  24
