0  7  11 24 13 10 20 1  6  19 3  16 15 4  18 12 5  23 14 9  2  8  21 17 22
14 1  13 17 3  22 8  18 6  19 20 9  16 2  0  21 12 5  7  23 10 4  24 15 11
9  20 2  11 21 7  24 18 16 6  13 3  22 10 17 0  15 14 8  5  1  4  12 19 23
15 12 14 3  7  20 24 4  23 13 19 17 21 16 2  5  22 11 0  10 1  9  18 8  6
9  10 22 24 4  16 7  6  23 0  15 18 21 19 1  11 8  14 20 13 5  12 2  17 3
13 2  3  23 24 5  17 15 12 20 21 8  4  11 16 7  14 6  1  22 9  10 19 0  18
18 16 13 4  3  20 6  24 12 17 19 15 8  0  11 23 1  9  21 14 5  10 2  22 7
18 14 22 6  24 10 3  7  11 17 5  2  16 20 1  21 13 12 0  9  23 15 19 8  4
4  12 14 19 22 15 16 24 8  11 23 9  1  2  7  13 6  0  21 3  17 18 5  10 20
13 16 12 2  19 6  5  14 21 9  1  18 15 0  22 7  24 20 11 4  17 8  23 10 3
14 2  1  8  0  15 9  21 3  18 10 24 17 20 16 5  6  11 22 23 13 7  12 19 4
1  20 17 14 7  19 5  10 18 21 23 11 6  15 3  13 24 2  8  0  22 9  4  12 16
17 6  4  10 2  9  1  5  16 11 20 3  12 24 19 23 8  0  14 13 18 22 21 15 7
19 10 20 8  9  17 12 6  21 4  1  24 22 13 3  16 15 23 7  0  2  5  14 18 11
7  18 11 17 12 19 8  0  10 21 13 2  23 4  14 24 22 3  1  5  9  15 16 20 6
23 8  1  14 2  21 3  10 19 4  7  16 17 24 18 15 11 12 9  22 6  5  20 0  13
17 8  21 4  9  22 12 0  1  20 7  13 6  11 19 24 16 2  23 14 10 18 5  3  15
15 7  3  2  19 9  20 4  18 5  21 14 23 10 11 0  1  17 24 8  6  22 16 12 13
1  0  10 19 13 6  4  14 9  8  5  21 2  15 7  17 12 3  18 16 23 11 24 20 22
4  18 20 23 0  16 7  21 10 13 8  17 1  9  22 12 5  6  11 19 24 2  14 3  15
12 13 10 7  21 17 9  15 3  6  2  14 8  1  0  16 19 5  24 4  20 11 23 22 18
23 0  12 6  22 7  1  5  11 18 15 8  2  19 17 10 14 20 9  3  13 21 4  24 16
7  6  21 11 12 14 17 3  9  0  8  13 4  1  5  10 19 15 20 16 18 2  22 24 23
12 13 4  10 6  14 16 1  19 5  3  21 0  9  2  17 11 15 22 8  24 7  18 23 20
19 14 17 7  6  21 4  3  1  8  2  15 0  16 5  11 13 9  23 10 22 12 20 18 24
