0   19  24  14  16  10  18  9   1   17  7   3   2   23  20  12  15  8   4   5   21  22  13  11  6
24  1   18  11  13  15  2   20  10  4   16  8   21  19  0   17  6   14  3   22  5   9   23  12  7
20  24  2   17  9   12  11  0   19  6   5   15  18  1   22  7   13  16  23  3   4   14  10  21  8
2   20  22  3   24  7   17  15  0   11  14  21  6   18  5   19  23  9   10  13  16  4   1   8   12
23  0   19  8   4   24  1   16  17  22  9   13  20  3   7   21  10  18  12  15  11  6   5   2   14
18  21  1   24  6   5   16  2   15  12  23  10  4   8   19  11  20  22  17  9   14  0   7   3   13
22  12  17  13  14  18  6   24  4   7   20  5   11  21  2   8   3   0   19  10  1   23  15  9   16
16  23  14  20  12  13  5   7   24  3   8   19  22  0   9   4   1   6   11  2   18  10  21  17  15
13  15  21  12  19  14  24  3   8   18  4   6   1   10  23  2   7   5   0   20  9   16  11  22  17
21  11  12  10  15  23  8   1   3   9   24  22  7   2   18  14  17  4   5   6   13  19  20  16  0
14  22  9   21  11  17  4   6   2   23  10  24  0   20  8   16  5   13  7   12  3   15  18  19  1
10  13  23  16  22  9   0   5   7   24  21  11  19  6   1   3   12  15  14  4   8   18  17  20  2
1   18  11  2   10  21  7   19  5   16  3   14  12  24  17  6   22  23  13  8   15  20  0   4   9
19  10  0   9   23  1   20  4   6   5   12  17  15  13  24  22  8   21  16  14  7   2   3   18  11
9   2   20  22  0   11  3   8   18  13  15  4   24  16  14  23  21  7   6   17  12  5   19  1   10
3   16  13  6   5   0   10  18  23  8   2   20  9   4   11  15  24  12  21  1   19  17  14  7   22
17  14  5   4   2   8   19  22  9   1   18  7   10  11  3   13  16  24  20  23  0   12  6   15  21
12  4   15  1   7   3   21  11  20  19  6   0   5   9   10  24  14  17  2   18  22  8   16  13  23
7   9   8   0   21  20  15  12  22  10  17  23  14  5   16  1   19  11  18  24  2   13  4   6   3
11  7   6   23  18  2   13  21  16  15  22  9   17  12  4   10  0   20  1   19  24  3   8   14  5
6   8   10  19  1   22  23  17  14  21  11  16  3   15  13  18  9   2   24  0   20  7   12  5   4
8   17  3   5   20  6   22  14  11  2   1   12  13  7   15  0   4   19  9   16  23  21  24  10  18
4   6   16  7   3   19  9   23  13  14  0   2   8   17  12  5   18  1   15  21  10  11  22  24  20
15  5   7   18  8   4   12  10  21  0   13  1   16  14  6   20  2   3   22  11  17  24  9   23  19
5   3   4   15  17  16  14  13  12  20  19  18  23  22  21  9   11  10  8   7   6   1   2   0   24
