00 03 24 01 09 08 18 15 05 04 23 19 22 17 21 07 20 13 06 11 16 14 12 10 02 
24 01 03 02 23 22 19 12 15 14 21 18 07 16 09 08 13 20 11 06 17 10 05 04 00 
01 00 02 24 08 23 10 16 04 15 06 14 21 19 11 09 07 22 20 13 18 12 17 05 03 
02 24 00 03 15 10 13 19 23 21 05 20 18 06 17 04 22 14 12 07 11 09 16 08 01 
17 18 12 16 04 24 07 06 21 13 19 23 02 09 20 22 03 00 01 10 14 08 15 11 05 
20 14 19 18 07 05 24 04 16 22 12 17 10 23 01 21 08 11 03 02 00 15 09 13 06 
14 08 22 11 05 04 06 24 01 23 17 03 16 20 00 19 12 10 21 15 13 18 02 09 07 
23 17 14 09 24 06 05 07 18 03 15 16 20 22 02 10 11 01 08 21 12 19 13 00 04 
16 19 21 14 12 20 15 13 08 24 11 10 04 07 03 06 00 23 22 01 05 02 18 17 09 
13 05 18 19 17 01 12 21 11 09 24 08 06 00 22 20 23 04 02 03 15 07 14 16 10 
07 16 17 12 20 18 22 00 09 08 10 24 03 21 19 23 01 02 05 14 04 13 06 15 11 
22 04 07 13 01 21 20 02 24 10 09 11 19 03 16 17 14 15 23 12 06 05 00 18 08 
11 20 08 05 21 03 23 17 02 16 18 00 12 24 15 14 09 07 10 22 01 04 19 06 13 
04 10 05 20 00 02 11 18 22 17 01 06 15 13 24 12 21 09 07 23 03 16 08 19 14 
18 22 16 23 10 09 21 11 17 05 04 07 13 12 14 24 02 08 00 20 19 06 01 03 15 
10 06 20 22 16 11 01 23 19 18 00 05 24 14 13 15 04 21 09 08 02 17 03 07 12 
05 21 11 15 22 00 09 14 20 06 13 02 23 10 07 03 16 24 19 18 08 01 04 12 17 
09 12 06 08 13 15 02 20 03 00 22 21 01 04 23 05 19 17 24 16 07 11 10 14 18 
21 23 15 10 11 12 14 22 13 20 03 04 05 08 06 02 17 16 18 24 09 00 07 01 19 
12 15 23 21 14 13 08 09 06 07 20 22 00 05 04 01 24 18 17 19 10 03 11 02 16 
08 07 09 06 19 16 03 01 00 02 14 13 17 11 10 18 05 12 15 04 20 24 23 22 21 
06 13 04 07 02 17 00 03 12 19 16 15 08 01 18 11 10 05 14 09 23 21 24 20 22 
19 09 10 04 03 14 17 08 07 01 02 12 11 18 05 16 15 06 13 00 21 20 22 24 23 
15 11 13 17 18 19 16 10 14 12 07 01 09 02 08 00 06 03 04 05 24 22 21 23 20 
03 02 01 00 06 07 04 05 10 11 08 09 14 15 12 13 18 19 16 17 22 23 20 21 24 
