0   3   24  1   10  15  21  17  18  20  4   13  23  11  16  5   14  7   8   22  9   6   19  12  2
24  1   3   2   14  20  16  9   23  7   12  17  10  19  4   22  6   11  21  13  5   18  15  8   0
1   0   2   24  18  11  12  22  14  19  21  5   6   20  8   17  23  15  4   9   13  10  7   16  3
2   24  0   3   23  19  8   13  6   15  16  22  18  7   21  9   10  20  12  5   17  14  11  4   1
22  17  13  9   4   24  7   6   21  3   19  14  16  2   11  23  12  1   20  10  18  8   0   15  5
18  10  23  14  7   5   24  4   15  22  1   16  20  17  3   8   11  13  0   21  12  19  9   2   6
11  15  19  20  5   4   6   24  17  12  23  0   9   21  18  1   22  8   14  2   3   13  16  10  7
12  21  8   16  24  6   5   7   2   18  13  20  0   10  22  19  3   23  9   15  11  1   14  17  4
5   13  22  17  16  0   20  14  8   24  11  10  21  1   7   18  4   3   15  23  6   12  2   19  9
14  18  6   23  15  17  2   21  11  9   24  8   19  22  0   4   20  5   1   12  16  7   13  3   10
19  20  15  7   22  12  18  3   9   8   10  24  5   16  23  2   13  21  6   0   1   17  4   14  11
21  4   16  12  1   23  13  19  24  10  9   11  3   6   17  20  2   14  22  7   15  0   18  5   8
17  5   9   22  8   1   19  23  4   2   20  18  12  24  15  14  21  0   11  6   10  16  3   7   13
6   23  18  10  20  9   0   16  19  5   3   21  15  13  24  12  7   22  2   8   4   11  17  1   14
20  11  7   19  17  21  10  2   22  16  6   1   13  12  14  24  9   4   23  3   0   5   8   18  15
8   16  21  4   3   18  22  11  0   23  17  7   24  14  13  15  1   10  5   20  19  2   6   9   12
9   22  5   13  21  2   15  10  12  0   7   23  8   3   20  6   16  24  19  18  14  4   1   11  17
23  14  10  6   11  22  3   12  20  13  2   4   7   9   1   21  19  17  24  16  8   15  5   0   18
15  7   20  11  13  8   23  1   5   21  14  3   22  4   10  0   17  16  18  24  2   9   12  6   19
4   8   12  21  0   14  9   20  1   6   22  15  2   23  5   11  24  18  17  19  7   3   10  13  16
16  12  4   8   2   10  17  15  3   14  5   19  1   18  9   7   0   6   13  11  20  24  23  22  21
13  9   17  5   12  3   11  18  16  1   15  6   4   0   19  10  8   2   7   14  23  21  24  20  22
10  6   14  18  19  13  1   8   7   17  0   12  11  5   2   16  15  9   3   4   21  20  22  24  23
7   19  11  15  9   16  14  0   13  4   18  2   17  8   6   3   5   12  10  1   24  22  21  23  20
3   2   1   0   6   7   4   5   10  11  8   9   14  15  12  13  18  19  16  17  22  23  20  21  24
