00 03 24 01 09 16 18 23 21 04 15 19 22 17 20 10 05 13 06 11 14 08 12 07 02 
24 01 03 02 23 14 08 17 06 22 13 18 21 10 05 19 20 07 11 15 16 12 09 04 00 
01 00 02 24 20 19 22 16 12 21 17 14 08 23 11 18 07 10 15 05 04 09 06 13 03 
02 24 00 03 16 12 13 09 23 07 18 21 05 06 17 22 04 14 10 20 19 11 15 08 01 
17 18 12 15 04 24 07 06 20 13 21 23 02 09 19 03 22 00 01 14 08 10 16 11 05 
08 22 13 18 07 05 24 04 00 14 12 15 10 02 09 11 21 20 03 23 17 16 01 19 06 
14 15 10 11 05 04 06 24 19 23 02 03 16 21 00 01 12 22 20 08 18 13 17 09 07 
10 12 11 19 24 06 05 07 18 20 00 02 01 22 16 23 14 21 08 03 09 17 13 15 04 
16 19 04 17 02 21 15 13 08 24 11 10 20 07 23 06 00 03 22 01 12 05 18 14 09 
13 05 15 20 17 01 16 19 11 09 24 08 23 00 22 02 06 04 21 07 03 18 14 12 10 
23 20 22 05 14 03 17 15 09 08 10 24 18 16 04 07 13 06 12 21 01 19 02 00 11 
22 04 16 13 01 17 21 14 24 10 09 11 19 03 07 20 02 05 23 12 15 06 00 18 08 
11 17 20 10 08 18 09 21 04 06 03 00 12 24 15 14 23 01 05 22 02 07 19 16 13 
04 16 19 21 00 23 11 18 22 17 20 06 15 13 24 12 01 09 07 02 10 03 08 05 14 
18 09 07 08 21 22 20 02 03 01 19 16 13 12 14 24 11 23 00 10 06 04 05 17 15 
07 08 21 16 22 20 19 00 01 18 23 17 24 14 13 15 03 11 09 06 05 02 04 10 12 
21 10 14 22 15 08 23 11 05 12 01 07 09 20 02 04 16 24 19 18 13 00 03 06 17 
09 21 06 23 13 15 02 12 14 00 22 20 07 04 08 05 19 17 24 16 11 01 10 03 18 
20 23 09 12 11 10 14 22 13 02 05 04 03 08 06 21 17 16 18 24 00 15 07 01 19 
12 06 23 09 10 13 01 20 15 03 04 22 00 05 21 08 24 18 17 19 07 14 11 02 16 
06 13 08 07 12 11 00 03 02 19 16 05 04 01 18 17 10 15 14 09 20 24 23 22 21 
05 07 18 06 19 00 03 01 16 15 14 13 17 11 10 09 08 12 02 04 23 21 24 20 22 
19 14 17 04 03 09 10 08 07 05 06 12 11 18 01 16 15 02 13 00 21 20 22 24 23 
15 11 05 14 18 02 12 10 17 16 07 01 06 19 03 00 09 08 04 13 24 22 21 23 20 
03 02 01 00 06 07 04 05 10 11 08 09 14 15 12 13 18 19 16 17 22 23 20 21 24 
