00 03 24 01 18 15 14 23 20 21 22 16 17 19 06 05 11 12 04 13 08 09 10 07 02 
24 01 03 02 12 10 13 22 14 19 05 15 04 06 08 11 23 20 21 09 17 18 07 16 00 
01 00 02 24 11 20 09 10 16 06 07 04 21 23 19 18 08 22 15 14 05 12 17 13 03 
02 24 00 03 16 17 20 19 13 18 12 21 10 08 23 22 04 05 09 07 06 11 15 14 01 
08 19 13 15 04 24 07 06 00 12 21 23 09 02 17 03 22 14 20 01 18 10 16 11 05 
21 16 14 08 07 05 24 04 03 15 23 22 18 17 02 09 01 13 12 20 19 00 11 10 06 
11 21 22 12 05 04 06 24 23 17 20 00 03 18 16 19 14 09 13 15 10 01 02 08 07 
17 08 18 21 24 06 05 07 01 20 15 19 23 16 22 10 13 00 02 11 09 03 14 12 04 
18 22 12 17 20 13 15 14 08 24 11 10 02 05 07 06 21 03 00 23 04 16 01 19 09 
05 04 17 23 01 00 22 13 11 09 24 08 19 07 18 21 20 02 14 12 16 15 06 03 10 
13 23 15 06 14 16 03 18 09 08 10 24 20 00 04 02 05 21 07 22 12 17 19 01 11 
14 17 23 07 13 12 16 03 24 10 09 11 05 04 00 20 06 01 22 21 15 19 18 02 08 
07 09 16 20 19 22 10 00 21 01 06 18 12 24 15 14 02 23 11 04 03 08 05 17 13 
22 18 11 05 23 03 21 20 17 16 19 02 15 13 24 12 09 08 01 10 07 06 00 04 14 
16 07 20 09 21 19 11 01 22 03 17 06 13 12 14 24 00 10 23 05 02 04 08 18 15 
09 20 07 16 22 21 23 02 19 00 18 17 24 14 13 15 03 11 10 08 01 05 04 06 12 
06 10 21 22 15 23 00 09 12 07 01 14 08 20 11 04 16 24 19 18 13 02 03 05 17 
23 15 06 13 10 08 02 12 05 22 04 20 07 03 21 01 19 17 24 16 11 14 09 00 18 
20 06 10 14 08 11 01 15 04 23 02 05 22 21 03 07 17 16 18 24 00 13 12 09 19 
10 12 05 11 09 02 08 21 06 04 00 03 01 22 20 23 24 18 17 19 14 07 13 15 16 
04 11 19 10 00 14 12 16 18 13 03 01 06 09 05 17 07 15 08 02 20 24 23 22 21 
15 13 08 19 17 09 18 11 02 05 14 07 16 01 10 00 12 04 06 03 23 21 24 20 22 
19 14 09 04 03 18 17 08 07 02 13 12 11 10 01 16 15 06 05 00 21 20 22 24 23 
12 05 04 18 02 01 19 17 15 14 16 13 00 11 09 08 10 07 03 06 24 22 21 23 20 
03 02 01 00 06 07 04 05 10 11 08 09 14 15 12 13 18 19 16 17 22 23 20 21 24 
