00 03 24 01 17 23 21 22 19 15 13 20 16 10 18 09 12 04 14 08 11 06 07 05 02 
24 01 03 02 19 12 23 14 18 21 15 17 05 20 07 10 22 11 08 04 13 09 16 06 00 
01 00 02 24 21 14 15 13 20 19 18 16 23 07 05 06 11 22 10 09 08 04 17 12 03 
02 24 00 03 11 09 19 15 13 05 14 04 22 08 10 07 20 21 23 06 16 17 12 18 01 
09 13 10 12 04 24 07 06 23 00 02 22 03 01 16 17 14 15 21 20 19 18 11 08 05 
10 08 22 16 07 05 24 04 01 20 00 21 18 23 17 19 03 14 12 15 09 11 02 13 06 
16 11 08 14 05 04 06 24 02 18 19 01 21 22 03 20 00 23 09 10 15 12 13 17 07 
08 21 16 18 24 06 05 07 00 14 17 13 20 11 09 23 02 10 03 22 12 01 19 15 04 
22 12 15 21 16 18 20 19 08 24 11 10 01 17 23 02 04 13 05 07 06 03 00 14 09 
17 07 12 20 15 16 22 01 11 09 24 08 02 18 21 04 05 00 13 23 03 14 06 19 10 
23 16 21 06 18 13 03 12 09 08 10 24 07 05 19 22 01 20 04 14 17 02 15 00 11 
18 23 07 22 12 15 17 02 24 10 09 11 04 16 20 05 13 06 00 21 14 19 03 01 08 
06 18 19 11 22 08 00 17 05 23 20 03 12 24 15 14 21 07 01 02 10 16 04 09 13 
05 19 11 17 20 00 09 16 21 06 23 02 15 13 24 12 07 03 22 01 04 08 18 10 14 
11 09 17 19 08 22 10 21 04 01 06 00 13 12 14 24 23 02 20 03 18 07 05 16 15 
04 22 20 23 00 21 08 18 06 17 16 19 24 14 13 15 10 09 07 11 02 05 01 03 12 
21 15 13 09 23 20 12 11 14 03 22 07 06 02 08 01 16 24 19 18 05 00 10 04 17 
15 06 05 08 09 02 01 20 03 04 12 23 10 21 22 00 19 17 24 16 07 13 14 11 18 
20 05 04 15 02 01 13 23 12 22 21 14 08 06 11 03 17 16 18 24 00 10 09 07 19 
07 20 23 10 13 11 14 00 22 12 03 05 09 04 06 21 24 18 17 19 01 15 08 02 16 
14 04 06 05 01 03 02 10 15 16 07 18 17 19 00 08 09 12 11 13 20 24 23 22 21 
12 14 18 13 10 19 16 09 17 07 04 15 00 03 01 11 06 08 02 05 23 21 24 20 22 
19 10 14 04 03 17 18 08 07 13 01 12 11 09 02 16 15 05 06 00 21 20 22 24 23 
13 17 09 07 14 10 11 03 16 02 05 06 19 00 04 18 08 01 15 12 24 22 21 23 20 
03 02 01 00 06 07 04 05 10 11 08 09 14 15 12 13 18 19 16 17 22 23 20 21 24 
