00 03 24 01 09 10 08 17 06 04 05 22 19 21 16 23 14 07 20 12 18 13 11 15 02 
24 01 03 02 23 12 17 14 22 21 19 13 05 11 07 18 20 06 15 10 16 09 08 04 00 
01 00 02 24 11 17 21 12 16 22 18 04 07 23 19 20 08 05 10 14 15 06 09 13 03 
02 24 00 03 13 19 12 16 15 23 20 21 06 04 17 08 07 14 22 05 10 11 18 09 01 
16 19 15 18 04 24 07 06 17 14 23 20 21 22 09 02 00 08 03 01 11 12 13 10 05 
21 20 22 08 07 05 24 04 03 17 13 14 16 10 11 19 12 09 23 15 01 00 02 18 06 
18 13 19 09 05 04 06 24 20 03 16 17 23 01 21 22 10 11 00 02 08 14 15 12 07 
23 22 10 11 24 06 05 07 14 20 02 03 18 19 08 17 21 15 12 13 09 16 01 00 04 
20 07 13 19 21 15 18 01 08 24 11 10 17 02 22 05 23 12 06 03 00 04 14 16 09 
14 15 05 12 16 02 23 13 11 09 24 08 03 07 00 01 04 22 21 20 19 18 17 06 10 
13 04 12 14 01 21 15 18 09 08 10 24 02 00 03 06 22 20 07 23 17 05 16 19 11 
12 06 20 16 15 18 01 21 24 10 09 11 00 17 23 04 03 13 05 22 02 07 19 14 08 
22 16 18 23 08 20 09 10 04 06 07 19 12 24 15 14 01 21 02 11 05 17 00 03 13 
05 17 16 22 18 00 11 20 23 19 21 06 15 13 24 12 02 01 04 09 07 10 03 08 14 
04 08 06 20 00 23 02 22 01 16 17 18 13 12 14 24 09 10 11 21 03 19 07 05 15 
07 21 11 05 20 03 16 00 19 18 22 02 24 14 13 15 06 23 09 08 04 01 10 17 12 
09 05 23 21 14 01 22 11 13 00 15 07 20 08 04 10 16 24 19 18 12 03 06 02 17 
15 11 09 10 12 22 13 23 21 02 03 01 04 06 20 00 19 17 24 16 14 08 05 07 18 
08 09 07 13 22 14 20 02 00 01 12 23 10 03 05 21 17 16 18 24 06 15 04 11 19 
11 23 21 15 10 08 14 09 05 07 04 00 22 20 06 03 24 18 17 19 13 02 12 01 16 
06 12 04 17 02 16 00 19 18 13 14 15 01 09 10 11 05 03 08 07 20 24 23 22 21 
10 18 14 07 17 13 19 03 12 15 00 16 08 05 02 09 11 04 01 06 23 21 24 20 22 
19 14 17 04 03 09 10 08 07 05 06 12 11 18 01 16 15 02 13 00 21 20 22 24 23 
17 10 08 06 19 11 03 15 02 12 01 05 09 16 18 07 13 00 14 04 24 22 21 23 20 
03 02 01 00 06 07 04 05 10 11 08 09 14 15 12 13 18 19 16 17 22 23 20 21 24 
