00 03 24 01 18 15 21 10 23 14 07 19 22 17 09 05 20 13 04 11 16 06 12 08 02 
24 01 03 02 21 18 22 17 19 23 14 15 20 16 10 11 13 07 05 08 12 04 06 09 00 
01 00 02 24 20 17 08 23 06 22 15 13 16 11 19 10 12 05 21 14 04 18 09 07 03 
02 24 00 03 15 19 18 09 14 07 13 23 21 10 08 04 22 20 06 05 17 12 16 11 01 
14 19 11 16 04 24 07 06 21 18 12 02 10 20 00 22 03 23 09 01 13 08 15 17 05 
08 12 22 13 07 05 24 04 00 17 19 14 01 03 11 23 21 09 20 10 18 16 02 15 06 
17 10 12 23 05 04 06 24 16 15 01 18 02 21 22 09 08 00 11 20 19 13 14 03 07 
20 15 19 12 24 06 05 07 18 21 16 17 03 22 23 01 10 11 08 02 00 09 13 14 04 
15 04 16 20 01 23 12 13 08 24 11 10 06 07 17 00 02 14 22 21 03 19 18 05 09 
04 13 05 21 00 02 19 12 11 09 24 08 07 01 18 20 23 22 14 06 15 03 17 16 10 
16 22 18 05 23 03 14 20 09 08 10 24 17 19 06 21 00 12 02 13 07 15 01 04 11 
22 07 20 06 13 21 03 01 24 10 09 11 19 04 16 17 14 15 23 12 02 05 00 18 08 
11 18 08 09 17 20 16 21 02 03 23 00 12 24 15 14 06 04 01 22 05 07 19 10 13 
06 23 04 19 02 10 00 18 22 16 05 20 15 13 24 12 09 21 07 03 11 17 08 01 14 
18 06 07 17 09 16 01 02 20 04 22 21 13 12 14 24 05 03 00 23 08 11 10 19 15 
23 17 21 22 16 08 20 11 05 19 18 07 24 14 13 15 04 01 10 09 06 02 03 00 12 
07 09 06 15 22 11 02 00 12 01 20 05 08 23 21 03 16 24 19 18 10 14 04 13 17 
21 11 09 08 10 22 13 15 03 02 04 01 23 06 20 07 19 17 24 16 14 00 05 12 18 
09 20 15 11 14 12 23 22 13 00 21 03 05 08 04 02 17 16 18 24 01 10 07 06 19 
12 21 23 10 08 13 15 14 04 20 03 22 00 05 07 06 24 18 17 19 09 01 11 02 16 
10 05 13 14 11 01 09 16 17 06 00 04 18 02 03 19 07 08 12 15 20 24 23 22 21 
13 08 10 07 19 14 17 03 01 12 02 16 09 00 05 18 11 06 15 04 23 21 24 20 22 
19 14 17 04 03 09 10 08 07 05 06 12 11 18 01 16 15 02 13 00 21 20 22 24 23 
05 16 14 18 12 00 11 19 15 13 17 06 04 09 02 08 01 10 03 07 24 22 21 23 20 
03 02 01 00 06 07 04 05 10 11 08 09 14 15 12 13 18 19 16 17 22 23 20 21 24 
