00 03 24 01 10 14 11 22 19 15 04 06 21 16 05 09 13 20 23 08 17 12 07 18 02 
24 01 03 02 14 16 15 18 20 19 23 17 22 21 04 06 05 11 07 09 08 13 12 10 00 
01 00 02 24 18 09 19 17 16 05 15 20 23 22 21 10 08 07 04 06 11 14 13 12 03 
02 24 00 03 15 18 17 23 12 21 20 14 08 19 11 04 22 06 05 13 10 09 16 07 01 
21 09 11 16 04 24 07 06 17 01 12 02 10 23 19 22 03 08 20 14 18 00 15 13 05 
17 10 13 12 07 05 24 04 18 22 01 19 03 02 20 21 23 00 08 11 14 15 09 16 06 
13 08 12 21 05 04 06 24 01 17 14 16 02 00 10 20 11 09 22 23 15 03 18 19 07 
08 21 15 14 24 06 05 07 00 12 17 23 09 18 03 02 20 10 13 22 16 01 19 11 04 
22 15 14 05 23 03 20 19 08 24 11 10 18 17 02 01 21 13 12 07 06 16 00 04 09 
18 14 22 06 19 13 03 20 11 09 24 08 16 05 01 23 12 21 00 04 07 17 02 15 10 
12 16 07 19 21 23 18 02 09 08 10 24 00 20 22 17 01 15 06 03 13 04 14 05 11 
16 22 18 07 20 21 13 03 24 10 09 11 17 06 23 19 00 12 02 15 04 05 01 14 08 
04 11 19 18 00 08 23 16 05 20 21 01 12 24 15 14 07 22 03 02 09 10 17 06 13 
11 07 09 10 08 22 16 01 04 02 03 00 15 13 24 12 06 23 21 20 19 18 05 17 14 
20 19 16 23 09 17 22 11 21 04 18 07 13 12 14 24 02 05 10 01 00 08 06 03 15 
23 20 17 22 16 11 08 10 06 18 07 05 24 14 13 15 04 02 09 21 01 19 03 00 12 
06 23 21 15 22 10 00 09 14 07 05 13 20 11 08 03 16 24 19 18 12 02 04 01 17 
14 12 10 09 13 20 21 15 23 03 02 22 01 04 00 07 19 17 24 16 05 06 11 08 18 
15 13 20 08 11 12 14 21 03 23 22 04 05 01 06 00 17 16 18 24 02 07 10 09 19 
07 04 23 20 01 15 12 00 22 14 13 21 06 10 09 05 24 18 17 19 03 11 08 02 16 
05 06 04 13 02 00 01 12 15 16 19 18 07 03 17 08 09 14 11 10 20 24 23 22 21 
10 18 08 17 12 19 09 13 02 06 00 15 04 07 16 11 14 03 01 05 23 21 24 20 22 
19 17 05 04 03 02 10 08 07 13 06 12 11 09 18 16 15 01 14 00 21 20 22 24 23 
09 05 06 11 17 01 02 14 13 00 16 03 19 08 07 18 10 04 15 12 24 22 21 23 20 
03 02 01 00 06 07 04 05 10 11 08 09 14 15 12 13 18 19 16 17 22 23 20 21 24 
