60 63 73 61 4  7  89 5  0  3  83 1  28 31 81 29 91 90 94 92 65 67 74 64 41 43 77 40 48 51 79 49 8  11 84 9  59 56 72 57 39 37 76 36 20 23 87 21 52 55 80 53 24 27 88 25 44 47 78 45 69 71 75 68 35 32 82 33 19 16 86 17 46 70 34 18 58 38 22 54 26 50 10 62 2  30 93 66 42 6  13 12 15 85 14
73 61 63 62 89 5  7  6  83 1  3  2  81 29 31 30 94 92 90 93 74 64 67 66 77 40 43 42 79 49 51 50 84 9  11 10 57 72 59 58 36 76 39 38 87 21 23 22 80 53 55 54 88 25 27 26 78 45 47 46 75 68 71 70 33 82 35 34 17 86 19 18 44 69 32 16 56 37 20 52 24 48 8  60 0  28 91 65 41 4  14 85 13 15 12
61 60 62 73 5  4  6  89 1  0  2  83 29 28 30 81 92 91 93 94 64 65 66 74 40 41 42 77 49 48 50 79 9  8  10 84 56 57 58 72 37 36 38 76 21 20 22 87 53 52 54 80 25 24 26 88 45 44 46 78 68 69 70 75 32 33 34 82 16 17 18 86 47 71 35 19 59 39 23 55 27 51 11 63 3  31 90 67 43 7  85 13 12 14 15
62 73 60 63 6  89 4  7  2  83 0  3  30 81 28 31 93 94 91 90 66 74 65 67 42 77 41 43 50 79 48 51 10 84 8  11 72 58 56 59 76 38 37 39 22 87 20 23 54 80 52 55 26 88 24 27 46 78 44 47 70 75 69 71 82 34 32 35 86 18 16 19 45 68 33 17 57 36 21 53 25 49 9  61 1  29 92 64 40 5  15 14 85 12 13
12 15 85 13 65 67 74 64 8  11 84 9  4  7  89 5  32 35 82 33 91 90 94 92 69 71 75 68 44 47 78 45 52 55 80 53 23 20 87 21 63 60 73 61 41 43 77 40 24 27 88 25 56 59 72 57 28 31 81 29 48 51 79 49 39 37 76 36 3  0  83 1  30 50 38 2  22 62 42 26 58 46 54 14 10 6  34 93 70 66 17 16 19 86 18
85 13 15 14 74 64 67 66 84 9  11 10 89 5  7  6  82 33 35 34 94 92 90 93 75 68 71 70 78 45 47 46 80 53 55 54 21 87 23 22 61 73 63 62 77 40 43 42 88 25 27 26 72 57 59 58 81 29 31 30 79 49 51 50 36 76 39 38 1  83 3  2  28 48 37 0  20 60 41 24 56 44 52 12 8  4  32 91 69 65 18 86 17 19 16
13 12 14 85 64 65 66 74 9  8  10 84 5  4  6  89 33 32 34 82 92 91 93 94 68 69 70 75 45 44 46 78 53 52 54 80 20 21 22 87 60 61 62 73 40 41 42 77 25 24 26 88 57 56 58 72 29 28 30 81 49 48 50 79 37 36 38 76 0  1  2  83 31 51 39 3  23 63 43 27 59 47 55 15 11 7  35 90 71 67 86 17 16 18 19
14 85 12 15 66 74 65 67 10 84 8  11 6  89 4  7  34 82 32 35 93 94 91 90 70 75 69 71 46 78 44 47 54 80 52 55 87 22 20 23 73 62 60 63 42 77 41 43 26 88 24 27 58 72 56 59 30 81 28 31 50 79 48 51 76 38 37 39 83 2  0  3  29 49 36 1  21 61 40 25 57 45 53 13 9  5  33 92 68 64 19 18 86 16 17
56 59 72 57 16 19 86 17 69 71 75 68 12 15 85 13 8  11 84 9  0  3  83 1  91 90 94 92 37 39 76 36 48 51 79 49 7  4  89 5  27 24 88 25 65 67 74 64 44 47 78 45 28 31 81 29 60 63 73 61 32 35 82 33 55 52 80 53 43 41 77 40 62 34 54 42 6  26 66 46 30 38 50 58 70 14 10 2  93 18 21 20 23 87 22
72 57 59 58 86 17 19 18 75 68 71 70 85 13 15 14 84 9  11 10 83 1  3  2  94 92 90 93 76 36 39 38 79 49 51 50 5  89 7  6  25 88 27 26 74 64 67 66 78 45 47 46 81 29 31 30 73 61 63 62 82 33 35 34 53 80 55 54 40 77 43 42 60 32 52 41 4  24 65 44 28 37 48 56 69 12 8  0  91 16 22 87 21 23 20
57 56 58 72 17 16 18 86 68 69 70 75 13 12 14 85 9  8  10 84 1  0  2  83 92 91 93 94 36 37 38 76 49 48 50 79 4  5  6  89 24 25 26 88 64 65 66 74 45 44 46 78 29 28 30 81 61 60 62 73 33 32 34 82 52 53 54 80 41 40 42 77 63 35 55 43 7  27 67 47 31 39 51 59 71 15 11 3  90 19 87 21 20 22 23
58 72 56 59 18 86 16 19 70 75 69 71 14 85 12 15 10 84 8  11 2  83 0  3  93 94 91 90 38 76 37 39 50 79 48 51 89 6  4  7  88 26 24 27 66 74 65 67 46 78 44 47 30 81 28 31 62 73 60 63 34 82 32 35 80 54 52 55 77 42 41 43 61 33 53 40 5  25 64 45 29 36 49 57 68 13 9  1  92 17 23 22 87 20 21
52 55 80 53 60 63 73 61 20 23 87 21 37 39 76 36 16 19 86 17 12 15 85 13 4  7  89 5  91 90 94 92 41 43 77 40 47 44 78 45 11 8  84 9  28 31 81 29 69 71 75 68 48 51 79 49 32 35 82 33 65 67 74 64 3  0  83 1  59 56 72 57 34 66 2  58 46 10 30 70 50 93 42 54 22 38 18 14 6  62 25 24 27 88 26
80 53 55 54 73 61 63 62 87 21 23 22 76 36 39 38 86 17 19 18 85 13 15 14 89 5  7  6  94 92 90 93 77 40 43 42 45 78 47 46 9  84 11 10 81 29 31 30 75 68 71 70 79 49 51 50 82 33 35 34 74 64 67 66 1  83 3  2  57 72 59 58 32 65 0  56 44 8  28 69 48 91 41 52 20 37 16 12 4  60 26 88 25 27 24
53 52 54 80 61 60 62 73 21 20 22 87 36 37 38 76 17 16 18 86 13 12 14 85 5  4  6  89 92 91 93 94 40 41 42 77 44 45 46 78 8  9  10 84 29 28 30 81 68 69 70 75 49 48 50 79 33 32 34 82 64 65 66 74 0  1  2  83 56 57 58 72 35 67 3  59 47 11 31 71 51 90 43 55 23 39 19 15 7  63 88 25 24 26 27
54 80 52 55 62 73 60 63 22 87 20 23 38 76 37 39 18 86 16 19 14 85 12 15 6  89 4  7  93 94 91 90 42 77 41 43 78 46 44 47 84 10 8  11 30 81 28 31 70 75 69 71 50 79 48 51 34 82 32 35 66 74 65 67 83 2  0  3  72 58 56 59 33 64 1  57 45 9  29 68 49 92 40 53 21 36 17 13 5  61 27 26 88 24 25
44 47 78 45 56 59 72 57 65 67 74 64 24 27 88 25 41 43 77 40 20 23 87 21 16 19 86 17 8  11 84 9  91 90 94 92 63 60 73 61 51 48 79 49 12 15 85 13 32 35 82 33 37 39 76 36 52 55 80 53 0  3  83 1  71 69 75 68 7  4  89 5  54 2  70 6  62 50 14 34 38 10 93 46 66 26 42 22 18 58 29 28 31 81 30
78 45 47 46 72 57 59 58 74 64 67 66 88 25 27 26 77 40 43 42 87 21 23 22 86 17 19 18 84 9  11 10 94 92 90 93 61 73 63 62 49 79 51 50 85 13 15 14 82 33 35 34 76 36 39 38 80 53 55 54 83 1  3  2  68 75 71 70 5  89 7  6  52 0  69 4  60 48 12 32 37 8  91 44 65 24 41 20 16 56 30 81 29 31 28
45 44 46 78 57 56 58 72 64 65 66 74 25 24 26 88 40 41 42 77 21 20 22 87 17 16 18 86 9  8  10 84 92 91 93 94 60 61 62 73 48 49 50 79 13 12 14 85 33 32 34 82 36 37 38 76 53 52 54 80 1  0  2  83 69 68 70 75 4  5  6  89 55 3  71 7  63 51 15 35 39 11 90 47 67 27 43 23 19 59 81 29 28 30 31
46 78 44 47 58 72 56 59 66 74 65 67 26 88 24 27 42 77 41 43 22 87 20 23 18 86 16 19 10 84 8  11 93 94 91 90 73 62 60 63 79 50 48 51 14 85 12 15 34 82 32 35 38 76 37 39 54 80 52 55 2  83 0  3  75 70 69 71 89 6  4  7  53 1  68 5  61 49 13 33 36 9  92 45 64 25 40 21 17 57 31 30 81 28 29
91 90 94 92 48 51 79 49 60 63 73 61 69 71 75 68 28 31 81 29 44 47 78 45 24 27 88 25 20 23 87 21 12 15 85 13 11 8  84 9  67 65 74 64 52 55 80 53 16 19 86 17 0  3  83 1  41 43 77 40 56 59 72 57 7  4  89 5  39 37 76 36 42 58 6  38 10 66 54 18 2  22 14 93 62 70 30 46 26 50 33 32 35 82 34
94 92 90 93 79 49 51 50 73 61 63 62 75 68 71 70 81 29 31 30 78 45 47 46 88 25 27 26 87 21 23 22 85 13 15 14 9  84 11 10 64 74 67 66 80 53 55 54 86 17 19 18 83 1  3  2  77 40 43 42 72 57 59 58 5  89 7  6  36 76 39 38 41 56 4  37 8  65 52 16 0  20 12 91 60 69 28 44 24 48 34 82 33 35 32
92 91 93 94 49 48 50 79 61 60 62 73 68 69 70 75 29 28 30 81 45 44 46 78 25 24 26 88 21 20 22 87 13 12 14 85 8  9  10 84 65 64 66 74 53 52 54 80 17 16 18 86 1  0  2  83 40 41 42 77 57 56 58 72 4  5  6  89 37 36 38 76 43 59 7  39 11 67 55 19 3  23 15 90 63 71 31 47 27 51 82 33 32 34 35
93 94 91 90 50 79 48 51 62 73 60 63 70 75 69 71 30 81 28 31 46 78 44 47 26 88 24 27 22 87 20 23 14 85 12 15 84 10 8  11 74 66 65 67 54 80 52 55 18 86 16 19 2  83 0  3  42 77 41 43 58 72 56 59 89 6  4  7  76 38 37 39 40 57 5  36 9  64 53 17 1  21 13 92 61 68 29 45 25 49 35 34 82 32 33
16 19 86 17 91 90 94 92 52 55 80 53 65 67 74 64 37 39 76 36 32 35 82 33 48 51 79 49 28 31 81 29 24 27 88 25 43 41 77 40 15 12 85 13 69 71 75 68 56 59 72 57 20 23 87 21 4  7  89 5  44 47 78 45 63 60 73 61 11 8  84 9  6  46 62 10 42 14 70 58 22 30 26 18 54 66 38 34 50 93 1  0  3  83 2
86 17 19 18 94 92 90 93 80 53 55 54 74 64 67 66 76 36 39 38 82 33 35 34 79 49 51 50 81 29 31 30 88 25 27 26 40 77 43 42 13 85 15 14 75 68 71 70 72 57 59 58 87 21 23 22 89 5  7  6  78 45 47 46 61 73 63 62 9  84 11 10 4  44 60 8  41 12 69 56 20 28 24 16 52 65 37 32 48 91 2  83 1  3  0
17 16 18 86 92 91 93 94 53 52 54 80 64 65 66 74 36 37 38 76 33 32 34 82 49 48 50 79 29 28 30 81 25 24 26 88 41 40 42 77 12 13 14 85 68 69 70 75 57 56 58 72 21 20 22 87 5  4  6  89 45 44 46 78 60 61 62 73 8  9  10 84 7  47 63 11 43 15 71 59 23 31 27 19 55 67 39 35 51 90 83 1  0  2  3
18 86 16 19 93 94 91 90 54 80 52 55 66 74 65 67 38 76 37 39 34 82 32 35 50 79 48 51 30 81 28 31 26 88 24 27 77 42 41 43 85 14 12 15 70 75 69 71 58 72 56 59 22 87 20 23 6  89 4  7  46 78 44 47 73 62 60 63 84 10 8  11 5  45 61 9  40 13 68 57 21 29 25 17 53 64 36 33 49 92 3  2  83 0  1
28 31 81 29 20 23 87 21 91 90 94 92 56 59 72 57 69 71 75 68 41 43 77 40 0  3  83 1  52 55 80 53 32 35 82 33 15 12 85 13 47 44 78 45 16 19 86 17 37 39 76 36 60 63 73 61 24 27 88 25 8  11 84 9  51 48 79 49 67 65 74 64 26 10 50 66 14 46 18 38 62 54 34 30 93 58 70 42 2  22 5  4  7  89 6
81 29 31 30 87 21 23 22 94 92 90 93 72 57 59 58 75 68 71 70 77 40 43 42 83 1  3  2  80 53 55 54 82 33 35 34 13 85 15 14 45 78 47 46 86 17 19 18 76 36 39 38 73 61 63 62 88 25 27 26 84 9  11 10 49 79 51 50 64 74 67 66 24 8  48 65 12 44 16 37 60 52 32 28 91 56 69 41 0  20 6  89 5  7  4
29 28 30 81 21 20 22 87 92 91 93 94 57 56 58 72 68 69 70 75 40 41 42 77 1  0  2  83 53 52 54 80 33 32 34 82 12 13 14 85 44 45 46 78 17 16 18 86 36 37 38 76 61 60 62 73 25 24 26 88 9  8  10 84 48 49 50 79 65 64 66 74 27 11 51 67 15 47 19 39 63 55 35 31 90 59 71 43 3  23 89 5  4  6  7
30 81 28 31 22 87 20 23 93 94 91 90 58 72 56 59 70 75 69 71 42 77 41 43 2  83 0  3  54 80 52 55 34 82 32 35 85 14 12 15 78 46 44 47 18 86 16 19 38 76 37 39 62 73 60 63 26 88 24 27 10 84 8  11 79 50 48 51 74 66 65 67 25 9  49 64 13 45 17 36 61 53 33 29 92 57 68 40 1  21 7  6  89 4  5
0  3  83 1  32 35 82 33 24 27 88 25 91 90 94 92 60 63 73 61 37 39 76 36 44 47 78 45 4  7  89 5  56 59 72 57 71 69 75 68 19 16 86 17 48 51 79 49 20 23 87 21 41 43 77 40 65 67 74 64 28 31 81 29 15 12 85 13 55 52 80 53 66 30 14 54 70 18 50 22 42 6  58 2  26 93 62 38 46 34 9  8  11 84 10
83 1  3  2  82 33 35 34 88 25 27 26 94 92 90 93 73 61 63 62 76 36 39 38 78 45 47 46 89 5  7  6  72 57 59 58 68 75 71 70 17 86 19 18 79 49 51 50 87 21 23 22 77 40 43 42 74 64 67 66 81 29 31 30 13 85 15 14 53 80 55 54 65 28 12 52 69 16 48 20 41 4  56 0  24 91 60 37 44 32 10 84 9  11 8
1  0  2  83 33 32 34 82 25 24 26 88 92 91 93 94 61 60 62 73 36 37 38 76 45 44 46 78 5  4  6  89 57 56 58 72 69 68 70 75 16 17 18 86 49 48 50 79 21 20 22 87 40 41 42 77 64 65 66 74 29 28 30 81 12 13 14 85 52 53 54 80 67 31 15 55 71 19 51 23 43 7  59 3  27 90 63 39 47 35 84 9  8  10 11
2  83 0  3  34 82 32 35 26 88 24 27 93 94 91 90 62 73 60 63 38 76 37 39 46 78 44 47 6  89 4  7  58 72 56 59 75 70 69 71 86 18 16 19 50 79 48 51 22 87 20 23 42 77 41 43 66 74 65 67 30 81 28 31 85 14 12 15 80 54 52 55 64 29 13 53 68 17 49 21 40 5  57 1  25 92 61 36 45 33 11 10 84 8  9
75 68 71 70 80 53 55 54 81 29 31 30 84 9  11 10 72 57 59 58 88 25 27 26 73 61 63 62 86 17 19 18 89 5  7  6  33 82 35 34 40 77 43 42 76 36 39 38 74 64 67 66 94 92 90 93 83 1  3  2  85 13 15 14 21 87 23 22 45 78 47 46 0  12 20 44 32 41 37 65 91 16 4  69 28 8  56 24 60 52 50 79 49 51 48
69 71 75 68 52 55 80 53 28 31 81 29 8  11 84 9  56 59 72 57 24 27 88 25 60 63 73 61 16 19 86 17 4  7  89 5  35 32 82 33 43 41 77 40 37 39 76 36 65 67 74 64 91 90 94 92 0  3  83 1  12 15 85 13 23 20 87 21 47 44 78 45 2  14 22 46 34 42 38 66 93 18 6  70 30 10 58 26 62 54 49 48 51 79 50
68 69 70 75 53 52 54 80 29 28 30 81 9  8  10 84 57 56 58 72 25 24 26 88 61 60 62 73 17 16 18 86 5  4  6  89 32 33 34 82 41 40 42 77 36 37 38 76 64 65 66 74 92 91 93 94 1  0  2  83 13 12 14 85 20 21 22 87 44 45 46 78 3  15 23 47 35 43 39 67 90 19 7  71 31 11 59 27 63 55 79 49 48 50 51
70 75 69 71 54 80 52 55 30 81 28 31 10 84 8  11 58 72 56 59 26 88 24 27 62 73 60 63 18 86 16 19 6  89 4  7  82 34 32 35 77 42 41 43 38 76 37 39 66 74 65 67 93 94 91 90 2  83 0  3  14 85 12 15 87 22 20 23 78 46 44 47 1  13 21 45 33 40 36 64 92 17 5  68 29 9  57 25 61 53 51 50 79 48 49
84 9  11 10 76 36 39 38 72 57 59 58 82 33 35 34 85 13 15 14 73 61 63 62 81 29 31 30 74 64 67 66 87 21 23 22 49 79 51 50 1  83 3  2  78 45 47 46 77 40 43 42 75 68 71 70 94 92 90 93 89 5  7  6  17 86 19 18 25 88 27 26 91 4  16 24 48 0  44 41 69 65 20 8  56 32 12 60 28 37 54 80 53 55 52
8  11 84 9  37 39 76 36 56 59 72 57 32 35 82 33 12 15 85 13 60 63 73 61 28 31 81 29 65 67 74 64 20 23 87 21 51 48 79 49 3  0  83 1  44 47 78 45 41 43 77 40 69 71 75 68 91 90 94 92 4  7  89 5  19 16 86 17 27 24 88 25 93 6  18 26 50 2  46 42 70 66 22 10 58 34 14 62 30 38 53 52 55 80 54
9  8  10 84 36 37 38 76 57 56 58 72 33 32 34 82 13 12 14 85 61 60 62 73 29 28 30 81 64 65 66 74 21 20 22 87 48 49 50 79 0  1  2  83 45 44 46 78 40 41 42 77 68 69 70 75 92 91 93 94 5  4  6  89 16 17 18 86 24 25 26 88 90 7  19 27 51 3  47 43 71 67 23 11 59 35 15 63 31 39 80 53 52 54 55
10 84 8  11 38 76 37 39 58 72 56 59 34 82 32 35 14 85 12 15 62 73 60 63 30 81 28 31 66 74 65 67 22 87 20 23 79 50 48 51 83 2  0  3  46 78 44 47 42 77 41 43 70 75 69 71 93 94 91 90 6  89 4  7  86 18 16 19 88 26 24 27 92 5  17 25 49 1  45 40 68 64 21 9  57 33 13 61 29 36 55 54 80 52 53
24 27 88 25 12 15 85 13 41 43 77 40 60 63 73 61 0  3  83 1  16 19 86 17 65 67 74 64 32 35 82 33 69 71 75 68 31 28 81 29 55 52 80 53 4  7  89 5  48 51 79 49 44 47 78 45 37 39 76 36 91 90 94 92 11 8  84 9  23 20 87 21 38 93 10 22 30 54 6  50 46 34 70 26 42 62 2  18 66 14 57 56 59 72 58
88 25 27 26 85 13 15 14 77 40 43 42 73 61 63 62 83 1  3  2  86 17 19 18 74 64 67 66 82 33 35 34 75 68 71 70 29 81 31 30 53 80 55 54 89 5  7  6  79 49 51 50 78 45 47 46 76 36 39 38 94 92 90 93 9  84 11 10 21 87 23 22 37 91 8  20 28 52 4  48 44 32 69 24 41 60 0  16 65 12 58 72 57 59 56
25 24 26 88 13 12 14 85 40 41 42 77 61 60 62 73 1  0  2  83 17 16 18 86 64 65 66 74 33 32 34 82 68 69 70 75 28 29 30 81 52 53 54 80 5  4  6  89 49 48 50 79 45 44 46 78 36 37 38 76 92 91 93 94 8  9  10 84 20 21 22 87 39 90 11 23 31 55 7  51 47 35 71 27 43 63 3  19 67 15 72 57 56 58 59
26 88 24 27 14 85 12 15 42 77 41 43 62 73 60 63 2  83 0  3  18 86 16 19 66 74 65 67 34 82 32 35 70 75 69 71 81 30 28 31 80 54 52 55 6  89 4  7  50 79 48 51 46 78 44 47 38 76 37 39 93 94 91 90 84 10 8  11 87 22 20 23 36 92 9  21 29 53 5  49 45 33 68 25 40 61 1  17 64 13 59 58 72 56 57
37 39 76 36 28 31 81 29 16 19 86 17 44 47 78 45 65 67 74 64 4  7  89 5  20 23 87 21 69 71 75 68 0  3  83 1  27 24 88 25 35 32 82 33 56 59 72 57 8  11 84 9  52 55 80 53 48 51 79 49 41 43 77 40 90 91 94 92 15 12 85 13 50 42 93 14 26 34 58 10 54 70 2  38 18 46 66 6  22 30 61 60 63 73 62
76 36 39 38 81 29 31 30 86 17 19 18 78 45 47 46 74 64 67 66 89 5  7  6  87 21 23 22 75 68 71 70 83 1  3  2  25 88 27 26 33 82 35 34 72 57 59 58 84 9  11 10 80 53 55 54 79 49 51 50 77 40 43 42 92 94 90 93 13 85 15 14 48 41 91 12 24 32 56 8  52 69 0  37 16 44 65 4  20 28 62 73 61 63 60
36 37 38 76 29 28 30 81 17 16 18 86 45 44 46 78 64 65 66 74 5  4  6  89 21 20 22 87 68 69 70 75 1  0  2  83 24 25 26 88 32 33 34 82 57 56 58 72 9  8  10 84 53 52 54 80 49 48 50 79 40 41 42 77 91 92 93 94 12 13 14 85 51 43 90 15 27 35 59 11 55 71 3  39 19 47 67 7  23 31 73 61 60 62 63
38 76 37 39 30 81 28 31 18 86 16 19 46 78 44 47 66 74 65 67 6  89 4  7  22 87 20 23 70 75 69 71 2  83 0  3  88 26 24 27 82 34 32 35 58 72 56 59 10 84 8  11 54 80 52 55 50 79 48 51 42 77 41 43 94 93 91 90 85 14 12 15 49 40 92 13 25 33 57 9  53 68 1  36 17 45 64 5  21 29 63 62 73 60 61
4  7  89 5  41 43 77 40 32 35 82 33 20 23 87 21 48 51 79 49 69 71 75 68 8  11 84 9  24 27 88 25 37 39 76 36 19 16 86 17 31 28 81 29 0  3  83 1  60 63 73 61 12 15 85 13 56 59 72 57 52 55 80 53 47 44 78 45 90 91 94 92 58 54 46 93 18 30 2  62 14 26 38 6  34 22 50 70 10 42 64 65 67 74 66
89 5  7  6  77 40 43 42 82 33 35 34 87 21 23 22 79 49 51 50 75 68 71 70 84 9  11 10 88 25 27 26 76 36 39 38 17 86 19 18 29 81 31 30 83 1  3  2  73 61 63 62 85 13 15 14 72 57 59 58 80 53 55 54 45 78 47 46 92 94 90 93 56 52 44 91 16 28 0  60 12 24 37 4  32 20 48 69 8  41 66 74 64 67 65
5  4  6  89 40 41 42 77 33 32 34 82 21 20 22 87 49 48 50 79 68 69 70 75 9  8  10 84 25 24 26 88 36 37 38 76 16 17 18 86 28 29 30 81 1  0  2  83 61 60 62 73 13 12 14 85 57 56 58 72 53 52 54 80 44 45 46 78 91 92 93 94 59 55 47 90 19 31 3  63 15 27 39 7  35 23 51 71 11 43 74 64 65 66 67
6  89 4  7  42 77 41 43 34 82 32 35 22 87 20 23 50 79 48 51 70 75 69 71 10 84 8  11 26 88 24 27 38 76 37 39 86 18 16 19 81 30 28 31 2  83 0  3  62 73 60 63 14 85 12 15 58 72 56 59 54 80 52 55 78 46 44 47 94 93 91 90 57 53 45 92 17 29 1  61 13 25 36 5  33 21 49 68 9  40 67 66 74 65 64
41 43 77 40 8  11 84 9  44 47 78 45 0  3  83 1  24 27 88 25 52 55 80 53 37 39 76 36 12 15 85 13 28 31 81 29 90 91 94 92 23 20 87 21 32 35 82 33 4  7  89 5  65 67 74 64 16 19 86 17 60 63 73 61 59 56 72 57 51 48 79 49 18 62 58 50 93 22 34 6  66 14 30 42 46 2  26 54 38 10 68 69 71 75 70
77 40 43 42 84 9  11 10 78 45 47 46 83 1  3  2  88 25 27 26 80 53 55 54 76 36 39 38 85 13 15 14 81 29 31 30 92 94 90 93 21 87 23 22 82 33 35 34 89 5  7  6  74 64 67 66 86 17 19 18 73 61 63 62 57 72 59 58 49 79 51 50 16 60 56 48 91 20 32 4  65 12 28 41 44 0  24 52 37 8  70 75 68 71 69
40 41 42 77 9  8  10 84 45 44 46 78 1  0  2  83 25 24 26 88 53 52 54 80 36 37 38 76 13 12 14 85 29 28 30 81 91 92 93 94 20 21 22 87 33 32 34 82 5  4  6  89 64 65 66 74 17 16 18 86 61 60 62 73 56 57 58 72 48 49 50 79 19 63 59 51 90 23 35 7  67 15 31 43 47 3  27 55 39 11 75 68 69 70 71
42 77 41 43 10 84 8  11 46 78 44 47 2  83 0  3  26 88 24 27 54 80 52 55 38 76 37 39 14 85 12 15 30 81 28 31 94 93 91 90 87 22 20 23 34 82 32 35 6  89 4  7  66 74 65 67 18 86 16 19 62 73 60 63 72 58 56 59 79 50 48 51 17 61 57 49 92 21 33 5  64 13 29 40 45 1  25 53 36 9  71 70 75 69 68
32 35 82 33 44 47 78 45 12 15 85 13 48 51 79 49 4  7  89 5  28 31 81 29 56 59 72 57 41 43 77 40 16 19 86 17 55 52 80 53 90 91 94 92 24 27 88 25 0  3  83 1  8  11 84 9  69 71 75 68 20 23 87 21 67 65 74 64 63 60 73 61 70 22 66 62 54 93 26 2  10 42 18 34 14 50 6  30 58 46 36 37 39 76 38
82 33 35 34 78 45 47 46 85 13 15 14 79 49 51 50 89 5  7  6  81 29 31 30 72 57 59 58 77 40 43 42 86 17 19 18 53 80 55 54 92 94 90 93 88 25 27 26 83 1  3  2  84 9  11 10 75 68 71 70 87 21 23 22 64 74 67 66 61 73 63 62 69 20 65 60 52 91 24 0  8  41 16 32 12 48 4  28 56 44 38 76 36 39 37
33 32 34 82 45 44 46 78 13 12 14 85 49 48 50 79 5  4  6  89 29 28 30 81 57 56 58 72 40 41 42 77 17 16 18 86 52 53 54 80 91 92 93 94 25 24 26 88 1  0  2  83 9  8  10 84 68 69 70 75 21 20 22 87 65 64 66 74 60 61 62 73 71 23 67 63 55 90 27 3  11 43 19 35 15 51 7  31 59 47 76 36 37 38 39
34 82 32 35 46 78 44 47 14 85 12 15 50 79 48 51 6  89 4  7  30 81 28 31 58 72 56 59 42 77 41 43 18 86 16 19 80 54 52 55 94 93 91 90 26 88 24 27 2  83 0  3  10 84 8  11 70 75 69 71 22 87 20 23 74 66 65 67 73 62 60 63 68 21 64 61 53 92 25 1  9  40 17 33 13 49 5  29 57 45 39 38 76 37 36
87 21 23 22 83 1  3  2  79 49 51 50 86 17 19 18 80 53 55 54 84 9  11 10 82 33 35 34 73 61 63 62 78 45 47 46 64 74 67 66 57 72 59 58 94 92 90 93 81 29 31 30 89 5  7  6  85 13 15 14 76 36 39 38 25 88 27 26 68 75 71 70 12 37 24 69 65 56 91 28 4  60 44 20 48 16 52 8  32 0  42 77 40 43 41
20 23 87 21 0  3  83 1  48 51 79 49 16 19 86 17 52 55 80 53 8  11 84 9  32 35 82 33 60 63 73 61 44 47 78 45 67 65 74 64 59 56 72 57 91 90 94 92 28 31 81 29 4  7  89 5  12 15 85 13 37 39 76 36 27 24 88 25 71 69 75 68 14 38 26 70 66 58 93 30 6  62 46 22 50 18 54 10 34 2  40 41 43 77 42
21 20 22 87 1  0  2  83 49 48 50 79 17 16 18 86 53 52 54 80 9  8  10 84 33 32 34 82 61 60 62 73 45 44 46 78 65 64 66 74 56 57 58 72 92 91 93 94 29 28 30 81 5  4  6  89 13 12 14 85 36 37 38 76 24 25 26 88 69 68 70 75 15 39 27 71 67 59 90 31 7  63 47 23 51 19 55 11 35 3  77 40 41 42 43
22 87 20 23 2  83 0  3  50 79 48 51 18 86 16 19 54 80 52 55 10 84 8  11 34 82 32 35 62 73 60 63 46 78 44 47 74 66 65 67 72 58 56 59 93 94 91 90 30 81 28 31 6  89 4  7  14 85 12 15 38 76 37 39 88 26 24 27 75 70 69 71 13 36 25 68 64 57 92 29 5  61 45 21 49 17 53 9  33 1  43 42 77 41 40
79 49 51 50 88 25 27 26 89 5  7  6  80 53 55 54 87 21 23 22 72 57 59 58 85 13 15 14 83 1  3  2  74 64 67 66 36 76 39 38 68 75 71 70 73 61 63 62 94 92 90 93 82 33 35 34 84 9  11 10 86 17 19 18 40 77 43 42 29 81 31 30 8  16 41 28 37 69 60 91 32 0  65 48 4  52 20 56 12 24 46 78 45 47 44
48 51 79 49 24 27 88 25 4  7  89 5  52 55 80 53 20 23 87 21 56 59 72 57 12 15 85 13 0  3  83 1  65 67 74 64 39 37 76 36 71 69 75 68 60 63 73 61 91 90 94 92 32 35 82 33 8  11 84 9  16 19 86 17 43 41 77 40 31 28 81 29 10 18 42 30 38 70 62 93 34 2  66 50 6  54 22 58 14 26 45 44 47 78 46
49 48 50 79 25 24 26 88 5  4  6  89 53 52 54 80 21 20 22 87 57 56 58 72 13 12 14 85 1  0  2  83 64 65 66 74 37 36 38 76 69 68 70 75 61 60 62 73 92 91 93 94 33 32 34 82 9  8  10 84 17 16 18 86 41 40 42 77 28 29 30 81 11 19 43 31 39 71 63 90 35 3  67 51 7  55 23 59 15 27 78 45 44 46 47
50 79 48 51 26 88 24 27 6  89 4  7  54 80 52 55 22 87 20 23 58 72 56 59 14 85 12 15 2  83 0  3  66 74 65 67 76 38 37 39 75 70 69 71 62 73 60 63 93 94 91 90 34 82 32 35 10 84 8  11 18 86 16 19 77 42 41 43 81 30 28 31 9  17 40 29 36 68 61 92 33 1  64 49 5  53 21 57 13 25 47 46 78 44 45
43 42 40 41 11 10 9  8  47 46 45 44 3  2  1  0  27 26 25 24 55 54 53 52 39 38 36 37 15 14 13 12 31 30 29 28 93 90 92 91 22 23 21 20 35 34 33 32 7  6  5  4  67 66 64 65 19 18 17 16 63 62 61 60 58 59 57 56 50 51 49 48 86 73 72 79 94 87 82 89 74 85 81 77 78 83 88 80 76 84 69 71 70 68 75
35 34 33 32 47 46 45 44 15 14 13 12 51 50 49 48 7  6  5  4  31 30 29 28 59 58 57 56 43 42 40 41 19 18 17 16 54 55 53 52 93 90 92 91 27 26 25 24 3  2  1  0  11 10 9  8  71 70 68 69 23 22 21 20 66 67 64 65 62 63 61 60 75 87 74 73 80 94 88 83 84 77 86 82 85 79 89 81 72 78 37 39 38 36 76
23 22 21 20 3  2  1  0  51 50 49 48 19 18 17 16 55 54 53 52 11 10 9  8  35 34 33 32 63 62 61 60 47 46 45 44 66 67 64 65 58 59 57 56 90 93 92 91 31 30 29 28 7  6  5  4  15 14 13 12 39 38 36 37 26 27 25 24 70 71 68 69 85 76 88 75 74 72 94 81 89 73 78 87 79 86 80 84 82 83 41 43 42 40 77
51 50 49 48 27 26 25 24 7  6  5  4  55 54 53 52 23 22 21 20 59 58 57 56 15 14 13 12 3  2  1  0  67 66 64 65 38 39 36 37 70 71 68 69 63 62 61 60 90 93 92 91 35 34 33 32 11 10 9  8  19 18 17 16 42 43 40 41 30 31 29 28 84 86 77 81 76 75 73 94 82 83 74 79 89 80 87 72 85 88 44 47 46 45 78
71 70 68 69 55 54 53 52 31 30 29 28 11 10 9  8  59 58 57 56 27 26 25 24 63 62 61 60 19 18 17 16 7  6  5  4  34 35 33 32 42 43 40 41 39 38 36 37 67 66 64 65 90 93 92 91 3  2  1  0  15 14 13 12 22 23 21 20 46 47 45 44 83 85 87 78 82 77 76 74 94 86 89 75 81 84 72 88 73 80 48 51 50 49 79
11 10 9  8  39 38 36 37 59 58 57 56 35 34 33 32 15 14 13 12 63 62 61 60 31 30 29 28 67 66 64 65 23 22 21 20 50 51 49 48 2  3  1  0  47 46 45 44 43 42 40 41 71 70 68 69 90 93 92 91 7  6  5  4  18 19 17 16 26 27 25 24 94 89 86 88 79 83 78 77 75 74 87 84 72 82 85 73 81 76 52 55 54 53 80
27 26 25 24 15 14 13 12 43 42 40 41 63 62 61 60 3  2  1  0  19 18 17 16 67 66 64 65 35 34 33 32 71 70 68 69 30 31 29 28 54 55 53 52 7  6  5  4  51 50 49 48 47 46 45 44 39 38 36 37 90 93 92 91 10 11 9  8  22 23 21 20 76 94 84 87 81 80 89 79 78 82 75 88 77 73 83 86 74 85 56 59 58 57 72
39 38 36 37 31 30 29 28 19 18 17 16 47 46 45 44 67 66 64 65 7  6  5  4  23 22 21 20 71 70 68 69 3  2  1  0  26 27 25 24 34 35 33 32 59 58 57 56 11 10 9  8  55 54 53 52 51 50 49 48 43 42 40 41 93 90 92 91 14 15 13 12 79 77 94 85 88 82 72 84 80 75 83 76 86 78 74 89 87 81 60 63 62 61 73
7  6  5  4  43 42 40 41 35 34 33 32 23 22 21 20 51 50 49 48 71 70 68 69 11 10 9  8  27 26 25 24 39 38 36 37 18 19 17 16 30 31 29 28 3  2  1  0  63 62 61 60 15 14 13 12 59 58 57 56 55 54 53 52 46 47 45 44 93 90 92 91 72 80 78 94 86 81 83 73 85 88 76 89 82 87 79 75 84 77 65 67 66 64 74
31 30 29 28 23 22 21 20 90 93 92 91 59 58 57 56 71 70 68 69 43 42 40 41 3  2  1  0  55 54 53 52 35 34 33 32 14 15 13 12 46 47 45 44 19 18 17 16 39 38 36 37 63 62 61 60 27 26 25 24 11 10 9  8  50 51 49 48 66 67 64 65 88 84 79 74 85 78 86 76 73 80 82 81 94 72 75 77 83 87 4  7  6  5  89
3  2  1  0  35 34 33 32 27 26 25 24 90 93 92 91 63 62 61 60 39 38 36 37 47 46 45 44 7  6  5  4  59 58 57 56 70 71 68 69 18 19 17 16 51 50 49 48 23 22 21 20 43 42 40 41 67 66 64 65 31 30 29 28 14 15 13 12 54 55 53 52 74 81 85 80 75 86 79 87 77 89 72 83 88 94 73 76 78 82 8  11 10 9  84
63 62 61 60 7  6  5  4  3  2  1  0  31 30 29 28 90 93 92 91 67 66 64 65 43 42 40 41 51 50 49 48 11 10 9  8  58 59 57 56 38 39 36 37 23 22 21 20 55 54 53 52 27 26 25 24 47 46 45 44 71 70 68 69 34 35 33 32 18 19 17 16 78 75 82 86 72 76 87 80 88 79 84 73 83 81 94 74 77 89 12 15 14 13 85
59 58 57 56 19 18 17 16 71 70 68 69 15 14 13 12 11 10 9  8  3  2  1  0  90 93 92 91 39 38 36 37 51 50 49 48 6  7  5  4  26 27 25 24 67 66 64 65 47 46 45 44 31 30 29 28 63 62 61 60 35 34 33 32 54 55 53 52 42 43 40 41 73 82 80 77 89 88 74 78 81 76 79 72 75 85 84 83 94 86 20 23 22 21 87
55 54 53 52 63 62 61 60 23 22 21 20 39 38 36 37 19 18 17 16 15 14 13 12 7  6  5  4  90 93 92 91 43 42 40 41 46 47 45 44 10 11 9  8  31 30 29 28 71 70 68 69 51 50 49 48 35 34 33 32 67 66 64 65 2  3  1  0  58 59 57 56 82 74 83 72 78 84 81 75 79 94 77 80 87 76 86 85 89 73 24 27 26 25 88
47 46 45 44 59 58 57 56 67 66 64 65 27 26 25 24 43 42 40 41 23 22 21 20 19 18 17 16 11 10 9  8  90 93 92 91 62 63 61 60 50 51 49 48 15 14 13 12 35 34 33 32 39 38 36 37 55 54 53 52 3  2  1  0  70 71 68 69 6  7  5  4  80 83 75 89 73 79 85 82 76 84 94 78 74 88 77 87 86 72 28 31 30 29 81
90 93 92 91 51 50 49 48 63 62 61 60 71 70 68 69 31 30 29 28 47 46 45 44 27 26 25 24 23 22 21 20 15 14 13 12 10 11 9  8  66 67 64 65 55 54 53 52 19 18 17 16 3  2  1  0  43 42 40 41 59 58 57 56 6  7  5  4  38 39 36 37 77 72 89 76 84 74 80 86 83 87 85 94 73 75 81 78 88 79 32 35 34 33 82
19 18 17 16 90 93 92 91 55 54 53 52 67 66 64 65 39 38 36 37 35 34 33 32 51 50 49 48 31 30 29 28 27 26 25 24 42 43 40 41 14 15 13 12 71 70 68 69 59 58 57 56 23 22 21 20 7  6  5  4  47 46 45 44 62 63 61 60 10 11 9  8  89 78 73 84 77 85 75 72 87 81 88 86 80 74 76 82 79 94 0  3  2  1  83
15 14 13 12 67 66 64 65 11 10 9  8  7  6  5  4  35 34 33 32 90 93 92 91 71 70 68 69 47 46 45 44 55 54 53 52 22 23 21 20 62 63 61 60 43 42 40 41 27 26 25 24 59 58 57 56 31 30 29 28 51 50 49 48 38 39 36 37 2  3  1  0  81 79 76 83 87 73 77 88 72 78 80 85 84 89 82 94 75 74 16 19 18 17 86
66 74 65 67 70 75 69 71 38 76 37 39 42 77 41 43 46 78 44 47 50 79 48 51 54 80 52 55 58 72 56 59 62 73 60 63 83 2  0  3  89 6  4  7  10 84 8  11 14 85 12 15 18 86 16 19 22 87 20 23 26 88 24 27 81 30 28 31 82 34 32 35 21 25 29 33 1  5  9  13 17 57 61 64 36 40 45 49 53 68 90 93 94 91 92
65 67 74 64 69 71 75 68 37 39 76 36 41 43 77 40 44 47 78 45 48 51 79 49 52 55 80 53 56 59 72 57 60 63 73 61 3  0  83 1  7  4  89 5  8  11 84 9  12 15 85 13 16 19 86 17 20 23 87 21 24 27 88 25 31 28 81 29 35 32 82 33 22 26 30 34 2  6  10 14 18 58 62 66 38 42 46 50 54 70 92 91 90 94 93
74 64 67 66 75 68 71 70 76 36 39 38 77 40 43 42 78 45 47 46 79 49 51 50 80 53 55 54 72 57 59 58 73 61 63 62 1  83 3  2  5  89 7  6  84 9  11 10 85 13 15 14 86 17 19 18 87 21 23 22 88 25 27 26 29 81 31 30 33 82 35 34 20 24 28 32 0  4  8  12 16 56 60 65 37 41 44 48 52 69 93 94 92 90 91
64 65 66 74 68 69 70 75 36 37 38 76 40 41 42 77 45 44 46 78 49 48 50 79 53 52 54 80 57 56 58 72 61 60 62 73 0  1  2  83 4  5  6  89 9  8  10 84 13 12 14 85 17 16 18 86 21 20 22 87 25 24 26 88 28 29 30 81 32 33 34 82 23 27 31 35 3  7  11 15 19 59 63 67 39 43 47 51 55 71 94 92 91 93 90
67 66 64 65 71 70 68 69 39 38 36 37 43 42 40 41 47 46 45 44 51 50 49 48 55 54 53 52 59 58 57 56 63 62 61 60 2  3  1  0  6  7  5  4  11 10 9  8  15 14 13 12 19 18 17 16 23 22 21 20 27 26 25 24 30 31 29 28 34 35 33 32 87 88 81 82 83 89 84 85 86 72 73 74 76 77 78 79 80 75 91 90 93 92 94
