30 29 26 27 28 05 88 89 85 87 61 02 03 04 01 10 78 79 75 77 40 33 34 31 32 66 43 44 41 42 56 93 94 90 91 81 68 69 65 67 51 63 64 60 62 48 72 49 45 47 18 00 19 16 17 53 46 54 50 52 83 35 84 80 82 23 76 24 21 22 11 13 86 14 12 38 92 39 36 37 08 25 09 06 07 70 20 74 71 73 58 59 15 55 57 
26 32 29 28 25 85 86 07 89 88 04 00 62 03 02 75 76 12 79 78 31 30 42 34 33 41 40 67 44 43 90 92 57 94 93 65 66 82 69 68 60 61 52 64 63 46 45 73 49 48 15 16 01 19 18 51 50 47 54 53 81 80 37 84 83 20 21 77 24 23 14 10 11 87 13 35 36 91 39 38 05 06 27 09 08 72 71 22 74 70 56 17 55 59 58 
27 25 33 26 29 87 89 86 08 85 01 03 00 63 04 77 79 76 13 75 32 34 30 43 31 42 44 40 68 41 91 94 92 58 90 67 69 66 83 65 62 64 61 53 60 49 47 46 70 45 19 17 15 02 16 54 52 51 48 50 84 82 81 38 80 24 22 20 78 21 88 14 12 10 11 39 37 35 93 36 09 07 05 28 06 74 73 72 23 71 59 56 57 18 55 
28 26 25 34 27 88 87 85 86 09 02 01 04 00 64 78 77 75 76 14 33 32 31 30 44 43 42 41 40 69 93 91 90 92 59 68 67 65 66 84 63 62 60 61 54 47 48 45 46 74 17 18 16 15 03 52 53 50 51 49 82 83 80 81 39 22 23 21 20 79 10 12 13 11 89 37 38 36 35 94 07 08 06 05 29 73 70 71 72 24 57 55 58 56 19 
29 28 27 25 31 89 06 88 87 86 03 60 02 01 00 79 11 78 77 76 34 41 33 32 30 44 65 43 42 40 94 55 93 91 92 69 80 68 67 66 64 50 63 62 61 71 49 48 47 46 04 19 18 17 15 45 54 53 52 51 36 84 83 82 81 75 24 23 22 20 12 85 14 13 10 90 39 38 37 35 26 09 08 07 05 21 74 70 73 72 16 58 59 57 56 
56 94 90 91 93 35 83 84 80 82 10 78 79 75 77 66 43 44 41 42 15 58 59 55 57 00 18 19 16 17 72 48 49 45 47 61 02 03 04 01 86 13 14 11 12 08 25 09 06 07 23 76 24 21 22 88 05 89 85 87 63 51 64 60 62 33 40 34 31 32 65 68 81 69 67 53 46 54 50 52 38 92 39 36 37 28 30 29 26 27 70 74 20 71 73 
94 93 91 92 55 84 36 83 82 81 79 11 78 77 76 44 65 43 42 40 59 16 58 57 56 19 04 18 17 15 49 71 48 47 46 03 60 02 01 00 14 85 13 12 10 26 09 08 07 05 75 24 23 22 20 06 89 88 87 86 50 64 63 62 61 41 34 33 32 30 67 80 69 68 66 45 54 53 52 51 90 39 38 37 35 31 29 28 27 25 21 70 74 73 72 
90 57 94 93 92 80 81 37 84 83 75 76 12 79 78 41 40 67 44 43 55 56 17 59 58 16 15 01 19 18 45 46 73 49 48 04 00 62 03 02 11 10 87 14 13 05 06 27 09 08 20 21 77 24 23 86 85 07 89 88 61 60 52 64 63 30 31 42 34 33 69 66 65 82 68 51 50 47 54 53 35 36 91 39 38 25 26 32 29 28 72 22 71 74 70 
91 92 58 90 94 82 84 81 38 80 77 79 76 13 75 42 44 40 68 41 57 59 56 18 55 17 19 15 02 16 47 49 46 70 45 01 03 00 63 04 12 14 10 88 11 09 07 05 28 06 24 22 20 78 21 89 87 86 08 85 64 62 61 53 60 34 32 30 43 31 83 69 67 66 65 54 52 51 48 50 39 37 35 93 36 29 27 25 33 26 74 72 73 23 71 
93 90 92 59 91 83 82 80 81 39 78 77 75 76 14 43 42 41 40 69 58 57 55 56 19 18 17 16 15 03 48 47 45 46 74 02 01 04 00 64 13 12 11 10 89 07 08 06 05 29 22 23 21 20 79 87 88 85 86 09 62 63 60 61 54 32 33 31 30 44 66 67 68 65 84 52 53 50 51 49 37 38 36 35 94 27 28 26 25 34 73 71 70 72 24 
46 54 50 52 53 61 02 03 04 01 40 33 34 31 32 15 58 59 55 57 72 48 49 45 47 20 70 74 71 73 05 88 89 85 87 76 23 24 21 22 66 43 44 41 42 83 35 84 80 82 28 30 29 26 27 68 81 69 65 67 78 10 79 75 77 93 56 94 90 91 16 18 00 19 17 13 86 14 11 12 63 51 64 60 62 38 92 39 36 37 08 09 25 06 07 
54 53 52 51 45 03 60 02 01 00 34 41 33 32 30 59 16 58 57 56 49 71 48 47 46 74 21 70 73 72 89 06 88 87 86 24 75 23 22 20 44 65 43 42 40 36 84 83 82 81 31 29 28 27 25 80 69 68 67 66 11 79 78 77 76 55 94 93 91 92 17 04 19 18 15 85 14 13 12 10 50 64 63 62 61 90 39 38 37 35 26 08 09 07 05 
50 47 54 53 51 04 00 62 03 02 31 30 42 34 33 55 56 17 59 58 45 46 73 49 48 71 72 22 74 70 85 86 07 89 88 21 20 77 24 23 41 40 67 44 43 81 80 37 84 83 25 26 32 29 28 66 65 82 69 68 76 75 12 79 78 92 90 57 94 93 19 15 16 01 18 10 11 87 14 13 61 60 52 64 63 35 36 91 39 38 05 27 06 09 08 
52 51 48 50 54 01 03 00 63 04 32 34 30 43 31 57 59 56 18 55 47 49 46 70 45 73 74 72 23 71 87 89 86 08 85 22 24 20 78 21 42 44 40 68 41 84 82 81 38 80 29 27 25 33 26 69 67 66 83 65 79 77 76 13 75 94 91 92 58 90 02 19 17 15 16 14 12 10 88 11 64 62 61 53 60 39 37 35 93 36 09 05 07 28 06 
53 50 51 49 52 02 01 04 00 64 33 32 31 30 44 58 57 55 56 19 48 47 45 46 74 70 73 71 72 24 88 87 85 86 09 23 22 21 20 79 43 42 41 40 69 82 83 80 81 39 27 28 26 25 34 67 68 65 66 84 77 78 75 76 14 91 93 90 92 59 15 17 18 16 03 12 13 11 10 89 62 63 60 61 54 37 38 36 35 94 07 06 08 05 29 
72 49 45 47 48 51 63 64 60 62 66 43 44 41 42 00 18 19 16 17 20 70 74 71 73 76 23 24 21 22 25 08 09 06 07 10 78 79 75 77 81 68 69 65 67 38 92 39 36 37 33 40 34 31 32 83 35 84 80 82 13 86 14 11 12 58 15 59 55 57 04 02 61 03 01 88 05 89 85 87 53 46 54 50 52 93 56 94 90 91 28 29 30 26 27 
49 48 47 46 71 64 50 63 62 61 44 65 43 42 40 19 04 18 17 15 74 21 70 73 72 24 75 23 22 20 09 26 08 07 05 79 11 78 77 76 69 80 68 67 66 90 39 38 37 35 41 34 33 32 30 36 84 83 82 81 85 14 13 12 10 16 59 58 57 56 01 60 03 02 00 06 89 88 87 86 45 54 53 52 51 55 94 93 91 92 31 28 29 27 25 
45 73 49 48 46 60 61 52 64 63 41 40 67 44 43 16 15 01 19 18 71 72 22 74 70 21 20 77 24 23 06 05 27 09 08 75 76 12 79 78 65 66 82 69 68 35 36 91 39 38 30 31 42 34 33 81 80 37 84 83 10 11 87 14 13 56 55 17 59 58 03 00 04 62 02 86 85 07 89 88 51 50 47 54 53 92 90 57 94 93 25 32 26 29 28 
47 46 70 45 49 62 64 61 53 60 42 44 40 68 41 17 19 15 02 16 73 74 72 23 71 22 24 20 78 21 07 09 05 28 06 77 79 76 13 75 67 69 66 83 65 39 37 35 93 36 34 32 30 43 31 84 82 81 38 80 14 12 10 88 11 59 57 56 18 55 63 03 01 00 04 89 87 86 08 85 54 52 51 48 50 94 91 92 58 90 29 25 27 33 26 
48 45 46 74 47 63 62 60 61 54 43 42 41 40 69 18 17 16 15 03 70 73 71 72 24 23 22 21 20 79 08 07 06 05 29 78 77 75 76 14 68 67 65 66 84 37 38 36 35 94 32 33 31 30 44 82 83 80 81 39 12 13 11 10 89 57 58 55 56 19 00 01 02 04 64 87 88 85 86 09 52 53 50 51 49 91 93 90 92 59 27 26 28 25 34 
86 14 11 12 13 76 23 24 21 22 56 93 94 90 91 72 48 49 45 47 05 88 89 85 87 25 08 09 06 07 81 68 69 65 67 30 28 29 26 27 15 58 59 55 57 02 61 03 04 01 38 92 39 36 37 18 00 19 16 17 33 40 34 31 32 53 46 54 50 52 71 70 20 74 73 43 66 44 41 42 78 10 79 75 77 63 51 64 60 62 83 84 35 80 82 
14 13 12 10 85 24 75 23 22 20 94 55 93 91 92 49 71 48 47 46 89 06 88 87 86 09 26 08 07 05 69 80 68 67 66 29 31 28 27 25 59 16 58 57 56 60 03 02 01 00 90 39 38 37 35 04 19 18 17 15 41 34 33 32 30 45 54 53 52 51 73 21 74 70 72 65 44 43 42 40 11 79 78 77 76 50 64 63 62 61 36 83 84 82 81 
11 87 14 13 10 21 20 77 24 23 90 92 57 94 93 45 46 73 49 48 85 86 07 89 88 06 05 27 09 08 65 66 82 69 68 26 25 32 29 28 55 56 17 59 58 00 04 62 03 02 35 36 91 39 38 15 16 01 19 18 30 31 42 34 33 51 50 47 54 53 74 72 71 22 70 40 41 67 44 43 76 75 12 79 78 61 60 52 64 63 81 37 80 84 83 
12 10 88 11 14 22 24 20 78 21 91 94 92 58 90 47 49 46 70 45 87 89 86 08 85 07 09 05 28 06 67 69 66 83 65 27 29 25 33 26 57 59 56 18 55 03 01 00 63 04 39 37 35 93 36 19 17 15 02 16 34 32 30 43 31 54 52 51 48 50 23 74 73 72 71 44 42 40 68 41 79 77 76 13 75 64 62 61 53 60 84 81 82 38 80 
13 11 10 89 12 23 22 21 20 79 93 91 90 92 59 48 47 45 46 74 88 87 85 86 09 08 07 06 05 29 68 67 65 66 84 28 27 26 25 34 58 57 55 56 19 01 02 04 00 64 37 38 36 35 94 17 18 16 15 03 32 33 31 30 44 52 53 50 51 49 72 73 70 71 24 42 43 41 40 69 77 78 75 76 14 62 63 60 61 54 82 80 83 81 39 
20 74 71 73 70 46 53 54 50 52 81 68 69 65 67 61 02 03 04 01 76 23 24 21 22 10 78 79 75 77 30 28 29 26 27 86 13 14 11 12 35 83 84 80 82 93 56 94 90 91 43 66 44 41 42 38 92 39 36 37 88 05 89 85 87 18 00 19 16 17 60 63 51 64 62 08 25 09 06 07 48 72 49 45 47 58 15 59 55 57 33 34 40 31 32 
74 70 73 72 21 54 45 53 52 51 69 80 68 67 66 03 60 02 01 00 24 75 23 22 20 79 11 78 77 76 29 31 28 27 25 14 85 13 12 10 84 36 83 82 81 55 94 93 91 92 65 44 43 42 40 90 39 38 37 35 06 89 88 87 86 04 19 18 17 15 62 50 64 63 61 26 09 08 07 05 71 49 48 47 46 16 59 58 57 56 41 33 34 32 30 
71 22 74 70 72 50 51 47 54 53 65 66 82 69 68 04 00 62 03 02 21 20 77 24 23 75 76 12 79 78 26 25 32 29 28 11 10 87 14 13 80 81 37 84 83 92 90 57 94 93 40 41 67 44 43 35 36 91 39 38 86 85 07 89 88 15 16 01 19 18 64 61 60 52 63 05 06 27 09 08 46 45 73 49 48 56 55 17 59 58 30 42 31 34 33 
73 72 23 71 74 52 54 51 48 50 67 69 66 83 65 01 03 00 63 04 22 24 20 78 21 77 79 76 13 75 27 29 25 33 26 12 14 10 88 11 82 84 81 38 80 94 91 92 58 90 44 42 40 68 41 39 37 35 93 36 89 87 86 08 85 19 17 15 02 16 53 64 62 61 60 09 07 05 28 06 49 47 46 70 45 59 57 56 18 55 34 30 32 43 31 
70 71 72 24 73 53 52 50 51 49 68 67 65 66 84 02 01 04 00 64 23 22 21 20 79 78 77 75 76 14 28 27 26 25 34 13 12 11 10 89 83 82 80 81 39 91 93 90 92 59 42 43 41 40 69 37 38 36 35 94 87 88 85 86 09 17 18 16 15 03 61 62 63 60 54 07 08 06 05 29 47 48 45 46 74 57 58 55 56 19 32 31 33 30 44 
40 34 31 32 33 25 08 09 06 07 51 63 64 60 62 86 13 14 11 12 66 43 44 41 42 81 68 69 65 67 15 58 59 55 57 35 83 84 80 82 46 53 54 50 52 70 20 74 71 73 02 61 03 04 01 48 72 49 45 47 38 92 39 36 37 78 10 79 75 77 85 88 05 89 87 93 56 94 90 91 28 30 29 26 27 23 76 24 21 22 18 19 00 16 17 
34 33 32 30 41 09 26 08 07 05 64 50 63 62 61 14 85 13 12 10 44 65 43 42 40 69 80 68 67 66 59 16 58 57 56 84 36 83 82 81 54 45 53 52 51 21 74 70 73 72 60 03 02 01 00 71 49 48 47 46 90 39 38 37 35 11 79 78 77 76 87 06 89 88 86 55 94 93 91 92 31 29 28 27 25 75 24 23 22 20 04 18 19 17 15 
31 42 34 33 30 06 05 27 09 08 60 61 52 64 63 11 10 87 14 13 41 40 67 44 43 65 66 82 69 68 55 56 17 59 58 80 81 37 84 83 50 51 47 54 53 72 71 22 74 70 00 04 62 03 02 46 45 73 49 48 35 36 91 39 38 76 75 12 79 78 89 86 85 07 88 92 90 57 94 93 25 26 32 29 28 20 21 77 24 23 15 01 16 19 18 
32 30 43 31 34 07 09 05 28 06 62 64 61 53 60 12 14 10 88 11 42 44 40 68 41 67 69 66 83 65 57 59 56 18 55 82 84 81 38 80 52 54 51 48 50 74 73 72 23 71 03 01 00 63 04 49 47 46 70 45 39 37 35 93 36 79 77 76 13 75 08 89 87 86 85 94 91 92 58 90 29 27 25 33 26 24 22 20 78 21 19 15 17 02 16 
33 31 30 44 32 08 07 06 05 29 63 62 60 61 54 13 12 11 10 89 43 42 41 40 69 68 67 65 66 84 58 57 55 56 19 83 82 80 81 39 53 52 50 51 49 73 70 71 72 24 01 02 04 00 64 47 48 45 46 74 37 38 36 35 94 77 78 75 76 14 86 87 88 85 09 91 93 90 92 59 27 28 26 25 34 22 23 21 20 79 17 16 18 15 03 
51 64 60 62 63 00 18 19 16 17 30 28 29 26 27 56 93 94 90 91 46 53 54 50 52 72 48 49 45 47 86 13 14 11 12 20 70 74 71 73 40 33 34 31 32 68 81 69 65 67 08 25 09 06 07 43 66 44 41 42 23 76 24 21 22 38 92 39 36 37 55 58 15 59 57 78 10 79 75 77 02 61 03 04 01 83 35 84 80 82 88 89 05 85 87 
64 63 62 61 50 19 04 18 17 15 29 31 28 27 25 94 55 93 91 92 54 45 53 52 51 49 71 48 47 46 14 85 13 12 10 74 21 70 73 72 34 41 33 32 30 80 69 68 67 66 26 09 08 07 05 65 44 43 42 40 75 24 23 22 20 90 39 38 37 35 57 16 59 58 56 11 79 78 77 76 60 03 02 01 00 36 84 83 82 81 06 88 89 87 86 
60 52 64 63 61 16 15 01 19 18 26 25 32 29 28 90 92 57 94 93 50 51 47 54 53 45 46 73 49 48 11 10 87 14 13 71 72 22 74 70 31 30 42 34 33 66 65 82 69 68 05 06 27 09 08 40 41 67 44 43 20 21 77 24 23 35 36 91 39 38 59 56 55 17 58 76 75 12 79 78 00 04 62 03 02 81 80 37 84 83 86 07 85 89 88 
62 61 53 60 64 17 19 15 02 16 27 29 25 33 26 91 94 92 58 90 52 54 51 48 50 47 49 46 70 45 12 14 10 88 11 73 74 72 23 71 32 34 30 43 31 69 67 66 83 65 09 07 05 28 06 44 42 40 68 41 24 22 20 78 21 39 37 35 93 36 18 59 57 56 55 79 77 76 13 75 03 01 00 63 04 84 82 81 38 80 89 86 87 08 85 
63 60 61 54 62 18 17 16 15 03 28 27 26 25 34 93 91 90 92 59 53 52 50 51 49 48 47 45 46 74 13 12 11 10 89 70 73 71 72 24 33 32 31 30 44 67 68 65 66 84 07 08 06 05 29 42 43 41 40 69 22 23 21 20 79 37 38 36 35 94 56 57 58 55 19 77 78 75 76 14 01 02 04 00 64 82 83 80 81 39 87 85 88 86 09 
00 19 16 17 18 56 93 94 90 91 05 88 89 85 87 35 83 84 80 82 61 02 03 04 01 51 63 64 60 62 76 23 24 21 22 46 53 54 50 52 25 08 09 06 07 33 40 34 31 32 13 86 14 11 12 28 30 29 26 27 48 72 49 45 47 68 81 69 65 67 36 38 92 39 37 70 20 74 71 73 58 15 59 55 57 43 66 44 41 42 78 79 10 75 77 
19 18 17 15 04 94 55 93 91 92 89 06 88 87 86 84 36 83 82 81 03 60 02 01 00 64 50 63 62 61 24 75 23 22 20 54 45 53 52 51 09 26 08 07 05 41 34 33 32 30 85 14 13 12 10 31 29 28 27 25 71 49 48 47 46 80 69 68 67 66 37 90 39 38 35 21 74 70 73 72 16 59 58 57 56 65 44 43 42 40 11 78 79 77 76 
16 01 19 18 15 90 92 57 94 93 85 86 07 89 88 80 81 37 84 83 04 00 62 03 02 60 61 52 64 63 21 20 77 24 23 50 51 47 54 53 06 05 27 09 08 30 31 42 34 33 10 11 87 14 13 25 26 32 29 28 46 45 73 49 48 66 65 82 69 68 39 35 36 91 38 72 71 22 74 70 56 55 17 59 58 40 41 67 44 43 76 12 75 79 78 
17 15 02 16 19 91 94 92 58 90 87 89 86 08 85 82 84 81 38 80 01 03 00 63 04 62 64 61 53 60 22 24 20 78 21 52 54 51 48 50 07 09 05 28 06 34 32 30 43 31 14 12 10 88 11 29 27 25 33 26 49 47 46 70 45 69 67 66 83 65 93 39 37 35 36 74 73 72 23 71 59 57 56 18 55 44 42 40 68 41 79 76 77 13 75 
18 16 15 03 17 93 91 90 92 59 88 87 85 86 09 83 82 80 81 39 02 01 04 00 64 63 62 60 61 54 23 22 21 20 79 53 52 50 51 49 08 07 06 05 29 32 33 31 30 44 12 13 11 10 89 27 28 26 25 34 47 48 45 46 74 67 68 65 66 84 35 37 38 36 94 73 70 71 72 24 57 58 55 56 19 42 43 41 40 69 77 75 78 76 14 
44 43 42 40 65 29 31 28 27 25 54 45 53 52 51 89 06 88 87 86 69 80 68 67 66 84 36 83 82 81 19 04 18 17 15 39 90 38 37 35 49 71 48 47 46 75 24 23 22 20 50 64 63 62 61 21 74 70 73 72 55 94 93 91 92 85 14 13 12 10 07 26 09 08 05 16 59 58 57 56 41 34 33 32 30 11 79 78 77 76 60 02 03 01 00 
66 44 41 42 43 30 28 29 26 27 46 53 54 50 52 05 88 89 85 87 81 68 69 65 67 35 83 84 80 82 00 18 19 16 17 92 38 39 36 37 72 48 49 45 47 23 76 24 21 22 63 51 64 60 62 70 20 74 71 73 93 56 94 90 91 13 86 14 11 12 06 08 25 09 07 58 15 59 55 57 33 40 34 31 32 78 10 79 75 77 02 03 61 04 01 
41 67 44 43 40 26 25 32 29 28 50 51 47 54 53 85 86 07 89 88 65 66 82 69 68 80 81 37 84 83 16 15 01 19 18 36 35 91 39 38 45 46 73 49 48 20 21 77 24 23 61 60 52 64 63 72 71 22 74 70 92 90 57 94 93 10 11 87 14 13 09 05 06 27 08 56 55 17 59 58 30 31 42 34 33 76 75 12 79 78 00 62 04 03 02 
42 40 68 41 44 27 29 25 33 26 52 54 51 48 50 87 89 86 08 85 67 69 66 83 65 82 84 81 38 80 17 19 15 02 16 37 39 35 93 36 47 49 46 70 45 24 22 20 78 21 64 62 61 53 60 74 73 72 23 71 94 91 92 58 90 14 12 10 88 11 28 09 07 05 06 59 57 56 18 55 34 32 30 43 31 79 77 76 13 75 03 00 01 63 04 
43 41 40 69 42 28 27 26 25 34 53 52 50 51 49 88 87 85 86 09 68 67 65 66 84 83 82 80 81 39 18 17 16 15 03 38 37 36 35 94 48 47 45 46 74 22 23 21 20 79 62 63 60 61 54 73 70 71 72 24 91 93 90 92 59 12 13 11 10 89 05 07 08 06 29 57 58 55 56 19 32 33 31 30 44 77 78 75 76 14 01 04 02 00 64 
24 23 22 20 75 49 71 48 47 46 84 36 83 82 81 64 50 63 62 61 79 11 78 77 76 14 85 13 12 10 34 41 33 32 30 89 06 88 87 86 39 90 38 37 35 16 59 58 57 56 80 69 68 67 66 55 94 93 91 92 26 09 08 07 05 60 03 02 01 00 52 45 54 53 51 31 29 28 27 25 21 74 70 73 72 04 19 18 17 15 65 43 44 42 40 
76 24 21 22 23 72 48 49 45 47 35 83 84 80 82 51 63 64 60 62 10 78 79 75 77 86 13 14 11 12 40 33 34 31 32 05 88 89 85 87 92 38 39 36 37 58 15 59 55 57 68 81 69 65 67 93 56 94 90 91 08 25 09 06 07 02 61 03 04 01 50 53 46 54 52 28 30 29 26 27 70 20 74 71 73 18 00 19 16 17 43 44 66 41 42 
21 77 24 23 20 45 46 73 49 48 80 81 37 84 83 60 61 52 64 63 75 76 12 79 78 11 10 87 14 13 31 30 42 34 33 85 86 07 89 88 36 35 91 39 38 56 55 17 59 58 66 65 82 69 68 92 90 57 94 93 05 06 27 09 08 00 04 62 03 02 54 51 50 47 53 25 26 32 29 28 72 71 22 74 70 15 16 01 19 18 40 67 41 44 43 
22 20 78 21 24 47 49 46 70 45 82 84 81 38 80 62 64 61 53 60 77 79 76 13 75 12 14 10 88 11 32 34 30 43 31 87 89 86 08 85 37 39 35 93 36 59 57 56 18 55 69 67 66 83 65 94 91 92 58 90 09 07 05 28 06 03 01 00 63 04 48 54 52 51 50 29 27 25 33 26 74 73 72 23 71 19 17 15 02 16 44 40 42 68 41 
23 21 20 79 22 48 47 45 46 74 83 82 80 81 39 63 62 60 61 54 78 77 75 76 14 13 12 11 10 89 33 32 31 30 44 88 87 85 86 09 38 37 36 35 94 57 58 55 56 19 67 68 65 66 84 91 93 90 92 59 07 08 06 05 29 01 02 04 00 64 51 52 53 50 49 27 28 26 25 34 73 70 71 72 24 17 18 16 15 03 42 41 43 40 69 
39 38 37 35 90 69 80 68 67 66 24 75 23 22 20 34 41 33 32 30 94 55 93 91 92 59 16 58 57 56 54 45 53 52 51 19 04 18 17 15 79 11 78 77 76 06 89 88 87 86 21 74 70 73 72 85 14 13 12 10 60 03 02 01 00 31 29 28 27 25 42 65 44 43 40 50 64 63 62 61 36 84 83 82 81 26 09 08 07 05 71 48 49 47 46 
92 39 36 37 38 81 68 69 65 67 76 23 24 21 22 40 33 34 31 32 56 93 94 90 91 15 58 59 55 57 46 53 54 50 52 00 18 19 16 17 10 78 79 75 77 88 05 89 85 87 70 20 74 71 73 13 86 14 11 12 02 61 03 04 01 28 30 29 26 27 41 43 66 44 42 63 51 64 60 62 83 35 84 80 82 08 25 09 06 07 48 49 72 45 47 
36 91 39 38 35 65 66 82 69 68 21 20 77 24 23 31 30 42 34 33 90 92 57 94 93 55 56 17 59 58 50 51 47 54 53 16 15 01 19 18 75 76 12 79 78 86 85 07 89 88 72 71 22 74 70 10 11 87 14 13 00 04 62 03 02 25 26 32 29 28 44 40 41 67 43 61 60 52 64 63 81 80 37 84 83 05 06 27 09 08 46 73 45 49 48 
37 35 93 36 39 67 69 66 83 65 22 24 20 78 21 32 34 30 43 31 91 94 92 58 90 57 59 56 18 55 52 54 51 48 50 17 19 15 02 16 77 79 76 13 75 89 87 86 08 85 74 73 72 23 71 14 12 10 88 11 03 01 00 63 04 29 27 25 33 26 68 44 42 40 41 64 62 61 53 60 84 82 81 38 80 09 07 05 28 06 49 46 47 70 45 
38 36 35 94 37 68 67 65 66 84 23 22 21 20 79 33 32 31 30 44 93 91 90 92 59 58 57 55 56 19 53 52 50 51 49 18 17 16 15 03 78 77 75 76 14 87 88 85 86 09 73 70 71 72 24 12 13 11 10 89 01 02 04 00 64 27 28 26 25 34 40 42 43 41 69 62 63 60 61 54 82 83 80 81 39 07 08 06 05 29 47 45 48 46 74 
59 58 57 56 16 39 90 38 37 35 14 85 13 12 10 69 80 68 67 66 19 04 18 17 15 03 60 02 01 00 74 21 70 73 72 64 50 63 62 61 89 06 88 87 86 31 29 28 27 25 11 79 78 77 76 26 09 08 07 05 45 54 53 52 51 65 44 43 42 40 82 36 84 83 81 71 49 48 47 46 55 94 93 91 92 41 34 33 32 30 75 23 24 22 20 
15 59 55 57 58 92 38 39 36 37 86 13 14 11 12 81 68 69 65 67 00 18 19 16 17 61 02 03 04 01 20 70 74 71 73 51 63 64 60 62 05 88 89 85 87 28 30 29 26 27 78 10 79 75 77 08 25 09 06 07 53 46 54 50 52 43 66 44 41 42 80 83 35 84 82 48 72 49 45 47 93 56 94 90 91 33 40 34 31 32 23 24 76 21 22 
55 17 59 58 56 36 35 91 39 38 11 10 87 14 13 65 66 82 69 68 16 15 01 19 18 04 00 62 03 02 71 72 22 74 70 60 61 52 64 63 85 86 07 89 88 25 26 32 29 28 76 75 12 79 78 05 06 27 09 08 51 50 47 54 53 40 41 67 44 43 84 81 80 37 83 46 45 73 49 48 92 90 57 94 93 30 31 42 34 33 20 77 21 24 23 
57 56 18 55 59 37 39 35 93 36 12 14 10 88 11 67 69 66 83 65 17 19 15 02 16 01 03 00 63 04 73 74 72 23 71 62 64 61 53 60 87 89 86 08 85 29 27 25 33 26 79 77 76 13 75 09 07 05 28 06 54 52 51 48 50 44 42 40 68 41 38 84 82 81 80 49 47 46 70 45 94 91 92 58 90 34 32 30 43 31 24 20 22 78 21 
58 55 56 19 57 38 37 36 35 94 13 12 11 10 89 68 67 65 66 84 18 17 16 15 03 02 01 04 00 64 70 73 71 72 24 63 62 60 61 54 88 87 85 86 09 27 28 26 25 34 77 78 75 76 14 07 08 06 05 29 52 53 50 51 49 42 43 41 40 69 81 82 83 80 39 47 48 45 46 74 91 93 90 92 59 32 33 31 30 44 22 21 23 20 79 
79 78 77 76 11 74 21 70 73 72 39 90 38 37 35 54 45 53 52 51 14 85 13 12 10 89 06 88 87 86 44 65 43 42 40 09 26 08 07 05 94 55 93 91 92 04 19 18 17 15 36 84 83 82 81 16 59 58 57 56 31 29 28 27 25 50 64 63 62 61 47 71 49 48 46 41 34 33 32 30 75 24 23 22 20 60 03 02 01 00 80 68 69 67 66 
10 79 75 77 78 20 70 74 71 73 92 38 39 36 37 46 53 54 50 52 86 13 14 11 12 05 88 89 85 87 66 43 44 41 42 25 08 09 06 07 56 93 94 90 91 18 00 19 16 17 83 35 84 80 82 58 15 59 55 57 28 30 29 26 27 63 51 64 60 62 45 48 72 49 47 33 40 34 31 32 23 76 24 21 22 02 61 03 04 01 68 69 81 65 67 
75 12 79 78 76 71 72 22 74 70 36 35 91 39 38 50 51 47 54 53 11 10 87 14 13 85 86 07 89 88 41 40 67 44 43 06 05 27 09 08 90 92 57 94 93 15 16 01 19 18 81 80 37 84 83 56 55 17 59 58 25 26 32 29 28 61 60 52 64 63 49 46 45 73 48 30 31 42 34 33 20 21 77 24 23 00 04 62 03 02 66 82 65 69 68 
77 76 13 75 79 73 74 72 23 71 37 39 35 93 36 52 54 51 48 50 12 14 10 88 11 87 89 86 08 85 42 44 40 68 41 07 09 05 28 06 91 94 92 58 90 19 17 15 02 16 84 82 81 38 80 59 57 56 18 55 29 27 25 33 26 64 62 61 53 60 70 49 47 46 45 34 32 30 43 31 24 22 20 78 21 03 01 00 63 04 69 66 67 83 65 
78 75 76 14 77 70 73 71 72 24 38 37 36 35 94 53 52 50 51 49 13 12 11 10 89 88 87 85 86 09 43 42 41 40 69 08 07 06 05 29 93 91 90 92 59 17 18 16 15 03 82 83 80 81 39 57 58 55 56 19 27 28 26 25 34 62 63 60 61 54 46 47 48 45 74 32 33 31 30 44 22 23 21 20 79 01 02 04 00 64 67 65 68 66 84 
01 00 63 04 03 57 59 56 18 55 07 09 05 28 06 37 39 35 93 36 62 64 61 53 60 52 54 51 48 50 77 79 76 13 75 47 49 46 70 45 27 29 25 33 26 44 42 40 68 41 89 87 86 08 85 34 32 30 43 31 74 73 72 23 71 84 82 81 38 80 58 94 91 92 90 24 22 20 78 21 19 17 15 02 16 69 67 66 83 65 14 10 12 88 11 
03 02 01 00 60 59 16 58 57 56 09 26 08 07 05 39 90 38 37 35 64 50 63 62 61 54 45 53 52 51 79 11 78 77 76 49 71 48 47 46 29 31 28 27 25 65 44 43 42 40 06 89 88 87 86 41 34 33 32 30 21 74 70 73 72 36 84 83 82 81 91 55 94 93 92 75 24 23 22 20 04 19 18 17 15 80 69 68 67 66 85 13 14 12 10 
61 03 04 01 02 15 58 59 55 57 25 08 09 06 07 92 38 39 36 37 51 63 64 60 62 46 53 54 50 52 10 78 79 75 77 72 48 49 45 47 30 28 29 26 27 43 66 44 41 42 88 05 89 85 87 33 40 34 31 32 70 20 74 71 73 83 35 84 80 82 90 93 56 94 91 23 76 24 21 22 18 00 19 16 17 68 81 69 65 67 13 14 86 11 12 
04 62 03 02 00 55 56 17 59 58 06 05 27 09 08 36 35 91 39 38 60 61 52 64 63 50 51 47 54 53 75 76 12 79 78 45 46 73 49 48 26 25 32 29 28 40 41 67 44 43 86 85 07 89 88 30 31 42 34 33 72 71 22 74 70 81 80 37 84 83 94 92 90 57 93 20 21 77 24 23 15 16 01 19 18 66 65 82 69 68 10 87 11 14 13 
02 04 00 64 01 58 57 55 56 19 08 07 06 05 29 38 37 36 35 94 63 62 60 61 54 53 52 50 51 49 78 77 75 76 14 48 47 45 46 74 28 27 26 25 34 42 43 41 40 69 87 88 85 86 09 32 33 31 30 44 73 70 71 72 24 82 83 80 81 39 92 91 93 90 59 22 23 21 20 79 17 18 16 15 03 67 68 65 66 84 12 11 13 10 89 
84 83 82 81 36 44 65 43 42 40 74 21 70 73 72 29 31 28 27 25 39 90 38 37 35 94 55 93 91 92 64 50 63 62 61 59 16 58 57 56 24 75 23 22 20 85 14 13 12 10 71 49 48 47 46 11 79 78 77 76 04 19 18 17 15 26 09 08 07 05 32 41 34 33 30 60 03 02 01 00 80 69 68 67 66 06 89 88 87 86 45 53 54 52 51 
35 84 80 82 83 66 43 44 41 42 20 70 74 71 73 30 28 29 26 27 92 38 39 36 37 56 93 94 90 91 51 63 64 60 62 15 58 59 55 57 76 23 24 21 22 13 86 14 11 12 48 72 49 45 47 78 10 79 75 77 18 00 19 16 17 08 25 09 06 07 31 33 40 34 32 02 61 03 04 01 68 81 69 65 67 88 05 89 85 87 53 54 46 50 52 
80 37 84 83 81 41 40 67 44 43 71 72 22 74 70 26 25 32 29 28 36 35 91 39 38 90 92 57 94 93 60 61 52 64 63 55 56 17 59 58 21 20 77 24 23 10 11 87 14 13 46 45 73 49 48 76 75 12 79 78 15 16 01 19 18 05 06 27 09 08 34 30 31 42 33 00 04 62 03 02 66 65 82 69 68 86 85 07 89 88 51 47 50 54 53 
82 81 38 80 84 42 44 40 68 41 73 74 72 23 71 27 29 25 33 26 37 39 35 93 36 91 94 92 58 90 62 64 61 53 60 57 59 56 18 55 22 24 20 78 21 14 12 10 88 11 49 47 46 70 45 79 77 76 13 75 19 17 15 02 16 09 07 05 28 06 43 34 32 30 31 03 01 00 63 04 69 67 66 83 65 89 87 86 08 85 54 51 52 48 50 
83 80 81 39 82 43 42 41 40 69 70 73 71 72 24 28 27 26 25 34 38 37 36 35 94 93 91 90 92 59 63 62 60 61 54 58 57 55 56 19 23 22 21 20 79 12 13 11 10 89 47 48 45 46 74 77 78 75 76 14 17 18 16 15 03 07 08 06 05 29 30 32 33 31 44 01 02 04 00 64 67 68 65 66 84 87 88 85 86 09 52 50 53 51 49 
69 68 67 66 80 34 41 33 32 30 49 71 48 47 46 09 26 08 07 05 84 36 83 82 81 39 90 38 37 35 03 60 02 01 00 94 55 93 91 92 74 21 70 73 72 11 79 78 77 76 45 54 53 52 51 75 24 23 22 20 16 59 58 57 56 06 89 88 87 86 27 31 29 28 25 04 19 18 17 15 65 44 43 42 40 85 14 13 12 10 50 63 64 62 61 
81 69 65 67 68 40 33 34 31 32 72 48 49 45 47 25 08 09 06 07 35 83 84 80 82 92 38 39 36 37 61 02 03 04 01 56 93 94 90 91 20 70 74 71 73 78 10 79 75 77 53 46 54 50 52 23 76 24 21 22 58 15 59 55 57 88 05 89 85 87 26 28 30 29 27 18 00 19 16 17 43 66 44 41 42 13 86 14 11 12 63 64 51 60 62 
65 82 69 68 66 31 30 42 34 33 45 46 73 49 48 06 05 27 09 08 80 81 37 84 83 36 35 91 39 38 04 00 62 03 02 90 92 57 94 93 71 72 22 74 70 76 75 12 79 78 51 50 47 54 53 20 21 77 24 23 56 55 17 59 58 86 85 07 89 88 29 25 26 32 28 15 16 01 19 18 40 41 67 44 43 10 11 87 14 13 61 52 60 64 63 
67 66 83 65 69 32 34 30 43 31 47 49 46 70 45 07 09 05 28 06 82 84 81 38 80 37 39 35 93 36 01 03 00 63 04 91 94 92 58 90 73 74 72 23 71 79 77 76 13 75 54 52 51 48 50 24 22 20 78 21 59 57 56 18 55 89 87 86 08 85 33 29 27 25 26 19 17 15 02 16 44 42 40 68 41 14 12 10 88 11 64 61 62 53 60 
68 65 66 84 67 33 32 31 30 44 48 47 45 46 74 08 07 06 05 29 83 82 80 81 39 38 37 36 35 94 02 01 04 00 64 93 91 90 92 59 70 73 71 72 24 77 78 75 76 14 52 53 50 51 49 22 23 21 20 79 57 58 55 56 19 87 88 85 86 09 25 27 28 26 34 17 18 16 15 03 42 43 41 40 69 12 13 11 10 89 62 60 63 61 54 
09 08 07 05 26 14 85 13 12 10 19 04 18 17 15 24 75 23 22 20 29 31 28 27 25 34 41 33 32 30 39 90 38 37 35 44 65 43 42 40 03 60 02 01 00 45 54 53 52 51 16 59 58 57 56 50 64 63 62 61 80 69 68 67 66 21 74 70 73 72 77 11 79 78 76 36 84 83 82 81 06 89 88 87 86 71 49 48 47 46 55 93 94 91 92 
25 09 06 07 08 86 13 14 11 12 00 18 19 16 17 76 23 24 21 22 30 28 29 26 27 40 33 34 31 32 92 38 39 36 37 66 43 44 41 42 61 02 03 04 01 53 46 54 50 52 58 15 59 55 57 63 51 64 60 62 68 81 69 65 67 70 20 74 71 73 75 78 10 79 77 83 35 84 80 82 88 05 89 85 87 48 72 49 45 47 93 94 56 90 91 
06 27 09 08 05 11 10 87 14 13 16 15 01 19 18 21 20 77 24 23 26 25 32 29 28 31 30 42 34 33 36 35 91 39 38 41 40 67 44 43 04 00 62 03 02 51 50 47 54 53 56 55 17 59 58 61 60 52 64 63 66 65 82 69 68 72 71 22 74 70 79 76 75 12 78 81 80 37 84 83 86 85 07 89 88 46 45 73 49 48 92 57 90 94 93 
07 05 28 06 09 12 14 10 88 11 17 19 15 02 16 22 24 20 78 21 27 29 25 33 26 32 34 30 43 31 37 39 35 93 36 42 44 40 68 41 01 03 00 63 04 54 52 51 48 50 59 57 56 18 55 64 62 61 53 60 69 67 66 83 65 74 73 72 23 71 13 79 77 76 75 84 82 81 38 80 89 87 86 08 85 49 47 46 70 45 94 92 91 58 90 
08 06 05 29 07 13 12 11 10 89 18 17 16 15 03 23 22 21 20 79 28 27 26 25 34 33 32 31 30 44 38 37 36 35 94 43 42 41 40 69 02 01 04 00 64 52 53 50 51 49 57 58 55 56 19 62 63 60 61 54 67 68 65 66 84 73 70 71 72 24 76 77 78 75 14 82 83 80 81 39 87 88 85 86 09 47 48 45 46 74 91 90 93 92 59 
89 88 87 86 06 79 11 78 77 76 59 16 58 57 56 74 21 70 73 72 09 26 08 07 05 29 31 28 27 25 84 36 83 82 81 34 41 33 32 30 19 04 18 17 15 50 64 63 62 61 55 94 93 91 92 60 03 02 01 00 65 44 43 42 40 71 49 48 47 46 22 75 24 23 20 80 69 68 67 66 85 14 13 12 10 45 54 53 52 51 90 38 39 37 35 
85 07 89 88 86 75 76 12 79 78 55 56 17 59 58 71 72 22 74 70 06 05 27 09 08 26 25 32 29 28 80 81 37 84 83 31 30 42 34 33 16 15 01 19 18 61 60 52 64 63 92 90 57 94 93 00 04 62 03 02 40 41 67 44 43 46 45 73 49 48 24 20 21 77 23 66 65 82 69 68 10 11 87 14 13 51 50 47 54 53 35 91 36 39 38 
05 89 85 87 88 10 78 79 75 77 15 58 59 55 57 20 70 74 71 73 25 08 09 06 07 30 28 29 26 27 35 83 84 80 82 40 33 34 31 32 00 18 19 16 17 63 51 64 60 62 93 56 94 90 91 02 61 03 04 01 43 66 44 41 42 48 72 49 45 47 21 23 76 24 22 68 81 69 65 67 13 86 14 11 12 53 46 54 50 52 38 39 92 36 37 
87 86 08 85 89 77 79 76 13 75 57 59 56 18 55 73 74 72 23 71 07 09 05 28 06 27 29 25 33 26 82 84 81 38 80 32 34 30 43 31 17 19 15 02 16 64 62 61 53 60 94 91 92 58 90 03 01 00 63 04 44 42 40 68 41 49 47 46 70 45 78 24 22 20 21 69 67 66 83 65 14 12 10 88 11 54 52 51 48 50 39 35 37 93 36 
88 85 86 09 87 78 77 75 76 14 58 57 55 56 19 70 73 71 72 24 08 07 06 05 29 28 27 26 25 34 83 82 80 81 39 33 32 31 30 44 18 17 16 15 03 62 63 60 61 54 91 93 90 92 59 01 02 04 00 64 42 43 41 40 69 47 48 45 46 74 20 22 23 21 79 67 68 65 66 84 12 13 11 10 89 52 53 50 51 49 37 36 38 35 94 
