61 25 77 24 04 13 12 74 55 54 00 89 62 63 30 85 01 03 91 80 08 09 65 73 67 66 41 86 59 58 49 84 17 16 10 75 88 57 39 38 87 37 71 70 81 22 43 42 79 53 32 33 94 26 90 92 76 45 20 21 83 69 51 50 72 34 05 06 78 18 29 28 15 52 60 02 11 64 56 19 27 68 40 35 23 48 07 31 36 93 46 14 47 82 44 
77 62 25 27 74 15 06 12 01 52 89 55 60 28 85 63 02 92 80 03 11 66 73 09 42 64 86 67 50 56 84 59 19 08 75 16 39 88 58 36 71 87 38 68 43 81 21 40 32 79 54 35 90 94 24 93 20 76 46 23 51 83 70 48 05 72 33 07 29 78 17 31 14 53 61 00 10 65 57 18 26 69 41 34 22 49 04 30 37 91 44 82 13 47 45 
24 26 60 77 13 74 14 07 53 89 54 02 85 61 62 31 80 00 01 93 73 10 08 64 65 86 66 40 57 84 58 48 75 18 17 11 56 38 37 88 36 70 69 87 23 42 41 81 52 33 34 79 27 92 91 94 44 21 22 76 68 50 49 83 35 06 04 72 19 28 30 78 12 55 63 03 09 67 59 16 25 71 43 32 20 51 05 29 39 90 82 46 45 15 47 
27 77 26 63 15 05 74 14 89 03 52 53 29 85 60 61 90 80 02 00 67 73 11 10 86 43 64 65 84 51 56 57 09 75 19 18 37 36 88 59 69 68 87 39 41 40 81 20 34 35 79 55 91 93 94 25 22 23 76 47 49 48 83 71 04 07 72 32 30 31 78 16 13 54 62 01 08 66 58 17 24 70 42 33 21 50 06 28 38 92 12 44 82 45 46 
14 09 73 08 65 54 55 89 63 62 10 85 21 20 04 76 17 16 34 75 28 29 91 78 03 01 69 80 90 92 45 94 13 12 53 74 77 22 25 24 72 61 05 06 88 41 39 38 84 26 59 58 82 57 47 46 79 30 32 33 81 49 43 42 83 37 51 50 86 00 67 66 52 60 23 19 31 02 93 15 11 07 36 56 35 40 48 64 27 44 70 18 71 87 68 
11 73 10 12 52 67 89 53 85 09 60 61 05 76 23 22 32 75 19 18 90 78 31 30 80 71 02 00 94 47 93 91 55 74 15 14 26 27 77 20 04 07 72 63 37 36 88 43 57 56 84 25 45 44 82 59 34 35 79 29 41 40 81 51 49 48 83 39 65 64 86 03 54 62 21 17 28 01 92 13 08 06 38 58 33 42 50 66 24 46 16 68 87 69 70 
73 13 09 11 89 52 66 55 08 60 85 63 23 06 76 20 19 33 75 16 31 92 78 29 70 02 80 03 46 93 94 90 15 54 74 12 25 77 21 27 05 72 62 07 39 88 42 36 59 84 24 56 47 82 58 44 32 79 28 35 43 81 50 40 51 83 38 48 67 86 01 64 53 61 22 18 30 00 91 14 10 04 37 57 34 41 49 65 26 45 68 87 17 71 69 
08 10 15 73 54 89 53 64 61 85 62 11 76 22 21 07 75 18 17 35 78 30 28 93 00 80 01 68 91 94 92 44 74 14 13 52 23 24 26 77 60 06 04 72 40 38 37 88 27 58 57 84 56 46 45 82 31 33 34 79 48 42 41 81 36 50 49 83 02 66 65 86 55 63 20 16 29 03 90 12 09 05 39 59 32 43 51 67 25 47 87 70 69 19 71 
81 58 43 40 80 02 17 03 70 19 75 16 15 13 74 12 31 08 78 29 36 01 88 39 92 11 73 09 38 23 76 20 64 50 86 67 51 83 06 48 90 94 24 93 05 72 66 07 63 85 46 60 32 79 28 35 55 89 62 52 71 87 33 68 47 82 54 44 25 77 42 27 00 18 14 30 37 10 22 65 41 91 04 61 53 69 45 26 49 34 56 84 21 59 57 
40 81 41 59 02 16 80 00 75 71 19 18 12 74 15 14 09 78 31 30 03 88 36 37 73 90 11 10 76 39 23 22 51 86 64 65 49 48 83 05 91 93 94 25 04 07 72 67 61 60 85 47 34 35 79 29 53 52 89 63 69 68 87 32 45 44 82 55 26 27 77 43 01 17 13 28 38 08 21 66 42 92 06 62 54 70 46 24 50 33 20 56 84 57 58 
57 43 81 42 18 01 03 80 16 17 69 75 13 12 14 74 28 29 10 78 38 39 00 88 09 08 91 73 20 21 37 76 66 67 49 86 83 04 51 50 94 26 90 92 72 65 05 06 85 45 63 62 79 30 32 33 89 61 55 54 87 34 71 70 82 53 47 46 77 41 25 24 02 19 15 31 36 11 23 64 40 93 07 60 52 68 44 27 48 35 58 22 59 84 56 
42 41 56 81 01 80 00 19 18 75 17 68 74 14 13 15 78 30 28 11 88 37 38 02 10 73 08 93 22 76 21 36 86 65 66 48 07 50 49 83 27 92 91 94 64 06 04 72 44 62 61 85 31 33 34 79 60 54 53 89 35 70 69 87 52 46 45 82 40 24 26 77 03 16 12 29 39 09 20 67 43 90 05 63 55 71 47 25 51 32 84 58 57 23 59 
68 87 69 55 11 63 73 10 78 20 31 30 39 86 64 65 16 88 36 37 12 72 07 04 81 05 40 41 74 90 15 14 43 77 27 26 45 44 82 47 22 23 76 09 91 93 94 29 18 19 75 71 53 52 89 51 00 02 80 32 57 56 84 67 34 35 79 03 49 48 83 59 08 28 66 38 06 42 13 24 70 21 92 17 01 58 33 50 46 54 25 60 85 61 62 
87 54 71 68 73 11 62 09 21 31 78 29 64 38 86 67 36 17 88 39 07 13 72 05 06 40 81 43 92 15 74 12 27 42 77 25 47 82 46 44 20 76 08 23 90 94 28 93 16 75 70 19 55 89 50 52 03 80 33 02 59 84 66 56 32 79 01 35 51 83 58 48 10 30 65 37 04 41 14 26 69 22 91 18 00 57 34 49 45 53 60 85 24 63 61 
53 71 87 70 61 08 09 73 29 28 22 78 66 67 37 86 38 39 18 88 06 05 14 72 43 42 04 81 12 13 91 74 24 25 41 77 82 45 47 46 76 10 20 21 94 30 90 92 75 69 16 17 89 49 55 54 80 34 03 01 84 65 59 58 79 00 32 33 83 57 51 50 11 31 64 36 07 40 15 27 68 23 93 19 02 56 35 48 44 52 62 26 63 85 60 
70 69 52 87 08 73 10 60 30 78 28 23 86 65 66 36 88 37 38 19 72 04 06 15 41 81 42 07 14 74 13 93 77 26 24 40 44 46 45 82 11 21 22 76 31 92 91 94 68 17 18 75 48 54 53 89 35 01 00 80 64 58 57 84 02 33 34 79 56 50 49 83 09 29 67 39 05 43 12 25 71 20 90 16 03 59 32 51 47 55 85 62 61 27 63 
52 89 53 47 44 59 82 45 87 67 68 69 25 72 07 04 43 84 56 57 20 85 60 61 79 16 35 34 88 09 36 37 90 94 93 91 14 15 74 63 30 31 78 51 18 19 75 12 41 40 81 32 26 27 77 39 49 48 83 55 00 02 80 03 65 64 86 71 22 23 76 05 46 70 06 58 62 33 38 92 54 28 17 42 50 01 66 21 13 24 29 11 73 10 08 
89 46 55 52 82 44 58 47 66 68 87 71 07 24 72 05 56 42 84 59 60 21 85 63 17 35 79 32 08 36 88 39 93 92 94 90 12 74 62 15 29 78 50 31 16 75 13 19 43 81 33 40 25 77 38 27 51 83 54 48 03 80 01 02 67 86 70 64 20 76 06 23 45 69 04 57 61 34 37 91 53 30 18 41 49 00 65 22 14 26 11 73 28 09 10 
45 55 89 54 57 46 47 82 71 70 65 87 06 05 26 72 58 59 41 84 62 63 22 85 32 33 18 79 39 38 10 88 92 90 91 94 74 61 12 13 78 49 29 28 75 14 16 17 81 34 43 42 77 37 25 24 83 53 51 50 80 00 03 01 86 69 67 66 76 04 20 21 44 68 07 56 60 35 36 93 52 31 19 40 48 02 64 23 15 27 08 30 09 73 11 
54 53 44 89 46 82 45 56 69 87 70 64 72 04 06 27 84 57 58 40 85 61 62 23 34 79 33 19 37 88 38 11 94 91 92 93 60 13 14 74 48 28 30 78 15 17 18 75 35 42 41 81 36 24 26 77 52 50 49 83 02 01 00 80 68 66 65 86 07 21 22 76 47 71 05 59 63 32 39 90 55 29 16 43 51 03 67 20 12 25 73 08 10 31 09 
48 83 49 90 64 51 86 65 80 63 02 00 71 75 19 18 29 73 11 10 47 81 40 41 77 25 27 26 85 20 60 61 12 78 31 30 04 07 72 09 57 56 84 67 69 68 87 55 53 52 89 16 22 23 76 03 14 15 74 43 45 44 82 59 91 93 94 05 37 36 88 39 66 01 17 08 42 24 62 28 50 58 70 54 13 46 92 38 06 21 32 35 79 34 33 
83 92 51 48 86 64 50 67 62 02 80 03 19 70 75 16 11 28 73 09 40 46 81 43 24 27 77 25 21 60 85 63 31 13 78 29 05 72 08 07 59 84 66 56 71 87 54 68 55 89 17 52 20 76 01 23 12 74 42 15 47 82 58 44 90 94 06 93 39 88 38 36 65 00 18 10 41 26 61 30 49 57 69 53 14 45 91 37 04 22 35 79 33 32 34 
91 51 83 50 49 66 67 86 03 01 61 80 17 16 69 75 08 09 30 73 42 43 45 81 25 24 26 77 63 62 22 85 28 29 14 78 72 10 05 06 84 65 59 58 87 53 71 70 89 18 55 54 76 00 20 21 74 41 12 13 82 57 47 46 94 04 90 92 88 37 39 38 64 02 19 11 40 27 60 31 48 56 68 52 15 44 93 36 07 23 33 34 32 79 35 
50 49 93 83 66 86 65 48 00 80 01 60 75 18 17 68 73 10 08 31 81 41 42 44 26 77 24 27 61 85 62 23 78 30 28 15 11 06 04 72 64 58 57 84 52 70 69 87 19 54 53 89 02 21 22 76 40 13 14 74 56 46 45 82 07 92 91 94 36 38 37 88 67 03 16 09 43 25 63 29 51 59 71 55 12 47 90 39 05 20 79 33 34 35 32 
79 17 32 35 83 48 92 51 54 40 81 43 36 66 88 39 68 38 87 71 56 33 84 59 50 44 82 47 28 31 78 29 07 24 72 05 20 76 42 23 16 75 13 19 63 85 70 60 09 73 58 11 67 86 21 64 25 77 06 27 55 89 46 52 12 74 62 15 90 94 08 93 49 41 37 69 57 45 30 04 34 18 61 10 26 53 14 91 22 65 02 80 01 03 00 
35 79 34 16 48 90 83 49 81 55 40 41 67 88 36 37 39 87 68 69 32 84 56 57 82 51 44 45 78 29 31 30 25 72 07 04 22 23 76 43 18 19 75 12 61 60 85 71 10 11 73 59 65 64 86 20 26 27 77 05 53 52 89 47 14 15 74 63 91 93 94 09 50 42 38 70 58 46 28 06 33 17 62 08 24 54 13 92 21 66 03 02 80 00 01 
18 32 79 33 91 50 51 83 43 42 53 81 38 39 65 88 70 71 37 87 58 59 34 84 47 46 49 82 29 28 30 78 06 05 26 72 76 41 20 21 75 14 16 17 85 69 63 62 73 57 09 08 86 22 67 66 77 04 25 24 89 45 55 54 74 61 12 13 94 10 90 92 48 40 36 68 56 44 31 07 35 19 60 11 27 52 15 93 23 64 01 00 03 80 02 
33 34 19 79 50 83 49 93 41 81 42 52 88 37 38 64 87 69 70 36 84 57 58 35 45 82 46 48 30 78 28 31 72 04 06 27 40 21 22 76 15 17 18 75 68 62 61 85 56 08 10 73 23 66 65 86 07 24 26 77 44 54 53 89 60 13 14 74 11 92 91 94 51 43 39 71 59 47 29 05 32 16 63 09 25 55 12 90 20 67 80 01 00 02 03 
75 28 16 19 84 56 21 59 92 93 94 90 44 58 82 47 23 70 76 20 15 42 74 12 01 60 85 63 54 48 83 51 35 33 79 32 03 80 13 02 25 77 46 27 67 86 17 64 05 72 38 07 43 81 62 40 71 87 24 68 29 78 08 31 09 73 50 11 55 89 66 52 57 91 45 22 14 61 49 34 18 26 65 04 69 30 10 53 00 41 36 88 06 39 37 
19 75 18 29 56 20 84 57 94 90 93 91 59 82 44 45 71 76 23 22 43 74 15 14 85 03 60 61 83 55 48 49 32 79 35 34 00 02 80 12 26 27 77 47 65 64 86 16 04 07 72 39 41 40 81 63 69 68 87 25 30 31 78 09 10 11 73 51 53 52 89 67 58 92 46 21 13 62 50 33 17 24 66 06 70 28 08 54 01 42 05 36 88 37 38 
30 16 75 17 22 58 59 84 90 92 91 94 46 47 57 82 21 20 69 76 13 12 41 74 63 62 00 85 51 50 53 83 33 32 34 79 80 14 03 01 77 45 25 24 86 18 67 66 72 37 05 06 81 61 43 42 87 26 71 70 78 10 29 28 73 49 09 08 89 65 55 54 56 93 44 23 15 60 48 35 19 27 64 07 68 31 11 52 02 40 38 04 39 88 36 
17 18 31 75 58 84 57 23 91 94 92 93 82 45 46 56 76 22 21 68 74 14 13 40 61 85 62 02 49 83 50 52 79 34 33 35 15 01 00 80 44 24 26 77 19 66 65 86 36 06 04 72 60 42 41 81 27 70 69 87 11 28 30 78 48 08 10 73 64 54 53 89 59 90 47 20 12 63 51 32 16 25 67 05 71 29 09 55 03 43 88 38 37 07 39 
02 80 00 03 35 32 79 34 84 25 56 57 90 94 93 91 63 85 60 61 39 75 19 18 89 47 52 53 72 05 07 04 59 76 23 22 65 64 86 71 37 36 88 16 30 31 78 51 69 68 87 20 49 48 83 43 45 44 82 67 10 11 73 29 26 27 77 12 14 15 74 55 33 58 92 62 17 54 06 21 01 38 28 70 46 08 24 13 66 50 09 40 81 41 42 
80 01 03 02 79 35 33 32 24 56 84 59 93 92 94 90 60 62 85 63 19 38 75 16 46 52 89 55 06 07 72 05 23 58 76 20 67 86 70 64 39 88 17 36 29 78 50 31 71 87 21 68 51 83 42 48 47 82 66 44 09 73 28 11 25 77 13 27 12 74 54 15 34 57 91 61 18 53 04 22 00 37 30 69 45 10 26 14 65 49 40 81 08 43 41 
00 03 80 01 34 33 32 79 59 58 26 84 92 90 91 94 62 63 61 85 17 16 37 75 55 54 45 89 05 06 04 72 21 20 57 76 86 69 67 66 88 18 39 38 78 49 29 28 87 22 71 70 83 41 51 50 82 65 47 46 73 30 09 08 77 14 25 24 74 53 12 13 35 56 93 60 19 52 07 23 02 36 31 68 44 11 27 15 64 48 42 10 43 81 40 
01 00 02 80 33 79 34 35 57 84 58 27 94 91 92 93 85 61 62 60 75 18 17 36 53 89 54 44 04 72 06 07 76 22 21 56 68 66 65 86 19 38 37 88 48 28 30 78 23 70 69 87 40 50 49 83 64 46 45 82 31 08 10 73 15 24 26 77 52 13 14 74 32 59 90 63 16 55 05 20 03 39 29 71 47 09 25 12 67 51 81 42 41 11 43 
66 65 68 86 21 76 22 52 34 79 33 31 84 57 58 11 89 53 54 56 80 00 01 27 14 74 13 60 69 87 70 19 85 61 62 07 35 28 30 78 40 42 41 81 36 08 10 73 64 46 45 82 93 06 04 72 02 92 91 94 15 24 26 77 23 38 37 88 44 17 18 75 20 32 59 55 03 12 71 63 67 43 09 47 90 25 39 16 29 05 83 50 49 48 51 
69 67 86 66 53 21 20 76 32 33 30 79 58 59 10 84 54 55 57 89 01 03 26 80 12 13 61 74 71 70 18 87 62 63 04 85 78 34 29 28 81 41 43 42 73 37 09 08 82 65 47 46 72 91 05 06 94 00 90 92 77 14 25 24 88 22 39 38 75 45 16 17 23 35 56 52 02 15 68 60 64 40 11 44 93 27 36 19 31 07 50 49 51 83 48 
86 70 67 64 76 23 54 20 28 35 79 32 56 08 84 59 52 58 89 55 02 24 80 03 62 15 74 12 17 68 87 71 60 06 85 63 29 78 33 31 43 81 42 40 09 73 38 11 47 82 66 44 05 72 92 07 90 94 01 93 25 77 13 27 39 88 21 36 16 75 46 19 22 34 57 53 00 14 69 61 65 41 10 45 91 26 37 18 30 04 48 83 50 51 49 
64 86 65 71 23 55 76 22 79 29 35 34 09 84 56 57 59 89 52 53 25 80 02 00 74 63 15 14 87 16 68 69 05 85 60 61 30 31 78 32 41 40 81 43 10 11 73 39 45 44 82 67 04 07 72 90 91 93 94 03 26 27 77 12 37 36 88 20 18 19 75 47 21 33 58 54 01 13 70 62 66 42 08 46 92 24 38 17 28 06 51 48 83 49 50 
06 04 11 72 28 78 30 36 65 86 66 56 80 00 01 35 77 26 24 15 83 49 50 60 37 88 38 31 53 89 54 64 73 10 08 23 48 70 69 87 02 33 34 79 44 46 45 82 40 13 14 74 68 62 61 85 93 17 18 75 07 92 91 94 19 58 57 84 27 42 41 81 29 67 03 25 51 39 55 09 05 32 47 12 16 90 59 43 71 63 76 21 22 52 20 
10 05 72 06 37 28 29 78 67 66 57 86 01 03 34 80 24 25 14 77 50 51 61 83 39 38 30 88 55 54 65 89 08 09 22 73 87 49 71 70 79 00 32 33 82 45 47 46 74 41 12 13 85 69 63 62 75 91 16 17 94 04 90 92 84 18 59 58 81 26 43 42 31 64 02 27 48 36 52 11 07 35 44 15 19 93 56 40 68 60 21 53 20 76 23 
72 08 05 07 78 31 38 29 58 64 86 67 02 33 80 03 27 13 77 25 48 62 83 51 28 36 88 39 66 52 89 55 11 21 73 09 71 87 50 68 32 79 01 35 47 82 46 44 12 74 42 15 63 85 70 60 16 75 92 19 90 94 06 93 59 84 17 56 43 81 24 40 30 65 00 26 49 37 53 10 04 34 45 14 18 91 57 41 69 61 23 76 54 20 22 
07 72 04 09 31 39 78 30 86 59 64 65 32 80 02 00 12 77 27 26 63 83 48 49 88 29 36 37 89 67 52 53 20 73 11 10 69 68 87 51 34 35 79 03 45 44 82 47 14 15 74 43 61 60 85 71 18 19 75 90 91 93 94 05 57 56 84 16 41 40 81 25 28 66 01 24 50 38 54 08 06 33 46 13 17 92 58 42 70 62 55 23 76 22 21 
13 14 27 74 92 94 91 15 45 82 46 40 87 69 70 60 79 34 33 02 89 53 54 19 22 76 21 64 41 81 42 35 84 57 58 68 31 17 18 75 52 08 10 73 07 01 00 80 48 50 49 83 44 38 37 88 36 06 04 72 93 66 65 86 11 28 30 78 23 62 61 85 90 47 71 32 55 20 43 59 12 09 03 51 05 67 29 63 16 39 77 24 26 56 25 
26 12 74 13 14 92 90 94 47 46 41 82 70 71 61 87 33 32 00 79 54 55 18 89 20 21 65 76 43 42 34 81 58 59 69 84 75 30 16 17 73 53 09 08 80 04 03 01 83 49 51 50 88 45 39 38 72 37 05 06 86 91 67 66 78 10 29 28 85 22 63 62 93 44 68 35 52 23 40 56 15 11 02 48 07 64 31 60 19 36 24 57 25 77 27 
74 24 12 15 94 93 13 90 42 44 82 47 68 62 87 71 35 01 79 32 52 17 89 55 66 23 76 20 33 40 81 43 56 70 84 59 16 75 28 19 09 73 54 11 03 80 06 02 51 83 50 48 39 88 46 36 05 72 38 07 67 86 92 64 29 78 08 31 63 85 21 60 91 45 69 34 53 22 41 57 14 10 00 49 04 65 30 61 18 37 27 77 58 25 26 
15 74 14 25 93 12 94 91 82 43 44 45 63 87 68 69 03 79 35 34 16 89 52 53 76 67 23 22 81 32 40 41 71 84 56 57 18 19 75 29 10 11 73 55 00 02 80 05 49 48 83 51 37 36 88 47 04 07 72 39 65 64 86 90 30 31 78 09 61 60 85 20 92 46 70 33 54 21 42 58 13 08 01 50 06 66 28 62 17 38 59 27 77 26 24 
62 61 36 85 70 87 69 31 04 72 06 19 83 49 50 44 94 91 92 64 76 22 21 07 57 84 58 23 26 77 24 68 82 45 46 02 27 54 53 89 35 66 65 86 56 13 14 74 11 38 37 88 52 08 10 73 48 42 41 81 40 17 18 75 93 01 00 80 15 33 34 79 71 05 51 90 20 59 25 47 63 67 12 39 43 16 03 32 55 09 78 28 30 60 29 
37 63 85 62 30 70 71 87 05 06 18 72 50 51 45 83 92 90 65 94 21 20 04 76 59 58 22 84 25 24 69 77 46 47 00 82 89 26 55 54 86 34 67 66 74 57 12 13 88 10 39 38 73 53 09 08 81 49 43 42 75 41 16 17 80 91 03 01 79 14 32 33 68 07 48 93 23 56 27 44 60 64 15 36 40 19 02 35 52 11 28 61 29 78 31 
85 38 63 60 87 68 28 71 17 07 72 05 48 46 83 51 93 66 94 90 23 06 76 20 21 56 84 59 70 27 77 25 44 01 82 47 55 89 24 52 67 86 33 64 12 74 58 15 39 88 08 36 09 73 54 11 43 81 50 40 16 75 42 19 03 80 92 02 32 79 13 35 69 04 49 91 22 57 26 45 61 65 14 37 41 18 00 34 53 10 31 78 62 29 30 
60 85 61 39 68 29 87 69 72 16 07 04 47 83 48 49 67 94 93 91 05 76 23 22 84 20 56 57 77 71 27 26 03 82 44 45 53 52 89 25 65 64 86 32 14 15 74 59 37 36 88 09 10 11 73 55 41 40 81 51 18 19 75 43 00 02 80 90 34 35 79 12 70 06 50 92 21 58 24 46 62 66 13 38 42 17 01 33 54 08 63 31 78 30 28 
28 30 07 78 62 85 61 40 22 76 21 35 79 34 33 23 74 14 13 48 86 65 66 68 18 75 17 11 45 82 46 27 89 53 54 36 19 08 10 73 31 50 49 83 02 24 26 77 60 92 91 94 15 70 69 87 56 58 57 84 52 38 37 88 44 42 41 81 93 01 00 80 63 20 32 12 67 16 47 55 29 51 25 90 59 39 43 03 09 71 72 06 04 64 05 
04 29 78 28 41 62 63 85 20 21 34 76 33 32 22 79 13 12 49 74 66 67 69 86 16 17 10 75 47 46 26 82 54 55 37 89 73 18 09 08 83 30 51 50 77 00 25 24 94 61 90 92 87 14 71 70 84 57 59 58 88 53 39 38 81 45 43 42 80 91 03 01 60 23 35 15 64 19 44 52 31 48 27 93 56 36 40 02 11 68 06 65 05 72 07 
78 06 29 31 85 60 42 63 33 23 76 20 35 21 79 32 15 50 74 12 64 70 86 67 08 19 75 16 24 44 82 47 52 38 89 55 09 73 17 11 51 83 28 48 25 77 01 27 90 94 62 93 71 87 13 68 59 84 58 56 39 88 54 36 43 81 46 40 03 80 92 02 61 22 34 14 65 18 45 53 30 49 26 91 57 37 41 00 10 69 07 72 66 05 04 
31 78 30 05 60 43 85 61 76 32 23 22 20 79 35 34 51 74 15 14 71 86 64 65 75 09 19 18 82 25 44 45 39 89 52 53 10 11 73 16 49 48 83 29 26 27 77 03 91 93 94 63 69 68 87 12 57 56 84 59 37 36 88 55 41 40 81 47 00 02 80 90 62 21 33 13 66 17 46 54 28 50 24 92 58 38 42 01 08 70 67 07 72 04 06 
58 57 40 84 42 81 41 11 37 88 38 44 77 26 24 02 72 04 06 27 94 91 92 52 69 87 70 36 65 86 66 15 83 49 50 31 93 33 34 79 23 13 14 74 35 21 22 76 07 28 30 78 64 01 00 80 19 08 10 73 60 62 61 85 56 54 53 89 48 46 45 82 43 39 25 05 90 71 67 51 59 12 20 29 09 63 55 47 32 03 75 17 18 68 16 
41 59 84 58 10 42 43 81 39 38 45 88 24 25 00 77 06 05 26 72 92 90 53 94 71 70 37 87 67 66 14 86 50 51 30 83 79 91 32 33 74 22 12 13 76 34 20 21 78 04 29 28 80 65 03 01 73 18 09 08 85 61 63 62 89 57 55 54 82 49 47 46 40 36 27 07 93 68 64 48 56 15 23 31 11 60 52 44 35 02 17 69 16 75 19 
84 42 59 56 81 40 08 43 46 36 88 39 27 01 77 25 07 24 72 05 93 54 94 90 38 68 87 71 13 64 86 67 48 28 83 51 32 79 92 35 12 74 21 15 20 76 33 23 29 78 06 31 03 80 66 02 09 73 17 11 63 85 62 60 55 89 58 52 47 82 50 44 41 37 26 04 91 69 65 49 57 14 22 30 10 61 53 45 34 00 19 75 70 16 18 
56 84 57 43 40 09 81 41 88 47 36 37 03 77 27 26 25 72 07 04 55 94 93 91 87 39 68 69 86 12 64 65 29 83 48 49 34 35 79 90 14 15 74 20 22 23 76 32 30 31 78 05 00 02 80 67 10 11 73 16 61 60 85 63 53 52 89 59 45 44 82 51 42 38 24 06 92 70 66 50 58 13 21 28 08 62 54 46 33 01 71 19 75 18 17 
21 22 35 76 06 72 04 44 49 83 50 15 81 41 42 48 82 45 46 07 79 34 33 31 91 94 92 56 10 73 08 40 87 69 70 19 52 62 61 85 93 01 00 80 27 54 53 89 02 24 26 77 11 28 30 78 68 38 37 88 23 13 14 74 64 17 18 75 60 58 57 84 05 51 43 47 32 90 09 71 20 03 55 25 39 12 16 59 63 29 86 66 65 36 67 
34 20 76 21 45 06 05 72 51 50 14 83 42 43 49 81 46 47 04 82 33 32 30 79 90 92 57 94 09 08 41 73 70 71 18 87 85 53 63 62 80 91 03 01 89 26 55 54 77 00 25 24 78 10 29 28 88 69 39 38 74 22 12 13 75 65 16 17 84 61 59 58 07 48 40 44 35 93 11 68 23 02 52 27 36 15 19 56 60 31 66 37 67 86 64 
76 33 20 23 72 07 46 05 13 48 83 51 40 50 81 43 44 06 82 47 35 28 79 32 58 93 94 90 42 11 73 09 68 17 87 71 63 85 54 60 03 80 92 02 55 89 24 52 25 77 01 27 29 78 08 31 39 88 70 36 12 74 21 15 16 75 66 19 59 84 62 56 04 49 41 45 34 91 10 69 22 00 53 26 37 14 18 57 61 30 64 86 38 67 65 
23 76 22 32 07 47 72 04 83 12 48 49 51 81 40 41 05 82 44 45 29 79 35 34 94 59 93 91 73 43 11 10 16 87 68 69 61 60 85 55 00 02 80 90 53 52 89 25 26 27 77 03 30 31 78 09 37 36 88 71 14 15 74 20 18 19 75 67 57 56 84 63 06 50 42 46 33 92 08 70 21 01 54 24 38 13 17 58 62 28 39 64 86 65 66 
92 91 23 94 38 88 37 02 26 77 24 48 73 10 08 19 83 49 50 52 82 45 46 11 04 72 06 35 00 80 01 60 81 41 42 44 64 58 57 84 56 54 53 89 93 33 34 79 31 66 65 86 07 17 18 75 15 28 30 78 36 21 22 76 27 62 61 85 68 70 69 87 39 25 09 51 47 05 03 43 90 55 32 67 29 20 63 71 59 16 74 13 14 40 12 
22 90 94 92 00 38 39 88 25 24 49 77 08 09 18 73 50 51 53 83 46 47 10 82 05 06 34 72 03 01 61 80 42 43 45 81 84 65 59 58 89 57 55 54 79 91 32 33 86 30 67 66 75 04 16 17 78 14 29 28 76 37 20 21 85 26 63 62 87 69 71 70 36 27 11 48 44 07 02 40 93 52 35 64 31 23 60 68 56 19 13 41 12 74 15 
94 21 90 93 88 36 01 39 50 27 77 25 11 17 73 09 48 54 83 51 44 08 82 47 33 07 72 05 62 02 80 03 40 46 81 43 59 84 66 56 55 89 58 52 32 79 92 35 67 86 28 64 16 75 06 19 29 78 13 31 20 76 38 23 63 85 24 60 71 87 70 68 37 26 10 49 45 04 00 41 91 53 34 65 30 22 61 69 57 18 15 74 42 12 14 
93 94 91 20 36 03 88 37 77 51 27 26 16 73 11 10 55 83 48 49 09 82 44 45 72 32 07 04 80 63 02 00 47 81 40 41 57 56 84 67 53 52 89 59 34 35 79 90 65 64 86 29 18 19 75 05 30 31 78 12 22 23 76 39 61 60 85 25 69 68 87 71 38 24 08 50 46 06 01 42 92 54 33 66 28 21 62 70 58 17 43 15 74 14 13 
46 45 48 82 24 77 26 27 10 73 08 07 78 30 28 52 81 41 42 23 87 69 70 56 49 83 50 15 18 75 17 02 88 37 38 64 36 92 91 94 68 62 61 85 60 58 57 84 93 01 00 80 35 13 14 74 11 66 65 86 19 33 34 79 40 21 22 76 31 06 04 72 25 09 29 43 71 51 16 39 47 63 59 03 67 32 20 05 90 12 89 54 53 44 55 
49 47 82 46 26 24 25 77 09 08 04 73 28 29 53 78 42 43 22 81 70 71 57 87 51 50 14 83 16 17 00 75 38 39 65 88 94 37 90 92 85 69 63 62 84 61 59 58 80 91 03 01 74 34 12 13 86 10 67 66 79 18 32 33 76 41 20 21 72 30 05 06 27 11 31 40 68 48 19 36 44 60 56 02 64 35 23 07 93 15 54 45 55 89 52 
82 50 47 44 77 27 24 25 06 11 73 09 31 54 78 29 40 21 81 43 68 58 87 71 13 48 83 51 01 19 75 16 36 66 88 39 90 94 38 93 63 85 70 60 59 84 62 56 03 80 92 02 12 74 33 15 67 86 08 64 32 79 17 35 20 76 42 23 05 72 28 07 26 10 30 41 69 49 18 37 45 61 57 00 65 34 22 04 91 14 52 89 46 55 53 
44 82 45 51 27 25 77 26 73 05 11 10 55 78 31 30 20 81 40 41 59 87 68 69 83 12 48 49 75 03 19 18 67 88 36 37 91 93 94 39 61 60 85 71 57 56 84 63 00 02 80 90 14 15 74 32 65 64 86 09 34 35 79 16 22 23 76 43 04 07 72 29 24 08 28 42 70 50 17 38 46 62 58 01 66 33 21 06 92 13 47 52 89 53 54 
09 11 08 10 55 53 52 54 60 61 63 62 22 23 20 21 18 19 16 17 30 31 29 28 02 00 03 01 93 91 90 92 14 15 12 13 24 25 27 26 06 05 07 04 38 39 36 37 58 59 56 57 46 47 44 45 33 32 35 34 42 43 40 41 50 51 48 49 66 67 64 65 86 73 72 79 94 87 82 89 74 85 81 77 78 83 88 80 76 84 69 71 68 70 75 
43 40 42 41 03 00 02 01 19 18 16 17 14 15 12 13 30 31 29 28 37 36 39 38 11 10 09 08 23 22 20 21 65 64 67 66 50 51 48 49 92 90 93 91 06 05 07 04 62 63 60 61 33 32 35 34 54 55 52 53 70 71 68 69 46 47 44 45 24 25 27 26 75 87 74 73 80 94 88 83 84 77 86 82 85 79 89 81 72 78 57 59 56 58 76 
71 68 70 69 09 10 11 08 31 30 29 28 65 64 67 66 37 36 39 38 04 07 05 06 40 41 43 42 15 14 12 13 26 27 25 24 46 47 44 45 21 20 23 22 92 90 93 91 17 16 19 18 54 55 52 53 01 03 02 00 58 59 56 57 33 32 35 34 50 51 48 49 85 76 88 75 74 72 94 81 89 73 78 87 79 86 80 84 82 83 61 63 60 62 77 
55 52 54 53 47 45 44 46 68 69 71 70 04 07 05 06 57 56 59 58 61 60 63 62 35 34 32 33 36 37 39 38 91 93 90 92 13 12 15 14 28 29 31 30 17 16 19 18 42 43 40 41 24 25 27 26 50 51 48 49 01 03 02 00 66 67 64 65 21 20 23 22 84 86 77 81 76 75 73 94 82 83 74 79 89 80 87 72 85 88 10 09 11 08 78 
51 48 50 49 67 65 64 66 02 00 03 01 18 19 16 17 10 11 09 08 41 40 43 42 27 26 25 24 60 61 63 62 30 31 29 28 06 05 07 04 58 59 56 57 70 71 68 69 54 55 52 53 21 20 23 22 13 12 15 14 46 47 44 45 92 90 93 91 38 39 36 37 83 85 87 78 82 77 76 74 94 86 89 75 81 84 72 88 73 80 34 32 35 33 79 
32 35 33 34 51 49 48 50 40 41 43 42 37 36 39 38 69 68 71 70 57 56 59 58 44 45 47 46 31 30 29 28 04 07 05 06 21 20 23 22 17 16 19 18 62 63 60 61 08 09 11 10 66 67 64 65 24 25 27 26 54 55 52 53 13 12 15 14 92 90 93 91 94 89 86 88 79 83 78 77 75 74 87 84 72 82 85 73 81 76 00 03 02 01 80 
16 19 17 18 59 57 56 58 93 91 90 92 45 44 47 46 22 23 20 21 14 15 12 13 60 61 63 62 48 49 51 50 34 35 32 33 01 03 02 00 24 25 27 26 66 67 64 65 06 05 07 04 42 43 40 41 70 71 68 69 28 29 31 30 08 09 11 10 54 55 52 53 76 94 84 87 81 80 89 79 78 82 75 88 77 73 83 86 74 85 37 39 36 38 72 
03 02 01 00 32 34 35 33 56 57 59 58 91 93 90 92 61 60 63 62 18 19 16 17 52 53 55 54 07 04 05 06 22 23 20 21 66 67 64 65 38 39 36 37 28 29 31 30 70 71 68 69 50 51 48 49 46 47 44 45 08 09 11 10 24 25 27 26 13 12 15 14 79 77 94 85 88 82 72 84 80 75 83 76 86 78 74 89 87 81 41 43 40 42 73 
25 27 24 26 12 14 15 13 52 53 55 54 61 60 63 62 00 02 03 01 10 11 09 08 64 65 67 66 56 57 59 58 18 19 16 17 38 39 36 37 70 71 68 69 42 43 40 41 33 32 35 34 92 90 93 91 21 20 23 22 50 51 48 49 06 05 07 04 28 29 31 30 72 80 78 94 86 81 83 73 85 88 76 89 82 87 79 75 84 77 45 47 44 46 74 
05 07 06 04 29 30 31 28 64 65 67 66 00 02 03 01 26 27 25 24 49 48 51 50 36 37 39 38 52 53 55 54 10 11 09 08 70 71 68 69 33 32 35 34 46 47 44 45 13 12 15 14 62 63 60 61 17 16 19 18 92 90 93 91 58 59 56 57 42 43 40 41 88 84 79 74 85 78 86 76 73 80 82 81 94 72 75 77 83 87 22 20 23 21 89 
12 15 13 14 90 91 93 92 44 45 47 46 69 68 71 70 34 35 32 33 53 52 55 54 23 22 20 21 40 41 43 42 57 56 59 58 17 16 19 18 08 09 11 10 01 03 02 00 50 51 48 49 38 39 36 37 06 05 07 04 66 67 64 65 28 29 31 30 62 63 60 61 74 81 85 80 75 86 79 87 77 89 72 83 88 94 73 76 78 82 26 25 27 24 84 
63 60 62 61 71 69 68 70 07 04 05 06 49 48 51 50 91 93 90 92 22 23 20 21 56 57 59 58 27 26 25 24 45 44 47 46 54 55 52 53 66 67 64 65 13 12 15 14 38 39 36 37 08 09 11 10 42 43 40 41 17 16 19 18 01 03 02 00 33 32 35 34 78 75 82 86 72 76 87 80 88 79 84 73 83 81 94 74 77 89 30 29 31 28 85 
59 56 58 57 43 41 40 42 36 37 39 38 26 27 25 24 04 07 05 06 91 93 90 92 68 69 71 70 64 65 67 66 49 48 51 50 33 32 35 34 13 12 15 14 21 20 23 22 28 29 31 30 01 03 02 00 08 09 11 10 62 63 60 61 54 55 52 53 46 47 44 45 73 82 80 77 89 88 74 78 81 76 79 72 75 85 84 83 94 86 18 16 19 17 87 
20 23 21 22 05 04 07 06 48 49 51 50 41 40 43 42 45 44 47 46 34 35 32 33 93 91 90 92 11 10 09 08 69 68 71 70 62 63 60 61 01 03 02 00 54 55 52 53 24 25 27 26 28 29 31 30 38 39 36 37 13 12 15 14 17 16 19 18 58 59 56 57 82 74 83 72 78 84 81 75 79 94 77 80 87 76 86 85 89 73 65 67 64 66 88 
90 93 92 91 39 37 36 38 27 26 25 24 10 11 09 08 49 48 51 50 45 44 47 46 07 04 05 06 02 00 03 01 41 40 43 42 58 59 56 57 54 55 52 53 33 32 35 34 66 67 64 65 17 16 19 18 28 29 31 30 21 20 23 22 62 63 60 61 70 71 68 69 80 83 75 89 73 79 85 82 76 84 94 78 74 88 77 87 86 72 14 12 15 13 81 
47 44 46 45 25 26 27 24 11 10 09 08 30 31 29 28 41 40 43 42 69 68 71 70 48 49 51 50 19 18 16 17 37 36 39 38 92 90 93 91 62 63 60 61 58 59 56 57 01 03 02 00 13 12 15 14 66 67 64 65 33 32 35 34 21 20 23 22 06 05 07 04 77 72 89 76 84 74 80 86 83 87 85 94 73 75 81 78 88 79 53 55 52 54 82 
67 64 66 65 20 22 23 21 35 34 32 33 57 56 59 58 53 52 55 54 00 02 03 01 15 14 12 13 68 69 71 70 61 60 63 62 28 29 31 30 42 43 40 41 08 09 11 10 46 47 44 45 06 05 07 04 92 90 93 91 24 25 27 26 38 39 36 37 17 16 19 18 89 78 73 84 77 85 75 72 87 81 88 86 80 74 76 82 79 94 49 51 48 50 83 
29 31 28 30 63 61 60 62 23 22 20 21 34 35 32 33 14 15 12 13 65 64 67 66 19 18 16 17 44 45 47 46 53 52 55 54 08 09 11 10 50 51 48 49 24 25 27 26 92 90 93 91 70 71 68 69 58 59 56 57 38 39 36 37 42 43 40 41 01 03 02 00 81 79 76 83 87 73 77 88 72 78 80 85 84 89 82 94 75 74 04 05 07 06 86 
36 88 37 67 19 71 75 18 74 39 15 14 43 89 52 53 47 86 64 65 51 77 27 26 78 55 31 30 79 59 35 34 63 80 02 00 41 40 81 03 45 44 82 05 49 48 83 09 22 23 76 12 57 56 84 16 61 60 85 20 04 07 72 25 69 68 87 29 10 11 73 32 17 13 54 66 24 28 33 01 38 46 50 21 62 06 70 08 42 58 90 93 94 91 92 
65 39 88 38 69 17 16 75 12 13 37 74 54 55 41 89 66 67 45 86 24 25 49 77 29 28 53 78 32 33 57 79 01 03 61 80 81 00 43 42 82 04 47 46 83 10 51 50 76 14 20 21 84 18 59 58 85 22 63 62 72 26 05 06 87 30 71 70 73 34 09 08 19 15 52 64 27 31 35 02 36 44 48 23 60 07 68 11 40 56 92 91 90 94 93 
88 66 39 36 75 19 70 16 38 15 74 12 52 42 89 55 64 46 86 67 27 50 77 25 54 31 78 29 58 35 79 32 02 62 80 03 43 81 01 40 47 82 06 44 51 83 08 48 20 76 13 23 59 84 17 56 63 85 21 60 05 72 24 07 71 87 28 68 09 73 33 11 18 14 53 65 26 30 34 00 37 45 49 22 61 04 69 10 41 57 93 94 92 90 91 
38 37 64 88 17 75 18 68 14 74 13 36 89 53 54 40 86 65 66 44 77 26 24 48 30 78 28 52 34 79 33 56 80 00 01 60 02 42 41 81 07 46 45 82 11 50 49 83 15 21 22 76 19 58 57 84 23 62 61 85 27 06 04 72 31 70 69 87 35 08 10 73 16 12 55 67 25 29 32 03 39 47 51 20 63 05 71 09 43 59 94 92 91 93 90 
39 36 38 37 16 18 19 17 15 14 12 13 53 52 55 54 65 64 67 66 26 27 25 24 31 30 29 28 35 34 32 33 00 02 03 01 42 43 40 41 46 47 44 45 50 51 48 49 21 20 23 22 58 59 56 57 62 63 60 61 06 05 07 04 70 71 68 69 08 09 11 10 87 88 81 82 83 89 84 85 86 72 73 74 76 77 78 79 80 75 91 90 93 92 94 
