0  54 45 2  34 33 28 40 12 20 15 27 50 30 49 10 25 21 7  44 47 51 43 1  9  8  31 3  18 26 35 17 39 5  42 22 53 6  4  23 41 48 16 32 37 36 38 29 19 52 46 24 11 14 13
45 1  54 46 3  35 29 25 41 13 21 16 28 51 31 50 11 26 22 8  10 48 52 44 2  19 9  32 4  6  27 36 18 40 15 43 23 34 7  5  24 42 49 17 33 38 37 39 30 0  53 47 20 12 14
9  46 2  54 47 4  36 30 26 42 14 22 17 25 52 32 51 12 27 23 3  11 49 53 45 5  0  10 33 41 7  28 37 19 13 16 44 24 35 8  6  20 43 50 18 29 39 38 40 31 1  34 48 21 15
24 10 47 3  54 48 5  37 31 27 43 15 23 18 26 53 33 52 13 28 46 4  12 50 34 29 6  1  11 0  42 8  25 38 22 14 17 45 20 36 9  7  21 44 51 19 30 40 39 41 32 2  35 49 16
25 20 11 48 4  54 49 6  38 32 28 44 16 24 19 27 34 29 53 14 35 47 5  13 51 12 30 7  2  39 1  43 9  26 50 23 15 18 46 21 37 10 8  22 45 52 0  31 41 40 42 33 3  36 17
15 26 21 12 49 5  54 50 7  39 33 25 45 17 20 0  28 35 30 34 52 36 48 6  14 3  13 31 8  27 40 2  44 10 37 51 24 16 19 47 22 38 11 9  23 46 53 1  32 42 41 43 29 4  18
35 16 27 22 13 50 6  54 51 8  40 29 26 46 18 21 1  25 36 31 15 53 37 49 7  9  4  14 32 11 28 41 3  45 5  38 52 20 17 0  48 23 39 12 10 24 47 34 2  33 43 42 44 30 19
32 36 17 28 23 14 51 7  54 52 9  41 30 27 47 19 22 2  26 37 8  16 34 38 50 33 10 5  15 46 12 25 42 4  31 6  39 53 21 18 1  49 24 40 13 11 20 48 35 3  29 44 43 45 0
38 33 37 18 25 24 15 52 8  54 53 10 42 31 28 48 0  23 3  27 51 9  17 35 39 16 29 11 6  5  47 13 26 43 46 32 7  40 34 22 19 2  50 20 41 14 12 21 49 36 4  30 45 44 1
28 39 29 38 19 26 20 16 53 9  54 34 11 43 32 25 49 1  24 4  40 52 10 18 36 7  17 30 12 44 6  48 14 27 45 47 33 8  41 35 23 0  3  51 21 42 15 13 22 50 37 5  31 46 2
5  25 40 30 39 0  27 21 17 34 10 54 35 12 44 33 26 50 2  20 37 41 53 11 19 13 8  18 31 28 45 7  49 15 47 46 48 29 9  42 36 24 1  4  52 22 43 16 14 23 51 38 6  32 3
21 6  26 41 31 40 1  28 22 18 35 11 54 36 13 45 29 27 51 3  0  38 42 34 12 32 14 9  19 16 25 46 8  50 33 48 47 49 30 10 43 37 20 2  5  53 23 44 17 15 24 52 39 7  4
4  22 7  27 42 32 41 2  25 23 19 36 12 54 37 14 46 30 28 52 13 1  39 43 35 0  33 15 10 51 17 26 47 9  8  29 49 48 50 31 11 44 38 21 3  6  34 24 45 18 16 20 53 40 5
53 5  23 8  28 43 33 42 3  26 24 0  37 13 54 38 15 47 31 25 36 14 2  40 44 11 1  29 16 10 52 18 27 48 41 9  30 50 49 51 32 12 45 39 22 4  7  35 20 46 19 17 21 34 6
26 34 6  24 9  25 44 29 43 4  27 20 1  38 14 54 39 16 48 32 45 37 15 3  41 17 12 2  30 49 11 53 19 28 35 42 10 31 51 50 52 33 13 46 40 23 5  8  36 21 47 0  18 22 7
33 27 35 7  20 10 26 45 30 44 5  28 21 2  39 15 54 40 17 49 42 46 38 16 4  31 18 13 3  25 50 12 34 0  23 36 43 11 32 52 51 53 29 14 47 41 24 6  9  37 22 48 1  19 8
50 29 28 36 8  21 11 27 46 31 45 6  25 22 3  40 16 54 41 18 5  43 47 39 17 4  32 19 14 1  26 51 13 35 0  24 37 44 12 33 53 52 34 30 15 48 42 20 7  10 38 23 49 2  9
19 51 30 25 37 9  22 12 28 47 32 46 7  26 23 4  41 17 54 42 18 6  44 48 40 15 5  33 0  36 2  27 52 14 3  1  20 38 45 13 29 34 53 35 31 16 49 43 21 8  11 39 24 50 10
43 0  52 31 26 38 10 23 13 25 48 33 47 8  27 24 5  42 18 54 41 19 7  45 49 1  16 6  29 15 37 3  28 53 51 4  2  21 39 46 14 30 35 34 36 32 17 50 44 22 9  12 40 20 11
54 44 1  53 32 27 39 11 24 14 26 49 29 48 9  28 20 6  43 19 50 42 0  8  46 30 2  17 7  34 16 38 4  25 21 52 5  3  22 40 47 15 31 36 35 37 33 18 51 45 23 10 13 41 12
18 7  4  35 48 3  12 9  40 53 8  17 14 45 38 13 2  19 50 43 20 54 29 22 33 52 37 42 47 30 32 21 24 31 44 28 16 51 10 49 25 1  36 15 34 26 6  41 0  39 27 11 46 5  23
44 19 8  5  36 49 4  13 10 41 34 9  18 15 46 39 14 3  0  51 29 21 54 30 23 48 53 38 43 32 31 33 22 20 6  45 25 17 52 11 50 26 2  37 16 35 27 7  42 1  40 28 12 47 24
52 45 0  9  6  37 50 5  14 11 42 35 10 19 16 47 40 15 4  1  24 30 22 54 31 44 49 34 39 21 33 32 29 23 48 7  46 26 18 53 12 51 27 3  38 17 36 28 8  43 2  41 25 13 20
2  53 46 1  10 7  38 51 6  15 12 43 36 11 0  17 48 41 16 5  32 20 31 23 54 40 45 50 35 24 22 29 33 30 14 49 8  47 27 19 34 13 52 28 4  39 18 37 25 9  44 3  42 26 21
6  3  34 47 2  11 8  39 52 7  16 13 44 37 12 1  18 49 42 17 54 33 21 32 24 36 41 46 51 31 20 23 30 29 27 15 50 9  48 28 0  35 14 53 25 5  40 19 38 26 10 45 4  43 22
46 23 53 44 50 22 37 48 34 21 41 52 38 20 45 36 42 24 49 40 17 13 9  5  1  25 54 28 27 47 43 39 35 51 12 31 19 10 16 30 3  14 0  29 7  18 4  33 11 2  8  32 15 6  26
41 47 24 34 45 51 23 38 49 35 22 42 53 39 21 46 37 43 20 50 2  18 14 10 6  28 26 54 25 52 48 44 40 36 7  13 32 0  11 17 31 4  15 1  30 8  19 5  29 12 3  9  33 16 27
51 42 48 20 35 46 52 24 39 50 36 23 43 34 40 22 47 38 44 21 7  3  19 15 11 26 25 27 54 37 53 49 45 41 17 8  14 33 1  12 18 32 5  16 2  31 9  0  6  30 13 4  10 29 28
22 52 43 49 21 36 47 53 20 40 51 37 24 44 35 41 23 48 39 45 12 8  4  0  16 54 27 26 28 42 38 34 50 46 30 18 9  15 29 2  13 19 33 6  17 3  32 10 1  7  31 14 5  11 25
40 11 25 51 18 45 16 26 36 3  50 1  27 41 8  35 6  28 46 13 33 24 23 20 30 14 19 4  9  29 54 22 31 21 10 53 42 39 2  15 38 47 44 7  0  43 52 49 12 5  48 37 34 17 32
14 41 12 26 52 19 46 17 27 37 4  51 2  28 42 9  36 7  25 47 31 29 20 24 21 10 15 0  5  22 30 54 23 32 18 11 34 43 40 3  16 39 48 45 8  1  44 53 50 13 6  49 38 35 33
48 15 42 13 27 53 0  47 18 28 38 5  52 3  25 43 10 37 8  26 22 32 30 21 20 6  11 16 1  33 23 31 54 24 36 19 12 35 44 41 4  17 40 49 46 9  2  45 34 51 14 7  50 39 29
27 49 16 43 14 28 34 1  48 19 25 39 6  53 4  26 44 11 38 9  21 23 33 31 22 2  7  12 17 20 29 24 32 54 40 37 0  13 36 45 42 5  18 41 50 47 10 3  46 35 52 15 8  51 30
10 28 50 17 44 15 25 35 2  49 0  26 40 7  34 5  27 45 12 39 23 22 24 29 32 18 3  8  13 54 21 30 20 33 52 41 38 1  14 37 46 43 6  19 42 51 48 11 4  47 36 53 16 9  31
8  30 19 40 38 31 7  14 50 24 3  2  4  21 53 18 12 32 45 48 39 26 1  51 5  42 23 37 52 17 9  35 43 13 34 54 11 36 0  20 28 6  46 33 49 27 16 22 15 44 25 29 41 10 47
49 9  31 0  41 39 32 8  15 51 20 4  3  5  22 34 19 13 33 46 6  40 27 2  52 53 43 24 38 14 18 10 36 44 11 35 54 12 37 1  21 25 7  47 29 50 28 17 23 16 45 26 30 42 48
47 50 10 32 1  42 40 33 9  16 52 21 5  4  6  23 35 0  14 29 53 7  41 28 3  39 34 44 20 45 15 19 11 37 43 12 36 54 13 38 2  22 26 8  48 30 51 25 18 24 17 46 27 31 49
30 48 51 11 33 2  43 41 29 10 17 53 22 6  5  7  24 36 1  15 4  34 8  42 25 21 40 35 45 38 46 16 0  12 32 44 13 37 54 14 39 3  23 27 9  49 31 52 26 19 20 18 47 28 50
16 31 49 52 12 29 3  44 42 30 11 18 34 23 7  6  8  20 37 2  26 5  35 9  43 46 22 41 36 13 39 47 17 1  25 33 45 14 38 54 15 40 4  24 28 10 50 32 53 27 0  21 19 48 51
3  17 32 50 53 13 30 4  45 43 31 12 19 35 24 8  7  9  21 38 44 27 6  36 10 37 47 23 42 2  14 40 48 18 49 26 29 46 15 39 54 16 41 5  20 25 11 51 33 34 28 1  22 0  52
39 4  18 33 51 34 14 31 5  46 44 32 13 0  36 20 9  8  10 22 11 45 28 7  37 43 38 48 24 19 3  15 41 49 1  50 27 30 47 16 40 54 17 42 6  21 26 12 52 29 35 25 2  23 53
23 40 5  19 29 52 35 15 32 6  47 45 33 14 1  37 21 10 9  11 38 12 46 25 8  20 44 39 49 50 0  4  16 42 24 2  51 28 31 48 17 41 54 18 43 7  22 27 13 53 30 36 26 3  34
12 24 41 6  0  30 53 36 16 33 7  48 46 29 15 2  38 22 11 10 9  39 13 47 26 50 21 45 40 43 51 1  5  17 4  20 3  52 25 32 49 18 42 54 19 44 8  23 28 14 34 31 37 27 35
11 13 20 42 7  1  31 34 37 17 29 8  49 47 30 16 3  39 23 12 27 10 40 14 48 41 51 22 46 18 44 52 2  6  28 5  21 4  53 26 33 50 19 43 54 0  45 9  24 25 15 35 32 38 36
13 12 14 21 43 8  2  32 35 38 18 30 9  50 48 31 17 4  40 24 49 28 11 41 15 47 42 52 23 7  19 45 53 3  39 25 6  22 5  34 27 29 51 0  44 54 1  46 10 20 26 16 36 33 37
20 14 13 15 22 44 9  3  33 36 39 19 31 10 51 49 32 18 5  41 16 50 25 12 42 24 48 43 53 4  8  0  46 34 29 40 26 7  23 6  35 28 30 52 1  45 54 2  47 11 21 27 17 37 38
42 21 15 14 16 23 45 10 4  29 37 40 0  32 11 52 50 33 19 6  43 17 51 26 13 34 20 49 44 35 5  9  1  47 38 30 41 27 8  24 7  36 25 31 53 2  46 54 3  48 12 22 28 18 39
7  43 22 16 15 17 24 46 11 5  30 38 41 1  33 12 53 51 29 0  14 44 18 52 27 45 35 21 50 48 36 6  10 2  19 39 31 42 28 9  20 8  37 26 32 34 3  47 54 4  49 13 23 25 40
1  8  44 23 17 16 18 20 47 12 6  31 39 42 2  29 13 34 52 30 28 15 45 19 53 51 46 36 22 3  49 37 7  11 26 0  40 32 43 25 10 21 9  38 27 33 35 4  48 54 5  50 14 24 41
31 2  9  45 24 18 17 19 21 48 13 7  32 40 43 3  30 14 35 53 34 25 16 46 0  23 52 47 37 12 4  50 38 8  20 27 1  41 33 44 26 11 22 10 39 28 29 36 5  49 54 6  51 15 42
34 32 3  10 46 20 19 18 0  22 49 14 8  33 41 44 4  31 15 36 1  35 26 17 47 38 24 53 48 9  13 5  51 39 16 21 28 2  42 29 45 27 12 23 11 40 25 30 37 6  50 54 7  52 43
37 35 33 4  11 47 21 0  19 1  23 50 15 9  29 42 45 5  32 16 48 2  36 27 18 49 39 20 34 40 10 14 6  52 53 17 22 25 3  43 30 46 28 13 24 12 41 26 31 38 7  51 54 8  44
17 38 36 29 5  12 48 22 1  0  2  24 51 16 10 30 43 46 6  33 19 49 3  37 28 35 50 40 21 53 41 11 15 7  9  34 18 23 26 4  44 31 47 25 14 20 13 42 27 32 39 8  52 54 45
29 18 39 37 30 6  13 49 23 2  1  3  20 52 17 11 31 44 47 7  25 0  50 4  38 22 36 51 41 8  34 42 12 16 54 10 35 19 24 27 5  45 32 48 26 15 21 14 43 28 33 40 9  53 46
36 37 38 39 40 41 42 43 44 45 46 47 48 49 50 51 52 53 34 35 30 31 32 33 29 27 28 25 26 23 24 20 21 22 2  3  4  5  6  7  8  9  10 11 12 13 14 15 16 17 18 19 0  1  54
