00 22 54 13 09 48 20 25 43 07 28 39 44 03 23 46 10 11 53 04 31 50 35 08 51 29 41 49 32 38 36 01 06 30 52 16 14 45 26 33 47 42 19 17 34 12 15 02 27 24 37 40 18 21 05 
50 01 38 40 29 03 05 42 44 34 13 48 25 32 49 22 18 53 06 24 07 41 12 47 16 37 35 28 15 10 46 02 20 45 19 04 52 31 27 51 09 21 26 54 00 36 43 33 17 08 11 39 30 14 23 
10 36 02 54 14 37 53 17 26 52 08 29 40 11 04 12 45 32 15 48 00 18 51 42 34 50 30 24 47 33 35 44 43 07 05 23 13 21 46 20 27 49 39 01 19 16 09 25 22 03 41 38 31 28 06 
15 50 11 03 54 23 22 48 18 41 44 05 30 46 12 00 25 02 33 09 53 43 19 27 39 06 51 36 38 49 34 28 52 21 08 45 24 14 16 40 17 31 47 37 32 10 13 04 29 26 35 42 20 01 07 
54 20 16 12 04 19 24 35 53 27 42 52 06 10 45 09 02 48 03 34 13 38 21 50 28 40 32 31 37 26 47 05 07 44 22 01 46 25 15 49 41 18 29 51 17 14 11 23 43 00 39 36 33 30 08 
32 00 12 48 17 05 54 30 10 49 36 20 18 23 35 40 47 01 21 51 14 27 52 26 15 53 43 37 44 11 07 50 33 42 02 39 04 24 45 13 34 46 08 29 28 19 25 41 31 16 06 03 09 22 38 
18 44 33 31 53 11 06 54 27 19 47 37 17 49 24 36 41 15 43 38 50 30 16 21 23 03 48 08 25 52 12 09 51 34 39 46 40 00 22 05 14 28 45 02 10 26 20 13 01 42 04 07 29 32 35 
48 29 19 34 10 28 12 07 54 18 20 49 38 42 47 25 37 51 16 21 01 03 27 53 22 24 13 09 05 35 44 40 04 50 31 26 45 41 02 46 06 15 32 52 30 17 23 39 33 14 08 00 11 43 36 
33 28 53 20 31 54 29 09 08 35 19 17 47 38 39 49 26 36 50 13 22 44 04 00 48 01 25 52 10 06 23 32 41 11 51 03 43 46 42 30 45 07 16 14 12 24 18 15 21 40 02 05 27 34 37 
05 48 08 16 52 36 41 49 37 09 54 12 11 44 27 30 28 40 39 03 51 23 38 02 00 19 46 17 31 47 18 06 45 15 14 50 21 43 25 34 33 22 53 24 20 29 07 42 04 01 26 32 35 13 10 
44 42 06 05 07 38 37 26 47 12 10 54 09 04 52 28 27 50 41 40 32 25 24 45 03 02 29 19 18 01 49 15 35 46 16 13 51 22 21 48 31 34 20 53 36 08 30 43 14 39 33 23 17 00 11 
14 25 52 07 06 49 35 38 39 10 09 11 54 28 30 44 29 00 51 42 41 48 26 17 46 04 03 47 20 19 33 13 16 08 45 22 23 50 01 43 53 32 31 36 18 27 05 40 02 21 24 34 37 15 12 
07 23 05 44 08 24 47 36 35 54 11 10 12 30 29 02 52 42 34 50 39 40 53 04 27 45 00 21 49 17 20 46 14 13 37 43 01 15 51 32 18 48 33 26 38 06 28 22 16 41 31 25 19 03 09 
46 26 09 15 32 25 18 20 49 05 01 44 28 13 54 03 12 45 31 02 04 22 37 52 41 27 07 38 34 42 48 21 29 51 06 10 53 16 24 50 19 40 35 47 23 11 00 14 08 33 17 43 36 39 30 
11 38 45 10 16 47 26 19 33 29 06 43 52 09 14 54 04 39 46 32 03 49 01 30 44 42 28 53 35 31 17 07 22 23 50 25 00 48 13 36 51 20 41 08 37 02 12 34 40 15 21 18 24 05 27 
13 43 34 46 11 18 49 23 20 44 30 07 21 00 10 15 54 04 02 45 33 24 47 29 05 52 39 40 48 36 32 51 08 01 27 14 26 12 53 42 37 50 17 35 25 09 03 16 06 31 19 22 38 41 28 
12 49 14 09 45 17 31 47 24 22 52 27 08 54 02 11 16 34 00 41 46 36 06 40 30 28 44 33 19 53 37 25 50 05 43 48 15 23 03 18 39 38 51 21 35 04 10 32 42 13 01 20 26 07 29 
36 31 48 04 25 51 13 41 30 42 22 08 50 16 43 45 32 17 54 35 09 53 07 11 52 20 06 46 01 03 14 29 38 39 49 19 33 47 10 23 44 26 28 00 21 34 02 37 18 12 05 24 15 27 40 
26 08 24 53 00 15 50 14 42 51 39 01 05 33 13 37 46 10 18 54 36 02 48 07 40 44 17 34 45 43 04 47 30 35 21 11 20 27 49 29 12 52 23 32 16 03 31 09 28 38 25 06 22 19 41 
02 53 23 38 48 39 28 51 15 06 50 40 43 45 34 14 22 37 11 19 54 33 03 18 08 09 52 00 16 46 21 41 49 27 36 47 12 17 31 24 30 25 44 05 01 32 04 35 20 10 07 26 13 29 42 
53 04 03 24 26 16 40 13 50 21 07 51 41 35 46 31 15 54 38 12 20 06 34 44 19 05 42 22 02 32 45 37 01 47 28 29 49 09 18 52 25 27 10 48 14 00 33 11 30 36 23 08 43 17 39 
42 39 27 50 36 40 44 00 07 48 23 32 15 43 20 34 49 26 05 53 08 21 54 35 37 47 14 12 46 30 13 45 17 04 18 33 29 02 52 01 24 51 11 10 03 38 22 31 19 06 09 41 28 16 25 
37 54 39 28 51 08 03 52 02 16 53 24 33 47 21 17 19 05 23 25 48 11 22 15 36 31 49 14 41 45 27 38 46 18 00 44 34 30 06 12 43 09 50 40 29 01 35 07 13 32 42 10 04 20 26 
39 19 50 29 22 53 01 31 36 04 16 33 45 06 00 52 42 43 44 20 28 47 13 23 54 32 09 51 26 41 08 10 25 14 48 38 11 49 07 17 46 35 03 30 24 40 27 18 34 05 15 37 21 12 02 
01 14 18 51 30 12 48 43 32 46 00 13 34 39 07 27 44 29 37 52 17 15 49 10 24 54 33 02 50 23 42 53 11 26 40 08 35 05 47 04 21 45 36 20 22 28 41 06 09 19 38 16 25 31 03 
27 47 43 41 50 33 38 53 21 31 45 02 14 52 40 08 03 18 30 22 44 17 28 34 11 25 54 39 06 51 24 16 48 12 23 49 05 36 09 37 00 19 46 15 26 42 29 20 32 07 13 35 01 10 04 
51 13 28 21 20 22 34 10 48 15 32 46 03 29 44 41 05 52 19 27 35 16 18 54 31 12 26 25 40 04 50 24 42 53 09 07 47 06 37 45 38 02 01 49 43 30 39 08 11 17 36 14 23 33 00 
20 30 21 49 33 34 52 11 29 47 17 35 37 36 26 24 53 13 40 46 43 05 45 01 12 51 23 27 54 08 10 48 39 32 15 00 42 18 50 07 02 44 14 04 09 31 38 03 41 22 16 28 06 25 19 
34 46 17 22 47 30 19 44 12 38 49 18 36 48 37 23 09 21 14 31 45 00 25 24 43 16 50 11 28 54 05 03 53 40 33 51 02 39 41 15 08 06 52 27 07 35 32 01 26 04 29 13 10 42 20 
49 07 31 18 01 09 27 32 52 37 35 47 19 26 53 38 24 46 22 15 42 28 02 51 25 21 10 06 12 29 54 34 13 48 41 20 50 03 40 44 16 05 04 45 11 33 36 00 39 43 14 30 08 23 17 
43 03 47 32 19 44 10 28 17 20 38 36 49 25 11 48 35 33 45 01 16 46 29 14 50 26 22 54 07 09 30 42 31 00 53 41 39 51 04 08 52 13 06 23 05 37 34 21 24 02 27 15 12 40 18 
21 45 30 06 44 43 16 50 34 25 46 15 00 51 05 39 38 27 17 28 47 14 41 12 33 22 53 23 09 48 40 31 54 24 11 52 37 08 19 02 36 03 49 18 42 07 01 29 10 35 20 04 32 26 13 
52 35 22 27 13 31 21 29 51 02 26 45 16 01 50 06 40 49 28 18 10 19 15 48 09 34 04 41 24 20 53 12 32 54 25 42 44 38 05 47 03 37 07 46 33 43 08 36 23 30 00 17 39 11 14 
08 16 44 01 28 50 32 22 14 13 03 23 46 41 36 51 07 30 47 29 19 45 20 43 53 10 31 48 42 25 11 26 09 33 54 06 17 52 35 00 49 04 38 39 40 05 21 27 12 37 18 02 34 24 15 
29 17 15 52 43 27 51 33 01 45 14 04 24 08 42 21 50 20 12 49 30 37 46 32 02 48 11 18 53 39 26 54 23 10 34 36 07 40 44 35 05 47 00 13 31 22 06 38 25 28 03 19 41 09 16 
45 32 25 02 42 41 15 04 46 40 29 50 22 20 48 16 34 47 09 37 26 31 05 49 06 18 01 03 21 07 51 27 10 52 38 35 54 19 12 53 28 24 13 44 39 23 14 17 36 11 30 33 00 08 43 
17 06 46 26 03 45 42 16 23 01 41 30 51 31 33 53 13 08 49 10 38 52 32 39 47 07 19 50 04 22 00 35 28 43 44 09 36 54 20 14 48 29 25 11 02 15 24 12 05 18 34 27 40 37 21 
04 33 40 45 23 02 46 39 13 50 43 42 27 14 32 18 48 35 24 47 11 34 44 20 21 49 08 05 51 00 01 52 36 29 12 17 10 37 54 26 15 53 30 07 41 25 16 19 38 09 28 31 03 06 22 
24 52 00 19 46 14 25 45 40 28 51 21 39 53 15 33 31 12 36 06 49 08 09 05 17 41 47 43 03 50 02 22 44 37 30 54 18 11 38 27 23 16 48 34 04 13 26 10 07 20 32 29 42 35 01 
23 41 49 42 38 46 07 03 11 32 25 00 48 22 08 50 20 14 52 26 06 51 10 36 45 35 16 44 13 28 43 04 19 17 47 31 30 53 29 39 54 01 09 33 15 18 40 24 37 27 12 21 05 02 34 
35 11 37 47 39 21 45 08 04 53 33 26 02 17 01 05 51 07 27 44 23 12 50 13 18 46 36 15 52 14 29 49 00 20 24 30 32 34 48 10 40 54 43 42 06 41 19 28 03 25 22 09 16 38 31 
40 51 36 25 49 00 09 46 05 03 48 34 23 50 18 43 06 24 08 16 52 39 31 37 14 38 45 30 22 44 15 19 47 02 17 53 27 33 28 21 11 41 54 12 13 20 42 26 35 29 10 01 07 04 32 
47 10 41 37 35 06 02 01 45 24 04 53 31 07 51 19 21 44 25 05 29 09 40 46 38 15 20 16 27 13 52 18 26 49 03 32 48 28 34 54 22 12 42 50 08 39 17 30 00 23 43 11 14 36 33 
30 09 51 35 41 52 04 06 00 26 31 14 53 19 17 47 01 23 48 07 25 54 42 33 49 13 38 45 29 16 39 20 03 36 46 28 08 44 32 11 50 10 22 43 27 21 37 05 15 34 40 12 02 18 24 
25 15 35 23 37 07 11 05 09 36 18 38 20 34 19 32 17 41 04 39 02 13 08 31 42 33 40 10 30 12 28 43 24 22 26 21 16 01 14 03 29 00 27 06 44 54 50 53 45 51 48 52 47 46 49 
09 18 04 11 02 35 33 37 31 08 27 06 29 12 16 10 14 25 13 23 15 20 39 22 07 43 05 26 17 24 19 30 40 28 42 34 03 32 00 38 01 36 21 41 47 45 54 51 44 46 52 49 53 48 50 
03 40 10 00 12 32 36 34 38 30 05 28 07 15 09 13 11 16 26 14 24 42 17 06 01 08 21 20 23 18 25 39 27 41 29 02 31 04 33 22 35 43 37 19 49 48 46 54 52 45 47 53 50 44 51 
16 24 32 14 34 01 00 21 03 43 40 22 42 02 25 04 23 19 10 17 12 26 30 38 29 36 27 13 39 15 41 08 18 06 20 37 09 35 11 31 07 33 05 28 45 50 49 47 54 53 46 48 44 51 52 
06 37 42 08 40 26 39 24 41 14 02 16 04 27 22 29 43 38 07 36 05 35 00 25 10 23 12 01 33 21 31 11 34 09 32 18 28 20 30 19 13 17 15 03 52 46 51 50 48 54 44 47 49 45 53 
31 27 13 33 15 04 43 02 22 39 21 41 01 24 03 26 00 09 20 11 18 29 23 28 35 30 37 42 14 40 16 17 05 19 07 12 38 10 36 06 32 08 34 25 46 53 47 52 51 49 54 45 48 50 44 
19 12 01 17 21 29 14 27 16 33 24 31 26 37 41 35 39 28 32 30 34 10 43 03 20 00 18 04 08 02 06 36 15 38 13 05 25 07 23 09 42 11 40 22 51 47 44 48 53 52 50 54 46 49 45 
22 21 20 43 18 13 30 15 28 23 34 25 32 40 38 42 36 31 29 33 27 01 11 19 04 17 02 07 00 05 03 14 37 16 35 24 06 26 08 41 10 39 12 09 50 52 48 45 49 44 53 51 54 47 46 
38 05 26 36 24 10 08 12 06 17 37 19 35 18 31 20 33 03 42 00 40 07 14 41 32 39 34 29 11 27 09 23 21 25 01 15 22 13 43 28 04 30 02 16 48 51 53 49 46 50 45 44 52 54 47 
41 02 07 39 05 42 23 40 25 00 15 03 13 21 28 01 30 06 35 08 37 04 36 09 26 11 24 32 43 34 22 33 12 31 10 27 19 29 17 16 20 14 18 38 54 49 52 44 50 47 51 46 45 53 48 
28 34 29 30 27 20 17 18 19 11 12 09 10 05 06 07 08 22 01 43 21 32 33 16 13 14 15 35 36 37 38 00 02 03 04 40 41 42 39 25 26 23 24 31 53 44 45 46 47 48 49 50 51 52 54 
