00 54 03 02 25 35 29 33 39 51 21 47 43 17 45 36 50 06 49 40 28 07 53 44 34 13 37 48 42 10 41 52 16 04 46 11 27 18 24 09 31 22 38 05 15 26 32 08 19 30 20 12 23 14 01 
03 01 54 00 30 40 14 18 44 36 26 52 48 22 10 46 37 21 04 50 41 35 06 34 45 33 07 38 49 39 13 42 53 47 15 25 12 28 19 51 11 32 23 29 09 16 27 43 05 20 31 17 08 24 02 
01 00 02 54 15 45 19 23 49 41 31 37 53 27 44 13 47 38 52 10 51 42 26 04 35 46 40 06 39 50 18 07 43 34 25 16 22 08 29 20 30 12 33 24 36 11 17 28 14 09 21 32 48 05 03 
54 02 01 03 20 50 24 28 34 46 16 42 38 32 35 23 07 48 39 49 13 52 43 37 10 36 47 31 04 40 51 45 06 44 09 26 17 53 05 30 21 27 08 14 25 15 12 18 29 41 11 22 33 19 00 
36 41 46 51 04 54 10 13 05 11 08 12 07 06 42 29 48 23 16 47 14 53 28 21 52 19 38 33 26 37 24 43 18 31 44 03 20 17 40 49 00 25 22 45 34 01 30 27 50 39 02 15 32 35 09 
26 31 16 21 07 05 54 11 04 06 12 09 13 08 24 01 40 37 20 29 02 45 42 25 14 03 50 47 30 19 00 35 52 15 22 49 28 43 36 27 34 33 48 41 32 39 18 53 46 17 44 23 38 51 10 
40 45 50 35 09 08 06 54 12 05 07 13 10 04 28 47 22 15 46 33 52 27 20 51 18 37 32 25 36 23 42 17 30 41 02 19 16 39 48 03 24 21 44 53 00 29 26 49 38 01 14 31 34 43 11 
44 49 34 39 05 10 09 07 54 13 06 08 04 11 46 21 14 45 32 51 26 19 50 17 36 31 24 35 22 41 16 29 40 27 18 15 38 47 02 23 20 43 52 03 28 25 48 37 00 33 30 53 42 01 12 
30 15 20 25 12 06 11 10 08 54 04 07 09 05 00 39 36 19 28 01 44 41 24 33 02 49 46 29 18 03 34 51 14 23 48 27 42 35 26 53 32 47 40 31 38 17 52 45 16 43 22 37 50 21 13 
22 27 32 17 06 13 07 12 11 09 54 05 08 10 16 25 02 41 38 21 30 03 46 43 26 15 00 51 48 31 20 01 36 53 52 23 50 29 44 37 28 35 14 49 42 33 40 19 34 47 18 45 24 39 04 
52 37 42 47 11 07 04 08 13 12 10 54 06 09 32 43 30 49 24 17 48 15 34 29 22 53 20 39 14 27 38 25 44 19 36 45 00 21 18 41 50 01 26 23 46 35 02 31 28 51 40 03 16 33 05 
18 23 28 33 10 12 08 05 09 04 13 11 54 07 34 17 26 03 42 39 22 31 00 47 44 27 16 01 52 49 32 21 02 37 40 53 24 51 30 45 38 29 36 15 50 43 14 41 20 35 48 19 46 25 06 
14 19 24 29 08 11 13 09 06 10 05 04 12 54 38 35 18 27 00 43 40 23 32 01 48 45 28 17 02 53 50 33 22 03 26 41 34 25 52 31 46 39 30 37 16 51 44 15 42 21 36 49 20 47 07 
48 53 38 43 54 09 12 04 10 07 11 06 05 13 20 33 44 31 50 25 18 49 16 35 30 23 34 21 40 15 28 39 26 45 14 37 46 01 22 19 42 51 02 27 24 47 36 03 32 29 52 41 00 17 08 
21 16 40 11 27 19 41 53 15 03 49 45 37 23 14 54 35 42 44 05 01 50 36 09 29 00 30 07 25 24 48 10 47 20 17 34 18 06 51 32 22 08 43 46 52 04 33 38 02 12 39 28 26 13 31 
12 22 17 49 42 16 34 24 38 20 28 00 46 50 21 15 54 36 43 41 09 02 51 31 11 30 01 23 06 26 25 19 13 48 07 18 35 27 04 52 33 45 05 44 47 03 10 14 39 53 08 40 29 37 32 
38 08 23 18 35 39 25 51 47 17 43 21 01 29 49 22 16 54 37 44 34 11 03 52 32 12 31 02 20 04 27 26 00 07 50 06 19 36 28 10 53 14 24 09 45 48 42 13 15 40 46 05 41 30 33 
19 47 05 24 26 48 52 30 02 40 36 18 22 44 06 50 23 17 54 38 45 39 12 00 53 35 08 32 03 21 10 28 27 43 31 29 04 20 37 33 13 34 15 51 11 46 49 25 07 16 41 01 09 42 14 
25 20 36 09 53 03 31 45 23 49 27 41 19 37 48 04 51 24 18 54 39 46 30 08 01 34 52 05 33 00 02 13 29 28 43 32 14 10 21 38 44 07 35 16 22 12 47 50 26 06 17 42 40 11 15 
11 26 21 45 32 24 46 38 20 00 34 50 42 28 29 53 10 52 25 19 54 40 47 49 05 02 35 41 09 14 01 15 07 30 12 44 33 31 13 22 39 23 06 36 17 27 08 48 51 37 04 18 43 03 16 
34 12 27 22 47 21 39 29 43 25 33 01 51 35 31 30 24 13 53 26 20 54 41 48 46 09 03 36 16 11 15 02 28 06 38 08 45 14 42 07 23 40 32 04 37 18 50 05 49 52 00 10 19 44 17 
23 43 08 28 40 44 30 36 52 22 48 26 02 14 04 32 31 01 07 34 27 21 54 42 49 39 11 00 37 17 12 16 03 25 45 51 05 46 15 35 06 24 41 33 10 38 19 29 09 50 53 47 13 20 18 
29 24 52 05 31 53 37 15 03 45 41 23 27 49 26 10 33 32 48 06 35 28 22 54 43 50 44 12 01 38 40 08 17 00 21 46 02 09 47 16 14 04 25 42 18 13 39 20 36 11 51 34 30 07 19 
09 30 25 41 38 00 16 50 28 34 32 46 24 42 01 03 13 14 33 53 04 36 29 23 54 44 51 15 08 02 39 37 05 18 06 22 47 45 11 48 17 19 10 26 43 49 07 40 21 27 12 52 35 31 20 
50 11 31 26 17 29 51 43 25 01 39 35 47 33 19 02 20 07 15 14 38 10 37 30 24 54 45 52 34 05 03 40 46 09 42 04 23 48 00 12 49 18 16 13 27 44 28 06 41 22 32 08 53 36 21 
27 39 12 32 52 26 44 14 48 30 18 02 36 40 11 20 03 33 06 16 15 29 13 38 31 25 54 46 53 51 09 00 41 21 37 01 10 24 49 43 08 50 19 47 07 28 45 17 04 42 23 35 05 34 22 
33 28 48 08 45 49 15 41 37 27 53 31 03 19 22 12 21 00 30 04 17 16 02 07 39 32 26 54 47 34 44 11 01 42 35 38 52 13 25 50 36 05 51 20 40 06 29 46 18 10 43 24 14 09 23 
05 14 29 37 16 38 42 20 00 50 46 28 32 34 43 45 08 22 01 31 10 18 17 53 06 40 33 27 54 48 35 49 12 02 11 36 39 15 07 26 51 03 09 52 21 19 04 30 47 23 13 44 25 41 24 
46 09 15 30 43 01 21 35 33 39 17 51 29 47 03 44 42 05 23 02 00 13 19 18 38 04 41 14 28 54 49 36 20 08 32 12 37 40 16 06 27 52 50 11 53 22 24 10 31 48 34 07 45 26 25 
31 35 11 16 22 14 36 48 30 02 44 40 52 18 05 00 45 51 09 24 03 25 07 20 19 43 10 42 15 29 54 50 37 39 27 17 08 38 41 47 04 28 53 01 12 34 23 21 13 32 49 33 06 46 26 
17 32 44 12 37 31 49 19 53 15 23 03 41 45 36 09 01 46 26 11 25 00 18 06 21 20 14 13 43 16 30 54 51 38 47 28 40 05 39 42 02 10 29 34 48 08 35 24 52 07 33 50 22 04 27 
08 18 33 53 50 34 20 46 42 32 38 16 00 24 39 49 11 02 47 27 12 26 01 15 04 22 21 03 07 44 17 31 54 52 10 48 29 19 09 40 43 37 13 30 35 41 05 36 25 45 06 14 51 23 28 
42 05 19 14 21 43 47 25 01 35 51 33 17 39 53 40 34 12 03 48 50 08 27 02 16 10 23 22 38 06 45 18 32 54 28 13 49 30 46 11 41 44 20 07 31 36 00 09 37 26 24 04 15 52 29 
15 51 09 20 48 02 26 40 18 44 22 36 14 52 54 34 41 25 08 00 49 47 05 28 03 01 13 24 23 43 04 46 19 33 53 39 07 50 31 17 12 42 45 21 06 32 37 35 11 38 27 29 10 16 30 
20 13 41 36 39 47 35 17 21 29 01 43 33 25 37 14 32 08 31 52 16 06 23 26 00 05 53 18 24 07 19 48 42 11 34 54 15 22 50 04 03 30 46 10 49 02 38 12 45 44 28 09 27 40 51 
37 29 07 42 36 22 18 26 14 48 40 30 44 02 12 38 15 43 05 32 53 01 04 24 27 17 09 34 19 47 06 20 49 51 41 35 54 16 23 21 10 00 31 39 13 50 03 33 08 46 45 25 11 28 52 
43 38 18 06 19 15 27 03 45 23 37 49 31 41 30 08 39 16 40 09 33 34 14 10 25 28 48 11 35 20 52 04 21 50 29 42 36 54 17 24 26 13 01 32 02 07 51 00 22 05 47 46 44 12 53 
04 44 39 27 28 46 00 42 32 16 20 24 50 38 51 41 05 40 17 45 11 14 35 03 13 26 29 49 12 36 21 23 10 22 08 30 43 37 54 18 25 31 07 02 33 53 06 52 01 19 09 48 47 15 34 
16 10 45 40 01 33 43 39 51 47 29 17 25 21 23 52 46 09 41 18 24 12 15 36 28 07 27 30 32 08 37 22 50 13 20 05 31 44 38 54 19 26 00 06 03 14 34 04 53 02 42 11 49 48 35 
41 25 13 46 44 52 40 22 26 14 02 48 18 30 07 24 53 47 11 42 19 17 08 16 37 21 06 28 31 01 05 38 23 29 49 33 09 32 45 39 54 20 27 35 04 00 15 51 10 34 03 43 12 50 36 
47 42 14 07 41 27 23 31 19 53 45 15 49 03 52 06 25 34 36 12 43 20 48 05 17 38 02 04 29 32 22 09 39 24 51 50 30 11 33 46 40 54 21 28 26 10 01 16 44 13 35 00 18 08 37 
06 48 43 23 24 20 32 00 50 28 42 34 16 46 25 37 04 26 35 15 08 44 21 45 09 18 39 19 10 30 33 53 11 40 05 52 51 49 12 14 47 41 54 22 29 31 13 02 17 03 07 36 01 27 38 
32 04 49 44 33 51 01 47 17 21 25 29 35 43 41 26 28 10 27 36 46 05 45 22 50 11 19 40 00 13 31 14 34 12 24 09 53 52 20 08 15 48 42 54 23 30 16 07 03 18 38 06 37 02 39 
45 21 10 50 02 18 48 44 36 52 14 22 30 26 08 42 27 35 13 28 37 51 09 46 23 29 12 20 41 33 07 32 15 17 03 47 11 34 53 25 05 16 49 43 54 24 31 01 06 00 19 39 04 38 40 
51 46 30 13 49 37 45 27 31 19 03 53 23 15 02 05 43 28 14 07 29 38 52 11 47 24 22 08 21 42 26 06 33 16 39 00 48 12 35 34 18 09 17 50 44 54 25 32 40 04 01 20 36 10 41 
07 52 47 19 46 32 28 16 24 38 50 20 34 00 17 27 09 44 29 37 06 30 39 41 12 48 25 53 05 22 43 03 04 14 13 40 01 23 08 36 35 15 11 18 51 45 54 26 33 31 10 02 21 49 42 
28 06 53 48 29 25 17 01 35 33 47 39 21 51 15 18 38 11 45 30 42 04 31 40 20 08 49 26 50 09 23 44 24 10 00 07 41 02 32 05 37 36 34 12 19 52 46 54 27 14 16 13 03 22 43 
49 17 04 34 18 36 02 52 22 26 30 14 40 48 13 16 19 39 12 46 31 33 10 32 41 51 05 50 27 35 11 24 45 01 23 43 06 42 03 29 09 38 37 25 08 20 53 47 54 28 15 21 07 00 44 
35 50 26 10 03 23 53 49 41 37 19 27 15 31 18 07 17 20 22 08 47 32 40 13 33 42 36 09 51 28 14 12 25 46 01 24 44 04 43 00 52 11 39 38 30 05 21 34 48 54 29 16 02 06 45 
13 36 51 15 34 42 50 32 16 24 00 38 28 20 47 31 06 18 21 03 05 48 33 19 07 14 43 37 11 52 29 27 08 26 04 02 25 41 10 44 01 53 12 40 39 23 09 22 35 49 54 30 17 45 46 
24 07 37 52 51 17 33 21 29 43 35 25 39 01 27 48 00 04 19 22 32 09 49 14 42 06 15 44 46 12 53 30 38 05 16 10 03 26 34 13 45 02 28 08 41 40 20 11 23 36 50 54 31 18 47 
53 33 06 38 14 30 22 02 40 18 52 44 26 36 09 28 49 29 10 20 23 43 11 50 15 47 04 16 45 25 08 34 31 35 19 21 13 00 27 01 07 46 03 17 05 42 41 39 12 24 37 51 54 32 48 
39 34 22 04 23 41 03 37 27 31 15 19 45 53 40 11 29 50 02 13 21 24 44 12 51 16 18 10 17 46 36 05 35 32 33 20 26 07 01 28 48 06 47 00 14 09 43 42 30 08 25 38 52 54 49 
10 40 35 31 00 28 38 34 46 42 24 32 20 16 33 19 12 30 51 23 07 22 25 27 08 52 17 45 13 18 47 41 09 36 54 14 21 03 06 02 29 49 04 48 01 37 11 44 43 15 05 26 39 53 50 
02 03 00 01 13 04 05 06 07 08 09 10 11 12 50 51 52 53 34 35 36 37 38 39 40 41 42 43 44 45 46 47 48 49 30 31 32 33 14 15 16 17 18 19 20 21 22 23 24 25 26 27 28 29 54 
