00 36 54 14 10 21 49 17 26 48 08 29 27 11 03 37 45 32 34 46 04 40 44 42 05 52 30 15 53 33 35 51 43 07 12 23 13 24 47 20 18 50 39 01 38 16 22 09 31 28 02 19 41 25 06 
38 01 40 10 52 02 05 26 51 34 13 46 25 32 50 22 18 49 06 24 29 41 12 53 16 37 03 28 15 07 47 00 42 45 19 20 48 31 27 44 09 21 35 54 39 36 17 43 30 14 08 04 11 33 23 
11 52 02 54 15 23 09 46 18 16 51 05 30 47 12 04 41 00 33 25 49 43 06 27 39 31 44 36 19 50 34 22 48 21 08 45 24 14 28 40 17 38 53 37 42 10 29 13 20 01 26 32 35 03 07 
16 42 12 03 54 19 24 01 49 27 29 48 06 35 45 09 00 46 02 34 32 38 21 52 28 40 07 31 37 13 53 05 10 51 22 26 47 25 15 50 41 18 20 44 36 14 43 11 33 30 04 17 39 23 08 
54 22 13 09 04 46 20 25 11 07 28 14 51 02 39 47 10 23 49 03 31 52 35 33 44 29 41 50 32 38 17 01 06 43 48 16 30 45 26 36 53 42 19 08 40 12 27 15 18 21 24 34 37 00 05 
34 04 46 17 32 05 54 30 10 50 36 20 24 23 35 40 53 01 21 44 14 15 48 26 37 49 43 18 51 11 07 52 33 42 27 39 03 00 45 13 12 47 08 29 02 19 31 25 09 22 16 28 06 41 38 
33 51 38 49 18 11 06 54 27 25 53 37 17 50 24 36 28 15 43 41 52 30 31 21 23 16 46 08 22 48 12 02 44 34 39 47 40 04 19 05 14 09 45 00 07 26 01 20 29 32 42 10 03 13 35 
19 13 34 32 46 28 12 07 54 18 26 50 38 42 53 25 37 44 16 21 01 02 27 49 22 24 35 09 05 20 51 40 29 52 31 03 45 41 00 47 06 15 10 48 04 17 33 23 11 43 14 30 08 39 36 
49 28 20 31 36 54 29 09 08 35 19 23 53 38 30 50 26 39 52 13 22 51 03 14 46 01 25 48 10 06 43 32 41 04 44 02 17 47 42 11 45 07 16 33 05 24 21 18 27 34 40 12 00 15 37 
08 46 28 48 05 36 22 50 37 09 54 12 11 51 27 30 31 40 39 06 44 23 02 00 04 38 47 17 25 53 18 41 45 15 14 52 21 43 16 34 33 19 49 24 32 29 03 07 35 13 01 20 26 42 10 
06 35 05 26 51 38 37 32 53 12 10 54 09 07 48 28 27 52 41 40 03 25 24 45 02 00 01 19 18 42 50 15 20 47 16 29 44 22 21 46 31 34 13 49 23 08 14 30 17 04 39 36 33 43 11 
48 25 07 06 30 50 35 38 43 10 09 11 54 28 33 51 29 08 44 42 41 46 26 36 47 03 02 53 20 19 23 13 16 39 45 22 14 52 01 17 49 32 31 04 34 27 00 05 37 15 21 18 24 40 12 
24 23 51 08 07 34 53 36 35 54 11 10 12 30 29 05 48 42 00 52 39 37 49 03 21 45 04 40 50 17 20 47 14 13 18 43 01 27 44 32 15 46 33 26 25 06 16 28 19 02 41 38 31 22 09 
09 20 15 01 47 25 18 35 50 05 03 51 28 13 54 02 12 45 31 00 07 22 37 48 41 27 42 38 34 10 46 21 26 44 06 32 49 16 24 52 19 40 29 53 43 11 08 04 36 39 33 23 17 14 30 
45 38 10 16 17 53 26 19 04 29 06 08 48 09 14 54 03 33 47 32 02 50 01 11 51 42 28 49 35 31 39 07 22 30 52 25 23 46 13 43 44 20 41 36 18 00 40 12 24 05 15 37 21 34 27 
21 43 47 11 13 37 50 23 20 51 30 07 00 04 10 15 54 03 05 45 33 18 53 29 40 48 39 12 46 36 32 44 08 01 24 14 26 34 49 42 27 52 17 35 22 09 06 02 38 41 31 25 19 16 28 
14 50 19 45 12 17 02 53 24 06 48 27 08 54 00 11 16 34 04 31 47 36 38 40 30 09 51 33 41 49 37 28 52 05 43 46 15 23 25 18 39 22 44 21 20 03 42 10 26 07 13 35 01 32 29 
46 31 03 25 08 44 13 41 14 42 22 30 52 16 43 45 32 17 54 35 09 49 07 39 48 20 06 47 01 02 36 29 38 11 50 19 04 53 10 33 51 26 28 23 24 34 18 00 15 27 12 21 05 37 40 
15 08 49 04 26 12 52 14 42 44 39 01 37 33 13 24 47 10 18 54 36 00 46 07 27 51 17 34 45 43 03 53 30 35 05 11 20 40 50 29 21 48 23 32 06 02 28 31 22 19 38 16 25 09 41 
23 49 06 46 00 39 16 44 15 28 52 40 43 45 34 14 22 37 11 19 54 33 25 18 08 41 48 04 38 47 21 09 50 27 36 53 12 17 02 24 30 31 51 05 26 32 20 03 13 29 10 01 07 35 42 
02 03 24 13 49 16 40 10 52 21 35 44 41 26 47 31 15 54 38 12 20 06 34 51 19 05 29 22 00 32 45 37 07 53 28 42 50 09 18 48 25 27 01 46 08 04 30 33 43 17 36 14 23 11 39 
12 39 52 36 42 24 51 04 07 46 23 32 15 43 20 34 50 26 27 49 08 21 54 35 00 53 14 05 47 30 13 45 17 03 40 33 29 18 48 01 37 44 11 10 41 38 19 22 28 16 06 02 09 31 25 
39 54 41 44 37 08 19 48 00 38 49 24 33 53 21 17 06 05 23 09 46 11 22 15 36 02 50 14 16 45 27 25 47 18 04 51 34 30 31 12 43 28 52 40 10 01 13 35 03 20 32 29 42 07 26 
52 19 29 22 11 49 01 31 33 03 16 39 45 06 17 48 42 30 51 20 28 53 13 23 54 32 09 44 26 41 04 10 25 36 46 38 43 50 07 08 47 35 02 14 37 40 34 27 21 12 05 24 15 18 00 
18 14 44 30 01 27 46 43 32 47 04 13 40 39 07 00 51 29 12 48 17 34 50 10 24 54 33 21 52 23 42 49 11 26 37 08 35 15 53 03 05 45 36 20 16 28 09 41 25 31 19 22 38 06 02 
43 53 09 52 27 33 31 49 21 41 45 00 14 48 40 08 19 18 30 28 51 17 16 34 11 25 54 39 02 44 24 38 46 12 23 50 05 36 22 37 04 06 47 15 35 42 32 29 01 10 07 26 13 20 03 
28 32 21 20 44 22 34 29 46 15 42 47 02 03 51 41 05 48 19 27 10 16 18 54 31 12 26 25 40 01 52 24 35 49 09 13 53 06 37 45 38 00 07 50 14 30 11 39 23 33 17 43 36 08 04 
05 30 50 33 20 40 48 11 29 53 17 35 34 36 26 18 49 13 37 47 43 12 45 01 15 44 23 27 54 08 10 46 39 32 00 04 42 21 52 07 24 51 14 03 28 31 41 38 06 25 22 09 16 02 19 
17 47 22 53 34 30 38 51 12 31 50 18 36 46 37 23 25 21 14 16 45 04 09 24 43 06 52 11 28 54 05 19 49 40 33 44 00 39 41 15 08 02 48 27 13 35 26 32 10 42 03 07 29 01 20 
31 10 18 07 50 09 27 42 48 37 32 53 19 20 49 38 24 47 22 15 35 28 00 44 25 21 13 06 12 29 54 34 03 46 41 01 52 02 40 51 16 05 26 45 30 33 39 36 08 23 43 11 14 04 17 
53 02 32 19 43 51 10 28 36 20 38 33 50 25 23 46 35 14 45 01 16 47 29 08 52 26 22 54 07 09 30 42 31 17 49 41 39 44 03 04 48 13 06 11 15 37 24 34 12 40 00 05 27 21 18 
30 45 16 51 21 43 41 52 34 22 47 15 04 44 05 39 38 27 17 02 53 14 28 12 33 19 49 23 06 46 40 31 54 24 11 48 37 08 09 00 36 25 50 18 03 07 10 01 32 26 35 42 20 29 13 
22 29 27 35 48 31 21 13 44 00 01 45 16 10 52 06 40 50 28 18 42 19 15 46 09 34 20 41 24 26 49 12 32 54 25 07 51 38 05 53 02 37 03 47 17 43 23 08 39 11 30 33 04 36 14 
51 16 01 28 14 52 32 22 39 13 02 43 47 41 36 44 07 04 53 29 19 45 20 17 49 10 31 46 42 25 08 26 09 33 54 06 11 48 35 23 50 03 38 30 00 05 12 21 34 24 37 40 18 27 15 
37 17 48 43 29 15 44 33 01 45 14 03 21 08 42 12 52 20 40 50 30 27 47 32 18 46 11 24 49 39 26 54 23 10 34 36 07 05 51 35 00 53 04 13 19 22 25 06 41 09 28 31 02 38 16 
25 26 00 42 45 41 15 20 47 40 07 52 22 29 46 16 34 53 09 37 13 31 05 50 06 18 10 02 21 03 44 27 01 48 38 35 54 19 12 49 28 24 32 51 33 23 36 14 04 08 11 39 30 17 43 
47 06 26 02 33 45 42 16 23 01 41 17 44 31 04 49 13 43 50 10 38 48 32 30 53 07 19 52 03 22 11 35 28 08 51 09 36 54 20 14 46 29 25 39 27 15 05 24 40 37 18 00 34 12 21 
40 33 45 23 03 18 47 39 13 52 43 42 05 14 32 27 46 35 15 53 11 24 51 20 12 50 08 00 44 04 01 48 36 29 21 17 10 37 54 26 34 49 30 07 31 25 38 16 02 06 09 41 28 19 22 
04 48 31 47 24 14 25 45 40 19 44 21 39 49 15 33 02 12 36 22 50 08 41 05 17 28 53 43 09 52 00 06 51 37 30 54 18 11 38 27 23 16 46 34 29 13 07 26 42 35 20 03 32 10 01 
50 41 42 38 23 47 07 02 30 32 25 04 46 22 11 52 20 36 48 26 06 44 10 43 45 35 16 51 13 28 33 03 19 14 53 31 08 49 29 39 54 01 09 17 21 18 37 40 05 00 27 15 12 24 34 
27 11 53 39 35 00 45 08 03 49 33 26 18 17 01 21 44 07 24 51 23 05 52 13 34 47 36 37 48 14 29 50 04 20 15 30 32 12 46 10 40 54 43 42 09 41 02 19 16 38 25 06 22 28 31 
36 44 25 50 40 04 28 47 05 02 46 34 23 52 18 43 09 24 08 38 48 39 19 37 14 22 45 30 31 51 15 16 53 00 17 49 27 33 06 21 11 41 54 12 01 20 35 42 07 03 29 13 10 26 32 
41 07 37 29 53 06 00 03 45 24 20 49 31 01 44 19 21 51 25 05 26 09 40 47 38 15 32 16 27 35 48 18 13 50 02 10 46 28 34 54 22 12 42 52 11 39 04 17 14 36 23 08 43 30 33 
44 09 35 41 39 48 03 06 17 26 31 36 49 19 08 53 01 11 46 07 25 54 42 04 50 13 38 45 29 16 14 20 02 23 47 28 33 51 32 30 52 10 22 43 12 21 15 37 00 18 34 27 40 05 24 
20 21 43 18 22 13 30 15 28 23 34 25 32 40 38 42 36 31 29 33 27 01 11 19 03 17 00 07 04 05 02 14 37 16 35 24 06 26 08 41 10 39 12 09 44 54 52 46 51 45 48 49 53 50 47 
03 18 11 00 09 35 33 37 31 08 27 06 29 12 16 10 14 25 13 23 15 20 39 22 07 43 05 26 17 24 19 30 40 28 42 34 02 32 04 38 01 36 21 41 52 45 54 53 47 51 46 44 50 49 48 
42 37 08 40 06 26 39 24 41 14 00 16 03 27 22 29 43 38 07 36 05 35 04 25 10 23 12 01 33 21 31 11 34 09 32 18 28 20 30 19 13 17 15 02 48 53 46 54 49 50 52 47 45 51 44 
10 40 04 12 02 32 36 34 38 30 05 28 07 15 09 13 11 16 26 14 24 42 17 06 01 08 21 20 23 18 25 39 27 41 29 00 31 03 33 22 35 43 37 19 50 44 49 47 54 52 51 53 48 46 45 
26 05 36 24 38 10 08 12 06 17 37 19 35 18 31 20 33 02 42 04 40 07 14 41 32 39 34 29 11 27 09 23 21 25 01 15 22 13 43 28 03 30 00 16 54 51 45 50 48 47 53 52 49 44 46 
07 00 39 05 41 42 23 40 25 04 15 02 13 21 28 01 30 06 35 08 37 03 36 09 26 11 24 32 43 34 22 33 12 31 10 27 19 29 17 16 20 14 18 38 46 50 53 45 44 49 54 48 51 47 52 
13 27 33 15 31 03 43 00 22 39 21 41 01 24 02 26 04 09 20 11 18 29 23 28 35 30 37 42 14 40 16 17 05 19 07 12 38 10 36 06 32 08 34 25 45 47 51 49 46 48 50 54 44 52 53 
35 15 23 37 25 07 11 05 09 36 18 38 20 34 19 32 17 41 03 39 00 13 08 31 42 33 40 10 30 12 28 43 24 22 26 21 16 01 14 02 29 04 27 06 47 46 48 52 50 53 44 51 54 45 49 
01 12 17 21 19 29 14 27 16 33 24 31 26 37 41 35 39 28 32 30 34 10 43 02 20 04 18 03 08 00 06 36 15 38 13 05 25 07 23 09 42 11 40 22 51 48 47 44 53 46 49 45 52 54 50 
32 24 14 34 16 01 04 21 02 43 40 22 42 00 25 03 23 19 10 17 12 26 30 38 29 36 27 13 39 15 41 08 18 06 20 37 09 35 11 31 07 33 05 28 49 52 44 48 45 54 47 50 46 53 51 
29 34 30 27 28 20 17 18 19 11 12 09 10 05 06 07 08 22 01 43 21 32 33 16 13 14 15 35 36 37 38 04 00 02 03 40 41 42 39 25 26 23 24 31 53 49 50 51 52 44 45 46 47 48 54 
