00 54 11 02 10 26 31 16 21 04 13 12 09 01 24 06 40 37 20 29 07 45 42 25 14 08 50 47 30 19 05 35 52 15 22 49 28 43 36 27 34 33 48 41 32 39 18 53 46 17 44 23 38 51 03 
11 01 54 12 03 30 15 20 25 02 00 09 13 10 05 39 36 19 28 06 44 41 24 33 07 49 46 29 18 08 34 51 14 23 48 27 42 35 26 53 32 47 40 31 38 17 52 45 16 43 22 37 50 21 04 
04 12 02 54 13 44 49 34 39 11 03 01 10 09 46 21 14 45 32 51 26 19 50 17 36 31 24 35 22 41 16 29 40 27 18 15 38 47 07 23 20 43 52 08 28 25 48 37 05 33 30 53 42 06 00 
09 00 13 03 54 18 23 28 33 10 12 04 02 11 34 17 26 08 42 39 22 31 05 47 44 27 16 06 52 49 32 21 07 37 40 53 24 51 30 45 38 29 36 15 50 43 14 41 20 35 48 19 46 25 01 
54 10 01 09 04 40 45 50 35 12 11 13 00 03 28 47 22 15 46 33 52 27 20 51 18 37 32 25 36 23 42 17 30 41 07 19 16 39 48 08 24 21 44 53 05 29 26 49 38 06 14 31 34 43 02 
35 39 33 47 29 05 54 08 07 25 51 21 43 17 45 36 20 04 49 40 42 02 53 44 32 13 37 48 46 11 41 52 38 09 28 03 27 18 50 10 31 22 34 00 15 26 24 01 19 30 16 12 23 14 06 
40 44 18 52 14 08 06 54 05 30 36 26 48 22 11 46 37 43 09 50 41 25 04 34 45 47 02 38 49 17 13 42 53 51 15 21 12 28 19 33 03 32 23 35 10 16 27 39 00 20 31 29 01 24 07 
45 49 23 37 19 06 05 07 54 15 41 31 53 27 22 13 47 38 36 11 51 42 48 09 35 46 30 04 39 50 52 02 43 34 25 16 14 01 29 20 26 12 33 24 18 03 17 28 40 10 21 32 44 00 08 
50 34 28 42 24 54 07 06 08 20 46 16 38 32 35 37 02 48 39 27 13 52 43 41 11 36 47 53 09 40 51 15 04 44 10 26 17 49 00 30 21 19 01 14 25 31 12 18 29 23 03 22 33 45 05 
01 03 10 13 02 36 41 46 51 09 54 00 11 04 42 29 48 23 16 47 14 53 28 21 52 19 38 33 26 37 24 43 18 31 44 08 20 17 40 49 05 25 22 45 34 06 30 27 50 39 07 15 32 35 12 
03 02 04 11 09 22 27 32 17 00 10 54 01 12 16 25 07 41 38 21 30 08 46 43 26 15 05 51 48 31 20 06 36 53 52 23 50 29 44 37 28 35 14 49 42 33 40 19 34 47 18 45 24 39 13 
10 04 03 00 12 52 37 42 47 13 01 11 54 02 32 43 30 49 24 17 48 15 34 29 22 53 20 39 14 27 38 25 44 19 36 45 05 21 18 41 50 06 26 23 46 35 07 31 28 51 40 08 16 33 09 
13 11 00 04 01 14 19 24 29 03 09 02 12 54 38 35 18 27 05 43 40 23 32 06 48 45 28 17 07 53 50 33 22 08 26 41 34 25 52 31 46 39 30 37 16 51 44 15 42 21 36 49 20 47 10 
02 09 12 01 00 48 53 38 43 54 04 10 03 13 20 33 44 31 50 25 18 49 16 35 30 23 34 21 40 15 28 39 26 45 14 37 46 06 22 19 42 51 07 27 24 47 36 08 32 29 52 41 05 17 11 
19 15 53 45 41 21 16 26 03 27 08 49 37 23 14 54 35 42 07 00 06 50 44 10 29 05 52 02 25 24 36 11 47 20 17 34 18 04 51 32 22 01 43 46 48 09 33 38 30 12 39 28 40 13 31 
16 38 24 05 34 12 22 17 41 42 20 28 46 50 21 15 54 36 43 31 10 07 51 37 03 30 06 23 04 26 25 45 13 48 02 18 35 53 09 52 33 27 00 44 47 08 11 14 39 19 01 40 29 49 32 
39 47 51 21 25 28 01 23 18 35 17 43 06 29 49 22 16 54 37 44 32 03 08 52 34 12 31 07 24 09 27 26 42 02 20 04 19 36 05 11 53 14 46 10 45 48 50 13 15 40 38 00 41 30 33 
48 07 30 18 52 19 25 00 24 26 40 36 22 44 04 50 23 17 54 38 45 43 12 05 53 39 01 32 08 51 11 28 27 35 31 47 09 20 37 21 13 34 15 33 03 46 49 29 02 16 41 06 10 42 14 
08 23 45 41 31 25 20 48 10 53 49 27 19 37 40 09 51 24 18 54 39 46 36 01 06 34 22 00 33 05 14 13 29 28 43 32 30 11 21 38 44 02 35 16 52 12 47 50 26 04 17 42 07 03 15 
24 20 38 50 46 03 26 21 31 32 05 34 42 28 29 41 11 52 25 19 54 40 47 08 00 07 35 49 10 14 06 37 02 30 12 44 33 45 13 22 39 23 04 36 17 27 01 48 51 53 09 18 43 15 16 
21 43 29 06 39 46 12 27 22 47 25 33 51 35 31 30 50 13 53 26 20 54 41 48 16 10 08 36 42 03 15 07 28 04 24 01 45 14 34 02 23 40 38 09 37 18 32 00 49 52 05 11 19 44 17 
44 52 36 26 30 23 33 01 28 40 22 48 07 14 09 32 31 47 02 34 27 21 54 42 49 17 03 05 37 39 12 16 08 29 45 43 00 46 15 25 04 24 41 06 11 38 19 51 10 50 53 35 13 20 18 
53 08 15 23 37 29 24 30 00 31 45 41 27 49 36 11 33 32 40 04 35 28 22 54 43 50 48 12 06 38 44 01 17 05 21 46 07 10 47 16 52 09 25 42 26 13 39 20 18 03 51 34 14 02 19 
05 28 50 46 16 10 30 25 53 38 34 32 24 42 06 19 13 14 33 45 09 36 29 23 54 44 51 41 01 07 39 27 00 18 04 22 47 08 03 48 17 15 11 26 43 49 02 40 21 37 12 52 35 31 20 
29 25 43 35 51 16 03 31 26 17 06 39 47 33 19 07 42 02 15 14 46 11 37 30 24 54 45 52 05 00 08 40 34 10 38 09 23 48 20 12 49 18 50 13 27 44 28 04 41 22 32 01 53 36 21 
26 48 14 07 44 27 51 12 32 52 30 18 36 40 03 20 08 33 04 16 15 35 13 38 31 25 54 46 53 21 10 05 41 47 37 06 11 24 49 29 01 50 19 39 02 28 45 43 09 42 23 17 00 34 22 
49 37 41 31 15 33 28 18 01 45 27 53 08 19 44 12 21 05 14 09 17 16 52 02 39 32 26 54 47 34 22 03 06 42 35 38 40 13 25 50 48 00 51 20 30 04 29 46 07 11 43 24 36 10 23 
38 05 20 28 42 00 14 29 15 16 50 46 32 34 43 49 01 22 06 41 11 18 17 45 04 40 33 27 54 48 35 53 12 07 03 36 39 19 02 26 51 08 10 52 21 37 09 30 47 31 13 44 25 23 24 
06 33 35 51 21 38 10 15 30 43 39 17 29 47 08 44 32 00 23 07 24 13 19 18 50 09 41 14 28 54 49 36 46 01 42 12 37 40 16 04 27 52 05 03 53 22 20 11 31 48 34 02 45 26 25 
14 30 48 40 36 31 21 03 16 22 07 44 52 18 00 05 45 39 10 24 08 47 02 20 19 51 11 42 15 29 54 50 37 06 27 17 01 38 41 43 09 28 53 25 12 34 23 35 13 32 49 33 04 46 26 
31 53 19 08 49 17 32 36 12 37 15 23 41 45 26 10 06 46 52 03 25 05 18 04 21 20 40 13 43 16 30 54 51 38 47 28 22 00 39 42 07 11 29 34 14 01 35 24 44 02 33 50 48 09 27 
34 42 46 16 20 01 18 33 23 50 32 38 05 24 39 27 03 07 47 49 12 26 06 19 09 22 21 37 02 44 17 31 54 52 11 48 29 41 10 40 43 45 13 30 35 53 00 36 25 15 04 14 51 08 28 
43 06 25 33 47 20 00 19 14 21 35 51 17 39 53 40 38 12 08 48 34 01 27 07 46 11 23 22 50 04 45 18 32 54 16 13 49 30 28 03 41 44 24 02 31 36 05 10 37 26 42 09 15 52 29 
07 18 40 36 26 15 43 10 20 48 44 22 14 52 54 34 41 51 01 05 49 17 00 28 08 29 13 24 23 35 09 46 19 33 53 39 02 50 31 47 12 42 45 21 04 32 37 06 03 38 27 25 11 16 30 
47 21 17 43 35 32 13 41 36 39 29 06 33 25 37 14 46 01 31 52 05 04 23 26 28 00 53 18 16 02 19 48 50 03 34 54 15 22 42 09 08 30 20 11 49 07 38 12 45 44 24 10 27 40 51 
22 14 26 30 18 37 39 02 42 36 48 40 44 07 12 38 15 06 00 32 53 29 09 24 27 33 10 34 19 25 04 20 49 43 41 35 54 16 23 51 11 05 31 17 13 50 08 21 01 46 45 47 03 28 52 
15 45 08 49 27 43 38 40 04 19 23 37 31 41 52 01 39 16 44 10 33 34 26 11 25 28 18 03 35 20 48 09 21 50 29 42 36 54 17 24 30 13 06 32 07 02 51 05 14 00 47 46 22 12 53 
46 32 42 24 05 09 44 39 19 28 16 20 50 38 51 31 00 40 17 53 03 14 35 27 13 26 29 15 12 36 21 08 11 22 01 30 43 37 54 18 25 49 02 07 33 23 04 52 06 45 10 48 47 41 34 
33 51 39 17 43 42 11 45 40 06 47 29 25 21 23 52 34 10 41 18 50 12 15 36 05 02 27 30 20 01 37 22 24 13 32 00 31 44 38 54 19 26 28 04 08 14 16 09 53 07 46 03 49 48 35 
52 26 22 48 40 41 17 13 46 44 14 07 18 30 02 24 53 35 03 42 19 51 01 16 37 06 04 28 31 33 00 38 23 21 49 29 10 32 45 39 54 20 27 47 09 05 15 25 11 34 08 43 12 50 36 
27 19 31 15 23 47 42 44 02 41 53 45 49 08 30 04 25 34 48 12 43 20 07 00 17 38 14 09 29 32 18 10 39 24 51 50 52 03 33 46 40 54 21 28 36 11 06 16 22 13 35 05 26 01 37 
20 50 05 34 32 04 48 43 45 24 28 42 16 46 25 53 09 26 35 37 01 44 21 49 10 18 39 31 11 30 33 23 03 40 00 52 51 27 12 14 47 41 54 22 29 15 13 07 17 08 02 36 06 19 38 
51 17 47 29 06 24 09 49 44 33 21 25 35 43 41 26 05 11 27 36 16 00 45 22 38 03 19 40 32 13 31 14 20 12 50 10 53 52 46 01 15 48 42 54 23 30 34 02 08 18 28 04 37 07 39 
18 36 44 22 48 45 47 11 50 07 52 14 30 26 01 42 27 29 13 28 37 39 10 46 23 35 12 20 41 06 02 32 15 25 08 51 03 34 53 17 00 16 49 43 54 24 31 33 04 05 19 21 09 38 40 
37 31 27 53 45 51 46 22 13 49 19 08 23 15 18 00 43 28 26 02 29 38 40 03 47 24 36 01 21 42 07 04 33 16 39 05 48 12 35 34 14 10 17 50 44 54 25 32 52 09 06 20 30 11 41 
32 24 16 20 28 02 52 47 49 46 38 50 34 05 17 23 10 44 29 15 04 30 39 53 12 48 25 08 00 22 43 19 09 14 13 40 06 31 01 36 35 37 03 18 51 45 54 26 33 41 11 07 21 27 42 
25 35 06 39 17 50 04 53 48 29 33 47 21 51 15 18 28 03 45 30 38 09 31 40 42 01 49 26 34 10 23 44 16 11 05 02 41 07 24 00 37 36 32 12 19 52 46 54 27 14 20 13 08 22 43 
36 22 52 14 07 49 29 09 34 18 26 30 40 48 13 16 19 25 12 46 31 06 11 32 41 21 00 50 27 43 03 24 45 17 23 33 04 42 08 35 10 38 37 51 01 20 53 47 54 28 15 39 02 05 44 
23 41 49 27 53 35 50 52 11 08 37 19 15 31 07 02 17 20 30 01 47 32 14 13 33 42 44 10 51 28 40 12 25 46 06 24 26 09 43 05 36 03 39 38 22 00 21 34 48 54 29 16 18 04 45 
42 16 32 38 50 13 36 51 27 34 24 05 28 20 47 08 04 18 21 23 00 48 33 31 02 14 43 45 03 52 29 41 01 26 09 07 25 15 11 44 06 53 12 40 39 19 10 22 35 49 54 30 17 37 46 
17 29 21 25 33 34 02 37 52 51 43 35 39 06 27 48 24 09 19 22 28 10 49 14 20 04 15 44 38 12 53 30 05 00 46 11 08 26 32 13 45 07 16 01 41 40 42 03 23 36 50 54 31 18 47 
30 40 07 44 22 53 35 04 38 14 18 52 26 36 10 28 49 21 11 20 23 33 03 50 15 43 09 16 45 47 01 34 31 39 19 25 13 05 27 06 02 46 08 29 00 42 41 17 12 24 37 51 54 32 48 
41 27 37 19 08 39 34 14 09 23 31 15 45 53 48 03 29 50 22 13 21 24 30 12 51 16 07 11 17 46 26 00 35 32 33 20 44 02 06 28 18 04 47 05 40 10 43 42 36 01 25 38 52 54 49 
28 46 34 32 38 11 40 35 37 05 42 24 20 16 33 45 12 30 51 08 02 22 25 15 01 52 17 19 13 18 47 49 10 36 54 14 21 23 04 07 29 31 09 48 06 41 03 44 43 27 00 26 39 53 50 
12 13 09 10 11 07 08 05 06 01 02 03 04 00 50 51 52 53 34 35 36 37 38 39 40 41 42 43 44 45 46 47 48 49 30 31 32 33 14 15 16 17 18 19 20 21 22 23 24 25 26 27 28 29 54 
