00 54 27 02 26 23 37 42 51 19 31 05 18 40 16 13 47 52 41 09 33 15 08 50 06 04 29 28 25 01 34 14 44 24 36 53 17 22 11 49 32 35 48 20 46 43 07 12 21 39 30 45 38 10 03 
27 01 54 28 03 11 53 09 06 40 45 34 22 30 08 21 43 19 16 50 35 44 12 32 18 02 00 25 29 26 17 47 07 37 48 41 13 39 36 20 05 14 52 31 38 51 23 49 46 10 15 24 42 33 04 
04 28 02 54 29 07 24 38 43 52 20 32 06 19 41 17 14 48 53 42 10 30 16 09 51 27 03 01 26 25 05 35 15 45 11 37 34 18 23 12 50 33 36 49 21 47 44 08 13 22 40 31 46 39 00 
25 00 29 03 54 36 41 50 18 30 24 17 39 15 12 46 51 40 08 32 14 07 49 05 22 26 28 04 02 27 13 43 23 53 52 16 21 10 48 31 34 47 19 45 42 06 11 20 38 33 44 37 09 35 01 
54 26 01 25 04 15 31 21 14 36 12 09 43 48 37 05 33 11 24 46 22 19 53 38 47 28 27 29 00 03 50 10 40 20 07 45 32 51 44 16 42 39 23 08 17 35 30 41 34 06 52 49 13 18 02 
06 43 22 14 35 05 54 41 44 32 01 49 23 38 26 45 30 34 27 16 52 09 29 08 07 33 51 47 39 18 20 40 50 02 13 04 31 11 46 25 12 19 17 03 37 15 21 28 24 36 42 00 53 48 10 
15 40 07 52 48 08 06 54 42 45 47 29 50 24 39 03 46 31 43 04 17 53 18 27 09 36 30 19 23 44 28 21 41 51 49 10 25 32 12 22 26 13 20 35 00 38 16 33 01 05 37 14 02 34 11 
53 24 16 31 20 10 09 07 54 43 46 52 27 51 05 36 00 47 32 48 25 18 34 11 04 49 37 45 08 41 23 01 22 42 35 50 19 26 33 13 15 03 14 21 30 02 39 17 44 29 06 38 40 28 12 
32 09 34 38 46 25 11 10 08 54 44 47 49 04 52 06 37 02 48 33 53 26 19 35 45 21 50 42 17 05 43 12 29 23 01 36 51 41 03 30 14 20 00 15 22 31 28 40 18 16 27 07 39 24 13 
39 18 33 51 43 17 26 12 11 09 54 45 48 42 25 53 07 13 28 49 30 46 03 20 36 47 22 06 35 10 24 44 38 27 21 29 37 52 50 00 31 15 32 02 16 23 05 01 41 19 34 04 08 40 14 
52 36 40 23 07 37 14 03 13 12 10 54 46 49 22 26 34 08 33 01 50 31 51 00 21 44 48 11 30 19 04 05 45 39 41 43 27 38 53 35 02 32 16 06 28 17 24 18 29 42 20 47 25 09 15 
24 31 53 49 12 22 38 36 00 14 13 11 54 47 50 52 03 35 09 23 29 51 32 30 02 08 45 20 41 37 07 25 06 46 10 42 48 04 39 34 19 28 33 17 40 01 18 05 15 27 43 21 44 26 16 
50 42 05 46 21 28 23 39 41 02 15 14 12 54 48 51 20 00 36 10 31 27 52 33 16 13 09 38 34 32 47 45 26 07 03 11 43 49 25 40 35 53 01 30 18 08 29 19 06 24 04 44 22 37 17 
47 35 51 10 39 09 01 24 40 50 28 16 15 13 54 49 52 05 02 37 11 38 04 53 30 22 14 33 06 43 08 48 34 03 17 00 12 44 42 26 41 36 46 29 31 19 32 27 20 07 21 25 45 23 18 
11 07 48 15 30 31 43 29 05 41 18 01 17 16 14 54 50 53 39 28 38 12 35 25 34 40 23 44 52 36 00 09 49 06 24 51 02 13 45 47 03 42 37 10 27 32 20 22 04 21 08 33 26 46 19 
16 53 12 24 45 35 32 44 27 06 42 19 29 18 17 15 54 51 34 30 01 39 13 48 26 31 41 37 49 08 40 02 10 50 47 05 11 28 14 46 52 00 43 38 23 04 33 21 36 25 22 09 07 03 20 
05 50 17 42 38 03 36 33 53 04 07 43 08 27 19 18 16 54 52 35 37 29 40 14 49 46 32 09 13 34 51 41 28 11 00 48 06 31 01 15 47 24 02 44 39 20 25 30 22 12 26 23 10 45 21 
43 14 06 33 10 46 00 37 30 38 25 08 44 21 04 20 19 17 54 53 36 42 27 41 15 39 47 35 18 51 12 52 13 01 32 02 49 07 34 29 16 48 50 28 45 40 09 26 31 23 05 03 24 11 22 
30 19 44 48 36 16 47 02 38 31 43 26 09 45 35 25 21 20 18 54 34 37 39 04 42 11 40 52 07 15 29 13 53 22 12 33 28 50 08 06 27 17 49 14 01 46 41 51 03 32 24 10 00 05 23 
49 08 31 41 53 43 17 23 28 39 32 36 03 10 46 07 26 22 21 19 54 35 38 52 25 37 12 16 45 20 48 27 14 34 06 13 15 01 51 09 44 04 18 50 11 29 47 42 40 00 33 05 30 02 24 
42 46 50 13 17 26 44 18 31 01 40 33 41 00 11 47 24 03 23 22 20 54 36 39 12 34 38 21 32 09 35 49 04 15 28 07 14 08 29 52 10 37 25 19 51 53 27 48 43 45 02 30 06 16 05 
14 33 43 39 22 42 03 45 19 13 29 41 30 32 02 12 48 46 00 24 23 21 54 37 40 18 35 10 51 47 16 36 17 25 50 01 08 15 05 27 53 11 34 26 20 52 38 04 49 44 09 28 31 07 06 
40 52 15 36 11 41 10 00 46 20 33 27 42 31 06 28 13 49 51 02 05 24 22 54 38 23 19 48 44 30 26 17 37 35 08 18 29 09 16 14 04 34 12 47 03 21 53 39 25 50 45 43 01 32 07 
37 45 41 20 49 39 42 15 02 47 21 48 04 43 32 19 01 14 50 40 28 06 05 23 54 12 24 31 16 53 44 03 18 38 33 09 30 27 10 17 11 25 35 13 07 00 22 34 52 26 51 46 36 29 08 
21 17 38 05 32 54 40 43 49 28 48 22 45 25 44 33 53 29 15 51 08 01 07 06 24 50 13 34 42 46 39 16 00 19 27 30 10 12 04 11 18 31 26 36 14 41 02 23 35 37 03 52 47 20 09 
01 03 26 29 02 48 16 32 22 15 37 13 10 44 49 38 06 30 12 05 47 23 20 34 39 25 54 00 27 04 21 51 11 41 19 08 46 33 52 45 17 43 40 24 09 18 36 31 42 35 07 53 50 14 28 
03 02 04 27 25 40 49 17 33 23 16 38 14 11 45 50 39 07 31 13 06 48 24 21 35 00 26 54 01 28 42 22 52 12 15 20 09 47 30 53 46 18 44 41 05 10 19 37 32 43 36 08 34 51 29 
26 04 03 00 28 30 20 13 35 11 08 42 47 36 24 32 10 23 45 21 18 52 37 46 14 29 01 27 54 02 09 39 19 49 44 31 50 43 15 41 38 22 07 16 34 33 40 53 05 51 48 12 17 06 25 
29 27 00 04 01 52 08 05 39 44 53 21 33 07 20 42 18 15 49 34 43 11 31 17 10 03 25 02 28 54 46 06 36 16 40 12 38 35 19 24 13 51 30 37 50 22 48 45 09 14 23 41 32 47 26 
02 25 28 01 00 19 12 34 10 07 41 46 35 23 31 09 22 44 20 17 51 36 45 13 33 54 04 26 03 29 38 18 48 08 30 49 42 14 40 37 21 06 15 53 32 39 52 24 50 47 11 16 05 43 27 
08 41 49 37 24 14 05 40 26 18 09 15 28 22 13 44 04 06 17 11 00 10 21 19 29 45 16 53 20 12 30 54 33 32 43 34 52 25 47 38 36 02 51 42 48 27 35 46 07 03 39 50 23 01 31 
38 21 09 17 34 27 15 06 37 03 19 10 53 01 23 14 12 25 07 18 16 02 11 22 08 05 46 13 50 42 33 31 54 30 29 44 35 20 26 48 39 45 28 52 43 24 04 36 47 41 00 40 51 49 32 
18 51 39 47 14 34 04 16 07 21 00 20 11 09 29 24 15 50 26 08 19 05 28 12 23 35 06 43 10 22 31 30 32 54 38 27 45 36 17 03 49 40 13 01 53 44 42 25 37 48 46 02 41 52 33 
48 11 19 07 44 24 22 25 17 08 06 02 21 12 18 27 05 16 47 03 09 20 43 01 13 15 36 23 40 52 54 32 31 33 53 14 04 46 37 51 00 50 41 39 29 34 45 10 26 38 49 35 28 42 30 
51 47 18 35 33 21 02 53 15 17 03 12 07 50 27 31 40 42 04 41 48 32 26 16 44 10 43 14 22 06 49 19 46 00 34 54 20 23 09 28 08 52 05 25 24 30 13 29 45 11 38 01 37 36 39 
36 23 52 44 15 45 51 28 34 16 22 00 13 08 43 04 32 41 06 25 42 49 47 03 17 30 11 07 19 48 02 50 20 10 37 35 54 21 24 33 01 09 53 18 26 05 31 14 27 46 12 39 29 38 40 
45 20 37 12 08 18 46 30 01 35 17 44 02 14 09 40 25 33 42 52 26 43 50 15 00 16 31 49 53 24 11 28 51 21 39 38 36 54 22 05 07 29 10 34 19 03 06 32 23 04 47 13 48 27 41 
13 34 46 32 50 02 19 47 24 29 36 18 20 28 15 10 49 26 30 43 45 03 44 51 31 09 17 05 38 21 22 53 01 52 04 40 39 37 54 23 06 12 27 11 35 16 00 07 33 08 25 48 14 41 42 
33 39 14 18 06 32 28 20 48 46 27 37 19 34 01 16 11 21 03 31 44 50 00 45 52 51 10 22 47 35 53 23 42 29 05 25 41 40 38 54 24 07 09 04 12 36 17 02 08 30 13 26 49 15 43 
19 48 30 11 23 53 35 01 21 49 14 04 38 20 51 29 17 12 10 00 32 45 33 02 46 07 52 36 15 40 27 34 24 18 16 47 26 42 41 39 54 05 08 22 25 13 37 43 28 09 31 06 03 50 44 
12 16 20 53 37 47 34 48 29 22 50 07 25 39 21 23 27 18 13 15 02 33 46 36 28 24 08 41 31 49 19 04 35 05 51 17 44 03 43 42 40 54 06 09 52 26 14 38 30 01 10 32 11 00 45 
34 32 13 09 42 01 48 35 45 27 23 51 24 26 40 22 08 04 19 14 49 28 30 47 20 38 05 50 21 17 06 37 25 36 02 52 18 16 00 44 43 41 54 07 10 12 03 15 39 53 29 11 33 31 46 
10 22 35 06 51 38 29 49 36 34 04 24 52 17 03 41 23 09 25 20 15 13 01 31 48 43 39 18 14 33 37 07 05 26 46 28 53 19 21 02 45 44 42 54 08 11 50 00 16 40 32 27 12 30 47 
07 15 11 40 19 49 33 27 50 37 51 25 05 53 47 00 42 24 22 26 21 16 06 29 32 52 44 30 36 23 03 38 08 14 31 39 01 34 20 10 28 46 45 43 54 09 12 35 02 17 41 18 04 13 48 
41 37 08 45 31 33 50 52 04 51 38 30 26 06 34 11 02 43 05 07 03 22 17 40 27 20 53 24 12 16 36 00 39 09 14 32 23 29 35 21 48 01 47 46 44 54 10 13 19 28 18 42 15 25 49 
46 13 42 34 05 04 30 51 16 25 52 39 37 03 07 35 41 28 44 06 12 00 23 18 53 32 21 17 09 38 10 20 02 40 26 15 33 24 27 36 22 49 29 48 47 45 54 11 14 31 01 19 43 08 50 
35 10 47 22 18 50 25 31 52 42 26 53 40 05 00 08 36 32 01 45 07 34 02 24 19 06 33 39 43 14 41 11 21 28 09 03 16 30 13 04 37 23 38 27 49 48 46 54 12 15 17 29 20 44 51 
23 44 36 30 40 20 39 26 32 53 35 03 34 41 33 02 09 37 14 29 46 08 10 28 05 19 07 15 48 11 01 42 12 43 45 06 00 17 31 18 25 38 24 51 04 50 49 47 54 13 16 22 27 21 52 
31 49 24 08 16 06 21 11 03 33 34 40 00 35 42 30 28 10 38 36 27 47 09 44 01 41 20 12 37 45 52 29 43 13 22 46 07 02 18 32 23 26 39 05 15 25 51 50 48 54 14 17 19 04 53 
09 38 32 21 13 29 07 22 20 00 30 35 31 02 36 43 45 01 11 39 24 04 48 10 41 17 42 46 05 50 14 08 27 44 25 23 47 53 28 19 33 16 03 40 06 37 26 52 51 49 54 15 18 12 34 
22 06 10 43 47 13 27 08 23 05 02 31 36 46 28 37 44 38 29 12 40 17 25 49 11 14 18 51 33 39 45 15 09 04 42 26 24 48 32 01 20 30 21 00 41 07 34 03 53 52 50 54 16 19 35 
44 30 23 19 52 12 18 04 09 24 39 28 32 37 10 01 38 45 35 27 13 41 14 26 50 48 15 40 11 07 25 46 16 47 20 22 03 05 49 43 29 21 31 33 02 42 08 06 00 34 53 51 54 17 36 
20 12 45 16 41 51 13 19 25 10 05 23 01 33 38 48 29 39 46 44 04 14 42 07 03 53 49 08 24 31 15 26 47 17 18 21 40 00 06 50 30 27 22 32 36 28 43 09 11 02 35 34 52 54 37 
17 05 21 50 09 00 52 14 12 26 11 06 16 29 30 39 31 27 40 47 41 25 15 43 37 42 34 32 46 13 18 24 03 48 54 19 22 45 02 07 51 08 04 23 33 49 01 44 10 20 28 36 35 53 38 
28 29 25 26 27 44 45 46 47 48 49 50 51 52 53 34 35 36 37 38 39 40 41 42 43 01 02 03 04 00 32 33 30 31 23 24 05 06 07 08 09 10 11 12 13 14 15 16 17 18 19 20 21 22 54 
