00 49 03 02 33 32 54 34 04 05 07 06 17 52 19 18 28 30 29 31 09 08 10 45 39 47 38 37 46 41 40 42 14 15 12 13 23 22 21 20 27 24 26 25 16 48 50 51 35 01 36 11 53 43 44 
02 01 00 49 34 54 35 32 04 05 07 06 18 16 17 52 28 30 29 31 10 45 08 11 47 36 37 39 43 40 42 46 14 15 12 13 23 22 21 20 27 24 26 25 19 48 50 51 33 03 38 09 53 41 44 
49 03 02 01 32 35 33 54 04 05 07 06 52 19 18 16 28 30 29 31 08 11 45 09 36 38 39 47 41 42 46 43 14 15 12 13 23 22 21 20 27 24 26 25 17 48 50 51 34 00 37 10 53 40 44 
01 00 49 03 54 33 34 35 04 05 07 06 16 17 52 19 28 30 29 31 45 09 11 10 38 37 47 36 40 46 43 41 14 15 12 13 23 22 21 20 27 24 26 25 18 48 50 51 32 02 39 08 53 42 44 
42 40 41 43 04 06 05 48 02 00 01 49 37 47 38 39 13 12 14 15 29 31 30 28 09 11 08 10 50 24 27 26 21 20 22 51 35 34 33 32 17 18 19 52 36 03 16 54 07 46 45 53 44 25 23 
42 40 41 43 48 05 07 06 00 03 49 02 47 38 39 36 13 12 14 15 29 31 30 28 09 11 08 10 24 26 50 25 20 23 51 21 35 34 33 32 52 16 18 19 37 01 17 54 04 46 45 53 44 27 22 
42 40 41 43 07 48 06 04 49 02 03 01 36 37 47 38 13 12 14 15 29 31 30 28 09 11 08 10 27 50 25 24 51 21 23 22 35 34 33 32 16 19 52 17 39 00 18 54 05 46 45 53 44 26 20 
42 40 41 43 05 04 48 07 01 49 00 03 39 36 37 47 13 12 14 15 29 31 30 28 09 11 08 10 25 27 26 50 22 51 20 23 35 34 33 32 18 52 17 16 38 02 19 54 06 46 45 53 44 24 21 
31 30 29 53 39 38 36 37 08 11 45 09 34 54 33 32 43 40 42 41 00 02 01 03 04 48 05 07 13 14 12 15 26 24 27 25 52 17 18 19 22 20 21 51 35 10 23 16 47 28 06 49 46 44 50 
29 53 28 31 39 38 36 37 45 09 11 10 54 33 32 35 43 40 42 41 00 02 01 03 06 05 04 48 13 14 12 15 26 24 27 25 19 52 16 18 51 23 20 21 34 08 22 17 47 30 07 49 46 44 50 
30 29 53 28 39 38 36 37 09 08 10 45 32 35 34 54 43 40 42 41 00 02 01 03 48 06 07 04 13 14 12 15 26 24 27 25 16 18 52 17 20 51 22 23 33 11 21 19 47 31 05 49 46 44 50 
53 28 31 30 39 38 36 37 10 45 08 11 35 34 54 33 43 40 42 41 00 02 01 03 05 07 48 06 13 14 12 15 26 24 27 25 17 16 19 52 23 21 51 22 32 09 20 18 47 29 04 49 46 44 50 
39 37 38 36 26 24 25 27 18 19 17 16 12 44 15 14 06 04 07 48 32 33 34 35 51 23 22 20 11 10 08 45 01 49 00 03 43 42 46 40 30 31 29 28 13 52 53 41 50 47 21 54 05 09 02 
39 37 38 36 26 24 25 27 18 19 17 16 14 13 12 44 07 06 48 05 32 33 34 35 21 22 51 23 10 45 11 09 49 02 03 01 40 43 41 46 30 31 29 28 15 52 53 42 50 47 20 54 04 08 00 
39 37 38 36 26 24 25 27 18 19 17 16 44 15 14 13 48 07 05 04 32 33 34 35 20 51 21 22 45 09 10 08 02 00 01 49 46 40 42 41 30 31 29 28 12 52 53 43 50 47 23 54 06 11 03 
39 37 38 36 26 24 25 27 18 19 17 16 13 12 44 15 05 48 04 06 32 33 34 35 23 21 20 51 09 08 45 11 00 03 49 02 41 46 43 42 30 31 29 28 14 52 53 40 50 47 22 54 07 10 01 
51 23 21 22 53 31 30 28 44 15 13 12 01 03 00 02 16 18 17 52 26 24 27 25 41 40 46 43 35 32 34 33 47 38 36 37 11 10 09 08 07 05 04 06 49 14 48 45 29 20 42 50 19 54 39 
22 20 51 23 30 53 28 29 12 44 14 13 01 03 00 02 52 17 19 18 26 24 27 25 46 43 40 42 35 32 34 33 37 47 39 36 11 10 09 08 07 05 04 06 49 15 48 45 31 21 41 50 16 54 38 
21 22 20 51 31 29 53 30 15 14 12 44 01 03 00 02 19 52 18 16 26 24 27 25 42 46 41 40 35 32 34 33 38 39 37 47 11 10 09 08 07 05 04 06 49 13 48 45 28 23 43 50 17 54 36 
20 51 23 21 29 28 31 53 14 13 44 15 01 03 00 02 17 16 52 19 26 24 27 25 43 41 42 46 35 32 34 33 39 36 47 38 11 10 09 08 07 05 04 06 49 12 48 45 30 22 40 50 18 54 37 
18 17 19 16 41 42 46 40 24 26 27 50 30 53 31 29 54 34 33 32 20 23 51 21 15 13 14 12 36 39 37 38 04 05 07 06 49 01 00 02 10 09 08 11 28 25 45 03 43 52 44 22 35 47 48 
18 17 19 16 42 43 41 46 26 25 50 24 53 31 29 28 33 54 32 35 51 21 23 22 15 13 14 12 36 39 37 38 04 05 07 06 02 49 03 00 10 09 08 11 30 27 45 01 40 52 44 20 34 47 48 
18 17 19 16 40 46 43 42 27 50 26 25 29 28 30 53 35 32 34 54 21 20 22 51 15 13 14 12 36 39 37 38 04 05 07 06 03 00 49 01 10 09 08 11 31 24 45 02 41 52 44 23 33 47 48 
18 17 19 16 46 41 40 43 50 24 25 27 28 30 53 31 34 35 54 33 22 51 20 23 15 13 14 12 36 39 37 38 04 05 07 06 01 03 02 49 10 09 08 11 29 26 45 00 42 52 44 21 32 47 48 
32 34 33 35 14 13 15 44 20 21 22 23 40 43 42 41 36 37 39 38 18 16 52 19 24 27 50 25 06 04 07 05 08 11 45 09 31 53 28 29 49 03 00 02 46 51 01 30 12 54 26 17 47 48 10 
32 34 33 35 44 15 12 13 20 21 22 23 40 43 42 41 36 37 39 38 52 19 16 17 50 25 27 26 06 04 07 05 45 09 11 10 30 28 31 53 03 02 49 01 46 51 00 29 14 54 24 18 47 48 08 
32 34 33 35 15 14 44 12 20 21 22 23 40 43 42 41 36 37 39 38 19 18 17 52 25 24 26 50 06 04 07 05 09 08 10 45 53 30 29 31 01 00 02 49 46 51 03 28 13 54 27 16 47 48 11 
32 34 33 35 12 44 13 14 20 21 22 23 40 43 42 41 36 37 39 38 17 52 18 16 26 50 24 27 06 04 07 05 10 45 08 11 28 29 53 30 00 49 01 03 46 51 02 31 15 54 25 19 47 48 09 
08 10 09 11 18 19 16 17 47 38 36 37 22 23 20 21 01 03 49 02 48 05 06 07 33 34 54 35 28 30 29 53 42 41 40 43 25 27 24 26 13 15 44 12 51 39 14 50 52 45 32 04 00 31 46 
08 10 09 11 18 19 16 17 38 39 37 47 22 23 20 21 49 01 02 00 05 04 07 48 32 54 33 34 31 29 53 28 42 41 40 43 25 27 24 26 12 14 15 44 51 36 13 50 52 45 35 06 03 30 46 
08 10 09 11 18 19 16 17 37 47 39 36 22 23 20 21 03 00 01 49 07 48 04 06 54 35 34 32 53 31 30 29 42 41 40 43 25 27 24 26 14 44 12 13 51 38 15 50 52 45 33 05 02 28 46 
08 10 09 11 18 19 16 17 39 36 47 38 22 23 20 21 02 49 00 03 04 06 48 05 35 33 32 54 30 53 28 31 42 41 40 43 25 27 24 26 44 13 14 15 51 37 12 50 52 45 34 07 01 29 46 
24 27 26 50 00 02 03 01 41 42 40 46 10 11 08 09 23 22 20 21 15 14 12 44 31 28 29 30 52 19 17 18 32 35 54 33 48 07 04 05 37 38 39 36 45 43 47 06 49 25 53 13 51 16 34 
26 50 25 24 00 02 03 01 42 43 46 41 10 11 08 09 23 22 20 21 14 13 44 15 31 28 29 30 19 18 52 16 54 33 35 34 05 48 06 04 37 38 39 36 45 40 47 07 49 27 53 12 51 17 32 
27 26 50 25 00 02 03 01 40 46 42 43 10 11 08 09 23 22 20 21 12 44 14 13 31 28 29 30 16 17 18 52 33 32 34 54 06 04 48 07 37 38 39 36 45 41 47 05 49 24 53 15 51 19 35 
50 25 24 27 00 02 03 01 46 41 43 40 10 11 08 09 23 22 20 21 44 15 13 12 31 28 29 30 17 52 16 19 34 54 32 35 07 06 05 48 37 38 39 36 45 42 47 04 49 26 53 14 51 18 33 
44 13 15 12 45 09 10 11 29 31 30 28 07 06 04 05 27 25 50 24 42 41 40 43 02 03 00 01 22 51 23 21 18 19 17 16 36 39 47 37 35 33 54 34 48 53 32 38 08 14 49 46 26 20 52 
12 14 44 13 10 45 11 08 29 31 30 28 07 06 04 05 25 26 27 50 42 41 40 43 02 03 00 01 23 22 20 51 18 19 17 16 47 37 39 38 32 54 34 35 48 53 33 36 09 15 49 46 24 21 52 
14 44 13 15 08 11 09 45 29 31 30 28 07 06 04 05 24 50 26 25 42 41 40 43 02 03 00 01 21 20 51 23 18 19 17 16 37 36 38 47 54 35 32 33 48 53 34 39 10 12 49 46 27 22 52 
15 12 14 44 09 08 45 10 29 31 30 28 07 06 04 05 50 27 24 26 42 41 40 43 02 03 00 01 51 21 22 20 18 19 17 16 38 47 36 39 34 32 33 54 48 53 35 37 11 13 49 46 25 23 52 
07 04 48 06 20 21 23 22 32 33 34 35 26 25 27 50 11 08 10 45 37 47 39 36 19 16 18 17 03 00 01 02 30 53 29 28 13 12 15 14 40 42 41 46 24 54 43 44 51 05 52 38 09 49 31 
04 48 06 05 20 21 23 22 32 33 34 35 50 24 26 25 09 45 08 11 39 36 47 38 19 16 18 17 03 00 01 02 29 28 53 31 13 12 15 14 43 41 46 40 27 54 42 44 51 07 52 37 10 49 30 
05 07 04 48 20 21 23 22 32 33 34 35 27 50 24 26 45 10 09 08 38 39 37 47 19 16 18 17 03 00 01 02 31 29 30 53 13 12 15 14 46 43 42 41 25 54 40 44 51 06 52 36 11 49 28 
48 06 05 07 20 21 23 22 32 33 34 35 25 27 50 24 10 11 45 09 47 38 36 37 19 16 18 17 03 00 01 02 53 31 28 30 13 12 15 14 42 46 40 43 26 54 41 44 51 04 52 39 08 49 29 
39 37 38 36 26 24 25 27 18 19 17 16 15 14 13 12 04 05 06 07 32 33 34 35 22 20 23 21 08 11 09 10 03 01 02 00 42 41 40 43 30 31 29 28 44 52 53 46 50 47 51 54 48 45 49 
28 31 30 29 39 38 36 37 11 10 09 08 33 32 35 34 43 40 42 41 00 02 01 03 07 04 06 05 13 14 12 15 26 24 27 25 18 19 17 16 21 22 23 20 54 45 51 52 47 53 48 49 46 44 50 
06 05 07 04 20 21 23 22 32 33 34 35 24 26 25 27 08 09 11 10 36 37 38 39 19 16 18 17 03 00 01 02 28 30 31 29 13 12 15 14 41 40 43 42 50 54 46 44 51 48 52 47 45 49 53 
13 15 12 14 11 10 08 09 29 31 30 28 07 06 04 05 26 24 25 27 42 41 40 43 02 03 00 01 20 23 21 22 18 19 17 16 39 38 37 36 33 34 35 32 48 53 54 47 45 44 49 46 50 51 52 
42 40 41 43 06 07 04 05 03 01 02 00 38 39 36 37 13 12 14 15 29 31 30 28 09 11 08 10 26 25 24 27 23 22 21 20 35 34 33 32 19 17 16 18 47 49 52 54 48 46 45 53 44 50 51 
03 02 01 00 35 34 32 33 04 05 07 06 19 18 16 17 28 30 29 31 11 10 09 08 37 39 36 38 42 43 41 40 14 15 12 13 23 22 21 20 27 24 26 25 52 48 50 51 54 49 47 45 53 46 44 
32 34 33 35 13 12 14 15 20 21 22 23 40 43 42 41 36 37 39 38 16 17 19 18 27 26 25 24 06 04 07 05 11 10 09 08 29 31 30 28 02 01 03 00 46 51 49 53 44 54 50 52 47 48 45 
18 17 19 16 43 40 42 41 25 27 24 26 31 29 28 30 32 33 35 34 23 22 21 20 15 13 14 12 36 39 37 38 04 05 07 06 00 02 01 03 10 09 08 11 53 50 45 49 46 52 44 51 54 47 48 
23 21 22 20 28 30 29 31 13 12 15 14 01 03 00 02 18 19 16 17 26 24 27 25 40 42 43 41 35 32 34 33 36 37 38 39 11 10 09 08 07 05 04 06 49 44 48 45 53 51 46 50 52 54 47 
08 10 09 11 18 19 16 17 36 37 38 39 22 23 20 21 00 02 03 01 06 07 05 04 34 32 35 33 29 28 31 30 42 41 40 43 25 27 24 26 15 12 13 14 51 47 44 50 52 45 54 48 49 53 46 
25 24 27 26 00 02 03 01 43 40 41 42 10 11 08 09 23 22 20 21 13 12 15 14 31 28 29 30 18 16 19 17 35 34 33 32 04 05 07 06 37 38 39 36 45 46 47 48 49 50 53 44 51 52 54 
