0  38 54 27 6  8  5  4  2  1  37 25 39 15 51 13 53 11 24 9  22 48 41 46 43 40 16 7  3  47 19 45 17 35 50 33 52 31 44 29 42 26 23 49 21 18 36 20 34 14 30 10 32 12 28
20 1  33 12 49 37 29 45 51 43 34 23 2  18 13 40 0  10 46 32 8  39 9  19 27 47 52 41 16 5  14 21 36 4  35 38 15 28 26 30 48 3  31 17 11 7  53 25 50 54 44 6  22 42 24
54 13 2  5  28 6  7  0  3  40 49 38 26 50 16 52 14 23 12 21 10 44 45 42 47 15 37 4  8  18 48 20 46 53 36 51 34 43 32 41 30 22 1  24 25 35 19 33 17 39 9  31 11 29 27
27 30 5  3  54 0  8  28 7  44 20 42 18 11 41 9  43 19 51 17 53 15 49 13 26 32 45 6  4  22 40 24 38 31 23 29 21 39 50 37 52 35 48 33 46 10 1  12 25 47 34 14 36 16 2
6  46 28 54 4  7  2  8  27 19 41 17 43 44 12 42 10 50 20 52 18 1  16 25 14 48 29 3  5  39 23 37 21 22 32 24 30 53 40 51 38 47 36 45 34 26 11 49 9  31 13 35 15 33 0
8  17 6  0  7  5  54 3  28 36 29 34 31 48 24 46 22 15 45 13 47 23 51 21 53 19 12 2  27 14 11 16 9  26 44 49 42 35 1  33 25 43 50 41 52 39 32 37 30 10 38 18 40 20 4
5  9  7  8  2  54 6  27 4  32 33 30 35 23 45 21 47 48 16 46 14 50 24 52 22 11 20 28 0  10 15 12 13 43 1  41 25 26 36 49 34 53 44 51 42 31 40 29 38 18 17 39 19 37 3
4  25 0  28 8  3  27 7  54 23 16 21 14 40 33 38 35 32 49 30 26 19 29 17 31 1  51 5  2  43 36 41 34 18 15 20 13 10 48 12 46 39 11 37 9  47 50 45 52 53 42 22 44 24 6
2  52 3  7  27 28 4  54 8  15 24 13 22 36 37 34 39 1  29 25 31 32 20 30 18 50 49 0  6  35 44 33 42 14 19 16 17 47 11 45 9  10 40 12 38 53 48 51 46 26 21 43 23 41 5
47 41 18 22 39 14 10 43 35 9  54 29 50 25 4  45 40 42 3  24 19 34 28 16 32 21 0  31 53 11 52 27 51 1  38 7  20 44 17 6  37 36 30 2  12 23 13 5  33 15 49 48 46 8  26
19 2  48 40 23 11 15 36 44 51 10 54 30 37 26 3  46 20 43 4  21 29 35 27 13 16 22 50 32 52 12 53 28 17 49 39 8  38 41 18 5  9  33 31 0  34 24 14 6  42 7  25 45 47 1
45 23 20 24 37 16 12 41 33 31 52 11 54 47 38 1  4  22 17 44 3  14 30 36 28 43 13 29 51 27 53 9  50 7  18 25 40 6  39 42 19 2  10 34 32 5  35 21 15 0  48 8  26 46 49
17 14 46 38 21 9  13 34 42 54 32 53 12 3  48 39 49 4  23 18 41 27 15 31 33 2  44 52 30 51 28 50 10 37 8  19 26 20 5  40 43 29 0  11 35 16 6  36 22 24 47 45 7  1  25
35 20 53 31 22 26 43 18 14 25 3  45 19 13 54 33 50 9  6  29 44 46 5  49 23 38 2  47 39 1  17 7  37 15 52 0  51 11 42 27 24 48 21 8  41 40 34 4  16 36 12 32 30 28 10
50 0  36 23 32 44 1  15 19 20 26 4  46 51 14 54 34 41 10 5  30 24 47 6  25 33 39 40 48 38 49 18 8  52 16 53 2  21 12 43 28 42 45 22 7  13 37 35 3  17 27 9  29 31 11
33 40 51 29 24 49 41 20 16 47 17 1  3  35 52 15 54 31 42 11 6  26 21 48 5  18 34 45 37 7  39 25 19 0  53 13 50 27 22 9  44 8  43 46 23 4  14 38 36 2  32 28 10 30 12
52 35 34 21 30 42 25 13 17 4  48 18 49 54 36 53 16 5  32 43 12 6  1  22 45 0  19 38 46 20 8  40 26 51 2  50 14 41 28 23 10 24 7  44 47 33 3  15 39 37 31 29 27 11 9
31 12 43 39 53 35 26 10 47 42 4  24 40 9  5  29 23 17 54 37 50 13 8  33 48 30 7  22 18 44 38 6  20 11 21 27 41 19 52 3  51 15 46 0  49 32 25 28 45 1  16 36 34 2  14
44 8  32 50 40 1  36 48 11 37 43 3  21 24 10 6  30 51 18 54 38 45 14 7  34 49 31 19 23 17 41 39 5  42 12 22 28 52 20 53 4  25 16 47 2  46 29 26 27 9  0  13 33 35 15
29 32 41 37 51 33 49 12 45 22 38 44 4  31 21 11 5  39 52 19 54 35 46 15 8  10 25 24 20 6  18 42 40 27 43 9  23 3  53 17 50 0  26 13 48 28 47 30 1  7  36 2  14 34 16
42 26 30 52 38 25 34 46 9  3  23 39 41 6  32 22 12 54 40 53 20 7  36 47 16 8  11 17 21 37 5  19 43 24 28 44 10 51 4  50 18 45 2  1  14 49 27 48 31 29 35 33 0  15 13
26 37 22 35 47 43 53 39 10 34 27 16 11 46 6  49 44 13 7  33 1  21 54 41 50 17 28 14 31 36 9  2  29 48 42 8  24 15 25 0  45 23 52 5  51 19 30 3  12 32 20 40 38 4  18
23 27 1  48 36 50 44 11 40 12 35 28 13 41 47 5  25 49 14 8  34 51 22 54 42 29 18 32 15 30 33 10 0  21 45 43 7  46 16 26 2  52 24 53 6  9  20 31 4  38 3  17 37 39 19
49 19 24 33 45 41 51 37 12 14 9  36 27 26 42 48 6  35 25 15 7  43 52 23 54 39 30 16 29 2  31 34 11 8  22 46 44 0  47 13 1  5  53 21 50 3  10 17 32 28 40 4  18 38 20
21 31 25 46 34 52 42 9  38 28 15 10 33 5  1  43 45 8  36 26 16 54 44 53 24 27 40 30 13 12 0  32 35 41 7  23 47 49 2  48 14 51 6  50 22 29 4  11 18 20 39 37 3  19 17
18 45 35 10 26 39 31 47 53 21 2  41 36 38 0  20 15 30 8  12 48 17 27 37 11 25 54 43 14 23 34 5  16 40 13 4  33 32 46 28 49 19 9  3  29 1  52 7  51 50 24 44 42 6  22
36 54 19 1  11 32 40 50 48 33 22 0  42 16 39 2  17 45 31 7  9  12 18 28 38 51 26 15 44 13 24 35 6  34 37 14 3  25 29 47 27 30 20 10 4  52 49 53 8  46 5  21 41 43 23
7  21 4  6  3  2  28 5  0  11 51 9  53 1  20 25 18 44 37 42 39 36 12 34 10 23 33 27 54 31 50 29 52 47 40 45 38 22 19 24 17 14 32 16 30 43 15 41 13 35 46 26 48 49 8
3  34 8  4  5  27 0  2  6  50 12 52 10 19 49 17 26 40 41 38 43 11 33 9  35 36 24 54 28 53 32 51 30 39 48 37 46 18 23 20 21 31 15 29 13 14 44 16 42 22 25 47 1  45 7
25 43 38 42 17 34 30 21 13 27 50 31 51 7  40 47 20 6  19 22 37 2  32 14 12 5  15 9  52 29 54 11 53 45 4  1  18 24 3  44 39 16 28 36 10 41 0  23 35 33 26 49 8  48 46
39 16 26 18 43 31 35 14 22 52 28 51 32 17 8  37 48 38 5  20 23 9  0  29 15 34 6  53 10 50 30 54 12 19 46 3  49 40 21 4  41 11 13 27 33 36 42 2  24 44 45 1  25 7  47
1  5  40 44 19 36 32 23 15 29 53 27 52 45 18 7  38 24 39 6  17 16 10 2  30 41 35 11 50 9  51 31 54 25 20 47 4  42 37 22 3  34 12 14 28 21 33 43 0  13 8  46 49 26 48
37 36 49 20 41 29 33 16 24 53 30 50 28 39 46 19 8  18 21 40 5  31 13 11 0  14 42 51 12 54 10 52 32 3  26 17 48 4  43 38 23 27 35 9  15 2  22 34 44 6  1  7  47 25 45
13 18 52 9  42 46 21 38 34 7  19 47 37 0  50 35 51 27 44 31 24 8  23 26 41 4  36 25 17 45 3  1  39 33 54 15 53 29 6  11 22 49 5  48 43 20 2  40 14 16 10 12 28 32 30
53 33 14 43 10 22 47 35 39 38 8  20 48 52 2  51 36 21 28 41 32 42 7  24 1  13 3  18 26 40 46 4  49 50 34 54 16 23 30 5  12 44 25 6  45 15 17 0  37 19 29 11 9  27 31
15 4  50 11 44 48 23 40 36 45 39 7  17 33 53 0  52 29 22 27 42 49 43 8  21 20 14 1  19 25 37 47 3  13 51 35 54 9  24 31 6  46 41 26 5  38 16 18 2  34 28 30 12 10 32
51 15 16 41 12 24 45 33 37 18 46 40 8  53 34 50 2  43 30 23 28 22 25 44 7  35 17 20 49 4  26 38 48 54 14 52 36 5  10 21 32 6  47 42 1  0  39 13 19 3  11 27 31 9  29
9  10 21 17 52 13 46 30 25 6  40 22 20 27 23 31 41 3  50 39 51 0  48 35 49 28 1  42 38 24 4  44 18 29 5  11 43 37 54 19 53 33 8  15 26 12 7  32 47 45 14 16 2  36 34
22 49 10 53 18 47 14 26 31 17 5  37 23 42 28 24 32 52 4  51 40 25 2  45 36 46 27 39 43 19 21 3  41 44 30 6  12 50 38 54 20 1  34 7  16 48 9  8  29 11 33 15 13 0  35
11 28 23 19 50 15 48 32 1  24 18 6  38 29 43 27 21 37 53 3  52 33 26 0  46 12 47 44 40 42 20 22 4  9  41 31 5  17 51 39 54 13 49 35 8  30 45 10 7  25 2  34 16 14 36
24 48 12 51 20 45 16 49 29 39 21 19 5  22 30 44 28 53 38 50 4  47 34 1  2  26 9  37 41 3  43 17 23 6  10 42 32 54 18 52 40 7  14 25 36 8  31 46 11 27 15 0  35 13 33
46 39 42 13 25 21 52 17 30 2  11 14 29 8  44 26 24 0  1  35 45 5  50 43 51 3  32 34 9  16 27 36 31 49 6  48 22 33 7  15 47 41 54 23 53 37 28 19 10 12 18 20 4  40 38
43 29 47 26 14 53 22 31 18 30 0  12 15 21 7  41 1  46 2  49 36 52 6  51 44 9  4  10 35 32 13 28 33 23 25 5  45 48 34 8  16 50 42 54 24 11 38 27 20 40 37 19 17 3  39
48 3  44 15 1  23 50 19 32 16 31 2  9  49 22 8  42 33 47 0  25 41 53 5  52 37 10 36 11 34 29 14 27 46 24 26 6  13 45 35 7  21 51 43 54 17 12 39 28 30 4  38 20 18 40
41 11 45 49 16 51 24 29 20 10 13 32 0  43 25 23 7  26 34 48 2  53 42 50 6  31 38 12 33 28 35 30 15 5  47 21 1  8  14 46 36 54 22 52 44 27 18 9  40 4  19 3  39 17 37
38 47 13 30 46 17 9  25 52 5  36 43 16 4  15 18 33 28 48 10 49 3  11 39 29 7  50 21 34 41 2  23 14 20 0  40 35 12 8  32 26 37 27 19 31 45 54 1  53 51 22 24 6  44 42
14 51 39 47 31 10 18 53 26 13 6  33 44 34 3  16 19 25 27 45 11 30 4  12 40 52 8  35 22 15 42 0  24 36 17 2  37 1  9  7  29 32 38 28 20 50 46 54 49 48 41 23 21 5  43
40 7  15 32 48 19 11 1  50 41 14 5  34 20 35 4  13 12 26 28 46 37 31 3  9  45 53 23 36 21 16 43 2  38 33 18 0  30 49 10 8  17 29 39 27 25 51 47 54 52 6  42 24 22 44
16 50 37 45 29 12 20 51 49 35 42 15 6  14 17 36 3  47 9  1  27 10 38 32 4  53 46 33 24 0  22 13 44 2  39 34 19 7  31 25 11 28 18 30 40 54 26 52 48 8  23 5  43 21 41
34 53 17 25 9  30 38 52 46 0  44 35 24 2  19 14 37 7  11 47 29 28 40 10 20 54 48 13 42 33 6  15 22 16 3  36 39 45 27 1  31 12 4  32 18 51 8  50 26 49 43 41 5  23 21
12 44 29 16 33 20 37 24 41 26 25 48 7  10 9  32 27 14 13 36 0  18 17 40 3  22 21 49 45 8  47 46 1  28 31 30 11 2  35 34 15 4  39 38 19 6  43 42 23 5  50 54 53 52 51
30 22 9  34 13 38 17 42 21 8  1  26 45 28 11 10 29 2  15 14 33 4  19 18 37 6  23 46 25 49 7  48 47 12 27 32 31 16 0  36 35 20 3  40 39 24 5  44 43 41 53 51 54 50 52
10 24 31 14 35 18 39 22 43 46 7  49 1  30 27 12 11 34 0  16 15 38 3  20 19 42 5  26 47 48 25 8  45 32 9  28 29 36 13 2  33 40 17 4  37 44 21 6  41 23 51 50 52 54 53
32 6  11 36 15 40 19 44 23 49 47 8  25 12 31 28 9  16 35 2  13 20 39 4  17 24 43 48 1  46 45 26 7  30 29 10 27 34 33 14 0  38 37 18 3  42 41 22 5  21 54 52 51 53 50
28 42 27 2  0  4  3  6  5  48 45 46 47 32 29 30 31 36 33 34 35 40 37 38 39 44 41 8  7  26 1  49 25 10 11 12 9  14 15 16 13 18 19 20 17 22 23 24 21 43 52 53 50 51 54
