00 54 07 01 02 06 04 12 32 17 22 27 13 03 16 25 08 41 38 21 30 09 46 43 26 15 10 51 48 31 20 11 36 53 52 23 50 29 44 37 28 35 14 49 42 33 40 19 34 47 18 45 24 39 05 
54 01 00 06 07 03 13 05 34 39 44 49 02 12 46 21 14 45 32 51 26 19 50 17 36 31 24 35 22 41 16 29 40 27 18 15 38 47 08 23 20 43 52 09 28 25 48 37 10 33 30 53 42 11 04 
07 00 02 54 13 01 05 03 20 25 30 15 04 06 10 39 36 19 28 11 44 41 24 33 08 49 46 29 18 09 34 51 14 23 48 27 42 35 26 53 32 47 40 31 38 17 52 45 16 43 22 37 50 21 12 
01 06 54 03 00 12 02 04 24 29 14 19 07 05 38 35 18 27 10 43 40 23 32 11 48 45 28 17 08 53 50 33 22 09 26 41 34 25 52 31 46 39 30 37 16 51 44 15 42 21 36 49 20 47 13 
02 07 13 00 04 54 12 06 28 33 18 23 05 01 34 17 26 09 42 39 22 31 10 47 44 27 16 11 52 49 32 21 08 37 40 53 24 51 30 45 38 29 36 15 50 43 14 41 20 35 48 19 46 25 03 
06 03 01 12 54 05 07 13 42 47 52 37 00 04 32 43 30 49 24 17 48 15 34 29 22 53 20 39 14 27 38 25 44 19 36 45 10 21 18 41 50 11 26 23 46 35 08 31 28 51 40 09 16 33 02 
04 13 05 02 12 07 06 54 16 21 26 31 03 00 24 11 40 37 20 29 08 45 42 25 14 09 50 47 30 19 10 35 52 15 22 49 28 43 36 27 34 33 48 41 32 39 18 53 46 17 44 23 38 51 01 
12 05 03 04 06 13 54 07 50 35 40 45 01 02 28 47 22 15 46 33 52 27 20 51 18 37 32 25 36 23 42 17 30 41 08 19 16 39 48 09 24 21 44 53 10 29 26 49 38 11 14 31 34 43 00 
41 23 49 53 37 31 45 19 08 54 11 10 15 27 52 13 47 38 44 05 51 42 36 12 35 46 22 07 39 50 40 01 43 34 25 16 48 02 29 20 18 03 33 24 14 04 17 28 30 00 21 32 26 06 09 
46 28 34 38 42 16 50 24 11 09 54 08 20 32 35 45 01 48 39 37 13 52 43 49 05 36 47 41 12 40 51 27 07 44 00 26 17 31 06 30 21 53 02 14 25 23 03 18 29 19 04 22 33 15 10 
51 33 39 43 47 21 35 29 09 08 10 54 25 17 45 36 32 07 49 40 50 01 53 44 42 13 37 48 34 05 41 52 46 12 24 04 27 18 20 00 31 22 16 06 15 26 38 02 19 30 28 03 23 14 11 
36 18 44 48 52 26 40 14 54 10 09 11 30 22 05 46 37 51 12 50 41 17 07 34 45 35 01 38 49 47 13 42 53 39 15 33 03 28 19 29 04 32 23 25 00 16 27 21 06 20 31 43 02 24 08 
13 02 04 07 05 00 03 01 46 51 36 41 12 54 42 29 48 23 16 47 14 53 28 21 52 19 38 33 26 37 24 43 18 31 44 09 20 17 40 49 10 25 22 45 34 11 30 27 50 39 08 15 32 35 06 
03 12 06 05 01 04 00 02 38 43 48 53 54 13 20 33 44 31 50 25 18 49 16 35 30 23 34 21 40 15 28 39 26 45 14 37 46 11 22 19 42 51 08 27 24 47 36 09 32 29 52 41 10 17 07 
09 53 15 37 45 49 19 41 52 04 21 16 27 23 14 54 35 42 40 06 11 50 18 00 29 10 44 01 25 24 26 05 47 20 17 34 30 07 51 32 48 02 43 46 22 12 33 38 08 03 39 28 36 13 31 
20 24 38 46 10 28 16 34 17 45 03 22 42 50 21 15 54 36 43 31 00 08 51 53 04 30 11 37 07 26 25 23 13 48 01 18 35 09 12 52 33 27 06 44 47 19 05 14 39 41 02 40 29 49 32 
17 51 47 11 21 43 39 25 23 18 32 02 35 29 49 22 16 54 37 44 28 04 09 52 34 03 31 08 46 12 27 26 20 01 50 07 19 36 24 05 53 14 38 00 45 48 42 13 15 40 10 06 41 30 33 
40 30 08 22 18 36 48 52 06 24 19 51 26 44 07 50 23 17 54 38 45 25 03 10 53 47 02 32 09 33 05 28 27 11 31 39 12 20 37 43 13 34 15 21 04 46 49 29 01 16 41 35 00 42 14 
49 45 23 19 41 27 09 31 44 00 25 20 53 37 40 12 51 24 18 54 39 46 08 02 11 34 36 06 33 10 48 13 29 28 43 32 14 05 21 38 52 01 35 16 26 03 47 50 22 07 17 42 30 04 15 
10 38 20 42 50 34 24 46 21 37 04 26 32 28 29 31 05 52 25 19 54 40 47 45 06 08 35 23 00 14 11 49 01 30 03 44 33 41 13 22 39 15 07 36 17 53 02 48 51 27 12 18 43 09 16 
25 29 43 51 11 33 21 39 27 22 50 03 47 35 31 30 28 13 53 26 20 54 41 48 16 00 09 36 38 04 15 08 42 07 46 02 45 14 34 01 23 40 10 12 37 18 32 06 49 52 24 05 19 44 17 
22 36 52 08 26 48 44 30 02 28 23 17 40 14 12 32 31 25 01 34 27 21 54 42 49 33 04 10 37 39 03 16 09 51 45 11 06 46 15 35 07 24 41 29 05 38 19 43 00 50 53 47 13 20 18 
45 15 09 27 23 41 53 37 36 06 29 24 31 49 18 05 33 32 08 07 35 28 22 54 43 50 30 03 11 38 52 02 17 10 21 46 40 00 47 16 44 12 25 42 48 13 39 20 26 04 51 34 14 01 19 
34 50 28 24 46 32 10 16 25 49 00 30 38 42 11 53 13 14 33 45 12 36 29 23 54 44 51 09 02 08 39 41 06 18 07 22 47 15 04 48 17 19 05 26 43 37 01 40 21 31 03 52 35 27 20 
11 43 25 47 35 39 29 51 31 26 42 04 17 33 19 08 34 01 15 14 16 05 37 30 24 54 45 52 50 06 09 40 28 00 32 12 23 48 10 03 49 18 46 13 27 44 20 07 41 22 38 02 53 36 21 
30 14 48 36 08 18 26 44 03 32 27 35 52 40 04 20 09 47 07 16 15 33 13 38 31 25 54 46 53 21 00 10 41 43 37 29 05 24 49 51 02 50 19 39 01 28 45 11 12 42 23 17 06 34 22 
27 41 37 09 31 53 49 15 22 02 33 28 45 19 44 03 21 10 36 12 17 16 30 01 39 32 26 54 47 34 18 04 11 42 35 38 52 13 25 50 08 06 51 20 40 07 29 46 14 05 43 24 48 00 23 
50 20 10 32 28 46 38 42 29 41 06 14 16 34 43 37 02 22 11 23 05 18 17 09 07 40 33 27 54 48 35 15 03 08 04 36 39 19 01 26 51 45 00 52 21 49 12 30 47 53 13 44 25 31 24 
39 35 33 29 51 17 11 21 15 30 34 00 43 47 09 44 46 06 23 08 38 13 19 18 50 12 41 14 28 54 49 36 10 02 16 03 37 40 32 07 27 52 20 04 53 22 24 05 31 48 42 01 45 26 25 
08 48 30 52 40 44 14 36 04 16 31 47 22 18 06 10 45 33 00 24 09 39 01 20 19 21 05 42 15 29 54 50 37 35 27 43 02 38 41 17 12 28 53 11 03 34 23 51 13 32 49 25 07 46 26 
15 19 53 41 09 23 31 49 40 03 17 32 37 45 26 00 11 46 48 04 25 10 52 07 21 20 18 13 43 16 30 54 51 38 47 28 22 06 39 42 14 05 29 34 36 02 35 24 44 01 33 50 08 12 27 
32 46 42 10 16 38 34 20 33 27 02 18 50 24 39 23 04 08 47 49 03 26 11 41 12 22 21 15 01 44 17 31 54 52 05 48 29 53 00 40 43 37 13 30 35 09 06 36 25 45 07 14 51 19 28 
35 25 11 17 33 51 43 47 19 14 46 06 21 39 53 40 20 03 09 48 42 02 27 08 28 05 23 22 10 07 45 18 32 54 38 13 49 30 16 04 41 44 24 01 31 36 50 00 37 26 34 12 15 52 29 
44 40 18 14 36 22 08 26 00 20 15 39 48 52 54 34 41 11 02 10 49 51 06 28 09 43 13 24 23 35 12 46 19 33 53 47 01 50 31 21 03 42 45 17 07 32 37 25 04 38 27 29 05 16 30 
29 17 21 33 43 11 47 35 41 36 24 13 39 25 37 14 50 02 31 52 46 07 23 26 32 06 53 18 16 01 19 48 38 04 34 54 15 22 42 12 09 30 28 05 49 08 10 03 45 44 20 00 27 40 51 
48 26 14 44 30 40 22 18 01 42 37 33 36 08 03 38 15 39 06 32 53 11 12 24 27 29 00 34 19 43 07 20 49 47 41 35 54 16 23 25 05 10 31 51 13 50 09 17 02 46 45 21 04 28 52 
23 09 45 31 49 37 15 27 48 07 43 38 19 41 30 02 39 16 14 00 33 34 40 05 25 28 52 04 35 20 22 12 21 50 29 42 36 54 17 24 26 13 11 32 08 01 51 10 18 06 47 46 44 03 53 
16 42 32 50 24 20 46 10 39 31 12 44 28 38 51 09 06 40 17 41 04 14 35 15 13 26 29 19 03 36 21 53 05 22 02 30 43 37 54 18 25 49 01 08 33 27 07 52 11 23 00 48 47 45 34 
47 39 51 25 17 29 33 43 45 40 20 05 11 21 23 52 24 00 41 18 34 03 15 36 10 01 27 30 32 02 37 22 16 13 42 06 31 44 38 54 19 26 50 07 09 14 28 12 53 08 46 04 49 48 35 
14 22 26 18 48 08 52 40 13 46 41 29 44 30 01 24 53 43 04 42 19 35 02 16 37 51 07 28 31 17 06 38 23 21 49 25 00 32 45 39 54 20 27 47 12 10 15 33 05 34 09 11 03 50 36 
53 31 19 49 15 45 27 23 18 01 47 42 41 09 48 07 25 34 52 03 43 20 44 06 17 38 08 12 29 32 14 00 39 24 51 50 26 04 33 46 40 54 21 28 30 05 11 16 36 13 35 10 22 02 37 
28 10 50 16 34 42 20 32 43 53 07 48 24 46 25 27 12 26 35 15 02 44 21 19 00 18 39 45 05 30 33 37 04 40 06 52 51 49 03 14 47 41 54 22 29 31 13 08 17 09 01 36 11 23 38 
21 47 17 35 29 25 51 11 49 44 16 12 33 43 41 26 38 05 27 36 10 06 45 22 46 04 19 40 20 13 31 14 24 03 28 00 53 52 50 02 15 48 42 54 23 30 34 01 09 18 32 07 37 08 39 
52 44 36 30 22 14 18 48 05 50 45 25 08 26 02 42 27 21 13 28 37 29 00 46 23 39 03 20 41 11 01 32 15 17 09 51 04 34 53 47 06 16 49 43 54 24 31 35 07 10 19 33 12 38 40 
19 27 31 23 53 09 37 45 14 13 51 46 49 15 22 06 43 28 26 01 29 38 48 04 47 24 40 02 21 42 36 07 33 16 39 10 08 03 35 34 30 00 17 50 44 54 25 32 52 12 11 20 18 05 41 
38 16 24 34 20 50 32 28 47 23 01 52 46 10 17 19 00 44 29 53 07 30 39 37 03 48 25 49 06 22 43 09 12 14 13 40 11 27 02 36 35 31 04 18 51 45 54 26 33 15 05 08 21 41 42 
33 11 35 21 39 47 25 17 53 48 38 07 29 51 15 18 42 04 45 30 32 12 31 40 20 02 49 26 24 00 23 44 50 05 10 01 41 08 28 06 37 36 34 03 19 52 46 54 27 14 16 13 09 22 43 
26 52 22 40 14 30 36 08 12 34 49 21 18 48 13 16 19 29 03 46 31 43 05 32 41 11 06 50 27 51 04 24 45 25 23 17 07 42 09 33 00 38 37 35 02 20 53 47 54 28 15 39 01 10 44 
37 49 41 15 27 19 23 53 30 05 35 50 09 31 08 01 17 20 22 02 47 32 26 13 33 42 14 00 51 28 44 03 25 46 11 24 18 12 43 10 36 04 39 38 52 06 21 34 48 54 29 16 40 07 45 
24 32 16 28 38 10 42 50 51 19 13 36 34 20 47 41 07 18 21 27 06 48 33 31 01 14 43 53 04 52 29 45 02 26 12 08 25 23 05 44 11 09 03 40 39 15 00 22 35 49 54 30 17 37 46 
43 21 29 39 25 35 17 33 37 52 28 01 51 11 27 48 10 12 19 22 24 00 49 14 38 07 15 44 42 03 53 30 34 06 20 05 09 26 46 13 45 08 32 02 41 40 16 04 23 36 50 54 31 18 47 
18 08 40 26 44 52 30 22 07 38 53 43 14 36 00 28 49 35 05 20 23 47 04 50 15 17 12 16 45 25 02 34 31 29 19 21 13 10 27 11 01 46 09 33 06 42 41 39 03 24 37 51 54 32 48 
31 37 27 45 19 15 41 09 26 12 39 34 23 53 36 04 29 50 30 13 21 24 14 03 51 16 48 05 17 46 08 06 35 32 33 20 44 01 11 28 22 07 47 10 18 00 43 42 40 02 25 38 52 54 49 
42 34 46 20 32 24 28 38 35 15 05 40 10 16 33 49 03 30 51 09 01 22 25 27 02 52 17 31 13 18 47 19 00 36 54 14 21 45 07 08 29 23 12 48 11 41 04 44 43 37 06 26 39 53 50 
05 04 12 13 03 02 01 00 10 11 08 09 06 07 50 51 52 53 34 35 36 37 38 39 40 41 42 43 44 45 46 47 48 49 30 31 32 33 14 15 16 17 18 19 20 21 22 23 24 25 26 27 28 29 54 
