00 54 29 06 01 02 05 03 26 53 38 47 22 31 08 21 36 19 16 43 48 37 12 33 18 11 46 09 04 28 50 17 40 27 14 45 32 51 44 23 42 39 10 15 24 35 30 41 34 13 52 49 20 25 07 
54 01 07 28 03 00 02 04 18 31 24 17 52 15 12 39 44 53 08 33 14 27 42 25 22 49 34 43 29 05 46 13 36 23 40 19 38 35 26 11 20 51 30 37 50 09 48 45 16 21 10 41 32 47 06 
29 07 02 54 06 04 03 28 44 19 32 25 18 53 16 13 40 45 34 09 30 15 08 43 26 23 50 35 05 01 24 47 14 37 48 41 20 39 36 27 12 21 52 31 38 51 10 49 46 17 22 11 42 33 00 
06 28 54 03 05 07 29 02 22 15 50 13 10 37 42 51 26 31 12 25 40 23 20 47 52 41 16 33 00 04 34 21 44 11 36 53 24 09 18 49 32 35 48 27 46 43 14 19 08 39 30 45 38 17 01 
01 03 06 05 04 54 00 29 14 49 12 09 36 41 50 25 30 11 24 39 22 19 46 51 40 15 32 21 07 02 20 43 10 53 52 23 08 17 48 31 34 47 26 45 42 13 18 27 38 33 44 37 16 35 28 
02 00 04 07 54 05 28 01 52 37 46 21 30 27 20 35 18 15 42 47 36 11 32 17 10 45 08 25 03 06 16 39 26 49 44 31 50 43 22 41 38 09 14 23 34 33 40 53 12 51 48 19 24 13 29 
05 02 03 29 00 28 06 54 48 11 08 35 40 49 24 33 10 23 38 21 18 45 50 39 14 31 20 13 01 07 42 09 52 19 22 27 16 47 30 53 46 25 44 41 12 17 26 37 32 43 36 15 34 51 04 
03 04 28 02 29 01 54 07 30 23 16 51 14 11 38 43 52 27 32 13 26 41 24 21 48 53 42 17 06 00 12 35 22 45 18 37 34 25 10 19 50 33 36 49 08 47 44 15 20 09 40 31 46 39 05 
09 51 33 21 39 17 35 43 08 54 37 40 32 04 45 26 46 29 41 30 34 07 19 48 42 03 11 10 25 47 23 36 24 28 12 02 15 22 16 05 53 18 50 06 27 52 20 00 49 44 38 01 31 14 13 
18 44 52 40 36 48 26 22 11 09 54 38 41 21 03 46 27 13 05 42 31 25 01 20 49 47 07 12 10 30 06 24 37 35 15 43 29 16 23 33 00 34 19 51 04 08 53 39 28 50 45 17 02 32 14 
49 23 45 37 27 31 11 41 13 12 10 54 39 42 40 07 47 08 44 00 43 32 36 02 21 50 48 01 19 53 26 04 25 38 33 16 30 05 17 24 22 28 35 20 14 03 09 34 52 06 51 46 18 29 15 
32 42 24 08 12 34 20 38 02 14 13 11 54 40 43 31 01 48 09 15 28 44 33 49 29 22 51 41 50 46 39 53 03 26 05 30 17 23 00 18 25 45 06 36 21 19 07 10 35 27 04 52 47 37 16 
35 39 43 13 21 47 51 09 32 29 15 14 12 54 41 44 24 02 49 10 46 06 45 30 34 05 23 52 33 25 27 40 50 07 42 00 31 18 08 28 19 26 20 04 37 22 38 01 11 36 16 03 53 48 17 
48 10 40 22 52 26 30 14 53 21 05 16 15 13 54 42 45 47 29 50 11 39 04 46 31 17 00 24 36 44 01 08 41 09 49 25 28 32 19 35 06 20 27 33 03 38 23 51 02 12 37 43 07 34 18 
27 15 11 53 31 45 37 23 25 34 40 00 17 16 14 54 43 46 52 05 51 12 44 03 47 32 10 28 49 41 48 02 09 42 35 50 18 06 33 20 30 04 21 08 36 07 39 24 22 29 13 38 26 01 19 
46 24 16 32 38 42 50 34 06 26 35 31 28 18 17 15 54 44 47 37 00 52 13 27 07 48 33 53 08 12 43 23 29 10 02 36 51 45 04 30 21 49 03 22 09 41 01 40 25 11 05 14 39 19 20 
43 35 25 39 51 13 09 33 46 04 27 36 24 06 19 18 16 54 45 48 38 28 53 14 20 01 49 30 47 17 11 44 08 05 50 29 37 52 34 03 31 22 32 07 23 10 12 02 41 26 42 00 15 40 21 
14 30 36 52 10 18 48 40 31 13 03 08 37 47 04 20 19 17 54 46 49 51 06 34 15 43 02 50 44 26 00 12 45 21 41 39 05 38 53 09 07 32 23 35 01 24 11 33 29 42 27 25 28 16 22 
19 41 31 11 49 27 45 53 51 32 44 07 09 38 52 03 21 20 18 54 47 50 30 04 35 16 36 29 15 37 14 28 13 46 17 42 10 00 39 34 48 01 33 24 22 02 25 12 26 05 43 08 40 06 23 
08 34 42 50 46 38 16 12 05 52 33 15 01 10 39 37 07 22 21 19 54 48 51 11 03 36 17 23 20 32 47 45 06 14 04 18 43 49 28 40 35 27 02 30 25 53 29 26 13 31 00 44 09 41 24 
39 13 35 47 17 33 21 51 34 00 53 30 46 02 11 40 38 01 23 22 20 54 49 52 50 07 37 18 09 43 15 48 16 04 24 03 19 44 42 06 41 36 08 29 31 26 32 05 27 14 12 28 45 10 25 
30 52 14 18 22 44 10 48 19 25 28 34 31 39 29 12 41 51 02 24 23 21 54 50 53 33 01 38 40 36 03 16 49 43 11 09 07 20 45 17 04 42 37 47 05 32 27 13 00 08 15 35 06 46 26 
45 49 53 23 11 37 41 19 39 20 36 06 35 32 44 05 13 42 30 29 25 24 22 54 51 34 14 02 31 15 40 07 17 50 47 12 48 01 21 46 26 03 43 38 52 00 33 08 18 28 09 16 10 04 27 
38 20 50 12 42 16 32 24 29 40 21 49 04 36 33 27 00 14 43 11 05 26 25 23 54 52 35 37 46 34 51 19 01 18 03 48 13 41 02 22 47 53 07 44 39 15 28 30 09 45 06 10 17 31 08 
17 25 21 43 33 35 47 13 42 05 41 22 34 03 37 30 20 28 15 44 50 00 27 26 24 54 53 36 39 51 19 52 38 02 46 07 49 14 12 29 23 48 16 01 45 40 08 06 31 10 32 04 11 18 09 
36 14 26 30 48 52 40 44 37 47 00 42 23 17 07 38 31 43 06 16 45 33 28 08 27 25 54 34 18 22 29 20 53 13 19 51 01 50 15 21 05 24 49 09 02 46 41 35 04 32 11 39 03 12 10 
53 45 15 49 41 23 19 31 35 38 48 28 43 24 10 01 39 32 36 04 17 46 14 06 09 08 26 54 37 27 18 05 21 34 13 20 22 02 51 16 52 00 25 50 40 29 47 42 44 03 33 12 30 07 11 
24 32 46 42 20 08 38 50 54 36 39 41 06 44 25 53 02 40 33 23 03 18 47 37 04 10 09 27 34 16 35 11 00 22 01 14 21 31 29 52 17 15 28 26 51 49 05 48 43 19 07 30 13 45 12 
04 29 05 00 07 03 01 06 10 27 34 39 48 23 32 09 22 37 20 17 44 49 38 13 30 19 12 47 28 54 08 51 18 41 26 15 46 33 52 45 24 43 40 11 16 25 36 31 42 35 14 53 50 21 02 
28 05 01 04 02 06 07 00 36 45 20 33 26 19 34 17 14 41 46 35 10 31 16 09 44 27 24 51 54 29 38 25 48 15 30 49 42 21 40 37 08 13 22 53 32 39 52 11 50 47 18 23 12 43 03 
11 27 41 15 37 53 23 49 17 08 26 29 21 12 48 06 25 16 14 01 09 20 40 00 13 24 18 03 45 19 30 54 33 32 43 34 52 28 47 38 44 07 51 42 10 05 35 46 36 04 39 50 22 02 31 
34 50 08 38 24 20 46 16 07 18 09 53 05 22 13 23 04 26 17 45 02 10 21 19 28 14 25 11 12 42 33 31 54 30 29 44 35 15 06 48 39 37 01 52 43 27 00 36 47 41 03 40 51 49 32 
21 17 51 25 47 43 13 39 24 01 19 10 50 00 23 14 08 03 27 18 16 29 11 22 38 06 15 26 35 09 31 30 32 54 20 05 45 36 46 04 49 40 12 02 53 44 42 28 37 48 34 07 41 52 33 
44 40 18 48 14 10 36 26 27 35 02 20 11 09 28 24 15 21 07 08 19 43 05 12 23 13 04 16 22 52 54 32 31 33 53 17 00 46 37 51 03 50 41 39 29 34 45 25 06 38 49 47 01 42 30 
33 09 47 51 35 21 43 25 12 06 23 44 42 07 53 22 50 04 19 14 24 05 31 40 46 00 41 48 17 13 49 26 20 03 34 54 27 10 32 01 15 52 38 28 11 30 16 29 45 18 08 02 37 36 39 
22 26 10 36 44 14 18 52 49 43 04 24 45 25 01 34 23 39 03 20 15 09 00 32 41 51 28 42 30 48 07 50 27 17 37 35 54 08 11 47 02 16 53 13 06 12 31 21 05 46 19 33 29 38 40 
15 53 27 45 19 49 31 37 43 50 30 03 25 46 18 02 35 24 10 07 21 16 48 28 33 42 22 06 23 11 52 01 51 08 39 38 36 54 09 12 14 29 17 34 26 04 13 32 40 00 47 20 44 05 41 
50 38 34 20 32 12 24 46 04 44 51 23 07 26 47 45 29 36 25 49 01 22 17 41 06 30 43 31 16 08 09 15 02 52 00 40 39 37 54 10 13 19 05 18 35 11 03 14 33 53 28 48 21 27 42 
13 47 39 33 25 09 17 21 16 03 45 52 08 01 27 48 34 05 37 26 42 02 23 18 12 04 31 44 51 35 53 10 46 29 32 28 41 40 38 54 11 14 24 00 19 36 50 07 15 30 20 06 49 22 43 
10 22 48 26 18 36 52 30 45 33 07 46 53 35 02 08 49 09 00 38 27 17 29 24 19 21 03 32 14 40 05 34 11 51 23 47 06 42 41 39 54 12 15 25 28 20 37 43 01 16 31 13 04 50 44 
37 31 23 19 53 41 15 27 33 46 22 01 47 34 30 29 09 50 48 28 39 08 26 05 25 20 52 07 11 49 44 00 35 12 51 24 14 04 43 42 40 54 13 16 18 06 21 38 10 02 17 32 36 03 45 
42 08 32 34 16 50 12 20 01 30 47 45 02 48 35 49 05 10 51 27 06 40 09 53 00 26 21 15 38 24 13 37 28 36 07 52 25 19 03 44 43 41 54 14 17 31 04 22 39 23 29 18 33 11 46 
51 21 09 17 13 25 39 35 50 02 31 48 20 29 49 36 32 00 11 52 08 04 41 10 16 28 27 22 43 33 37 14 12 06 38 01 53 26 24 07 45 44 42 54 15 18 34 03 23 40 46 05 19 30 47 
26 36 22 14 40 30 44 18 23 51 29 32 49 33 05 50 37 35 28 12 53 47 03 42 11 09 06 08 52 10 04 38 15 39 31 13 02 34 27 25 01 46 45 43 54 16 19 17 07 24 41 21 00 20 48 
31 19 37 41 45 11 53 15 09 24 14 05 33 50 36 00 51 38 22 06 13 34 52 07 43 12 40 04 27 23 10 03 39 16 21 32 26 29 35 08 18 02 47 46 44 54 17 20 30 01 25 42 48 28 49 
12 16 20 46 34 24 08 42 03 10 25 19 00 30 51 41 28 52 39 53 04 14 35 15 01 44 13 49 32 38 17 27 07 40 06 22 33 11 05 36 09 31 29 48 47 45 54 18 21 37 02 26 43 23 50 
25 43 17 35 09 39 33 47 20 07 11 26 38 28 31 52 12 06 53 40 32 03 15 36 08 02 45 14 13 21 41 18 42 01 16 04 23 30 50 00 37 10 34 05 49 48 46 54 19 22 24 29 27 44 51 
40 48 44 10 30 22 14 36 15 39 01 12 27 51 06 32 53 33 04 34 41 13 07 16 37 35 29 46 26 18 02 42 19 25 45 21 03 24 31 43 28 38 11 17 00 50 49 47 54 20 23 09 05 08 52 
23 37 49 31 15 19 27 11 47 16 52 02 13 08 22 04 33 34 26 03 35 42 18 01 17 38 44 05 41 45 36 29 43 20 09 46 40 07 25 32 10 06 39 12 30 28 51 50 48 54 21 24 14 00 53 
20 12 38 16 08 46 42 32 00 48 17 27 29 14 09 11 03 30 35 31 07 36 43 45 02 18 39 19 24 50 21 41 05 44 28 10 47 53 01 26 33 23 04 40 13 37 06 52 51 49 54 22 25 15 34 
47 33 13 09 43 51 25 17 38 28 49 18 16 05 15 10 42 07 31 36 12 01 37 44 32 29 19 40 21 39 45 22 34 00 08 06 11 48 20 02 27 30 46 03 41 14 24 04 53 52 50 54 23 26 35 
52 18 30 44 26 40 22 10 41 17 06 50 19 43 00 16 11 25 01 32 37 35 02 38 45 39 05 20 48 14 28 46 23 47 27 33 04 12 49 13 29 08 31 21 07 42 15 09 03 34 53 51 54 24 36 
41 11 19 27 23 15 49 45 21 42 18 04 51 20 26 28 17 12 40 02 33 38 10 29 39 46 30 00 53 31 22 06 47 24 25 08 44 03 13 50 36 05 09 32 48 01 43 16 14 07 35 34 52 54 37 
16 46 12 24 50 32 34 08 28 22 43 37 03 52 21 19 06 18 13 41 29 30 39 31 05 40 47 45 42 20 25 49 04 48 54 26 09 27 07 14 51 11 00 10 33 23 02 44 17 15 01 36 35 53 38 
07 06 00 01 28 29 04 05 40 41 42 43 44 45 46 47 48 49 50 51 52 53 34 35 36 37 38 39 02 03 32 33 30 31 10 11 12 13 14 15 16 17 18 19 20 21 22 23 24 25 26 27 08 09 54 
