00 54 11 33 01 02 29 14 19 24 04 10 09 41 28 35 26 06 46 13 40 31 07 51 18 45 16 08 36 23 50 21 03 05 30 53 42 39 22 15 38 47 44 27 20 43 52 49 12 25 48 37 34 17 32 
54 01 32 10 03 00 21 26 31 16 11 05 52 23 07 43 30 37 28 08 48 15 42 13 09 53 20 47 18 06 38 25 04 02 36 19 12 35 44 41 24 17 40 49 46 29 22 45 34 51 14 27 50 39 33 
11 32 02 54 33 04 25 30 15 20 05 01 22 06 42 29 36 27 07 47 14 41 12 08 52 19 46 17 09 37 24 51 10 03 18 31 34 43 40 23 16 39 48 45 28 21 44 53 50 13 26 49 38 35 00 
33 10 54 03 05 32 43 48 53 38 00 04 18 15 46 39 14 23 20 51 44 19 28 25 36 49 24 13 30 41 34 29 02 11 26 45 07 17 52 31 50 08 22 37 16 35 09 27 42 21 40 06 12 47 01 
01 03 33 05 04 54 39 44 49 34 32 02 30 19 16 47 40 15 24 21 52 45 20 29 26 37 50 25 14 31 42 35 11 00 48 27 46 08 18 53 12 51 09 23 38 17 36 06 28 43 22 41 07 13 10 
02 00 04 32 54 05 51 36 41 46 03 33 44 37 12 21 18 49 42 17 26 23 34 47 22 31 28 39 52 27 16 13 01 10 09 15 50 29 48 06 20 35 14 53 07 25 40 19 38 08 30 45 24 43 11 
42 34 38 28 24 16 06 54 09 08 50 20 05 44 35 41 11 48 39 27 04 52 43 15 03 36 47 31 32 40 51 49 12 46 02 18 29 45 00 22 13 19 33 26 17 23 10 30 21 53 01 14 25 37 07 
47 39 43 13 29 21 09 07 54 06 35 25 16 32 45 36 34 05 49 40 46 11 53 44 12 04 37 48 20 03 41 52 17 51 38 01 19 30 42 02 23 14 50 00 27 18 24 33 31 22 28 10 15 26 08 
52 44 48 18 14 26 07 06 08 54 40 30 53 25 03 46 37 21 32 50 41 39 05 34 45 51 11 38 49 17 04 42 22 36 27 13 10 20 31 43 01 24 15 47 02 28 19 35 00 12 23 29 33 16 09 
37 49 53 23 19 31 54 08 07 09 45 15 43 34 22 04 47 38 30 03 51 42 26 32 35 46 44 05 39 50 36 11 27 41 17 28 14 33 21 12 18 10 25 16 48 01 29 20 52 02 13 24 40 00 06 
04 11 05 00 32 03 17 22 27 12 10 54 26 53 24 08 44 31 38 29 09 49 16 43 14 06 34 21 48 19 07 39 33 01 40 37 20 13 36 45 42 25 18 41 50 47 30 23 46 35 52 15 28 51 02 
10 05 01 04 02 33 35 40 45 50 54 11 36 31 20 17 48 41 16 25 22 53 46 21 30 27 38 51 26 15 12 43 00 32 14 49 28 47 09 19 34 13 52 06 24 39 18 37 07 29 44 23 42 08 03 
51 08 17 21 39 35 30 16 33 15 47 43 12 54 37 14 42 02 06 52 50 04 27 09 38 10 41 22 34 11 19 36 13 29 24 00 49 48 46 01 31 44 28 03 23 26 20 05 45 18 07 32 53 40 25 
30 18 52 14 22 44 16 31 25 00 09 40 37 13 54 38 15 39 01 07 53 08 11 28 06 17 33 42 23 47 05 20 36 48 41 29 02 50 49 51 10 12 45 21 04 24 27 43 32 46 19 35 03 34 26 
49 53 31 37 15 41 02 17 12 22 19 23 21 38 14 54 39 16 52 10 08 34 48 05 29 07 36 00 43 24 18 32 45 06 35 42 44 01 51 50 26 33 13 46 30 11 25 28 40 03 47 20 09 04 27 
07 12 50 46 38 24 41 01 18 13 34 16 03 22 39 15 54 40 17 23 33 09 35 27 32 30 08 45 02 44 25 53 42 20 11 36 43 49 10 52 51 31 00 14 47 37 05 26 29 06 04 48 21 19 28 
21 51 08 43 47 17 14 34 10 19 13 39 42 04 23 40 16 54 41 18 38 00 06 36 46 03 31 09 07 01 45 26 25 35 50 05 37 44 12 33 53 52 24 02 15 48 28 32 27 30 20 11 49 22 29 
36 09 22 26 44 40 20 15 21 33 52 48 27 39 11 24 41 17 54 42 19 47 02 07 37 35 04 12 06 43 10 46 18 14 23 08 32 38 45 29 00 34 53 51 01 16 49 13 03 28 31 25 05 50 30 
15 23 37 19 27 49 00 21 16 30 06 45 47 28 52 05 25 42 18 54 43 20 44 01 08 38 09 11 13 07 22 33 41 53 51 24 40 03 39 46 14 02 35 34 36 10 17 50 26 04 29 12 48 32 31 
34 38 16 42 20 46 27 02 22 17 24 28 00 48 29 23 32 26 43 19 54 44 21 37 10 09 39 53 05 14 08 41 50 07 03 52 25 06 04 40 47 49 01 36 35 31 33 18 51 15 11 30 13 45 12 
08 17 35 51 43 29 18 46 01 23 39 21 50 02 49 30 38 03 27 44 20 54 45 22 28 33 06 40 12 32 15 09 47 25 07 04 53 26 24 11 41 48 34 10 37 36 16 00 19 52 42 05 31 14 13 
26 36 09 48 52 22 24 19 39 10 18 44 06 08 01 50 31 47 04 28 45 21 54 46 23 43 00 07 41 51 03 16 30 40 15 25 11 34 27 35 05 42 49 17 33 38 37 29 02 20 53 13 32 12 14 
41 06 27 31 49 45 33 25 20 26 37 53 17 07 48 10 51 12 44 11 29 46 22 54 47 24 52 02 08 42 40 04 23 19 13 16 30 05 35 28 09 32 43 50 14 00 39 38 36 01 21 34 18 03 15 
20 28 42 24 12 34 15 00 26 21 07 50 11 18 08 27 33 52 13 37 05 30 47 23 54 48 25 49 01 09 43 06 46 38 04 14 17 53 32 36 29 45 03 44 51 19 02 40 39 41 10 22 35 31 16 
39 43 21 47 25 51 22 12 02 27 29 13 38 05 19 09 46 00 53 14 28 32 31 48 24 54 49 26 42 10 06 44 35 08 20 11 15 18 50 03 37 30 07 04 45 52 34 01 41 40 16 33 23 36 17 
09 22 40 36 48 14 28 23 51 01 44 26 45 17 32 20 06 35 02 34 15 43 03 12 49 25 54 50 27 13 33 07 52 30 37 47 05 16 19 08 04 38 31 29 11 46 53 39 10 42 41 21 00 24 18 
31 41 06 53 37 27 10 29 24 44 23 49 08 46 36 03 21 07 09 01 35 16 52 04 13 50 26 54 51 28 48 00 15 45 25 38 18 32 17 20 30 11 39 12 40 05 47 34 22 33 43 42 14 02 19 
46 07 12 16 34 50 31 33 30 25 42 38 02 09 47 45 04 22 08 53 10 36 17 49 11 14 51 27 54 52 29 37 28 24 01 26 39 23 03 18 21 15 05 40 13 06 32 48 35 19 00 44 43 41 20 
25 13 47 29 17 39 26 20 00 31 08 35 34 01 06 48 07 11 23 09 12 33 37 18 42 05 15 52 28 54 53 30 51 43 46 10 27 40 16 04 19 22 38 32 41 14 50 03 49 36 24 02 45 44 21 
44 48 26 52 30 36 12 27 17 02 14 18 31 47 10 07 49 43 05 24 06 51 00 38 19 13 32 16 53 29 54 34 40 09 45 21 33 28 41 25 11 20 23 35 03 42 15 08 04 50 37 39 01 46 22 
06 27 45 41 53 19 01 13 28 36 49 31 35 12 18 33 08 50 22 32 25 07 40 02 39 20 48 03 17 34 30 54 37 15 47 46 26 00 29 42 52 05 21 24 09 04 43 16 14 11 51 38 44 10 23 
16 46 07 38 42 12 49 10 14 29 28 34 54 36 13 53 00 09 51 41 03 26 08 06 01 40 21 37 04 18 35 31 20 50 33 48 47 19 02 30 43 23 32 22 25 15 11 44 17 45 05 52 39 27 24 
03 04 10 02 11 01 47 52 37 42 33 00 14 45 38 13 22 19 50 43 18 27 24 35 48 23 12 29 40 53 28 17 32 54 44 06 16 51 30 49 07 21 36 15 34 08 26 41 20 39 09 31 46 25 05 
05 02 03 11 00 10 13 18 23 28 01 32 40 27 34 25 09 45 12 39 30 06 50 17 44 15 07 35 22 49 20 08 54 33 52 41 38 21 14 37 46 43 26 19 42 51 48 31 24 47 36 53 16 29 04 
17 35 29 08 21 25 52 38 11 37 43 51 24 03 53 18 50 10 45 48 07 02 19 40 20 01 27 14 46 05 23 22 39 13 34 54 31 36 28 32 06 26 16 33 49 09 42 04 15 44 12 00 41 30 47 
14 30 18 40 09 52 38 53 13 05 36 22 23 29 04 34 19 08 33 46 49 25 01 20 41 47 10 28 15 21 32 24 26 44 31 35 54 12 37 17 03 07 27 39 00 50 06 51 11 16 45 43 02 42 48 
45 19 15 27 41 23 32 39 34 14 31 06 25 24 44 11 35 20 40 00 47 50 30 10 21 42 18 33 29 16 26 03 53 37 43 12 36 54 13 38 48 04 08 28 52 02 51 07 09 05 17 46 22 01 49 
38 16 46 34 28 07 45 03 40 35 20 42 04 26 25 49 05 36 21 06 02 48 51 53 33 22 43 23 00 30 17 19 24 12 10 44 13 37 54 14 39 27 11 09 29 41 01 52 08 31 32 18 47 15 50 
13 47 39 25 35 43 36 42 04 41 17 29 46 11 27 26 12 32 37 22 24 01 49 52 50 00 23 44 16 02 31 18 08 21 28 33 45 14 38 54 15 40 20 05 06 30 07 10 53 09 34 03 19 48 51 
22 40 14 09 26 30 42 37 43 11 48 36 19 51 05 28 27 29 03 38 23 35 10 50 53 08 02 24 45 25 01 12 44 18 49 17 00 46 15 39 54 16 41 13 32 07 31 21 33 34 06 47 04 20 52 
19 15 23 45 06 37 05 43 38 18 41 27 13 20 26 32 29 28 14 04 39 24 09 33 51 34 30 01 25 46 52 10 31 49 21 50 48 02 47 16 40 54 17 42 22 03 08 12 44 00 35 07 36 11 53 
50 24 20 12 46 28 19 32 44 39 16 07 33 14 21 31 03 30 29 49 11 40 25 45 00 52 35 15 10 26 47 23 38 42 05 22 51 27 01 48 17 41 54 18 43 53 04 09 13 37 02 36 08 06 34 
43 21 51 39 13 08 40 50 03 45 25 47 28 00 15 22 24 04 31 30 34 05 41 26 07 02 53 36 38 33 27 48 29 17 16 32 23 52 20 10 49 18 42 54 19 44 12 11 06 14 46 01 37 09 35 
18 52 44 30 40 48 46 41 47 04 22 14 49 21 02 16 23 51 11 12 31 17 32 42 27 29 01 34 37 35 00 28 09 26 06 39 03 24 53 13 33 50 19 43 54 20 45 25 05 07 15 08 10 38 36 
27 45 19 06 31 15 11 47 42 48 53 41 29 50 30 01 17 24 36 05 13 12 14 03 43 28 40 10 35 38 09 02 49 23 39 07 52 04 25 34 22 00 51 20 44 54 21 46 18 32 08 16 26 33 37 
24 20 28 50 07 42 23 05 48 43 46 12 01 30 51 37 10 18 25 31 32 14 13 19 04 44 29 06 33 36 39 15 16 34 00 40 08 41 11 26 35 53 02 52 21 45 54 22 47 27 03 09 17 49 38 
35 29 25 17 51 13 44 24 32 49 21 08 20 10 31 52 28 33 19 26 16 03 15 14 34 11 45 30 50 00 37 40 43 47 42 02 41 09 07 05 27 36 12 01 53 22 46 54 23 48 38 04 06 18 39 
48 26 36 44 18 09 50 45 35 03 30 52 41 43 33 12 53 13 00 20 27 29 04 16 15 39 05 46 31 08 02 38 14 22 19 51 01 42 06 21 32 28 37 25 10 34 23 47 54 24 49 17 11 07 40 
23 37 49 15 45 53 04 51 46 52 27 19 39 42 40 00 13 34 26 02 21 28 36 11 17 16 22 32 47 12 14 01 06 31 08 20 09 10 43 07 44 03 29 38 18 33 35 24 48 54 25 50 30 05 41 
12 50 24 07 16 20 53 11 52 47 38 46 10 40 43 06 02 14 35 15 01 22 29 41 05 18 17 19 03 48 13 45 34 28 32 09 21 31 33 44 08 37 04 30 39 27 00 36 25 49 54 26 51 23 42 
29 25 13 35 08 47 48 28 05 53 51 17 07 33 41 44 20 01 15 36 42 10 23 30 16 32 19 18 24 04 49 14 21 39 12 03 06 22 34 00 45 09 46 11 31 40 38 02 37 26 50 54 27 52 43 
40 14 30 22 36 18 34 49 29 32 26 09 15 35 00 42 45 25 10 16 37 13 33 24 31 21 03 20 19 39 11 50 48 52 53 43 04 07 23 47 02 46 06 08 05 12 41 17 01 38 27 51 54 28 44 
53 31 41 49 23 06 03 35 50 40 15 37 51 16 09 02 43 46 48 33 17 38 18 00 25 12 14 04 21 20 44 05 19 27 29 34 22 11 08 24 36 01 47 07 26 32 13 42 30 10 39 28 52 54 45 
28 42 34 20 50 38 37 04 36 51 12 24 32 52 17 19 01 44 47 45 00 18 39 31 02 26 13 41 11 22 21 27 07 16 54 30 35 15 05 09 25 06 10 48 08 49 03 14 43 23 33 40 29 53 46 
32 33 00 01 10 11 08 09 06 07 02 03 48 49 50 51 52 53 34 35 36 37 38 39 40 41 42 43 44 45 46 47 05 04 22 23 24 25 26 27 28 29 30 31 12 13 14 15 16 17 18 19 20 21 54 
