00 36 54 14 10 12 49 17 26 53 08 29 15 11 03 24 45 32 05 48 04 40 51 42 27 52 30 34 50 33 35 46 43 07 21 23 13 18 47 20 37 44 39 01 02 16 19 09 22 28 25 38 41 31 06 
38 01 40 35 52 02 05 13 46 34 29 48 25 03 44 22 18 49 06 24 32 41 12 50 16 37 07 28 15 20 47 00 26 45 19 42 53 31 27 51 09 21 10 54 08 36 04 43 17 14 33 39 11 30 23 
11 52 02 54 15 23 31 48 18 38 46 05 30 47 12 04 06 00 33 16 49 43 28 27 39 09 51 36 25 44 34 22 53 21 08 45 24 14 41 40 17 19 50 37 26 10 32 13 29 01 03 42 35 20 07 
16 42 12 03 54 19 24 10 49 27 13 53 06 26 45 09 00 48 02 34 07 38 21 52 28 40 29 31 37 32 50 05 01 46 22 20 47 25 15 44 41 18 35 51 04 14 17 11 43 30 23 36 39 33 08 
54 22 13 09 04 48 20 25 33 07 28 36 46 02 08 47 10 14 49 03 31 52 35 11 51 29 41 44 32 38 23 01 06 43 53 16 39 45 26 17 50 42 19 30 24 12 34 15 27 21 00 40 37 18 05 
15 04 48 17 32 05 54 30 10 44 36 20 34 23 35 12 50 01 40 51 14 00 53 26 18 49 43 21 46 11 07 52 33 42 37 39 03 24 45 13 27 47 08 29 16 19 28 25 31 22 41 02 06 09 38 
33 46 22 49 18 11 06 54 27 19 50 37 17 44 24 36 41 15 43 28 52 30 31 21 23 38 48 08 16 53 12 09 51 34 39 47 40 04 02 05 14 25 45 00 42 26 10 20 01 32 13 07 03 29 35 
19 03 34 13 48 28 12 07 54 18 32 44 38 10 50 25 37 51 16 21 42 02 27 49 22 24 20 09 05 01 46 40 35 52 31 26 45 41 00 47 06 15 29 53 14 17 30 23 33 43 39 04 08 11 36 
49 28 20 31 43 54 29 09 08 35 19 17 50 38 39 44 26 30 52 13 22 46 03 36 48 01 25 53 10 06 14 32 41 11 51 02 04 47 42 23 45 07 16 33 40 24 12 18 21 34 15 05 00 27 37 
08 48 41 53 05 36 28 44 37 09 54 12 11 46 27 30 31 40 39 25 51 23 16 00 04 22 47 17 19 50 18 02 45 15 14 52 21 43 06 34 33 38 49 24 01 29 20 07 03 13 42 32 26 35 10 
06 20 05 26 46 38 37 35 50 12 10 54 09 01 53 28 27 52 41 40 29 25 24 45 02 00 13 19 18 07 44 15 42 47 16 32 51 22 21 48 31 34 03 49 39 08 36 30 14 04 43 23 33 17 11 
53 25 07 06 39 44 35 38 30 10 09 11 54 28 33 46 29 23 51 42 41 48 26 43 47 03 02 50 20 19 17 13 16 04 45 22 08 52 01 36 49 32 31 14 21 27 18 05 00 15 40 34 24 37 12 
24 23 46 08 07 37 50 36 35 54 11 10 12 30 29 21 53 42 27 52 39 18 49 03 15 45 04 05 44 17 20 47 14 13 40 43 01 34 51 32 00 48 33 26 41 06 38 28 16 02 22 25 31 19 09 
09 35 15 29 47 25 18 32 44 05 20 46 28 13 54 02 12 45 31 00 01 22 37 53 41 27 42 38 34 26 48 21 10 51 06 03 49 16 24 52 19 40 07 50 33 11 23 04 08 39 14 43 17 36 30 
45 38 10 16 33 50 26 19 23 29 06 04 53 09 14 54 03 36 47 32 02 44 01 39 46 42 28 49 35 31 11 07 22 08 52 25 30 48 13 43 51 20 41 17 15 00 37 12 40 05 34 18 21 24 27 
27 43 47 11 13 34 44 23 20 46 30 07 18 04 10 15 54 03 21 45 33 37 50 29 40 53 39 24 48 36 32 51 08 01 12 14 26 00 49 42 05 52 17 35 31 09 25 02 06 41 16 22 19 38 28 
14 44 31 45 12 17 25 50 24 02 53 27 08 54 00 11 16 34 04 38 47 36 19 40 30 41 46 33 09 49 37 06 52 05 43 48 15 23 28 18 39 22 51 21 13 03 35 10 42 07 32 20 01 26 29 
48 31 03 25 08 51 13 41 14 42 22 43 52 16 30 45 32 17 54 35 09 49 07 04 53 20 06 47 01 02 36 29 38 39 44 19 33 50 10 11 46 26 28 23 12 34 21 00 18 27 37 24 05 15 40 
12 08 49 04 26 27 52 14 42 51 39 01 05 33 13 37 47 10 18 54 36 24 48 07 34 46 17 40 45 43 03 50 30 35 00 11 20 21 44 29 15 53 23 32 38 02 16 31 28 19 09 06 25 22 41 
23 49 06 48 00 39 16 51 15 22 52 40 43 45 34 14 28 37 11 19 54 33 25 18 08 02 53 04 38 47 21 41 44 27 36 50 12 17 31 24 30 09 46 05 10 32 01 03 20 29 35 26 07 13 42 
02 26 24 10 49 16 40 29 52 21 07 51 41 35 47 31 15 54 38 12 20 06 34 46 19 05 32 22 00 42 45 37 03 50 28 01 44 09 18 53 25 27 13 48 36 04 14 33 30 17 11 08 23 43 39 
37 39 52 36 42 15 46 04 07 48 23 32 27 43 20 00 44 26 34 49 08 21 54 35 05 50 14 18 47 30 13 45 17 03 24 33 29 40 53 01 12 51 11 10 06 38 02 22 19 16 31 41 09 28 25 
39 54 25 51 37 08 09 53 00 31 49 24 33 50 21 17 38 05 23 02 48 11 22 15 36 28 44 14 41 45 27 16 47 18 04 46 34 30 19 12 43 06 52 40 32 01 29 35 13 20 07 10 42 03 26 
52 19 29 22 36 49 01 31 04 03 16 14 45 06 43 53 42 08 46 20 28 50 13 23 54 32 09 51 26 41 33 10 25 17 48 38 11 44 07 30 47 35 02 39 05 40 24 27 34 12 18 37 15 21 00 
34 14 51 30 01 40 48 43 32 47 04 13 21 39 07 05 46 29 00 53 17 15 44 10 24 54 33 37 52 23 42 49 11 26 27 08 35 12 50 03 18 45 36 20 19 28 22 41 09 31 06 16 38 25 02 
43 50 38 52 27 33 02 49 21 16 45 00 14 53 40 08 22 18 30 06 46 17 41 34 11 25 54 39 31 51 24 19 48 12 23 44 05 36 09 37 04 28 47 15 07 42 26 29 32 10 20 35 13 01 03 
28 13 21 32 51 22 34 42 48 15 01 47 02 07 46 41 05 53 19 27 03 16 18 54 31 12 26 25 40 35 52 24 29 49 09 10 50 06 37 45 38 00 20 44 17 30 43 39 11 33 08 14 36 23 04 
21 30 44 33 20 00 53 11 29 50 17 35 37 36 26 40 49 13 15 47 43 34 45 01 12 51 23 27 54 08 10 48 39 32 18 04 42 05 52 07 24 46 14 03 22 31 09 38 41 25 02 28 16 06 19 
17 47 09 50 34 30 41 46 12 25 44 18 36 48 37 23 02 21 14 31 45 04 06 24 43 19 52 11 28 54 05 38 49 40 33 51 00 39 22 15 08 16 53 27 03 35 07 32 26 42 01 13 29 10 20 
31 32 18 01 44 09 27 03 53 37 35 50 19 42 49 38 24 47 22 15 13 28 00 51 25 21 10 06 12 29 54 34 20 48 41 07 52 02 40 46 16 05 26 45 43 33 11 36 39 23 04 30 14 08 17 
50 02 32 19 11 46 10 28 39 20 38 23 44 25 04 48 35 33 45 01 16 47 29 17 52 26 22 54 07 09 30 42 31 36 49 41 43 51 03 14 53 13 06 08 00 37 05 34 24 40 21 15 27 12 18 
30 45 28 46 21 43 19 52 34 41 47 15 04 51 05 39 25 27 17 09 50 14 38 12 33 06 49 23 22 48 40 31 54 24 11 53 37 08 16 00 36 02 44 18 35 07 42 01 10 26 29 03 20 32 13 
22 07 27 42 53 31 21 26 51 00 03 45 16 20 52 06 40 44 28 18 10 19 15 48 09 34 35 41 24 13 49 12 32 54 25 29 46 38 05 50 02 37 01 47 30 43 33 08 23 11 36 17 04 39 14 
46 16 01 28 30 52 32 22 17 13 02 39 47 41 23 51 07 11 50 29 19 45 20 08 49 10 31 48 42 25 43 26 09 33 54 06 14 53 35 04 44 03 38 36 37 05 40 21 12 24 27 00 18 34 15 
40 17 53 43 29 24 51 33 01 45 14 03 00 08 42 18 52 20 12 44 30 05 47 32 37 48 11 15 49 39 26 54 23 10 34 36 07 27 46 35 21 50 04 13 28 22 31 06 25 09 38 19 02 41 16 
25 10 00 07 45 41 15 20 47 40 42 52 22 29 48 16 34 50 09 37 26 31 05 44 06 18 01 02 21 03 51 27 13 53 38 35 54 19 12 49 28 24 32 46 11 23 39 14 36 08 17 33 30 04 43 
47 06 26 02 17 45 42 16 43 01 41 30 51 31 11 49 13 39 44 10 38 53 32 14 50 07 19 52 03 22 08 35 28 23 46 09 36 54 20 33 48 29 25 04 18 15 00 24 05 37 12 27 34 40 21 
05 33 45 23 03 18 47 39 13 52 43 42 40 14 32 27 48 35 24 50 11 12 46 20 21 44 08 00 51 04 01 53 36 29 15 17 10 37 54 26 34 49 30 07 09 25 41 16 38 06 19 31 28 02 22 
04 53 19 47 24 14 22 45 40 28 51 21 39 49 15 33 09 12 36 41 44 08 02 05 17 16 50 43 06 52 00 25 46 37 30 54 18 11 38 27 23 31 48 34 20 13 03 26 07 35 10 29 32 42 01 
44 41 42 38 14 47 07 02 36 32 25 08 48 22 17 52 20 43 53 26 06 51 10 33 45 35 16 46 13 28 04 03 19 30 50 31 23 49 29 39 54 01 09 11 27 18 15 40 37 00 24 21 12 05 34 
18 11 50 39 35 21 45 08 03 49 33 26 24 17 01 34 51 07 37 46 23 27 52 13 00 47 36 12 53 14 29 44 04 20 05 30 32 15 48 10 40 54 43 42 25 41 06 19 02 38 28 09 22 16 31 
36 51 16 44 40 04 38 47 05 06 48 34 23 52 18 43 19 24 08 22 53 39 09 37 14 31 45 30 02 46 15 28 50 00 17 49 27 33 25 21 11 41 54 12 29 20 13 42 35 03 26 01 10 07 32 
41 29 37 20 50 06 00 01 45 24 26 49 31 32 51 19 21 46 25 05 35 09 40 47 38 15 03 16 27 10 53 18 07 44 02 13 48 28 34 54 22 12 42 52 23 39 08 17 04 36 30 11 43 14 33 
51 09 35 41 23 53 03 06 11 26 31 33 49 19 36 50 01 04 48 07 25 54 42 30 44 13 38 45 29 16 39 20 02 14 47 28 17 46 32 08 52 10 22 43 34 21 27 37 15 18 05 12 40 00 24 
13 27 33 15 31 03 43 00 22 39 21 41 01 24 02 26 04 09 20 11 18 29 23 28 35 30 37 42 14 40 16 17 05 19 07 12 38 10 36 06 32 08 34 25 44 54 53 50 45 48 51 49 47 52 46 
03 18 11 00 09 35 33 37 31 08 27 06 29 12 16 10 14 25 13 23 15 20 39 22 07 43 05 26 17 24 19 30 40 28 42 34 02 32 04 38 01 36 21 41 46 45 54 49 51 53 44 52 50 48 47 
35 15 23 37 25 07 11 05 09 36 18 38 20 34 19 32 17 41 03 39 00 13 08 31 42 33 40 10 30 12 28 43 24 22 26 21 16 01 14 02 29 04 27 06 52 47 46 54 50 44 49 45 53 51 48 
10 40 04 12 02 32 36 34 38 30 05 28 07 15 09 13 11 16 26 14 24 42 17 06 01 08 21 20 23 18 25 39 27 41 29 00 31 03 33 22 35 43 37 19 51 53 48 47 54 52 45 50 46 49 44 
42 37 08 40 06 26 39 24 41 14 00 16 03 27 22 29 43 38 07 36 05 35 04 25 10 23 12 01 33 21 31 11 34 09 32 18 28 20 30 19 13 17 15 02 54 52 49 44 48 50 53 46 51 47 45 
07 00 39 05 41 42 23 40 25 04 15 02 13 21 28 01 30 06 35 08 37 03 36 09 26 11 24 32 43 34 22 33 12 31 10 27 19 29 17 16 20 14 18 38 45 48 52 46 53 49 54 47 44 50 51 
32 24 14 34 16 01 04 21 02 43 40 22 42 00 25 03 23 19 10 17 12 26 30 38 29 36 27 13 39 15 41 08 18 06 20 37 09 35 11 31 07 33 05 28 49 46 44 53 47 51 50 54 48 45 52 
20 21 43 18 22 13 30 15 28 23 34 25 32 40 38 42 36 31 29 33 27 01 11 19 03 17 00 07 04 05 02 14 37 16 35 24 06 26 08 41 10 39 12 09 48 50 47 45 49 46 52 51 54 44 53 
01 12 17 21 19 29 14 27 16 33 24 31 26 37 41 35 39 28 32 30 34 10 43 02 20 04 18 03 08 00 06 36 15 38 13 05 25 07 23 09 42 11 40 22 50 44 51 48 46 45 47 53 52 54 49 
26 05 36 24 38 10 08 12 06 17 37 19 35 18 31 20 33 02 42 04 40 07 14 41 32 39 34 29 11 27 09 23 21 25 01 15 22 13 43 28 03 30 00 16 47 51 45 52 44 54 46 48 49 53 50 
29 34 30 27 28 20 17 18 19 11 12 09 10 05 06 07 08 22 01 43 21 32 33 16 13 14 15 35 36 37 38 04 00 02 03 40 41 42 39 25 26 23 24 31 53 49 50 51 52 47 48 44 45 46 54 
