00 54 03 02 35 10 43 47 18 13 30 37 48 17 08 41 52 34 29 45 36 46 31 49 40 21 05 53 44 22 14 26 39 51 50 32 24 15 42 06 28 19 25 07 12 23 09 33 16 27 38 04 20 11 01 
03 01 54 00 40 15 48 52 23 45 26 05 38 49 18 30 42 53 22 08 46 37 39 29 50 41 51 31 34 27 19 11 44 36 12 43 04 25 16 35 32 09 20 47 06 13 24 10 07 17 28 14 33 21 02 
01 00 02 54 45 20 53 37 28 35 46 36 31 39 50 11 05 43 34 23 30 47 38 27 08 51 42 44 29 12 24 16 49 41 22 13 19 33 26 17 48 04 10 21 40 32 14 25 52 06 18 09 15 07 03 
54 02 01 03 50 25 38 42 13 08 36 47 49 29 40 51 41 31 44 35 16 05 48 39 28 30 52 43 12 17 09 21 34 46 06 23 14 20 07 27 18 24 33 11 22 53 04 15 26 45 32 19 10 37 00 
27 12 17 22 04 54 32 29 05 19 03 34 26 48 24 00 39 11 53 09 01 44 16 38 14 02 49 21 43 30 33 07 31 08 40 37 25 18 36 45 42 10 23 41 50 47 15 28 46 35 52 20 13 51 06 
40 45 50 35 06 05 54 33 30 15 12 38 51 11 20 17 43 36 16 25 22 48 41 21 10 27 53 46 26 04 31 29 08 32 19 49 13 47 02 24 34 18 52 03 09 39 23 37 00 14 44 28 42 01 07 
15 20 25 10 31 07 06 54 29 52 24 46 22 02 37 09 51 27 03 42 14 36 12 00 47 19 41 17 01 33 05 32 30 04 23 16 34 43 40 28 21 39 48 45 13 26 44 53 50 18 11 49 38 35 08 
19 24 09 14 30 32 08 07 54 23 45 21 01 36 28 50 26 02 41 13 35 11 03 46 18 40 16 00 51 05 29 06 33 31 15 53 42 39 27 20 38 47 44 12 25 43 52 49 17 10 48 37 34 22 04 
48 53 38 43 54 31 33 04 08 36 49 09 18 15 41 34 14 23 20 46 39 19 28 25 51 44 24 13 10 32 06 30 07 29 11 45 00 22 52 16 50 01 27 37 21 35 02 12 42 26 40 03 17 47 05 
17 06 12 27 14 18 26 39 47 09 54 49 11 38 04 03 44 13 31 24 02 34 07 53 19 50 29 16 48 35 10 51 43 01 46 05 20 23 21 08 37 15 00 30 45 52 25 32 41 40 42 33 28 36 22 
28 51 32 13 44 11 40 02 36 49 10 54 50 12 47 33 00 45 39 29 25 03 43 06 34 20 22 08 17 52 48 19 27 15 37 18 31 21 24 01 30 38 16 14 05 46 53 35 04 42 41 26 07 09 23 
14 09 19 04 28 49 03 16 53 18 50 11 54 51 13 48 07 01 46 36 08 26 00 15 32 35 21 40 30 20 37 12 41 45 10 38 44 29 22 25 02 05 39 17 52 31 47 34 27 33 43 42 23 06 24 
33 15 10 45 42 38 17 46 21 05 19 51 12 54 52 14 03 06 02 47 24 30 27 01 53 04 36 22 41 13 34 50 00 09 32 11 39 16 08 23 26 37 31 40 18 49 29 48 35 20 07 44 43 28 25 
34 07 16 11 01 35 47 10 14 21 31 20 52 13 54 53 15 42 32 03 48 38 05 28 02 00 33 37 23 51 22 39 18 43 17 04 12 40 25 30 24 27 46 29 41 19 50 08 49 36 09 06 45 44 26 
12 22 06 17 19 23 11 44 52 24 35 29 21 53 14 54 34 16 43 04 00 49 18 31 09 03 39 07 38 40 15 36 48 02 45 47 33 13 41 51 05 25 28 26 08 42 20 01 30 50 37 10 32 46 27 
18 13 36 32 49 16 45 03 41 39 25 27 08 22 34 15 54 35 17 52 33 01 50 44 29 10 00 48 06 37 53 24 12 20 47 46 11 07 14 42 23 31 26 09 02 30 43 21 19 05 51 38 40 04 28 
04 19 14 24 13 34 00 21 38 32 40 26 45 30 23 35 16 54 36 18 53 07 02 51 41 08 11 01 20 25 42 17 46 50 33 48 47 28 06 15 43 49 29 27 10 03 05 44 22 37 31 52 39 12 09 
50 33 20 15 47 43 22 51 26 38 04 41 27 46 05 24 36 17 54 37 19 00 06 03 52 09 30 12 02 18 39 35 01 14 25 07 49 48 13 32 16 44 21 08 28 11 42 31 45 23 34 29 53 40 10 
16 39 07 21 02 40 52 15 19 03 01 33 42 28 26 31 25 37 18 54 38 20 47 32 00 53 43 05 13 36 27 44 23 48 41 14 06 50 49 22 04 17 45 10 30 09 12 51 29 46 24 35 08 34 11 
22 17 27 06 24 28 16 49 37 14 00 44 07 43 09 40 29 26 38 19 54 39 21 48 04 01 34 23 31 45 20 41 53 03 35 42 15 32 51 50 52 33 18 46 36 05 10 13 11 08 47 25 02 30 12 
32 23 18 41 34 21 50 00 46 29 15 01 53 06 44 10 12 08 27 39 20 54 40 22 37 33 02 35 49 42 38 09 17 25 05 36 43 45 04 52 51 16 07 19 47 28 31 11 14 03 30 48 26 24 13 
09 04 24 19 18 39 01 26 43 46 08 16 02 25 32 45 11 50 30 28 40 21 54 41 23 38 07 03 36 10 47 22 51 35 42 31 37 44 17 33 53 52 13 06 20 48 34 29 12 15 00 05 49 27 14 
20 35 33 25 52 48 27 36 11 37 14 30 17 03 43 04 46 12 51 05 09 41 22 54 42 24 01 06 00 23 44 40 02 19 28 39 29 38 45 10 07 34 53 18 32 21 49 26 08 13 16 47 31 50 15 
26 21 44 07 03 45 37 20 24 01 38 48 05 18 00 02 33 47 13 11 31 10 42 23 54 43 25 52 32 41 12 49 28 53 51 09 40 08 39 46 19 06 35 34 27 04 22 50 15 30 14 17 36 29 16 
06 27 22 12 09 13 21 34 42 04 02 39 28 31 19 01 49 07 48 14 45 29 11 43 24 54 44 26 53 50 25 46 38 00 08 52 10 03 30 40 47 20 32 36 35 37 33 23 51 41 05 15 18 16 17 
46 32 28 23 39 26 35 01 51 42 33 03 40 34 29 20 02 38 06 49 15 17 08 12 44 25 54 45 27 47 43 14 22 10 00 30 53 11 09 05 41 48 50 04 37 36 21 07 24 52 13 31 16 19 18 
24 14 04 09 23 44 02 11 48 28 43 07 00 41 51 08 21 03 10 32 50 16 35 30 13 45 26 54 46 15 52 27 36 40 20 01 05 34 12 47 31 42 49 22 33 38 37 18 06 25 53 39 29 17 19 
10 25 40 33 37 53 12 41 16 47 09 02 06 01 42 19 30 22 00 48 04 51 17 36 05 14 46 27 54 28 49 45 03 24 18 21 52 31 35 13 44 29 43 50 15 07 39 38 23 32 26 34 11 08 20 
07 11 26 49 00 50 42 25 09 54 48 10 37 32 02 43 53 05 23 01 03 33 52 18 16 31 15 47 28 46 17 34 13 38 30 19 22 41 29 36 14 45 08 44 51 24 06 40 39 12 04 27 35 20 21 
52 37 42 47 33 06 04 32 07 48 28 17 14 40 53 13 22 19 45 38 18 27 24 50 43 23 12 09 35 29 54 08 05 30 44 03 21 51 15 49 00 26 36 20 34 01 11 41 25 39 02 16 46 10 31 
44 49 34 39 08 29 07 05 33 11 37 50 10 19 16 42 35 15 24 21 47 40 20 09 26 52 45 25 14 31 30 54 04 06 48 12 46 01 23 53 17 51 02 28 38 22 36 03 13 43 27 41 00 18 32 
36 41 46 51 29 04 30 08 06 27 16 13 39 52 12 21 18 44 37 17 26 23 49 42 22 11 28 34 47 07 32 31 54 05 02 20 50 14 48 03 25 35 19 53 00 10 40 24 38 01 15 45 09 43 33 
11 16 21 26 07 30 05 31 04 02 53 25 47 23 03 38 10 52 28 00 43 15 37 13 01 48 20 42 18 06 08 33 32 54 36 24 17 35 44 41 09 22 40 49 46 14 27 45 34 51 19 12 50 39 29 
23 28 13 18 05 08 31 06 32 44 20 00 35 27 49 25 01 40 12 34 10 02 45 17 39 15 03 50 22 54 07 04 29 33 52 41 38 26 19 37 46 43 11 24 42 51 48 16 09 47 36 53 21 14 30 
38 05 37 52 43 51 14 22 01 25 32 12 19 42 31 28 27 09 08 53 23 13 04 45 48 46 06 24 40 39 26 10 35 18 34 54 16 36 50 29 03 11 17 33 49 02 00 30 20 44 21 07 41 15 47 
53 47 31 38 36 27 23 19 40 41 39 04 13 20 01 29 09 28 26 30 34 24 10 33 46 49 14 32 25 11 02 52 15 44 16 35 54 17 37 18 08 00 12 51 07 50 03 43 05 21 45 22 06 42 48 
39 34 23 29 16 03 20 45 12 26 42 52 33 14 21 27 08 10 09 40 05 35 25 19 07 47 50 11 04 53 41 28 24 37 43 17 36 54 18 38 15 30 01 13 48 06 51 00 02 31 22 46 44 32 49 
08 40 35 16 25 42 46 38 34 33 27 43 03 07 15 22 20 30 11 10 28 31 36 26 12 06 48 51 45 09 13 00 21 17 04 44 18 37 54 19 39 53 05 02 14 41 32 52 01 24 29 23 47 49 50 
25 30 41 36 22 14 39 18 10 34 07 28 44 00 06 16 23 46 05 12 11 50 29 37 27 42 32 49 52 01 35 43 47 26 21 33 45 19 38 54 20 40 09 31 03 15 13 04 53 02 17 08 24 48 51 
37 43 05 42 48 36 19 27 02 53 51 06 09 45 10 32 17 24 47 31 13 12 14 08 38 28 18 04 50 44 11 15 40 23 49 26 07 46 20 39 54 21 41 35 29 00 16 22 33 34 03 01 30 25 52 
43 38 52 31 41 12 28 24 45 51 34 19 32 10 46 44 04 18 25 02 29 14 13 11 30 39 09 15 33 16 03 37 20 49 26 50 27 06 47 21 40 54 22 42 23 08 01 17 36 07 35 00 48 05 53 
29 44 39 28 21 00 25 50 17 07 52 35 16 04 11 47 37 33 19 26 12 08 15 14 45 05 40 10 24 38 46 13 09 42 31 27 51 49 32 48 22 41 54 23 43 20 30 02 18 53 06 36 01 03 34 
21 08 45 40 10 47 51 43 39 17 06 53 36 50 33 12 48 00 07 20 27 25 30 16 15 13 31 41 11 14 18 01 26 22 09 29 28 52 34 04 49 23 42 54 24 44 38 05 03 19 46 32 37 02 35 
41 10 30 46 27 19 44 23 15 12 47 32 34 37 39 07 13 49 01 06 21 28 51 05 17 16 35 29 42 02 40 48 52 11 03 22 08 09 53 26 33 50 24 43 54 25 45 14 31 00 20 18 04 38 36 
47 42 48 05 53 41 24 12 03 43 13 23 04 35 38 36 06 14 50 15 32 22 09 52 31 18 17 19 08 49 16 20 45 28 39 00 02 30 10 34 11 07 51 25 44 54 26 46 40 29 01 21 27 33 37 
31 48 43 37 46 17 13 09 50 30 44 14 20 33 36 39 24 32 15 51 49 04 23 10 03 29 19 18 16 21 00 42 25 34 07 40 01 53 05 11 35 12 06 52 26 45 54 27 47 28 08 02 22 41 38 
13 29 49 44 26 01 10 35 22 50 05 45 15 09 07 37 40 21 04 16 52 42 33 24 11 17 08 20 19 43 51 18 14 47 38 06 41 02 00 31 12 36 34 32 53 27 46 54 28 48 25 30 03 23 39 
45 26 08 50 15 52 36 48 44 20 18 31 46 16 22 06 38 41 35 33 17 53 01 07 25 12 10 30 21 19 23 02 11 27 24 51 32 42 03 14 29 13 37 39 04 34 28 47 54 09 49 43 05 00 40 
51 46 15 30 12 24 49 28 20 22 21 40 29 47 17 52 32 39 42 44 07 18 34 02 06 26 13 36 05 03 45 53 37 16 01 25 23 04 43 00 27 08 14 38 11 33 35 09 48 54 10 50 19 31 41 
05 52 47 53 38 46 09 17 00 31 23 22 24 08 48 18 28 04 40 43 41 06 19 35 20 32 27 14 37 34 21 25 50 13 29 02 26 12 33 44 01 03 30 15 39 16 07 36 10 49 54 11 51 45 42 
42 31 53 48 51 22 18 14 35 00 29 24 23 21 30 49 19 25 33 41 44 09 32 20 36 34 04 28 15 26 01 47 10 39 13 08 03 27 46 07 45 02 38 05 16 40 17 06 37 11 50 54 12 52 43 
49 18 29 34 11 02 15 40 27 16 22 08 25 24 35 05 50 20 14 07 42 45 26 04 21 37 47 33 09 48 36 23 19 52 53 10 30 00 28 43 06 46 03 01 31 17 41 39 32 38 12 51 54 13 44 
35 50 11 08 20 37 41 53 49 10 17 15 30 26 25 23 31 51 21 27 06 43 46 40 33 22 38 02 07 24 28 03 16 12 14 34 48 05 01 09 36 32 47 00 19 29 18 42 44 04 39 13 52 54 45 
30 36 51 20 17 09 34 13 25 06 11 18 41 05 27 26 45 29 52 22 37 32 44 47 49 07 23 39 03 00 50 38 42 21 54 15 35 24 31 02 10 28 04 48 01 12 08 19 43 16 33 40 14 53 46 
02 03 00 01 32 33 29 30 31 40 41 42 43 44 45 46 47 48 49 50 51 52 53 34 35 36 37 38 39 08 04 05 06 07 27 28 09 10 11 12 13 14 15 16 17 18 19 20 21 22 23 24 25 26 54 
