5  61 25 43 55 21 57 9  46 26 22 24 52 3  10 12 48 56 60 58 62 29 32 34 50 31 44 28 17 42 6  4  18 20 49 8  14 16 53 13 47 7  54 33 19 15 23 11 27 59 1  0  30 2  38 37 45 40 51 39 36 35 41
28 7  6  42 47 17 13 31 44 4  18 20 49 29 32 34 50 8  14 16 53 56 60 58 62 57 55 61 35 45 39 40 36 38 51 26 22 24 52 21 43 25 15 54 37 23 19 33 1  0  41 27 59 30 12 11 46 3  48 5  10 9  2
61 25 39 45 43 35 21 57 55 40 36 38 51 56 60 58 62 26 22 24 52 8  14 16 53 13 47 7  9  46 5  3  10 12 48 4  18 20 49 17 42 6  23 15 11 19 37 54 41 27 2  1  0  59 34 33 44 29 50 28 32 31 30
60 22 36 38 24 41 27 59 58 35 37 51 45 57 54 62 55 21 23 52 43 13 15 53 47 0  16 14 2  12 10 9  11 48 46 17 19 49 42 1  20 18 25 7  5  6  39 61 40 26 3  4  8  56 50 28 34 31 44 32 33 30 29
32 14 18 20 16 1  0  30 34 17 19 49 42 31 33 50 44 13 15 53 47 57 54 62 55 59 58 60 41 38 36 35 37 51 45 21 23 52 43 27 24 22 7  61 39 25 6  28 4  8  40 26 56 29 48 5  12 9  46 10 11 2  3
58 24 38 35 21 37 23 54 57 36 51 41 40 60 62 59 56 22 52 27 26 14 53 0  8  15 13 16 11 9  12 10 48 2  3  18 49 1  4  19 17 20 43 47 46 42 45 55 39 25 5  6  7  61 30 44 31 32 29 34 50 33 28
34 16 20 17 13 19 15 33 31 18 49 1  4  32 50 30 29 14 53 0  8  60 62 59 56 54 57 58 37 35 38 36 51 41 40 22 52 27 26 23 21 24 47 55 45 43 42 44 6  7  39 25 61 28 2  46 9  10 3  12 48 11 5
12 58 24 21 57 23 54 11 9  22 52 27 26 10 48 2  3  60 62 59 56 32 50 30 29 33 31 34 19 17 20 18 49 1  4  14 53 0  8  15 13 16 55 44 42 47 43 46 25 61 6  7  28 5  41 45 35 36 40 38 51 37 39
10 60 22 24 58 27 59 2  12 21 23 52 43 9  11 48 46 57 54 62 55 31 33 50 44 30 34 32 1  20 18 17 19 49 42 13 15 53 47 0  16 14 61 28 6  7  25 5  26 56 4  8  29 3  51 39 38 35 45 36 37 41 40
54 23 37 51 52 40 26 56 62 41 39 45 38 59 61 55 58 27 25 43 24 0  7  47 16 8  53 15 3  48 11 2  5  46 12 1  6  42 20 4  49 19 22 14 10 18 36 60 35 21 9  17 13 57 44 32 50 30 34 33 28 29 31
62 52 51 41 27 39 25 61 59 37 45 40 35 54 55 56 57 23 43 26 21 15 47 8  13 7  0  53 5  2  48 11 46 3  9  19 42 4  17 6  1  49 24 16 12 20 38 58 36 22 10 18 14 60 29 34 30 33 31 50 44 28 32
55 43 45 40 26 36 22 60 56 39 38 35 41 61 58 57 59 25 24 21 27 7  16 13 0  14 8  47 10 3  46 5  12 9  2  6  20 17 1  18 4  42 52 53 48 49 51 62 37 23 11 19 15 54 31 50 29 28 30 44 34 32 33
59 27 41 37 23 45 43 55 54 51 40 39 36 62 56 61 60 52 26 25 22 53 8  7  14 47 15 0  46 11 2  48 3  5  10 49 4  6  18 42 19 1  21 13 9  17 35 57 38 24 12 20 16 58 28 31 33 50 32 30 29 44 34
11 54 23 52 62 26 56 3  48 27 25 43 24 2  5  46 12 59 61 55 58 30 28 44 34 29 50 33 4  49 19 1  6  42 20 0  7  47 16 8  53 15 60 32 18 14 22 10 21 57 17 13 31 9  45 36 51 41 38 37 39 40 35
48 62 52 27 59 25 61 5  2  23 43 26 21 11 46 3  9  54 55 56 57 33 44 29 31 28 30 50 6  1  49 19 42 4  17 15 47 8  13 7  0  53 58 34 20 16 24 12 22 60 18 14 32 10 40 38 41 37 35 51 45 39 36
46 55 43 26 56 22 60 10 3  25 24 21 27 5  12 9  2  61 58 57 59 28 34 31 30 32 29 44 18 4  42 6  20 17 1  7  16 13 0  14 8  47 62 50 49 53 52 48 23 54 19 15 33 11 35 51 40 39 41 45 38 36 37
2  59 27 23 54 43 55 46 11 52 26 25 22 48 3  5  10 62 56 61 60 50 29 28 32 44 33 30 42 19 1  49 4  6  18 53 8  7  14 47 15 0  57 31 17 13 21 9  24 58 20 16 34 12 39 35 37 51 36 41 40 45 38
33 15 19 49 53 4  8  29 50 1  6  42 20 30 28 44 34 0  7  47 16 59 61 55 58 56 62 54 40 51 37 41 39 45 38 27 25 43 24 26 52 23 14 60 36 22 18 32 17 13 35 21 57 31 46 10 48 2  12 11 5  3  9
50 53 49 1  0  6  7  28 30 19 42 4  17 33 44 29 31 15 47 8  13 54 55 56 57 61 59 62 39 41 51 37 45 40 35 23 43 26 21 25 27 52 16 58 38 24 20 34 18 14 36 22 60 32 3  12 2  11 9  48 46 5  10
44 47 42 4  8  18 14 32 29 6  20 17 1  28 34 31 30 7  16 13 0  61 58 57 59 60 56 55 36 40 45 39 38 35 41 25 24 21 27 22 26 43 53 62 51 52 49 50 19 15 37 23 54 33 9  48 3  5  2  46 12 10 11
30 0  1  19 15 42 47 44 33 49 4  6  18 50 29 28 32 53 8  7  14 62 56 61 60 55 54 59 45 37 41 51 40 39 36 52 26 25 22 43 23 27 13 57 35 21 17 31 20 16 38 24 58 34 5  9  11 48 10 2  3  46 12
23 37 33 50 51 29 40 26 52 30 28 44 34 27 25 43 24 41 39 45 38 1  6  42 20 4  49 19 56 62 54 59 61 55 58 2  5  46 12 3  48 11 36 18 60 10 32 22 31 35 57 9  17 21 47 14 53 0  16 15 7  8  13
52 51 50 30 41 28 39 25 27 33 44 29 31 23 43 26 21 37 45 40 35 19 42 4  17 6  1  49 61 59 62 54 55 56 57 11 46 3  9  5  2  48 38 20 58 12 34 24 32 36 60 10 18 22 8  16 0  15 13 53 47 7  14
43 45 44 29 40 32 36 22 26 28 34 31 30 25 24 21 27 39 38 35 41 6  20 17 1  18 4  42 60 56 55 61 58 57 59 5  12 9  2  10 3  46 51 49 62 48 50 52 33 37 54 11 19 23 13 53 8  7  0  47 16 14 15
27 41 30 33 37 44 45 43 23 50 29 28 32 52 26 25 22 51 40 39 36 49 4  6  18 42 19 1  55 54 59 62 56 61 60 48 3  5  10 46 11 2  35 17 57 9  31 21 34 38 58 12 20 24 7  13 15 53 14 0  8  47 16
24 38 34 31 35 33 37 23 21 32 50 30 29 22 52 27 26 36 51 41 40 18 49 1  4  19 17 20 54 57 58 60 62 59 56 10 48 2  3  11 9  12 45 42 55 46 44 43 28 39 61 5  6  25 0  47 13 14 8  16 53 15 7
22 36 32 34 38 30 41 27 24 31 33 50 44 21 23 52 43 35 37 51 45 17 19 49 42 1  20 18 59 58 60 57 54 62 55 9  11 48 46 2  12 10 39 6  61 5  28 25 29 40 56 3  4  26 53 7  16 13 47 14 15 0  8
25 39 28 44 45 31 35 21 43 29 32 34 50 26 22 24 52 40 36 38 51 4  18 20 49 17 42 6  57 55 61 56 60 58 62 3  10 12 48 9  46 5  37 19 54 11 33 23 30 41 59 2  1  27 16 15 47 8  53 7  14 13 0
38 34 16 13 31 15 33 37 35 14 53 0  8  36 51 41 40 32 50 30 29 10 48 2  3  11 9  12 23 21 24 22 52 27 26 60 62 59 56 54 57 58 44 46 43 55 47 45 7  28 25 61 5  39 1  42 17 18 4  20 49 19 6
36 32 14 16 34 0  30 41 38 13 15 53 47 35 37 51 45 31 33 50 44 9  11 48 46 2  12 10 27 24 22 21 23 52 43 57 54 62 55 59 58 60 28 5  25 61 7  39 8  29 26 56 3  40 49 6  20 17 42 18 19 1  4
39 28 7  47 44 13 31 35 45 8  14 16 53 40 36 38 51 29 32 34 50 3  10 12 48 9  46 5  21 43 25 26 22 24 52 56 60 58 62 57 55 61 33 11 23 54 15 37 0  30 27 59 2  41 20 19 42 4  49 6  18 17 1
37 33 15 53 50 8  29 40 51 0  7  47 16 41 39 45 38 30 28 44 34 2  5  46 12 3  48 11 26 52 23 27 25 43 24 59 61 55 58 56 62 54 32 10 22 60 14 36 13 31 21 57 9  35 42 18 49 1  20 19 6  4  17
51 50 53 0  30 7  28 39 41 15 47 8  13 37 45 40 35 33 44 29 31 11 46 3  9  5  2  48 25 27 52 23 43 26 21 54 55 56 57 61 59 62 34 12 24 58 16 38 14 32 22 60 10 36 4  20 1  19 17 49 42 6  18
45 44 47 8  29 14 32 36 40 7  16 13 0  39 38 35 41 28 34 31 30 5  12 9  2  10 3  46 22 26 43 25 24 21 27 61 58 57 59 60 56 55 50 48 52 62 53 51 15 33 23 54 11 37 17 49 4  6  1  42 20 18 19
41 30 0  15 33 47 44 45 37 53 8  7  14 51 40 39 36 50 29 28 32 48 3  5  10 46 11 2  43 23 27 52 26 25 22 62 56 61 60 55 54 59 31 9  21 57 13 35 16 34 24 58 12 38 6  17 19 49 18 1  4  42 20
19 11 54 62 48 56 3  4  49 59 61 55 58 1  6  42 20 2  5  46 12 41 39 45 38 40 51 37 8  53 15 0  7  47 16 30 28 44 34 29 50 33 10 36 14 32 60 18 57 9  13 31 35 17 43 22 52 27 24 23 25 26 21
49 48 62 59 2  61 5  6  1  54 55 56 57 19 42 4  17 11 46 3  9  37 45 40 35 39 41 51 7  0  53 15 47 8  13 33 44 29 31 28 30 50 12 38 16 34 58 20 60 10 14 32 36 18 26 24 27 23 21 52 43 25 22
42 46 55 56 3  60 10 18 4  61 58 57 59 6  20 17 1  5  12 9  2  39 38 35 41 36 40 45 14 8  47 7  16 13 0  28 34 31 30 32 29 44 48 51 53 50 62 49 54 11 15 33 37 19 21 52 26 25 27 43 24 22 23
1  2  59 54 11 55 46 42 19 62 56 61 60 49 4  6  18 48 3  5  10 51 40 39 36 45 37 41 47 15 0  53 8  7  14 50 29 28 32 44 33 30 9  35 13 31 57 17 58 12 16 34 38 20 25 21 23 52 22 27 26 43 24
20 12 58 57 9  54 11 19 17 60 62 59 56 18 49 1  4  10 48 2  3  36 51 41 40 37 35 38 15 13 16 14 53 0  8  32 50 30 29 33 31 34 46 45 47 44 55 42 61 5  7  28 39 6  27 43 21 22 26 24 52 23 25
18 10 60 58 12 59 2  1  20 57 54 62 55 17 19 49 42 9  11 48 46 35 37 51 45 41 38 36 0  16 14 13 15 53 47 31 33 50 44 30 34 32 5  39 7  28 61 6  56 3  8  29 40 4  52 25 24 21 43 22 23 27 26
6  5  61 55 46 57 9  17 42 56 60 58 62 4  18 20 49 3  10 12 48 40 36 38 51 35 45 39 13 47 7  8  14 16 53 29 32 34 50 31 44 28 11 37 15 33 54 19 59 2  0  30 41 1  24 23 43 26 52 25 22 21 27
31 13 17 18 14 49 53 50 32 20 1  19 6  34 30 33 28 16 0  15 7  58 59 54 61 62 60 57 51 36 35 38 41 37 39 24 27 23 25 52 22 21 8  56 40 26 4  29 42 47 45 43 55 44 11 3  10 12 5  9  2  48 46
21 35 31 32 36 50 51 52 22 34 30 33 28 24 27 23 25 38 41 37 39 20 1  19 6  49 18 17 62 60 57 58 59 54 61 12 2  11 5  48 10 9  40 4  56 3  29 26 44 45 55 46 42 43 15 8  14 16 7  13 0  53 47
35 31 13 14 32 53 50 51 36 16 0  15 7  38 41 37 39 34 30 33 28 12 2  11 5  48 10 9  52 22 21 24 27 23 25 58 59 54 61 62 60 57 29 3  26 56 8  40 47 44 43 55 46 45 19 4  18 20 6  17 1  49 42
17 9  57 60 10 62 48 49 18 58 59 54 61 20 1  19 6  12 2  11 5  38 41 37 39 51 36 35 53 14 13 16 0  15 7  34 30 33 28 50 32 31 3  40 8  29 56 4  55 46 47 44 45 42 23 26 22 24 25 21 27 52 43
57 21 35 36 22 51 52 62 60 38 41 37 39 58 59 54 61 24 27 23 25 16 0  15 7  53 14 13 48 10 9  12 2  11 5  20 1  19 6  49 18 17 26 8  3  4  40 56 45 43 46 42 47 55 33 29 32 34 28 31 30 50 44
9  57 21 22 60 52 62 48 10 24 27 23 25 12 2  11 5  58 59 54 61 34 30 33 28 50 32 31 49 18 17 20 1  19 6  16 0  15 7  53 14 13 56 29 4  8  26 3  43 55 42 47 44 46 37 40 36 38 39 35 41 51 45
56 26 40 39 25 38 24 58 61 45 35 36 37 55 57 60 54 43 21 22 23 47 13 14 15 16 7  8  12 5  3  46 9  10 11 42 17 18 19 20 6  4  27 0  2  1  41 59 51 52 48 49 53 62 32 30 28 44 33 29 31 34 50
29 8  4  6  7  20 16 34 28 42 17 18 19 44 31 32 33 47 13 14 15 55 57 60 54 58 61 56 38 39 40 45 35 36 37 43 21 22 23 24 25 26 0  59 41 27 1  30 49 53 51 52 62 50 10 2  5  46 11 3  9  12 48
40 29 8  7  28 16 34 38 39 47 13 14 15 45 35 36 37 44 31 32 33 46 9  10 11 12 5  3  24 25 26 43 21 22 23 55 57 60 54 58 61 56 30 2  27 59 0  41 53 50 52 62 48 51 18 1  6  42 19 4  17 20 49
4  3  56 61 5  58 12 20 6  55 57 60 54 42 17 18 19 46 9  10 11 45 35 36 37 38 39 40 16 7  8  47 13 14 15 44 31 32 33 34 28 29 2  41 0  30 59 1  62 48 53 50 51 49 22 27 25 43 23 26 21 24 52
26 40 29 28 39 34 38 24 25 44 31 32 33 43 21 22 23 45 35 36 37 42 17 18 19 20 6  4  58 61 56 55 57 60 54 46 9  10 11 12 5  3  41 1  59 2  30 27 50 51 62 48 49 52 14 0  7  47 15 8  13 16 53
3  56 26 25 61 24 58 12 5  43 21 22 23 46 9  10 11 55 57 60 54 44 31 32 33 34 28 29 20 6  4  42 17 18 19 47 13 14 15 16 7  8  59 30 1  0  27 2  52 62 49 53 50 48 36 41 39 45 37 40 35 38 51
47 42 46 3  4  10 18 14 8  5  12 9  2  7  16 13 0  6  20 17 1  25 24 21 27 22 26 43 32 29 44 28 34 31 30 39 38 35 41 36 40 45 49 52 50 51 48 53 11 19 33 37 23 15 57 62 56 61 59 55 58 60 54
13 17 9  10 18 48 49 53 14 12 2  11 5  16 0  15 7  20 1  19 6  24 27 23 25 52 22 21 50 32 31 34 30 33 28 38 41 37 39 51 36 35 4  26 29 40 3  8  46 42 44 45 43 47 54 56 60 58 61 57 59 62 55
14 18 10 12 20 2  1  0  16 9  11 48 46 13 15 53 47 17 19 49 42 21 23 52 43 27 24 22 30 34 32 31 33 50 44 35 37 51 45 41 38 36 6  25 28 39 5  7  3  4  29 40 26 8  62 61 58 57 55 60 54 59 56
15 19 11 48 49 3  4  8  53 2  5  46 12 0  7  47 16 1  6  42 20 27 25 43 24 26 52 23 29 50 33 30 28 44 34 41 39 45 38 40 51 37 18 22 32 36 10 14 9  17 31 35 21 13 55 60 62 59 58 54 61 56 57
0  1  2  11 19 46 42 47 15 48 3  5  10 53 8  7  14 49 4  6  18 52 26 25 22 43 23 27 44 33 30 50 29 28 32 51 40 39 36 45 37 41 17 21 31 35 9  13 12 20 34 38 24 16 61 57 54 62 60 59 56 55 58
7  6  5  46 42 9  17 13 47 3  10 12 48 8  14 16 53 4  18 20 49 26 22 24 52 21 43 25 31 44 28 29 32 34 50 40 36 38 51 35 45 39 19 23 33 37 11 15 2  1  30 41 27 0  58 54 55 56 62 61 60 57 59
53 49 48 2  1  5  6  7  0  11 46 3  9  15 47 8  13 19 42 4  17 23 43 26 21 25 27 52 28 30 50 33 44 29 31 37 45 40 35 39 41 51 20 24 34 38 12 16 10 18 32 36 22 14 56 58 59 54 57 62 55 61 60
16 20 12 9  17 11 19 15 13 10 48 2  3  14 53 0  8  18 49 1  4  22 52 27 26 23 21 24 33 31 34 32 50 30 29 36 51 41 40 37 35 38 42 43 44 45 46 47 5  6  28 39 25 7  59 55 57 60 56 58 62 54 61
8  4  3  5  6  12 20 16 7  46 9  10 11 47 13 14 15 42 17 18 19 43 21 22 23 24 25 26 34 28 29 44 31 32 33 45 35 36 37 38 39 40 1  27 30 41 2  0  48 49 50 51 52 53 60 59 61 55 54 56 57 58 62
