54 1  17 5  38 19 41 51 14 42 59 31 4  50 33 36 32 44 57 16 62 39 30 45 25 10 49 8  56 13 12 35 48 46 24 26 58 23 53 27 43 20 6  18 47 55 60 7  28 15 34 61 2  22 9  40 37 0  29 52 21 11 3
56 49 2  61 6  39 20 42 52 15 19 60 32 5  51 34 37 33 45 7  17 62 40 31 46 26 11 48 9  58 14 13 36 55 3  25 27 59 24 54 28 44 21 8  0  43 50 18 16 10 41 35 57 47 23 29 1  12 38 30 53 22 4
46 58 48 51 57 7  40 21 19 53 16 20 61 33 6  52 35 38 34 22 8  18 62 41 32 3  27 12 55 10 59 15 14 37 50 4  26 28 60 25 49 29 45 0  9  1  44 47 11 24 30 42 36 56 43 17 13 23 2  39 31 54 5
39 12 50 54 4  45 15 46 6  55 57 13 22 27 25 51 47 26 61 34 60 31 53 35 7  28 14 44 62 23 38 9  33 18 49 16 59 2  1  19 48 10 32 20 40 8  58 41 36 43 42 56 5  30 17 24 0  29 3  21 37 52 11
57 40 13 59 49 5  46 16 3  7  50 56 14 23 28 26 52 43 27 33 35 61 32 54 36 8  29 15 45 62 24 39 10 34 0  48 17 60 47 2  20 55 11 42 21 41 9  51 44 18 25 19 58 6  31 37 30 53 1  4  22 38 12
28 56 41 10 60 48 6  3  17 4  8  51 58 15 24 29 27 53 44 12 34 36 57 33 49 37 9  30 16 46 62 25 40 11 35 1  55 18 61 43 47 21 50 52 19 22 42 14 0  32 38 26 20 59 7  45 54 39 31 2  5  23 13
45 29 58 19 11 61 55 7  4  18 5  9  52 59 16 25 30 28 54 51 13 35 37 56 34 48 38 10 31 17 3  62 26 41 12 36 2  50 0  57 44 43 22 15 53 20 23 42 33 8  46 39 27 21 60 1  40 24 49 32 47 6  14
49 46 30 24 20 12 57 50 8  5  0  6  10 53 60 17 26 31 29 23 52 14 36 38 58 35 55 39 11 32 18 4  62 27 42 13 37 47 51 1  56 45 44 19 16 54 21 59 9  61 2  3  40 28 22 34 25 7  41 48 33 43 15
30 48 3  22 25 21 13 56 51 9  6  1  7  11 54 61 18 27 32 45 24 53 15 37 39 59 36 50 40 12 33 0  5  62 28 19 14 38 43 52 2  58 46 60 20 17 49 31 57 23 35 47 4  41 29 10 8  44 26 42 55 34 16
33 31 55 48 23 26 22 14 58 52 10 7  2  8  12 49 57 0  28 3  46 25 54 16 38 40 60 37 51 41 13 34 1  6  62 29 20 15 39 44 53 47 59 32 61 21 18 4  24 30 11 36 43 5  42 56 45 35 9  27 19 50 17
29 34 32 0  55 24 27 23 15 59 53 11 8  47 9  13 48 56 1  60 4  3  26 49 17 39 41 61 38 52 42 14 35 2  7  62 30 21 16 40 45 54 43 5  33 57 22 50 31 19 58 12 37 44 6  25 36 51 46 10 28 20 18
2  30 35 23 1  50 25 28 24 16 60 54 12 9  43 10 14 55 58 44 61 5  4  27 48 18 40 42 57 39 53 19 15 36 47 8  62 31 22 17 41 46 49 51 6  34 56 33 20 7  26 59 13 38 45 32 52 21 37 3  11 29 0
59 47 31 58 24 2  51 26 29 25 17 61 49 13 10 44 11 15 50 48 45 57 6  5  28 55 0  41 19 56 40 54 20 16 37 43 9  62 32 23 18 42 3  34 52 7  35 36 8  46 33 27 60 14 39 21 22 30 53 38 4  12 1
51 60 43 36 59 25 47 52 27 30 26 18 57 48 14 11 45 12 16 4  55 46 56 7  6  29 50 1  42 20 58 41 49 21 17 38 44 10 62 33 24 0  19 37 35 53 8  32 3  40 22 34 28 61 15 9  31 13 23 54 39 5  2
17 52 61 9  37 60 26 43 53 28 31 27 0  56 55 15 12 46 13 20 5  50 3  58 8  7  30 51 2  19 21 59 42 48 22 18 39 45 11 62 34 25 1  33 38 36 54 44 41 16 10 23 35 29 57 4  14 6  32 24 49 40 47
14 18 53 49 10 38 61 27 44 54 29 32 28 1  58 50 16 13 3  2  21 6  51 4  59 9  8  31 52 47 20 22 60 19 55 23 0  40 46 12 62 35 26 45 34 39 37 57 17 56 5  11 24 36 30 42 7  41 15 33 25 48 43
4  15 0  38 48 11 39 57 28 45 49 30 33 29 2  59 51 17 14 27 47 22 7  52 5  60 10 9  32 53 43 21 23 61 20 50 24 1  41 3  13 62 36 56 46 35 40 54 58 31 19 6  12 25 37 18 42 55 8  16 34 26 44
15 5  16 41 39 55 12 40 56 29 46 48 31 34 30 47 60 52 18 37 28 43 23 8  53 6  61 11 10 33 54 44 22 24 57 21 51 25 2  42 4  14 62 49 58 3  36 1  32 38 0  20 7  13 26 59 50 27 19 9  17 35 45
0  16 6  37 42 40 50 13 41 58 30 3  55 32 35 31 43 61 53 62 38 29 44 24 9  54 7  57 12 11 34 49 45 23 25 56 22 52 26 47 19 5  15 2  48 59 4  17 39 27 60 1  21 8  14 33 28 36 51 20 10 18 46
7  23 44 25 5  34 53 32 57 37 36 15 54 26 4  6  56 3  51 52 20 41 31 42 22 49 59 29 18 43 2  55 38 47 58 11 28 48 13 16 12 24 61 40 62 0  10 30 14 1  21 46 33 39 8  60 9  17 50 45 35 19 27
52 8  24 11 26 6  35 54 33 56 38 37 16 49 27 5  7  58 4  57 53 21 42 32 19 23 48 60 30 0  44 47 50 39 43 59 12 29 55 14 17 13 25 31 41 62 1  45 2  9  61 22 3  34 40 15 18 20 10 51 46 36 28
5  53 9  2  12 27 7  36 49 34 58 39 38 17 48 28 6  8  59 26 56 54 22 19 33 20 24 55 61 31 1  45 43 51 40 44 60 13 30 50 15 18 14 46 32 42 62 25 10 41 16 57 23 4  35 47 21 37 0  11 52 3  29
60 6  54 62 47 13 28 8  37 48 35 59 40 39 18 55 29 7  9  15 27 58 49 23 20 34 21 25 50 57 32 2  46 44 52 41 45 61 14 31 51 16 0  26 3  33 19 10 42 36 43 17 56 24 5  11 38 4  22 1  12 53 30
10 61 7  20 62 43 14 29 9  38 55 36 60 41 40 0  50 30 8  1  16 28 59 48 24 21 35 22 26 51 56 33 47 3  45 53 42 46 57 15 32 52 17 11 27 4  34 49 37 6  12 44 18 58 25 19 5  54 39 23 2  13 31
9  11 57 35 21 62 44 15 30 10 39 50 37 61 42 41 1  51 31 18 2  17 29 60 55 25 22 36 23 27 52 58 34 43 4  46 54 19 3  56 16 33 53 48 12 28 5  8  7  26 20 13 45 0  59 38 49 14 6  40 24 47 32
32 10 12 6  36 22 62 45 16 31 11 40 51 38 57 19 42 2  52 54 0  47 18 30 61 50 26 23 37 24 28 53 59 35 44 5  3  49 20 4  58 17 34 9  55 13 29 56 27 60 39 21 14 46 1  8  15 43 48 7  41 25 33
53 33 11 30 7  37 23 62 46 17 32 12 41 52 39 56 20 19 47 35 49 1  43 0  31 57 51 27 24 38 25 29 54 60 36 45 6  4  48 21 5  59 18 58 10 50 14 13 61 2  9  40 22 15 3  28 44 26 16 55 8  42 34
43 54 34 15 31 8  38 24 62 3  18 33 13 42 53 40 58 21 20 0  36 48 2  44 1  32 56 52 28 25 39 26 30 49 61 37 46 7  5  55 22 6  60 14 59 11 51 12 47 4  29 10 41 23 16 57 27 19 45 17 50 9  35
21 44 49 52 16 32 9  39 25 62 4  0  34 14 19 54 41 59 22 61 1  37 55 47 45 2  33 58 53 29 26 40 27 31 48 57 38 3  8  6  50 23 7  13 15 60 12 35 5  17 56 30 11 42 24 43 20 10 28 46 18 51 36
23 22 45 13 53 17 33 10 40 26 62 5  1  35 15 20 49 42 60 8  57 2  38 50 43 46 47 34 59 54 30 27 41 28 32 55 56 39 4  9  7  51 24 36 14 16 61 48 18 25 44 58 31 12 19 6  11 52 21 29 3  0  37
61 24 23 57 14 54 18 34 11 41 27 62 6  2  36 16 21 48 19 25 9  56 47 39 51 44 3  43 35 60 49 31 28 42 29 33 50 58 40 5  10 8  52 55 37 15 17 46 26 20 7  45 59 32 13 0  53 1  12 22 30 4  38
20 57 25 18 56 15 49 0  35 12 42 28 62 7  47 37 17 22 55 53 26 10 58 43 40 52 45 4  44 36 61 48 32 29 19 30 34 51 59 41 6  11 9  3  50 38 16 24 21 14 1  8  46 60 33 27 2  5  54 13 23 31 39
50 21 56 17 0  58 16 48 1  36 13 19 29 62 8  43 38 18 23 10 54 27 11 59 44 41 53 46 5  45 37 57 55 33 30 20 31 35 52 60 42 7  12 25 4  51 39 26 15 34 28 2  9  3  61 22 6  32 47 49 14 24 40
24 51 22 40 18 1  59 17 55 2  37 14 20 30 62 9  44 39 0  13 11 49 28 12 60 45 42 54 3  6  46 38 56 50 34 31 21 32 36 53 61 19 8  27 26 5  52 58 35 57 23 29 47 10 4  16 33 25 7  43 48 15 41
1  25 52 53 41 0  2  60 18 50 47 38 15 21 31 62 10 45 40 9  14 12 48 29 13 61 46 19 49 4  7  3  39 58 51 35 32 22 33 37 54 57 20 59 28 27 6  23 56 5  17 24 30 43 11 36 26 16 34 8  44 55 42
41 2  26 7  54 42 1  47 61 0  51 43 39 16 22 32 62 11 46 21 10 15 13 55 30 14 57 3  20 48 5  8  4  40 59 52 36 33 23 34 38 49 56 24 60 29 28 53 6  12 37 18 25 31 44 58 17 50 27 35 9  45 19
3  42 47 29 8  49 19 2  43 57 1  52 44 40 17 23 33 62 12 58 22 11 16 14 50 31 15 56 4  21 55 6  9  5  41 60 53 37 34 24 35 39 48 54 25 61 30 27 13 45 59 38 0  26 32 7  51 46 18 28 36 10 20
13 4  19 31 30 9  48 20 47 44 56 2  53 45 41 18 24 34 62 55 59 23 12 17 15 51 32 16 58 5  22 50 7  10 6  42 61 54 38 35 25 36 40 28 49 26 57 43 46 33 8  60 39 1  27 14 3  11 52 0  29 37 21
62 14 5  56 32 31 10 55 21 43 45 58 47 54 46 42 0  25 35 41 50 60 24 13 18 16 52 33 17 59 6  23 51 8  11 7  19 57 49 39 36 26 37 44 29 48 27 20 34 28 15 9  61 40 2  3  12 38 4  53 1  30 22
36 62 15 28 58 33 32 11 50 22 44 46 59 43 49 3  19 1  26 38 42 51 61 25 14 0  17 53 34 18 60 7  24 52 9  12 8  20 56 48 40 37 27 21 45 30 55 6  29 47 4  16 10 57 41 35 39 31 13 5  54 2  23
27 37 62 50 29 59 34 33 12 51 23 45 3  60 44 48 4  20 2  28 39 19 52 57 26 15 1  18 54 35 0  61 8  25 53 10 13 9  21 58 55 41 38 7  22 46 31 16 43 42 36 5  17 11 56 30 32 47 40 14 6  49 24
47 28 38 32 51 30 60 35 34 13 52 24 46 4  61 45 55 5  21 39 29 40 20 53 56 27 16 2  0  49 36 1  57 9  26 54 11 14 10 22 59 50 42 17 8  23 3  62 19 58 31 37 6  18 12 44 43 48 33 41 15 7  25
22 43 29 4  33 52 31 61 36 35 14 53 25 3  5  57 46 50 6  19 40 30 41 21 54 58 28 17 47 1  48 37 2  56 10 27 49 12 15 11 23 60 51 62 18 9  24 39 59 13 45 32 38 7  0  20 55 8  44 34 42 16 26
40 36 4  47 46 53 58 9  42 23 21 49 18 22 56 35 8  54 37 31 3  24 10 1  62 19 34 5  29 14 51 12 61 17 16 39 52 6  28 30 57 27 55 50 44 2  11 60 45 59 13 0  32 20 38 26 48 33 25 15 43 41 7
38 41 37 12 43 3  54 59 10 19 24 22 48 0  23 58 36 9  49 50 32 4  25 11 2  62 20 35 6  30 15 52 13 57 18 17 40 53 7  29 31 56 28 61 51 45 47 5  60 39 27 14 1  33 21 46 34 42 55 26 16 44 8
48 39 42 43 13 44 4  49 60 11 20 25 23 55 1  24 59 37 10 29 51 33 5  26 12 47 62 21 36 7  31 16 53 14 56 0  18 41 54 8  30 32 58 6  57 52 46 38 40 22 3  28 15 2  34 61 19 45 35 50 27 17 9
11 55 40 3  44 14 45 5  48 61 12 21 26 24 50 2  25 60 38 59 30 52 34 6  27 13 43 62 22 37 8  32 17 54 15 58 1  0  42 49 9  31 33 39 7  56 53 19 23 35 57 4  29 16 47 41 46 18 20 36 51 28 10
35 3  59 45 52 56 8  41 22 20 54 17 21 57 34 7  53 36 39 46 23 9  0  62 42 33 4  28 13 50 11 60 16 15 38 51 5  27 29 61 26 48 30 43 1  10 2  55 25 44 18 31 19 37 58 12 24 49 14 47 40 32 6
6  20 1  14 28 4  56 19 26 39 3  47 36 12 59 27 34 23 11 5  37 32 46 22 57 17 44 13 21 40 10 30 58 45 8  2  29 24 18 38 60 9  16 35 42 31 0  61 50 62 54 52 49 51 53 55 41 15 43 25 7  33 48
19 0  60 27 3  57 42 25 38 46 2  35 11 58 26 33 22 10 5  36 31 45 21 61 16 43 12 20 39 9  29 56 44 7  1  28 23 17 37 59 8  15 4  41 30 18 13 34 48 55 51 54 50 52 62 53 47 40 24 6  32 14 49
25 13 8  33 2  16 30 6  59 21 28 41 5  44 38 14 61 29 36 11 18 7  39 34 4  24 58 0  46 15 23 42 12 32 60 3  10 43 31 26 1  40 57 47 56 37 20 22 49 53 52 51 48 54 55 62 35 9  17 19 45 27 50
37 26 14 21 34 47 17 31 7  60 22 29 42 6  45 39 15 57 30 56 12 0  8  40 35 5  25 59 1  3  16 24 19 13 33 61 4  11 44 32 27 2  41 23 43 58 38 9  54 50 62 53 52 55 49 48 10 28 36 18 20 46 51
31 38 27 39 22 35 43 18 32 8  61 23 30 19 7  46 40 16 56 42 58 13 1  9  41 36 6  26 60 2  4  17 25 20 14 34 57 5  12 45 33 28 47 10 24 44 59 15 51 48 55 62 54 53 50 49 29 3  11 37 0  21 52
58 32 39 60 40 23 36 44 0  33 9  57 24 31 20 8  3  41 17 43 19 59 14 2  10 42 37 7  27 61 47 5  18 26 21 15 35 56 6  13 46 34 29 16 11 25 45 28 55 51 48 50 62 49 54 52 4  22 30 12 38 1  53
18 59 33 46 61 41 24 37 45 1  34 10 56 25 32 21 9  4  42 30 44 20 60 15 47 11 19 38 8  28 57 43 6  0  27 22 16 36 58 7  14 3  35 29 17 12 26 40 52 49 53 55 51 62 48 50 23 2  5  31 13 39 54
12 7  21 1  15 29 5  58 20 27 40 4  43 37 13 60 28 35 24 17 6  38 33 3  23 56 18 45 14 22 41 11 31 59 46 9  47 30 25 0  39 61 10 57 36 19 32 2  62 54 50 49 53 48 52 51 16 34 42 44 26 8  55
34 17 10 16 27 51 37 22 5  47 33 55 19 28 11 4  39 49 25 6  15 42 35 46 52 12 2  24 41 8  50 18 3  30 23 14 48 44 9  36 29 1  54 53 31 40 43 21 38 0  32 7  26 45 20 13 62 60 58 61 56 57 59
16 9  20 26 50 36 21 4  2  32 48 42 27 10 3  38 54 24 33 14 41 34 45 51 11 1  23 40 7  55 17 46 29 22 13 49 43 8  35 28 0  53 5  30 39 47 15 52 12 37 6  25 44 19 18 31 56 62 60 57 61 59 58
26 35 18 44 17 28 52 38 23 6  43 34 50 20 29 12 5  40 48 49 7  16 19 36 3  53 13 47 25 42 9  51 0  4  31 24 15 55 45 10 37 30 2  22 54 32 41 11 1  21 14 33 8  27 46 39 61 56 62 59 57 58 60
55 27 36 42 45 18 29 53 39 24 7  44 35 51 21 30 13 6  41 47 48 8  17 20 37 4  54 14 43 26 19 10 52 1  5  32 25 16 50 46 11 38 31 12 23 49 33 0  22 3  40 15 34 9  28 2  58 59 57 62 60 56 61
42 50 28 34 19 46 0  30 54 40 25 8  45 36 52 22 31 14 7  32 43 55 9  18 21 38 5  49 15 44 27 20 11 53 2  6  33 26 17 51 3  12 39 1  13 24 48 37 4  29 47 41 16 35 10 23 60 58 59 56 62 61 57
8  19 51 55 35 20 3  1  31 49 41 26 9  46 37 53 23 32 15 40 33 44 50 10 0  22 39 6  48 16 45 28 21 12 54 47 7  34 27 18 52 4  13 38 2  14 25 29 30 11 24 43 42 17 36 5  59 57 61 60 58 62 56
44 45 46 8  9  10 11 12 13 14 15 16 17 18 0  1  2  47 43 24 25 26 27 28 29 30 31 32 33 34 35 36 37 38 39 40 41 42 19 20 21 22 23 4  5  6  7  3  53 52 49 48 55 50 51 54 57 61 56 58 59 60 62
