36 60 38 39 41 40 30 35 58 34 33 32 13 15 57 16 14 12 61 46 43 47 44 45 9  6  7  56 10 8  19 20 21 55 18 22 48 50 51 54 53 49 0  4  59 5  1  3  29 62 24 28 26 27 25 42 31 17 23 37 52 2  11 
41 38 40 37 60 39 34 33 32 58 31 35 16 14 12 57 17 15 45 61 46 44 42 47 8  9  10 6  56 11 18 19 22 20 23 55 49 48 53 50 54 52 4  1  0  3  2  59 62 26 29 27 28 25 24 43 30 13 21 36 51 5  7  
39 36 41 38 37 60 33 58 30 31 32 34 14 57 13 17 12 16 43 42 44 61 45 46 56 10 8  7  11 6  55 22 18 21 20 23 54 53 49 51 52 50 3  59 5  1  0  2  25 24 27 62 29 26 28 47 35 15 19 40 48 4  9  
37 41 60 40 36 38 31 32 34 30 35 58 17 12 16 13 15 57 46 43 42 45 47 61 6  56 11 10 7  9  20 55 23 22 19 21 50 54 52 53 51 48 59 0  3  2  4  5  24 29 25 26 62 28 27 44 33 14 18 39 49 1  8  
40 37 36 60 39 41 35 34 31 33 58 30 15 16 17 14 57 13 42 44 47 46 61 43 10 7  9  11 8  56 22 21 19 23 55 18 53 51 48 52 49 54 5  3  2  4  59 1  27 25 28 29 24 62 26 45 32 12 20 38 50 0  6  
60 40 39 36 38 37 58 31 35 32 30 33 57 17 15 12 13 14 47 45 61 42 43 44 11 8  56 9  6  7  23 18 55 19 21 20 52 49 54 48 50 51 1  2  4  59 5  0  26 28 62 25 27 24 29 46 34 16 22 41 53 3  10 
51 54 50 49 53 48 24 28 62 29 27 26 5  4  59 3  1  0  60 41 36 40 39 38 15 12 13 57 16 14 35 32 30 58 33 34 47 45 43 61 46 44 6  9  56 7  8  10 22 55 21 19 20 18 23 37 25 2  31 52 42 11 17 
54 48 49 51 50 52 62 25 28 26 24 27 59 2  4  0  5  1  40 38 60 37 36 39 17 14 57 15 12 13 31 33 58 35 30 32 42 44 61 47 45 43 8  11 9  56 7  6  20 19 55 23 18 21 22 41 29 3  34 53 46 10 16 
53 50 48 52 54 49 29 27 26 62 25 28 3  1  0  59 2  4  38 60 41 39 37 40 14 15 16 12 57 17 33 35 34 32 31 58 44 47 46 45 61 42 9  8  6  10 11 56 55 20 22 18 19 23 21 36 24 5  30 51 43 7  13 
48 52 51 54 49 53 28 29 25 27 62 24 4  3  2  1  59 5  37 39 40 41 60 36 16 13 15 17 14 57 34 30 35 31 58 33 46 43 47 42 44 61 7  10 11 9  56 8  18 23 19 22 21 55 20 38 26 0  32 50 45 6  12 
52 53 54 48 51 50 25 26 29 24 28 62 2  0  3  5  4  59 41 36 37 38 40 60 12 57 17 16 13 15 32 58 31 34 35 30 45 61 42 46 43 47 56 6  10 11 9  7  21 22 23 20 55 19 18 39 27 1  33 49 44 8  14 
49 51 53 50 52 54 27 62 24 25 26 29 1  59 5  2  0  3  36 37 39 60 38 41 57 16 14 13 17 12 58 34 33 30 32 31 61 46 44 43 42 45 10 56 7  8  6  11 23 21 18 55 22 20 19 40 28 4  35 48 47 9  15 
43 61 45 44 46 47 21 19 55 22 18 20 7  9  56 10 8  6  54 53 51 48 49 50 4  0  5  59 3  1  28 26 24 62 27 29 40 38 36 60 41 39 12 15 57 13 14 16 34 58 30 35 32 33 31 52 23 11 25 42 37 17 2  
61 47 44 43 45 42 55 23 19 20 21 18 56 11 9  6  7  8  48 50 54 52 51 49 2  1  59 4  0  5  25 27 62 28 24 26 37 39 60 40 38 36 14 17 15 57 13 12 32 35 58 31 33 30 34 53 22 10 29 46 41 16 3  
46 45 47 42 61 44 22 18 20 55 23 19 10 8  6  56 11 9  50 54 53 49 52 48 1  4  3  0  59 2  27 28 29 26 25 62 39 40 41 38 60 37 15 14 12 16 17 57 58 32 34 33 35 31 30 51 21 7  24 43 36 13 5  
47 42 43 61 44 46 19 22 23 18 55 21 9  10 11 8  56 7  52 49 48 53 54 51 3  5  4  2  1  59 29 24 28 25 62 27 41 36 40 37 39 60 13 16 17 15 57 14 33 31 35 34 30 58 32 50 20 6  26 45 38 12 0  
42 46 61 47 43 45 23 20 22 21 19 55 11 6  10 7  9  56 53 51 52 50 48 54 0  59 2  3  5  4  26 62 25 29 28 24 38 60 37 41 36 40 57 12 16 17 15 13 30 34 31 32 58 35 33 49 18 8  27 44 39 14 1  
44 43 46 45 42 61 18 55 21 23 20 22 8  56 7  11 6  10 51 52 49 54 50 53 59 3  1  5  2  0  62 29 27 24 26 25 60 41 39 36 37 38 16 57 13 14 12 17 31 30 33 58 34 32 35 48 19 9  28 47 40 15 4  
3  0  4  2  59 1  53 49 50 54 52 48 29 27 26 62 25 28 12 57 16 14 17 15 33 35 34 32 58 31 39 40 41 38 37 60 8  9  10 6  56 11 19 18 20 22 23 55 61 45 46 44 47 42 43 13 51 24 36 5  7  21 30 
4  2  5  59 1  3  48 53 52 49 54 51 28 29 25 27 62 24 17 14 15 16 57 13 34 30 35 31 33 58 41 36 40 37 60 39 10 7  9  11 8  56 21 22 23 19 55 18 44 42 47 46 43 61 45 12 50 26 38 0  6  20 32 
5  59 0  1  3  4  51 48 54 53 49 50 24 28 62 29 27 26 57 16 13 15 14 12 35 32 30 58 34 33 40 38 36 60 39 41 9  6  7  56 10 8  20 19 55 21 18 22 46 61 43 47 45 44 42 17 52 25 37 2  11 23 31 
59 4  1  5  0  2  54 52 48 50 51 49 62 25 28 26 24 27 15 12 57 17 13 14 31 33 58 35 32 30 37 39 60 40 36 38 11 8  56 9  6  7  18 23 19 55 21 20 45 47 61 42 44 43 46 16 53 29 41 3  10 22 34 
2  3  59 4  5  0  52 50 53 51 48 54 25 26 29 24 28 62 16 13 17 12 15 57 32 58 31 34 30 35 38 60 37 41 40 36 6  56 11 10 7  9  55 20 22 23 19 21 43 46 42 45 61 47 44 14 49 27 39 1  8  18 33 
1  5  3  0  2  59 49 54 51 52 50 53 27 62 24 25 26 29 13 17 14 57 12 16 58 34 33 30 31 32 60 41 39 36 38 37 56 10 8  7  11 6  22 55 21 18 20 23 42 43 44 61 46 45 47 15 48 28 40 4  9  19 35 
57 15 14 13 12 17 60 37 40 38 36 39 58 31 35 32 30 33 9  6  56 11 7  8  23 18 55 19 20 21 42 44 61 47 43 45 2  1  59 4  0  5  27 25 28 62 24 26 50 48 54 52 49 51 53 10 41 34 46 16 3  29 22 
14 13 16 12 17 57 39 60 36 37 38 41 33 58 30 31 32 34 7  11 8  56 6  10 55 22 18 21 23 20 61 46 44 43 45 42 59 3  1  5  2  0  29 62 24 27 26 25 52 51 49 54 53 50 48 9  40 35 47 15 4  28 19 
13 57 12 14 16 15 36 40 60 41 39 38 30 35 58 34 33 32 56 10 7  9  8  6  19 20 21 55 22 18 47 45 43 61 44 46 4  0  5  59 3  1  26 28 62 24 27 29 53 54 51 48 50 49 52 11 37 31 42 17 2  25 23 
16 12 15 17 57 14 41 39 38 60 37 40 34 33 32 58 31 35 6  56 10 8  11 9  18 19 22 20 55 23 44 47 46 45 42 61 1  4  3  0  59 2  28 27 26 29 25 62 54 50 53 49 48 52 51 7  36 30 43 13 5  24 21 
15 17 13 57 14 16 40 41 37 39 60 36 35 34 31 33 58 30 11 8  9  10 56 7  22 21 19 23 18 55 46 43 47 42 61 44 3  5  4  2  1  59 24 29 25 28 62 27 49 52 48 53 51 54 50 6  38 32 45 12 0  26 20 
17 16 57 15 13 12 37 38 41 36 40 60 31 32 34 30 35 58 10 7  11 6  9  56 20 55 23 22 21 19 45 61 42 46 47 43 0  59 2  3  5  4  62 26 29 25 28 24 51 53 52 50 54 48 49 8  39 33 44 14 1  27 18 
56 9  8  7  6  11 61 42 47 45 43 44 55 23 19 20 21 18 4  0  59 2  5  1  25 27 62 28 26 24 52 49 54 48 51 50 17 14 57 15 12 13 33 31 35 58 30 32 38 40 60 37 39 36 41 3  46 22 53 10 16 34 29 
8  7  10 6  11 56 44 61 43 42 45 46 18 55 21 23 20 22 5  2  1  59 0  3  62 29 27 24 25 26 54 53 49 51 50 52 57 16 14 13 17 12 34 58 30 33 32 31 37 36 39 60 41 38 40 4  47 19 48 9  15 35 28 
7  56 6  8  10 9  43 47 61 46 44 45 21 19 55 22 18 20 59 3  5  4  1  0  28 26 24 62 29 27 48 50 51 54 49 53 15 12 13 57 16 14 32 35 58 30 33 34 41 60 36 40 38 39 37 2  42 23 52 11 17 31 25 
10 6  9  11 56 8  46 44 45 61 42 47 22 18 20 55 23 19 0  59 3  1  2  4  27 28 29 26 62 25 49 48 53 50 52 54 14 15 16 12 57 17 35 33 32 34 31 58 60 38 41 39 40 37 36 5  43 21 51 7  13 30 24 
11 10 56 9  7  6  42 45 46 43 47 61 23 20 22 21 19 55 3  5  2  0  4  59 26 62 25 29 24 28 50 54 52 53 48 51 12 57 17 16 13 15 58 32 34 31 35 30 36 41 37 38 60 40 39 1  44 18 49 8  14 33 27 
9  11 7  56 8  10 47 46 42 44 61 43 19 22 23 18 55 21 2  1  4  3  59 5  29 24 28 25 27 62 53 51 48 52 54 49 16 13 15 17 14 57 30 34 31 35 58 33 39 37 40 41 36 60 38 0  45 20 50 6  12 32 26 
55 19 18 21 20 23 56 11 9  6  7  8  61 42 47 45 43 44 28 26 62 25 24 27 52 49 54 48 50 51 2  1  59 4  5  0  31 33 58 35 32 30 39 37 40 60 36 38 12 15 57 17 14 13 16 29 10 46 3  22 34 41 53 
18 21 22 20 23 55 8  56 7  11 6  10 44 61 43 42 45 46 24 25 27 62 26 29 54 53 49 51 52 50 59 3  1  5  0  2  58 34 33 30 31 32 41 60 36 39 38 37 17 13 14 57 16 12 15 28 9  47 4  19 35 40 48 
21 55 20 18 22 19 7  9  56 10 8  6  43 47 61 46 44 45 62 29 24 28 27 26 48 50 51 54 53 49 4  0  5  59 1  3  35 32 30 58 34 33 38 40 60 36 39 41 16 57 13 15 12 14 17 25 11 42 2  23 31 37 52 
22 20 19 23 55 18 10 8  6  56 11 9  46 44 45 61 42 47 26 62 29 27 25 28 49 48 53 50 54 52 1  4  3  0  2  59 33 35 34 32 58 31 40 39 38 41 37 60 57 12 16 14 15 17 13 24 7  43 5  21 30 36 51 
19 23 21 55 18 22 9  10 11 8  56 7  47 46 42 44 61 43 25 27 28 29 62 24 53 51 48 52 49 54 3  5  4  2  59 1  34 30 35 31 33 58 36 41 37 40 60 39 14 17 15 16 13 57 12 26 6  45 0  20 32 38 50 
23 22 55 19 21 20 11 6  10 7  9  56 42 45 46 43 47 61 29 24 25 26 28 62 50 54 52 53 51 48 0  59 2  3  4  5  32 58 31 34 30 35 60 38 41 37 40 36 13 16 17 12 57 15 14 27 8  44 1  18 33 39 49 
27 24 29 26 25 62 1  59 5  2  0  3  49 54 51 52 50 53 30 31 33 58 32 34 60 41 39 36 37 38 57 16 14 13 12 17 55 22 18 21 23 20 46 61 43 44 45 42 11 7  8  56 10 6  9  35 4  48 15 28 19 47 40 
62 28 27 24 26 25 59 2  4  0  5  1  54 52 48 50 51 49 35 32 58 31 30 33 37 39 60 40 38 36 17 14 57 15 13 12 23 18 55 19 20 21 44 42 47 61 43 45 6  9  56 11 8  7  10 34 3  53 16 29 22 46 41 
29 26 28 25 62 27 3  1  0  59 2  4  53 49 50 54 52 48 32 58 34 33 31 35 39 40 41 38 60 37 14 15 16 12 17 57 18 19 22 20 55 23 47 44 45 46 42 61 56 6  10 8  9  11 7  30 5  51 13 24 21 43 36 
24 62 26 27 29 28 5  4  59 3  1  0  51 48 54 53 49 50 58 34 30 35 33 32 40 38 36 60 41 39 15 12 13 57 14 16 19 20 21 55 22 18 45 47 61 43 44 46 10 56 7  9  6  8  11 31 2  52 17 25 23 42 37 
25 29 62 28 24 26 2  0  3  5  4  59 52 50 53 51 48 54 34 30 31 32 35 58 38 60 37 41 36 40 12 57 17 16 15 13 20 55 23 22 21 19 61 45 46 42 47 43 7  10 11 6  56 9  8  33 1  49 14 27 18 44 39 
28 25 24 62 27 29 4  3  2  1  59 5  48 53 52 49 54 51 31 33 35 34 58 30 41 36 40 37 39 60 16 13 15 17 57 14 22 21 19 23 18 55 43 46 42 47 61 44 8  11 9  10 7  56 6  32 0  50 12 26 20 45 38 
35 31 30 58 33 34 15 16 17 14 57 13 40 41 37 39 60 36 23 18 19 22 55 21 46 43 47 42 44 61 10 7  9  11 56 8  29 24 28 25 27 62 51 53 52 48 54 49 1  2  4  3  5  59 0  20 12 38 6  32 26 50 45 
34 32 35 31 58 33 16 14 12 57 17 15 41 39 38 60 37 40 20 55 22 18 23 19 44 47 46 45 61 42 8  9  10 6  11 56 27 28 29 26 62 25 48 49 50 53 52 54 59 0  3  1  4  2  5  21 13 36 7  30 24 51 43 
30 58 32 33 34 35 13 15 57 16 14 12 36 40 60 41 39 38 55 22 21 19 18 20 47 45 43 61 46 44 9  6  7  56 8  10 28 26 24 62 29 27 50 48 54 51 49 53 3  59 5  4  0  1  2  23 17 37 11 31 25 52 42 
58 35 33 30 32 31 57 17 15 12 13 14 60 37 40 38 36 39 19 20 55 23 21 18 42 44 61 47 45 43 11 8  56 9  7  6  25 27 62 28 26 24 49 52 48 54 51 50 0  4  59 2  1  5  3  22 16 41 10 34 29 53 46 
33 30 34 32 31 58 14 57 13 17 12 16 39 60 36 37 38 41 21 23 18 55 20 22 61 46 44 43 42 45 56 10 8  7  6  11 62 29 27 24 25 26 53 54 51 49 50 52 2  5  1  59 3  0  4  19 15 40 9  35 28 48 47 
31 34 58 35 30 32 17 12 16 13 15 57 37 38 41 36 40 60 22 21 23 20 19 55 45 61 42 46 43 47 6  56 11 10 9  7  26 62 25 29 24 28 54 50 53 52 48 51 5  3  2  0  59 4  1  18 14 39 8  33 27 49 44 
32 33 31 34 35 30 12 13 14 15 16 17 38 36 39 40 41 37 18 19 20 21 22 23 43 42 45 44 47 46 7  11 6  8  10 9  24 25 26 27 28 29 52 51 49 50 53 48 4  1  0  5  2  3  57 62 56 61 59 55 58 60 54 
0  1  2  3  4  5  50 51 49 48 53 52 26 24 27 28 29 25 14 15 12 13 16 17 30 31 32 33 35 34 36 37 38 39 41 40 7  11 6  8  9  10 23 21 18 20 22 19 47 44 45 43 42 46 54 56 60 58 61 57 59 62 55 
50 49 52 53 48 51 26 24 27 28 29 25 0  5  1  4  3  2  39 40 38 36 41 37 13 17 12 14 15 16 30 31 32 33 34 35 43 42 45 44 47 46 11 7  8  6  10 9  19 18 20 21 23 22 62 61 58 57 55 60 54 59 56 
45 44 42 46 47 43 20 21 18 19 22 23 6  7  8  9  10 11 49 48 50 51 53 52 5  2  0  1  4  3  24 25 26 27 29 28 36 37 38 39 40 41 17 13 14 12 16 15 35 33 32 30 31 34 55 60 62 59 58 54 61 56 57 
6  8  11 10 9  7  45 43 44 47 46 42 20 21 18 19 22 23 1  4  0  5  3  2  24 25 26 27 28 29 51 52 50 49 53 48 13 17 12 14 15 16 31 30 33 32 34 35 40 39 38 36 37 41 61 57 54 62 60 59 56 55 58 
38 39 37 41 40 36 32 30 33 35 34 31 12 13 14 15 16 17 44 47 45 43 46 42 7  11 6  8  9  10 21 23 20 18 22 19 51 52 50 49 48 53 2  5  1  0  3  4  28 27 26 24 25 29 58 54 55 56 62 61 60 57 59 
20 18 23 22 19 21 6  7  8  9  10 11 45 43 44 47 46 42 27 28 26 24 29 25 51 52 50 49 48 53 5  2  0  1  3  4  30 31 32 33 35 34 37 36 39 38 41 40 15 14 12 13 17 16 56 58 59 54 57 62 55 61 60 
26 27 25 29 28 24 0  5  1  4  3  2  50 51 49 48 53 52 33 35 32 30 34 31 36 37 38 39 40 41 13 17 12 14 16 15 21 23 20 18 19 22 42 43 44 45 46 47 9  8  6  7  11 10 59 55 57 60 56 58 62 54 61 
12 14 17 16 15 13 38 36 39 40 41 37 32 30 33 35 34 31 8  9  6  7  10 11 21 23 20 18 19 22 43 42 45 44 46 47 5  2  0  1  4  3  25 24 27 26 29 28 48 49 50 51 52 53 60 59 61 55 54 56 57 58 62 
