2  1  6  4  7  3  5  62 37 33 35 34 36 32 53 55 54 52 51 50 14 15 16 17 18 19 12 10 8  9  13 11 48 47 49 44 46 45 41 42 43 40 38 39 23 25 24 21 20 22 57 58 56 61 59 60 28 26 27 30 31 29 0  
62 3  2  7  5  0  4  6  26 31 28 30 27 29 56 57 58 59 60 61 11 13 9  12 8  10 42 41 43 39 40 38 37 36 35 32 34 33 19 17 18 15 14 16 51 52 50 53 54 55 22 20 21 24 25 23 49 48 47 46 45 44 1  
7  62 4  3  0  6  1  5  60 58 61 56 59 57 19 18 17 14 16 15 47 49 48 45 44 46 33 34 32 37 35 36 51 52 50 55 53 54 30 31 29 28 27 26 39 38 40 41 42 43 8  12 10 13 11 9  24 23 25 21 20 22 2  
6  0  62 5  4  1  7  2  48 45 49 46 47 44 21 22 20 25 23 24 38 40 39 42 43 41 17 19 18 16 15 14 26 27 28 29 30 31 10 12 8  13 11 9  60 59 61 56 58 57 55 54 53 50 52 51 35 37 36 34 33 32 3  
3  7  1  62 6  5  2  0  16 17 15 19 14 18 30 29 31 27 26 28 25 24 23 20 22 21 54 53 55 51 50 52 39 38 40 43 41 42 56 58 57 61 59 60 37 36 35 34 33 32 44 45 46 49 47 48 13 9  11 10 12 8  4  
1  4  0  2  62 7  6  3  39 42 40 41 38 43 34 32 33 36 37 35 59 61 60 58 57 56 20 21 22 23 24 25 9  11 13 8  10 12 53 54 55 50 52 51 48 47 49 46 45 44 29 31 30 28 27 26 15 16 14 19 17 18 5  
4  2  5  1  3  62 0  7  51 54 50 53 52 55 41 43 42 38 39 40 27 28 26 31 29 30 45 46 44 48 49 47 23 25 24 22 21 20 34 33 32 35 36 37 9  11 13 10 12 8  18 17 19 15 14 16 61 60 59 56 58 57 6  
0  5  3  6  2  4  62 1  9  12 13 10 11 8  46 44 45 47 48 49 52 50 51 54 55 53 58 56 57 60 61 59 16 14 15 18 19 17 21 20 22 24 25 23 26 27 28 30 31 29 32 33 34 35 36 37 40 39 38 41 42 43 7  
19 56 41 30 46 21 34 10 7  11 12 8  9  13 44 49 47 48 3  45 51 54 6  52 50 55 59 57 61 2  58 60 4  16 17 15 18 14 22 25 24 20 23 62 1  26 31 29 27 28 35 36 32 33 37 0  42 5  39 43 38 40 53 
15 61 40 28 49 24 35 13 8  7  9  12 10 11 45 47 3  46 44 48 53 51 55 6  52 54 2  58 59 57 60 56 18 19 16 14 17 4  20 62 25 23 21 22 29 30 26 31 1  27 36 0  33 37 34 32 39 43 41 42 5  38 50 
17 58 42 31 45 20 33 12 13 10 7  11 8  9  47 48 46 44 49 3  55 6  50 53 51 52 56 59 60 61 2  57 15 18 4  16 14 19 25 21 23 62 22 24 28 29 1  27 30 26 37 34 36 0  32 35 5  40 43 38 41 39 54 
16 60 39 26 48 23 37 9  11 13 8  7  12 10 3  46 49 45 47 44 54 55 52 50 53 6  61 2  56 59 57 58 14 17 18 19 4  15 62 24 21 22 20 25 27 31 29 1  28 30 34 35 0  32 33 36 43 38 42 5  40 41 51 
18 57 43 29 44 22 32 8  10 9  11 13 7  12 49 45 48 3  46 47 6  52 53 51 54 50 60 61 58 56 59 2  19 4  14 17 15 16 24 23 20 25 62 21 30 1  27 28 26 31 33 37 35 36 0  34 38 41 5  40 39 42 55 
14 59 38 27 47 25 36 11 12 8  10 9  13 7  48 3  44 49 45 46 50 53 54 55 6  51 57 60 2  58 56 61 17 15 19 4  16 18 23 22 62 21 24 20 31 28 30 26 29 1  0  32 37 34 35 33 41 42 40 39 43 5  52 
39 51 9  37 26 60 48 16 14 15 18 4  17 19 1  30 28 31 27 29 20 22 25 24 21 62 50 6  53 52 55 54 38 42 43 41 5  40 2  61 56 57 58 59 36 33 32 0  35 34 46 49 3  44 45 47 8  11 12 7  13 10 23 
38 52 11 36 27 59 47 14 17 18 19 16 15 4  26 1  29 28 31 30 24 21 20 22 62 23 55 51 6  54 53 50 42 40 41 5  39 43 60 57 2  56 61 58 33 35 34 37 32 0  3  44 48 46 49 45 10 12 13 9  8  7  25 
40 50 13 35 28 61 49 15 18 4  16 17 19 14 31 27 1  30 29 26 21 23 22 62 25 20 6  54 52 55 51 53 43 41 39 38 42 5  58 2  59 60 56 57 32 34 37 33 0  36 47 3  45 48 46 44 9  8  10 12 7  11 24 
43 55 8  32 29 57 44 18 19 16 14 15 4  17 28 31 26 1  30 27 62 25 21 23 20 24 51 50 54 53 52 6  41 5  38 42 40 39 61 60 58 59 2  56 34 0  36 35 37 33 45 48 49 47 3  46 11 10 7  13 9  12 22 
41 53 10 34 30 56 46 19 4  14 17 18 16 15 29 28 27 26 1  31 23 20 62 25 24 22 52 55 50 6  54 51 5  39 42 40 43 38 57 59 61 58 60 2  0  37 33 32 36 35 49 47 44 45 48 3  12 7  9  8  11 13 21 
42 54 12 33 31 58 45 17 15 19 4  14 18 16 27 26 30 29 28 1  22 62 24 21 23 25 53 52 51 50 6  55 40 43 5  39 38 41 59 56 60 2  57 61 35 32 0  36 34 37 48 46 47 3  44 49 7  13 8  11 10 9  20 
57 29 55 18 8  44 43 22 21 23 25 24 62 20 13 12 9  7  10 11 0  36 34 37 33 35 26 28 31 30 27 1  56 2  59 58 61 60 49 48 45 47 3  46 19 4  14 15 16 17 42 39 40 38 5  41 52 53 6  50 51 54 32 
58 31 54 17 12 45 42 20 24 21 62 25 22 23 11 9  10 8  13 7  32 0  35 34 37 36 30 27 26 28 1  29 61 57 2  60 59 56 47 46 48 3  44 49 15 18 4  14 19 16 39 41 38 5  43 40 6  50 55 52 53 51 33 
56 30 53 19 10 46 41 21 62 25 20 22 23 24 8  13 11 9  7  12 37 33 0  36 35 32 27 29 28 1  31 26 2  60 58 61 57 59 44 47 49 45 48 3  4  16 17 18 14 15 40 38 43 42 39 5  54 6  51 55 52 50 34 
61 28 50 15 13 49 40 24 22 62 23 20 21 25 12 11 7  10 8  9  34 37 32 0  36 33 1  31 27 29 26 30 57 56 60 59 58 2  45 3  47 48 46 44 18 19 16 17 4  14 38 5  42 39 41 43 51 55 53 54 6  52 35 
59 27 52 14 11 47 38 25 20 22 21 23 24 62 9  7  8  13 12 10 35 34 33 32 0  37 29 26 1  31 30 28 58 61 56 2  60 57 48 44 3  46 49 45 17 15 19 16 18 4  5  43 39 41 40 42 53 54 50 51 55 6  36 
60 26 51 16 9  48 39 23 25 24 22 62 20 21 7  10 13 12 11 8  33 32 36 35 34 0  28 1  30 27 29 31 59 58 57 56 2  61 3  49 46 44 45 47 14 17 18 4  15 19 41 40 5  43 42 38 55 52 54 6  50 53 37 
35 40 49 50 61 15 24 28 29 1  26 31 30 27 58 59 2  56 57 60 10 9  8  7  11 12 5  42 38 43 39 41 32 34 37 36 33 0  17 4  14 16 19 18 55 53 51 54 6  52 25 62 20 23 21 22 48 44 46 45 3  47 13 
37 39 48 51 60 16 23 26 27 28 29 1  31 30 2  56 61 58 59 57 12 8  11 13 10 7  40 5  41 38 43 42 36 33 32 34 0  35 4  15 19 18 17 14 52 54 55 6  50 53 21 24 62 22 20 25 44 47 45 3  49 46 9  
36 38 47 52 59 14 25 27 31 29 30 26 28 1  60 2  57 61 58 56 13 10 12 8  7  9  43 39 5  42 41 40 33 35 34 0  37 32 16 18 4  19 15 17 54 50 53 51 55 6  62 22 23 21 24 20 46 45 49 48 44 3  11 
34 41 46 53 56 19 21 30 1  27 31 29 26 28 57 61 59 60 2  58 9  12 7  11 13 8  38 43 40 5  42 39 0  37 33 35 32 36 18 14 15 17 16 4  6  51 54 55 52 50 24 25 22 20 23 62 45 3  48 44 47 49 10 
33 42 45 54 58 17 20 31 28 30 1  27 29 26 59 60 56 57 61 2  8  7  13 10 9  11 41 38 39 40 5  43 35 32 0  37 36 34 14 19 16 4  18 15 50 55 6  52 53 51 23 21 25 62 22 24 3  49 44 47 46 48 12 
32 43 44 55 57 18 22 29 30 26 27 28 1  31 61 58 60 2  56 59 7  11 10 9  12 13 39 40 42 41 38 5  34 0  36 33 35 37 15 16 17 14 4  19 53 6  52 50 51 54 20 23 24 25 62 21 47 46 3  49 48 45 8  
46 10 30 21 53 41 56 34 0  36 33 32 37 35 55 50 52 51 6  54 16 17 4  14 15 18 11 8  13 7  12 9  3  48 45 49 44 47 43 38 40 42 39 5  62 23 20 22 25 24 61 59 57 58 60 2  31 1  26 29 27 28 19 
44 8  29 22 55 43 57 32 34 37 36 35 0  33 50 54 51 6  53 52 4  14 19 16 17 15 9  13 12 10 11 7  46 3  47 45 49 48 40 39 42 38 5  41 21 62 25 24 23 20 58 60 61 59 2  56 27 30 1  28 26 31 18 
45 12 31 20 54 42 58 33 35 34 0  36 32 37 52 51 53 55 50 6  18 4  15 19 16 14 10 11 9  13 7  8  49 44 3  48 47 46 38 41 39 5  43 40 24 22 62 25 21 23 60 56 59 2  57 61 1  28 29 27 30 26 17 
47 11 27 25 52 38 59 36 33 32 34 37 35 0  51 6  55 50 54 53 15 19 17 18 4  16 8  9  7  12 10 13 45 49 46 3  48 44 39 43 5  41 40 42 20 24 21 23 22 62 2  57 60 56 61 58 30 31 28 26 29 1  14 
48 9  26 23 51 39 60 37 36 35 32 0  33 34 6  53 50 54 52 55 17 18 14 15 19 4  13 7  10 11 8  12 47 45 44 46 3  49 5  40 41 43 42 38 25 20 22 62 24 21 56 61 2  57 58 59 29 27 31 1  28 30 16 
49 13 28 24 50 40 61 35 32 0  37 33 34 36 54 52 6  53 55 51 19 16 18 4  14 17 7  12 11 8  9  10 44 46 48 47 45 3  42 5  38 39 41 43 22 21 23 20 62 25 59 2  58 60 56 57 26 29 30 31 1  27 15 
9  23 16 48 37 51 26 39 38 40 43 5  42 41 0  34 35 33 36 32 58 57 59 61 56 2  24 62 21 25 22 20 11 12 8  10 7  13 6  50 53 55 54 52 47 45 44 3  49 46 30 28 1  29 31 27 18 14 17 4  15 19 60 
13 24 15 49 35 50 28 40 43 5  39 42 41 38 33 36 0  34 32 37 56 60 57 2  59 58 62 20 25 22 23 21 8  10 9  11 12 7  54 6  52 51 53 55 44 46 48 45 3  47 27 1  31 26 30 29 16 18 19 17 4  14 61 
11 25 14 47 36 52 27 38 42 43 41 39 40 5  37 0  32 35 33 34 61 56 58 57 2  60 22 23 62 20 21 24 12 13 10 7  9  8  51 55 6  53 50 54 45 49 46 48 44 3  1  29 26 30 28 31 19 17 15 16 18 4  59 
12 20 17 45 33 54 31 42 40 41 5  38 43 39 36 37 34 32 35 0  57 2  61 56 60 59 21 25 23 24 62 22 13 8  7  9  11 10 52 53 51 6  55 50 49 44 3  47 46 48 26 30 27 1  29 28 4  15 18 14 19 16 58 
8  22 18 44 32 55 29 43 41 39 38 40 5  42 35 33 37 0  34 36 2  59 56 60 58 61 23 24 20 21 25 62 10 7  11 12 13 9  50 51 54 52 6  53 46 3  47 49 48 45 31 26 28 27 1  30 14 19 4  15 16 17 57 
10 21 19 46 34 53 30 41 5  38 42 43 39 40 32 35 36 37 0  33 60 58 2  59 61 57 25 22 24 62 20 23 7  9  12 13 8  11 55 52 50 54 51 6  3  48 45 44 47 49 28 27 29 31 26 1  17 4  16 18 14 15 56 
30 19 34 56 21 10 53 46 3  47 45 44 48 49 22 24 25 23 62 20 39 42 5  38 40 43 14 18 15 4  17 16 1  26 31 28 29 27 8  11 13 12 9  7  2  60 58 57 59 61 50 52 55 54 51 6  33 0  37 32 36 35 41 
29 18 32 57 22 8  55 44 46 48 47 49 3  45 24 20 23 62 21 25 5  38 41 39 42 40 16 15 17 19 14 4  30 1  27 31 28 26 13 9  12 11 7  10 56 2  59 61 60 58 54 51 50 52 6  53 36 34 0  35 37 33 43 
31 17 33 58 20 12 54 45 49 46 3  47 44 48 25 23 21 22 24 62 43 5  40 41 39 38 19 14 16 15 4  18 28 29 1  26 27 30 11 10 9  7  8  13 61 57 2  59 56 60 51 53 52 6  55 50 0  35 32 36 34 37 42 
26 16 37 60 23 9  51 48 47 49 44 3  45 46 62 21 24 20 25 22 42 43 38 40 41 5  15 4  19 14 18 17 27 31 29 30 1  28 7  13 10 8  12 11 59 58 57 2  61 56 53 50 6  55 54 52 32 36 33 0  35 34 39 
28 15 35 61 24 13 50 49 44 3  48 45 46 47 20 25 62 21 22 23 41 39 43 5  38 42 4  17 14 18 16 19 29 30 26 27 31 1  12 7  11 9  10 8  57 56 60 58 2  59 52 6  54 51 53 55 37 32 34 33 0  36 40 
27 14 36 59 25 11 52 47 45 44 46 48 49 3  23 62 22 24 20 21 40 41 42 43 5  39 18 16 4  17 19 15 31 28 30 1  26 29 9  8  7  10 13 12 58 61 56 60 57 2  6  55 51 53 50 54 34 33 35 37 32 0  38 
25 47 59 11 38 36 14 52 54 55 53 51 50 6  39 5  43 40 42 41 28 30 31 29 1  26 44 48 3  45 46 49 20 24 21 62 23 22 37 32 0  34 35 33 12 13 10 9  8  7  4  18 16 19 15 17 56 58 61 60 57 2  27 
24 49 61 13 40 35 15 50 55 6  51 54 53 52 42 38 5  41 43 39 30 26 29 1  27 31 3  45 47 44 48 46 22 21 23 25 20 62 33 0  36 37 34 32 8  10 9  12 7  11 14 4  17 16 19 18 60 57 56 58 2  59 28 
23 48 60 9  39 37 16 51 52 50 55 6  54 53 5  41 40 42 38 43 31 29 27 28 30 1  49 3  46 47 44 45 25 20 22 21 62 24 0  35 34 32 33 36 11 12 8  7  13 10 19 15 4  18 17 14 57 59 58 2  61 56 26 
20 45 58 12 42 33 17 54 50 53 6  52 55 51 38 39 41 43 40 5  29 1  28 30 26 27 46 47 48 49 3  44 24 22 62 23 25 21 36 34 37 0  32 35 13 8  7  11 10 9  16 19 14 4  18 15 2  61 57 59 56 60 31 
22 44 57 8  43 32 18 55 53 51 52 50 6  54 40 42 39 5  41 38 1  27 30 26 31 28 48 49 45 46 47 3  21 62 25 20 24 23 35 37 33 36 0  34 10 7  11 13 9  12 17 16 15 14 4  19 59 56 2  61 60 58 29 
21 46 56 10 41 34 19 53 6  52 54 55 51 50 43 40 38 39 5  42 26 31 1  27 28 29 47 44 49 3  45 48 62 23 20 24 22 25 32 36 35 33 37 0  7  9  12 8  11 13 15 14 18 17 16 4  58 2  60 57 59 61 30 
54 33 20 42 17 31 12 58 61 56 2  59 57 60 14 16 19 18 15 4  44 3  49 46 48 47 34 36 37 35 0  32 50 55 6  51 52 53 27 30 26 1  29 28 40 43 5  38 41 39 9  10 11 7  8  13 62 24 22 25 21 23 45 
53 34 21 41 19 30 10 56 2  59 58 57 60 61 18 15 14 16 4  17 48 45 3  47 49 44 36 32 35 0  33 37 6  51 54 50 55 52 29 27 28 31 26 1  5  39 42 43 38 40 13 11 8  12 9  7  20 62 23 22 25 24 46 
55 32 22 43 18 29 8  57 56 60 59 61 2  58 15 17 16 4  19 14 3  47 46 48 45 49 37 35 33 34 36 0  53 6  52 54 50 51 28 26 31 27 1  30 41 5  38 40 39 42 12 9  13 11 7  10 25 21 62 24 23 20 44 
51 37 23 39 16 26 9  60 59 61 57 2  58 56 4  19 15 17 14 18 45 44 47 49 46 3  35 0  34 36 32 33 52 54 55 53 6  50 1  28 30 29 31 27 38 42 43 5  40 41 10 13 7  8  12 11 22 25 20 62 24 21 48 
50 35 24 40 15 28 13 61 57 2  60 58 56 59 17 14 4  19 18 16 46 48 44 3  47 45 0  33 36 32 37 34 55 53 51 52 54 6  31 1  27 26 30 29 43 41 39 42 5  38 11 7  12 9  10 8  23 22 21 20 62 25 49 
52 36 25 38 14 27 11 59 58 57 56 60 61 2  16 4  18 15 17 19 49 46 45 44 3  48 32 37 0  33 34 35 54 50 53 6  51 55 26 29 1  30 28 31 42 40 41 39 43 5  7  8  9  10 13 12 21 20 24 23 22 62 47 
5  6  7  0  1  2  3  4  23 20 24 21 25 22 10 8  12 11 9  13 36 35 37 33 32 34 31 30 29 26 28 27 60 59 61 57 56 58 46 45 44 49 47 48 16 14 15 19 17 18 43 42 41 40 38 39 50 51 52 53 54 55 62 
