51 55 54 49 56 52 53 50 11 8  10 62 9  15 12 14 34 37 33 36 39 38 61 35 5  6  3  7  58 2  1  4  47 43 60 40 45 46 41 44 59 27 29 26 31 25 28 24 18 57 21 20 16 22 23 17 19 32 48 0  30 42 13 
49 53 50 48 54 55 52 56 13 9  62 12 14 11 10 8  32 33 35 34 38 61 39 37 7  2  6  58 5  3  4  0  40 41 43 42 46 44 60 45 25 59 28 24 26 27 30 31 22 17 57 16 23 19 20 21 18 36 51 1  29 47 15 
53 54 48 52 49 56 50 51 9  10 15 11 62 8  13 12 37 61 39 35 32 36 34 38 0  58 7  1  4  5  3  6  46 42 40 44 43 41 47 60 28 29 31 59 27 30 26 25 16 22 18 17 21 23 57 19 20 33 55 2  24 45 14 
52 50 51 55 48 54 56 49 14 62 11 13 12 9  15 10 33 39 38 37 36 34 32 61 1  5  58 4  0  7  6  2  44 47 42 45 41 60 40 43 30 28 26 25 59 29 24 27 23 19 22 21 57 20 17 18 16 35 53 3  31 46 8  
48 52 56 51 50 53 55 54 15 14 12 10 8  13 62 9  36 35 37 32 61 39 38 33 58 3  2  5  7  6  0  1  42 60 41 47 44 45 43 46 27 25 30 31 24 59 29 26 19 21 17 23 20 18 16 57 22 34 49 4  28 40 11 
50 48 55 56 52 49 51 53 62 15 8  9  11 10 14 13 61 34 32 38 33 35 37 36 2  4  1  3  6  0  7  58 41 45 44 60 42 47 46 40 26 31 27 28 29 24 59 30 21 23 16 19 18 57 22 20 17 39 54 5  25 43 12 
55 56 49 53 51 50 54 48 8  12 13 15 10 14 11 62 35 38 61 33 34 32 36 39 4  7  5  0  1  58 2  3  45 40 47 46 60 43 42 41 29 30 24 27 25 28 31 59 20 18 19 57 17 16 21 22 23 37 52 6  26 44 9  
56 51 53 54 55 48 49 52 12 11 9  14 13 62 8  15 39 32 36 61 35 37 33 34 3  0  4  6  2  1  58 5  60 46 45 43 47 40 44 42 24 26 59 30 28 31 25 29 57 20 23 18 22 17 19 16 21 38 50 7  27 41 10 
37 38 36 33 32 39 61 34 55 56 49 48 54 52 51 50 20 17 21 23 18 22 19 57 47 43 60 40 42 41 44 45 9  15 13 14 10 62 11 12 0  4  6  5  58 1  2  7  26 30 28 27 59 24 25 29 31 16 35 46 3  8  53 
33 61 34 35 36 38 39 32 53 54 48 51 50 55 49 56 16 21 57 20 22 19 18 17 40 41 43 42 47 60 45 46 14 11 15 8  62 12 13 10 1  0  2  7  5  4  3  58 24 29 30 59 25 31 27 28 26 23 37 44 6  9  52 
61 36 35 39 33 32 34 37 54 49 52 55 48 56 53 51 17 19 18 57 16 23 20 22 46 42 40 44 45 47 60 43 62 8  14 12 15 11 9  13 2  6  58 0  4  3  5  1  59 24 26 29 28 25 30 31 27 21 38 41 7  10 50 
32 37 61 36 38 35 33 39 51 55 54 50 53 48 56 52 18 16 23 19 57 17 21 20 60 46 45 43 41 44 42 47 13 62 10 15 9  14 12 8  7  5  0  3  2  58 1  6  30 27 25 26 24 29 31 59 28 22 34 40 4  11 49 
38 32 33 61 37 34 36 35 56 51 53 52 49 50 55 48 57 22 19 21 20 16 23 18 45 40 47 46 44 42 41 60 10 14 9  62 13 15 8  11 6  3  7  4  1  2  58 0  27 26 31 30 29 59 28 24 25 17 39 43 5  12 54 
36 33 39 34 61 37 35 38 49 53 50 56 52 51 54 55 22 23 20 18 17 21 57 16 43 44 46 41 60 45 47 40 15 12 62 11 14 8  10 9  58 7  1  6  3  5  4  2  29 59 27 24 31 28 26 25 30 19 32 42 0  13 48 
35 39 32 37 34 61 38 36 52 50 51 49 56 53 48 54 23 57 17 16 19 18 22 21 42 60 41 47 40 43 46 44 8  13 11 9  12 10 15 62 4  1  3  58 7  0  6  5  31 28 29 25 27 26 59 30 24 20 33 45 2  14 55 
34 35 38 32 39 33 37 61 48 52 56 54 55 49 50 53 19 20 16 22 21 57 17 23 41 45 44 60 43 46 40 42 11 10 12 13 8  9  62 14 5  58 4  2  6  7  0  3  28 25 59 31 26 30 24 27 29 18 36 47 1  15 51 
9  10 15 14 13 12 62 11 45 60 40 42 43 44 47 41 55 54 50 52 51 49 48 56 29 25 59 28 30 27 26 24 6  1  0  2  7  58 4  5  19 22 23 17 57 18 20 21 37 32 34 38 61 33 39 36 35 53 8  31 16 3  46 
10 13 14 62 9  11 15 8  60 47 46 44 40 41 45 42 56 49 48 50 55 53 52 51 24 28 29 31 26 30 27 59 7  2  6  58 0  1  3  4  23 16 21 22 18 20 57 19 38 37 35 32 36 61 34 33 39 54 12 25 17 5  43 
11 8  10 13 12 14 9  62 42 44 60 43 45 40 41 46 48 55 53 49 50 56 54 52 27 24 26 59 25 31 28 30 4  7  5  0  3  6  58 2  17 57 22 20 23 21 19 16 34 39 61 35 37 32 33 38 36 51 15 29 18 1  47 
15 14 12 11 62 9  8  10 40 46 41 60 44 47 43 45 49 52 55 51 54 50 56 53 25 26 31 27 59 24 29 28 1  5  58 4  2  3  7  6  57 21 18 23 16 17 22 20 36 61 38 33 35 34 37 39 32 48 13 30 19 0  42 
8  12 13 9  11 62 10 15 44 41 47 40 60 46 42 43 52 56 54 53 48 51 49 50 30 59 27 29 28 25 31 26 3  0  4  6  5  7  1  58 22 18 16 57 21 19 23 17 35 34 36 39 38 37 61 32 33 55 14 24 20 2  45 
62 15 8  12 14 13 11 9  43 40 44 45 42 60 46 47 54 48 51 56 53 52 55 49 31 30 28 26 24 29 59 25 58 3  2  5  1  4  6  0  20 23 57 19 22 16 17 18 61 33 37 36 34 39 32 35 38 50 10 27 21 7  41 
13 9  62 15 10 8  14 12 47 45 43 41 46 42 60 44 51 53 52 48 56 54 50 55 59 31 24 25 27 26 30 29 0  58 7  1  6  2  5  3  21 17 19 16 20 57 18 23 32 38 39 37 33 36 35 61 34 49 11 28 22 4  40 
14 62 11 8  15 10 12 13 46 43 42 47 41 45 40 60 53 50 56 55 49 48 51 54 28 27 25 30 29 59 24 31 2  4  1  3  58 5  0  7  18 19 20 21 17 22 16 57 33 36 32 61 39 35 38 34 37 52 9  26 23 6  44 
31 25 30 26 28 59 27 29 23 21 18 22 57 16 19 17 6  58 5  3  0  1  4  7  48 56 50 51 49 54 53 52 35 32 34 37 39 38 36 61 11 15 8  62 10 13 9  12 46 40 47 43 41 44 60 42 45 2  24 55 14 33 20 
27 30 24 59 26 28 29 31 57 18 16 23 22 21 20 19 58 4  0  7  2  3  6  1  55 49 51 53 52 48 50 56 38 33 37 61 32 36 35 34 9  8  10 11 15 14 62 13 41 44 46 42 47 60 40 45 43 5  25 54 12 39 17 
24 59 28 31 29 27 25 30 16 17 19 18 21 20 22 57 3  7  58 2  4  0  1  5  49 50 54 48 51 56 55 53 33 34 36 35 61 39 32 38 15 13 14 10 12 11 8  62 45 47 42 60 43 46 41 40 44 6  26 52 9  37 23 
59 29 31 25 24 30 28 26 17 22 23 20 19 57 16 18 5  0  1  58 3  6  2  4  53 48 49 52 55 51 56 54 61 35 33 39 36 34 37 32 14 9  62 13 11 8  12 15 60 45 44 47 40 43 42 46 41 7  27 50 10 38 21 
30 26 59 29 27 31 24 25 18 20 17 21 16 19 57 23 1  3  6  0  58 5  7  2  56 53 55 54 50 52 48 51 32 61 38 36 37 33 39 35 10 12 13 8  14 62 15 9  42 41 43 44 45 47 46 60 40 4  28 49 11 34 22 
28 31 27 30 25 24 26 59 19 23 57 17 20 22 21 16 0  2  3  4  7  58 5  6  50 55 52 56 54 53 49 48 34 38 39 32 35 37 61 33 12 62 11 14 9  10 13 8  40 43 60 46 44 42 45 41 47 1  29 51 15 36 18 
29 24 25 28 59 26 31 27 22 16 21 57 23 18 17 20 4  6  2  1  5  7  58 3  54 52 53 50 56 55 51 49 36 39 61 34 33 35 38 37 62 10 15 9  8  12 11 14 47 60 41 45 46 40 44 43 42 0  30 48 13 32 19 
26 27 29 24 30 25 59 28 20 57 22 19 17 23 18 21 2  5  7  6  1  4  0  58 51 54 56 49 48 50 52 55 37 36 32 33 38 61 34 39 13 11 9  12 62 15 14 10 44 42 40 41 60 45 43 47 46 3  31 53 8  35 16 
18 20 17 22 57 23 16 21 34 35 38 61 37 36 39 33 28 26 24 29 25 27 59 31 12 9  8  10 62 14 15 11 51 54 56 49 55 53 50 52 60 41 47 44 46 43 40 45 1  58 7  2  3  4  6  5  0  30 19 13 42 48 32 
16 17 19 23 22 57 21 18 37 38 36 34 61 35 32 39 26 59 25 31 30 29 28 27 13 62 10 15 11 12 8  9  53 48 49 52 54 50 51 56 40 47 46 60 41 42 44 43 3  4  1  5  7  6  58 0  2  24 20 14 45 55 33 
19 23 57 18 21 16 20 17 36 33 39 38 35 32 61 37 29 31 26 30 59 25 27 24 62 8  14 12 10 9  13 15 48 56 50 51 52 55 54 53 41 43 42 46 45 60 47 44 0  7  5  6  2  1  3  58 4  28 22 11 40 49 34 
23 21 18 20 19 17 57 22 33 61 34 32 39 37 36 38 24 25 27 26 29 28 30 59 15 12 62 11 13 10 9  14 52 51 48 55 50 56 49 54 42 40 44 43 60 47 45 41 6  0  4  7  58 2  5  1  3  31 16 8  46 53 35 
22 16 21 19 17 20 23 57 32 37 61 39 33 34 38 35 30 24 31 28 27 59 25 26 10 14 9  62 12 8  11 13 49 50 54 48 53 52 56 55 43 60 40 45 44 41 42 46 4  5  58 3  6  0  2  7  1  29 18 15 47 51 36 
20 57 22 16 18 21 17 19 35 39 32 36 38 33 34 61 31 27 59 24 28 30 29 25 11 10 12 13 15 62 14 8  55 49 51 53 56 54 48 50 47 42 45 41 43 40 46 60 2  1  0  58 5  3  7  4  6  26 23 9  44 52 37 
57 18 16 17 20 19 22 23 39 34 37 33 32 61 35 36 25 30 29 59 31 26 24 28 8  13 11 9  14 15 62 12 56 53 55 54 51 49 52 48 45 44 60 42 40 46 43 47 58 2  6  1  4  5  0  3  7  27 21 10 41 50 38 
21 19 20 57 23 22 18 16 61 36 35 37 34 38 33 32 59 28 30 27 24 31 26 29 14 11 15 8  9  13 10 62 50 55 52 56 48 51 53 49 44 46 41 40 47 45 60 42 7  6  3  0  1  58 4  2  5  25 17 12 43 54 39 
0  6  58 1  7  3  2  5  29 24 25 27 31 30 59 26 47 46 44 42 60 43 41 45 61 35 33 39 38 37 32 36 19 57 21 18 23 20 17 16 50 54 48 53 55 56 51 52 13 10 12 9  14 15 8  62 11 40 4  34 49 22 28 
58 1  3  5  2  0  4  6  25 28 26 24 30 59 31 29 43 42 47 60 46 44 45 40 35 32 34 37 33 36 61 39 57 16 20 17 18 22 23 19 55 52 56 48 49 53 54 51 62 14 9  15 11 12 13 8  10 41 7  38 50 21 27 
1  2  5  4  58 6  3  7  28 31 27 59 26 29 25 24 40 44 45 47 43 41 60 46 39 37 35 38 61 33 36 34 18 17 57 22 20 16 21 23 56 50 51 52 53 54 49 55 15 62 10 14 8  11 9  12 13 42 0  32 48 19 30 
7  0  2  58 6  4  1  3  59 29 31 26 28 27 24 30 60 40 42 41 45 46 44 47 33 34 36 35 37 32 38 61 21 20 23 57 19 18 16 22 52 53 50 49 51 55 56 48 10 9  8  13 15 62 11 14 12 43 5  39 54 17 25 
2  58 4  3  1  7  5  0  31 25 30 29 27 24 28 59 46 41 60 45 40 42 47 43 34 38 39 32 36 61 33 35 20 22 18 16 57 17 19 21 51 48 55 50 54 49 53 56 14 15 13 62 12 8  10 11 9  44 6  37 52 23 26 
3  5  0  6  4  58 7  1  26 27 29 28 59 31 30 25 44 60 43 46 42 47 40 41 32 61 38 36 34 39 35 37 16 19 22 23 17 21 18 57 49 51 53 56 50 48 52 54 8  11 15 12 10 9  62 13 14 45 2  33 55 20 24 
6  7  1  2  0  5  58 4  24 59 28 30 25 26 29 27 45 43 41 44 47 40 42 60 36 39 61 34 32 38 37 33 23 18 19 20 21 57 22 17 48 49 52 54 56 51 55 50 9  13 11 10 62 14 12 15 8  46 3  35 53 16 31 
4  3  7  0  5  2  6  58 30 26 59 25 24 28 27 31 42 45 46 40 41 60 43 44 38 33 37 61 39 35 34 32 22 21 17 19 16 23 57 20 54 56 49 55 52 50 48 53 11 12 62 8  9  13 14 10 15 47 1  36 51 18 29 
47 45 43 40 60 44 46 41 4  3  7  58 6  1  5  2  11 9  14 15 12 10 62 8  17 23 16 21 57 20 18 22 29 25 59 28 24 31 27 26 61 38 36 37 35 39 34 33 51 56 50 55 53 49 52 54 48 13 42 19 32 30 0  
42 44 60 47 41 46 45 43 1  2  5  7  3  0  58 6  15 8  9  13 62 12 10 14 57 16 20 17 21 23 19 18 30 59 27 29 26 24 25 31 38 39 32 35 33 61 36 37 48 50 54 52 55 51 53 56 49 11 40 22 34 28 4  
60 47 46 43 45 42 40 44 5  4  6  2  0  58 3  1  12 13 15 62 8  9  14 11 16 19 22 23 20 18 57 17 59 31 24 25 29 28 26 30 33 37 61 32 34 35 39 36 56 55 52 51 49 54 48 53 50 10 41 21 38 27 7  
40 46 41 42 43 45 44 60 0  6  58 5  2  4  7  3  13 14 8  11 10 62 12 9  21 20 23 57 17 16 22 19 28 27 25 30 31 26 59 24 39 61 34 33 37 38 32 35 49 54 56 53 52 48 55 50 51 15 47 18 36 29 1  
45 60 40 46 47 41 43 42 3  5  0  1  7  2  4  58 8  10 62 14 11 13 15 12 22 21 17 19 18 57 20 16 24 28 29 31 59 25 30 27 36 32 33 38 39 34 35 61 55 51 48 56 54 53 50 49 52 9  44 23 37 26 6  
44 41 47 45 42 43 60 40 2  58 4  0  5  6  1  7  14 12 10 9  15 11 13 62 18 17 57 22 19 21 23 20 26 29 30 24 27 59 28 25 32 34 37 39 61 36 33 38 52 48 49 50 56 55 54 51 53 8  46 16 35 31 3  
41 42 45 60 44 40 47 46 58 1  3  6  4  7  2  0  62 11 13 10 14 8  9  15 20 22 18 16 23 19 21 57 27 24 26 59 30 29 31 28 37 35 38 34 36 33 61 32 50 52 53 48 51 56 49 55 54 12 43 17 39 25 5  
46 43 42 44 40 60 41 47 6  7  1  4  58 3  0  5  9  62 12 8  13 15 11 10 19 57 21 18 22 17 16 23 31 30 28 26 25 27 29 59 34 36 35 61 38 32 37 39 53 49 51 54 50 52 56 48 55 14 45 20 33 24 2  
43 40 44 41 46 47 42 45 7  0  2  3  1  5  6  4  10 15 11 12 9  14 8  13 23 18 19 20 16 22 17 21 25 26 31 27 28 30 24 29 35 33 39 36 32 37 38 34 54 53 55 49 48 50 51 52 62 60 58 61 56 57 59 
12 11 9  10 8  15 13 14 41 42 45 46 47 43 44 40 50 51 49 54 52 55 53 48 26 29 30 24 31 28 25 27 5  6  3  7  4  0  2  1  16 20 17 18 19 23 21 22 39 35 33 34 32 38 36 37 56 62 60 57 61 59 58 
54 49 52 50 53 51 48 55 10 13 14 8  15 12 9  11 38 36 34 39 37 33 35 32 6  1  0  2  3  4  5  7  43 44 46 41 40 42 45 47 31 24 25 29 30 26 27 28 17 16 20 22 19 21 18 23 61 56 62 59 57 58 60 
25 28 26 27 31 29 30 24 21 19 20 16 18 17 23 22 7  1  4  5  6  2  3  0  52 51 48 55 53 49 54 50 39 37 35 38 34 32 33 36 8  14 12 15 13 9  10 11 43 46 45 40 42 41 47 44 58 59 57 62 60 56 61 
5  4  6  7  3  1  0  2  27 30 24 31 29 25 26 28 41 47 40 43 44 45 46 42 37 36 32 33 35 34 39 38 17 23 16 21 22 19 20 18 53 55 54 51 48 52 50 49 12 8  14 11 13 10 15 9  60 58 59 56 62 61 57 
17 22 23 21 16 18 19 20 38 32 33 35 36 39 37 34 27 29 28 25 26 24 31 30 9  15 13 14 8  11 12 10 54 52 53 50 49 48 55 51 46 45 43 47 42 44 41 40 5  3  2  4  0  7  1  6  59 57 61 60 58 62 56 
39 34 37 38 35 36 32 33 50 48 55 53 51 54 52 49 21 18 22 17 23 20 16 19 44 47 42 45 46 40 43 41 12 9  8  10 11 13 14 15 3  2  5  1  0  6  7  4  25 31 24 28 30 27 29 26 57 61 56 58 59 60 62 
