34 21 08 25 41 55 26 24 06 10 37 44 04 23 53 27 05 19 42 18 50 39 20 31 12 51 32 30 35 38 48 03 47 46 09 01 54 49 16 14 13 60 58 61 57 59 45 62 33 43 17 56 02 28 07 11 00 15 36 22 52 29 40 
62 33 20 45 24 15 40 25 49 46 29 05 43 54 26 61 18 36 17 51 38 19 57 11 52 31 44 34 37 56 04 00 06 47 02 55 59 42 13 12 60 23 08 30 50 07 48 09 22 10 32 16 58 03 27 41 14 28 01 35 21 53 39 
47 62 32 19 40 23 50 39 14 28 08 22 55 25 57 43 35 16 52 37 18 56 44 53 30 29 33 46 58 51 01 07 00 03 49 60 45 12 11 61 41 24 17 10 05 48 36 06 09 15 21 31 42 59 04 26 27 54 13 02 34 20 38 
07 00 62 31 18 39 35 51 43 45 21 49 24 56 22 23 42 53 46 17 58 29 09 44 28 32 06 59 52 08 41 01 04 48 61 40 16 10 57 15 50 38 34 54 02 13 11 27 14 25 47 20 30 36 60 05 55 19 26 12 03 33 37 
26 41 01 62 30 17 10 34 38 20 48 23 58 21 43 37 54 06 16 59 28 47 55 27 31 07 60 53 45 03 02 05 50 57 39 42 33 56 14 51 12 52 36 29 15 22 09 40 24 08 13 00 19 44 35 61 18 32 49 25 11 04 46 
39 25 15 02 62 44 47 09 16 50 43 59 20 22 46 53 07 42 60 27 00 49 28 30 41 61 54 40 04 14 08 51 56 38 36 32 35 13 52 11 21 33 55 26 03 37 58 19 45 57 23 12 01 18 29 34 31 05 17 48 24 10 06 
53 11 36 34 61 42 43 30 50 08 45 60 02 52 04 35 23 47 56 54 15 46 01 07 51 59 13 29 25 28 09 44 57 20 40 49 21 38 00 18 14 12 19 37 55 33 62 26 41 58 16 03 39 32 22 27 05 17 06 24 31 48 10 
25 54 10 35 33 57 62 22 36 40 61 03 53 05 34 11 00 58 55 14 06 02 46 52 60 12 28 24 27 49 29 56 19 39 48 20 18 01 17 13 32 44 43 41 47 51 37 45 59 26 15 42 04 38 31 21 16 50 08 07 23 30 09 
18 38 24 14 03 62 59 00 29 22 60 19 21 06 54 32 36 61 26 01 48 27 25 15 57 55 39 05 13 04 52 58 37 35 31 34 49 53 10 20 46 47 41 44 45 42 12 51 56 33 40 43 11 02 17 28 08 09 30 16 50 23 07 
04 27 06 53 37 56 58 29 15 36 62 12 39 31 02 25 52 57 03 21 17 20 49 22 59 33 14 48 34 32 40 60 55 01 10 38 11 28 05 54 18 51 47 45 42 41 26 43 61 19 00 44 46 13 24 35 23 16 50 30 07 09 08 
28 46 52 38 57 41 44 50 07 23 42 62 13 40 32 01 09 51 61 02 22 18 21 08 43 58 34 15 49 35 16 45 59 54 00 11 39 27 29 04 53 26 12 55 33 19 56 03 47 60 30 37 14 25 36 20 48 24 31 06 10 17 05 
37 51 39 61 07 06 48 27 20 02 24 16 62 14 45 33 13 10 50 60 01 43 19 54 05 23 56 35 41 55 34 17 08 58 53 47 12 57 28 44 03 00 40 22 36 52 30 29 31 09 38 15 26 42 21 59 32 49 46 11 18 25 04 
50 40 60 06 46 21 28 47 51 44 01 25 17 62 15 08 45 14 11 48 59 00 23 43 53 04 24 57 36 07 42 35 18 05 56 52 09 31 61 29 30 34 13 20 54 02 49 38 39 32 41 27 16 22 58 10 37 33 12 19 26 55 03 
45 59 46 37 22 50 09 35 01 39 30 00 26 18 62 41 14 08 15 12 49 58 47 21 23 52 03 25 61 42 53 16 36 19 04 57 51 55 32 60 44 05 10 24 06 31 29 48 07 40 28 17 43 56 11 33 13 38 20 27 54 34 02 
58 37 38 43 48 00 36 04 32 49 40 31 47 27 19 62 11 15 05 41 13 55 56 25 22 24 51 02 26 60 46 52 17 42 20 03 61 44 54 33 59 07 50 09 16 30 10 08 29 06 18 23 57 12 34 45 21 14 28 53 35 39 01 
38 39 23 49 47 33 03 06 31 05 55 45 32 09 28 20 48 12 41 04 07 14 54 10 26 43 25 50 01 27 17 37 51 18 16 21 02 11 30 53 34 62 60 57 59 58 42 56 19 44 24 61 13 35 08 46 29 22 52 36 40 15 00 
11 13 48 21 12 58 61 52 40 29 59 55 35 17 27 18 15 62 19 28 10 34 04 00 56 03 01 31 54 46 22 57 26 53 24 02 32 39 06 38 49 42 45 51 43 44 33 41 60 37 36 47 25 20 05 14 50 08 09 23 16 07 30 
14 49 22 13 56 45 51 16 30 07 44 58 54 36 18 28 08 41 62 20 29 11 35 50 47 57 02 00 32 53 23 43 61 27 52 25 01 34 40 46 39 19 33 03 37 55 60 12 42 59 09 26 21 04 15 38 10 48 24 17 06 05 31 
55 43 14 57 08 31 17 20 54 13 06 30 56 53 42 19 34 05 07 62 21 44 12 02 48 09 61 01 47 33 38 24 23 60 28 51 26 59 35 45 37 29 00 36 52 40 50 15 10 16 27 22 03 41 39 58 25 11 18 46 04 49 32 
23 15 61 05 32 53 21 44 45 41 14 46 31 57 52 16 47 35 04 06 62 22 30 42 01 49 10 60 00 09 51 39 25 24 59 29 50 48 58 36 08 20 27 13 34 38 18 54 28 11 43 02 07 40 56 17 19 26 37 03 55 12 33 
41 60 04 33 52 08 30 21 39 53 07 15 37 32 61 51 28 09 36 03 46 62 43 14 16 00 55 11 59 47 35 50 40 26 25 58 44 19 49 56 42 17 48 31 10 05 22 24 23 29 01 06 45 57 18 12 38 20 02 54 13 27 34 
59 03 34 51 05 40 22 18 04 25 52 06 41 38 33 60 49 29 10 42 02 37 62 32 15 17 47 54 12 58 11 36 48 45 27 26 56 43 20 55 57 50 30 23 09 16 31 07 00 24 46 08 61 19 13 44 01 39 53 14 28 21 35 
02 35 50 04 45 03 19 48 17 06 26 51 46 07 39 34 31 55 44 11 16 01 38 24 33 41 18 09 53 13 10 12 42 49 08 28 27 32 23 21 54 59 57 62 56 61 43 58 37 47 05 60 20 14 30 25 52 00 15 29 22 40 36 
49 02 05 01 19 59 56 36 52 00 57 37 28 48 38 46 29 60 33 53 31 13 18 40 62 26 35 06 20 11 15 61 12 14 17 54 04 21 24 34 25 45 44 47 51 43 55 42 58 03 22 41 32 27 10 39 30 07 23 08 09 50 16 
01 04 00 20 58 51 42 08 23 16 47 61 38 29 49 39 30 44 59 34 52 32 14 09 45 62 27 36 46 21 50 41 60 13 15 18 53 54 22 25 35 37 03 19 12 26 57 55 43 56 07 33 28 11 40 02 24 31 05 10 48 06 17 
03 47 21 56 50 24 05 38 27 54 17 09 60 39 44 55 02 31 30 58 35 51 33 20 10 08 62 28 42 37 13 48 07 59 14 41 19 61 53 43 26 40 52 15 22 36 16 00 06 23 34 29 12 45 01 57 04 25 11 49 46 32 18 
09 22 57 48 25 28 39 45 42 47 53 18 10 59 40 30 51 01 32 31 56 36 50 41 21 11 05 62 29 16 43 14 49 06 58 15 07 17 60 52 23 54 20 34 38 27 04 02 35 46 44 13 08 00 61 24 12 03 55 37 33 26 19 
43 61 49 26 29 16 08 53 28 01 09 52 19 11 58 45 21 50 00 33 32 57 42 35 07 22 12 04 62 44 39 23 15 55 46 56 41 03 18 59 51 31 06 48 17 24 40 10 30 36 14 05 47 60 25 37 54 13 38 34 27 02 20 
60 55 27 44 17 29 52 32 25 11 00 10 51 20 12 56 46 22 48 47 34 33 61 49 36 06 43 13 03 62 18 40 24 41 54 37 57 45 02 19 58 08 07 16 30 50 05 23 15 31 04 09 59 26 38 42 39 53 35 28 01 14 21 
54 28 30 18 44 26 33 05 48 24 12 47 11 50 21 13 06 37 43 49 09 35 34 17 55 42 46 23 14 02 31 19 45 25 07 53 38 04 08 01 20 57 61 60 62 56 51 59 03 41 10 58 27 39 16 32 36 40 29 00 15 52 22 
32 20 31 28 55 61 60 15 22 52 56 26 14 10 13 49 40 59 37 39 24 54 11 36 58 19 53 17 38 25 00 62 33 21 05 27 46 35 48 02 04 43 51 42 41 47 03 44 57 12 29 45 18 34 06 01 09 30 07 50 08 16 23 
21 32 29 54 60 43 41 23 09 30 51 57 27 15 11 14 50 45 58 38 40 25 53 16 42 56 20 52 18 39 07 47 62 34 22 04 28 02 36 49 01 55 37 12 26 03 59 33 44 61 08 19 35 46 00 13 06 10 48 05 17 31 24 
33 44 53 59 23 10 24 54 02 34 31 50 61 28 41 12 38 48 08 56 39 45 26 13 17 16 57 21 51 19 27 06 09 62 35 43 03 58 01 42 55 15 29 52 40 00 07 22 05 30 20 36 37 47 14 60 49 46 04 18 32 11 25 
30 52 58 24 11 01 53 41 47 43 35 32 48 60 29 07 44 39 49 05 57 40 08 51 14 18 17 61 22 50 45 28 46 10 62 36 23 06 56 00 16 13 02 27 20 54 25 34 21 04 42 38 09 15 59 31 03 55 19 33 12 37 26 
51 56 25 12 00 09 07 14 53 35 23 36 33 49 59 44 01 30 40 55 04 61 45 28 50 15 19 18 60 43 21 08 29 37 11 62 42 26 46 57 47 06 24 05 48 17 52 31 16 22 39 10 41 58 32 03 20 02 34 13 38 54 27 
57 26 13 47 10 52 15 46 18 32 36 24 42 34 55 58 25 00 31 45 54 03 60 04 29 48 41 20 19 59 49 22 05 44 38 12 62 51 27 37 61 30 16 08 23 09 06 50 40 17 11 07 56 33 02 43 35 21 14 39 53 01 28 
27 14 09 11 51 19 37 31 10 48 33 42 25 16 35 54 17 26 47 32 08 53 02 05 03 44 49 07 21 20 24 55 43 04 30 39 13 46 50 28 38 56 62 59 58 60 41 61 12 45 06 57 34 01 23 18 15 36 40 52 00 22 29 
16 36 59 17 49 35 14 42 41 51 28 04 05 58 00 50 43 21 25 10 61 52 07 47 39 46 48 56 15 30 44 53 11 31 60 22 08 24 62 40 09 02 54 38 27 20 32 13 01 18 45 34 23 29 57 06 26 37 33 55 19 03 12 
42 58 18 55 36 07 16 01 21 14 50 29 03 04 56 47 53 23 22 26 11 60 51 39 09 40 37 49 57 41 28 30 52 12 32 59 43 33 25 62 45 48 05 06 31 10 15 17 08 00 35 24 44 61 46 19 34 27 54 20 02 38 13 
56 19 54 42 06 22 00 49 11 18 15 48 44 02 03 57 04 52 24 43 27 12 59 46 40 10 45 38 55 61 32 29 31 51 13 33 58 41 34 26 62 09 23 50 07 08 17 16 36 05 25 30 60 37 20 47 53 35 21 01 39 28 14 
20 53 16 46 43 12 55 10 05 17 19 41 49 30 01 02 24 03 51 25 23 28 13 48 37 45 11 08 39 54 06 33 44 32 50 14 34 18 07 35 27 61 56 58 60 62 47 57 26 42 31 59 38 21 09 04 22 52 00 40 29 36 15 
40 24 55 09 34 32 46 62 56 57 04 54 08 33 10 29 59 49 13 07 03 06 15 61 11 27 23 26 48 00 58 18 38 50 19 17 22 16 12 31 52 21 01 53 28 35 02 39 25 20 60 14 36 05 37 30 51 44 42 45 41 43 47 
15 10 12 50 20 11 32 57 59 60 49 34 16 26 17 36 62 18 27 09 33 05 52 58 04 02 30 55 06 22 56 25 54 23 03 31 40 07 37 48 29 53 14 01 21 39 38 28 46 13 61 35 00 24 19 08 45 41 51 47 43 42 44 
36 48 03 08 02 18 49 58 60 56 46 27 50 37 06 40 61 32 54 30 12 17 00 62 25 34 07 19 10 52 57 11 13 16 55 05 29 23 33 24 22 35 28 39 14 53 20 01 04 38 59 21 15 31 26 09 41 51 44 43 45 47 42 
29 31 19 30 27 49 04 61 57 58 25 13 09 12 48 22 60 46 38 23 55 10 36 59 18 54 16 37 24 15 62 32 20 08 26 06 52 50 03 05 00 14 39 35 01 21 34 53 11 02 56 28 40 17 33 07 44 42 47 41 51 45 43 
52 17 37 23 13 04 11 60 62 61 18 20 07 55 31 00 57 25 02 50 26 24 29 56 49 38 08 12 05 40 59 46 34 30 33 48 15 09 19 06 36 01 35 14 53 28 54 21 32 27 58 39 22 10 03 16 47 43 45 44 42 51 41 
12 42 35 60 16 48 31 13 34 27 05 08 59 01 51 03 20 24 09 57 53 41 37 38 06 50 58 14 44 26 54 10 30 61 21 45 55 62 39 47 19 36 22 00 29 15 23 52 17 07 02 40 33 43 28 56 46 04 25 32 49 18 11 
22 05 26 07 54 46 25 59 58 62 11 38 30 03 24 52 56 04 20 16 19 48 40 60 32 13 50 33 31 36 61 49 02 09 37 10 00 08 55 17 15 28 53 21 39 14 27 35 18 34 57 01 29 06 12 23 42 47 43 51 44 41 45 
35 18 40 27 59 47 45 07 08 09 41 56 34 00 25 21 16 43 57 13 36 04 39 23 44 60 38 22 11 01 30 42 58 02 29 46 14 20 15 32 28 03 26 33 19 12 61 37 51 62 50 55 53 49 52 54 17 06 10 31 05 24 48 
19 45 28 58 09 05 06 02 13 38 10 07 57 35 47 26 27 17 23 61 14 42 03 34 24 30 59 39 43 12 20 31 16 56 01 44 37 60 21 41 33 22 15 40 00 29 08 36 48 50 54 52 55 51 53 62 11 18 32 04 25 46 49 
46 34 17 39 26 60 57 40 00 15 58 33 01 24 20 04 22 56 12 35 05 38 32 29 61 37 21 10 02 18 36 59 03 28 06 13 25 14 31 27 11 41 42 43 44 45 19 47 62 55 52 51 49 54 48 53 07 23 16 09 30 08 50 
00 06 33 16 38 25 18 56 61 59 32 02 23 19 05 15 58 11 34 08 37 31 22 57 46 20 09 03 17 29 60 04 27 07 12 24 36 30 26 10 40 39 21 28 35 01 13 14 49 54 62 53 52 48 55 50 43 45 41 42 47 44 51 
13 01 07 32 42 37 12 17 24 31 03 43 18 08 14 38 10 33 45 46 30 21 27 06 19 47 04 16 28 34 05 26 41 11 23 35 20 25 09 39 02 58 59 56 61 57 44 60 55 51 48 62 54 53 50 49 40 29 22 15 36 00 52 
61 12 02 41 31 36 29 11 46 04 22 17 45 13 37 59 32 40 06 44 20 26 58 18 00 05 42 27 33 57 25 15 10 43 34 19 60 47 38 03 56 16 09 07 08 23 24 30 52 48 49 50 62 55 54 51 28 01 39 21 14 35 53 
44 57 11 03 15 30 23 28 35 21 16 40 12 46 60 42 39 07 29 19 25 59 41 01 08 36 26 32 56 45 14 09 22 33 18 61 47 37 04 58 43 10 31 17 24 06 00 05 50 52 53 48 51 62 49 55 02 34 27 38 20 13 54 
08 29 56 10 04 14 01 43 44 42 39 11 06 61 36 09 41 28 18 24 60 15 16 45 35 25 31 58 40 23 47 21 32 17 57 00 30 05 59 22 07 27 38 02 13 34 46 20 53 49 51 54 50 52 62 48 33 12 03 26 37 19 55 
05 50 41 00 28 34 54 03 37 33 13 39 52 47 23 17 19 27 53 36 45 07 24 55 20 01 40 44 16 48 12 02 35 22 51 30 06 29 43 08 10 46 11 32 25 49 14 18 38 21 26 04 31 09 42 15 62 60 58 61 56 57 59 
48 07 47 29 35 38 02 37 55 19 34 14 40 51 09 24 12 20 28 52 42 08 06 33 54 21 00 45 30 17 26 13 01 36 43 50 31 15 44 23 05 18 46 25 49 11 53 04 27 39 03 32 10 16 41 22 56 62 60 57 61 59 58 
17 08 51 15 01 27 13 55 33 12 38 53 00 43 16 06 26 54 35 40 41 23 31 19 02 39 29 42 50 24 03 34 21 52 44 07 10 22 45 09 48 04 18 49 11 46 28 32 20 14 37 25 05 30 47 36 61 56 62 59 57 58 60 
31 16 45 52 14 02 27 12 26 37 54 01 22 42 07 05 55 34 39 15 43 30 48 03 38 28 36 51 23 10 33 20 53 29 41 09 17 40 47 50 06 49 25 18 04 32 21 11 13 35 19 46 24 08 44 00 58 59 57 62 60 56 61 
10 30 42 40 53 13 20 26 03 55 02 21 36 41 08 48 33 38 14 22 44 50 17 37 27 35 52 43 09 05 19 54 28 15 47 16 24 00 51 07 31 11 49 04 32 25 39 46 34 01 12 18 06 23 45 29 60 58 59 56 62 61 57 
06 09 44 36 39 54 38 19 12 03 20 35 15 45 50 10 37 13 21 29 51 16 05 26 34 53 22 47 08 31 55 27 14 00 42 23 48 52 41 30 24 25 32 46 18 04 01 49 02 28 33 11 17 07 43 40 59 57 61 60 58 62 56 
24 23 43 22 21 20 34 33 19 26 27 28 29 44 30 31 03 02 01 00 47 09 10 12 13 14 15 41 07 06 37 38 39 40 45 08 05 36 42 16 17 32 04 11 46 18 35 25 54 53 55 49 48 50 51 52 57 61 56 58 59 60 62 
