03 09 02 07 05 01 04 06 40 00 52 56 20 31 60 58 10 55 59 57 54 61 11 17 16 18 19 15 21 14 12 25 28 24 29 27 22 23 32 34 37 30 35 62 33 36 39 13 38 45 41 43 42 44 53 51 48 49 47 50 46 08 26 
00 02 06 04 07 03 05 09 43 01 47 61 16 30 59 57 60 58 10 55 56 54 14 11 19 15 20 21 18 17 29 26 24 23 27 12 25 28 62 32 31 37 33 34 36 35 44 39 45 41 38 42 40 13 50 53 52 08 48 51 49 46 22 
09 07 04 03 01 06 00 05 39 02 46 60 14 34 55 61 57 56 58 54 10 59 18 21 17 19 11 20 16 15 23 12 26 22 28 24 27 25 36 33 62 32 37 35 31 30 45 38 42 40 43 44 13 41 48 47 08 51 49 52 50 53 29 
01 06 09 05 04 00 07 02 42 03 48 54 19 37 10 55 59 57 60 58 61 56 17 14 20 21 16 18 15 11 27 22 23 28 12 29 26 24 34 62 30 31 36 32 35 33 13 44 41 38 45 40 43 39 51 50 47 46 52 53 08 49 25 
07 03 00 09 06 05 02 01 45 04 50 55 15 33 56 59 54 60 61 10 57 58 19 16 21 11 18 14 17 20 25 23 29 27 26 22 24 12 30 31 35 36 62 37 34 32 40 42 13 39 44 41 38 43 08 49 53 47 51 46 52 48 28 
04 00 01 02 09 07 06 03 41 05 51 58 21 36 61 10 56 59 54 60 55 57 20 19 18 14 15 17 11 16 26 28 27 12 22 25 23 29 37 30 33 35 34 31 32 62 43 40 39 44 13 38 45 42 46 08 50 48 53 49 47 52 24 
02 04 05 00 03 09 01 07 44 06 49 59 17 32 58 54 55 61 57 56 60 10 15 18 11 20 14 16 19 21 28 29 22 25 24 23 12 26 35 36 34 62 31 33 30 37 41 45 40 43 42 13 39 38 52 48 46 53 08 47 51 50 27 
05 01 03 06 02 04 09 00 38 07 53 57 18 35 54 60 61 10 56 59 58 55 16 20 15 17 21 11 14 19 22 24 12 29 25 26 28 27 31 37 36 33 32 30 62 34 42 43 44 13 39 45 41 40 49 46 51 52 50 08 48 47 23 
17 21 18 16 20 14 19 15 11 13 08 09 62 12 35 31 36 37 33 30 32 34 51 50 46 47 49 48 52 53 41 44 42 40 38 45 39 43 28 23 27 29 22 24 25 26 07 05 01 03 00 02 06 04 61 56 59 55 60 54 57 58 10 
06 05 07 01 00 02 03 04 09 12 11 13 10 62 57 56 58 54 55 61 59 60 21 15 14 16 17 19 20 18 24 27 25 26 23 28 29 22 33 35 32 34 30 36 37 31 38 41 43 42 40 39 44 45 47 52 49 50 46 48 53 51 08 
27 24 23 22 26 29 25 28 12 10 13 62 11 08 18 20 21 19 15 16 17 14 41 45 39 43 44 42 40 38 58 59 54 56 57 55 60 61 50 53 49 46 47 51 48 52 35 36 30 37 31 34 32 33 01 00 06 04 02 03 07 05 09 
32 36 35 30 31 34 37 33 62 08 12 10 09 11 07 00 05 03 04 01 06 02 24 28 29 22 27 25 26 23 51 49 48 52 53 50 46 47 15 18 17 14 16 21 19 20 57 58 61 54 56 60 59 55 43 40 44 45 39 42 38 41 13 
44 41 38 43 40 39 42 45 13 62 09 12 08 10 53 52 51 48 50 47 49 46 05 04 02 01 06 03 00 07 36 32 37 31 35 33 34 30 55 57 59 60 61 58 54 56 23 24 22 25 26 29 27 28 16 20 17 15 14 19 18 21 11 
59 58 57 61 56 60 54 55 10 11 62 08 13 09 38 40 41 42 45 43 44 39 36 33 34 30 32 37 31 35 21 17 19 20 18 15 14 16 04 07 06 02 01 05 03 00 53 51 47 48 52 46 49 50 22 26 27 28 29 25 23 24 12 
62 35 33 37 30 32 31 36 60 34 39 02 29 14 04 01 07 00 05 03 09 06 23 24 27 25 12 26 22 28 53 08 52 47 50 51 49 48 21 15 11 17 19 18 20 16 55 57 54 56 61 59 10 58 42 43 13 41 44 40 45 38 46 
35 37 31 62 32 36 34 30 55 33 45 04 28 15 00 06 03 02 01 09 07 05 25 22 24 12 23 29 27 26 48 53 46 49 52 47 51 08 16 20 18 21 11 19 14 17 56 54 10 60 59 58 57 61 13 44 38 43 41 39 40 42 50 
31 34 32 33 35 37 36 62 61 30 43 01 22 16 06 07 02 05 09 04 00 03 29 12 25 28 26 24 23 27 46 52 51 53 49 08 48 50 11 17 20 19 15 14 21 18 59 60 55 58 57 54 56 10 45 38 40 13 42 41 44 39 47 
34 33 36 31 37 62 30 35 59 32 44 06 27 17 05 03 04 01 07 00 02 09 28 23 12 26 29 22 25 24 50 46 47 48 51 53 08 52 18 21 14 11 20 15 16 19 58 55 56 61 54 10 60 57 40 42 39 38 13 43 41 45 49 
36 30 37 32 34 33 62 31 57 35 38 07 23 18 03 02 01 09 00 06 05 04 22 26 28 27 24 12 29 25 47 51 08 46 48 52 50 49 20 19 21 15 17 16 11 14 54 61 59 10 60 55 58 56 44 39 41 40 45 13 42 43 53 
30 32 62 36 33 31 35 34 54 37 42 03 25 19 09 04 06 07 02 05 01 00 27 29 26 24 22 23 28 12 49 47 53 50 08 46 52 51 14 11 16 20 21 17 18 15 10 59 58 57 55 56 61 60 41 45 43 39 40 38 13 44 48 
37 62 34 35 36 30 33 32 56 31 40 00 26 20 02 05 09 04 06 07 03 01 12 27 22 23 25 28 24 29 08 48 50 51 46 49 47 53 17 14 19 16 18 11 15 21 60 10 57 55 58 61 54 59 38 41 42 44 43 45 39 13 52 
33 31 30 34 62 35 32 37 58 36 41 05 24 21 01 09 00 06 03 02 04 07 26 25 23 29 28 27 12 22 52 50 49 08 47 48 53 46 19 16 15 18 14 20 17 11 61 56 60 59 10 57 55 54 39 13 45 42 38 44 43 40 51 
40 39 44 45 38 42 41 13 22 43 16 47 01 61 49 53 46 51 08 50 52 48 02 09 03 04 00 05 07 06 34 31 36 35 32 62 37 33 10 59 56 54 55 60 58 57 27 29 28 24 23 25 26 12 15 18 20 11 19 21 17 14 30 
41 43 42 44 39 45 13 40 23 38 18 53 07 57 48 46 47 08 52 49 51 50 01 00 04 06 05 09 02 03 30 36 62 34 37 31 33 32 56 54 58 55 59 61 10 60 25 22 27 12 29 28 24 26 17 14 21 20 15 11 19 16 35 
45 40 43 39 13 38 44 42 24 41 21 51 05 58 47 08 52 49 48 46 50 53 00 03 07 02 04 06 09 01 31 33 32 62 30 37 35 34 54 61 55 57 60 56 59 10 22 26 29 27 12 23 28 25 14 11 15 19 18 17 16 20 36 
43 44 13 41 45 40 38 39 25 42 19 48 03 54 08 50 49 53 46 51 47 52 06 02 00 05 01 07 04 09 32 30 35 33 62 34 31 36 60 10 61 56 58 59 57 55 12 27 24 23 28 26 22 29 21 15 16 14 20 18 11 17 37 
42 13 39 38 41 43 45 44 26 40 20 52 00 56 46 51 08 50 49 53 48 47 09 06 01 07 03 04 05 02 62 37 33 36 34 32 30 35 59 60 54 61 57 10 55 58 29 12 23 28 24 22 25 27 18 21 19 17 16 15 14 11 31 
39 45 41 40 42 13 43 38 27 44 17 49 06 59 51 48 50 47 53 52 46 08 04 07 09 00 02 01 03 05 33 34 30 37 36 35 62 31 57 58 60 10 56 55 61 54 24 28 26 22 25 12 29 23 20 19 14 18 11 16 21 15 32 
38 42 40 13 44 41 39 43 28 45 15 50 04 55 52 49 48 46 47 08 53 51 03 01 05 09 07 02 06 00 37 35 34 32 31 30 36 62 61 56 57 58 10 54 60 59 26 25 12 29 27 24 23 22 11 17 18 16 21 14 20 19 33 
13 38 45 42 43 44 40 41 29 39 14 46 02 60 50 47 53 52 51 48 08 49 07 05 06 03 09 00 01 04 35 62 31 30 33 36 32 37 58 55 10 59 54 57 56 61 28 23 25 26 22 27 12 24 19 16 11 21 17 20 15 18 34 
52 46 49 50 53 48 51 08 16 47 30 22 61 43 27 23 29 24 12 28 26 25 60 10 54 55 56 58 57 59 02 00 05 07 06 09 03 04 13 44 40 42 45 39 41 38 17 14 15 21 18 19 20 11 33 35 31 62 37 36 32 34 01 
48 08 46 53 51 47 50 49 20 52 31 26 56 40 29 24 12 28 27 23 25 22 10 59 61 57 54 55 58 60 09 03 04 05 02 06 01 07 44 39 42 43 38 13 45 41 14 11 18 15 21 16 19 17 35 36 37 32 30 33 34 62 00 
46 50 51 52 48 08 47 53 17 49 32 27 59 44 24 25 28 22 23 26 29 12 55 57 10 56 60 61 54 58 04 02 01 03 05 07 09 00 38 41 39 13 40 45 43 42 21 15 20 16 19 11 14 18 31 37 34 35 62 30 36 33 06 
53 48 52 08 49 51 46 47 15 50 33 28 55 45 26 27 25 29 22 12 23 24 54 61 58 10 57 60 59 56 03 07 02 06 00 01 05 09 43 40 38 41 13 42 39 44 20 19 11 14 17 21 18 16 62 32 35 30 36 34 31 37 04 
08 53 50 48 47 49 52 51 14 46 34 29 60 39 28 22 23 26 24 25 12 27 57 58 59 54 10 56 61 55 07 09 00 01 04 05 06 03 41 45 13 44 42 38 40 43 15 18 19 20 16 17 11 21 37 30 62 36 32 31 33 35 02 
51 47 48 49 46 50 08 52 18 53 35 23 57 38 25 29 22 12 26 27 24 28 61 56 55 59 58 10 60 54 01 05 09 02 03 00 04 06 40 42 41 45 44 43 13 39 19 16 17 11 14 15 21 20 32 34 36 31 33 62 37 30 07 
50 52 47 46 08 53 49 48 21 51 36 24 58 41 22 12 26 27 25 29 28 23 56 54 57 60 55 59 10 61 00 04 06 09 01 03 07 02 42 43 45 38 39 40 44 13 16 20 14 17 11 18 15 19 34 62 33 37 35 32 30 31 05 
47 49 08 51 50 52 53 46 19 48 37 25 54 42 12 28 27 23 29 24 22 26 59 60 56 58 61 57 55 10 06 01 07 04 09 02 00 05 39 13 43 40 41 44 38 45 11 17 21 18 15 20 16 14 36 33 30 34 31 35 62 32 03 
58 61 54 59 60 55 10 56 53 57 23 38 35 07 42 39 43 13 40 44 41 45 30 31 33 32 36 62 34 37 16 21 11 14 19 20 15 17 00 03 05 04 06 01 09 02 48 47 49 08 46 50 51 52 27 29 24 26 28 12 25 22 18 
10 57 55 54 61 59 56 58 46 60 29 39 34 02 45 43 38 40 41 42 13 44 35 36 32 37 62 31 30 33 18 11 20 16 15 21 17 19 05 04 09 06 03 07 00 01 50 53 48 52 47 49 08 51 25 22 12 24 27 26 28 23 14 
54 10 60 57 58 61 55 59 52 56 26 40 31 00 39 41 13 45 44 38 42 43 62 32 30 35 37 33 36 34 11 19 15 21 14 17 16 18 06 02 03 01 07 09 04 05 46 08 53 50 51 47 48 49 23 24 25 27 22 28 29 12 20 
55 56 61 60 10 57 59 54 51 58 24 41 36 05 43 13 40 44 42 39 45 38 31 37 35 34 33 32 62 30 20 15 17 11 16 19 18 14 03 01 04 07 02 00 06 09 47 52 46 49 08 53 50 48 29 12 28 25 23 27 22 26 21 
61 59 10 58 55 56 57 60 48 54 25 42 37 03 13 45 44 38 39 41 43 40 32 34 31 36 30 35 33 62 17 16 18 15 11 14 20 21 02 09 01 00 05 06 07 04 08 49 51 53 50 52 47 46 24 28 22 29 26 23 12 27 19 
56 60 59 55 57 54 58 10 47 61 22 43 30 01 44 38 39 41 13 45 40 42 34 62 37 33 31 36 35 32 14 20 21 18 17 11 19 15 09 06 00 03 04 02 05 07 49 46 50 51 53 48 52 08 28 23 26 12 25 24 27 29 16 
60 55 58 56 54 10 61 57 49 59 27 44 32 06 41 42 45 43 38 40 39 13 33 35 62 31 34 30 37 36 15 14 16 19 21 18 11 20 07 05 02 09 00 04 01 03 51 50 52 47 48 08 46 53 26 25 29 23 12 22 24 28 17 
57 54 56 10 59 58 60 61 50 55 28 45 33 04 40 44 42 39 43 13 38 41 37 30 36 62 35 34 32 31 19 18 14 17 20 16 21 11 01 00 07 05 09 03 02 06 52 48 08 46 49 51 53 47 12 27 23 22 24 29 26 25 15 
11 18 15 19 16 17 20 21 02 14 60 34 46 29 33 30 35 31 36 37 62 32 53 51 49 48 08 52 47 50 38 13 40 43 45 41 44 42 24 28 12 27 25 23 26 22 04 07 03 00 01 06 09 05 54 61 10 58 59 56 55 57 39 
20 14 17 15 18 19 21 11 01 16 61 30 47 22 32 35 34 36 62 33 31 37 46 08 48 50 52 51 53 49 39 40 41 38 44 13 42 45 12 27 26 25 28 29 24 23 06 02 04 05 07 03 00 09 55 57 56 10 54 58 59 60 43 
16 17 11 21 15 20 18 14 03 19 54 37 48 25 62 33 32 35 34 36 30 31 49 46 52 51 47 53 50 08 44 43 38 45 13 39 40 41 29 12 22 26 24 27 23 28 09 06 05 07 04 00 01 02 58 55 61 60 56 57 10 59 42 
14 15 21 20 19 11 16 18 06 17 59 32 49 27 36 37 33 30 35 31 34 62 50 53 08 52 46 47 48 51 45 39 43 42 41 38 13 40 23 24 29 12 26 28 22 25 05 04 00 01 03 09 02 07 56 54 60 57 10 61 58 55 44 
18 19 20 11 17 21 14 16 04 15 55 33 50 28 31 32 37 34 30 62 35 36 48 47 51 08 53 46 49 52 42 38 39 44 40 43 41 13 22 26 23 24 12 25 29 27 00 03 09 02 06 05 07 01 10 59 57 61 58 60 56 54 45 
15 20 16 14 11 18 17 19 05 21 58 36 51 24 30 62 31 32 37 34 33 35 52 48 53 46 50 49 08 47 40 45 44 13 43 42 38 39 25 22 28 23 29 26 27 12 01 00 02 06 09 07 04 03 60 10 55 54 57 59 61 56 41 
19 11 14 18 21 16 15 17 00 20 56 31 52 26 34 36 62 33 32 35 37 30 08 49 47 53 48 50 51 46 13 42 45 41 39 44 43 38 27 29 25 22 23 12 28 24 02 09 07 04 05 01 03 06 57 58 54 59 61 55 60 10 40 
21 16 19 17 14 15 11 20 07 18 57 35 53 23 37 34 30 62 31 32 36 33 47 52 50 49 51 08 46 48 43 41 13 39 42 40 45 44 26 25 24 28 27 22 12 29 03 01 06 09 02 04 05 00 59 60 58 56 55 10 54 61 38 
22 27 12 24 28 26 23 29 37 25 03 19 42 48 11 15 17 18 14 21 16 20 44 39 40 41 43 38 45 13 59 61 57 55 10 60 56 58 46 08 47 52 51 49 53 50 62 32 36 35 33 31 30 34 05 04 01 02 00 07 09 06 54 
23 25 26 12 27 24 29 22 33 28 04 15 45 50 20 17 19 14 16 11 18 21 42 43 41 13 38 39 44 40 54 57 60 59 56 61 58 10 47 52 53 51 08 48 46 49 31 37 62 34 32 36 35 30 09 06 07 01 05 02 00 03 55 
25 12 29 23 24 22 28 27 31 26 00 20 40 52 14 21 11 15 17 18 19 16 13 44 43 38 42 45 41 39 10 54 55 58 60 59 61 57 49 46 48 47 53 08 50 51 34 62 35 33 36 30 37 32 07 05 03 06 01 04 02 09 56 
24 22 25 27 29 28 12 26 35 23 07 18 38 53 19 14 16 11 20 17 21 15 43 40 45 44 41 13 39 42 61 58 10 60 54 56 55 59 52 48 51 50 49 47 08 46 37 30 32 62 34 33 36 31 06 02 05 00 04 09 03 01 57 
28 26 22 29 12 23 27 25 36 24 05 21 41 51 16 11 20 17 19 14 15 18 40 42 38 39 45 44 13 43 56 55 59 10 61 54 57 60 48 47 50 53 46 52 49 08 30 31 34 32 62 35 33 37 02 09 04 03 07 06 01 00 58 
29 28 24 26 25 12 22 23 32 27 06 17 44 49 21 19 15 16 18 20 14 11 45 38 13 40 39 43 42 41 55 60 61 54 58 57 10 56 53 51 46 08 52 50 47 48 36 33 31 30 37 62 34 35 00 03 02 07 09 01 05 04 59 
12 23 28 25 22 27 26 24 34 29 02 14 39 46 15 16 18 20 21 19 11 17 38 41 44 42 13 40 43 45 57 10 56 61 55 58 59 54 51 50 08 49 48 53 52 47 33 35 37 31 30 32 62 36 03 01 09 05 06 00 04 07 60 
26 29 27 28 23 25 24 12 30 22 01 16 43 47 17 18 14 21 11 15 20 19 39 13 42 45 40 41 38 44 60 56 58 57 59 10 54 55 08 49 52 48 50 46 51 53 32 34 33 36 35 37 31 62 04 07 00 09 03 05 06 02 61 
49 51 53 47 52 46 48 50 08 09 10 11 12 13 23 26 24 25 28 22 27 29 58 55 60 61 59 54 56 57 05 06 03 00 07 04 02 01 45 38 44 39 43 41 42 40 18 21 16 19 20 14 17 15 30 31 32 33 34 37 35 36 62 
