8  11 39 9  4  7  34 5  26 24 38 25 16 19 36 17 30 28 32 29 13 15 12 35 21 20 22 37 42 40 41 44 43 10 6  18 31 14 23 27 1  0  3  33 2
39 9  11 10 34 5  7  6  38 25 24 27 36 17 19 18 32 29 28 31 14 13 35 15 23 21 37 20 43 42 44 40 41 8  4  16 30 12 22 26 2  33 1  3  0
9  8  10 39 5  4  6  34 25 26 27 38 17 16 18 36 29 30 31 32 35 12 13 14 37 22 21 23 44 41 42 43 40 11 7  19 28 15 20 24 33 1  0  2  3
10 39 8  11 6  34 4  7  27 38 26 24 18 36 16 19 31 32 30 28 15 35 14 12 20 37 23 22 40 44 43 41 42 9  5  17 29 13 21 25 3  2  33 0  1
41 40 44 42 12 15 35 13 8  11 39 9  30 28 32 29 22 20 37 21 1  3  0  33 17 19 16 36 25 24 26 38 27 43 14 31 23 2  18 10 5  4  7  34 6
44 42 40 43 35 13 15 14 39 9  11 10 32 29 28 31 37 21 20 23 2  1  33 3  18 17 36 19 27 25 38 24 26 41 12 30 22 0  16 8  6  34 5  7  4
42 41 43 44 13 12 14 35 9  8  10 39 29 30 31 32 21 22 23 37 33 0  1  2  36 16 17 18 38 26 25 27 24 40 15 28 20 3  19 11 34 5  4  6  7
43 44 41 40 14 35 12 15 10 39 8  11 31 32 30 28 23 37 22 20 3  33 2  0  19 36 18 16 24 38 27 26 25 42 13 29 21 1  17 9  7  6  34 4  5
30 28 32 29 41 40 44 42 16 19 36 17 12 15 35 13 0  3  33 1  25 24 26 38 5  7  4  34 21 20 22 37 23 31 43 14 2  27 6  18 9  8  11 39 10
32 29 28 31 44 42 40 43 36 17 19 18 35 13 15 14 33 1  3  2  27 25 38 24 6  5  34 7  23 21 37 20 22 30 41 12 0  26 4  16 10 39 9  11 8
29 30 31 32 42 41 43 44 17 16 18 36 13 12 14 35 1  0  2  33 38 26 25 27 34 4  5  6  37 22 21 23 20 28 40 15 3  24 7  19 39 9  8  10 11
31 32 30 28 43 44 41 40 18 36 16 19 14 35 12 15 2  33 0  3  24 38 27 26 7  34 6  4  20 37 23 22 21 29 42 13 1  25 5  17 11 10 39 8  9
26 24 38 25 0  3  33 1  41 40 44 42 22 20 37 21 16 19 36 17 5  7  4  34 29 28 30 32 9  11 8  39 10 27 2  23 18 6  31 43 13 12 15 35 14
38 25 24 27 33 1  3  2  44 42 40 43 37 21 20 23 36 17 19 18 6  5  34 7  31 29 32 28 10 9  39 11 8  26 0  22 16 4  30 41 14 35 13 15 12
25 26 27 38 1  0  2  33 42 41 43 44 21 22 23 37 17 16 18 36 34 4  5  6  32 30 29 31 39 8  9  10 11 24 3  20 19 7  28 40 35 13 12 14 15
27 38 26 24 2  33 0  3  43 44 41 40 23 37 22 20 18 36 16 19 7  34 6  4  28 32 31 30 11 39 10 8  9  25 1  21 17 5  29 42 15 14 35 12 13
12 15 35 13 30 28 32 29 4  7  34 5  41 40 44 42 26 24 38 25 21 20 22 37 9  11 8  39 1  3  0  33 2  14 31 43 27 23 10 6  17 16 19 36 18
35 13 15 14 32 29 28 31 34 5  7  6  44 42 40 43 38 25 24 27 23 21 37 20 10 9  39 11 2  1  33 3  0  12 30 41 26 22 8  4  18 36 17 19 16
13 12 14 35 29 30 31 32 5  4  6  34 42 41 43 44 25 26 27 38 37 22 21 23 39 8  9  10 33 0  1  2  3  15 28 40 24 20 11 7  36 17 16 18 19
14 35 12 15 31 32 30 28 6  34 4  7  43 44 41 40 27 38 26 24 20 37 23 22 11 39 10 8  3  33 2  0  1  13 29 42 25 21 9  5  19 18 36 16 17
6  34 4  7  18 36 16 19 2  33 0  3  10 39 8  11 43 44 41 40 28 32 31 30 24 38 27 26 15 35 14 12 13 5  17 9  42 29 25 1  20 23 37 22 21
34 5  7  6  36 17 19 18 33 1  3  2  39 9  11 10 44 42 40 43 31 29 32 28 27 25 38 24 14 13 35 15 12 4  16 8  41 30 26 0  23 37 21 20 22
4  7  34 5  16 19 36 17 0  3  33 1  8  11 39 9  41 40 44 42 29 28 30 32 25 24 26 38 13 15 12 35 14 6  18 10 43 31 27 2  21 22 20 37 23
5  4  6  34 17 16 18 36 1  0  2  33 9  8  10 39 42 41 43 44 32 30 29 31 38 26 25 27 35 12 13 14 15 7  19 11 40 28 24 3  37 21 22 23 20
18 36 16 19 10 39 8  11 23 37 22 20 6  34 4  7  14 35 12 15 40 44 43 41 3  33 2  0  28 32 31 30 29 17 9  5  13 42 1  21 24 27 38 26 25
36 17 19 18 39 9  11 10 37 21 20 23 34 5  7  6  35 13 15 14 43 42 44 40 2  1  33 3  31 29 32 28 30 16 8  4  12 41 0  22 27 38 25 24 26
16 19 36 17 8  11 39 9  22 20 37 21 4  7  34 5  12 15 35 13 42 40 41 44 1  3  0  33 29 28 30 32 31 18 10 6  14 43 2  23 25 26 24 38 27
17 16 18 36 9  8  10 39 21 22 23 37 5  4  6  34 13 12 14 35 44 41 42 43 33 0  1  2  32 30 29 31 28 19 11 7  15 40 3  20 38 25 26 27 24
2  33 0  3  23 37 22 20 14 35 12 15 27 38 26 24 10 39 8  11 19 36 18 16 40 44 43 41 7  34 6  4  5  1  21 25 9  17 42 13 28 31 32 30 29
33 1  3  2  37 21 20 23 35 13 15 14 38 25 24 27 39 9  11 10 18 17 36 19 43 42 44 40 6  5  34 7  4  0  22 26 8  16 41 12 31 32 29 28 30
0  3  33 1  22 20 37 21 12 15 35 13 26 24 38 25 8  11 39 9  17 19 16 36 42 40 41 44 5  7  4  34 6  2  23 27 10 18 43 14 29 30 28 32 31
1  0  2  33 21 22 23 37 13 12 14 35 25 26 27 38 9  8  10 39 36 16 17 18 44 41 42 43 34 4  5  6  7  3  20 24 11 19 40 15 32 29 30 31 28
3  2  1  0  20 23 21 22 15 14 13 12 24 27 25 26 11 10 9  8  16 18 19 17 41 43 40 42 4  6  7  5  34 33 37 38 39 36 44 35 30 28 31 29 32
11 10 9  8  7  6  5  4  24 27 25 26 19 18 17 16 28 31 29 30 12 14 15 13 22 23 20 21 41 43 40 42 44 39 34 36 32 35 37 38 0  3  2  1  33
40 43 42 41 15 14 13 12 11 10 9  8  28 31 29 30 20 23 21 22 0  2  3  1  16 18 19 17 26 27 24 25 38 44 35 32 37 33 36 39 4  7  6  5  34
24 27 25 26 3  2  1  0  40 43 42 41 20 23 21 22 19 18 17 16 4  6  7  5  30 31 28 29 8  10 11 9  39 38 33 37 36 34 32 44 12 15 14 13 35
15 14 13 12 28 31 29 30 7  6  5  4  40 43 42 41 24 27 25 26 22 23 20 21 8  10 11 9  0  2  3  1  33 35 32 44 38 37 39 34 16 19 18 17 36
7  6  5  4  19 18 17 16 3  2  1  0  11 10 9  8  40 43 42 41 30 31 28 29 26 27 24 25 12 14 15 13 35 34 36 39 44 32 38 33 22 20 23 21 37
19 18 17 16 11 10 9  8  20 23 21 22 7  6  5  4  15 14 13 12 41 43 40 42 0  2  3  1  30 31 28 29 32 36 39 34 35 44 33 37 26 24 27 25 38
28 31 29 30 40 43 42 41 19 18 17 16 15 14 13 12 3  2  1  0  26 27 24 25 4  6  7  5  22 23 20 21 37 32 44 35 33 38 34 36 8  11 10 9  39
23 37 22 20 27 38 26 24 31 32 30 28 2  33 0  3  6  34 4  7  11 39 10 8  15 35 14 12 19 36 18 16 17 21 25 1  5  9  13 29 40 43 44 41 42
22 20 37 21 26 24 38 25 30 28 32 29 0  3  33 1  4  7  34 5  9  11 8  39 13 15 12 35 17 19 16 36 18 23 27 2  6  10 14 31 42 41 40 44 43
37 21 20 23 38 25 24 27 32 29 28 31 33 1  3  2  34 5  7  6  10 9  39 11 14 13 35 15 18 17 36 19 16 22 26 0  4  8  12 30 43 44 42 40 41
21 22 23 37 25 26 27 38 29 30 31 32 1  0  2  33 5  4  6  34 39 8  9  10 35 12 13 14 36 16 17 18 19 20 24 3  7  11 15 28 44 42 41 43 40
20 23 21 22 24 27 25 26 28 31 29 30 3  2  1  0  7  6  5  4  8  10 11 9  12 14 15 13 16 18 19 17 36 37 38 33 34 39 35 32 41 40 43 42 44
