3  40 2  7  5  1  4  6  30 31 29 28 35 34 33 32 38 39 36 37 11 10 8  9  15 14 12 13 19 18 17 16 23 22 20 21 26 27 24 25 0  43 44 41 42 
0  2  6  4  7  3  5  40 35 34 33 32 10 11 8  9  44 43 41 42 31 30 29 28 27 26 25 24 15 14 12 13 38 39 37 36 18 19 16 17 1  22 23 21 20 
40 7  4  3  1  6  0  5  18 19 17 16 14 15 12 13 34 35 33 32 27 26 25 24 38 39 36 37 23 22 21 20 31 30 28 29 43 44 42 41 2  10 11 8  9  
1  6  40 5  4  0  7  2  10 11 8  9  30 31 29 28 23 22 21 20 34 35 33 32 19 18 17 16 27 26 25 24 44 43 42 41 14 15 13 12 3  39 38 36 37 
7  3  0  40 6  5  2  1  22 23 21 20 39 38 36 37 15 14 12 13 44 43 41 42 34 35 33 32 31 30 29 28 19 18 16 17 10 11 9  8  4  26 27 25 24 
4  0  1  2  40 7  6  3  39 38 36 37 43 44 41 42 27 26 25 24 23 22 21 20 11 10 8  9  34 35 33 32 15 14 13 12 30 31 28 29 5  18 19 17 16 
2  4  5  0  3  40 1  7  14 15 12 13 26 27 25 24 11 10 8  9  19 18 17 16 44 43 41 42 38 39 36 37 34 35 32 33 22 23 20 21 6  30 31 29 28 
5  1  3  6  2  4  40 0  43 44 41 42 22 23 21 20 19 18 17 16 38 39 36 37 31 30 29 28 11 10 8  9  27 26 24 25 35 34 32 33 7  14 15 12 13 
9  24 16 42 37 32 20 13 17 5  19 18 12 7  15 14 40 33 34 35 4  25 27 26 3  36 38 39 1  21 23 22 6  29 30 31 41 0  43 44 28 8  2  11 10 
10 26 18 43 39 35 22 14 19 16 5  17 15 13 7  12 32 34 40 33 24 27 4  25 37 38 3  36 20 23 1  21 28 31 29 6  44 42 41 0  30 11 9  2  8  
11 27 19 44 38 34 23 15 16 17 18 5  13 12 14 7  33 32 35 40 25 24 26 4  36 37 39 3  21 20 22 1  29 28 6  30 42 41 0  43 31 9  8  10 2  
8  25 17 41 36 33 21 12 5  18 16 19 7  14 13 15 35 40 32 34 26 4  24 27 39 3  37 38 22 1  20 23 30 6  31 28 0  43 44 42 29 2  10 9  11 
13 37 42 32 28 16 9  20 41 0  44 43 21 1  23 22 5  17 19 18 3  36 38 39 6  29 31 30 2  8  11 10 4  25 26 27 33 40 35 34 24 12 7  15 14 
14 39 43 35 30 18 10 22 44 42 0  41 23 20 1  21 16 19 5  17 37 38 3  36 28 31 6  29 9  11 2  8  24 27 25 4  34 32 33 40 26 15 13 7  12 
15 38 44 34 31 19 11 23 42 41 43 0  20 21 22 1  17 16 18 5  36 37 39 3  29 28 30 6  8  9  10 2  25 24 4  26 32 33 40 35 27 13 12 14 7  
12 36 41 33 29 17 8  21 0  43 42 44 1  22 20 23 18 5  16 19 39 3  37 38 30 6  28 31 10 2  9  11 26 4  27 24 40 35 34 32 25 7  14 13 15 
18 22 39 30 10 26 35 43 38 37 3  36 44 42 0  41 24 27 4  25 20 23 1  21 9  11 2  8  32 34 40 33 13 15 12 7  31 28 29 6  14 19 16 5  17 
16 20 37 28 9  24 32 42 36 3  38 39 41 0  44 43 4  25 27 26 1  21 23 22 2  8  11 10 40 33 34 35 7  12 14 15 29 6  30 31 13 17 5  19 18 
19 23 38 31 11 27 34 44 37 36 39 3  42 41 43 0  25 24 26 4  21 20 22 1  8  9  10 2  33 32 35 40 12 13 7  14 28 29 6  30 15 16 17 18 5  
17 21 36 29 8  25 33 41 3  39 37 38 0  43 42 44 26 4  24 27 22 1  20 23 10 2  9  11 35 40 32 34 14 7  15 13 6  30 31 28 12 5  18 16 19 
22 30 35 18 26 43 14 10 34 32 40 33 11 9  2  8  42 44 0  41 28 31 6  29 24 27 4  25 13 15 7  12 37 38 36 3  19 16 17 5  39 23 20 1  21 
20 28 32 16 24 42 13 9  33 40 34 35 8  2  11 10 0  41 44 43 6  29 31 30 4  25 27 26 7  12 15 14 3  36 39 38 17 5  18 19 37 21 1  23 22 
23 31 34 19 27 44 15 11 32 33 35 40 9  8  10 2  41 42 43 0  29 28 30 6  25 24 26 4  12 13 14 7  36 37 3  39 16 17 5  18 38 20 21 22 1  
21 29 33 17 25 41 12 8  40 35 32 34 2  10 9  11 43 0  42 44 30 6  28 31 26 4  24 27 14 7  13 15 39 3  38 37 5  18 19 16 36 1  22 20 23 
26 43 22 10 35 14 30 39 23 20 1  21 38 37 3  36 13 15 7  12 42 44 0  41 32 34 40 33 28 31 6  29 16 19 17 5  11 9  8  2  18 27 24 4  25 
24 42 20 9  32 13 28 37 21 1  23 22 36 3  38 39 7  12 15 14 0  41 44 43 40 33 34 35 6  29 31 30 5  17 18 19 8  2  10 11 16 25 4  27 26 
27 44 23 11 34 15 31 38 20 21 22 1  37 36 39 3  12 13 14 7  41 42 43 0  33 32 35 40 29 28 30 6  17 16 5  18 9  8  2  10 19 24 25 26 4  
25 41 21 8  33 12 29 36 1  22 20 23 3  39 37 38 14 7  13 15 43 0  42 44 35 40 32 34 30 6  28 31 18 5  19 16 2  10 11 9  17 4  26 24 27 
30 18 14 22 43 10 39 26 15 13 7  12 27 24 4  25 9  11 2  8  16 19 5  17 42 44 0  41 37 38 3  36 32 34 33 40 23 20 21 1  35 31 28 6  29 
28 16 13 20 42 9  37 24 12 7  15 14 25 4  27 26 2  8  11 10 5  17 19 18 0  41 44 43 3  36 38 39 40 33 35 34 21 1  22 23 32 29 6  31 30 
31 19 15 23 44 11 38 27 13 12 14 7  24 25 26 4  8  9  10 2  17 16 18 5  41 42 43 0  36 37 39 3  33 32 40 35 20 21 1  22 34 28 29 30 6  
29 17 12 21 41 8  36 25 7  14 13 15 4  26 24 27 10 2  9  11 18 5  16 19 43 0  42 44 39 3  37 38 35 40 34 32 1  22 23 20 33 6  30 28 31 
35 14 26 39 22 30 43 18 27 24 4  25 19 16 5  17 28 31 6  29 13 15 7  12 20 23 1  21 42 44 0  41 9  11 8  2  38 37 36 3  10 34 32 40 33 
32 13 24 37 20 28 42 16 25 4  27 26 17 5  19 18 6  29 31 30 7  12 15 14 1  21 23 22 0  41 44 43 2  8  10 11 36 3  39 38 9  33 40 34 35 
33 12 25 36 21 29 41 17 4  26 24 27 5  18 16 19 30 6  28 31 14 7  13 15 22 1  20 23 43 0  42 44 10 2  11 9  3  39 38 37 8  40 35 32 34 
34 15 27 38 23 31 44 19 24 25 26 4  16 17 18 5  29 28 30 6  12 13 14 7  21 20 22 1  41 42 43 0  8  9  2  10 37 36 3  39 11 32 33 35 40 
37 32 9  13 16 20 24 28 8  2  11 10 29 6  31 30 1  21 23 22 40 33 34 35 5  17 19 18 4  25 27 26 0  41 43 44 12 7  14 15 42 36 3  38 39 
39 35 10 14 18 22 26 30 11 9  2  8  31 28 6  29 20 23 1  21 32 34 40 33 16 19 5  17 24 27 4  25 42 44 41 0  15 13 12 7  43 38 37 3  36 
36 33 8  12 17 21 25 29 2  10 9  11 6  30 28 31 22 1  20 23 35 40 32 34 18 5  16 19 26 4  24 27 43 0  44 42 7  14 15 13 41 3  39 37 38 
38 34 11 15 19 23 27 31 9  8  10 2  28 29 30 6  21 20 22 1  33 32 35 40 17 16 18 5  25 24 26 4  41 42 0  43 13 12 7  14 44 37 36 39 3  
6  5  7  1  0  2  3  4  26 27 25 24 18 19 17 16 31 30 29 28 15 14 12 13 23 22 21 20 44 43 41 42 11 10 9  8  39 38 37 36 40 35 34 33 32 
42 9  28 24 13 37 16 32 29 6  31 30 33 40 34 35 3  36 38 39 2  8  11 10 7  12 15 14 5  17 19 18 1  21 22 23 25 4  26 27 20 41 0  44 43 
43 10 30 26 14 39 18 35 31 28 6  29 34 32 40 33 37 38 3  36 9  11 2  8  13 15 7  12 16 19 5  17 20 23 21 1  27 24 25 4  22 44 42 0  41 
44 11 31 27 15 38 19 34 28 29 30 6  32 33 35 40 36 37 39 3  8  9  10 2  12 13 14 7  17 16 18 5  21 20 1  22 24 25 4  26 23 42 41 43 0  
41 8  29 25 12 36 17 33 6  30 28 31 40 35 32 34 39 3  37 38 10 2  9  11 14 7  13 15 18 5  16 19 22 1  23 20 4  26 27 24 21 0  43 42 44 
