3  40 2  7  5  1  4  6  42 31 30 27 25 28 24 26 33 37 39 44 36 35 32 38 8  14 9  13 15 43 12 11 21 17 19 41 16 23 20 18 0  34 10 29 22 
0  2  6  4  7  3  5  40 27 42 24 31 28 26 29 25 35 36 37 38 39 32 33 34 14 13 10 8  11 15 9  43 18 23 21 16 20 22 41 19 1  44 12 30 17 
40 7  4  3  1  6  0  5  24 30 25 29 31 42 28 27 36 38 44 35 34 39 37 32 43 15 14 11 9  12 8  10 17 41 22 21 18 16 19 23 2  33 13 26 20 
1  6  40 5  4  0  7  2  31 27 29 42 26 25 30 28 32 39 36 34 37 33 35 44 13 8  12 14 43 11 10 15 19 22 18 20 41 17 16 21 3  38 9  24 23 
7  3  0  40 6  5  2  1  28 25 31 26 30 24 42 29 34 32 35 39 33 44 38 37 12 9  15 10 14 8  43 13 41 21 20 17 23 18 22 16 4  36 11 27 19 
4  0  1  2  40 7  6  3  26 28 42 25 24 29 27 30 44 33 32 37 35 38 34 36 9  10 11 12 13 14 15 8  16 18 41 23 22 19 17 20 5  39 43 31 21 
2  4  5  0  3  40 1  7  29 24 28 30 42 27 26 31 39 34 38 32 44 37 36 33 15 11 13 43 10 9  14 12 23 16 17 18 19 20 21 22 6  35 8  25 41 
5  1  3  6  2  4  40 0  25 26 27 28 29 30 31 24 38 35 33 36 32 34 44 39 10 12 43 9  8  13 11 14 20 19 16 22 17 21 23 41 7  37 15 42 18 
22 20 41 19 18 23 21 16 10 9  14 12 15 11 13 43 3  6  2  4  40 0  1  5  38 34 36 44 33 32 37 35 42 24 31 28 26 29 25 27 17 7  39 8  30 
21 17 23 41 20 19 16 22 43 11 10 15 13 8  12 14 4  3  1  6  0  5  7  40 36 39 35 37 44 34 33 38 26 27 28 29 30 31 24 25 18 2  32 9  42 
18 23 22 16 41 21 20 17 15 43 12 11 8  14 9  13 5  0  3  40 1  7  4  2  39 37 32 36 38 44 35 34 25 31 26 30 24 42 29 28 19 6  33 10 27 
16 18 19 23 17 41 22 21 14 8  43 13 12 9  15 10 6  4  7  3  5  40 2  0  35 32 38 33 37 39 44 36 30 25 29 31 42 28 27 24 20 1  34 11 26 
19 22 17 20 16 18 41 23 11 15 9  43 14 13 10 8  7  1  0  2  3  4  5  6  37 36 33 39 34 38 32 44 28 42 25 24 29 27 30 26 21 40 35 12 31 
23 16 20 18 21 17 19 41 9  12 8  10 43 15 14 11 1  2  40 7  6  3  0  4  44 38 37 34 32 35 39 33 31 30 27 25 28 24 26 42 22 5  36 13 29 
17 41 16 21 19 22 18 20 12 10 13 9  11 43 8  15 0  40 6  5  2  1  3  7  34 44 39 38 35 33 36 32 27 29 42 26 25 30 28 31 23 4  37 14 24 
41 21 18 17 22 20 23 19 8  13 11 14 10 12 43 9  2  7  5  1  4  6  40 3  33 35 44 32 39 36 34 37 29 26 24 27 31 25 42 30 16 0  38 15 28 
42 24 29 28 25 31 26 30 39 36 34 37 33 35 44 32 18 17 22 20 23 19 21 41 2  6  1  40 5  4  0  7  11 10 15 13 8  12 14 43 27 16 3  38 9  
25 31 42 30 29 26 24 27 33 32 37 35 38 34 36 44 41 19 18 23 21 16 20 22 3  0  4  1  2  40 7  6  14 15 8  9  10 11 12 13 28 17 5  39 43 
24 28 26 42 31 30 27 25 44 34 33 38 36 39 35 37 23 41 20 19 16 22 17 21 4  5  6  7  1  0  2  3  10 13 9  11 43 8  15 12 29 18 40 32 14 
29 26 25 27 42 24 31 28 38 44 35 34 39 37 32 36 22 16 41 21 20 17 23 18 5  7  40 4  3  1  6  0  12 8  10 43 15 14 11 9  30 19 2  33 13 
27 29 30 26 28 42 25 24 37 39 44 36 35 32 38 33 19 23 17 41 22 21 18 16 6  40 3  2  7  5  1  4  43 12 11 8  14 9  13 15 31 20 0  34 10 
30 25 28 31 27 29 42 26 34 38 32 44 37 36 33 39 17 20 16 18 41 23 22 19 7  4  2  5  0  3  40 1  9  14 12 15 11 13 43 10 24 21 6  35 8  
26 27 31 29 24 28 30 42 32 35 39 33 44 38 37 34 20 18 21 17 19 41 16 23 1  3  7  0  40 6  5  2  8  43 13 12 9  15 10 14 25 22 4  36 11 
28 42 27 24 30 25 29 31 35 33 36 32 34 44 39 38 16 21 19 22 18 20 41 17 0  1  5  3  6  2  4  40 13 11 14 10 12 43 9  8  26 23 7  37 15 
36 34 44 33 32 37 35 38 20 16 18 41 23 22 19 17 13 15 43 12 11 8  14 9  26 25 30 28 31 27 29 42 2  4  40 0  1  5  3  6  39 10 24 21 7  
38 32 33 37 39 44 36 35 18 21 17 19 41 16 23 20 15 12 10 13 9  11 43 8  42 27 26 31 29 24 28 30 7  3  5  40 2  0  6  4  34 14 25 22 1  
44 35 32 39 36 34 37 33 21 19 22 18 20 41 17 16 43 10 9  14 12 15 11 13 31 42 28 27 24 30 25 29 5  1  4  6  40 3  2  7  38 8  26 23 0  
35 39 37 44 34 33 38 36 17 22 20 23 19 21 41 18 12 13 14 15 8  9  10 11 30 24 42 29 28 25 31 26 1  6  0  5  7  40 4  3  32 43 27 16 2  
34 33 35 36 37 38 39 32 19 18 23 21 16 20 22 41 11 9  12 8  10 43 15 14 27 31 25 42 30 29 26 24 4  0  7  2  6  1  40 5  44 13 28 17 3  
39 44 38 35 33 36 32 34 41 20 19 16 22 17 21 23 8  11 15 9  43 14 13 10 25 28 24 26 42 31 30 27 6  5  2  1  3  7  0  40 37 12 29 18 4  
37 38 34 32 35 39 33 44 16 41 21 20 17 23 18 22 14 43 11 10 15 13 8  12 28 26 29 25 27 42 24 31 40 7  6  3  0  4  1  2  36 9  30 19 5  
32 37 36 38 44 35 34 39 23 17 41 22 21 18 16 19 9  8  13 11 14 10 12 43 24 29 27 30 26 28 42 25 3  40 1  7  4  2  5  0  33 15 31 20 6  
12 8  14 43 11 10 15 13 40 6  5  2  1  3  7  0  30 26 28 42 25 24 29 27 20 41 17 16 21 19 22 18 34 33 38 36 39 35 37 44 9  31 23 4  32 
9  14 13 15 43 12 11 8  2  40 7  6  3  0  4  1  24 25 26 27 28 29 30 31 41 16 23 20 18 21 17 19 44 35 34 39 37 32 36 38 10 42 22 5  33 
15 9  10 14 8  43 13 12 0  3  40 1  7  4  2  5  42 30 29 26 24 27 31 25 17 23 18 22 16 41 21 20 39 44 36 35 32 38 33 37 11 28 19 6  34 
10 13 8  11 15 9  43 14 6  2  4  40 0  1  5  3  29 28 25 31 26 30 24 42 16 20 22 41 19 18 23 21 38 32 44 37 36 33 39 34 12 27 17 7  35 
14 15 11 9  12 8  10 43 4  7  3  5  40 2  0  6  28 31 27 29 42 26 25 30 21 18 16 19 23 17 41 22 35 39 33 44 38 37 34 32 13 24 20 1  36 
8  43 15 12 10 13 9  11 7  5  1  4  6  40 3  2  25 27 42 24 31 28 26 29 19 21 41 18 17 22 20 23 33 36 32 34 44 39 38 35 14 30 16 0  37 
43 12 9  8  13 11 14 10 3  1  6  0  5  7  40 4  31 29 24 28 30 42 27 26 22 17 21 23 41 20 19 16 36 34 37 33 35 44 32 39 15 25 18 2  38 
13 11 43 10 9  14 12 15 5  4  0  7  2  6  1  40 26 42 31 30 27 25 28 24 18 19 20 21 22 23 16 17 32 37 35 38 34 36 44 33 8  29 41 3  39 
6  5  7  1  0  2  3  4  30 29 26 24 27 31 25 42 37 44 34 33 38 36 39 35 11 43 8  15 12 10 13 9  22 20 23 19 21 41 18 17 40 32 14 28 16 
31 30 24 25 26 27 28 29 36 37 38 39 32 33 34 35 21 22 23 16 17 18 19 20 40 2  0  6  4  7  3  5  15 9  43 14 13 10 8  11 42 41 1  44 12 
33 36 39 34 38 32 44 37 22 23 16 17 18 19 20 21 10 14 8  43 13 12 9  15 29 30 31 24 25 26 27 28 0  2  3  4  5  6  7  1  35 11 42 41 40 
20 19 21 22 23 16 17 18 13 14 15 8  9  10 11 12 40 5  4  0  7  2  6  1  32 33 34 35 36 37 38 39 24 28 30 42 27 26 31 29 41 3  44 43 25 
11 10 12 13 14 15 8  9  1  0  2  3  4  5  6  7  27 24 30 25 29 31 42 28 23 22 19 17 20 16 18 41 37 38 39 32 33 34 35 36 43 26 21 40 44 
