3  44 2  7  5  1  4  6  26 29 25 27 43 24 31 28 35 39 33 40 38 37 34 32 13 15 41 12 11 8  14 9  19 23 17 42 22 21 18 16 20 30 36 10 0  
0  2  6  4  7  3  5  44 29 27 30 26 28 43 25 24 38 32 40 37 36 33 39 34 14 41 11 10 15 13 8  12 22 16 42 21 20 17 23 18 19 31 35 9  1  
44 7  4  3  1  6  0  5  24 43 29 28 25 31 26 30 33 36 32 34 40 39 38 35 10 14 8  41 13 12 9  15 17 20 16 18 42 23 22 19 21 27 37 11 2  
1  6  44 5  4  0  7  2  27 26 31 29 24 28 30 43 36 34 37 33 35 40 32 39 8  11 15 9  41 14 13 10 20 18 21 17 19 42 16 23 22 25 38 12 3  
7  3  0  44 6  5  2  1  31 25 43 30 29 26 24 27 32 37 35 38 34 36 40 33 11 9  12 8  10 41 15 14 16 21 19 22 18 20 42 17 23 28 39 13 4  
4  0  1  2  44 7  6  3  25 30 28 31 27 29 43 26 34 33 38 36 39 35 37 40 15 12 10 13 9  11 41 8  18 17 22 20 23 19 21 42 16 24 32 14 5  
2  4  5  0  3  44 1  7  43 28 27 24 30 25 29 31 40 35 34 39 37 32 36 38 9  8  13 11 14 10 12 41 42 19 18 23 21 16 20 22 17 26 33 15 6  
5  1  3  6  2  4  44 0  30 31 24 25 26 27 28 29 39 40 36 35 32 38 33 37 41 10 9  14 12 15 11 13 23 42 20 19 16 22 17 21 18 43 34 8  7  
20 21 17 23 18 22 16 42 10 9  14 12 15 11 13 41 4  44 0  1  5  3  6  2  37 35 38 34 36 40 33 32 43 26 25 30 28 31 27 29 24 8  7  39 19 
42 18 23 22 19 17 20 16 41 11 10 15 13 8  12 14 3  5  44 2  0  6  4  7  34 37 33 35 40 32 39 36 31 28 26 29 25 27 43 24 30 9  1  38 21 
17 16 18 19 20 21 22 23 15 41 12 11 8  14 9  13 1  4  6  44 3  2  7  5  32 40 37 36 33 39 34 38 30 43 27 26 31 29 24 28 25 10 0  35 42 
16 19 22 17 21 23 42 20 14 8  41 13 12 9  15 10 6  0  5  7  44 4  3  1  35 34 39 37 32 36 38 40 27 25 28 24 26 43 31 30 29 11 2  33 18 
21 23 16 20 22 42 19 18 11 15 9  41 14 13 10 8  0  7  2  6  1  44 5  4  39 33 40 38 37 34 32 35 25 24 29 27 30 26 28 43 31 12 3  36 17 
19 17 42 16 23 20 18 21 9  12 8  10 41 15 14 11 5  2  1  3  7  0  44 6  33 38 36 39 35 37 40 34 28 29 30 31 24 25 26 27 43 13 4  32 22 
22 42 21 18 16 19 23 17 12 10 13 9  11 41 8  15 7  6  3  0  4  1  2  44 40 36 35 32 38 33 37 39 24 27 31 25 43 30 29 26 28 14 5  34 20 
18 22 20 42 17 16 21 19 8  13 11 14 10 12 41 9  44 1  7  4  2  5  0  3  38 39 32 33 34 35 36 37 26 30 24 43 29 28 25 31 27 15 6  40 23 
25 29 27 43 24 31 28 26 39 32 33 34 35 36 37 38 18 17 22 20 23 19 21 42 0  5  7  44 4  3  1  6  8  15 12 10 13 9  11 41 14 40 16 2  30 
43 25 30 29 26 24 27 31 37 33 35 40 32 39 36 34 42 19 18 23 21 16 20 22 4  6  44 3  2  7  5  1  41 9  8  13 11 14 10 12 15 38 17 0  28 
30 27 26 28 43 25 24 29 32 34 40 39 38 35 33 36 23 42 20 19 16 22 17 21 1  7  4  2  5  0  3  44 13 41 10 9  14 12 15 11 8  37 18 6  31 
29 43 28 25 31 26 30 24 36 35 32 38 33 37 39 40 22 16 42 21 20 17 23 18 2  1  3  7  0  44 6  5  12 14 41 11 10 15 13 8  9  34 19 4  27 
26 24 43 31 30 27 25 28 38 36 39 35 37 40 34 33 19 23 17 42 22 21 18 16 44 0  1  5  3  6  2  4  9  13 15 41 12 11 8  14 10 32 20 7  29 
24 31 25 26 27 28 29 30 40 37 36 33 39 34 38 32 17 20 16 18 42 23 22 19 7  2  6  1  44 5  4  0  15 10 14 8  41 13 12 9  11 35 21 3  43 
27 28 24 30 25 29 31 43 35 38 34 36 40 33 32 37 20 18 21 17 19 42 16 23 6  3  0  4  1  2  44 7  10 8  11 15 9  41 14 13 12 39 22 5  26 
31 26 29 24 28 30 43 27 34 39 37 32 36 38 40 35 16 21 19 22 18 20 42 17 3  4  5  6  7  1  0  2  14 11 9  12 8  10 41 15 13 33 23 44 25 
36 37 33 39 34 38 32 40 17 42 22 21 18 16 19 23 41 9  8  13 11 14 10 12 26 25 30 28 31 27 29 43 44 1  7  4  2  5  0  3  6  20 15 24 35 
33 32 34 35 36 37 38 39 18 23 21 16 20 22 42 19 13 41 10 9  14 12 15 11 43 27 26 31 29 24 28 30 4  44 0  1  5  3  6  2  7  17 8  25 40 
39 36 35 37 40 34 33 38 19 22 18 20 42 17 16 21 12 14 41 11 10 15 13 8  31 43 28 27 24 30 25 29 3  5  44 2  0  6  4  7  1  23 9  26 32 
34 38 36 40 33 32 37 35 20 19 16 22 17 21 23 42 9  13 15 41 12 11 8  14 30 24 43 29 28 25 31 26 1  4  6  44 3  2  7  5  0  18 10 27 39 
38 40 37 34 32 35 39 33 21 17 19 42 16 23 20 18 15 10 14 8  41 13 12 9  27 31 25 43 30 29 26 24 6  0  5  7  44 4  3  1  2  22 11 28 36 
32 35 38 33 37 39 40 36 22 20 23 19 21 42 18 17 10 8  11 15 9  41 14 13 25 28 24 26 43 31 30 27 0  7  2  6  1  44 5  4  3  16 12 29 34 
40 34 39 38 35 33 36 32 23 16 17 18 19 20 21 22 14 11 9  12 8  10 41 15 28 26 29 25 27 43 24 31 5  2  1  3  7  0  44 6  4  42 13 30 37 
37 39 32 36 38 40 35 34 16 18 42 23 22 19 17 20 8  15 12 10 13 9  11 41 24 29 27 30 26 28 43 25 7  6  3  0  4  1  2  44 5  21 14 31 33 
41 8  13 12 9  15 10 14 0  1  5  3  6  2  4  44 25 24 29 27 30 26 28 43 16 42 21 20 17 23 18 22 34 33 38 36 39 35 37 40 32 7  31 19 11 
12 41 11 8  14 9  13 15 4  5  6  7  1  0  2  3  43 26 25 30 28 31 27 29 17 22 20 23 19 21 42 18 40 35 34 39 37 32 36 38 33 44 24 16 10 
11 13 14 10 12 41 9  8  1  3  7  0  44 6  5  2  30 43 27 26 31 29 24 28 18 21 17 19 42 16 23 20 39 40 36 35 32 38 33 37 34 4  25 22 15 
8  12 10 41 15 14 11 9  2  6  1  44 5  4  0  7  29 31 43 28 27 24 30 25 19 18 23 21 16 20 22 42 38 32 40 37 36 33 39 34 35 3  26 17 13 
14 9  12 15 11 13 41 10 44 2  0  6  4  7  3  5  26 30 24 43 29 28 25 31 20 16 18 42 23 22 19 17 35 39 33 40 38 37 34 32 36 1  27 21 8  
9  15 41 14 13 10 8  11 7  4  2  5  0  3  44 1  24 27 31 25 43 30 29 26 21 19 22 18 20 42 17 16 33 36 32 34 40 39 38 35 37 6  28 23 12 
13 10 9  11 41 8  15 12 6  44 3  2  7  5  1  4  27 25 28 24 26 43 31 30 22 23 16 17 18 19 20 21 36 34 37 33 35 40 32 39 38 0  29 42 14 
15 14 8  9  10 11 12 13 3  0  4  1  2  44 7  6  31 28 26 29 25 27 43 24 23 17 42 22 21 18 16 19 32 37 35 38 34 36 40 33 39 5  30 20 41 
10 11 15 13 8  12 14 41 5  7  44 4  3  1  6  0  28 29 30 31 24 25 26 27 42 20 19 16 22 17 21 23 37 38 39 32 33 34 35 36 40 2  43 18 9  
23 20 19 21 42 18 17 22 13 14 15 8  9  10 11 12 2  3  4  5  6  7  1  0  36 32 34 40 39 38 35 33 29 31 43 28 27 24 30 25 26 41 44 37 16 
28 30 31 27 29 43 26 25 33 40 38 37 34 32 35 39 21 22 23 16 17 18 19 20 5  44 2  0  6  4  7  3  11 12 13 14 15 8  9  10 41 36 42 1  24 
35 33 40 32 39 36 34 37 42 21 20 17 23 18 22 16 11 12 13 14 15 8  9  10 29 30 31 24 25 26 27 28 2  3  4  5  6  7  1  0  44 19 41 43 38 
6  5  7  1  0  2  3  4  28 24 26 43 31 30 27 25 37 38 39 32 33 34 35 36 12 13 14 15 8  9  10 11 21 22 23 16 17 18 19 20 42 29 40 41 44 
