0     3     40    1     18    28    34    26    12    21    17    30    8     19    35    27    39    10    4     13    37    9     31    33    32    36    7     15    5     38    11    22    24    23    6     14    25    20    29    16    2
40    1     3     2     16    21    11    33    36    13    19    6     28    9     27    17    4     15    26    10    32    5     37    38    30    31    18    14    12    34    24    25    20    7     29    39    8     22    23    35    0
1     0     2     40    20    18    15    10    25    30    7     13    17    11    39    6     33    12    5     24    4     34    38    36    19    8     32    31    35    37    9     27    26    16    21    28    23    29    22    14    3
2     40    0     3     32    9     20    36    19    5     26    34    30    24    17    22    37    14    23    8     6     29    15    18    13    39    10    35    33    21    12    38    4     28    11    27    7     16    31    25    1
8     29    9     31    4     40    7     6     0     2     27    14    18    26    11    21    34    35    12    25    30    15    36    37    28    19    13    10    24    1     20    3     38    39    16    17    22    23    32    33    5
19    14    38    25    7     5     40    4     37    39    31    17    16    28    1     35    12    11    22    0     29    27    18    32    34    3     33    21    13    20    36    10    23    26    24    15    30    8     2     9     6
25    18    19    33    5     4     6     40    31    22    21    26    39    38    23    24    35    32    1     2     28    10    9     14    15    0     11    29    20    27    37    8     17    3     36    16    34    30    13    12    7
31    13    37    14    40    6     5     7     16    33    29    32    24    1     3     38    8     36    30    27    35    25    26    28    12    21    22    19    23    10    18    0     11    9     39    20    17    2     15    34    4
18    20    28    29    12    26    23    15    8     40    11    10    4     30    31    7     38    24    0     21    1     19    39    6     17    35    5     34    2     3     13    14    36    37    27    25    32    33    16    22    9
32    7     20    39    30    25    16    1     11    9     40    8     36    33    37    26    6     28    34    31    2     24    35    29    21    5     15    38    17    23    4     19    0     13    18    22    12    14    27    3     10
33    35    29    30    22    24    38    37    9     8     10    40    26    21    20    28    25    23    32    39    14    13    4     17    5     16    12    36    15    2     3     34    18    0     31    1     27    7     6     19    11
16    26    36    15    24    29    18    19    40    10    9     11    33    23    28    3     0     20    6     7     17    35    34    13    4     38    1     32    14    5     39    37    27    12    22    21    2     31    25    30    8
4     37    21    10    0     23    27    20    18    31    3     25    12    40    15    14    32    34    8     36    7     2     28    5     35    11    30    6     22    39    26    9     16    38    17    24    19    1     33    29    13
5     33    23    37    17    0     10    9     34    7     6     36    15    13    40    12    24    4     31    28    39    38    32    2     16    29    35    30    19    25    27    18    22    1     8     26    11    3     21    20    14
29    21    26    36    28    27    8     17    6     34    25    24    13    12    14    40    20    7     37    22    16    1     19    31    11    10    2     5     4     0     33    23    39    30    9     38    3     18    35    32    15
37    25    24    34    39    36    19    16    38    29    32    22    40    14    13    15    7     31    28    6     27    33    11    26    2     1     23    20    18    9     35    17    10    21    3     30    5     0     8     4     12
30    34    27    13    29    32    22    38    15    35    14    39    23    3     10    8     16    40    19    18    25    36    6     12    37    20    28    2     26    4     0     33    5     31    1     9     21    24    7     11    17
23    31    34    7     26    20    30    3     22    27    33    29    21    35    36    25    19    17    40    16    5     12    8     0     39    15    4     9     38    11    6     1     37    10    2     13    14    32    28    24    18
12    11    22    35    8     38    26    21    4     14    15    1     0     20    9     10    17    16    18    40    13    7     2     27    36    30    6     23    32    33    25    39    28    29    37    3     24    34    5     31    19
28    39    15    21    37    13    24    32    29    12    35    27    9     5     33    2     40    18    17    19    34    3     30    25    6     23    38    11    0     8     22    36    7     14    20    10    31    4     26    1     16
15    36    30    28    9     11    33    24    32    4     16    5     35    31    25    0     10    29    39    26    20    40    23    22    7     14    19    37    3     17    2     13    8     6     38    12    1     27    34    18    21
24    27    17    8     33    14    13    30    3     32    38    37    34    6     5     39    26    2     25    29    23    21    40    20    0     18    16    1     36    19    7     35    9     4     12    31    28    11    10    15    22
7     12    5     11    27    2     35    0     24    16    36    3     1     29    30    34    9     39    38    33    21    20    22    40    8     32    31    4     37    13    14    26    25    19    15    6     10    28    18    17    23
10    24    11    27    19    16    31    39    14    15    0     2     32    36    8     9     5     33    35    4     40    22    21    23    1     37    29    3     34    26    38    6     12    17    28    18    13    25    30    7     20
9     38    6     16    14    31    2     35    39    0     34    28    20    37    4     19    3     22    33    15    12    32    17    30    24    40    27    26    11    36    23    5     21    18    10    7     29    13    1     8     25
34    17    35    9     23    39    36    18    28    3     20    33    38    22    16    31    14    1     7     37    10    30    13    4     27    25    40    24    8     32    21    15    29    11    0     2     6     19    12    5     26
22    6     39    12    35    37    1     31    33    23    30    18    3     17    32    29    36    13    11    34    38    28    0     9     25    24    26    40    21    15    10    7     14    8     19    4     16    5     20    2     27
20    5     33    18    36    1     39    11    13    28    22    7     29    8     21    37    31    38    3     32    0     14    10    35    40    26    25    27    9     12    34    16    19    2     30    23    4     15    17    6     24
13    22    25    6     11    19    3     34    35    38    18    4     37    0     24    32    21    27    10    5     33    16    1     39    14    2     36    17    28    40    31    30    15    20    7     8     26    12    9     23    29
35    16    7     19    34    17    12    2     21    26    37    20    6     32    38    23    1     5     24    3     11    8     25    15    18    22    9     39    31    29    40    28    13    36    4     0     33    10    14    27    30
39    23    4     26    2     15    32    25    27    20    12    16    10    34    19    5     11    37    21    14    9     18    33    1     38    7     3     8     29    28    30    40    6     22    13    36    35    17    24    0     31
26    15    16    32    38    34    14    22    23    36    24    21    19    39    6     1     2     25    20    12    18    11    7     8     10    17    0     33    40    30    29    31    3     27    5     37    9     35    4     13    28
21    8     14    38    31    12    37    27    1     24    28    19    5     25    2     18    23    30    15    11    36    0     29    16    9     13    39    7     10    22    17    4     32    40    35    34    20    6     3     26    33
17    9     31    20    15    8     28    13    5     1     23    38    25    7     22    4     27    0     36    30    3     39    14    10    29    12    37    16    6     24    19    2     35    33    40    32    18    26    11    21    34
36    4     12    22    1     10    25    23    30    37    5     15    2     27    18    11    29    21    14    38    26    17    3     7     31    6     20    13    39    16    8     24    33    32    34    40    0     9     19    28    35
38    19    8     23    13    30    9     12    2     6     39    31    7     4     29    36    22    26    27    1     24    37    16    3     20    28    17    18    25    14    5     11    40    34    33    35    15    21    0     10    32
6     32    13    17    10    35    0     14    20    19    4     23    31    2     7     30    28    3     29    9     8     26    27    11    33    34    21    22    16    18    15    12    1     24    25    5     36    40    39    38    37
27    28    10    24    25    33    17    29    26    18    2     35    22    16    34    20    13    6     9     23    15    31    12    19    3     4     8     0     1     7     32    21    30    5     14    11    39    37    40    36    38
14    30    18    4     3     22    21    8     7     17    13    12    11    10    0     16    15    9     2     20    19    6     5     24    23    33    34    28    27    35    1     32    31    25    26    29    37    36    38    40    39
11    10    32    5     21    3     29    28    17    25    1     0     27    18    26    33    30    8     13    35    31    4     24    34    22    9     14    12    7     6     16    20    2     15    23    19    40    38    37    39    36
3     2     1     0     6     7     4     5     10    11    8     9     14    15    12    13    18    19    16    17    22    23    20    21    26    27    24    25    30    31    28    29    34    35    32    33    38    39    36    37    40
