0  3  40 1  18 25 20 12 37 23 13 26 7  10 30 33 28 35 4  38 6  36 31 9  39 5  11 32 16 34 14 22 27 15 29 17 21 8  19 24 2
40 1  3  2  21 14 33 9  13 7  30 25 19 8  5  36 20 38 37 12 16 4  24 34 22 11 31 35 39 32 10 26 29 6  23 27 15 18 17 28 0
1  0  2  40 34 30 25 20 14 19 29 32 33 24 8  39 26 22 21 9  7  18 17 38 13 6  16 31 37 10 5  27 11 12 4  36 35 28 23 15 3
2  40 0  3  12 31 9  15 28 6  36 38 4  33 39 7  22 26 34 21 35 19 16 30 37 32 17 29 8  27 23 5  25 13 18 20 10 24 11 14 1
14 28 16 11 4  40 7  6  36 13 35 3  38 9  0  37 2  33 30 31 27 39 25 29 32 22 34 20 1  23 18 19 24 17 26 10 8  15 12 21 5
33 20 36 37 7  5  40 4  19 38 12 28 10 17 16 25 14 13 32 8  1  34 39 27 31 15 29 23 11 26 35 24 18 0  21 30 2  3  9  22 6
19 22 29 18 5  4  6  40 30 34 25 39 27 37 32 21 35 36 3  0  38 15 1  31 33 10 28 12 26 2  8  23 14 24 9  16 17 13 20 11 7
31 27 32 17 40 6  5  7  33 35 23 20 22 34 37 26 24 3  38 36 11 29 12 10 16 28 15 1  25 21 39 0  2  8  13 9  19 14 18 30 4
29 26 22 35 32 27 21 18 8  40 11 10 16 31 17 30 12 14 7  23 28 6  2  19 36 39 1  5  20 0  15 13 4  38 37 3  24 34 33 25 9
28 35 15 34 22 29 18 27 11 9  40 8  20 25 31 2  23 21 6  39 12 17 4  16 30 13 38 7  0  5  24 14 37 36 3  1  33 32 26 19 10
32 38 6  22 19 34 2  37 9  8  10 40 21 27 23 18 36 30 15 4  33 12 3  14 28 29 39 13 24 25 17 35 0  20 5  31 16 7  1  26 11
21 18 7  12 38 13 23 2  40 10 9  11 3  5  24 22 33 28 1  34 32 0  15 6  14 37 36 30 17 35 27 39 20 16 19 29 26 25 4  31 8
22 29 28 38 11 21 17 31 39 24 34 4  12 40 15 14 25 6  23 32 30 5  0  18 9  16 35 36 2  1  20 7  19 37 10 26 27 33 3  8  13
27 31 23 19 25 28 35 30 26 22 32 17 15 13 40 12 37 11 29 3  36 33 9  2  38 4  8  0  5  18 7  1  10 21 39 6  20 16 24 34 14
18 16 17 29 30 20 28 10 22 33 7  19 13 12 14 40 1  2  0  11 5  38 8  37 34 35 32 39 6  3  4  36 26 9  24 25 31 23 21 27 15
5  23 19 26 27 0  8  17 6  39 24 35 40 14 13 15 31 7  28 2  37 30 29 1  10 33 3  4  18 22 21 16 38 25 36 11 34 20 32 9  12
9  5  34 10 26 1  13 29 25 0  3  30 39 6  20 32 16 40 19 18 14 24 36 28 21 8  4  33 23 7  11 38 15 27 2  37 22 35 31 12 17
24 10 8  15 29 11 27 26 2  37 1  5  36 28 22 3  19 17 40 16 31 32 14 33 0  34 7  6  13 4  38 20 21 23 25 39 12 9  30 35 18
30 25 27 9  14 22 34 33 38 3  28 37 35 36 4  24 17 16 18 40 29 31 5  26 15 1  23 2  10 20 0  21 39 7  6  12 13 11 8  32 19
20 32 39 33 35 23 38 28 27 15 31 24 29 21 34 9  40 18 17 19 0  13 30 5  11 36 37 8  7  12 22 10 1  3  14 4  25 26 6  2  16
38 14 11 8  15 16 19 32 3  30 26 2  24 18 1  4  5  34 13 6  20 40 23 22 12 31 10 37 35 36 9  25 7  39 17 28 29 27 0  33 21
26 39 31 13 28 10 30 16 15 32 5  36 34 3  35 8  7  37 27 33 23 21 40 20 29 38 0  18 4  24 6  2  9  19 12 14 11 17 25 1  22
7  33 14 36 13 32 24 0  17 25 16 29 31 4  2  35 10 8  39 26 21 20 22 40 6  9  19 38 34 11 37 12 5  1  28 15 3  30 27 18 23
16 36 24 25 17 8  39 14 5  28 37 31 26 38 7  34 0  4  35 27 40 22 21 23 2  3  12 19 9  33 32 11 30 29 15 18 1  10 13 6  20
35 6  38 5  8  3  1  21 4  20 18 34 30 23 19 28 29 39 10 14 9  7  33 13 24 40 27 26 15 16 12 37 36 22 11 0  32 31 2  17 25
15 37 10 30 9  33 29 19 12 4  2  18 8  22 21 0  39 20 11 7  17 14 13 32 27 25 40 24 36 6  3  34 23 5  31 38 28 1  35 16 26
36 13 4  7  2  9  14 3  31 5  33 21 18 1  6  17 34 15 12 30 39 11 37 35 25 24 26 40 32 38 19 8  28 10 16 23 0  22 29 20 27
10 9  21 14 37 19 36 35 23 1  0  16 17 32 3  20 11 12 31 5  15 2  28 8  40 26 25 27 22 39 33 18 13 30 38 7  6  4  34 29 24
23 21 33 20 39 17 32 36 35 16 15 13 37 11 26 10 9  5  24 25 3  1  38 0  18 19 14 34 28 40 31 30 6  2  27 8  7  12 22 4  29
37 19 25 39 33 38 10 24 34 26 6  15 32 20 27 11 21 23 36 1  13 16 35 17 7  2  9  14 31 29 40 28 12 4  8  22 18 0  5  3  30
4  17 35 32 0  36 15 34 21 12 38 33 9  39 18 6  27 1  14 37 24 8  26 25 20 23 22 16 29 28 30 40 3  11 7  2  5  19 10 13 31
12 8  18 24 10 37 11 22 1  36 4  6  0  26 33 38 32 25 2  35 34 27 7  39 3  17 13 21 40 30 29 31 16 14 20 19 9  5  15 23 28
13 12 20 23 36 39 26 11 24 17 27 7  1  0  28 31 38 9  22 29 2  37 18 3  8  30 6  10 14 19 25 15 32 40 35 34 4  21 16 5  33
25 24 37 21 23 15 22 38 18 31 39 27 28 19 36 5  30 29 8  13 26 3  6  4  1  0  20 11 12 17 16 9  35 33 40 32 14 2  7  10 34
8  15 26 6  16 12 3  39 0  18 21 14 5  30 11 1  4  31 9  24 25 10 27 36 19 20 2  22 38 37 13 17 33 32 34 40 23 29 28 7  35
39 7  5  28 31 2  37 1  20 27 19 22 23 16 38 29 13 24 26 10 8  25 11 12 17 21 18 9  3  15 36 4  40 34 33 35 30 6  14 0  32
11 34 30 16 24 35 12 25 32 14 22 0  6  29 9  23 3  27 20 28 18 26 10 15 4  7  21 17 19 13 2  33 8  31 1  5  36 40 39 38 37
34 11 12 31 20 24 16 23 29 21 14 1  2  35 10 27 6  32 25 22 4  9  19 7  5  18 30 15 33 8  26 3  17 28 0  13 39 37 40 36 38
6  30 13 4  3  26 0  8  7  29 17 12 11 2  25 16 15 10 33 20 19 35 34 24 23 14 5  28 27 9  1  32 31 18 22 21 37 36 38 40 39
17 4  9  27 1  18 31 13 16 2  20 23 25 7  29 19 8  0  5  15 10 28 32 11 35 12 33 3  21 14 34 6  22 26 30 24 40 38 37 39 36
3  2  1  0  6  7  4  5  10 11 8  9  14 15 12 13 18 19 16 17 22 23 20 21 26 27 24 25 30 31 28 29 34 35 32 33 38 39 36 37 40
