0     3     40    1     26    16    36    35    22    33    37    25    18    19    21    39    5     32    12    13    34    14    8     28    29    11    4     30    23    24    27    38    17    9     20    7     6     10    31    15    2
40    1     3     2     28    10    27    13    25    31    5     30    38    7     36    24    29    39    20    23    18    34    35    19    15    8     32    6     4     16    11    9     26    37    21    22    14    33    12    17    0
1     0     2     40    37    22    13    33    27    16    12    34    10    6     29    31    9     25    36    38    26    32    5     39    28    17    20    8     24    14    35    15    21    7     11    30    18    4     19    23    3
2     40    0     3     25    20    17    21    34    36    30    18    16    22    33    26    12    6     11    28    5     7     13    32    35    4     15    39    19    38    10    37    23    14    8     24    9     31    29    27    1
21    35    9     29    4     40    7     6     15    2     31    33    34    36    26    8     37    23    39    27    30    0     28    17    32    38    14    19    22    3     20    10    24    11    12    1     13    16    25    18    5
25    32    15    9     7     5     40    4     17    3     26    16    21    28    38    2     11    8     34    30    36    12    31    35    39    0     10    37    13    33    19    22    1     29    18    23    20    27    14    24    6
23    18    34    26    5     4     6     40    19    25    33    13    39    11    30    17    24    15    1     8     27    31    38    0     16    9     3     20    36    35    14    21    37    10    2     29    28    32    22    12    7
39    16    36    10    40    6     5     7     24    28    3     14    37    29    11    35    1     20    33    25    17    30    32    38    8     19    34    31    9     13    21    27    22    18    26    15    2     12    23    0     4
12    36    32    37    30    13    29    23    8     40    11    10    0     5     25    20    26    28    22    35    15    27    18    7     38    14    16    21    17    6     4     34    2     39    31    19    1     3     24    33    9
27    23    37    20    16    36    12    34    11    9     40    8     6     35    24    29    4     22    32    31    3     38    17    1     14    39    28    0     26    15    33    19    18    30    7     13    5     2     21    25    10
13    26    24    21    18    32    38    30    9     8     10    40    28    0     16    23    14    29    4     37    35    3     33    15    2     34    1     36    12    17    7     39    5     22    25    20    27    19    6     31    11
5     38    6     35    23    0     2     31    40    10    9     11    30    34    27    36    25    33    24    21    39    19    37    4     18    16    29    14    32    26    12    7     28    17    13    3     15    22    1     20    8
22    11    28    32    27    33    25    17    18    39    24    1     12    40    15    14    23    7     8     34    37    29    0     16    10    6     35    4     2     21    38    36    3     5     19    26    31    20    30    9     13
37    29    11    27    32    17    34    16    28    38    19    2     15    13    40    12    7     5     23    10    25    35    39    18    36    20    30    3     8     1     26    33    4     31    6     21    24    0     9     22    14
4     8     39    28    0     18    37    27    1     22    35    31    13    12    14    40    20    24    5     33    16    26    9     29    17    36    21    7     3     23    32    11    30    19    38    10    25    6     34    2     15
7     37    22    6     20    31    3     0     30    32    25    21    40    14    13    15    28    26    29    36    4     11    2     34    33    10    17    38    16    18    8     5     9     24    23    39    19    1     27    35    12
11    13    4     23    2     25    31    29    39    37    20    0     32    1     35    27    16    40    19    18    10    24    36    3     21    5     33    15    38    7     34    6     12    26    30    14    22    9     28    8     17
31    21    30    15    11    28    26    37    13    14    36    4     20    8     9     3     19    17    40    16    12    1     24    33    22    35    6     29    5     27    2     0     38    23    39    25    10    7     32    34    18
8     27    7     24    31    38    20    2     0     15    39    35    22    30    34    9     17    16    18    40    6     28    12    26    3     37    23    1     21    32    13    4     29    36    14    11    33    25    5     10    19
10    9     20    14    12    24    35    32    29    1     0     15    4     37    3     11    40    18    17    19    2     36    25    31    5     22    38    34    33    8     39    23    7     28    27    6     21    13    26    30    16
29    6     38    36    8     9     1     12    4     5     14    32    7     31    10    30    35    37    27    26    20    40    23    22    34    33    19    18    39    0     15    13    11    25    24    16    3     17    2     28    21
26    39    8     30    14    29    16    10    2     13    7     36    33    9     4     19    6     34    25    15    23    21    40    20    31    18    0     32    37    5     3     24    27    12    17    38    11    28    35    1     22
18    4     31    39    1     15    10    19    12    24    6     26    8     27    17    5     30    14    0     7     21    20    22    40    9     32    11    13    35    37    16    2     25    38    36    28    34    29    33    3     23
36    31    14    12    33    27    28    24    38    19    34    17    3     26    2     25    32    11    30    9     40    22    21    23    7     15    13    5     6     39    18    1     16    4     10    37    0     35    8     29    20
20    33    12    11    13    30    21    38    23    17    28    3     2     4     22    37    31    9     35    39    0     6     14    8     24    40    27    26    10    34    5     16    36    1     29    18    32    15    7     19    25
16    14    35    38    29    11    39    22    36    12    23    5     9     33    1     34    0     30    28    32    31    37    7     10    27    25    40    24    18    4     17    20    19    13    15    2     8     21    3     6     26
14    5     19    17    21    1     15    9     33    7     32    37    36    18    0     6     39    3     13    2     38    4     29    30    25    24    26    40    34    22    23    35    10    8     28    31    12    11    20    16    27
33    20    21    22    34    35    18    11    32    30    17    7     19    39    31    28    38    10    6     12    1     2     3     37    40    26    25    27    15    36    9     14    8     0     4     5     29    23    16    13    24
6     22    10    33    35    8     0     26    5     34    2     20    24    17    19    38    27    13    37    14    11    25    1     36    12    21    7     16    28    40    31    30    39    3     9     4     23    18    15    32    29
34    7     23    25    38    12    19    1     35    18    27    22    5     16    39    32    13    36    9     6     24    33    11    2     20    3     37    10    31    29    40    28    15    21    0     8     17    26    4     14    30
9     12    25    7     15    39    32    3     20    0     21    38    1     23    37    4     36    35    26    24    8     10    34    13    19    2     18    33    29    28    30    40    6     27    22    17    16    14    11    5     31
32    19    5     8     39    2     24    14    3     23    18    27    26    25    7     22    21    38    10    1     33    16    15    9     6     13    12    11    40    30    29    31    0     20    37    36    35    34    17    4     28
38    10    27    16    36    26    14    25    21    29    1     39    23    24    6     18    3     31    15    22    28    8     19    12    13    7     5     2     20    9     37    17    32    40    35    34    4     30    0     11    33
30    15    18    19    17    21    22    36    16    27    38    23    29    20    28    1     8     4     2     3     13    5     6     11    37    31    39    9     14    12    0     25    35    33    40    32    7     24    10    26    34
24    17    13    31    19    14    11    28    37    26    15    6     27    2     5     10    22    1     38    4     29    39    16    25    0     23    9     12    7     20    36    3     33    32    34    40    30    8     18    21    35
15    28    17    18    22    37    8     39    6     21    16    24    31    38    20    0     10    2     3     29    14    9     4     27    11    30    36    23    1     19    25    12    40    34    33    35    26    5     13    7     32
28    25    33    5     24    3     23    18    14    20    29    19    35    32    8     21    34    27    7     11    9     15    30    6     4     1     31    17    0     10    22    26    13    2     16    12    36    40    39    38    37
19    24    16    34    9     23    30    20    31    4     13    29    17    10    32    33    2     12    21    0     7     18    26    5     1     28    22    35    25    11    6     8     14    15    3     27    39    37    40    36    38
17    30    26    4     3     34    33    8     7     35    22    12    11    21    18    16    15    0     14    20    19    13    10    24    23    29    2     28    27    25    1     32    31    6     5     9     37    36    38    40    39
35    34    29    13    10    19    9     15    26    6     4     28    25    3     23    7     33    21    31    5     32    17    27    14    30    12    8     22    11    2     24    18    20    16    1     0     40    38    37    39    36
3     2     1     0     6     7     4     5     10    11    8     9     14    15    12    13    18    19    16    17    22    23    20    21    26    27    24    25    30    31    28    29    34    35    32    33    38    39    36    37    40
