0  40 5  16 32 37 33 18 13 24 36 34 30 3  23 1  27 10 17 26 28 7  8  6  22 14 9  19 2  25 39 29 20 15 35 21 38 12 11 4  31
19 1  40 6  17 33 38 34 2  14 25 37 35 31 4  16 7  28 11 18 27 29 0  9  30 23 15 10 20 3  26 32 5  21 8  36 22 39 13 12 24
35 20 2  40 7  18 34 39 17 3  15 26 38 36 24 5  10 0  29 12 19 28 30 1  33 31 16 8  11 21 4  27 13 6  22 9  37 23 32 14 25
32 36 21 3  40 0  19 35 6  18 4  8  27 39 37 25 2  11 1  30 13 20 29 31 28 34 24 17 9  12 22 5  15 14 7  23 10 38 16 33 26
36 33 37 22 4  40 1  20 26 7  19 5  9  28 32 38 24 3  12 2  31 14 21 30 6  29 35 25 18 10 13 23 34 8  15 0  16 11 39 17 27
21 37 34 38 23 5  40 2  39 27 0  20 6  10 29 33 31 25 4  13 3  24 15 22 16 7  30 36 26 19 11 14 18 35 9  8  1  17 12 32 28
3  22 38 35 39 16 6  40 34 32 28 1  21 7  11 30 23 24 26 5  14 4  25 8  15 17 0  31 37 27 20 12 33 19 36 10 9  2  18 13 29
40 4  23 39 36 32 17 7  31 35 33 29 2  22 0  12 9  16 25 27 6  15 5  26 13 8  18 1  24 38 28 21 14 34 20 37 11 10 3  19 30
39 28 10 7  22 3  31 36 8  40 13 25 23 20 16 27 37 18 30 21 34 33 12 29 14 1  32 26 0  2  15 38 19 17 4  11 24 9  35 6  5
37 32 29 11 0  23 4  24 28 9  40 14 26 16 21 17 30 38 19 31 22 35 34 13 39 15 2  33 27 1  3  8  7  20 18 5  12 25 10 36 6
25 38 33 30 12 1  16 5  18 29 10 40 15 27 17 22 14 31 39 20 24 23 36 35 9  32 8  3  34 28 2  4  37 0  21 19 6  13 26 11 7
6  26 39 34 31 13 2  17 23 19 30 11 40 8  28 18 36 15 24 32 21 25 16 37 5  10 33 9  4  35 29 3  12 38 1  22 20 7  14 27 0
18 7  27 32 35 24 14 3  19 16 20 31 12 40 9  29 38 37 8  25 33 22 26 17 4  6  11 34 10 5  36 30 28 13 39 2  23 21 0  15 1
4  19 0  28 33 36 25 15 30 20 17 21 24 13 40 10 18 39 38 9  26 34 23 27 31 5  7  12 35 11 6  37 8  29 14 32 3  16 22 1  2
8  5  20 1  29 34 37 26 11 31 21 18 22 25 14 40 28 19 32 39 10 27 35 16 38 24 6  0  13 36 12 7  2  9  30 15 33 4  17 23 3
27 9  6  21 2  30 35 38 40 12 24 22 19 23 26 15 17 29 20 33 32 11 28 36 0  39 25 7  1  14 37 13 16 3  10 31 8  34 5  18 4
20 14 24 4  15 7  29 28 25 22 34 27 11 33 35 23 16 40 21 10 1  6  2  12 17 30 39 5  3  37 19 9  31 26 13 18 32 0  36 8  38
29 21 15 25 5  8  0  30 16 26 23 35 28 12 34 36 13 17 40 22 11 2  7  3  10 18 31 32 6  4  38 20 9  24 27 14 19 33 1  37 39
31 30 22 8  26 6  9  1  37 17 27 16 36 29 13 35 4  14 18 40 23 12 3  0  21 11 19 24 33 7  5  39 38 10 25 28 15 20 34 2  32
2  24 31 23 9  27 7  10 36 38 18 28 17 37 30 14 1  5  15 19 40 16 13 4  32 22 12 20 25 34 0  6  3  39 11 26 29 8  21 35 33
11 3  25 24 16 10 28 0  15 37 39 19 29 18 38 31 5  2  6  8  20 40 17 14 7  33 23 13 21 26 35 1  36 4  32 12 27 30 9  22 34
1  12 4  26 25 17 11 29 24 8  38 32 20 30 19 39 15 6  3  7  9  21 40 18 2  0  34 16 14 22 27 36 23 37 5  33 13 28 31 10 35
30 2  13 5  27 26 18 12 32 25 9  39 33 21 31 20 19 8  7  4  0  10 22 40 37 3  1  35 17 15 23 28 11 16 38 6  34 14 29 24 36
13 31 3  14 6  28 27 19 21 33 26 10 32 34 22 24 40 20 9  0  5  1  11 23 29 38 4  2  36 18 8  16 25 12 17 39 7  35 15 30 37
12 10 19 27 38 25 3  21 35 5  11 36 14 2  1  28 34 26 22 15 18 37 4  7  24 40 29 39 8  13 9  33 0  32 23 17 31 6  30 16 20
22 13 11 20 28 39 26 4  29 36 6  12 37 15 3  2  0  35 27 23 8  19 38 5  34 25 40 30 32 9  14 10 17 1  33 16 18 24 7  31 21
5  23 14 12 21 29 32 27 3  30 37 7  13 38 8  4  6  1  36 28 16 9  20 39 11 35 26 40 31 33 10 15 24 18 2  34 17 19 25 0  22
28 6  16 15 13 22 30 33 5  4  31 38 0  14 39 9  32 7  2  37 29 17 10 21 8  12 36 27 40 24 34 11 1  25 19 3  35 18 20 26 23
34 29 7  17 8  14 23 31 10 6  5  24 39 1  15 32 22 33 0  3  38 30 18 11 12 9  13 37 28 40 25 35 27 2  26 20 4  36 19 21 16
24 35 30 0  18 9  15 16 33 11 7  6  25 32 2  8  12 23 34 1  4  39 31 19 36 13 10 14 38 29 40 26 22 28 3  27 21 5  37 20 17
17 25 36 31 1  19 10 8  9  34 12 0  7  26 33 3  20 13 16 35 2  5  32 24 27 37 14 11 15 39 30 40 21 23 29 4  28 22 6  38 18
9  18 26 37 24 2  20 11 4  10 35 13 1  0  27 34 25 21 14 17 36 3  6  33 40 28 38 15 12 8  32 31 39 22 16 30 5  29 23 7  19
38 11 17 2  10 12 39 23 7  21 16 4  34 9  25 13 8  30 28 14 35 0  33 20 18 36 5  22 29 6  24 19 32 40 37 1  26 31 27 3  15
16 39 12 18 3  11 13 32 14 0  22 17 5  35 10 26 21 9  31 29 15 36 1  34 20 19 37 6  23 30 7  25 4  33 40 38 2  27 24 28 8
33 17 32 13 19 4  12 14 27 15 1  23 18 6  36 11 35 22 10 24 30 8  37 2  26 21 20 38 7  16 31 0  29 5  34 40 39 3  28 25 9
15 34 18 33 14 20 5  13 12 28 8  2  16 19 7  37 3  36 23 11 25 31 9  38 1  27 22 21 39 0  17 24 26 30 6  35 40 32 4  29 10
14 8  35 19 34 15 21 6  38 13 29 9  3  17 20 0  39 4  37 16 12 26 24 10 25 2  28 23 22 32 1  18 30 27 31 7  36 40 33 5  11
7  15 9  36 20 35 8  22 1  39 14 30 10 4  18 21 11 32 5  38 17 13 27 25 19 26 3  29 16 23 33 2  6  31 28 24 0  37 40 34 12
23 0  8  10 37 21 36 9  22 2  32 15 31 11 5  19 26 12 33 6  39 18 14 28 3  20 27 4  30 17 16 34 35 7  24 29 25 1  38 40 13
10 16 1  9  11 38 22 37 20 23 3  33 8  24 12 6  29 27 13 34 7  32 19 15 35 4  21 28 5  31 18 17 40 36 0  25 30 26 2  39 14
26 27 28 29 30 31 24 25 0  1  2  3  4  5  6  7  33 34 35 36 37 38 39 32 23 16 17 18 19 20 21 22 10 11 12 13 14 15 8  9  40
