4  73 3  1  2  0  66 30 33 32 34 31 54 55 58 59 57 72 62 61 63 60 74 65 83 80 79 68 82 81 42 44 43 75 45 47 20 21 90 18 22 23 70 39 40 38 36 41 8  10 6  11 7  67 86 71 84 87 85 88 12 15 77 13 16 17 46 35 51 78 19 25 89 5  14 37 9  56 49 48 52 76 53 50 24 28 69 29 27 26 64 
3  0  73 5  1  2  32 66 35 34 33 30 72 56 59 55 54 58 64 63 62 65 61 74 81 83 82 80 68 78 46 42 45 47 75 44 18 23 21 90 19 22 36 38 70 37 39 40 67 8  9  7  6  11 89 84 87 86 88 71 17 13 16 77 12 14 43 31 52 79 20 24 85 4  15 41 10 57 48 53 50 49 51 76 29 27 26 69 25 28 60 
2  5  1  73 3  4  35 33 66 31 30 34 55 72 57 54 59 56 74 60 65 63 64 62 82 79 83 78 81 68 75 45 44 46 42 43 23 20 19 22 90 18 37 40 38 70 41 39 6  7  67 10 8  9  71 89 85 88 87 86 13 12 14 17 15 77 47 32 49 80 21 26 84 0  16 36 11 58 52 50 48 51 76 53 28 29 25 27 69 24 61 
5  3  4  2  0  73 30 31 34 66 32 35 57 59 72 58 56 54 63 74 61 64 65 60 80 68 78 82 79 83 44 47 46 45 43 75 19 90 18 20 23 21 40 36 41 39 70 37 10 9  7  67 11 8  87 88 71 84 89 85 16 14 13 15 77 12 42 33 53 81 22 27 86 1  17 38 6  55 76 49 51 50 48 52 25 26 29 24 28 69 62 
73 2  0  4  5  1  34 32 31 33 35 66 58 57 55 56 72 59 60 62 64 74 63 61 78 81 68 83 80 79 43 46 75 44 47 42 90 22 23 21 20 19 39 37 36 41 38 70 11 67 10 6  9  7  85 87 86 89 71 84 14 77 12 16 17 15 45 30 50 82 18 29 88 3  13 40 8  54 53 51 76 48 52 49 69 25 28 26 24 27 65 
1  4  5  0  73 3  31 35 32 30 66 33 56 58 54 72 55 57 61 65 74 62 60 64 68 82 81 79 78 80 47 75 42 43 46 45 22 18 20 19 21 90 41 70 37 36 40 38 9  6  11 8  67 10 84 85 88 71 86 89 77 17 15 14 13 16 44 34 48 83 23 28 87 2  12 39 7  59 50 76 53 52 49 51 27 69 24 25 26 29 63 
88 84 71 89 86 87 61 74 64 63 62 65 66 35 34 33 30 32 19 23 22 18 21 90 53 48 50 49 76 51 5  1  3  0  73 2  13 12 16 77 14 17 11 6  67 9  7  8  68 82 78 83 81 80 37 36 39 38 40 70 27 29 26 69 28 25 4  60 57 52 15 43 41 85 24 10 79 31 59 55 54 58 56 72 45 42 47 75 46 44 20 
87 89 86 71 88 85 64 62 74 60 65 63 33 66 31 30 34 35 90 20 18 23 19 22 50 52 48 51 53 76 73 3  2  5  1  4  12 15 14 17 77 13 9  8  6  67 10 7  81 83 68 79 82 78 70 37 41 40 39 38 29 28 25 27 24 69 0  61 58 49 16 47 36 84 26 11 80 32 57 54 59 56 72 55 44 45 46 42 75 43 21 
89 88 85 87 84 71 65 60 63 74 61 64 31 34 66 32 35 30 23 90 21 19 18 20 49 76 51 50 52 48 2  0  5  3  4  73 14 77 13 15 12 16 8  11 10 7  67 9  79 78 83 68 80 82 39 40 70 36 37 41 26 25 29 24 69 28 1  62 55 53 17 42 38 86 27 6  81 33 72 58 56 54 59 57 46 47 45 43 44 75 22 
86 85 89 84 71 88 60 64 61 65 74 62 35 32 30 66 33 31 21 18 90 22 20 19 76 50 53 52 51 49 0  73 1  4  5  3  17 13 15 14 16 77 10 67 9  11 8  6  78 81 80 82 68 79 36 41 40 70 38 37 69 27 24 25 29 26 2  63 59 48 12 44 39 87 28 7  83 34 54 72 55 57 58 56 42 75 43 46 47 45 23 
71 87 84 85 89 86 63 61 60 62 64 74 32 31 33 35 66 34 20 22 19 90 23 21 51 53 76 48 49 52 4  5  73 2  0  1  77 17 12 16 15 14 7  9  11 10 6  67 80 68 79 81 78 83 41 39 38 37 70 36 25 69 28 26 27 24 3  65 54 50 13 45 40 88 29 8  82 30 55 56 72 59 57 58 75 46 44 47 43 42 18 
85 71 88 86 87 84 74 65 62 61 63 60 30 33 32 34 31 66 22 21 23 20 90 18 48 49 52 76 50 53 1  2  4  73 3  0  15 16 77 13 17 12 67 7  8  6  11 10 82 79 81 80 83 68 38 70 36 39 41 40 28 24 69 29 26 27 5  64 56 51 14 46 37 89 25 9  78 35 58 59 57 72 55 54 43 44 75 45 42 47 19 
44 46 42 75 45 43 56 55 72 57 54 59 53 76 52 50 48 51 66 31 30 34 35 33 8  10 7  9  6  67 69 29 28 25 27 24 63 60 64 62 74 65 89 88 86 71 85 87 38 39 70 41 40 37 73 5  4  3  2  1  18 23 19 22 20 90 26 58 80 11 61 16 0  47 21 84 36 49 79 82 83 78 68 81 12 13 14 17 77 15 32 
46 45 43 44 47 75 54 57 59 72 58 56 52 48 76 49 51 50 34 66 32 35 30 31 11 67 9  8  10 7  28 26 25 29 24 69 64 74 65 60 63 61 88 84 85 87 71 89 41 37 39 70 36 40 2  3  73 0  5  4  21 19 18 20 90 23 27 55 81 6  62 17 1  42 22 86 38 53 68 80 78 82 83 79 14 16 13 15 12 77 33 
42 43 46 47 75 45 57 56 58 54 72 55 51 49 50 76 53 52 32 30 66 33 31 35 67 8  6  10 9  11 26 69 27 24 25 29 62 65 60 64 61 74 85 71 89 84 88 86 37 38 36 40 70 41 0  4  3  73 1  5  90 22 20 19 18 21 28 59 83 7  63 12 2  44 23 87 39 48 82 68 81 79 80 78 17 77 15 14 16 13 34 
75 44 47 43 46 42 59 58 57 55 56 72 49 52 53 51 76 48 31 33 35 66 34 32 9  6  67 7  11 10 24 25 69 28 26 27 74 62 63 61 60 64 87 89 84 85 86 71 36 70 41 38 37 39 4  2  1  5  73 0  19 90 23 21 22 20 29 54 82 8  65 13 3  45 18 88 40 50 81 78 68 83 79 80 77 14 12 16 15 17 30 
43 75 45 42 44 47 72 54 55 58 59 57 50 53 49 48 52 76 33 32 34 31 66 30 7  11 10 67 8  6  27 28 24 69 29 26 60 61 74 65 62 63 71 87 88 86 84 85 40 41 38 36 39 70 1  73 0  2  4  3  23 20 90 18 21 22 25 56 78 9  64 14 5  46 19 89 37 51 80 83 79 68 81 82 15 12 77 13 17 16 35 
45 47 75 46 42 44 58 72 56 59 55 54 76 51 48 53 50 49 35 34 33 30 32 66 6  7  8  11 67 9  25 27 29 26 69 28 65 63 61 74 64 62 84 86 71 89 87 88 70 40 37 39 38 36 5  0  2  1  3  73 22 18 21 90 23 19 24 57 79 10 60 15 4  43 20 85 41 52 83 81 82 80 78 68 13 17 16 77 14 12 31 
9  8  10 7  11 67 13 15 12 77 16 14 20 23 90 21 19 18 28 69 26 25 29 24 32 66 35 30 31 34 39 36 37 40 41 70 46 75 45 43 44 47 50 49 52 48 76 51 57 56 59 72 58 54 83 82 68 80 78 79 0  5  3  4  73 2  38 17 62 33 42 86 81 6  1  53 55 22 74 61 64 65 63 60 89 84 88 85 87 71 27 
6  10 9  11 67 8  15 14 16 13 77 17 19 21 18 90 22 20 26 29 69 27 24 25 66 30 33 31 35 32 36 70 38 41 37 40 42 45 43 46 47 75 52 76 51 49 50 53 56 55 58 54 72 57 80 79 82 68 81 78 73 1  4  5  3  0  39 12 63 34 44 87 83 7  2  48 59 23 65 74 62 60 61 64 86 71 85 89 84 88 28 
67 7  11 10 9  6  12 16 15 17 14 77 21 20 22 19 90 23 24 27 25 69 28 26 35 33 66 34 32 31 41 37 70 39 36 38 75 42 44 47 43 46 48 51 49 52 53 76 58 72 57 55 56 59 79 83 81 78 68 80 5  73 2  0  1  4  40 13 65 30 45 88 82 8  3  50 54 18 62 64 74 63 60 61 71 89 87 84 85 86 29 
10 67 8  6  7  11 77 13 17 16 12 15 18 22 21 23 20 90 27 26 28 24 69 29 34 32 31 66 30 33 38 39 41 70 40 36 43 47 75 45 42 44 76 48 50 53 49 52 54 57 55 58 59 72 81 68 80 83 79 82 2  4  73 3  0  1  37 14 64 35 46 89 78 9  5  51 56 19 61 63 60 74 62 65 85 87 71 88 86 84 25 
8  11 67 9  6  7  16 77 14 12 17 13 90 19 23 22 18 21 25 28 27 29 26 69 33 34 30 32 66 35 37 38 40 36 70 39 45 44 47 75 46 42 49 53 76 51 48 50 72 54 56 59 55 58 78 80 83 81 82 68 1  3  0  73 2  5  41 15 60 31 43 85 79 10 4  52 57 20 63 62 65 61 64 74 88 86 84 71 89 87 24 
7  9  6  67 8  10 14 17 77 15 13 12 22 90 20 18 23 19 69 24 29 28 25 27 30 31 34 35 33 66 70 40 39 37 38 41 44 43 46 42 75 45 51 50 53 76 52 48 55 59 72 57 54 56 68 78 79 82 83 81 3  2  5  1  4  73 36 16 61 32 47 84 80 11 0  49 58 21 60 65 63 64 74 62 87 88 89 86 71 85 26 
74 63 61 60 64 62 39 36 41 38 37 70 84 85 86 89 71 87 10 6  9  67 7  11 46 42 75 44 47 43 31 35 66 34 32 33 68 81 83 80 79 78 12 14 16 15 17 77 26 69 24 27 25 28 20 23 22 19 90 21 51 76 48 49 53 52 30 40 3  45 82 54 18 65 50 13 29 88 1  5  73 2  4  0  72 56 59 58 57 55 8  
62 60 64 61 74 65 41 37 36 40 70 38 89 84 88 71 86 85 11 8  67 6  10 9  75 45 42 43 46 47 32 66 33 31 35 30 81 82 79 78 80 68 15 77 14 16 13 17 25 27 26 29 69 24 21 20 18 90 22 19 76 53 52 51 50 49 34 39 2  44 83 59 23 63 48 12 28 87 3  73 1  4  0  5  55 72 57 56 58 54 7  
60 74 65 62 63 61 70 40 38 36 39 41 88 86 84 87 85 71 6  11 7  10 67 8  44 47 43 75 45 42 33 34 31 66 30 32 79 80 68 82 81 83 77 12 13 17 16 15 29 24 27 26 28 69 22 90 21 23 20 18 48 52 76 50 49 53 35 37 5  46 78 56 19 64 51 14 25 89 0  2  4  73 1  3  57 59 72 54 55 58 9  
65 61 74 64 62 63 36 70 37 39 38 40 71 89 87 86 88 84 9  7  6  8  11 67 42 44 45 47 75 46 35 33 30 32 66 34 82 83 80 68 78 81 16 17 77 14 12 13 69 29 25 28 27 26 19 21 23 22 18 90 53 50 49 76 48 51 31 41 4  43 79 57 20 60 52 15 24 85 2  1  3  0  5  73 54 55 58 72 56 59 10 
63 64 62 74 65 60 37 38 70 41 40 39 86 71 85 88 87 89 67 10 8  7  9  6  45 43 44 46 42 75 66 30 34 35 33 31 83 79 78 81 68 82 14 13 17 77 15 12 27 28 69 24 29 25 90 19 20 18 23 22 50 48 51 53 52 76 32 36 0  47 80 58 21 61 49 16 26 84 4  3  2  5  73 1  59 54 56 55 72 57 11 
64 65 60 63 61 74 40 41 39 70 36 37 85 87 71 84 89 88 7  67 11 9  8  10 47 75 46 45 43 44 34 32 35 30 31 66 78 68 82 79 83 80 13 16 15 12 77 14 24 25 28 69 26 29 23 18 90 21 19 20 49 51 50 52 76 48 33 38 1  42 81 55 22 62 53 17 27 86 73 0  5  3  2  4  56 58 54 57 59 72 6  
25 29 24 28 26 69 50 52 48 76 49 51 79 83 68 80 78 82 59 72 58 56 54 57 36 70 37 40 41 39 12 16 14 13 15 77 35 66 30 31 34 32 3  0  4  2  73 5  85 89 87 71 84 88 44 45 75 47 46 43 61 64 65 60 74 63 17 53 6  38 33 22 42 27 62 1  86 81 67 11 9  8  7  10 19 21 18 20 23 90 55 
69 28 26 24 25 27 48 49 52 53 51 76 80 79 81 78 68 83 57 55 56 72 59 58 37 38 70 39 36 41 15 14 77 12 16 17 66 33 34 32 31 35 2  5  0  4  1  73 84 71 85 86 89 87 43 44 42 46 75 47 64 74 63 61 62 60 13 50 8  40 30 18 45 29 65 3  88 82 6  9  67 7  10 11 90 19 23 21 20 22 54 
24 69 29 27 28 26 76 50 53 49 48 52 82 81 80 83 79 68 55 58 59 57 72 54 39 36 41 70 40 38 17 12 15 77 13 16 31 32 66 30 33 34 73 2  3  1  0  4  88 85 86 84 87 71 42 75 47 44 43 45 63 60 74 65 61 62 14 51 9  37 35 19 46 25 64 5  89 78 11 7  10 67 6  8  20 23 90 18 22 21 56 
29 26 69 25 27 28 49 76 51 48 53 50 68 78 83 81 82 80 56 59 55 54 58 72 38 39 40 36 70 37 14 17 13 16 77 12 30 34 32 66 35 33 0  1  73 5  2  3  71 88 89 87 86 84 46 47 44 42 45 75 62 65 61 74 63 64 15 52 10 41 31 20 43 24 60 4  85 79 7  6  8  11 9  67 18 22 21 90 19 23 57 
28 25 27 69 29 24 51 53 76 52 50 48 81 68 79 82 83 78 72 57 54 59 56 55 40 41 39 37 38 70 77 13 12 14 17 15 34 31 35 33 66 30 5  3  1  73 4  2  86 87 71 85 88 89 75 46 43 45 44 42 65 63 64 62 60 74 16 49 11 36 32 21 47 26 61 0  84 80 10 8  7  9  67 6  23 18 19 22 90 20 58 
27 24 25 26 69 29 52 51 49 50 76 53 78 80 82 68 81 79 58 54 72 55 57 56 70 40 38 41 37 36 16 77 17 15 14 13 33 30 31 35 32 66 4  73 5  0  3  1  89 86 84 88 71 85 47 43 45 75 42 46 74 62 60 64 65 61 12 48 7  39 34 23 44 28 63 2  87 83 8  67 6  10 11 9  22 90 20 19 21 18 59 
52 76 50 53 48 49 75 45 42 47 44 43 29 27 26 28 24 69 1  0  2  4  73 3  23 21 20 90 18 22 81 83 79 68 82 80 85 84 71 88 86 87 66 34 30 33 32 31 65 60 62 61 63 74 55 72 58 59 57 54 39 41 70 40 36 38 78 46 14 19 89 9  56 51 37 35 64 25 16 12 15 77 17 13 10 7  67 8  6  11 5  
53 52 51 49 76 50 43 46 47 45 75 42 25 26 29 69 27 24 0  3  73 1  4  5  90 18 22 20 19 21 80 68 81 79 78 82 86 88 85 89 84 71 31 66 35 32 30 33 64 62 61 65 74 60 58 57 54 72 55 56 70 38 41 37 40 36 83 44 12 23 87 7  59 48 39 34 63 28 13 77 17 15 16 14 6  67 10 9  11 8  2  
50 49 76 51 53 48 47 75 46 44 42 45 69 25 28 27 29 26 5  2  1  3  0  73 22 23 18 21 90 19 78 81 82 80 68 83 88 87 84 71 89 86 32 33 66 35 34 30 74 65 64 63 62 61 56 58 59 55 54 72 38 40 36 70 39 37 79 43 15 20 85 10 57 52 41 31 60 24 12 17 13 16 14 77 8  6  11 67 9  7  4  
48 51 53 76 50 52 46 42 75 43 45 44 27 69 24 29 28 25 73 4  3  2  5  1  18 20 23 19 22 90 68 82 83 78 81 79 87 85 89 86 71 88 35 30 33 66 31 34 62 63 74 60 65 64 72 56 57 54 59 55 40 39 37 38 41 70 80 47 16 21 84 11 58 49 36 32 61 26 15 13 12 14 77 17 7  8  9  6  67 10 0  
51 50 52 48 49 76 45 43 44 75 47 46 24 28 69 26 25 29 2  73 0  5  3  4  21 90 19 18 20 23 83 80 78 82 79 68 89 71 88 85 87 84 30 32 31 34 66 35 60 64 63 74 61 65 59 54 72 58 56 57 36 37 40 41 70 39 81 42 17 22 86 6  55 53 38 33 62 27 77 16 14 13 12 15 9  11 8  10 7  67 1  
76 48 49 52 51 53 44 47 43 42 46 75 26 24 27 25 69 28 4  1  5  73 2  0  19 22 90 23 21 20 79 78 68 83 80 81 71 86 87 84 85 89 34 35 32 31 33 66 61 74 60 62 64 63 57 59 55 56 72 58 37 70 39 36 38 41 82 45 13 18 88 8  54 50 40 30 65 29 17 14 77 12 15 16 67 9  7  11 10 6  3  
82 80 68 78 81 83 26 69 25 28 27 29 77 14 12 17 13 16 46 44 42 45 47 75 62 63 65 61 74 64 9  6  8  11 67 7  3  2  0  73 5  1  58 55 72 56 59 54 66 30 35 34 33 32 51 49 48 53 50 76 86 88 84 71 87 89 10 24 20 60 4  41 52 79 85 57 31 15 23 22 18 21 19 90 40 38 36 70 37 39 43 
68 83 80 79 78 81 28 26 24 27 25 69 16 15 17 14 77 12 43 42 46 75 44 47 64 62 74 63 61 60 10 9  67 7  11 6  73 1  2  0  4  5  59 56 58 57 55 72 32 66 31 33 35 34 52 48 53 51 76 49 89 71 87 84 86 85 8  29 18 65 3  40 50 82 88 54 30 13 22 19 90 23 20 21 70 37 39 36 41 38 45 
83 78 81 68 82 79 25 27 69 24 29 28 17 77 15 13 12 14 75 43 45 44 46 42 65 60 63 64 62 74 67 8  7  9  6  10 2  4  5  1  73 3  56 54 55 72 57 59 33 34 66 31 30 35 76 51 52 50 48 53 88 87 89 86 85 71 11 26 21 61 0  36 49 80 84 58 32 16 20 18 23 19 90 22 39 40 37 38 70 41 47 
78 82 79 83 80 68 29 24 28 69 26 25 15 12 77 16 14 13 44 75 47 46 45 43 61 74 64 65 60 63 7  11 9  8  10 67 5  73 3  4  2  0  54 58 57 59 72 56 31 35 34 66 32 30 48 50 76 49 51 52 84 89 88 85 71 87 6  27 22 62 1  38 53 81 86 55 33 17 90 21 19 18 23 20 37 36 40 41 39 70 42 
81 79 78 80 68 82 24 25 26 29 69 27 14 16 13 77 17 15 47 45 75 42 43 46 74 65 62 60 64 61 11 67 6  10 9  8  1  3  4  5  0  73 57 72 56 58 54 55 35 33 32 30 66 31 49 52 50 76 53 51 71 86 85 89 88 84 7  28 23 63 2  39 48 83 87 59 34 12 18 90 22 20 21 19 38 70 41 37 36 40 44 
79 68 82 81 83 80 69 29 27 26 28 24 13 17 16 12 15 77 42 47 44 43 75 45 63 61 60 74 65 62 6  7  10 67 8  11 4  0  73 3  1  2  72 59 54 55 58 57 30 31 33 32 34 66 53 76 49 48 52 50 87 85 71 88 84 86 9  25 19 64 5  37 51 78 89 56 35 14 21 23 20 90 22 18 41 39 70 40 38 36 46 
59 56 55 72 54 57 5  1  73 4  3  2  42 75 43 45 44 46 71 85 88 87 89 86 13 15 12 14 17 77 76 50 48 51 53 52 39 41 37 38 70 40 64 65 62 74 60 63 22 23 90 20 18 19 66 35 31 30 34 33 8  7  9  6  10 67 49 0  26 16 36 80 32 58 11 61 21 47 24 29 28 25 69 27 83 82 78 81 68 79 84 
57 72 54 55 59 58 73 3  1  0  2  4  45 42 47 44 43 75 86 84 87 85 71 88 12 16 15 77 13 17 53 48 52 76 50 49 41 36 70 40 38 39 74 63 65 62 61 60 18 20 22 21 23 90 33 66 32 34 31 30 7  10 67 8  11 6  51 5  25 14 37 78 35 56 9  64 19 46 26 28 24 69 27 29 79 83 68 82 81 80 89 
56 54 57 59 58 72 3  4  2  73 0  5  43 44 75 47 46 45 87 71 84 89 88 85 16 77 14 13 15 12 48 49 51 50 52 76 37 70 40 41 39 36 65 61 60 63 74 64 20 19 23 90 21 18 34 30 66 32 35 31 11 9  8  10 67 7  53 1  27 17 38 81 33 55 6  62 22 42 69 26 25 29 28 24 78 80 82 79 83 68 86 
55 57 56 58 72 54 4  5  0  3  73 1  46 47 45 75 42 43 84 88 71 86 85 89 77 13 17 15 14 16 49 76 53 52 51 50 38 40 41 37 36 70 60 74 64 61 65 62 19 22 21 18 90 20 32 31 30 66 33 35 67 6  10 9  8  11 48 2  28 12 39 83 34 59 7  63 23 44 29 69 27 24 26 25 81 68 79 78 80 82 87 
72 59 58 57 56 55 2  0  4  1  5  73 47 43 42 46 75 44 85 86 89 71 87 84 14 17 77 12 16 15 52 51 76 48 49 53 70 38 39 36 41 37 63 64 61 60 62 74 21 90 20 22 19 23 31 34 33 35 66 32 9  67 7  11 6  10 50 3  29 13 40 82 30 54 8  65 18 45 27 25 69 28 24 26 68 78 83 80 79 81 88 
54 58 72 56 55 59 0  73 5  2  1  3  75 46 44 42 45 47 89 87 86 88 84 71 17 12 13 16 77 14 51 53 50 49 76 48 40 39 36 70 37 38 61 62 74 64 63 65 90 18 19 23 22 21 35 32 34 33 30 66 6  8  11 67 7  9  52 4  24 15 41 79 31 57 10 60 20 43 28 27 29 26 25 69 82 81 80 68 78 83 85 
37 40 41 39 36 70 18 20 23 90 21 19 60 63 74 61 64 65 12 77 16 14 13 15 58 72 56 54 57 59 87 84 89 88 85 71 25 69 29 24 28 26 82 80 79 83 68 78 52 51 48 76 49 50 7  8  67 11 9  10 47 46 45 43 75 44 86 22 33 55 27 1  6  38 42 81 53 62 66 32 35 30 34 31 5  0  3  4  2  73 17 
40 36 70 37 38 39 21 90 19 23 22 18 74 64 63 62 65 61 14 12 17 13 16 77 55 59 54 58 72 56 89 86 88 84 71 87 29 28 26 69 25 27 80 81 68 78 83 82 76 50 51 48 53 49 9  11 7  6  8  67 42 45 47 75 44 46 85 20 31 57 24 4  10 41 43 79 52 60 34 33 30 32 35 66 3  1  0  73 5  2  15 
38 41 37 36 70 40 20 19 21 18 90 22 64 61 65 74 62 60 16 13 77 17 15 14 72 54 55 57 56 58 84 71 86 85 89 88 27 29 24 25 26 69 79 68 78 80 82 81 51 53 49 50 76 52 11 10 8  67 6  9  75 42 43 46 45 47 87 23 34 59 28 2  7  39 44 83 48 63 30 66 33 31 32 35 1  73 4  5  0  3  12 
70 39 36 41 37 38 23 21 20 22 19 90 61 60 62 64 74 63 15 17 14 77 12 16 56 55 72 59 58 57 85 89 71 87 84 86 69 27 28 26 24 25 83 78 80 79 81 68 49 76 52 53 51 48 10 7  6  9  67 11 46 75 44 47 42 43 88 18 30 54 29 3  8  40 45 82 50 65 33 35 66 34 31 32 73 5  2  0  4  1  13 
41 70 40 38 39 36 90 18 22 21 23 20 65 62 61 63 60 74 17 16 12 15 77 13 59 58 57 72 54 55 86 87 85 71 88 84 24 26 69 29 27 28 68 83 82 81 80 79 50 52 53 49 48 76 6  67 11 7  10 8  44 43 75 45 47 42 89 19 35 56 25 5  9  37 46 78 51 64 32 34 31 66 33 30 4  2  73 3  1  0  14 
39 37 38 70 40 41 19 22 90 20 18 23 62 74 60 65 63 64 77 15 13 12 14 17 54 57 59 56 55 72 71 88 87 89 86 85 28 24 25 27 69 29 78 82 81 68 79 83 53 48 76 52 50 51 67 9  10 8  7  6  45 44 46 42 43 75 84 21 32 58 26 0  11 36 47 80 49 61 31 30 34 35 66 33 2  3  5  1  73 4  16 
66 34 32 31 35 33 87 84 85 86 89 71 0  4  1  5  73 2  41 38 37 70 39 36 25 27 69 28 26 24 57 56 72 59 58 55 67 6  7  11 10 9  23 19 21 20 22 90 16 77 15 17 14 12 60 63 62 64 74 61 78 68 83 80 81 79 54 88 45 29 8  50 65 30 82 18 13 3  42 46 75 44 43 47 76 51 48 49 52 53 40 
31 66 30 33 34 32 71 88 86 84 87 85 3  1  0  2  4  73 38 36 39 41 70 40 28 26 24 69 29 27 55 59 57 72 54 58 10 11 67 8  6  7  90 23 18 22 21 20 13 15 17 16 12 77 62 74 61 63 60 65 83 79 68 82 80 81 56 89 46 25 9  51 64 35 78 19 14 5  47 44 43 75 42 45 52 48 76 50 53 49 37 
30 32 66 35 33 34 84 71 89 87 86 88 73 5  2  1  3  0  37 39 38 40 36 70 27 28 29 26 69 25 56 55 54 58 72 59 8  7  11 67 9  6  21 22 90 19 23 18 77 13 14 12 17 16 64 61 63 62 65 74 81 82 80 68 83 78 57 85 43 24 10 52 60 31 79 20 15 4  44 42 45 47 46 75 50 53 49 76 51 48 41 
34 35 33 66 30 31 89 86 71 85 88 87 1  73 4  3  2  5  70 41 40 39 37 38 29 24 28 25 27 69 72 54 59 56 55 57 7  10 9  6  67 8  19 18 22 90 20 23 17 12 77 15 13 14 74 64 60 65 63 62 82 83 78 81 79 68 58 84 47 26 11 49 61 32 80 21 16 0  43 45 44 46 75 42 48 50 51 53 76 52 36 
33 31 35 32 66 30 85 89 84 88 71 86 5  0  3  73 1  4  36 40 70 38 41 37 69 29 27 24 25 26 58 72 55 57 56 54 6  8  10 9  11 67 20 90 19 21 18 22 14 17 16 13 77 15 61 60 65 74 62 64 68 81 79 78 82 80 59 87 44 28 7  48 63 34 83 23 12 2  45 75 42 43 47 46 53 76 52 51 49 50 39 
35 30 31 34 32 66 88 85 87 71 84 89 4  2  73 0  5  3  39 70 36 37 40 41 26 69 25 29 24 28 59 58 56 54 57 72 9  67 8  10 7  11 18 21 20 23 90 19 15 14 12 77 16 13 63 65 74 61 64 60 80 78 82 79 68 83 55 86 42 27 6  53 62 33 81 22 17 1  75 47 46 45 44 43 51 49 50 52 48 76 38 
26 27 28 29 24 25 53 48 50 51 52 49 83 82 78 79 80 81 54 56 57 58 55 59 41 37 36 38 39 40 13 15 16 17 12 14 32 35 33 34 30 31 1  4  2  3  5  0  87 84 88 89 85 86 45 42 46 43 47 44 60 61 62 63 64 65 74 67 71 73 76 66 77 90 72 69 75 70 9  10 11 6  8  7  21 20 22 23 18 19 68 
84 86 87 88 85 89 62 63 65 64 60 61 34 30 35 31 32 33 18 19 20 21 22 23 52 51 49 53 48 50 3  4  0  1  2  5  16 14 17 12 13 15 6  10 7  8  9  11 83 80 82 78 79 81 40 38 37 41 36 39 24 26 27 28 25 29 69 72 68 67 74 77 73 75 90 71 70 76 56 57 58 55 54 59 47 43 42 44 45 46 66 
16 17 12 13 15 14 81 83 82 78 79 80 7  8  9  10 11 6  50 51 52 49 53 48 85 89 84 86 87 88 18 20 21 22 23 19 58 56 55 59 54 57 42 43 44 45 46 47 2  0  3  5  4  1  29 27 25 24 26 28 31 32 33 34 35 30 66 70 73 75 68 72 90 74 76 77 69 71 37 41 36 38 40 39 61 60 62 63 65 64 67 
61 62 63 65 60 64 38 39 40 37 41 36 87 88 89 85 84 86 8  9  10 11 6  7  43 46 47 42 44 45 30 31 32 33 34 35 80 78 81 83 82 79 17 15 12 13 14 16 28 26 29 25 24 27 18 22 19 20 21 23 52 49 53 48 51 50 76 73 69 77 70 68 66 72 67 74 90 75 5  4  0  1  3  2  58 57 55 59 54 56 71 
49 53 48 50 52 51 42 44 45 46 43 47 28 29 25 24 26 27 3  5  4  0  1  2  20 19 21 22 23 18 82 79 80 81 83 78 84 89 86 87 88 85 33 31 34 30 35 32 63 61 65 64 60 62 54 55 56 57 58 59 41 36 38 39 37 40 70 77 74 66 75 71 68 67 73 76 72 90 14 15 16 17 13 12 11 10 6  7  8  9  69 
21 22 23 18 20 19 6  7  8  9  10 11 39 40 37 41 36 38 82 78 79 80 81 83 4  5  0  1  2  3  65 60 61 62 63 64 49 51 53 48 50 52 27 24 28 29 25 26 44 47 45 46 43 42 13 17 14 15 16 12 57 58 55 59 56 54 72 71 75 69 67 76 74 66 68 90 77 73 89 85 84 86 88 87 32 31 33 34 30 35 70 
36 38 39 40 41 37 22 23 18 19 20 21 63 65 64 60 61 62 13 14 15 16 17 12 57 56 58 55 59 54 88 85 84 86 87 89 26 25 27 28 29 24 81 79 83 82 78 80 48 49 50 51 52 53 8  6  9  10 11 7  43 47 42 44 46 45 75 66 76 68 90 69 71 73 77 70 67 72 35 31 32 33 30 34 0  4  1  2  3  5  74 
0  1  2  3  4  5  33 34 30 35 31 32 59 54 56 57 58 55 65 64 60 61 62 63 79 78 80 81 83 82 45 43 47 42 44 46 21 19 22 23 18 20 38 41 39 40 37 36 7  11 8  9  10 6  88 86 89 85 84 87 15 16 17 12 14 13 77 76 67 70 66 90 75 69 74 73 71 68 51 52 49 53 50 48 26 24 27 28 29 25 72 
32 33 34 30 31 35 86 87 88 89 85 84 2  3  5  4  0  1  40 37 41 36 38 39 24 25 26 27 28 29 54 57 58 55 59 56 11 9  6  7  8  10 22 20 23 18 19 21 12 16 13 14 15 17 65 62 64 60 61 63 79 80 81 83 78 82 68 75 77 90 71 67 72 76 70 66 74 69 46 43 47 42 45 44 49 52 53 48 50 51 73 
80 81 83 82 79 78 27 28 29 25 24 26 12 13 14 15 16 17 45 46 43 47 42 44 60 64 61 62 63 65 8  10 11 6  7  9  0  5  1  2  3  4  55 57 59 54 56 58 34 32 30 35 31 33 50 53 51 52 49 48 85 84 86 87 89 88 71 90 66 72 69 73 67 70 75 68 76 74 19 20 21 22 18 23 36 41 38 39 40 37 77 
58 55 59 54 57 56 1  2  3  5  4  0  44 45 46 43 47 42 88 89 85 84 86 87 15 14 16 17 12 13 50 52 49 53 48 51 36 37 38 39 40 41 62 60 63 65 64 61 23 21 18 19 20 22 30 33 35 31 32 34 10 11 6  7  9  8  67 69 90 74 73 70 76 68 71 72 66 77 25 24 26 27 29 28 80 79 81 83 82 78 75 
47 42 44 45 43 46 55 59 54 56 57 58 48 50 51 52 49 53 30 35 31 32 33 34 10 9  11 6  7  8  29 24 26 27 28 25 61 64 62 63 65 60 86 85 87 88 89 84 39 36 40 37 41 38 3  1  5  4  0  2  20 21 22 23 19 18 90 68 70 71 72 74 69 77 66 75 73 67 78 79 80 81 82 83 16 15 17 12 13 14 76 
17 15 14 16 77 13 79 78 80 82 68 81 9  11 8  67 6  10 49 50 76 53 52 51 71 88 86 85 89 84 21 90 22 20 19 18 55 54 57 56 58 72 43 75 46 47 45 42 5  1  0  3  73 4  26 24 29 69 27 25 66 33 31 35 30 32 23 83 39 87 59 63 28 12 34 44 2  7  40 70 38 41 36 37 62 74 60 64 61 65 48 
77 12 16 15 14 17 83 80 79 81 78 68 11 10 6  9  67 7  52 53 51 76 48 49 89 86 71 87 84 85 20 19 90 23 21 22 72 55 59 58 57 56 44 46 47 43 42 75 0  73 4  1  5  2  24 28 27 25 69 26 35 66 34 32 33 31 18 82 40 88 54 65 29 13 30 45 3  8  38 37 70 39 41 36 74 64 63 61 60 62 50 
15 77 13 17 12 16 68 82 81 80 83 79 8  6  11 7  10 67 53 49 48 52 76 50 87 84 85 71 88 86 22 23 20 90 18 21 57 58 72 54 55 59 75 44 45 42 47 43 3  4  1  0  2  73 27 69 26 28 24 29 34 31 66 30 32 33 19 78 37 89 56 64 25 14 35 46 5  9  36 39 41 70 38 40 60 63 74 65 62 61 51 
13 16 77 14 17 12 80 68 78 83 81 82 67 9  7  6  8  11 51 48 53 50 49 76 86 87 88 84 71 89 19 22 18 21 90 23 54 59 58 72 56 55 47 42 75 46 44 45 73 3  5  2  1  0  25 26 28 27 29 69 33 30 32 66 34 35 20 79 41 85 57 60 24 15 31 43 4  10 39 38 40 36 37 70 65 62 61 74 64 63 52 
14 13 15 12 16 77 82 79 83 68 80 78 10 7  67 11 9  8  48 76 49 51 50 52 84 71 89 88 85 87 23 21 19 18 20 90 56 72 54 57 59 58 45 47 43 44 75 46 4  5  2  73 0  3  28 29 69 26 25 24 32 35 30 31 66 34 22 81 38 86 55 62 27 17 33 42 1  6  70 36 37 40 39 41 64 61 65 60 63 74 53 
12 14 17 77 13 15 78 81 68 79 82 83 6  67 10 8  7  9  76 52 50 48 51 53 88 85 87 89 86 71 90 18 23 19 22 20 59 57 56 55 72 54 46 45 42 75 43 44 1  2  73 4  3  5  69 25 24 29 28 27 30 34 35 33 31 66 21 80 36 84 58 61 26 16 32 47 0  11 41 40 39 37 70 38 63 65 64 62 74 60 49 
20 90 18 22 23 21 67 8  6  11 7  10 40 38 36 39 41 70 81 80 83 79 68 82 2  0  4  73 3  1  62 63 60 74 65 61 52 49 76 50 53 48 69 28 29 27 26 24 45 43 42 47 44 75 17 77 16 12 15 13 59 57 72 54 58 55 64 9  89 5  51 35 14 19 56 25 46 37 84 87 85 71 86 88 31 34 66 30 33 32 78 
90 23 21 20 19 22 7  11 10 6  9  67 36 41 38 37 70 39 79 81 78 68 83 80 5  1  73 2  0  4  60 64 74 63 61 62 76 53 48 49 52 51 28 25 26 24 27 69 47 75 43 42 46 44 15 12 17 14 77 16 56 72 59 58 55 57 65 8  88 3  50 30 13 18 54 29 45 40 86 89 71 87 85 84 66 35 34 32 31 33 82 
18 21 90 19 22 23 11 67 9  7  6  8  70 37 39 38 40 36 78 83 81 82 80 68 1  2  3  0  73 5  64 62 65 61 74 63 50 48 49 76 51 53 26 27 69 25 28 29 75 45 46 44 42 47 14 16 12 17 13 77 55 54 58 72 59 56 60 10 85 4  52 31 15 20 57 24 43 41 87 86 88 84 89 71 30 33 32 66 35 34 79 
23 19 22 90 18 20 9  6  67 10 8  7  38 70 41 40 39 37 68 79 82 83 78 81 3  4  2  5  1  73 74 65 63 64 62 60 48 52 51 53 76 50 25 29 27 69 24 28 42 44 75 43 45 46 77 14 15 13 12 17 54 59 56 55 57 72 61 11 84 0  49 32 16 21 58 26 47 36 85 88 87 89 71 86 34 30 35 33 66 31 80 
19 18 20 23 21 90 8  10 7  67 11 9  41 39 70 36 37 40 83 68 80 78 82 79 0  73 5  3  4  2  63 61 64 65 60 74 51 76 50 52 48 49 29 26 24 28 69 25 43 46 44 75 47 45 12 13 77 16 14 15 58 56 54 57 72 59 62 6  86 1  53 33 17 22 55 27 42 38 71 84 89 88 87 85 35 32 30 31 34 66 81 
22 20 19 21 90 18 10 9  11 8  67 6  37 36 40 70 38 41 80 82 68 81 79 78 73 3  1  4  5  0  61 74 62 60 64 65 53 50 52 51 49 76 24 69 25 26 29 27 46 42 47 45 75 43 16 15 13 77 17 14 72 55 57 56 54 58 63 7  87 2  48 34 12 23 59 28 44 39 88 71 86 85 84 89 33 66 31 35 32 30 83 
11 6  7  8  10 9  17 12 13 14 15 16 23 18 19 20 21 22 29 25 24 26 27 28 31 35 32 33 34 30 40 41 36 38 39 37 47 46 42 44 45 43 53 52 48 50 51 49 59 58 54 56 57 55 82 81 78 79 80 83 4  0  1  2  5  3  73 74 72 76 77 75 70 71 69 67 68 66 64 60 61 62 65 63 84 85 86 87 88 89 90 
