48 3  0  4  2  5  82 79 81 50 83 80 84 86 87 89 51 85 45 77 73 76 72 75 61 64 60 62 63 44 68 70 71 49 67 69 47 55 59 56 58 54 65 88 20 30 57 13 1  10 40 26 78 74 16 43 17 15 12 14 21 22 18 53 19 23 7  8  11 6  9  52 35 31 34 32 33 90 39 37 36 46 38 41 29 42 27 24 25 28 66 
5  48 2  0  1  4  79 81 80 82 50 78 88 51 89 85 87 84 72 76 45 74 75 77 64 63 44 65 62 61 49 66 70 69 71 67 59 54 56 55 47 57 60 86 23 34 58 15 3  7  39 25 83 73 17 14 13 43 16 12 18 21 19 22 20 53 52 10 9  11 8  6  31 33 90 30 32 35 46 40 37 38 41 36 28 24 29 27 42 26 68 
2  0  48 3  5  1  78 83 50 80 81 82 87 85 88 86 84 51 76 45 77 72 74 73 65 60 63 61 44 62 71 69 49 70 68 66 54 47 57 58 55 59 64 89 21 31 56 12 4  11 41 27 79 75 43 17 14 16 15 13 23 20 53 19 22 18 9  6  7  10 52 8  30 34 33 35 90 32 36 38 46 37 40 39 42 28 25 26 29 24 67 
1  2  5  48 4  3  83 50 82 78 80 79 89 84 86 51 88 87 74 72 76 75 73 45 60 44 62 64 61 65 70 67 69 66 49 68 57 59 58 47 54 56 63 85 18 33 55 16 0  9  36 29 81 77 14 13 12 17 43 15 53 23 22 20 21 19 8  11 52 7  6  10 34 90 32 31 35 30 37 41 38 40 39 46 24 26 42 25 28 27 71 
0  4  3  1  48 2  80 78 83 81 79 50 51 89 84 88 85 86 77 73 75 45 76 74 62 65 64 44 60 63 67 49 68 71 66 70 55 58 54 57 56 47 61 87 22 35 59 14 5  6  38 24 82 72 15 16 43 12 13 17 20 19 23 18 53 21 11 52 10 8  7  9  32 30 31 90 34 33 41 46 39 36 37 40 25 29 26 28 27 42 69 
3  1  4  5  0  48 50 82 79 83 78 81 85 88 51 87 86 89 73 75 74 77 45 72 44 61 65 63 64 60 66 71 67 68 69 49 58 56 47 59 57 55 62 84 19 32 54 17 2  8  37 28 80 76 12 15 16 13 14 43 22 53 21 23 18 20 10 9  6  52 11 7  90 35 30 33 31 34 40 36 41 39 46 38 27 25 24 42 26 29 70 
23 20 21 22 18 53 51 87 89 86 88 85 16 13 43 14 15 12 39 41 40 36 46 38 50 82 78 81 79 83 65 63 64 60 61 44 7  11 52 6  10 9  80 17 54 70 8  28 19 32 2  76 84 37 27 25 29 26 24 42 59 47 56 58 55 57 30 33 35 90 31 34 49 69 66 71 67 68 1  0  4  3  48 5  75 73 72 45 74 77 62 
20 19 22 53 21 23 86 51 87 88 84 89 12 17 15 43 13 14 40 38 37 41 39 46 83 50 80 79 82 78 62 64 61 65 44 60 10 6  7  52 8  11 81 16 55 71 9  29 18 33 0  77 85 36 24 26 27 28 42 25 47 58 59 57 56 54 32 31 90 34 35 30 68 49 70 67 69 66 2  4  5  1  3  48 72 74 45 73 76 75 63 
19 18 53 23 22 20 88 86 51 84 85 87 14 16 13 15 17 43 37 46 36 38 40 39 78 83 81 82 50 80 63 61 44 62 60 65 8  52 10 7  9  6  79 12 56 67 11 27 21 31 4  75 89 41 42 28 24 29 25 26 58 57 47 54 59 55 33 35 34 30 90 32 66 68 71 69 49 70 0  5  48 2  1  3  45 76 73 74 77 72 64 
53 23 18 21 19 22 87 89 85 51 86 84 17 15 14 12 43 16 46 36 39 37 38 41 82 79 83 80 81 50 60 62 63 44 64 61 52 9  6  11 7  8  78 13 57 66 10 26 20 30 1  74 88 40 29 42 28 25 27 24 56 59 55 47 54 58 34 32 31 35 33 90 69 67 68 70 71 49 3  2  0  48 5  4  77 45 75 72 73 76 65 
22 53 19 18 20 21 89 85 84 87 51 88 13 43 12 16 14 17 38 37 46 40 41 36 79 81 50 78 80 82 44 65 62 61 63 64 6  8  11 9  52 10 83 15 58 68 7  25 23 34 3  73 86 39 28 24 26 42 29 27 55 56 54 59 57 47 90 30 33 31 32 35 67 71 49 66 70 69 48 1  2  5  4  0  76 72 77 75 45 74 60 
18 21 23 20 53 19 84 88 86 85 89 51 43 12 17 13 16 15 36 39 41 46 37 40 80 78 79 50 83 81 64 44 60 63 65 62 9  7  8  10 11 52 82 14 59 69 6  24 22 35 5  72 87 38 25 29 42 27 26 28 57 54 58 55 47 56 31 90 30 32 34 33 70 66 67 49 68 71 4  48 3  0  2  1  73 77 74 76 75 45 61 
9  11 7  10 52 8  28 26 25 29 27 42 45 75 76 74 77 73 18 23 21 53 19 20 17 13 12 43 15 16 89 51 86 85 88 84 71 68 70 66 67 49 14 72 35 82 69 38 6  61 59 5  24 22 39 36 46 41 40 37 30 32 34 33 90 31 64 44 65 62 60 63 80 78 79 50 83 81 56 47 58 55 54 57 3  0  1  2  4  48 87 
6  52 8  9  10 11 27 29 28 24 42 26 74 45 75 77 72 76 22 19 53 20 21 18 12 16 43 13 17 14 51 88 84 87 85 89 69 70 67 71 49 66 15 73 34 83 68 39 7  60 58 3  25 23 37 38 40 46 36 41 33 31 32 35 30 90 44 65 63 64 62 61 79 81 50 78 80 82 47 57 54 59 56 55 2  5  0  4  48 1  86 
7  10 11 6  9  52 42 24 27 25 26 29 77 74 45 72 73 75 23 21 20 18 53 22 43 14 13 16 12 15 88 85 89 86 87 51 68 67 49 69 66 71 17 76 32 80 70 37 8  62 54 2  28 19 41 39 36 40 38 46 35 90 31 34 33 30 65 63 61 44 64 60 50 82 78 81 79 83 57 55 56 58 47 59 4  3  5  48 1  0  84 
10 8  6  52 11 7  25 42 24 26 28 27 75 76 73 45 74 72 20 22 19 21 23 53 15 43 17 12 14 13 84 89 87 88 51 86 66 69 68 49 70 67 16 77 33 81 71 36 9  63 55 0  29 18 38 40 41 37 46 39 90 34 35 30 31 32 62 64 44 60 61 65 83 50 80 79 82 78 54 56 59 57 58 47 5  1  48 3  2  4  85 
52 7  9  11 8  6  24 27 29 42 25 28 76 73 72 75 45 77 53 18 23 19 22 21 14 12 15 17 16 43 86 84 85 51 89 87 49 71 69 67 68 70 13 74 30 78 66 40 10 65 57 1  26 20 36 46 37 39 41 38 31 35 33 90 32 34 60 62 64 61 63 44 82 79 83 80 81 50 58 54 55 47 59 56 0  48 4  5  3  2  88 
8  9  52 7  6  10 26 25 42 28 29 24 72 77 74 73 76 45 19 53 18 22 20 23 13 15 16 14 43 17 85 87 51 84 86 88 70 49 66 68 71 69 12 75 31 79 67 41 11 64 56 4  27 21 46 37 38 36 39 40 34 30 90 32 35 33 63 61 60 65 44 62 78 83 81 82 50 80 55 59 47 54 57 58 48 2  3  1  0  5  89 
43 15 16 12 17 14 6  11 9  52 7  8  32 34 35 31 90 33 50 81 83 80 82 79 59 56 58 54 55 47 23 19 18 53 21 22 45 77 72 75 73 76 57 30 26 1  74 66 13 40 88 65 10 78 71 49 70 68 67 69 27 24 29 42 28 25 39 37 41 38 36 46 5  4  3  2  0  48 86 84 85 51 87 89 63 44 64 61 60 62 20 
17 16 43 15 14 13 10 7  52 8  9  6  35 33 30 34 32 90 80 50 81 82 78 83 57 58 55 59 47 54 18 22 53 19 23 20 76 45 74 73 77 72 56 31 27 4  75 67 12 41 89 64 11 79 49 70 69 71 68 66 25 26 42 28 24 29 36 38 39 40 46 37 1  3  0  5  48 2  85 87 51 84 88 86 44 62 60 65 63 61 21 
14 43 17 16 13 12 11 9  8  6  52 10 30 90 31 33 35 32 82 80 50 78 79 81 56 55 47 57 54 59 53 20 19 22 18 21 72 76 75 77 45 74 58 34 25 3  73 68 15 39 86 60 7  83 70 69 66 49 71 67 29 27 28 24 26 42 46 40 36 41 37 38 4  0  48 1  2  5  51 88 84 87 89 85 62 61 63 64 44 65 23 
16 12 15 13 43 17 8  10 7  9  11 52 90 31 32 30 33 34 81 83 79 50 80 78 54 57 56 47 58 55 21 53 23 18 20 19 77 73 76 74 75 45 59 35 24 5  72 69 14 38 87 61 6  82 68 71 49 67 66 70 26 28 25 29 42 27 41 46 40 37 39 36 2  1  4  48 3  0  89 51 86 85 84 88 60 63 65 62 64 44 22 
15 13 12 14 16 43 52 6  11 7  10 9  33 30 90 35 34 31 83 79 78 81 50 82 47 59 57 55 56 58 20 18 21 23 22 53 73 75 45 72 74 77 54 32 28 2  76 70 17 37 84 62 8  80 67 68 71 66 69 49 24 42 27 25 29 26 40 36 38 46 41 39 48 5  1  0  4  3  88 85 89 86 51 87 64 60 61 44 65 63 19 
13 17 14 43 12 15 7  52 6  10 8  11 31 32 34 90 30 35 78 82 80 79 83 50 58 47 54 56 59 57 19 21 22 20 53 23 74 72 73 45 76 75 55 33 29 0  77 71 16 36 85 63 9  81 69 66 67 70 49 68 42 25 24 26 27 28 37 41 46 39 38 40 3  48 2  4  5  1  84 89 87 88 86 51 61 65 44 60 62 64 18 
39 40 41 38 36 46 44 61 64 60 65 63 81 78 50 82 83 79 25 27 26 29 42 24 49 69 66 71 67 68 30 33 31 34 35 90 23 21 53 22 20 18 70 80 2  8  19 84 37 54 76 17 62 28 89 86 85 88 87 51 5  48 4  3  0  1  57 55 59 47 56 58 52 6  10 9  11 7  74 77 75 73 45 72 12 15 14 43 13 16 32 
40 37 38 46 41 39 60 44 61 65 62 64 79 80 83 50 78 82 26 24 28 27 25 42 68 49 70 67 69 66 32 31 35 30 90 34 20 22 23 53 19 21 71 81 0  9  18 85 36 55 77 16 63 29 87 88 89 84 51 86 48 3  5  1  4  2  54 56 47 58 59 57 7  52 8  11 6  10 76 75 72 74 73 45 14 13 43 15 17 12 33 
38 46 37 36 40 41 64 63 62 61 44 65 78 50 79 81 82 80 24 28 42 26 27 29 67 71 49 66 70 69 90 30 32 35 33 31 22 19 21 18 53 20 68 83 3  7  23 86 39 58 73 15 60 25 84 87 88 51 85 89 0  4  2  5  1  48 47 57 55 56 54 59 11 9  52 10 8  6  45 74 76 72 75 77 17 14 16 12 43 13 34 
36 41 39 40 46 37 62 65 60 63 64 44 50 79 80 78 81 83 29 25 27 42 28 26 70 66 67 49 68 71 31 90 34 33 30 32 18 23 19 20 21 53 69 82 5  6  22 87 38 59 72 14 61 24 86 85 51 89 88 84 1  2  3  0  48 4  56 47 57 54 58 55 8  10 11 52 7  9  75 45 73 77 76 74 15 16 13 17 12 43 35 
37 36 46 39 38 40 65 60 44 62 63 61 82 81 78 83 80 50 28 42 29 24 26 25 66 68 71 69 49 70 33 35 90 32 34 30 19 53 20 23 18 22 67 79 4  11 21 89 41 56 75 12 64 27 51 84 87 85 86 88 3  1  48 2  5  0  55 59 58 57 47 54 10 7  9  6  52 8  77 72 45 76 74 73 43 17 15 13 16 14 31 
46 39 36 41 37 38 61 64 63 44 60 62 80 83 82 79 50 81 42 29 25 28 24 27 69 67 68 70 71 49 34 32 33 90 31 35 53 18 22 21 23 19 66 78 1  10 20 88 40 57 74 13 65 26 85 51 84 86 89 87 4  5  0  48 2  3  58 54 56 59 55 47 6  11 7  8  9  52 73 76 77 45 72 75 16 43 12 14 15 17 30 
24 42 28 29 26 27 31 33 32 35 90 30 66 49 67 71 69 70 87 84 51 88 89 85 11 9  52 10 8  6  47 57 54 59 55 56 38 37 41 36 46 40 7  68 73 23 39 60 25 3  15 83 34 86 62 61 65 44 63 64 77 75 76 72 74 45 48 1  0  4  2  5  21 18 53 20 19 22 43 13 17 14 12 16 80 82 81 79 50 78 58 
29 27 25 26 42 28 32 30 34 33 31 90 49 67 70 66 71 68 85 86 89 51 84 88 8  10 11 52 7  9  56 47 58 55 57 54 36 39 37 40 41 46 6  69 72 22 38 61 24 5  14 82 35 87 60 63 44 64 65 62 74 76 73 77 45 75 4  48 1  2  3  0  19 20 21 53 23 18 12 43 15 16 17 13 83 81 78 80 79 50 59 
28 29 42 25 24 26 30 34 90 32 33 35 69 71 66 68 70 49 84 51 85 87 88 86 10 7  9  6  52 8  55 59 47 54 58 57 37 46 40 39 36 38 11 67 75 21 41 64 27 4  12 79 31 89 44 62 61 63 60 65 73 74 45 76 72 77 0  5  3  1  48 2  20 23 18 22 53 19 16 14 43 17 13 15 50 80 83 78 81 82 56 
42 25 29 27 28 24 35 31 33 90 34 32 70 68 69 67 49 71 51 85 86 84 87 89 6  11 7  8  9  52 58 54 55 47 56 59 46 36 38 41 39 37 10 66 74 20 40 65 26 1  13 78 30 88 63 44 62 60 64 61 75 72 77 45 76 73 3  2  4  5  0  48 22 21 23 19 18 53 15 17 16 43 14 12 81 50 79 82 83 80 57 
26 28 24 42 27 25 34 90 35 30 32 31 67 70 68 49 66 69 88 87 84 89 86 51 7  52 8  11 6  10 54 56 59 57 47 58 40 38 39 46 37 41 9  71 77 18 36 63 29 0  16 81 33 85 61 65 64 62 44 60 45 73 72 74 75 76 2  4  48 3  5  1  23 53 19 21 22 20 17 12 14 13 15 43 82 78 50 83 80 79 55 
25 26 27 24 29 42 90 35 31 34 30 33 71 66 49 69 68 67 86 89 88 85 51 87 52 6  10 9  11 7  57 55 56 58 59 47 39 41 46 38 40 36 8  70 76 19 37 62 28 2  17 80 32 84 64 60 63 65 61 44 72 45 75 73 77 74 1  0  5  48 4  3  53 22 20 18 21 23 13 16 12 15 43 14 79 83 82 50 78 81 54 
90 34 33 31 32 35 72 75 77 45 73 76 37 39 38 41 46 36 47 55 58 54 59 56 24 27 25 28 29 42 15 17 16 43 12 14 44 63 61 64 60 62 26 40 66 88 65 1  30 78 10 20 74 57 0  48 2  3  4  5  67 69 71 49 70 68 83 80 79 82 81 50 87 89 86 84 85 51 7  8  9  52 6  11 18 53 21 22 23 19 13 
32 33 90 34 35 30 74 73 45 76 77 72 38 36 40 39 37 46 54 47 55 59 57 58 26 25 29 24 42 28 16 14 43 17 15 13 62 44 65 60 63 61 27 41 67 89 64 4  31 79 11 21 75 56 48 2  5  0  3  1  68 66 49 70 69 71 81 82 83 78 50 80 88 86 85 87 51 84 9  6  52 8  10 7  53 19 23 20 18 22 12 
34 30 31 35 33 90 45 72 75 73 74 77 36 40 46 38 39 41 58 56 57 55 47 59 42 24 26 29 27 25 13 16 12 15 14 43 60 64 44 61 65 63 28 37 70 84 62 2  32 80 8  19 76 54 4  3  0  1  5  48 69 49 67 68 71 66 78 81 82 50 79 83 51 87 88 85 89 86 10 9  11 7  52 6  21 23 22 53 20 18 17 
30 32 35 90 31 34 73 45 72 74 76 75 41 37 39 46 40 38 57 59 54 56 58 47 25 42 28 27 24 26 17 12 14 13 43 15 65 61 60 44 62 64 29 36 71 85 63 0  33 81 9  18 77 55 5  1  4  2  48 3  49 68 69 66 67 70 80 79 50 83 82 78 86 51 84 89 87 88 8  11 6  10 7  52 22 20 53 23 19 21 16 
35 90 32 33 30 31 75 77 76 72 45 74 40 46 41 36 38 37 59 54 47 57 56 55 27 29 42 26 28 24 43 13 17 14 16 12 61 62 64 63 44 65 25 39 68 86 60 3  34 83 7  23 73 58 2  5  1  48 0  4  71 67 70 69 66 49 50 78 81 79 80 82 89 85 51 88 84 87 52 10 8  6  11 9  19 22 18 21 53 20 15 
33 31 34 30 90 32 76 74 73 77 75 45 46 41 37 40 36 39 55 58 56 47 54 57 28 26 27 42 25 29 12 43 15 16 13 17 63 60 62 65 64 44 24 38 69 87 61 5  35 82 6  22 72 59 3  0  48 4  1  2  66 70 68 71 49 67 79 50 78 80 83 81 84 88 89 51 86 85 11 52 7  9  8  10 23 18 20 19 21 53 14 
41 38 40 37 39 36 63 62 65 64 61 60 83 82 81 80 79 78 27 26 24 25 29 28 71 70 69 68 66 67 35 34 30 31 32 33 21 20 18 19 22 23 50 43 47 49 52 42 53 90 48 45 51 46 88 89 86 87 84 85 2  0  1  4  3  5  59 58 54 55 57 56 9  8  6  7  10 11 72 73 74 75 77 76 13 12 17 16 14 15 44 
11 6  10 8  7  9  29 28 26 27 24 25 73 72 77 76 75 74 21 20 22 23 18 19 16 17 14 15 13 12 87 86 88 89 84 85 67 66 71 70 69 68 45 48 44 43 50 53 49 51 90 47 46 52 40 41 39 38 37 36 32 33 30 31 34 35 61 60 62 63 65 64 81 80 82 83 78 79 59 58 57 56 55 54 1  4  2  0  5  3  42 
56 59 57 54 58 55 16 17 13 12 14 15 25 24 29 28 27 26 4  1  5  3  0  2  85 84 87 86 88 89 82 83 78 79 80 81 31 30 33 32 35 34 42 46 49 51 44 48 90 50 52 53 45 47 74 75 73 72 76 77 8  9  10 11 7  6  69 68 70 71 66 67 63 62 61 60 65 64 22 23 20 21 18 19 40 41 37 36 38 39 43 
89 87 88 84 86 85 55 54 57 56 59 58 7  6  9  8  11 10 64 65 61 60 63 62 18 19 22 23 20 21 5  3  1  4  2  0  27 26 29 28 24 25 52 49 45 53 46 44 42 48 43 50 90 51 30 31 34 35 32 33 17 16 13 12 15 14 72 73 76 77 74 75 36 37 38 39 40 41 82 83 78 79 81 80 66 67 70 71 69 68 47 
31 35 30 32 34 33 77 76 74 75 72 73 39 38 36 37 41 40 56 57 59 58 55 54 29 28 24 25 26 27 14 15 13 12 17 16 64 65 63 62 61 60 46 53 50 42 51 47 44 43 49 52 48 90 1  4  3  5  2  0  70 71 66 67 68 69 82 83 80 81 78 79 85 84 87 86 88 89 6  7  10 11 9  8  20 21 19 18 22 23 45 
67 69 66 70 68 71 36 37 40 41 38 39 3  5  0  2  4  1  11 10 6  7  9  8  77 76 72 73 74 75 24 25 26 27 28 29 79 78 81 80 82 83 48 47 51 45 43 52 50 42 44 90 53 49 20 21 23 22 19 18 62 63 65 64 60 61 87 86 84 85 88 89 16 17 14 15 13 12 35 34 30 31 33 32 57 56 54 55 59 58 46 
4  5  1  2  3  0  81 80 78 79 82 83 86 87 85 84 89 88 75 74 72 73 77 76 63 62 61 60 65 64 69 68 66 67 70 71 56 57 55 54 59 58 51 42 52 44 90 45 47 49 53 46 43 48 13 12 15 14 17 16 19 18 20 21 23 22 6  7  8  9  10 11 33 32 35 34 30 31 38 39 40 41 36 37 26 27 28 29 24 25 50 
64 61 65 62 60 63 0  2  1  4  5  3  23 22 18 19 21 20 31 30 35 34 33 32 36 37 38 39 40 41 72 73 74 75 76 77 89 88 85 84 87 86 53 52 43 46 42 90 51 45 50 49 47 44 57 56 58 59 54 55 80 81 78 79 83 82 14 15 17 16 13 12 29 28 24 25 26 27 69 68 66 67 71 70 10 11 8  9  6  7  48 
75 72 74 76 73 77 71 70 66 67 69 68 60 61 63 62 64 65 12 13 14 15 16 17 33 32 35 34 30 31 6  7  10 11 8  9  4  1  0  2  5  3  44 51 53 90 47 43 48 52 46 42 50 45 78 79 83 82 80 81 37 36 40 41 39 38 22 23 19 18 20 21 55 54 59 58 57 56 24 25 26 27 29 28 88 89 84 85 87 86 49 
79 82 78 80 83 81 18 19 20 21 22 23 58 59 55 54 56 57 67 66 69 68 71 70 0  2  5  3  1  4  38 39 40 41 37 36 12 13 16 17 14 15 47 90 42 48 45 49 43 46 51 44 52 50 10 11 7  6  8  9  84 85 88 89 86 87 24 25 28 29 26 27 77 76 72 73 74 75 61 60 65 64 63 62 30 31 32 33 35 34 53 
21 22 20 19 23 18 85 84 88 89 87 86 15 14 16 17 12 13 41 40 38 39 36 37 81 80 82 83 78 79 61 60 65 64 62 63 11 10 9  8  6  7  43 45 90 50 49 46 52 44 47 48 42 53 26 27 25 24 28 29 54 55 57 56 58 59 35 34 32 33 30 31 71 70 69 68 66 67 5  3  1  4  0  2  74 75 76 77 72 73 51 
12 14 13 17 15 16 9  8  10 11 6  7  34 35 33 32 31 30 79 78 82 83 81 80 55 54 59 58 57 56 22 23 20 21 19 18 75 74 77 76 72 73 90 44 46 47 48 50 45 53 42 51 49 43 66 67 68 69 70 71 28 29 26 27 25 24 38 39 37 36 40 41 0  2  5  3  1  4  87 86 88 89 85 84 65 64 62 63 61 60 52 
70 71 49 68 69 66 40 39 46 37 36 38 5  0  1  3  2  48 8  52 9  6  10 7  74 73 77 72 45 76 29 24 42 28 25 26 80 50 78 83 81 82 75 4  64 12 79 21 67 89 31 56 41 11 53 19 22 18 23 20 60 65 44 62 61 63 85 87 86 88 51 84 13 15 16 14 43 17 33 35 90 32 30 34 47 54 58 57 55 59 27 
49 68 71 67 70 69 38 41 36 46 39 37 2  3  5  4  48 0  52 9  7  8  6  11 72 75 73 76 77 45 25 28 29 42 27 24 50 81 82 79 83 80 74 1  65 13 78 20 66 88 30 57 40 10 18 53 19 23 21 22 64 61 63 44 62 60 86 84 89 87 85 51 14 12 15 17 16 43 34 32 33 90 35 31 55 47 56 59 58 54 26 
71 67 68 66 49 70 37 40 39 36 41 46 48 4  2  1  0  3  9  7  11 52 8  10 76 74 75 45 73 77 27 42 25 29 26 28 81 83 80 78 79 50 72 5  61 14 82 22 69 87 35 59 38 6  23 18 53 21 20 19 65 62 60 63 44 64 89 51 88 84 86 85 17 13 12 43 15 16 31 90 34 33 32 30 58 55 57 54 56 47 24 
69 49 70 71 66 67 41 36 37 38 46 40 1  48 4  0  5  2  6  8  52 10 11 9  75 77 45 74 76 72 42 26 28 24 29 27 82 80 79 81 50 78 73 3  60 15 83 23 68 86 34 58 39 7  19 22 20 53 18 21 63 64 62 61 65 44 51 88 85 89 84 87 12 16 43 13 17 14 90 30 32 35 31 33 54 59 55 56 47 57 25 
66 70 69 49 67 68 39 46 38 40 37 41 4  2  3  48 1  5  10 6  8  11 7  52 73 45 76 75 72 74 28 27 24 26 42 25 78 82 83 50 80 79 77 0  63 16 81 18 71 85 33 55 36 9  22 20 21 19 53 23 44 60 61 65 64 62 84 89 51 86 87 88 15 43 17 12 14 13 32 31 35 30 34 90 59 57 47 58 54 56 29 
68 66 67 69 71 49 46 38 41 39 40 36 0  1  48 5  3  4  7  11 10 9  52 6  45 72 74 77 75 73 26 29 27 25 24 42 83 79 50 82 78 81 76 2  62 17 80 19 70 84 32 54 37 8  21 23 18 20 22 53 61 44 64 60 63 65 88 85 87 51 89 86 43 14 13 16 12 15 30 33 31 34 90 35 56 58 59 47 57 55 28 
57 54 59 47 56 58 15 43 14 13 17 12 27 28 25 42 26 24 1  5  2  4  3  48 86 51 84 89 87 88 80 79 82 78 50 83 30 35 34 90 32 31 85 29 9  63 33 77 55 71 18 36 16 0  72 74 75 76 45 73 52 7  6  10 11 8  70 67 49 68 69 66 60 44 62 64 61 65 19 21 22 20 23 53 38 40 46 39 37 41 81 
58 57 56 59 55 47 43 14 12 15 13 16 29 26 42 24 25 27 3  4  1  0  48 5  51 87 88 85 89 86 78 81 79 83 82 50 34 31 90 35 30 33 84 28 8  62 32 76 54 70 19 37 17 2  75 73 77 74 72 45 6  52 11 7  9  10 66 71 69 49 67 68 44 61 65 63 64 60 20 18 21 23 53 22 41 39 38 46 40 36 80 
54 55 47 58 59 57 13 15 43 17 16 14 24 29 26 25 28 42 2  48 0  5  1  3  88 86 85 87 51 84 81 82 50 80 83 78 32 90 30 34 33 35 89 27 11 64 31 75 56 67 21 41 12 4  45 76 72 77 73 74 7  10 52 8  6  9  71 69 68 66 49 70 65 60 63 61 44 62 18 22 53 19 20 23 46 37 39 40 36 38 79 
47 58 55 56 54 59 14 12 16 43 15 17 28 25 24 27 42 29 48 0  3  2  5  4  87 89 86 84 85 51 83 80 81 50 79 82 90 33 35 31 34 32 88 26 10 65 30 74 57 66 20 40 13 1  77 45 76 73 75 72 11 6  9  52 8  7  68 70 67 69 71 49 61 64 60 62 63 44 23 19 18 53 22 21 36 46 41 38 39 37 78 
55 56 58 57 47 54 17 13 15 16 12 43 42 27 28 26 29 25 0  3  4  48 2  1  84 88 89 51 86 85 79 50 83 81 78 80 33 34 32 30 31 90 87 24 6  61 35 72 59 69 22 38 14 5  73 77 45 75 74 76 10 8  7  9  52 11 67 49 66 70 68 71 62 65 64 44 60 63 21 53 23 18 19 20 39 36 40 37 41 46 82 
59 47 54 55 57 56 12 16 17 14 43 13 26 42 27 29 24 28 5  2  48 1  4  0  89 85 51 88 84 87 50 78 80 82 81 79 35 32 31 33 90 30 86 25 7  60 34 73 58 68 23 39 15 3  76 72 74 45 77 75 9  11 8  6  10 52 49 66 71 67 70 69 64 63 44 65 62 61 53 20 19 22 21 18 37 38 36 41 46 40 83 
61 44 62 63 65 64 4  0  2  5  48 1  20 53 21 18 22 19 35 32 90 30 31 33 41 36 46 40 37 38 45 74 76 72 77 75 87 84 89 85 51 88 39 23 83 25 86 58 60 15 68 7  3  34 54 59 57 47 55 56 81 79 80 82 78 50 43 13 16 12 17 14 27 29 42 26 28 24 49 66 70 69 67 71 8  6  9  11 52 10 73 
63 64 60 65 44 62 2  1  3  0  4  48 53 21 19 20 18 23 33 34 31 90 32 30 37 40 41 46 39 36 75 45 73 77 74 76 85 86 84 88 89 51 38 22 82 24 87 59 61 14 69 6  5  35 58 55 47 56 57 54 78 80 83 81 50 79 12 43 13 17 15 16 28 26 27 42 25 29 67 49 68 71 70 66 7  9  10 8  11 52 72 
65 62 61 44 64 60 3  48 5  1  2  4  21 19 23 53 20 22 30 35 32 31 34 90 39 46 37 41 38 40 76 75 72 74 45 73 88 87 86 51 84 89 36 18 81 29 85 55 63 16 71 9  0  33 59 57 56 54 47 58 50 83 82 78 79 80 17 12 43 15 14 13 25 42 28 27 24 26 70 67 69 66 68 49 6  10 52 7  8  11 77 
60 65 64 61 63 44 48 5  4  3  1  0  18 20 53 22 23 21 34 31 30 33 90 35 46 38 40 36 41 39 74 77 75 73 72 45 86 89 51 87 88 85 37 19 80 28 84 54 62 17 70 8  2  32 56 58 55 57 59 47 82 50 79 83 81 78 13 16 14 43 12 15 42 24 26 29 27 25 66 71 67 68 49 69 11 7  6  52 10 9  76 
62 63 44 60 61 65 1  3  48 2  0  5  22 18 20 23 19 53 32 90 33 35 30 34 40 39 36 38 46 37 77 72 45 76 73 74 84 51 88 86 85 87 41 21 79 27 89 56 64 12 67 11 4  31 47 54 59 55 58 57 83 78 50 80 82 81 16 14 15 13 43 17 26 25 29 24 42 28 71 69 49 70 66 68 52 8  7  10 9  6  75 
44 60 63 64 62 61 5  4  0  48 3  2  19 23 22 21 53 18 90 33 34 32 35 31 38 41 39 37 36 46 73 76 77 45 75 72 51 85 87 89 86 84 40 20 78 26 88 57 65 13 66 10 1  30 55 47 54 58 56 59 79 82 81 50 80 83 15 17 12 14 16 43 24 27 25 28 29 42 68 70 71 49 69 67 9  52 11 6  7  8  74 
86 88 89 87 85 51 47 59 56 58 57 55 9  10 52 6  7  11 60 64 65 63 44 61 53 22 20 18 21 23 1  0  4  3  5  48 25 27 42 24 26 29 19 8  17 37 28 32 84 76 80 70 54 62 31 34 33 30 35 90 14 43 12 15 16 13 74 77 72 45 75 73 46 38 40 36 41 39 78 81 79 83 50 82 67 68 69 49 66 71 2  
88 84 87 51 89 86 58 47 59 57 54 56 11 8  7  52 10 6  65 61 62 64 60 44 23 53 19 21 22 20 2  4  5  1  48 3  26 24 25 42 28 27 18 9  16 36 29 33 85 77 81 71 55 63 35 30 31 32 90 34 43 15 14 13 12 17 76 75 45 73 72 74 39 46 37 41 38 40 80 79 82 78 83 50 69 66 49 68 70 67 0  
87 51 84 85 88 89 56 55 54 59 47 57 10 52 11 9  6  8  61 62 44 65 64 63 21 18 53 20 19 22 48 1  2  5  0  4  24 28 27 29 42 26 23 7  15 39 25 34 86 73 83 68 58 60 32 35 30 90 33 31 16 12 17 14 13 43 45 74 77 75 76 72 41 36 46 40 37 38 50 78 80 82 79 81 70 69 71 67 49 66 3  
85 89 86 88 51 84 54 57 58 55 56 47 52 11 8  10 9  7  63 60 64 44 62 65 19 20 21 53 23 18 4  48 3  0  1  2  29 25 28 26 27 42 22 6  14 38 24 35 87 72 82 69 59 61 34 33 90 31 30 32 13 17 15 16 43 12 75 45 74 76 73 77 37 40 41 46 39 36 79 50 83 81 80 78 68 71 66 70 67 49 5  
84 85 51 86 87 88 57 58 47 54 55 59 6  9  10 7  8  52 62 44 63 61 65 60 20 23 18 22 53 19 0  5  48 2  3  1  28 42 26 25 29 24 21 11 12 41 27 31 89 75 79 67 56 64 90 32 35 33 34 30 15 13 43 17 14 16 77 72 73 74 45 76 40 39 36 38 46 37 81 82 50 80 78 83 49 70 68 66 71 69 4  
51 86 85 89 84 87 59 56 55 47 58 54 8  7  6  11 52 9  44 63 60 62 61 64 22 21 23 19 18 53 3  2  0  48 4  5  42 29 24 27 25 28 20 10 13 40 26 30 88 74 78 66 57 65 33 90 32 34 31 35 12 14 16 43 17 15 73 76 75 72 77 45 38 41 39 37 36 46 83 80 81 50 82 79 71 49 67 69 68 70 1  
72 45 76 77 74 75 67 71 70 69 49 66 65 44 64 63 61 62 14 17 43 13 12 16 31 33 90 30 32 35 52 10 8  6  9  11 5  2  4  0  48 1  34 60 39 58 3  83 73 23 25 86 68 15 80 82 78 50 81 79 36 41 37 38 40 46 53 20 18 21 19 22 56 55 47 57 54 59 42 26 28 24 27 29 84 87 85 89 51 88 7  
77 75 73 74 45 76 70 66 68 71 67 49 44 64 62 65 63 60 16 15 12 43 17 13 32 30 31 90 34 33 11 52 7  9  10 8  0  3  2  1  4  48 35 61 38 59 5  82 72 22 24 87 69 14 83 81 50 79 78 80 40 37 39 36 46 41 21 53 20 19 23 18 54 57 56 47 58 55 27 42 25 29 28 26 86 85 88 84 89 51 6  
76 77 45 73 72 74 66 68 49 70 71 69 61 63 65 60 62 44 17 43 16 14 13 15 30 34 33 35 90 32 9  6  52 8  7  10 2  48 1  3  0  5  31 64 41 56 4  79 75 21 27 89 67 12 50 80 82 81 83 78 39 40 46 37 38 36 18 22 23 20 53 19 57 58 55 59 47 54 29 24 42 28 26 25 51 84 86 88 85 87 11 
45 73 77 75 76 72 69 67 71 49 68 70 62 60 61 64 44 63 43 16 15 17 14 12 35 31 34 32 33 90 7  8  9  52 11 6  48 0  5  4  3  2  30 65 40 57 1  78 74 20 26 88 66 13 81 50 80 83 79 82 41 38 36 46 37 39 23 19 21 22 18 53 59 56 58 54 55 47 25 28 29 42 24 27 85 51 89 87 86 84 10 
73 74 75 72 77 45 49 69 67 68 66 71 63 65 44 61 60 64 15 12 13 16 43 14 90 35 30 33 31 34 10 9  11 7  6  52 3  4  48 5  1  0  32 62 37 54 2  80 76 19 28 84 70 17 79 83 81 78 82 50 38 46 41 39 36 40 20 18 22 53 21 23 47 59 57 55 56 58 26 29 27 25 42 24 89 86 87 51 88 85 8  
74 76 72 45 75 73 68 49 69 66 70 67 64 62 60 44 65 61 13 14 17 12 15 43 34 90 32 31 35 30 8  11 6  10 52 7  1  5  3  48 2  4  33 63 36 55 0  81 77 18 29 85 71 16 82 78 79 80 50 83 46 39 38 40 41 37 19 21 53 23 22 20 58 47 54 56 59 57 28 27 24 26 25 42 87 88 51 86 84 89 9  
80 81 50 83 82 78 20 23 53 19 18 22 59 55 57 58 54 47 70 49 71 69 66 68 1  3  0  5  48 2  36 38 46 37 39 40 17 43 13 15 16 14 4  56 89 75 12 11 79 27 64 31 21 67 52 8  6  9  7  10 86 88 51 84 87 85 29 24 25 26 42 28 74 73 77 72 45 76 63 61 44 62 65 60 90 32 34 30 33 35 41 
50 83 81 79 80 82 22 21 18 53 23 19 54 58 59 56 47 55 49 71 68 70 69 67 5  4  3  2  0  48 39 37 36 46 41 38 43 16 14 12 15 17 1  57 88 74 13 10 78 26 65 30 20 66 9  52 8  7  11 6  89 87 85 51 84 86 25 28 27 24 29 42 72 75 73 76 77 45 60 62 63 44 61 64 33 90 31 35 34 32 40 
78 80 82 50 79 83 23 53 22 20 19 21 56 54 58 47 57 59 66 69 70 67 68 49 3  48 2  4  5  1  37 41 38 40 46 39 13 14 15 43 17 12 0  55 85 77 16 9  81 29 63 33 18 71 6  10 11 8  52 7  51 86 87 88 89 84 28 27 42 25 24 26 73 45 76 75 72 74 62 64 61 65 60 44 35 30 90 34 32 31 36 
83 78 79 82 81 50 53 22 21 23 20 18 55 57 47 59 58 56 68 67 66 71 49 69 48 5  1  0  4  3  40 36 41 39 38 46 15 12 43 14 13 16 2  54 84 76 17 8  80 28 62 32 19 70 11 7  9  10 6  52 87 51 89 86 85 88 26 29 24 42 27 25 45 72 74 77 75 73 65 63 64 60 44 61 31 34 35 90 30 33 37 
82 50 80 81 78 79 21 18 19 22 53 20 57 47 56 55 59 54 69 70 49 66 67 71 4  0  48 1  2  5  46 40 37 38 36 41 14 17 12 16 43 13 3  58 86 73 15 7  83 25 60 34 23 68 8  6  10 52 9  11 85 89 84 87 88 51 42 26 29 27 28 24 75 77 45 74 76 72 44 65 62 61 64 63 32 35 33 31 90 30 39 
81 79 83 78 50 80 19 20 23 18 21 53 47 56 54 57 55 58 71 68 67 49 70 66 2  1  4  48 3  0  41 46 39 36 40 37 16 15 17 13 12 43 5  59 87 72 14 6  82 24 61 35 22 69 7  9  52 11 10 8  88 84 86 85 51 89 27 42 26 28 25 29 76 74 75 45 73 77 64 44 60 63 62 65 34 33 30 32 31 90 38 
27 24 26 28 25 29 33 32 30 31 35 34 68 69 71 70 67 66 89 88 87 86 85 84 9  8  6  7  10 11 59 58 57 56 54 55 41 40 36 37 38 39 49 50 48 52 53 51 46 47 45 43 44 42 65 64 60 61 62 63 76 77 74 75 73 72 5  3  2  0  1  4  18 19 22 23 20 21 14 15 13 12 16 17 78 79 80 81 82 83 90 
