50 90 53 59 48 54 56 49 55 58 51 57 68 67 60 85 65 61 69 62 64 70 71 66 80 76 77 75 81 83 73 79 74 86 82 78 9  4  1  2  7  11 6  0  88 5  10 3  18 20 23 17 16 21 13 12 84 19 14 15 31 33 24 32 89 29 25 27 26 30 28 34 43 37 36 38 42 40 45 44 47 87 39 46 63 35 41 8  52 72 22 
58 59 52 56 51 50 53 55 48 49 57 90 66 63 65 61 85 64 60 68 67 71 69 70 72 74 75 78 80 82 76 81 86 79 77 73 5  7  10 3  0  4  1  88 6  2  8  11 21 15 19 16 18 12 17 84 20 13 22 14 32 25 31 30 28 24 35 34 29 27 33 89 37 47 46 44 43 41 87 40 45 38 36 42 62 26 39 9  54 83 23 
90 58 48 49 52 57 55 56 53 59 54 50 85 69 62 66 68 70 63 65 71 64 67 61 73 83 79 81 78 74 72 75 82 77 86 80 0  8  11 6  9  10 3  5  2  88 4  1  22 17 12 15 14 23 20 19 13 84 18 16 33 32 28 25 24 89 30 26 34 35 31 29 40 41 87 42 44 37 36 43 39 46 45 38 60 27 47 7  51 76 21 
55 53 50 52 90 49 54 51 57 48 59 56 71 68 61 67 64 63 85 70 62 60 65 69 82 79 73 76 83 75 86 72 81 80 78 74 3  88 9  4  6  0  8  1  10 11 5  7  84 22 17 21 12 20 18 15 14 16 19 23 27 26 30 34 25 32 29 28 31 89 35 33 45 87 43 41 47 36 44 39 38 40 42 37 66 24 46 2  58 77 13 
59 49 51 55 54 90 48 53 52 56 50 58 61 60 68 70 66 71 62 85 69 67 63 64 76 82 81 80 73 86 83 78 77 75 79 72 88 9  4  1  5  8  11 2  3  6  7  10 23 16 84 14 22 19 15 13 17 20 21 18 25 30 33 35 31 28 27 29 89 26 32 24 41 39 38 43 40 47 46 37 36 42 87 44 65 34 45 0  57 74 12 
52 51 59 57 49 53 90 50 58 54 55 48 63 61 71 60 69 65 70 67 85 68 66 62 79 78 83 82 86 80 75 74 73 76 72 77 10 3  88 9  11 2  0  4  7  8  6  5  17 12 14 19 13 16 23 18 21 22 20 84 29 89 26 24 27 35 28 32 25 31 34 30 46 42 41 45 36 38 37 87 43 47 40 39 64 33 44 1  56 81 15 
51 54 49 50 56 48 58 90 59 57 53 52 60 70 67 62 63 68 64 69 66 85 61 65 75 80 74 86 77 73 81 82 72 83 76 79 4  1  2  0  10 6  5  8  9  7  3  88 15 19 18 84 20 14 12 22 23 21 17 13 89 24 34 28 26 27 31 25 30 33 29 35 38 44 47 36 87 42 41 46 40 39 37 45 71 32 43 11 55 78 16 
48 52 58 54 59 55 50 57 90 51 56 53 69 66 64 63 67 62 61 71 68 65 85 60 77 81 76 74 82 78 79 83 80 72 73 86 11 6  5  7  1  88 9  10 8  4  2  0  20 23 16 12 84 15 21 14 22 18 13 19 34 29 27 89 35 30 24 33 32 28 26 25 87 38 37 39 45 46 40 36 44 41 43 47 70 31 42 3  49 75 17 
57 50 55 58 53 51 49 59 56 90 52 54 65 71 63 68 62 66 67 60 70 61 64 85 78 72 86 79 75 76 80 77 83 82 74 81 7  10 3  88 8  1  2  9  5  0  11 6  14 13 21 20 15 22 84 23 19 12 16 17 28 31 89 33 29 34 32 35 27 25 24 26 44 40 45 46 38 43 39 42 41 36 47 87 69 30 37 4  48 73 18 
49 56 54 53 57 58 52 48 51 55 90 59 70 62 85 64 61 67 65 66 63 69 60 71 83 86 78 73 72 77 74 80 79 81 75 76 2  0  8  11 88 7  10 6  1  3  9  4  12 14 13 18 21 84 16 20 15 17 23 22 30 35 32 27 33 31 26 89 24 34 25 28 47 45 42 40 37 39 38 41 87 44 46 43 68 29 36 5  50 82 19 
53 48 90 51 58 56 57 54 50 52 49 55 67 85 70 69 71 60 66 64 65 62 68 63 86 75 72 83 74 81 77 76 78 73 80 82 1  2  0  8  3  5  7  11 4  10 88 9  13 21 15 23 19 17 22 16 18 14 84 12 26 34 35 29 30 25 89 31 33 24 27 32 36 46 40 47 39 87 43 45 42 37 44 41 61 28 38 6  59 79 20 
54 57 56 90 55 52 59 58 49 50 48 51 62 64 69 65 60 85 71 63 61 66 70 68 81 73 82 77 79 72 78 86 76 74 83 75 8  11 6  5  4  3  88 7  0  9  1  2  16 84 22 13 17 18 19 21 12 23 15 20 24 28 29 31 34 26 33 30 35 32 89 27 42 43 39 87 46 44 47 38 37 45 41 36 67 25 40 10 53 80 14 
19 84 14 20 18 23 15 17 16 13 21 12 29 25 27 89 34 28 30 26 33 31 32 24 40 47 46 42 44 39 37 38 45 87 36 43 54 48 56 58 51 55 59 57 90 50 53 49 69 61 62 70 71 60 66 65 85 68 67 64 75 81 77 78 86 82 80 76 83 73 79 74 11 4  5  6  3  10 0  1  7  88 9  2  35 72 8  52 22 41 63 
84 13 18 17 22 12 16 15 14 20 23 19 89 30 26 24 29 31 35 34 32 33 25 28 37 39 38 44 43 45 41 42 36 46 87 40 57 52 55 59 54 53 49 50 58 90 48 56 63 70 65 64 67 62 61 68 66 85 69 71 81 78 79 80 77 86 73 83 74 72 75 82 10 8  88 3  1  4  5  11 9  2  0  6  27 76 7  51 21 47 60 
14 18 84 21 13 15 12 23 19 22 17 16 25 89 31 30 32 27 24 33 34 26 29 35 87 42 41 39 45 44 46 47 43 37 40 36 56 58 57 52 49 50 51 55 48 53 90 54 66 60 64 62 68 70 63 71 69 67 85 65 83 74 72 82 73 80 86 75 81 77 76 78 5  2  10 7  9  88 11 0  3  4  1  8  28 79 6  59 20 38 61 
13 20 22 15 21 19 14 16 18 17 12 84 24 35 34 28 89 33 27 29 25 32 30 31 41 45 42 43 40 36 47 44 87 38 46 37 50 51 53 49 57 48 56 90 59 58 52 55 60 64 68 71 69 65 70 85 61 66 63 67 78 80 75 73 79 77 72 74 82 76 81 86 4  7  2  1  11 8  88 10 0  6  5  3  26 83 9  54 23 39 62 
23 12 15 84 16 22 20 13 17 19 18 21 26 33 30 34 27 89 32 35 28 24 31 29 44 37 36 46 38 41 43 87 47 45 39 42 52 55 59 50 48 49 90 51 57 54 56 58 71 85 63 66 70 69 68 60 65 62 64 61 77 79 82 75 74 83 81 73 72 78 86 76 3  11 9  88 2  1  7  6  4  0  8  5  25 80 10 53 14 40 67 
16 14 19 22 84 17 23 21 12 18 20 15 32 29 28 25 33 35 89 31 26 27 34 30 36 38 37 47 39 42 87 41 44 40 43 45 49 90 54 48 59 57 52 56 53 55 50 51 85 63 70 60 65 61 69 64 67 71 68 62 76 83 73 74 80 78 82 79 75 86 72 81 0  88 11 8  7  5  1  9  6  10 3  4  24 77 2  58 13 46 66 
20 17 21 16 23 84 18 14 22 15 19 13 28 27 29 31 24 32 26 89 30 25 35 33 47 36 44 40 37 87 39 43 46 42 38 41 90 54 48 56 50 52 55 58 49 59 51 53 62 71 85 67 63 68 64 66 70 61 60 69 80 73 81 72 75 79 76 82 86 83 78 77 8  9  6  11 10 7  2  4  5  3  88 1  34 74 0  57 12 45 65 
22 21 20 12 17 14 84 19 13 23 16 18 35 28 32 27 30 34 31 25 89 29 24 26 38 43 39 36 87 40 42 45 37 47 41 46 53 49 90 54 55 58 57 48 51 52 59 50 70 65 67 68 66 71 62 69 60 63 61 85 82 86 83 77 76 72 79 78 80 75 74 73 2  3  8  0  5  6  4  88 11 7  10 9  33 81 1  56 15 44 64 
21 23 17 19 15 18 13 84 20 12 14 22 27 31 25 26 35 29 33 30 24 89 28 34 42 40 45 87 46 37 44 36 41 39 47 38 48 56 58 57 53 59 50 52 54 51 49 90 64 68 69 85 61 67 65 63 62 60 70 66 86 77 74 79 83 76 75 80 73 81 82 72 6  1  7  5  88 3  8  2  10 9  4  0  32 78 11 55 16 43 71 
18 22 13 23 20 16 19 12 84 21 15 14 30 24 33 35 25 26 28 32 29 34 89 27 46 44 47 45 36 43 38 39 40 41 37 87 55 59 50 51 56 90 54 53 52 48 58 57 61 62 71 65 85 64 60 67 63 69 66 68 74 82 76 86 72 73 77 81 78 79 83 80 88 6  4  9  0  2  10 5  1  8  11 7  31 75 3  49 17 42 70 
12 19 16 13 14 21 17 20 15 84 22 23 34 32 35 29 26 24 25 27 31 28 33 89 43 41 87 38 42 47 40 46 39 36 45 44 51 53 49 90 52 56 58 54 50 57 55 59 67 66 60 61 64 63 85 62 68 65 71 70 79 75 86 81 82 74 78 72 76 80 77 83 1  10 0  2  6  11 9  3  8  5  7  88 30 73 4  48 18 37 69 
17 15 23 14 12 13 22 18 21 16 84 20 31 26 89 33 28 25 34 24 35 30 27 32 39 87 43 37 41 46 45 40 38 44 42 47 58 57 52 55 90 51 53 59 56 49 54 48 65 67 66 69 60 85 71 61 64 70 62 63 73 72 78 76 81 75 83 86 77 74 80 79 7  0  3  10 4  9  6  8  88 1  2  11 29 82 5  50 19 36 68 
85 66 69 70 63 65 71 64 67 61 62 68 86 73 83 77 82 75 72 74 78 81 80 79 4  9  6  1  11 0  8  3  5  2  88 10 12 22 16 20 23 14 17 19 13 84 18 15 35 31 34 33 25 26 28 29 24 89 30 32 44 43 38 40 46 87 37 39 45 41 42 36 53 52 90 49 56 48 50 55 54 58 57 59 76 47 51 21 60 7  27 
67 69 85 60 66 64 65 62 68 63 70 71 80 86 75 73 78 76 77 81 74 83 82 72 88 3  8  9  0  1  2  7  11 4  10 5  15 13 12 22 17 19 21 16 18 14 84 23 24 27 33 26 29 31 35 32 30 25 89 34 39 45 41 36 37 40 87 42 44 46 47 43 50 58 53 51 54 90 55 57 49 48 56 52 79 38 59 20 61 6  28 
70 64 62 67 65 66 63 69 60 71 85 61 75 83 86 81 79 80 74 77 72 73 76 78 9  88 11 4  8  2  0  10 6  1  3  7  13 12 22 16 84 21 14 20 15 17 23 18 34 25 24 30 27 89 32 28 33 31 26 35 37 41 43 47 44 42 39 87 46 45 40 38 51 57 49 53 48 54 59 52 90 56 58 55 82 36 50 19 68 5  29 
69 63 66 62 61 71 68 65 85 60 64 67 73 77 81 72 80 83 79 78 82 74 86 76 2  1  7  0  5  11 6  9  10 8  4  88 16 20 19 21 15 84 23 14 22 18 13 12 28 26 32 34 89 33 27 25 35 30 24 29 45 36 47 87 41 37 46 44 43 38 39 40 90 59 48 54 57 58 53 50 56 52 55 51 75 42 49 17 70 3  31 
60 62 70 68 64 69 66 85 61 65 67 63 76 75 80 83 72 82 81 73 77 86 79 74 3  10 0  88 2  4  1  5  8  9  7  6  18 15 13 12 14 20 19 22 23 21 17 84 33 29 30 89 28 25 34 35 26 27 31 24 87 46 45 38 39 47 42 40 37 44 36 41 59 56 51 50 90 49 52 58 53 54 48 57 78 43 55 16 71 11 32 
63 60 61 65 70 67 85 68 66 62 71 69 72 79 78 76 73 74 75 80 86 82 77 83 6  11 9  5  88 10 3  0  4  7  8  2  14 17 84 23 16 13 12 18 21 22 20 19 31 34 25 29 24 32 26 30 27 35 28 89 36 87 39 46 47 41 38 43 40 42 45 37 58 49 52 57 50 59 48 90 55 51 53 54 81 44 56 15 64 1  33 
61 70 60 71 62 85 69 67 63 64 68 66 79 76 82 75 77 78 83 86 73 80 72 81 7  5  1  10 4  88 9  11 2  3  6  8  84 23 18 15 19 22 16 13 17 20 21 14 26 32 89 25 35 29 33 24 31 28 27 30 40 37 44 41 42 38 47 36 87 39 43 46 52 54 59 55 53 51 58 48 50 49 90 56 74 45 57 12 65 0  34 
71 67 68 63 85 70 62 60 65 69 61 64 78 82 79 80 81 72 86 75 83 76 74 73 5  6  4  7  9  3  88 8  1  10 11 0  17 84 23 18 20 12 22 15 14 16 19 21 89 35 31 27 34 28 30 33 25 32 29 26 47 39 37 45 40 43 36 38 42 87 41 44 57 90 55 52 51 50 56 54 59 53 49 48 77 46 58 13 66 2  24 
62 65 64 85 71 63 61 66 70 68 69 60 83 81 73 74 76 86 78 72 79 77 75 82 1  4  5  2  6  8  11 88 7  0  9  3  22 16 20 19 18 17 84 21 12 23 15 13 32 89 35 24 31 30 29 27 34 26 33 28 46 38 36 42 45 39 44 37 41 43 87 47 49 55 54 90 58 56 51 59 48 57 52 50 80 40 53 14 67 10 25 
66 61 63 64 60 68 67 71 69 70 65 85 77 72 74 79 86 81 76 82 80 78 73 75 8  0  3  11 10 5  7  1  88 6  2  4  19 21 14 17 12 18 15 84 20 13 22 16 27 33 29 32 30 34 31 89 28 24 35 25 43 40 42 37 38 46 41 45 36 47 44 87 48 51 58 56 55 52 90 53 57 59 50 49 83 39 54 23 62 9  26 
68 85 67 61 69 62 64 70 71 66 60 65 82 80 76 86 74 79 73 83 81 75 78 77 10 7  2  3  1  9  4  6  0  88 5  11 23 18 15 13 21 16 20 12 84 19 14 17 30 28 26 31 32 27 24 34 89 29 25 33 42 44 46 43 87 36 40 47 39 37 38 45 55 48 50 59 49 53 57 56 51 90 54 58 72 41 52 22 63 8  35 
65 68 71 66 67 60 70 61 64 85 63 62 74 78 72 82 83 77 80 76 75 79 81 86 11 8  88 6  3  7  10 2  9  5  0  1  21 14 17 84 22 15 13 23 19 12 16 20 25 24 27 28 33 35 89 26 29 34 32 31 38 42 87 44 36 45 43 41 47 40 46 39 56 53 57 58 59 55 54 49 52 50 51 90 73 37 48 18 69 4  30 
35 27 28 34 31 25 89 29 24 26 32 30 41 38 43 47 37 45 42 40 87 36 46 39 59 55 54 50 90 53 49 57 48 51 52 58 67 70 85 62 71 66 65 69 60 63 61 68 75 74 80 82 77 78 83 73 76 72 79 86 5  88 9  2  7  8  6  11 10 3  0  4  13 17 22 12 19 20 18 84 16 21 14 23 44 1  15 64 33 56 81 
28 31 27 32 26 89 30 25 35 33 29 24 38 47 36 42 46 43 39 87 37 40 41 44 51 50 56 53 48 90 54 55 58 49 59 52 85 62 69 64 68 63 71 66 70 61 60 67 83 78 86 80 72 82 81 77 75 79 76 73 10 4  1  8  3  6  7  5  88 9  11 2  22 23 20 16 14 21 13 18 19 17 84 15 45 0  12 65 34 57 74 
27 26 31 29 33 30 24 89 28 34 25 35 47 42 40 39 41 36 44 37 46 87 38 45 49 53 57 90 58 48 56 50 52 54 51 59 69 64 66 65 67 61 68 63 62 60 70 85 81 82 73 86 79 80 74 72 83 76 75 77 88 2  0  6  9  7  3  10 4  1  5  8  20 15 21 19 84 17 22 13 14 23 18 12 43 11 16 71 32 55 78 
31 33 26 25 34 24 35 30 27 32 89 28 42 39 87 44 38 40 45 46 41 37 47 43 54 90 55 48 52 58 57 53 59 56 49 51 66 65 63 71 85 60 67 61 64 70 62 69 74 80 77 73 76 86 78 79 81 75 83 72 4  8  11 7  1  3  9  88 2  0  10 6  21 12 17 14 18 23 20 22 84 15 13 16 36 5  19 68 29 50 82 
25 30 89 27 24 33 34 26 29 35 31 32 40 87 42 37 43 47 46 44 45 39 36 41 90 49 52 54 57 56 58 51 55 48 53 50 64 66 65 63 70 68 60 71 69 67 85 62 77 76 81 83 82 75 72 78 73 80 86 74 9  0  8  5  4  10 88 3  1  2  7  11 19 13 14 21 23 84 16 12 17 18 15 22 38 6  20 61 28 59 79 
34 29 32 24 25 27 31 28 33 89 35 26 45 43 41 36 39 46 40 47 42 38 44 87 55 52 90 59 49 51 53 58 54 50 57 56 60 67 70 85 63 64 66 62 68 65 71 61 80 77 76 79 81 72 86 83 82 74 78 75 6  3  88 1  5  0  11 8  7  10 2  9  15 14 12 13 20 16 23 17 22 19 21 84 37 4  18 69 30 48 73 
32 25 29 35 89 31 26 27 34 30 28 33 43 36 38 40 44 41 87 42 39 47 45 37 50 59 48 51 54 49 90 52 56 53 55 57 70 85 62 69 61 65 63 64 67 71 68 60 86 72 75 76 74 79 73 81 80 78 82 83 7  9  4  0  10 11 5  6  3  88 8  1  12 84 16 22 21 19 15 23 20 14 17 18 46 2  13 66 24 58 77 
26 34 33 89 32 35 28 24 31 29 30 27 39 44 37 45 47 87 43 41 38 46 42 36 56 48 50 58 59 52 55 90 51 57 54 49 63 71 61 68 69 70 85 60 65 62 64 66 78 86 72 77 75 73 82 76 74 83 81 79 2  6  5  3  0  9  1  4  8  11 88 7  17 16 23 84 13 15 21 20 18 12 22 19 40 10 14 67 25 53 80 
24 28 35 33 27 29 25 32 30 31 34 89 46 41 45 38 87 44 47 36 40 43 37 42 52 57 49 55 53 50 51 56 90 59 58 48 68 60 67 70 65 69 64 85 61 66 63 71 76 81 82 78 73 74 75 86 79 77 72 80 11 10 3  4  6  2  8  0  5  7  1  88 18 21 13 15 16 22 84 14 12 20 19 17 39 9  23 62 26 54 83 
29 89 25 28 30 26 33 31 32 24 27 34 36 40 47 87 45 38 37 39 44 42 43 46 53 51 58 49 56 54 48 59 57 90 50 55 62 69 64 66 60 71 61 65 85 68 67 70 73 79 83 75 78 76 77 74 86 82 80 81 3  1  2  11 88 5  10 7  9  4  6  0  16 18 19 20 17 14 12 15 21 84 23 13 41 8  22 63 35 52 72 
89 24 30 31 35 34 32 33 25 28 26 29 87 37 39 46 36 42 41 45 43 44 40 38 48 54 59 56 55 57 52 49 50 58 90 53 65 63 71 61 62 67 70 68 66 85 69 64 72 75 74 81 80 83 79 82 77 86 73 78 1  11 6  10 2  88 4  9  0  8  3  5  14 22 84 17 15 18 19 16 23 13 12 20 47 7  21 60 27 51 76 
30 35 24 26 28 32 29 34 89 27 33 25 37 46 44 41 40 39 38 43 36 45 87 47 58 56 51 57 50 55 59 54 53 52 48 90 71 61 68 60 64 85 62 67 63 69 66 65 79 83 78 74 86 81 76 80 72 73 77 82 0  5  7  88 8  4  2  1  11 6  9  10 84 20 18 23 12 13 14 19 15 22 16 21 42 3  17 70 31 49 75 
79 75 76 78 83 86 73 80 72 81 82 77 6  7  5  3  2  11 9  88 4  10 8  1  21 19 15 14 18 84 23 16 13 17 20 22 89 26 30 33 29 35 32 24 31 28 27 25 39 43 87 40 41 36 44 46 42 38 47 37 53 48 56 52 49 59 51 50 90 54 55 58 63 62 61 71 67 60 66 69 68 70 85 64 0  57 65 34 74 12 45 
78 80 82 72 86 75 83 76 74 73 79 81 11 5  6  10 1  8  88 3  9  7  0  4  19 20 18 21 23 17 84 22 15 14 16 12 31 89 26 30 28 34 35 33 25 32 29 27 87 41 42 47 45 38 37 44 40 43 36 39 51 54 48 57 53 55 50 59 49 90 52 56 65 85 71 63 60 68 64 62 61 67 70 69 2  58 66 24 77 13 46 
72 76 79 74 75 80 86 82 77 83 78 73 8  6  11 7  4  0  3  10 88 5  2  9  20 16 23 19 84 14 17 12 18 21 22 13 25 31 89 26 32 24 34 30 27 35 28 29 42 45 40 36 46 43 39 37 47 41 38 87 50 90 54 58 51 52 59 55 53 49 57 48 66 70 63 65 68 61 69 85 71 60 67 62 1  56 64 33 81 15 44 
73 72 77 83 79 78 82 74 86 76 81 80 4  2  1  8  10 9  6  11 5  0  88 7  13 15 21 12 19 16 20 23 14 22 18 84 32 28 29 27 33 89 26 25 35 30 24 34 38 39 43 45 87 44 47 40 41 37 46 36 57 50 51 90 52 48 58 56 55 59 54 53 85 61 69 62 65 66 67 68 64 63 71 60 3  49 70 31 75 17 42 
74 82 78 77 80 76 75 79 81 86 72 83 0  11 8  5  9  2  10 7  3  6  1  88 16 22 84 20 17 21 14 13 23 19 12 15 27 25 31 89 35 33 24 26 29 34 32 28 40 46 47 38 44 41 87 39 36 45 43 42 59 49 90 56 50 57 55 52 51 53 58 54 64 67 65 66 61 71 62 70 63 68 60 85 4  48 69 30 73 18 37 
80 73 86 76 77 81 74 83 82 72 75 78 10 88 3  4  11 7  2  1  0  9  5  8  84 17 22 23 12 15 13 21 16 18 14 19 33 24 34 35 31 29 27 32 30 25 89 26 46 47 44 39 36 42 41 43 37 40 87 45 54 57 52 50 48 53 90 49 56 58 51 55 68 66 67 60 62 85 71 65 70 69 64 63 6  59 61 28 79 20 38 
75 81 83 80 74 77 72 73 76 78 86 79 3  9  88 1  6  10 0  2  8  4  7  11 23 84 16 18 22 13 12 14 20 15 17 21 24 34 35 32 89 27 25 28 33 31 26 30 45 40 46 37 47 87 43 38 44 42 39 41 48 52 55 51 56 49 54 90 58 57 53 59 60 65 70 67 69 62 61 63 85 64 66 71 5  50 68 29 82 19 36 
83 74 81 86 78 72 79 77 75 82 73 76 9  1  4  0  7  88 11 8  6  2  3  5  15 18 19 13 20 22 16 84 21 12 23 17 35 32 28 29 30 31 89 27 34 26 33 24 43 87 41 46 42 37 36 47 45 39 44 38 58 59 50 49 57 54 56 48 52 55 90 51 70 71 62 85 66 64 60 61 69 65 63 68 10 53 67 25 80 14 40 
77 79 72 81 76 82 80 78 73 75 74 86 2  8  0  6  88 1  7  5  10 11 4  3  22 12 17 16 14 19 21 15 84 20 13 18 29 27 25 31 34 30 33 89 28 24 35 32 47 44 36 43 37 45 42 87 38 46 41 40 55 53 49 48 59 58 52 57 50 51 56 90 69 60 66 64 71 63 85 67 65 61 68 70 9  54 62 26 83 23 39 
82 86 80 79 73 83 81 75 78 77 76 74 5  10 7  88 0  6  4  9  1  3  11 2  14 21 13 17 15 23 18 20 12 84 19 16 26 30 33 24 27 32 28 34 89 29 25 31 37 38 39 42 43 47 46 45 87 36 40 44 49 56 58 55 90 50 53 51 54 48 59 57 71 69 68 61 70 67 65 64 60 85 62 66 8  52 63 35 72 22 41 
86 77 73 75 72 74 78 81 80 79 83 82 88 4  9  2  5  3  8  0  11 1  10 6  18 23 20 15 16 12 22 17 19 13 84 14 34 35 32 28 26 25 31 29 24 89 30 33 41 42 45 44 40 39 38 36 46 87 37 43 56 55 59 53 58 90 48 54 57 52 49 50 67 63 85 70 64 69 68 71 62 66 65 61 7  51 60 27 76 21 47 
76 83 75 82 81 73 77 86 79 74 80 72 7  3  10 9  8  5  1  4  2  88 6  0  17 14 12 84 13 18 15 19 22 23 21 20 30 33 24 34 25 28 29 35 26 27 31 89 44 36 37 87 38 40 45 41 39 47 42 46 90 58 57 59 54 51 49 53 48 56 50 52 61 64 60 68 85 70 63 66 67 62 69 65 11 55 71 32 78 16 43 
37 41 46 39 38 43 36 45 87 47 44 40 48 58 56 52 53 54 59 55 50 57 90 51 66 64 60 65 68 71 61 62 67 63 69 85 78 79 82 76 81 86 83 80 72 73 77 74 6  9  11 0  88 1  7  10 8  4  2  5  12 19 21 84 22 18 13 15 16 20 23 14 89 28 30 26 34 24 25 29 33 35 32 27 49 17 31 75 42 70 3  
47 39 42 36 44 37 46 87 38 45 40 41 51 49 53 54 52 50 56 48 58 90 59 57 70 67 65 85 66 69 64 68 63 62 60 61 73 81 77 74 80 79 82 72 83 76 75 86 1  5  4  88 6  10 0  8  9  7  3  2  84 13 12 20 23 21 17 14 18 15 19 22 28 33 27 29 89 31 35 24 25 26 30 34 55 16 32 78 43 71 11 
42 44 39 40 45 46 41 37 47 43 87 38 49 54 90 56 59 53 57 58 52 48 51 55 62 85 71 69 63 66 65 67 61 64 70 60 77 74 72 78 86 76 80 79 81 75 83 73 0  10 2  4  7  88 11 6  1  3  9  8  18 22 16 21 15 17 23 84 13 12 14 20 27 34 31 25 30 26 28 35 89 33 24 32 50 19 29 82 36 68 5  
45 36 43 46 40 47 42 38 44 87 41 39 57 55 52 50 54 58 53 51 49 59 56 90 71 63 85 61 70 60 67 66 62 68 65 64 76 80 75 86 72 81 77 83 82 74 78 79 10 2  7  6  1  8  88 9  5  0  11 3  20 17 84 15 19 12 16 22 21 14 13 23 33 25 34 24 28 32 26 31 35 29 27 89 48 18 30 73 37 69 4  
46 38 41 44 47 36 40 43 37 42 45 87 58 52 57 59 90 56 51 50 53 55 48 49 63 65 70 71 67 68 60 64 85 61 66 69 82 76 80 75 74 73 81 86 79 77 72 78 7  1  5  11 4  0  3  88 6  2  8  10 16 14 17 18 20 13 22 12 19 21 15 84 30 27 24 33 32 35 89 25 34 28 29 31 54 23 26 83 39 62 9  
36 87 40 38 37 39 44 42 43 46 47 45 50 53 51 90 57 59 48 54 56 49 55 58 67 60 66 70 64 62 69 61 65 85 68 71 83 73 81 77 76 78 79 74 86 82 80 75 4  6  9  3  11 7  2  0  88 5  10 1  17 15 13 16 84 19 14 21 23 18 20 12 32 30 29 28 31 25 34 33 27 89 26 24 52 22 35 72 41 63 8  
87 46 37 42 41 45 43 44 40 38 39 36 90 48 54 58 50 49 52 57 55 56 53 59 69 62 61 64 71 65 63 70 68 66 85 67 74 72 78 79 83 80 75 82 77 86 73 81 8  3  0  1  10 9  6  5  2  88 4  11 15 16 20 14 13 84 18 23 12 22 17 19 25 35 89 31 33 30 29 32 26 24 34 28 51 21 27 76 47 60 7  
40 37 87 47 46 44 45 39 36 41 42 43 53 90 49 48 55 51 58 56 57 54 50 52 85 70 63 62 65 64 66 60 71 69 67 68 81 77 74 72 75 82 76 78 73 80 86 83 2  7  1  9  5  3  8  11 4  10 88 0  23 12 22 19 18 14 84 17 15 13 21 16 29 24 25 27 26 89 32 34 31 30 33 35 59 20 28 79 38 61 6  
41 47 38 45 42 40 87 36 46 39 43 37 52 59 55 51 48 57 49 53 90 50 58 54 61 71 62 68 85 67 70 65 69 60 63 66 80 75 86 83 78 77 74 73 76 72 79 82 3  0  10 5  2  11 9  4  7  8  6  88 19 84 23 13 21 22 20 16 14 17 12 18 24 31 35 34 29 28 30 89 32 27 25 26 56 15 33 81 44 64 1  
38 42 47 43 39 87 37 40 41 44 36 46 59 51 50 49 58 55 54 90 48 53 52 56 60 68 64 67 69 85 62 71 66 70 61 63 86 83 73 81 82 72 78 77 75 79 76 80 9  11 88 10 8  5  1  2  3  6  7  4  14 18 15 22 17 20 21 19 84 23 16 13 35 26 28 32 25 27 24 30 29 31 89 33 57 12 34 74 45 65 0  
43 40 36 41 87 42 39 47 45 37 38 44 55 50 59 53 56 52 90 49 54 51 57 48 68 61 69 60 62 70 85 63 64 67 71 65 75 86 83 73 79 74 72 81 80 78 82 76 88 8  3  7  0  6  4  1  10 11 5  9  21 23 18 12 14 16 19 20 17 84 22 15 34 89 32 35 27 29 33 26 28 25 31 30 58 13 24 77 46 66 2  
39 45 44 87 43 41 38 46 42 36 37 47 54 56 48 57 51 90 55 52 59 58 49 50 64 69 68 66 61 63 71 85 60 65 62 70 72 78 79 82 73 75 86 76 74 83 81 77 11 88 8  2  3  4  5  7  0  9  1  6  13 20 19 17 12 23 15 18 22 16 84 21 31 32 26 89 24 33 27 28 30 34 35 29 53 14 25 80 40 67 10 
0  5  11 2  10 7  3  6  1  88 8  9  12 16 22 19 23 13 14 21 17 20 15 84 32 35 89 28 31 27 25 24 26 29 34 33 47 40 42 87 41 44 46 39 36 45 43 38 53 58 51 59 56 52 90 54 50 57 55 49 61 70 85 64 68 65 71 63 60 67 66 62 81 80 74 77 79 78 83 75 72 82 76 86 18 69 73 37 4  30 48 
6  3  7  11 9  88 4  10 8  1  5  2  20 21 19 17 13 16 23 84 18 14 22 15 27 29 33 25 30 89 26 32 24 31 28 35 87 39 37 44 36 41 43 46 42 38 47 40 54 55 90 53 52 50 56 58 49 59 51 48 67 69 64 63 70 61 60 68 85 62 71 66 72 83 79 78 80 76 77 73 82 75 86 81 12 65 74 45 0  34 57 
5  88 10 6  4  9  1  3  11 2  7  0  19 14 21 84 12 20 18 23 15 17 16 13 25 27 24 31 33 26 30 28 34 89 29 32 39 37 44 46 47 43 38 45 87 36 40 42 48 59 54 49 55 51 58 57 90 50 53 56 70 64 66 71 85 68 67 60 62 69 61 65 78 73 82 79 75 80 74 81 76 86 83 77 22 63 72 41 8  35 52 
11 10 5  8  88 3  9  7  0  4  6  1  16 19 20 14 15 22 84 17 23 21 12 18 29 28 30 27 26 31 89 35 33 25 32 34 42 87 39 37 38 45 41 44 40 43 36 47 90 52 49 51 57 59 48 56 53 55 50 54 60 62 69 65 67 71 68 61 70 85 63 64 74 86 78 72 76 82 81 83 79 80 75 73 13 66 77 46 2  24 58 
4  8  2  9  6  11 5  0  88 7  1  10 18 13 15 22 14 23 20 16 19 12 84 21 24 33 27 34 29 32 28 26 25 35 30 89 43 38 36 47 44 87 39 40 41 37 46 45 59 54 55 57 90 56 51 53 52 48 58 50 65 68 60 85 63 69 66 64 71 61 62 67 86 79 73 83 74 77 80 82 81 72 78 76 17 70 75 42 3  31 49 
88 2  4  3  8  0  11 1  10 6  9  5  84 18 23 13 19 17 22 12 16 15 14 20 30 26 28 33 32 34 35 31 29 24 89 25 45 41 43 38 39 40 42 36 46 87 37 44 52 49 57 56 53 54 59 50 58 90 48 55 64 71 61 67 66 85 69 62 65 63 70 68 80 72 86 75 81 73 82 78 83 77 74 79 21 60 76 47 7  27 51 
9  0  1  88 11 8  6  2  3  5  4  7  23 15 18 12 21 84 16 22 20 13 17 19 33 30 29 24 28 35 32 89 27 34 26 31 41 43 38 36 37 42 87 47 45 39 44 46 55 90 52 58 49 48 50 51 57 54 56 59 66 61 68 70 65 62 64 69 63 71 85 60 75 78 83 86 77 81 76 79 73 74 72 82 14 67 80 40 10 25 53 
7  9  3  5  1  4  2  88 6  0  10 8  21 17 14 23 22 19 15 18 13 84 20 12 31 25 34 89 24 30 33 29 35 26 27 28 37 44 46 45 40 38 36 41 39 47 42 87 56 50 48 90 59 53 57 52 54 51 49 58 85 66 65 61 62 60 70 67 69 64 68 63 79 81 76 82 86 75 72 77 80 83 73 74 16 71 78 43 11 32 55 
10 4  88 7  2  1  0  9  5  8  3  11 14 84 17 18 16 21 13 15 12 23 19 22 89 31 35 26 34 33 24 27 32 30 25 29 44 46 45 41 42 36 47 43 37 40 87 39 58 51 56 54 50 49 52 55 48 53 90 57 62 65 63 68 69 67 85 70 64 66 60 71 82 77 80 76 83 86 78 74 75 73 81 72 20 61 79 38 6  28 59 
2  6  8  1  7  5  10 11 4  3  0  88 13 22 12 20 84 15 21 19 14 16 18 17 35 34 31 32 25 29 27 33 89 28 24 30 36 47 40 42 45 37 44 87 38 46 41 43 51 56 50 55 48 57 49 90 59 58 52 53 71 67 70 69 61 66 63 65 68 60 64 85 73 76 77 81 78 72 86 80 74 79 82 75 23 62 83 39 9  26 54 
8  7  6  0  3  10 88 5  2  9  11 4  22 20 16 21 18 12 17 14 84 19 13 23 28 32 26 29 89 25 31 34 30 27 35 24 40 42 87 39 43 46 45 37 47 41 38 36 49 57 53 50 58 55 54 48 51 52 59 90 68 85 62 66 60 63 61 71 67 70 65 69 77 75 72 74 82 79 73 86 78 76 80 83 15 64 81 44 1  33 56 
3  1  9  10 0  2  8  4  7  11 88 6  17 23 84 15 20 14 12 13 22 18 21 16 26 89 32 30 35 24 34 25 28 33 31 27 46 45 41 43 87 47 40 38 44 42 39 37 57 53 58 48 51 90 55 59 56 49 54 52 69 63 71 60 64 70 62 85 66 65 67 61 76 74 75 80 73 83 79 72 86 81 77 78 19 68 82 36 5  29 50 
15 16 12 18 19 20 21 22 23 14 13 17 33 34 24 32 31 30 29 28 27 35 26 25 45 46 40 41 47 38 36 37 42 43 44 39 59 50 51 53 58 54 48 49 55 56 57 52 68 69 61 63 62 66 67 70 71 64 65 60 72 76 80 83 78 81 74 77 79 82 73 75 9  5  1  4  8  0  3  7  2  11 6  10 87 88 84 85 89 90 86 
44 43 45 37 36 38 47 41 39 40 46 42 56 57 58 55 49 48 50 59 51 52 54 53 65 66 67 63 60 61 68 69 70 71 64 62 79 82 76 80 77 83 73 75 78 81 74 72 5  4  6  8  9  2  10 3  11 1  0  7  22 21 14 23 16 15 12 13 20 19 18 17 26 29 33 30 35 34 31 27 24 32 28 25 85 89 87 88 90 86 84 
1  11 0  4  5  6  7  8  9  10 2  3  15 12 13 16 17 18 19 20 21 22 23 14 34 24 25 35 27 28 29 30 31 32 33 26 38 36 47 40 46 39 37 42 43 44 45 41 50 48 59 52 54 58 53 49 55 56 57 51 63 60 67 62 71 64 65 66 61 68 69 70 83 82 81 73 72 74 75 76 77 78 79 80 89 86 88 90 84 87 85 
33 32 34 30 29 28 27 35 26 25 24 31 44 45 46 43 42 37 36 38 47 41 39 40 57 58 53 52 51 59 50 48 49 55 56 54 61 68 60 67 66 62 69 70 71 64 65 63 82 73 79 72 83 77 80 75 78 81 74 76 8  7  10 9  11 1  0  2  6  5  4  3  23 19 15 18 22 12 17 21 13 16 20 14 90 84 89 86 87 85 88 
56 55 57 48 50 59 51 52 54 53 58 49 64 65 66 71 70 69 68 61 60 63 62 67 74 77 80 72 76 79 82 73 75 78 81 83 6  5  7  10 2  9  4  3  11 1  0  8  19 18 20 22 23 13 14 17 16 15 12 21 35 27 25 26 32 33 34 24 28 29 30 31 39 36 44 37 41 45 42 47 46 43 38 40 86 87 90 84 85 88 89 
64 71 65 69 68 61 60 63 62 67 66 70 81 74 77 78 75 73 82 79 76 72 83 80 0  2  10 8  7  6  5  4  3  11 1  9  20 19 21 14 13 23 18 17 16 15 12 22 29 30 28 35 26 24 25 31 32 33 34 27 41 47 40 39 43 44 45 46 38 36 37 42 54 50 56 48 52 57 49 51 58 55 59 53 88 90 85 89 86 84 87 
81 78 74 73 82 79 76 72 83 80 77 75 1  0  2  11 3  4  5  6  7  8  9  10 12 13 14 22 21 20 19 18 17 16 15 23 28 29 27 25 24 26 30 31 32 33 34 35 36 37 38 41 39 46 40 42 43 44 45 47 52 51 53 54 55 56 57 58 59 50 48 49 62 68 64 69 63 65 70 60 66 71 61 67 84 85 86 87 88 89 90 
