72 76 77 74 73 75 84 78 80 79 83 81 12 18 17 20 14 23 15 13 16 19 90 22 56 48 53 89 49 54 57 58 59 55 52 50 3  10 4  9  6  7  86 8  2  11 5  0  61 70 69 65 62 66 68 67 63 71 88 64 47 45 43 39 87 36 38 41 42 40 46 44 30 85 26 29 33 27 32 35 31 25 28 34 24 51 82 1  37 60 21 
83 73 79 78 80 76 72 82 77 84 74 75 16 13 23 90 21 20 14 15 19 22 18 17 58 53 56 55 52 59 89 54 57 49 50 51 0  6  5  8  2  10 3  1  4  7  86 9  71 63 68 64 88 60 62 66 67 65 70 69 42 43 47 36 39 46 40 87 38 41 44 37 29 34 85 24 30 32 31 28 26 35 27 33 25 48 81 11 45 61 12 
76 83 82 80 74 72 75 77 78 81 73 84 90 19 14 12 23 21 17 22 18 13 16 15 49 89 55 53 58 50 48 52 51 56 54 59 10 0  1  2  9  3  7  4  8  86 11 6  88 65 66 63 61 68 60 69 64 70 71 67 36 87 39 47 43 42 44 45 46 37 38 40 32 35 25 31 27 30 29 34 24 85 33 28 26 57 79 5  41 62 20 
82 79 83 75 84 77 78 76 72 74 81 80 17 21 18 15 19 13 16 12 23 20 14 90 57 54 59 50 48 55 52 89 49 51 53 56 1  5  0  7  86 4  8  10 3  2  9  11 69 60 70 62 67 65 63 71 61 68 66 88 41 38 40 37 44 45 39 46 87 36 43 47 35 29 30 28 25 85 34 31 33 32 26 24 27 58 73 6  42 64 22 
78 77 72 81 79 80 74 75 84 83 82 73 22 14 90 13 16 18 12 21 17 23 15 20 59 58 54 52 51 89 49 57 55 50 48 53 8  4  3  11 5  2  9  7  86 6  0  1  64 66 88 68 63 71 70 61 60 69 67 62 40 42 38 44 46 37 87 36 41 39 45 43 25 30 33 35 24 26 85 32 34 27 31 29 28 56 76 10 47 65 19 
84 75 80 83 76 81 79 74 73 77 72 82 21 90 22 23 15 17 13 18 12 16 20 19 53 51 48 57 55 58 59 56 54 89 49 52 86 7  2  0  10 11 5  9  6  1  4  3  60 88 64 71 68 67 69 63 70 61 62 65 43 37 45 87 41 39 42 40 47 38 36 46 33 26 31 30 34 28 27 25 32 24 35 85 29 50 78 8  44 66 14 
79 81 73 72 75 82 77 83 76 80 84 78 14 20 19 17 13 22 18 90 21 12 23 16 48 50 51 59 89 56 54 53 58 57 55 49 5  11 6  3  7  1  4  0  10 8  2  86 66 62 65 61 69 63 64 70 88 60 68 71 45 44 37 41 40 87 47 38 43 42 39 36 34 31 32 33 85 35 28 24 27 29 25 26 30 52 74 9  46 67 15 
75 72 78 73 83 84 81 80 74 82 76 79 20 16 15 21 17 14 22 19 90 18 12 13 55 57 89 48 56 52 51 49 50 53 58 54 7  3  8  6  0  86 11 2  9  5  1  10 62 71 67 70 60 69 66 64 65 88 61 63 39 41 87 43 45 47 46 37 36 44 42 38 27 25 24 32 28 33 30 85 29 26 34 35 31 59 77 4  40 68 23 
81 84 74 76 72 79 82 73 83 78 75 77 23 12 13 14 22 15 19 16 20 90 21 18 89 59 57 51 53 49 50 55 52 48 56 58 11 86 9  10 3  5  1  6  0  4  8  7  68 61 63 88 66 64 67 65 71 62 60 70 87 40 41 45 37 43 36 44 39 46 47 42 28 24 29 27 35 34 33 26 30 31 85 25 32 54 80 2  38 69 17 
80 78 75 79 82 74 73 84 81 76 77 83 13 17 12 19 90 16 20 23 15 14 22 21 50 49 52 58 59 48 56 51 53 54 57 89 2  8  7  5  1  9  6  86 11 0  10 4  63 69 61 66 65 88 71 62 68 67 64 60 44 36 46 38 42 40 45 47 37 43 41 87 26 27 28 85 31 24 25 30 35 33 29 32 34 55 72 3  39 70 18 
74 80 84 82 77 73 83 81 79 72 78 76 19 15 20 18 12 90 21 14 22 17 13 23 54 56 58 49 50 57 55 59 89 52 51 48 9  2  86 1  4  6  0  11 5  10 3  8  65 67 62 69 70 61 88 60 66 64 63 68 38 47 42 46 36 44 41 39 40 87 37 45 24 33 34 25 29 31 26 27 85 28 32 30 35 53 75 7  43 71 16 
77 82 76 84 81 78 80 72 75 73 79 74 15 23 16 22 18 19 90 20 14 21 17 12 51 52 50 54 57 53 58 48 56 59 89 55 4  1  10 86 11 8  2  3  7  9  6  5  67 68 71 60 64 70 65 88 62 66 69 61 37 46 44 40 38 41 43 42 45 47 87 39 85 32 27 34 26 25 35 29 28 30 24 31 33 49 83 0  36 63 13 
59 51 56 89 48 50 54 55 53 58 57 52 74 77 75 73 72 76 84 79 78 82 80 81 24 30 29 32 26 35 27 25 28 31 85 34 68 60 65 88 61 66 69 70 71 67 64 62 15 23 16 21 22 18 19 90 20 14 17 12 1  9  8  4  2  5  7  6  11 10 86 3  87 38 42 39 41 45 43 44 47 46 37 40 36 33 49 63 0  13 83 
55 56 59 52 58 53 89 50 54 57 49 48 81 72 80 79 78 77 74 83 75 76 84 73 28 25 35 85 33 32 26 27 31 34 30 29 70 65 68 67 64 71 88 66 69 61 62 63 12 18 17 19 20 14 23 15 13 16 90 22 10 11 7  3  86 0  2  5  6  4  9  8  46 87 41 44 36 42 38 43 40 45 47 39 37 24 51 60 1  21 82 
48 89 52 56 55 57 51 58 49 50 53 59 77 81 83 78 73 74 76 75 79 84 82 72 85 31 26 24 35 33 29 34 30 25 28 27 61 88 67 65 70 62 60 64 63 68 66 71 23 12 13 90 14 22 15 19 16 20 21 18 86 4  5  11 1  7  0  8  3  9  10 6  47 37 44 42 43 39 36 41 46 40 87 45 38 32 54 69 2  17 80 
54 50 53 57 51 52 58 89 48 56 59 49 83 80 81 76 84 75 79 77 74 78 73 82 29 33 30 27 31 25 28 24 35 32 26 85 69 66 71 62 60 67 64 88 61 63 65 68 13 17 12 14 19 90 16 20 23 15 22 21 8  0  9  2  6  4  11 10 1  7  5  86 41 42 47 87 40 37 45 46 43 36 44 38 39 34 55 70 3  18 72 
53 55 50 58 49 89 48 54 52 51 56 57 79 75 74 82 80 78 73 76 84 72 81 83 34 26 85 25 28 30 24 33 29 35 27 32 71 70 66 64 63 88 61 69 67 62 60 65 20 16 15 18 21 17 14 22 19 90 12 13 3  5  86 7  11 10 9  1  0  8  6  2  42 45 37 38 47 36 46 87 44 41 39 43 40 31 59 68 4  23 77 
56 49 51 54 52 55 53 59 50 48 58 89 84 76 78 81 77 82 80 73 72 83 75 74 33 85 34 35 27 29 25 30 24 28 32 31 65 63 60 69 67 70 71 68 66 88 61 64 90 19 14 13 12 23 21 17 22 18 16 15 0  86 3  10 7  6  8  11 9  1  2  4  38 43 45 40 42 46 44 39 37 87 36 47 41 26 57 62 5  20 79 
51 57 49 53 89 59 50 56 55 52 48 54 80 82 72 74 76 83 75 81 77 79 78 84 26 32 31 29 25 34 30 85 33 24 35 28 60 62 63 71 88 68 66 65 70 69 67 61 17 21 18 20 15 19 13 16 12 23 14 90 5  2  4  1  8  11 3  9  86 0  7  10 43 44 46 47 45 87 39 40 36 38 41 37 42 27 58 64 6  22 73 
52 54 89 51 59 58 49 48 57 55 50 56 76 74 79 72 81 84 82 78 73 80 83 77 32 28 27 33 29 26 34 31 85 30 24 25 67 69 88 60 68 64 63 61 62 65 70 66 19 15 20 17 18 12 90 21 14 22 13 23 2  10 6  9  0  8  5  3  4  86 1  11 37 36 39 45 44 40 41 42 87 47 38 46 43 35 53 71 7  16 75 
89 53 54 49 56 48 57 52 58 59 55 51 82 84 73 77 74 80 83 72 81 75 79 76 35 24 25 26 34 27 31 28 32 85 33 30 88 71 69 63 65 61 62 67 64 60 68 70 21 90 22 16 23 15 17 13 18 12 20 19 7  1  11 86 5  3  6  4  10 2  0  9  36 41 40 46 39 47 42 45 38 37 43 87 44 29 50 66 8  14 78 
49 58 57 50 54 56 55 51 59 89 52 53 75 83 77 84 82 79 78 74 76 73 72 80 27 35 28 34 30 31 85 32 26 33 29 24 63 64 62 66 69 65 70 60 68 71 88 67 16 13 23 22 90 21 20 14 15 19 18 17 6  7  10 0  3  9  4  86 2  5  8  1  44 39 87 37 46 38 40 47 41 43 42 36 45 25 48 61 11 12 81 
57 48 58 55 53 51 59 49 56 54 89 50 78 79 76 80 83 73 72 84 82 81 77 75 25 29 24 31 85 28 32 35 27 26 34 33 62 61 64 70 71 60 68 63 65 66 69 88 14 20 19 12 17 13 22 18 90 21 23 16 11 8  1  5  4  86 10 2  7  6  3  0  39 40 38 36 87 43 47 37 42 44 45 41 46 30 52 67 9  15 74 
50 59 55 48 57 54 52 53 89 49 51 58 73 78 84 83 75 72 81 82 80 77 74 79 31 27 32 30 24 85 33 26 34 29 25 35 66 68 70 61 62 69 67 71 88 64 63 60 22 14 90 23 13 16 18 12 21 17 15 20 4  6  2  8  9  1  86 0  5  3  11 7  45 46 36 43 37 41 87 38 39 42 40 44 47 28 56 65 10 19 76 
13 22 20 14 17 19 18 21 23 90 15 16 71 63 68 88 60 62 66 67 65 64 70 69 73 75 76 72 74 77 84 80 79 83 78 82 36 42 41 44 38 47 39 37 40 43 87 46 7  0  4  6  86 1  5  8  9  10 3  2  27 35 28 33 34 30 31 85 32 26 29 24 50 55 89 51 52 54 59 56 57 53 58 49 48 81 12 45 25 11 61 
23 21 19 90 12 14 17 18 16 22 20 15 67 68 71 64 70 65 88 62 66 60 69 61 82 74 78 80 79 75 73 81 76 77 84 72 40 37 47 87 45 44 38 39 43 46 42 41 9  4  7  1  6  3  10 86 5  8  2  11 24 30 29 31 32 26 35 27 25 28 85 34 89 54 58 55 57 48 53 50 56 52 51 59 49 83 13 36 33 0  63 
90 16 17 13 19 12 20 15 22 23 18 21 60 88 64 68 67 69 63 70 61 71 62 65 75 82 81 79 72 73 77 76 80 84 83 74 87 43 38 36 47 45 41 46 42 37 40 39 1  86 6  7  4  9  2  0  3  11 5  10 35 24 25 85 26 34 27 31 28 32 33 30 49 57 59 52 55 56 58 48 54 51 53 89 50 78 14 44 29 8  66 
20 12 22 18 16 21 23 13 19 17 90 14 66 62 65 69 63 64 70 88 60 61 68 71 81 78 82 77 84 76 80 75 73 79 72 83 41 45 42 39 43 37 40 36 47 44 38 87 8  5  10 11 2  0  6  3  86 1  4  7  25 29 24 26 31 85 28 32 35 27 34 33 55 59 54 49 89 53 56 51 58 50 48 57 52 74 15 46 30 9  67 
15 17 90 21 23 22 13 12 20 18 14 19 65 67 62 70 61 88 60 66 64 69 63 68 80 76 73 83 78 79 72 77 84 74 82 81 46 38 87 37 40 42 36 45 41 47 39 44 10 9  5  2  3  11 86 1  8  6  0  4  32 28 27 30 33 29 26 34 31 85 24 25 51 49 55 48 50 59 57 58 89 56 54 52 53 75 16 43 35 7  71 
12 90 15 19 18 20 21 22 13 14 16 23 68 61 63 66 64 67 65 71 62 88 60 70 84 77 79 82 75 83 78 72 74 81 76 73 45 87 46 47 39 41 37 42 36 40 44 43 4  11 0  86 8  6  9  10 7  5  1  3  85 31 26 25 24 35 33 29 34 30 28 27 56 51 50 58 53 55 49 57 52 59 89 48 54 80 17 38 32 2  69 
17 14 16 20 21 15 22 90 12 19 23 13 63 69 61 65 88 71 62 68 67 66 64 60 78 83 74 73 77 81 76 82 75 80 79 84 38 44 43 41 37 46 42 87 45 36 47 40 0  2  11 8  10 86 7  5  4  9  6  1  29 33 30 32 27 31 25 28 24 35 26 85 57 58 56 89 59 51 48 52 53 49 50 54 55 72 18 39 34 3  70 
14 23 18 12 20 17 15 16 90 13 21 22 64 66 88 63 71 70 61 60 69 68 67 62 77 73 80 74 82 84 83 79 72 78 81 75 44 40 39 45 41 38 46 43 87 42 36 37 6  8  86 4  0  7  3  11 1  2  9  5  31 27 32 29 30 24 85 33 26 34 25 35 48 52 49 53 51 57 89 54 55 58 59 50 56 76 19 47 28 10 65 
19 13 21 17 15 18 16 23 14 12 22 90 88 65 66 61 68 60 69 64 70 63 71 67 83 84 72 75 73 78 81 74 82 76 80 77 47 36 37 38 46 39 43 40 44 87 45 42 86 10 8  0  11 4  1  2  6  3  7  9  33 85 34 28 35 27 29 25 30 24 32 31 54 53 48 59 58 52 50 55 51 89 49 56 57 79 20 41 26 5  62 
18 19 23 15 22 16 90 14 17 20 13 12 61 70 69 62 66 68 67 63 71 65 88 64 76 81 75 84 83 80 79 73 77 72 74 78 39 47 40 46 42 43 87 44 38 45 41 36 11 3  2  10 5  8  4  9  0  7  86 6  28 25 35 34 85 33 32 26 27 31 30 29 52 89 57 50 49 58 54 53 59 48 56 55 51 82 21 37 24 1  60 
21 20 13 16 90 23 14 19 18 15 12 17 69 60 70 67 65 63 71 61 68 62 66 88 79 80 77 78 81 72 74 84 83 82 75 76 37 41 36 43 87 40 44 47 39 38 46 45 2  1  3  5  9  10 0  7  11 4  8  86 26 32 31 24 29 25 34 30 85 33 35 28 53 50 52 56 48 89 55 59 49 54 57 51 58 73 22 42 27 6  64 
16 18 14 22 13 90 12 17 15 21 19 20 62 71 67 60 69 66 64 65 88 70 61 63 72 79 84 81 76 74 82 83 78 75 73 80 43 39 44 42 36 87 45 38 46 41 37 47 5  7  9  3  1  2  8  6  10 86 11 0  34 26 85 35 25 28 30 24 33 29 27 32 58 48 51 54 56 49 52 89 50 57 55 53 59 77 23 40 31 4  68 
39 47 40 46 42 43 87 44 38 41 36 45 25 34 32 26 29 31 30 33 35 28 85 27 10 11 7  86 0  2  5  6  4  3  9  8  72 76 77 74 73 75 84 78 80 81 79 83 48 55 54 56 57 50 59 52 49 53 89 58 19 12 16 18 90 13 17 20 22 23 15 14 67 88 62 66 63 64 69 71 68 61 65 70 60 1  37 82 21 51 24 
36 42 41 44 38 47 39 37 40 87 46 43 35 33 31 85 24 26 29 30 28 27 34 32 6  7  10 3  9  4  86 2  5  0  8  1  83 73 79 78 80 76 72 82 77 75 84 74 53 49 59 58 89 51 57 50 52 56 55 54 22 16 19 13 18 15 23 90 17 20 14 21 66 70 88 60 67 69 68 65 62 71 64 63 61 11 45 81 12 48 25 
47 36 37 38 46 39 43 40 44 45 42 87 85 28 29 25 31 24 32 27 34 33 35 30 0  86 3  7  6  8  11 9  1  10 2  4  76 83 82 80 74 72 75 77 78 84 81 73 89 56 50 49 48 59 51 54 58 55 53 52 13 90 18 19 16 22 14 12 15 21 17 23 69 71 61 68 64 67 66 70 60 88 63 65 62 5  41 79 20 57 26 
37 41 36 43 87 40 44 47 39 46 45 38 32 24 34 30 28 33 35 25 31 26 29 85 5  2  4  8  11 3  9  86 0  1  7  10 82 79 83 75 84 77 78 76 72 80 74 81 54 51 55 57 52 56 49 53 48 59 50 89 20 17 23 21 14 12 18 15 90 13 16 19 71 66 67 65 61 88 70 68 63 69 62 60 64 6  42 73 22 58 27 
44 40 39 45 41 38 46 43 87 36 37 42 27 29 85 33 35 34 25 24 32 31 30 26 4  6  2  9  1  86 0  5  3  8  11 7  78 77 72 81 79 80 74 75 84 73 83 82 58 50 89 59 49 53 55 48 51 54 52 57 23 22 17 14 15 21 90 13 20 18 12 16 61 67 63 71 60 62 88 69 70 64 68 66 65 10 47 76 19 56 28 
87 43 38 36 47 45 41 46 42 40 39 37 24 85 27 31 30 32 33 34 25 35 26 28 7  1  11 5  3  6  4  10 2  86 0  9  84 75 80 83 76 81 79 74 73 82 77 72 51 89 58 53 59 52 54 49 55 48 57 56 16 21 12 90 20 18 22 23 19 17 13 15 63 62 68 67 70 65 64 61 69 60 71 88 66 8  44 78 14 50 29 
41 45 42 39 43 37 40 36 47 38 87 44 29 26 28 32 33 27 34 85 24 25 31 35 11 8  1  4  86 10 2  7  6  5  3  0  79 81 73 72 75 82 77 83 76 78 80 84 50 57 56 48 54 49 58 55 89 51 59 53 12 14 21 20 23 90 19 17 16 22 18 13 70 68 69 63 88 71 65 60 64 66 61 62 67 9  46 74 15 52 30 
43 39 44 42 36 87 45 38 46 37 47 41 26 35 30 24 32 29 27 28 85 34 25 33 3  5  86 11 10 9  1  0  8  7  6  2  75 72 78 73 83 84 81 80 74 79 82 76 57 53 52 55 51 54 50 58 56 89 48 49 18 20 90 16 12 19 15 21 13 14 22 17 64 61 60 69 65 63 67 88 66 62 70 71 68 4  40 77 23 59 31 
45 87 46 47 39 41 37 42 36 44 43 40 31 25 33 29 27 30 28 35 26 85 24 34 86 4  5  1  7  0  8  3  9  11 10 6  81 84 74 76 72 79 82 73 83 77 78 75 59 48 49 89 50 58 52 56 53 57 51 55 90 23 20 12 21 16 13 14 18 15 19 22 65 60 66 64 71 70 63 62 67 68 88 61 69 2  38 80 17 54 32 
40 37 47 87 45 44 38 39 43 42 41 46 30 31 35 27 34 28 85 26 29 24 32 25 1  9  8  2  5  7  6  11 10 4  86 3  77 82 76 84 81 78 80 72 75 74 73 79 52 59 53 51 58 55 56 89 57 50 54 48 21 15 14 23 17 20 16 22 12 19 90 18 88 69 64 70 62 61 71 66 65 67 60 68 63 0  36 83 13 49 33 
38 44 43 41 37 46 42 87 45 47 40 36 33 32 25 28 85 35 26 31 30 29 27 24 8  0  9  6  4  11 10 1  7  2  5  86 80 78 75 79 82 74 73 84 81 83 76 77 49 54 48 50 56 89 53 57 59 52 58 51 14 13 15 17 22 23 12 19 21 16 20 90 62 64 65 88 68 60 61 67 71 63 66 69 70 3  39 72 18 55 34 
46 38 87 37 40 42 36 45 41 39 44 47 28 30 26 34 25 85 24 29 27 32 33 31 2  10 6  0  8  5  3  4  86 9  1  11 74 80 84 82 77 73 83 81 79 76 72 78 56 52 57 54 55 48 89 51 50 58 49 59 17 19 22 15 13 14 20 18 23 90 21 12 60 63 70 61 66 68 62 64 88 65 69 67 71 7  43 75 16 53 35 
31 24 28 85 25 29 32 34 35 27 26 30 52 59 53 58 55 56 89 57 50 51 54 48 37 46 44 38 41 43 42 45 47 40 87 39 23 21 19 90 12 14 17 18 16 15 22 20 74 77 75 82 73 72 76 84 79 78 80 81 60 67 66 68 69 62 71 64 61 65 88 70 86 2  6  3  5  11 7  8  10 9  1  4  0  36 33 13 63 83 49 
34 28 31 30 27 35 85 29 32 26 33 25 48 55 54 57 50 59 52 49 53 56 89 58 47 45 43 87 36 38 41 42 40 39 46 44 18 19 23 15 22 16 90 14 17 12 20 13 81 72 80 76 79 78 77 74 83 75 84 73 65 61 71 70 88 63 69 62 64 68 67 66 9  86 5  8  0  6  2  7  4  11 10 3  1  37 24 21 60 82 51 
25 85 30 28 34 26 24 27 33 29 35 31 59 48 49 50 58 52 56 53 57 89 51 55 87 40 41 37 43 36 44 39 46 45 47 42 12 90 15 19 18 20 21 22 13 23 14 16 77 81 83 84 78 73 74 76 75 79 82 72 88 68 62 61 60 71 63 66 70 67 65 64 10 1  8  6  7  3  0  5  9  4  86 11 2  38 32 17 69 80 54 
33 27 26 29 32 28 34 24 31 85 30 35 53 49 59 89 51 57 50 52 56 58 55 54 42 43 47 39 46 40 87 38 41 36 44 37 13 22 20 14 17 19 18 21 23 16 90 15 75 83 77 73 84 82 79 78 74 76 72 80 64 71 65 63 70 67 68 88 69 62 66 60 8  3  86 1  9  2  4  10 5  7  6  0  11 45 25 12 61 81 48 
32 29 35 26 24 30 27 85 25 28 31 33 49 54 48 56 89 53 57 59 52 50 58 51 44 36 46 42 40 45 47 37 43 38 41 87 17 14 16 20 21 15 22 90 12 13 19 23 83 80 81 78 76 84 75 79 77 74 73 82 66 63 67 69 64 68 61 65 60 71 62 88 5  6  10 86 4  1  11 9  7  0  8  2  3  39 34 18 70 72 55 
35 34 29 27 33 85 25 32 30 24 28 26 57 53 52 51 54 50 58 56 89 55 48 49 39 41 87 45 47 46 37 36 44 43 42 38 16 18 14 22 13 90 12 17 15 20 21 19 79 75 74 72 82 80 78 73 76 84 81 83 70 62 88 71 61 65 67 60 63 66 64 69 6  11 1  2  10 0  9  86 8  5  3  7  4  40 31 23 68 77 59 
28 33 24 32 30 34 35 31 29 25 27 85 89 56 50 48 59 51 54 58 55 49 53 52 36 87 39 43 42 44 45 46 37 47 38 40 19 13 21 17 15 18 16 23 14 90 12 22 84 76 78 83 81 77 82 80 73 72 75 74 63 88 70 65 71 64 66 61 67 60 69 68 2  7  11 4  6  9  8  3  1  86 0  10 5  41 26 20 62 79 57 
24 26 33 35 85 31 29 28 34 30 25 32 54 51 55 52 56 49 53 48 59 57 50 89 41 38 40 44 45 39 46 87 36 37 43 47 21 20 13 16 90 23 14 19 18 17 15 12 80 82 72 79 74 76 83 75 81 77 78 84 62 69 68 60 66 61 70 67 88 63 71 65 7  8  9  10 11 86 3  4  0  2  5  1  6  42 27 22 64 73 58 
30 32 85 24 31 27 33 25 26 34 29 28 56 52 57 55 48 89 51 50 58 54 49 59 38 47 42 36 44 41 39 40 87 46 37 45 15 17 90 21 23 22 13 12 20 19 18 14 76 74 79 80 72 81 84 82 78 73 83 77 69 65 64 67 63 66 62 70 68 88 60 61 1  0  3  11 8  4  5  6  86 10 2  9  7  43 35 16 71 75 53 
85 35 32 33 28 25 26 30 27 31 34 24 51 89 58 59 52 54 49 55 48 53 57 56 43 37 45 41 39 42 40 47 38 87 36 46 90 16 17 13 19 12 20 15 22 21 23 18 82 84 73 75 77 74 80 83 72 81 79 76 71 60 61 88 62 70 64 68 65 69 63 67 0  5  4  9  3  10 6  11 2  1  7  86 8  44 29 14 66 78 50 
26 25 27 34 35 24 31 33 28 32 85 29 50 57 56 54 49 58 55 89 51 48 59 53 45 44 37 40 87 47 38 43 42 41 39 36 20 12 22 18 16 21 23 13 19 14 17 90 78 79 76 81 80 83 73 72 84 82 77 75 61 66 60 62 68 88 65 69 71 64 70 63 3  4  2  0  86 7  10 1  6  8  11 5  9  46 30 15 67 74 52 
29 31 34 25 26 32 30 35 85 33 24 27 58 50 89 49 53 55 48 51 54 59 52 57 40 42 38 46 37 87 36 41 39 44 45 43 14 23 18 12 20 17 15 16 90 22 13 21 73 78 84 77 83 75 72 81 82 80 74 79 68 64 69 66 67 60 88 63 62 70 61 71 11 9  0  7  1  5  86 2  3  6  4  8  10 47 28 19 65 76 56 
0  6  5  8  2  10 3  1  4  86 9  7  43 36 40 87 37 41 44 46 47 42 39 38 64 71 65 70 67 68 88 69 62 63 66 60 49 58 57 50 54 56 55 51 59 53 89 52 35 33 31 27 85 24 26 29 30 28 34 32 73 75 76 83 72 74 77 84 80 79 78 82 14 18 90 21 15 17 23 19 20 16 22 13 12 61 11 48 81 25 45 
4  1  10 86 11 8  2  3  7  6  5  9  46 40 43 42 39 47 87 41 44 37 38 45 60 67 66 69 62 71 64 61 65 68 88 70 59 51 56 89 48 50 54 55 53 52 58 57 30 31 35 24 27 34 28 85 26 29 32 25 82 74 78 77 80 79 75 73 81 76 84 72 90 17 22 18 20 12 16 14 19 15 21 23 13 63 0  49 83 33 36 
86 7  2  0  10 11 5  9  6  4  3  1  37 87 42 40 46 38 36 39 45 43 41 47 71 60 61 62 70 64 68 65 69 88 63 67 89 53 54 49 56 48 57 52 58 51 59 55 24 85 27 35 31 30 32 33 34 25 26 28 75 82 81 84 79 72 73 77 76 80 83 74 13 20 23 15 18 19 22 12 17 21 16 90 14 66 8  50 78 29 44 
3  10 4  9  6  7  86 8  2  5  0  11 45 39 38 41 44 40 46 36 43 47 87 42 65 61 71 88 63 69 62 64 68 70 67 66 55 56 59 52 58 53 89 50 54 48 57 49 25 34 32 28 26 29 31 30 33 35 85 27 76 81 75 72 84 83 80 79 73 77 74 78 15 90 20 14 13 22 17 16 23 12 19 18 21 60 1  51 82 24 37 
5  11 6  3  7  1  4  0  10 2  86 8  44 41 47 38 36 42 39 87 37 45 40 43 61 66 60 68 88 65 69 71 64 62 70 63 57 48 58 55 53 51 59 49 56 50 54 89 29 26 28 25 32 33 27 34 85 24 31 35 81 78 82 79 77 84 76 80 75 73 72 83 18 23 17 13 90 16 19 21 22 14 12 20 15 67 9  52 74 30 46 
9  2  86 1  4  6  0  11 5  3  8  10 47 46 41 39 45 87 37 44 42 38 36 40 69 65 64 63 66 62 70 68 88 67 60 61 52 54 89 51 59 58 49 48 57 56 55 50 28 30 26 32 34 25 85 24 29 27 33 31 80 76 73 74 83 78 79 72 77 84 82 81 21 13 18 12 14 23 20 22 90 19 17 15 16 71 7  53 75 35 43 
11 86 9  10 3  5  1  6  0  8  7  4  40 45 36 44 42 46 47 43 41 87 37 39 88 68 62 60 71 63 66 70 67 61 65 64 48 89 52 56 55 57 51 58 49 59 50 53 31 25 33 85 29 27 30 28 35 26 24 34 84 77 79 81 82 75 83 78 72 74 76 73 19 21 14 22 16 18 13 20 15 23 90 12 17 69 2  54 80 32 38 
2  8  7  5  1  9  6  86 11 10 4  0  36 38 45 47 87 43 41 40 46 44 42 37 66 63 67 64 68 61 65 60 71 69 62 88 54 50 53 57 51 52 58 89 48 49 56 59 33 32 25 29 28 85 35 26 31 30 27 24 78 83 74 80 73 77 81 76 82 75 79 84 20 22 19 90 23 21 12 15 16 13 14 17 18 70 3  55 72 34 39 
8  4  3  11 5  2  9  7  86 0  1  6  42 44 87 36 43 39 45 37 38 40 46 41 68 64 69 67 60 88 63 62 70 66 61 71 50 59 55 48 57 54 52 53 89 58 49 51 27 29 85 31 33 35 34 25 24 32 30 26 77 73 80 78 74 82 84 83 79 72 81 75 12 15 13 16 21 20 90 17 18 22 23 14 19 65 10 56 76 28 47 
10 0  1  2  9  3  7  4  8  11 6  86 87 47 44 45 40 37 38 42 39 36 43 46 63 88 70 71 64 66 61 67 60 65 69 68 56 49 51 54 52 55 53 59 50 89 48 58 85 28 29 33 25 31 24 32 27 34 35 30 83 84 72 76 75 73 78 81 74 82 80 77 17 16 12 23 22 15 14 18 21 90 13 19 20 62 5  57 79 26 41 
1  5  0  7  86 4  8  10 3  9  11 2  38 37 39 46 47 36 43 45 40 41 44 87 62 69 68 66 61 70 67 88 63 60 71 65 51 57 49 53 89 59 50 56 55 54 52 48 32 24 34 26 30 28 33 35 25 31 29 85 79 80 77 82 78 81 72 74 84 83 75 76 16 14 15 19 12 90 18 23 13 17 20 21 22 64 6  58 73 27 42 
7  3  8  6  0  86 11 2  9  1  10 5  41 43 46 37 38 44 42 47 87 39 45 36 70 62 88 61 65 67 60 63 66 71 64 69 53 55 50 58 49 89 48 54 52 57 51 56 26 35 30 34 24 32 29 27 28 85 25 33 72 79 84 75 81 76 74 82 83 78 73 80 22 12 21 17 19 13 15 90 14 20 18 16 23 68 4  59 77 31 40 
60 62 63 71 88 68 66 65 70 67 61 69 2  1  3  9  10 0  7  11 4  5  8  86 20 17 23 14 12 18 15 90 13 21 16 19 24 26 33 35 85 31 29 28 34 32 30 25 38 37 39 41 46 47 36 43 45 40 44 87 57 54 59 51 50 48 55 52 89 49 53 56 75 78 74 76 81 84 72 77 83 80 79 82 73 22 64 27 58 42 6  
62 61 64 70 71 60 68 63 65 69 88 66 8  5  10 2  0  6  3  86 1  11 4  7  12 14 21 23 90 19 17 16 22 20 18 13 26 25 27 34 35 24 31 33 28 29 32 85 44 41 47 45 38 36 42 39 87 37 40 43 48 50 51 57 59 89 56 54 53 58 55 49 72 77 80 83 84 75 76 82 73 78 81 79 74 15 67 30 52 46 9  
69 66 71 62 60 67 64 88 61 65 68 63 0  2  11 10 86 7  5  4  9  8  6  1  14 13 15 22 23 12 19 21 16 17 20 90 32 29 35 26 24 30 27 85 25 33 28 31 36 38 45 44 47 87 43 41 40 46 42 37 50 49 52 54 58 59 48 56 51 53 57 89 79 73 76 84 77 82 81 74 75 83 78 80 72 18 70 34 55 39 3  
71 70 66 64 63 88 61 69 67 60 65 62 5  7  9  1  2  8  6  10 86 3  11 0  18 20 90 12 19 15 21 13 14 16 22 17 35 34 29 27 33 85 25 32 30 26 24 28 41 43 46 39 37 38 44 42 47 87 45 36 55 57 89 53 48 56 52 51 49 50 58 54 73 81 82 80 76 83 74 84 78 79 72 75 77 23 68 31 59 40 4  
67 69 88 60 68 64 63 61 62 70 66 65 10 9  5  3  11 86 1  8  6  2  0  4  17 19 22 13 14 20 18 23 90 15 21 12 30 32 85 24 31 27 33 25 26 28 34 29 47 46 41 38 39 45 87 37 44 42 36 40 54 56 58 52 49 50 57 55 59 89 51 48 82 83 72 81 78 77 79 73 84 76 80 74 75 16 71 35 53 43 7  
66 68 70 61 62 69 67 71 88 63 60 64 6  8  86 0  7  3  11 1  2  4  9  5  23 22 17 15 21 90 13 20 18 14 12 16 29 31 34 25 26 32 30 35 85 27 33 24 42 44 87 40 36 43 39 45 37 38 46 41 59 58 54 50 52 51 89 49 57 55 48 53 81 74 83 75 82 79 84 80 72 73 77 78 76 19 65 28 56 47 10 
61 88 67 65 70 62 60 64 63 66 71 68 4  11 0  8  6  9  10 7  5  86 1  3  90 23 20 21 16 13 14 18 15 12 19 22 25 85 30 28 34 26 24 27 33 31 29 35 40 45 36 87 44 42 46 47 43 41 37 39 89 59 57 48 51 53 49 50 55 52 56 58 76 82 78 73 75 72 83 79 74 77 84 81 80 17 69 32 54 38 2  
88 71 69 63 65 61 62 67 64 68 70 60 1  86 6  4  9  2  0  3  11 7  5  10 16 21 12 20 18 22 23 19 17 90 13 15 85 35 32 33 28 25 26 30 27 24 31 34 37 87 42 43 40 46 38 36 39 45 41 47 53 51 48 89 57 55 58 59 56 54 49 52 83 79 77 74 72 76 73 81 80 82 75 84 78 14 66 29 50 44 8  
65 63 60 69 67 70 71 68 66 61 64 88 86 10 8  11 4  1  2  6  3  0  7  9  13 90 18 16 22 14 12 15 21 19 17 23 28 33 24 32 30 34 35 31 29 85 25 27 87 47 44 36 45 40 37 38 42 39 43 46 49 89 55 56 53 58 50 48 52 51 54 59 80 75 81 77 73 74 78 72 82 84 83 76 79 20 62 26 57 41 5  
68 60 65 88 61 66 69 70 71 64 62 67 9  4  7  6  3  10 86 5  8  1  2  11 21 15 14 17 20 16 22 12 19 23 90 18 31 24 28 85 25 29 32 34 35 30 27 26 46 40 43 37 42 39 47 87 41 44 38 45 51 52 50 59 54 57 53 58 48 56 89 55 84 80 73 72 79 81 75 78 76 74 82 77 83 13 63 33 49 36 0  
63 64 62 66 69 65 70 60 68 88 67 71 7  0  4  86 1  5  8  9  10 6  3  2  22 16 19 18 15 23 90 17 20 13 14 21 33 27 26 29 32 28 34 24 31 35 85 30 43 36 40 42 87 37 41 44 46 47 39 38 58 53 56 49 55 52 59 89 54 57 50 51 78 72 84 82 74 80 77 76 79 75 73 83 81 12 61 25 48 45 11 
70 65 68 67 64 71 88 66 69 62 63 61 11 3  2  5  8  4  9  0  7  10 86 6  19 12 16 90 13 17 20 22 23 18 15 14 34 28 31 30 27 35 85 29 32 25 26 33 45 39 38 47 41 44 40 46 36 43 87 42 56 48 53 55 89 49 54 57 58 59 52 50 74 84 79 78 83 73 80 75 77 81 76 72 82 21 60 24 51 37 1  
64 67 61 68 66 63 65 62 60 71 69 70 3  6  1  7  5  11 4  2  0  9  10 8  15 18 13 19 17 21 16 14 12 22 23 20 27 30 25 31 29 33 28 26 24 34 35 32 39 42 37 46 43 41 45 40 38 36 47 44 52 55 49 58 56 54 51 53 50 48 59 57 77 76 75 79 80 78 82 83 81 72 74 73 90 88 86 89 84 85 87 
22 15 12 23 14 13 19 20 21 16 17 18 70 64 60 71 62 61 68 69 63 67 65 66 74 72 83 76 80 82 75 78 81 73 77 79 42 46 45 40 44 36 47 41 37 39 43 38 3  6  1  9  7  5  11 4  2  0  10 8  30 34 33 27 28 32 24 35 29 25 31 26 59 56 53 57 54 50 51 49 48 55 52 58 84 90 88 85 89 87 86 
73 74 81 77 78 83 76 79 82 75 80 72 18 22 21 16 20 12 23 17 13 15 19 14 52 55 49 56 54 51 53 50 48 58 59 57 6  9  11 4  8  0  10 5  1  3  7  2  70 64 60 67 71 62 61 68 69 63 65 66 46 39 36 42 47 38 37 43 44 45 40 41 31 28 35 26 32 29 24 33 25 34 30 27 89 84 90 87 85 86 88 
42 46 45 40 44 36 47 41 37 43 38 39 34 27 24 35 26 25 31 32 33 30 28 29 9  3  0  10 2  1  7  8  11 6  4  5  73 74 81 77 78 83 76 79 82 72 75 80 55 58 51 52 53 57 48 59 54 49 56 50 15 18 13 22 19 17 21 16 14 12 23 20 68 65 71 62 69 66 60 63 61 70 67 64 86 87 85 90 88 84 89 
6  9  11 4  8  0  10 5  1  7  2  3  39 42 37 43 41 45 40 38 36 46 47 44 67 70 63 65 69 60 71 66 61 64 68 62 58 52 48 59 50 49 56 57 51 55 53 54 34 27 24 30 35 26 25 31 32 33 28 29 74 72 83 73 76 80 82 75 78 81 77 79 23 19 16 20 17 14 21 13 12 18 15 22 88 86 87 84 90 89 85 
27 30 25 31 29 33 28 26 24 35 32 34 55 58 51 53 57 48 59 54 49 52 56 50 46 39 36 47 38 37 43 44 45 42 40 41 22 15 12 23 14 13 19 20 21 18 16 17 72 73 82 74 75 79 81 77 80 83 76 78 67 70 63 64 65 69 60 71 66 61 68 62 4  10 7  5  2  8  1  0  11 3  9  6  87 85 89 88 86 90 84 
58 52 48 59 50 49 56 57 51 53 54 55 72 73 82 75 79 81 77 80 83 74 76 78 30 34 33 28 32 24 35 29 25 27 31 26 64 67 61 68 66 63 65 62 60 70 71 69 18 22 21 15 16 20 12 23 17 13 19 14 9  3  0  6  10 2  1  7  8  11 4  5  40 47 43 41 38 44 37 36 45 39 46 42 85 89 84 86 87 88 90 
