09 53 00 48 62 16 07 08 90 06 58 89 26 44 51 45 21 71 77 66 88 76 31 80 41 60 57 24 42 22 67 81 03 55 83 18 43 39 63 56 74 36 70 85 50 23 87 29 11 04 10 47 30 33 32 84 73 34 78 68 35 13 15 46 86 69 79 59 64 82 38 01 54 19 12 27 65 20 14 40 05 52 17 75 72 28 25 37 61 49 02 
81 52 43 74 82 55 13 62 15 40 67 38 28 85 34 00 80 20 42 12 06 05 56 53 72 69 30 78 64 60 83 26 17 21 41 49 09 31 04 79 66 27 89 18 75 24 76 37 32 08 51 90 58 16 87 73 61 47 50 71 84 46 02 44 29 35 03 25 70 59 14 88 11 54 86 23 39 01 65 57 45 36 19 48 07 33 10 22 68 63 77 
08 86 10 02 43 63 17 27 09 90 00 01 82 55 45 52 46 22 72 42 67 81 71 32 84 68 61 58 19 37 23 44 88 04 56 87 13 65 40 64 57 75 31 12 79 51 24 83 30 33 05 11 48 25 34 21 80 74 35 14 69 36 78 16 47 39 70 85 60 62 89 66 77 49 20 07 28 54 26 29 73 59 50 38 06 41 15 76 53 18 03 
18 36 09 11 03 44 64 89 28 10 90 02 77 73 56 46 53 47 23 80 37 68 88 72 33 24 69 59 01 20 38 14 45 81 05 57 83 32 66 41 62 58 76 25 07 85 52 19 87 35 34 06 12 43 26 49 22 84 75 31 15 70 48 86 17 82 40 65 79 61 63 29 67 55 50 21 08 78 16 42 00 54 13 71 74 30 27 39 60 51 04 
62 76 13 10 12 04 45 55 82 29 11 90 03 24 74 57 47 54 48 34 84 38 69 81 73 39 19 70 60 77 21 87 15 46 88 06 58 71 33 67 42 63 01 83 26 08 79 53 20 27 36 35 00 07 44 86 50 23 80 65 32 16 18 43 78 64 89 41 66 85 59 09 30 68 56 51 22 31 28 25 75 61 52 40 02 37 17 72 49 14 05 
46 84 63 14 11 07 05 04 56 89 30 12 90 43 19 75 58 48 49 74 35 80 39 70 88 22 40 20 65 61 55 01 83 16 47 81 00 77 72 34 68 37 64 21 87 27 09 85 54 45 28 31 36 02 08 32 78 51 24 17 66 33 86 13 44 60 62 82 42 67 79 23 10 25 69 57 52 71 18 38 03 50 15 73 76 26 29 41 59 53 06 
06 19 47 64 15 12 08 90 05 57 82 25 07 50 44 20 76 01 43 81 75 36 84 40 65 56 23 41 21 66 59 02 77 87 17 48 88 62 55 73 35 69 38 49 22 83 28 10 79 09 46 29 32 31 03 72 33 86 52 34 18 67 45 78 14 85 61 63 89 37 68 53 24 11 26 70 58 80 30 27 71 60 54 42 04 39 13 74 51 16 00 
49 30 84 32 05 90 12 06 07 39 59 22 04 28 89 47 72 86 67 41 57 42 18 68 51 79 24 40 78 09 52 63 54 15 48 13 73 85 35 02 83 56 14 45 60 53 65 27 76 88 01 17 82 70 25 10 00 38 36 21 37 81 74 26 19 03 33 71 50 77 16 75 87 62 61 80 44 29 58 66 23 31 69 34 55 43 64 46 20 11 08 
07 31 50 80 33 06 90 05 00 08 40 60 23 68 29 82 48 73 78 52 42 58 37 13 69 53 85 19 41 86 10 74 64 49 16 43 14 15 79 36 03 87 57 71 46 61 54 66 28 26 81 77 18 89 65 30 11 02 39 88 22 38 20 75 27 17 04 34 72 51 55 45 76 83 63 59 84 25 62 44 56 21 12 47 24 67 01 35 32 70 09 
90 40 08 51 84 34 00 24 06 02 09 41 61 86 69 30 89 43 74 70 53 37 01 38 14 11 54 79 20 42 78 15 75 62 50 17 44 58 16 85 31 04 83 29 72 47 59 49 67 66 27 88 55 13 82 26 25 12 03 39 81 23 28 21 76 56 18 05 35 73 52 80 46 71 87 64 60 32 77 68 19 33 65 36 57 45 63 48 22 07 10 
02 04 90 09 52 80 35 59 19 00 03 10 42 75 78 70 25 82 44 15 65 54 38 77 39 86 12 49 85 21 37 45 16 76 63 51 18 87 01 17 79 32 05 68 30 73 48 60 50 89 67 28 81 56 14 33 27 26 07 24 40 88 71 29 22 53 57 13 06 36 74 61 84 47 72 83 62 41 64 46 58 23 08 43 20 69 55 31 34 66 11 
36 08 03 90 10 53 84 37 60 20 02 04 11 45 76 86 65 26 89 40 16 66 49 39 55 38 78 07 50 79 22 13 46 17 71 64 52 06 83 77 18 85 33 51 69 25 74 43 61 15 82 68 29 88 57 42 34 28 27 81 19 41 23 72 30 75 54 58 14 00 31 63 59 80 48 73 87 05 56 70 21 35 67 32 01 47 62 44 24 09 12 
80 28 31 04 90 11 54 12 38 61 21 03 05 82 46 71 78 66 27 56 41 17 67 50 40 23 39 86 08 51 85 53 14 47 18 72 62 34 00 87 55 13 79 59 52 70 26 75 44 58 16 89 69 30 81 06 37 35 29 42 88 20 25 24 73 32 76 49 01 15 02 83 64 60 84 43 74 09 63 48 77 19 10 45 22 65 57 33 36 68 07 
44 15 39 68 24 54 10 64 81 26 08 80 59 21 13 36 62 74 19 20 90 18 43 88 53 27 63 47 04 57 09 84 41 66 89 50 23 51 77 01 16 22 35 79 38 69 86 03 55 30 65 12 60 48 67 82 76 31 83 07 56 71 73 34 85 58 78 29 11 87 06 32 42 33 70 00 45 46 17 72 28 75 05 37 49 52 02 61 40 25 14 
11 87 45 40 69 19 49 60 62 88 27 09 84 20 22 14 31 63 75 54 21 90 13 44 81 10 28 64 48 05 58 24 80 42 67 82 51 36 52 55 77 17 23 56 85 39 70 78 04 68 25 66 07 61 43 47 89 71 32 72 08 57 79 74 35 00 01 86 30 12 83 46 33 37 34 65 02 16 03 53 50 41 26 59 29 73 18 38 76 06 15 
50 33 12 46 41 70 20 80 61 63 81 28 10 76 21 23 15 32 64 88 49 22 90 14 45 01 11 29 62 43 06 52 19 84 37 68 89 24 31 53 56 55 18 05 57 79 40 65 86 44 69 26 67 08 59 17 48 82 72 58 73 09 36 85 75 87 02 77 78 25 07 03 47 34 38 35 66 83 13 74 30 71 00 39 51 54 04 60 42 27 16 
21 73 51 07 47 42 65 11 84 59 64 88 29 62 71 22 24 16 33 46 81 50 23 90 15 00 77 12 30 63 44 82 53 20 80 38 69 13 19 32 54 57 56 78 06 58 85 41 66 60 45 70 27 68 09 87 18 43 89 10 01 74 76 31 79 08 83 03 55 86 26 67 04 48 35 39 36 34 05 49 52 37 28 61 25 75 14 40 72 02 17 
66 82 22 52 08 48 37 30 12 80 60 62 81 34 63 72 23 19 17 16 47 88 51 24 90 45 02 55 07 25 64 70 89 54 21 84 39 57 14 20 33 49 58 67 86 00 01 79 42 10 61 46 65 28 69 35 83 13 44 75 11 77 85 71 32 27 09 87 04 56 78 31 68 05 43 36 40 74 15 76 26 73 03 41 53 50 06 59 38 29 18 
38 45 67 23 53 09 43 88 25 07 84 61 63 18 35 64 73 24 20 90 17 48 81 52 19 62 46 03 56 08 26 40 65 82 49 22 80 01 58 15 21 34 50 37 68 78 02 77 85 70 11 59 47 66 29 75 36 87 14 55 76 12 33 79 72 86 28 10 83 05 57 41 32 69 06 44 31 89 00 51 54 39 30 60 27 71 16 42 74 04 13 
05 39 89 62 61 78 32 41 45 74 15 77 00 40 86 01 17 90 24 18 19 27 59 65 16 84 56 14 82 47 72 33 60 38 10 54 06 81 09 52 87 44 75 57 51 50 22 13 26 79 21 37 80 67 28 36 71 03 63 70 25 83 04 53 68 76 07 42 29 48 30 49 88 35 02 85 12 73 66 43 11 08 55 58 31 64 46 69 23 34 20 
33 64 06 82 63 59 86 02 42 46 75 16 55 19 41 78 77 18 90 17 13 20 28 60 66 73 80 57 15 89 48 00 34 61 39 11 49 76 88 10 53 83 45 27 58 52 51 23 14 29 85 22 38 84 68 74 31 72 04 87 65 26 69 05 54 25 71 08 37 30 43 07 50 81 36 03 79 40 47 62 32 24 35 70 12 44 67 01 09 56 21 
78 05 34 00 89 64 60 56 03 37 47 76 17 90 20 42 86 55 13 67 18 14 21 29 61 43 74 84 58 16 82 50 02 35 59 40 12 46 71 81 11 54 87 15 28 01 53 52 24 69 30 79 23 39 80 41 75 32 73 27 83 66 49 70 06 44 26 72 09 38 25 85 08 51 88 31 04 62 68 45 07 10 57 77 33 63 48 65 19 36 22 
61 74 86 35 02 82 62 18 57 04 38 48 71 14 90 21 37 78 56 59 68 13 15 22 30 89 44 75 80 01 17 07 51 03 36 60 41 83 47 72 88 12 49 19 16 29 77 54 53 84 70 25 85 24 40 63 42 76 33 67 28 87 00 50 65 26 45 27 73 10 39 05 79 09 52 81 32 06 43 64 34 20 31 66 08 46 69 55 11 58 23 
63 34 59 78 36 03 89 72 13 58 05 39 43 57 15 90 22 38 86 25 60 69 14 16 23 18 82 45 76 84 77 42 08 52 04 31 61 50 87 48 73 81 07 54 20 17 30 55 49 41 80 65 26 79 19 00 64 37 71 83 68 29 66 02 51 40 27 46 28 74 11 33 06 85 10 53 88 75 70 47 09 12 01 56 35 62 44 67 21 32 24 
82 72 64 60 86 31 04 44 73 14 01 06 40 78 58 16 90 23 39 24 26 61 70 15 17 55 13 89 46 71 80 59 37 09 53 05 32 08 51 83 43 74 88 50 49 21 18 25 56 20 42 84 66 27 85 76 02 62 38 30 87 69 52 67 03 12 41 28 47 29 75 81 34 00 79 11 54 35 45 63 36 22 33 68 10 48 65 57 07 77 19 
69 85 68 28 34 22 75 00 01 81 39 70 87 64 10 40 66 45 14 04 56 84 74 35 82 33 25 23 63 49 31 32 90 30 12 86 71 07 02 58 36 72 46 62 78 13 44 89 60 77 37 08 19 05 20 67 88 16 47 52 43 65 83 54 21 51 24 79 27 09 80 11 57 17 55 48 61 42 50 06 41 38 73 76 18 59 03 53 29 15 26 
76 48 70 69 29 35 23 83 02 77 88 40 65 15 62 11 41 67 46 89 05 57 80 75 36 32 34 26 24 64 50 72 33 90 25 07 78 47 08 03 01 31 73 61 63 86 14 45 82 21 55 38 09 20 06 37 68 81 17 66 53 44 22 87 49 84 52 19 85 28 10 59 12 58 18 56 43 79 04 60 13 30 16 54 42 00 51 71 39 74 27 
24 18 71 65 70 30 36 66 87 03 55 81 41 47 16 63 12 42 68 31 82 06 58 84 76 51 33 35 27 19 62 86 73 34 90 26 08 74 48 09 04 77 32 89 59 64 78 15 46 00 22 56 39 10 21 85 38 69 88 45 67 54 50 23 83 11 80 53 20 79 29 44 60 07 01 13 57 43 52 02 37 40 75 72 14 61 05 49 25 17 28 
31 81 19 72 66 65 25 42 67 83 04 56 88 69 48 17 64 07 37 71 32 89 00 01 80 63 52 34 36 28 20 09 78 74 35 90 27 33 75 43 10 05 55 47 82 60 62 86 16 22 02 23 57 40 11 44 79 39 70 49 46 68 87 51 24 30 12 84 54 21 85 58 45 61 08 77 14 13 06 59 15 26 18 50 38 03 53 73 41 76 29 
26 65 32 20 73 67 66 81 37 68 87 05 57 38 70 43 18 62 08 84 72 33 82 02 77 21 64 53 35 31 29 28 10 86 75 36 90 56 34 76 44 11 06 17 48 89 61 63 78 12 23 03 24 58 41 14 45 85 40 69 50 47 19 83 52 79 25 07 80 49 22 15 01 46 59 09 55 88 54 04 39 42 71 74 16 60 00 51 27 13 30 
67 41 27 33 21 74 68 58 88 38 69 83 06 09 39 65 44 13 63 55 80 73 34 89 03 30 22 62 54 36 32 90 29 11 78 76 31 00 57 35 71 45 12 86 18 43 82 59 64 42 07 24 04 19 01 81 15 46 79 48 70 51 53 20 87 23 85 26 08 84 50 56 16 77 47 60 10 66 02 61 17 28 14 52 40 05 49 75 37 72 25 
45 11 76 85 07 50 78 75 74 34 25 13 66 65 26 80 10 53 82 61 00 46 72 42 20 03 81 68 29 90 36 30 31 14 60 55 28 41 84 63 59 88 19 04 08 49 27 69 37 38 83 48 73 86 22 51 43 05 16 79 77 18 58 40 71 52 39 64 02 54 23 57 15 87 33 06 89 17 44 67 70 09 24 62 21 01 35 12 56 47 32 
86 17 46 71 79 08 51 67 76 75 35 26 14 89 66 27 84 11 54 21 59 02 47 73 37 31 04 88 69 30 90 29 25 32 15 61 56 20 42 80 64 60 81 38 05 09 50 28 70 23 39 87 43 74 78 18 52 44 06 13 85 55 72 01 41 24 53 40 62 03 49 82 58 16 83 34 00 12 36 77 22 57 48 07 65 68 45 63 10 19 33 
52 00 78 47 72 85 09 15 68 71 76 36 27 49 82 67 28 80 12 38 22 60 03 48 74 90 32 05 81 70 25 57 30 26 33 16 59 88 21 37 84 62 61 65 39 06 10 51 29 86 24 40 83 44 75 07 13 53 45 56 14 79 42 73 77 50 19 54 41 63 04 02 89 01 17 87 35 18 46 69 66 11 20 64 23 55 31 08 58 43 34 
10 46 53 86 48 73 79 28 16 69 72 71 31 07 50 89 68 29 84 75 39 23 61 04 43 26 90 33 06 88 65 60 58 25 27 34 17 59 81 22 38 80 63 30 66 40 00 11 52 76 78 19 41 87 45 13 08 14 54 85 57 15 55 37 74 05 51 20 49 42 64 36 03 82 77 18 83 02 32 56 24 01 44 09 67 70 47 62 12 21 35 
85 49 11 54 78 43 74 32 29 17 70 73 72 80 08 51 82 69 30 44 76 40 24 59 05 66 27 90 34 00 81 18 61 01 26 28 35 64 60 88 23 39 84 53 25 67 41 02 12 46 71 86 20 42 83 03 14 09 15 16 79 58 75 56 38 62 06 52 21 50 37 87 31 04 89 55 13 47 48 65 68 07 22 63 19 57 33 10 77 45 36 
75 16 79 12 49 86 44 73 33 30 18 65 74 25 84 09 52 89 70 06 45 71 41 19 60 88 67 28 90 35 02 36 13 59 77 27 29 80 62 61 81 24 40 07 54 26 68 42 03 87 47 72 78 21 37 48 04 15 10 01 17 85 39 76 57 38 63 00 53 22 51 14 83 32 05 82 56 50 34 58 20 55 46 11 69 66 43 64 08 23 31 
64 80 65 49 23 77 02 74 35 85 16 47 83 66 36 05 34 57 61 39 70 79 30 12 78 07 75 08 33 52 69 56 86 51 24 89 04 45 37 11 63 28 43 44 90 42 67 84 13 48 14 55 68 72 31 01 87 60 62 25 58 22 81 27 09 54 21 88 71 32 82 20 19 40 46 10 17 00 76 50 29 18 53 15 73 06 59 03 26 41 38 
03 63 62 66 50 24 55 87 75 36 79 17 48 59 67 31 06 35 58 86 40 65 85 25 07 70 08 76 09 34 53 05 57 78 52 19 82 44 46 38 12 64 29 14 45 90 37 68 80 32 43 15 56 69 73 02 77 83 61 23 26 01 10 88 28 89 49 22 81 72 33 18 21 20 41 47 11 84 60 00 74 27 42 04 30 51 71 16 13 54 39 
56 59 04 63 67 51 19 43 83 76 31 85 18 01 60 68 32 00 36 08 78 41 66 79 26 54 65 09 71 10 35 89 06 58 86 53 20 30 45 47 39 07 62 84 15 46 90 38 69 74 33 44 16 57 70 80 03 55 87 77 24 27 29 11 81 34 82 50 23 88 73 12 13 22 21 42 48 64 72 52 25 14 49 17 75 02 61 05 28 37 40 
20 83 57 05 64 68 52 13 44 87 71 32 79 31 77 61 69 33 02 27 09 86 42 67 85 36 49 66 10 72 11 21 82 00 01 78 54 63 25 46 48 40 08 70 80 16 47 90 39 65 75 34 45 17 58 62 84 04 56 28 55 19 88 30 12 74 35 89 51 24 81 43 07 14 23 22 37 60 59 03 76 29 38 06 26 53 73 18 15 50 41 
53 57 21 58 06 62 69 85 14 45 83 72 33 03 32 55 59 70 34 79 28 10 78 37 68 12 31 50 67 11 73 49 22 89 02 77 86 09 64 26 47 43 41 40 65 84 17 48 90 01 66 76 35 46 18 61 63 80 05 20 29 56 07 81 25 88 75 36 82 52 19 38 44 08 15 24 23 87 74 54 27 16 51 13 71 04 60 00 30 39 42 
70 06 54 22 01 00 63 34 79 15 46 87 73 35 04 33 56 60 65 69 85 29 11 86 38 74 07 32 51 68 12 78 50 23 82 03 55 42 10 62 27 48 44 90 41 66 80 18 43 13 77 67 71 36 47 83 59 64 84 57 21 30 26 08 88 20 81 76 31 89 53 24 39 45 09 16 19 58 61 05 72 25 40 02 28 49 75 14 17 52 37 
22 69 38 79 65 26 83 61 71 55 14 51 08 36 03 88 45 76 87 72 27 11 25 54 64 15 84 10 53 81 57 04 66 05 30 58 75 73 82 19 41 90 48 42 43 02 60 34 40 59 89 07 50 85 63 39 20 52 74 78 33 06 31 49 13 37 00 23 17 16 46 77 18 86 68 29 80 28 24 21 01 62 70 12 47 09 32 56 67 35 44 
87 75 23 39 85 66 27 09 59 72 56 15 52 83 31 04 81 46 71 62 73 28 12 26 49 58 16 80 11 54 88 76 05 67 06 25 01 43 74 89 20 42 90 41 37 44 03 61 35 64 60 82 08 51 79 29 40 21 53 00 86 34 14 32 50 47 38 02 24 18 17 84 55 13 78 69 30 70 33 10 48 68 36 57 77 22 19 07 63 65 45 
28 54 83 24 40 79 67 53 10 60 73 57 16 72 87 32 05 88 47 50 63 74 29 07 27 81 01 17 84 12 49 77 71 06 68 00 26 90 44 75 82 21 37 36 42 38 45 04 59 85 62 61 89 09 52 65 30 41 22 35 02 78 51 15 33 18 48 39 03 19 13 25 80 56 14 86 70 76 20 23 55 64 66 08 43 11 34 58 69 31 46 
68 23 29 87 19 41 85 17 54 11 61 74 58 48 73 83 33 06 81 28 51 64 75 30 08 50 88 77 18 80 07 27 55 72 00 69 02 38 90 45 76 89 22 60 31 37 39 46 05 53 79 63 59 82 10 71 66 25 42 86 36 03 34 52 16 14 13 43 40 04 20 65 26 84 57 15 78 49 35 12 44 70 32 01 56 24 21 09 62 67 47 
79 37 69 30 83 20 42 01 18 49 12 59 75 88 43 74 87 34 00 09 29 52 62 76 25 08 51 81 55 13 84 03 28 56 73 02 70 23 39 90 46 71 82 06 61 32 38 40 47 11 54 85 64 60 89 50 72 67 26 04 78 31 17 35 53 21 15 14 44 41 05 86 66 27 80 58 16 24 22 19 57 63 68 10 45 07 36 77 65 33 48 
37 27 85 70 25 87 21 76 77 13 50 07 60 02 81 44 75 83 35 26 10 30 53 63 71 80 09 52 88 56 14 65 04 29 57 74 03 89 24 40 90 47 72 48 00 59 33 39 41 82 12 49 79 62 61 19 51 73 68 32 05 86 54 18 36 06 22 16 15 45 42 17 78 67 28 84 01 38 31 08 46 66 34 55 58 20 23 11 64 69 43 
43 79 33 61 20 45 72 39 70 84 51 24 86 58 68 02 11 10 52 30 12 82 16 47 87 77 05 31 22 17 46 35 81 60 62 85 74 48 28 23 65 14 66 09 83 71 32 80 27 57 49 69 63 37 55 56 90 54 21 40 34 07 89 42 67 13 44 78 00 01 88 08 36 75 64 19 25 04 73 18 59 76 41 53 15 38 26 29 06 03 50 
73 22 44 34 59 21 46 78 40 65 80 52 19 53 01 69 03 12 11 83 25 07 89 17 48 47 55 06 32 23 18 75 36 88 61 63 79 67 43 29 24 66 15 28 10 87 72 33 84 56 58 50 70 64 38 05 57 90 49 08 41 35 68 82 37 81 14 45 86 02 77 26 09 31 76 62 20 85 27 39 16 00 04 30 60 13 74 54 71 42 51 
47 50 74 45 35 60 22 20 86 41 66 84 53 12 54 77 70 04 07 43 87 26 08 82 18 13 48 56 00 33 24 85 76 31 81 59 64 16 68 44 30 19 67 80 29 11 83 73 34 39 57 01 51 65 62 79 06 58 90 36 09 42 38 69 89 55 88 15 46 78 03 21 27 10 32 71 63 23 75 14 61 72 37 49 17 40 28 25 02 05 52 
23 90 48 75 46 36 61 54 21 78 42 67 80 08 07 49 55 65 05 13 44 83 27 09 89 19 14 43 57 02 34 62 79 71 32 88 60 68 17 69 45 25 20 35 84 30 12 87 74 63 40 58 77 52 66 24 85 00 01 37 31 10 82 39 70 04 56 81 16 47 86 64 22 28 11 33 72 51 29 41 18 03 06 26 59 15 76 50 73 38 53 
59 77 24 43 76 47 31 84 49 22 86 37 68 06 09 08 50 56 66 82 14 45 87 28 10 35 20 15 44 58 03 61 63 85 72 33 81 21 69 18 70 46 26 75 36 80 25 07 83 67 64 41 01 55 53 52 19 79 02 11 38 32 65 89 40 78 05 57 88 17 48 73 62 23 29 12 34 90 71 16 60 74 39 51 13 42 30 27 04 00 54 
32 03 60 19 44 71 48 69 80 50 23 78 38 67 00 10 09 51 57 11 89 15 46 83 29 04 36 21 16 45 01 88 59 64 79 73 34 27 22 70 13 65 47 87 76 31 84 26 08 54 68 62 42 77 56 90 53 20 85 33 12 39 41 66 82 43 86 06 58 81 18 35 74 63 24 30 07 55 25 37 14 05 02 28 61 17 72 52 75 40 49 
57 43 15 81 45 76 82 40 30 64 17 42 69 22 38 85 36 03 80 49 74 08 02 00 58 59 83 65 26 78 63 51 11 28 13 23 37 29 89 33 06 79 68 39 34 14 71 20 72 18 87 10 53 90 77 54 55 75 60 84 48 73 46 25 04 61 16 31 05 27 66 19 41 88 07 50 86 52 67 01 47 32 21 44 09 35 12 24 70 62 56 
89 61 58 16 88 46 71 70 41 25 62 18 37 84 23 39 79 31 04 01 50 75 09 03 02 64 60 87 66 27 86 38 52 12 29 14 24 69 30 82 34 00 85 73 40 35 15 72 21 55 13 83 11 54 90 53 49 56 76 74 80 43 05 47 26 67 59 17 32 06 28 78 20 42 81 08 51 44 07 36 10 65 63 19 48 77 68 45 33 22 57 
72 71 82 01 17 81 47 38 65 42 26 63 13 05 80 24 40 85 32 03 77 51 76 10 04 78 62 61 83 67 28 19 39 53 07 30 15 79 70 25 89 35 02 22 74 41 36 16 73 90 56 14 87 12 49 45 54 50 57 44 75 84 27 06 48 29 68 60 18 33 00 52 86 21 37 88 09 59 69 55 43 34 23 46 11 31 08 20 66 64 58 
48 58 73 89 77 18 88 14 39 66 37 27 64 33 06 84 19 41 79 05 04 55 52 71 11 29 86 63 59 87 68 16 20 40 54 08 25 03 85 65 26 82 36 74 23 75 42 31 17 50 90 57 15 83 07 60 46 49 51 80 45 76 43 28 00 02 30 69 61 13 34 10 53 78 22 38 81 72 09 32 12 67 62 21 44 56 70 47 35 24 01 
41 07 56 31 38 01 34 86 72 33 78 75 36 29 47 58 26 44 55 85 02 77 79 05 57 09 66 18 12 69 15 37 68 83 40 65 87 70 23 06 67 20 03 52 19 81 49 22 88 24 08 73 21 11 76 28 10 89 25 64 59 62 63 90 61 80 17 48 84 14 45 50 35 43 53 32 46 82 42 30 51 04 74 16 54 27 39 13 00 71 60 
35 26 42 57 32 39 77 31 78 73 34 86 76 56 30 48 01 27 45 58 79 03 55 85 06 16 10 67 13 07 70 83 38 69 87 41 66 04 65 24 00 68 21 81 53 20 88 50 23 71 19 09 74 22 12 89 29 11 82 63 62 60 59 64 90 46 84 18 43 80 15 47 51 36 44 54 33 08 40 28 49 02 72 14 52 25 37 17 05 75 61 
55 89 36 37 58 33 40 71 32 86 74 35 78 46 57 25 43 77 28 00 01 85 04 56 79 65 17 11 68 14 08 67 87 39 70 83 42 22 05 66 19 02 69 24 88 54 21 81 51 07 72 20 10 75 23 09 82 30 12 61 64 63 90 60 62 16 47 80 13 44 84 34 48 52 31 45 49 27 38 26 53 06 76 18 50 29 41 15 03 73 59 
88 02 66 27 81 69 30 47 53 28 44 50 25 87 11 54 83 08 51 35 38 49 32 41 52 46 71 85 43 74 79 06 72 24 03 75 21 55 13 86 58 16 78 76 14 12 73 17 09 31 04 80 34 00 84 15 05 70 18 60 90 64 61 62 59 01 29 37 56 26 40 89 23 39 82 20 42 67 10 22 65 45 77 33 68 19 07 36 48 57 63 
25 13 81 67 28 88 70 26 48 54 29 45 51 52 83 12 49 87 09 53 36 39 50 33 42 85 47 72 79 44 75 22 00 73 19 04 76 86 56 14 78 01 17 10 71 15 07 74 18 80 32 05 84 35 02 68 16 06 65 62 61 90 60 59 63 41 77 30 38 57 27 37 82 24 40 89 21 03 08 20 69 43 58 31 66 23 11 34 46 55 64 
65 66 26 88 68 29 81 52 27 43 49 30 46 10 53 87 07 50 83 37 54 31 40 51 34 76 79 48 73 85 45 71 23 02 74 20 05 18 78 57 15 86 77 13 11 72 16 08 75 03 84 33 06 80 36 04 69 17 00 90 63 59 64 61 60 28 42 55 25 39 58 22 38 89 19 41 82 14 12 24 67 47 56 35 70 21 09 32 44 01 62 
17 42 80 21 37 83 01 03 22 27 53 33 54 61 85 56 14 81 62 76 48 16 26 36 00 82 35 02 87 24 40 68 74 50 45 39 38 84 67 28 86 09 52 77 04 18 63 30 06 78 44 75 88 32 05 57 60 29 19 12 49 89 13 41 10 73 65 51 59 07 71 72 90 70 25 79 47 15 55 31 64 58 11 69 34 08 20 23 43 46 66 
77 20 18 84 22 38 87 49 04 23 28 54 34 63 59 79 57 15 88 02 71 43 17 27 31 41 89 36 03 83 19 39 69 75 51 46 40 53 80 68 29 78 10 00 55 05 13 64 25 06 86 45 76 81 33 16 58 61 30 82 07 50 11 14 42 72 74 66 52 60 08 48 73 90 65 26 85 37 21 09 35 44 47 24 62 32 56 70 01 12 67 
83 25 55 13 80 23 39 35 50 05 24 29 49 81 64 60 85 58 16 32 03 72 44 18 28 20 42 82 31 04 87 41 40 70 76 52 47 11 54 84 69 30 86 26 02 56 06 14 62 34 00 78 46 71 88 38 17 01 59 51 89 08 37 12 15 09 73 75 67 53 61 79 43 74 90 66 27 21 57 33 63 77 07 65 36 10 22 19 45 48 68 
40 60 87 56 14 84 24 50 36 51 06 19 30 17 88 62 61 79 01 29 33 04 73 45 13 83 21 37 89 32 05 48 42 41 65 71 53 78 12 49 80 70 25 63 27 03 57 00 15 81 35 02 86 47 72 22 39 18 77 09 52 82 16 38 07 59 10 74 76 68 54 28 85 44 75 90 67 26 23 11 31 46 43 20 64 34 58 66 55 08 69 
19 55 41 83 57 15 80 25 51 31 52 00 20 77 18 81 63 59 85 14 30 34 05 74 46 06 87 22 38 82 33 54 43 37 42 66 72 26 86 07 50 84 65 16 64 28 04 58 02 73 88 36 03 78 48 27 23 40 13 89 10 53 08 17 39 49 60 11 75 71 69 68 29 79 45 76 90 61 01 35 62 56 09 67 32 12 24 21 47 44 70 
84 14 20 42 87 58 16 21 26 52 32 53 02 79 55 13 88 64 60 47 15 25 35 06 75 34 00 83 23 39 89 73 49 44 38 37 67 66 27 78 08 51 80 03 17 62 29 05 01 43 74 81 31 04 86 59 28 24 41 54 82 11 40 09 18 70 50 61 12 76 72 90 69 30 85 46 71 56 19 07 33 48 45 22 63 36 77 68 57 10 65 
01 29 30 77 09 13 33 23 89 18 43 79 50 32 27 07 67 39 22 64 83 53 20 78 59 42 45 44 74 65 56 80 26 08 85 15 46 60 36 12 51 10 24 82 73 34 81 06 58 16 48 21 54 63 35 88 41 66 86 19 47 00 03 55 84 31 87 38 69 90 76 70 71 57 62 04 68 11 49 75 02 17 25 05 37 14 40 28 52 61 72 
34 78 77 25 55 10 14 51 24 82 13 44 85 23 33 28 08 68 40 60 62 87 54 21 86 57 37 46 45 75 66 47 84 27 09 79 16 19 61 31 07 52 11 01 89 74 35 88 00 36 17 43 22 49 64 12 81 42 67 02 20 48 80 04 56 71 32 83 39 70 90 69 65 72 58 63 05 30 41 15 38 53 59 29 03 76 50 06 18 26 73 
15 68 35 55 26 56 11 79 52 19 89 14 45 41 24 34 29 09 69 78 61 63 83 49 22 67 58 38 47 46 76 17 48 80 28 10 85 12 20 59 32 08 53 02 77 82 75 36 81 62 31 18 44 23 50 25 07 88 37 43 03 21 57 84 05 90 72 33 87 40 65 06 70 66 73 01 64 86 51 71 04 13 27 00 39 16 42 30 54 60 74 
12 38 16 36 56 27 57 46 85 53 20 82 15 70 42 19 35 30 10 23 86 59 64 87 50 71 68 01 39 48 47 79 18 43 84 29 11 54 07 21 60 33 09 88 03 55 89 76 31 51 63 32 13 45 24 78 26 08 81 22 44 04 06 58 80 66 90 73 34 83 41 62 00 65 67 74 77 69 37 17 40 49 61 25 05 72 52 02 14 28 75 
58 88 07 17 31 57 28 16 47 79 54 21 89 11 65 37 20 36 25 51 24 78 60 62 83 48 72 69 77 40 43 12 85 13 44 80 30 10 49 08 22 61 34 32 81 04 56 82 71 19 52 64 33 14 46 70 86 27 09 05 23 45 84 00 01 42 67 90 74 35 87 55 63 02 66 68 75 39 53 73 06 15 29 03 41 18 38 26 50 59 76 
29 10 01 08 18 32 58 82 17 48 85 49 22 26 12 66 38 21 31 87 52 19 86 61 63 44 43 73 70 55 41 25 07 79 14 45 84 35 11 50 09 23 59 72 33 88 05 57 89 47 20 53 62 34 15 40 65 78 28 46 06 24 77 80 02 83 37 68 90 75 36 76 56 64 03 67 69 81 39 13 42 51 60 27 00 74 54 04 16 30 71 
14 51 88 44 75 89 56 29 63 16 41 68 39 37 79 35 02 84 21 73 07 00 06 57 54 87 70 25 86 62 61 10 27 18 22 42 50 82 32 05 85 67 28 33 13 76 19 71 38 83 09 52 90 01 17 77 74 59 48 47 72 80 30 03 45 15 36 04 26 65 60 40 81 12 49 78 24 53 11 34 08 69 64 23 46 58 66 43 31 20 55 
71 12 05 73 00 75 03 77 23 56 19 58 21 54 28 50 30 52 26 36 11 32 07 34 09 17 41 13 37 15 39 20 70 22 66 24 68 72 29 74 25 76 27 46 01 48 55 44 57 14 59 16 61 18 60 08 47 10 43 53 51 49 67 65 69 33 64 35 63 31 62 42 02 38 04 40 06 45 87 85 80 86 81 84 82 78 89 88 83 90 79 
30 09 14 26 16 28 18 63 58 62 77 64 56 00 17 03 13 05 15 45 66 47 68 43 70 02 50 04 52 06 54 34 44 36 46 32 48 61 76 60 72 59 74 31 24 33 20 35 22 25 73 27 75 29 71 11 67 07 69 38 42 40 12 10 08 19 55 21 57 23 01 39 49 41 51 37 53 65 78 89 84 83 86 85 79 88 81 82 90 87 80 
27 32 40 29 42 25 38 48 66 44 68 46 70 51 72 53 74 49 76 63 43 62 45 64 47 61 06 60 02 59 04 58 67 77 69 56 65 05 50 00 52 03 54 08 21 10 23 12 19 37 18 39 14 41 16 34 01 36 55 26 30 28 24 22 20 07 31 09 33 11 35 13 75 15 71 17 73 57 86 79 88 85 84 82 87 83 80 90 89 81 78 
54 62 17 50 13 52 15 10 69 12 65 08 67 30 05 26 00 28 03 33 55 35 57 31 01 14 73 16 75 18 71 46 24 48 20 44 22 40 53 42 49 38 51 34 70 36 66 32 68 02 41 04 37 06 39 64 21 63 23 76 74 72 56 77 58 45 11 47 07 43 09 60 25 59 27 61 29 19 85 78 90 79 82 87 86 89 88 81 80 84 83 
42 21 75 38 71 40 73 45 34 47 36 43 32 60 37 59 39 61 41 68 58 70 77 66 56 52 76 54 72 50 74 11 62 07 64 09 63 02 15 04 17 06 13 55 12 57 08 01 10 28 53 30 49 26 51 23 44 19 46 18 16 14 35 33 31 22 69 24 65 20 67 27 05 29 00 25 03 48 80 90 86 88 78 83 89 84 87 85 82 79 81 
60 67 52 59 54 61 50 19 31 21 33 23 35 39 75 41 71 37 73 22 08 24 10 20 12 28 38 30 40 26 42 55 09 57 11 01 07 25 18 27 14 29 16 66 62 68 64 70 63 05 76 00 72 03 74 69 32 65 34 06 04 02 47 45 43 48 58 44 77 46 56 51 17 53 13 49 15 36 90 84 79 81 89 80 88 87 85 78 86 83 82 
39 56 28 41 30 37 26 65 43 67 45 69 47 71 52 73 54 75 50 48 64 44 63 46 62 05 59 00 61 03 60 66 01 68 55 70 57 49 06 51 02 53 04 20 09 22 11 24 07 17 38 13 40 15 42 58 35 77 31 29 27 25 21 19 23 36 08 32 10 34 12 74 14 76 16 72 18 33 84 87 83 82 88 90 81 85 78 89 79 80 86 
13 70 25 15 27 17 29 57 64 01 63 55 62 16 02 18 04 14 06 65 46 67 48 69 44 49 03 51 05 53 00 43 35 45 31 47 33 75 59 71 61 73 60 23 32 19 34 21 36 72 26 74 28 76 30 66 12 68 08 41 39 37 09 07 11 77 20 56 22 58 24 54 40 50 42 52 38 10 88 81 85 90 83 89 80 82 86 79 87 78 84 
04 44 72 06 74 02 76 22 55 24 57 20 01 27 49 29 51 25 53 10 31 12 33 08 35 40 18 42 14 38 16 69 21 65 23 67 19 28 73 30 75 26 71 58 47 77 43 56 45 61 15 60 17 59 13 46 09 48 11 50 54 52 70 68 66 63 34 62 36 64 32 00 37 03 39 05 41 07 82 86 89 87 90 81 84 79 83 80 78 88 85 
51 35 61 53 60 49 59 36 20 32 22 34 24 74 40 76 42 72 38 07 23 09 19 11 21 37 29 39 25 41 27 08 56 10 58 12 77 17 26 13 28 15 30 64 67 63 69 62 65 75 06 71 02 73 04 31 70 33 66 03 00 05 44 48 46 57 43 01 45 55 47 16 52 18 54 14 50 68 79 83 81 78 87 86 85 80 90 84 88 82 89 
16 24 49 18 51 14 53 68 11 70 07 66 09 04 25 06 27 02 29 77 34 56 36 58 32 72 15 74 17 76 13 23 47 19 43 21 45 52 41 54 37 50 39 69 35 65 31 67 33 40 03 42 05 38 00 20 62 22 64 73 71 75 01 57 55 10 46 12 48 08 44 30 61 26 60 28 59 63 81 82 78 84 80 88 90 86 79 83 85 89 87 
74 47 37 76 39 72 41 33 46 35 48 31 44 42 61 38 60 40 59 57 69 01 65 55 67 75 53 71 49 73 51 64 12 63 08 62 10 14 03 16 05 18 00 11 56 07 58 09 77 52 29 54 25 50 27 43 24 45 20 15 13 17 32 36 34 68 23 70 19 66 21 04 28 06 30 02 26 22 83 80 82 89 85 79 78 90 84 87 81 86 88 
00 01 02 03 04 05 06 07 08 09 10 11 12 13 14 15 16 17 18 19 20 21 22 23 24 25 26 27 28 29 30 31 32 33 34 35 36 37 38 39 40 41 42 43 44 45 46 47 48 49 50 51 52 53 54 55 56 57 58 59 60 61 62 63 64 65 66 67 68 69 70 71 72 73 74 75 76 77 89 88 87 80 79 78 83 81 82 86 84 85 90 
