76 12 02 59 67 54 16 81 38 17 55 18 40 79 20 01 00 66 10 83 84 65 31 89 22 80 62 47 25 42 70 72 14 35 61 60 58 75 56 53 43 36 04 90 68 11 87 48 34 74 44 05 13 24 28 73 32 41 37 30 46 82 50 23 07 71 85 77 08 86 19 64 33 69 27 88 45 57 39 21 51 63 09 15 26 49 06 78 29 52 03 
51 79 17 85 02 73 89 27 11 22 50 83 48 15 47 46 38 76 66 33 29 16 56 78 42 63 86 28 14 90 54 57 65 04 08 77 30 21 23 64 44 75 18 03 59 10 26 74 36 88 05 40 84 80 60 45 53 34 68 72 24 69 41 70 20 82 06 39 01 52 62 71 43 67 61 49 13 07 87 25 37 19 00 31 35 32 81 09 58 12 55 
17 38 77 03 60 68 49 41 82 39 18 56 13 11 80 21 71 02 67 23 81 88 66 32 87 65 78 63 48 26 37 01 74 15 36 62 61 05 76 57 54 44 31 35 90 69 12 84 43 29 73 45 06 14 19 59 72 33 42 08 25 47 83 51 24 20 55 86 75 09 89 07 70 28 34 58 85 46 52 40 22 16 64 10 79 30 50 53 27 00 04 
50 37 18 75 04 61 69 14 42 83 40 13 57 68 12 78 22 55 03 84 24 82 85 67 33 38 66 79 64 43 27 62 71 73 16 31 63 32 06 77 58 49 45 44 36 90 70 07 88 20 30 72 46 00 15 08 60 74 34 19 09 26 48 81 52 87 21 56 89 76 10 39 29 35 65 47 01 86 23 53 41 11 17 59 54 28 25 02 80 51 05 
70 35 51 13 76 05 62 58 15 37 81 41 14 04 69 07 79 23 56 34 88 19 83 86 68 28 39 67 80 59 44 64 63 55 72 17 32 46 33 00 75 01 50 85 45 31 90 65 08 16 21 25 74 47 02 40 09 61 73 53 20 10 27 43 82 11 84 22 57 87 77 38 36 66 30 89 48 71 42 24 54 60 12 18 03 78 29 52 49 26 06 
63 72 65 52 14 77 06 15 01 16 38 82 42 57 05 70 08 80 24 69 35 85 20 81 89 45 29 40 68 78 60 33 59 64 56 74 18 51 47 34 02 76 71 09 86 46 32 90 66 03 17 22 26 73 48 39 41 10 62 83 54 21 11 28 44 75 12 88 23 58 84 36 67 25 31 55 87 43 49 37 19 13 61 07 53 50 79 27 04 30 00 
00 63 64 66 53 15 75 37 16 71 17 39 83 19 58 06 65 09 78 87 70 36 86 21 82 61 46 30 41 69 79 13 34 60 59 57 73 55 52 48 35 03 77 67 10 89 47 33 90 43 04 18 23 27 72 31 40 42 11 45 81 49 22 12 29 88 76 07 85 24 01 74 26 32 68 44 56 84 20 50 38 08 14 62 28 05 51 25 54 80 02 
80 30 14 86 25 60 85 79 08 65 00 71 22 72 44 23 61 24 46 82 26 59 07 06 16 73 84 05 37 89 28 83 68 53 31 48 04 76 20 41 67 66 64 78 62 01 49 42 10 90 02 17 87 54 40 77 50 11 19 18 70 75 38 47 43 36 52 74 56 29 13 34 69 21 15 03 39 33 88 51 63 45 27 57 32 55 12 81 35 58 09 
86 20 78 15 89 26 61 23 80 09 66 02 55 47 74 45 24 62 19 17 83 27 60 08 00 29 72 88 06 38 87 05 81 69 54 32 43 59 77 21 42 68 67 11 79 63 71 50 37 41 90 03 18 84 49 35 75 51 12 44 13 65 76 39 48 14 31 53 73 57 30 25 22 16 70 34 04 40 64 85 52 58 46 28 82 36 56 01 33 07 10 
62 07 89 79 16 87 27 56 24 78 10 67 03 20 48 73 46 19 63 02 18 81 28 61 09 84 30 74 85 00 39 44 06 82 70 49 33 68 60 75 22 37 69 38 12 80 64 55 51 50 42 90 04 13 88 26 36 76 52 43 45 14 66 77 40 25 15 32 54 72 58 21 17 65 23 41 35 05 53 59 86 29 01 47 71 34 31 08 83 57 11 
28 53 63 87 80 17 84 04 57 19 79 11 68 64 21 43 72 47 20 10 03 13 82 29 62 40 88 25 73 86 02 34 45 00 83 65 50 70 69 61 76 23 38 52 39 07 78 59 56 85 51 37 90 05 14 22 27 31 77 41 44 46 15 67 75 01 26 16 33 49 74 08 66 24 18 06 42 36 89 54 60 48 30 71 09 81 35 58 55 32 12 
88 75 29 64 84 78 18 69 05 58 20 80 12 21 59 22 44 74 48 63 11 04 14 83 30 03 41 85 26 72 89 51 35 46 02 81 66 39 65 70 62 77 24 57 53 40 08 79 60 15 86 52 38 90 06 09 23 28 32 76 42 45 47 16 68 73 71 27 17 34 50 54 19 13 67 31 00 37 61 87 49 55 43 25 01 56 82 33 10 36 07 
13 33 85 30 59 88 79 07 70 06 01 21 78 43 22 60 23 45 73 25 64 12 05 15 81 87 04 42 86 27 74 67 52 36 47 03 82 19 40 66 65 63 75 61 58 54 41 09 80 00 16 89 53 39 90 49 10 24 29 69 77 37 46 48 17 51 72 55 28 18 35 76 14 68 20 38 32 02 50 62 84 26 56 44 34 11 57 31 71 83 08 
77 71 62 35 19 42 58 83 20 86 31 66 85 82 14 05 07 60 28 76 50 29 67 30 52 74 32 65 13 12 22 75 84 11 43 89 34 73 02 01 37 54 10 79 26 47 00 06 70 81 68 59 55 48 16 90 08 23 87 36 40 80 56 17 25 24 04 78 44 53 49 46 51 63 33 27 03 21 09 45 39 88 57 69 38 61 18 72 41 64 15 
01 84 75 63 36 20 37 86 81 21 89 32 67 29 83 15 06 08 61 53 77 51 30 68 25 23 73 33 66 14 07 35 76 88 12 44 87 11 72 03 71 38 49 65 80 27 48 02 00 17 82 69 60 56 43 47 90 09 24 26 31 41 78 57 18 50 19 05 79 45 54 55 64 34 52 22 28 04 40 10 46 70 85 58 74 42 62 59 39 13 16 
38 19 71 76 64 31 21 68 89 82 22 87 33 62 30 81 16 00 09 26 54 75 52 25 69 08 24 72 34 67 15 84 36 77 85 07 45 50 12 74 04 55 39 02 66 78 28 43 03 44 18 83 70 61 57 56 48 90 10 13 27 32 42 79 58 49 51 20 06 80 46 88 35 53 59 05 23 29 47 41 11 01 65 86 60 40 37 14 73 63 17 
22 11 39 55 77 59 32 34 69 87 83 23 84 10 63 25 82 17 02 70 27 49 76 53 26 16 09 19 74 35 68 46 88 31 75 86 08 40 51 07 73 05 56 04 03 67 79 29 44 58 45 13 81 65 62 85 57 43 90 01 14 28 33 37 80 47 50 52 21 00 78 20 54 60 36 30 06 24 12 48 42 89 71 66 15 72 41 64 61 38 18 
33 90 23 40 56 75 60 88 35 70 84 81 24 03 11 64 26 83 18 27 65 28 50 77 54 69 17 10 20 73 36 09 47 85 32 76 89 57 41 52 08 72 06 45 05 04 68 80 30 63 01 46 14 82 66 21 86 58 44 78 71 15 29 34 38 79 48 51 53 22 02 12 61 31 49 19 25 00 37 07 43 67 87 55 59 62 74 39 16 42 13 
61 45 34 24 41 57 76 19 85 36 65 88 82 13 04 12 59 27 81 49 28 66 29 51 75 31 70 18 11 21 72 87 10 48 86 33 77 00 58 42 53 09 74 25 46 06 05 69 78 67 64 71 47 15 83 07 22 89 01 39 79 55 16 30 35 03 80 43 52 54 23 90 32 50 62 02 20 26 44 38 08 56 68 84 40 17 63 37 60 73 14 
81 54 50 01 55 30 10 80 68 41 25 48 64 73 26 86 37 06 85 74 20 11 13 66 34 79 56 35 00 36 58 77 38 05 19 18 28 78 84 17 49 89 40 75 08 59 43 71 16 82 32 53 07 12 04 72 02 65 61 60 52 90 14 29 87 42 46 83 62 23 31 22 88 03 63 69 57 39 33 09 27 15 51 45 44 67 24 76 47 70 21 
11 62 82 51 71 56 25 59 78 69 42 26 43 86 72 27 89 38 00 35 73 21 12 14 67 01 80 57 36 02 31 29 75 39 06 20 13 41 79 88 18 50 87 17 76 09 60 44 55 05 83 33 54 08 07 23 74 03 66 84 61 53 90 15 30 32 37 47 81 63 24 49 04 64 85 40 70 58 28 34 10 46 16 52 77 48 68 65 45 19 22 
26 67 12 83 52 55 57 44 60 79 70 37 27 02 89 74 28 87 39 68 36 72 22 07 15 32 71 78 58 31 03 14 30 76 40 00 21 84 42 80 85 13 51 56 18 77 10 61 45 08 06 81 34 49 09 50 24 73 04 25 88 62 54 90 16 19 33 38 48 82 64 63 59 86 05 01 41 65 11 29 35 53 47 17 66 46 43 20 75 69 23 
58 05 27 07 81 53 56 28 45 61 80 65 38 40 03 87 73 29 84 16 69 31 74 23 08 04 33 55 79 01 32 22 15 25 77 41 02 52 88 37 78 86 14 46 57 13 75 11 62 10 09 00 82 35 50 64 51 19 72 17 26 85 63 49 90 59 20 34 39 43 83 68 89 06 60 66 71 42 36 12 30 18 54 48 21 76 47 70 67 44 24 
57 74 01 28 08 82 54 39 29 46 62 78 66 88 41 04 84 72 30 09 17 70 32 73 24 33 05 34 56 80 71 03 23 16 26 75 42 15 53 85 38 79 89 63 47 58 14 76 12 51 11 10 02 83 36 69 59 52 20 90 18 27 86 64 50 81 60 21 35 40 44 06 00 61 87 37 67 55 25 31 07 43 13 49 65 68 77 45 22 48 19 
49 21 58 71 29 09 83 67 40 30 47 63 79 25 85 42 05 88 74 19 10 18 65 33 72 55 34 06 35 57 78 37 04 24 17 27 76 87 16 54 86 39 80 07 64 48 01 15 77 31 52 12 11 03 81 00 70 60 53 51 90 13 28 89 59 45 82 61 22 36 41 73 62 84 02 56 38 68 08 26 32 50 44 14 46 23 69 43 66 75 20 
73 18 68 29 37 48 52 72 56 59 61 36 16 83 02 47 31 54 70 75 32 86 43 12 85 77 26 17 19 06 40 82 62 41 07 42 64 80 44 11 25 24 34 81 84 23 55 89 46 78 14 65 49 60 22 74 38 01 13 71 28 76 08 05 67 66 58 90 20 35 87 10 21 51 57 09 88 69 03 63 45 39 15 33 50 00 30 79 53 04 27 
53 14 72 69 30 38 43 17 74 57 60 62 31 65 81 03 48 32 49 86 76 33 89 44 07 41 75 27 18 20 00 59 83 63 42 08 37 35 78 45 12 26 19 47 82 88 24 56 87 23 79 15 66 50 61 11 73 39 71 68 55 29 77 09 06 84 67 01 90 21 36 13 52 58 22 70 10 85 46 04 64 34 40 16 80 54 02 05 51 25 28 
44 55 54 74 70 25 39 32 18 73 58 61 63 50 66 82 04 43 33 08 89 77 34 87 45 02 42 76 28 13 21 38 60 81 64 37 09 20 36 79 46 07 27 84 48 83 85 19 57 62 24 80 16 67 51 14 12 72 40 00 69 56 30 75 10 31 88 68 71 90 22 15 01 23 53 86 65 11 59 47 05 17 35 41 06 52 49 26 78 03 29 
40 41 45 49 73 65 26 64 33 13 72 01 62 34 51 67 83 05 44 46 09 87 75 35 84 22 03 37 77 29 14 10 39 61 82 59 38 28 21 31 80 47 08 58 88 43 81 86 20 52 63 19 78 17 68 16 15 07 74 11 02 70 57 25 76 23 32 85 69 55 90 56 24 54 71 12 89 66 06 60 48 42 18 36 27 79 53 04 00 50 30 
27 73 41 46 50 72 66 63 59 34 14 74 71 45 35 52 68 81 06 88 47 10 84 76 36 15 23 04 38 75 30 39 11 40 62 83 60 09 29 22 32 78 48 21 01 85 44 82 89 69 53 64 20 79 18 57 17 16 08 77 12 03 65 58 26 90 24 33 86 70 56 42 49 55 19 67 07 87 43 00 61 31 37 13 05 02 80 51 28 54 25 
67 09 28 42 47 51 74 55 64 60 35 15 73 00 46 36 53 69 82 31 85 48 11 88 77 25 16 24 05 39 76 61 40 12 41 63 81 43 10 30 23 33 79 87 22 71 86 45 83 13 70 54 59 21 80 37 58 18 17 27 75 07 04 66 01 57 90 19 34 89 65 72 56 20 50 84 68 08 62 44 02 14 32 38 52 29 03 49 06 78 26 
90 66 26 41 87 06 64 75 02 35 43 54 58 76 62 65 67 42 22 73 08 53 37 71 04 78 38 86 49 18 85 80 32 23 25 12 46 74 68 47 13 48 70 83 50 17 31 30 40 72 84 29 61 89 52 81 20 05 55 24 16 77 44 59 19 60 34 79 14 11 00 28 45 39 21 57 27 63 15 88 03 09 69 51 56 07 36 82 01 10 33 
59 56 90 27 42 84 00 01 76 03 36 44 49 23 77 63 66 68 37 05 72 09 54 38 55 86 79 39 89 50 13 47 78 33 24 26 07 65 73 69 48 14 43 41 81 51 18 32 25 53 74 88 30 62 87 29 82 21 06 20 19 17 75 45 60 02 61 35 80 15 12 67 40 22 46 64 58 28 04 16 85 52 10 70 83 71 08 11 57 31 34 
02 00 60 90 28 37 88 50 71 77 04 31 45 38 24 75 64 67 69 56 06 74 10 49 39 14 89 80 40 87 51 08 48 79 34 19 27 44 66 72 70 43 15 26 42 82 52 13 33 84 54 73 85 25 63 68 30 83 22 61 21 20 18 76 46 07 03 62 36 78 16 57 23 47 41 29 59 01 86 05 17 65 53 11 12 58 55 32 81 09 35 
85 23 03 61 90 29 38 46 51 55 75 05 32 70 39 19 76 59 68 40 57 00 73 11 50 52 15 87 78 41 84 28 09 43 80 35 20 16 45 67 74 65 44 34 27 37 83 53 14 64 88 49 72 86 26 58 69 25 81 47 62 22 21 13 77 17 08 04 63 31 79 02 48 42 24 71 30 60 18 89 06 12 66 54 33 82 01 10 07 56 36 
39 82 86 04 62 90 30 33 47 52 56 76 06 69 65 40 20 77 60 51 41 58 02 72 12 88 53 16 84 79 42 21 29 10 44 78 36 45 17 46 68 73 66 15 35 28 38 81 54 27 59 85 50 74 89 03 01 70 26 75 48 63 23 22 14 80 18 09 05 64 32 24 37 19 43 61 55 25 00 13 87 49 07 67 11 08 83 57 34 71 31 
25 27 40 89 05 63 90 00 34 48 53 57 77 61 70 66 41 21 75 07 52 42 01 03 74 37 85 54 17 88 80 31 22 30 11 45 79 67 46 18 47 69 72 49 16 36 29 39 82 87 28 60 86 51 73 19 04 71 65 15 76 43 64 24 23 33 78 13 10 06 59 83 20 44 38 26 62 56 84 02 14 68 50 08 58 35 09 55 12 81 32 
82 89 20 17 07 66 40 90 32 47 87 12 70 78 08 41 49 71 64 79 68 05 00 48 28 75 14 01 43 60 10 81 44 86 55 24 85 83 38 29 31 18 52 77 02 53 19 54 04 73 56 23 37 36 46 76 84 35 67 06 34 72 26 11 61 30 22 80 50 65 25 58 15 57 03 45 51 27 63 33 69 21 88 09 62 13 42 74 59 16 39 
41 68 83 21 18 08 67 65 90 33 48 84 07 59 79 09 42 50 55 29 80 69 06 02 43 11 76 15 71 44 61 86 82 45 89 56 19 53 81 39 30 32 13 05 75 03 54 20 49 47 72 57 24 38 31 01 77 88 36 62 00 35 74 27 12 26 25 23 78 51 66 87 58 04 16 28 46 52 70 64 34 10 22 85 73 60 14 17 63 37 40 
68 31 42 81 22 13 09 08 66 90 34 43 88 56 60 80 10 37 51 44 30 78 70 00 03 62 12 77 16 55 45 20 89 83 46 87 57 14 54 82 40 25 33 50 06 76 04 49 21 32 48 74 58 19 39 84 71 75 85 07 63 02 36 73 28 67 27 26 24 79 52 69 05 17 01 53 29 47 35 65 59 86 11 23 18 64 61 38 72 15 41 
10 86 69 37 82 23 14 85 09 67 90 35 44 52 57 61 78 11 38 04 45 25 79 65 02 46 63 07 75 17 56 58 21 87 81 47 84 34 15 49 83 41 26 22 51 00 77 05 50 40 33 43 73 01 20 70 88 55 76 29 08 64 03 31 72 53 68 28 27 19 80 32 18 71 06 48 54 30 60 36 66 24 89 12 39 74 59 16 13 62 42 
15 77 11 70 38 83 24 45 86 10 68 90 36 39 53 58 62 79 12 03 05 46 26 80 66 57 47 64 08 76 18 88 01 22 84 82 48 27 35 16 50 81 42 51 23 52 02 75 06 21 41 34 44 72 71 33 65 85 56 74 30 09 59 04 32 78 54 69 29 28 20 89 55 00 13 25 43 49 67 61 31 07 19 87 17 14 73 63 40 60 37 
19 57 16 12 65 39 81 31 46 89 11 69 90 07 40 54 01 63 80 67 04 06 47 27 78 13 58 48 59 09 77 43 85 71 23 88 83 37 28 36 17 51 82 00 52 24 53 03 76 55 22 42 35 45 74 87 34 66 86 33 73 25 10 60 05 21 79 49 70 30 29 75 02 14 56 50 26 44 32 68 62 84 08 20 64 41 15 61 18 72 38 
83 42 56 05 31 36 28 74 26 23 13 06 46 90 38 53 87 18 04 81 14 47 55 60 70 82 02 11 07 54 34 78 20 59 49 66 16 72 50 86 61 30 85 73 44 35 37 24 58 80 08 01 25 71 10 75 62 29 43 89 64 79 84 41 00 12 40 76 32 17 67 52 27 15 88 63 21 09 51 57 33 69 39 03 68 19 48 77 65 22 45 
29 44 81 57 06 32 31 47 73 27 24 14 00 05 90 39 54 84 13 65 82 15 48 56 61 35 83 03 12 08 49 17 79 21 60 50 67 86 74 51 89 62 25 01 72 45 36 38 19 11 78 09 71 26 55 53 76 63 30 02 87 59 80 88 42 68 07 41 77 33 18 37 16 85 28 10 64 22 34 52 58 04 70 40 75 66 20 23 69 43 46 
32 25 30 82 58 00 33 02 48 72 28 19 15 14 06 90 40 49 88 62 66 83 16 43 57 50 36 81 04 07 09 68 18 80 22 61 51 26 89 73 52 87 63 20 71 74 46 31 39 56 12 79 10 55 27 38 54 77 64 37 03 84 60 78 85 13 69 08 42 75 34 45 86 29 17 23 11 59 01 35 53 41 05 65 24 70 67 44 76 21 47 
34 59 33 25 83 01 02 16 03 43 74 29 20 85 15 00 90 41 50 58 63 67 81 17 44 10 51 31 82 05 08 52 69 13 78 23 62 64 27 87 72 53 84 40 21 55 73 47 32 28 57 07 80 11 56 46 39 49 75 86 38 04 88 61 79 35 14 70 09 37 76 26 30 18 89 60 24 12 54 71 36 66 42 06 45 77 65 22 19 68 48 
03 76 35 34 26 81 71 21 17 04 44 73 30 51 86 16 02 90 42 45 01 64 68 82 18 09 11 52 32 83 06 63 53 70 14 79 24 88 59 28 84 74 54 33 41 22 56 72 48 57 29 58 08 78 12 27 47 40 50 80 89 39 05 85 62 77 36 15 65 10 38 60 13 87 25 07 61 19 31 49 55 00 67 37 23 20 75 69 46 66 43 
55 51 04 36 35 27 82 25 22 18 05 45 72 37 52 89 17 03 90 13 46 71 59 69 83 00 10 12 53 33 81 19 64 54 65 15 80 49 85 60 29 88 73 43 34 42 23 57 74 07 58 30 01 09 79 61 28 48 41 63 78 87 40 06 86 39 75 31 16 66 11 77 84 26 14 20 08 62 56 32 50 38 02 68 70 47 21 67 24 76 44 
79 60 38 23 00 18 46 73 62 11 37 42 34 77 32 29 19 12 52 90 44 01 87 24 10 72 20 53 61 66 04 74 08 17 13 71 40 81 26 65 55 06 22 76 56 86 67 36 85 75 50 41 43 30 64 83 14 59 31 48 58 78 68 35 49 89 70 82 84 47 07 16 03 09 45 21 33 88 69 27 15 57 63 39 02 25 54 80 05 28 51 
47 32 80 39 24 02 13 35 72 63 12 38 37 53 75 33 30 20 07 11 90 45 71 84 19 05 74 21 54 62 67 41 73 09 18 14 55 23 82 27 66 56 00 86 77 57 89 68 31 59 76 51 42 44 25 17 81 15 60 50 43 01 79 69 36 08 87 65 83 88 48 61 10 46 04 85 22 34 16 70 28 40 58 64 78 06 26 29 03 49 52 
14 61 48 78 40 19 03 38 36 74 64 07 39 08 54 76 34 25 21 20 12 90 46 55 88 68 06 73 22 49 63 56 42 72 10 13 15 02 24 83 28 67 57 32 89 75 58 87 69 26 60 77 52 37 45 62 18 82 16 31 51 44 71 80 70 43 09 84 66 81 85 33 47 05 11 35 86 23 29 17 65 59 41 01 30 04 00 50 79 27 53 
04 17 15 43 79 41 20 40 39 31 73 59 08 22 09 49 77 35 26 85 21 07 90 47 56 64 69 00 72 23 50 16 57 37 74 11 14 58 03 19 81 29 68 70 33 87 76 01 84 46 27 61 75 53 38 34 63 13 83 65 32 52 45 55 78 86 44 10 88 67 82 62 06 12 48 24 36 89 66 30 18 71 60 42 51 80 05 28 25 02 54 
21 81 05 16 44 80 42 09 41 40 32 72 60 27 23 10 50 75 36 57 86 22 08 90 48 51 59 70 02 74 24 15 17 58 38 73 12 69 01 04 20 82 30 88 65 34 84 77 71 39 47 28 62 76 54 63 35 64 14 79 66 33 53 46 56 83 89 45 11 85 68 18 07 43 00 87 19 31 13 67 25 37 55 61 29 26 78 03 52 06 49 
37 15 22 06 17 45 78 61 10 42 41 33 74 31 28 24 11 51 76 43 58 89 23 09 90 19 52 60 65 03 73 07 16 18 01 39 72 25 70 71 05 21 83 55 85 66 35 88 75 49 40 48 29 63 77 13 64 36 59 57 80 67 34 54 47 69 81 87 46 12 86 82 44 02 08 32 84 20 26 14 68 62 38 56 04 53 27 00 30 79 50 
74 36 84 53 13 89 04 82 44 29 07 24 52 75 68 17 43 48 40 80 38 35 25 18 58 90 50 59 87 30 16 76 26 01 67 06 10 77 14 23 19 60 46 72 32 05 61 12 28 79 62 86 00 42 85 78 56 47 49 66 22 73 20 65 37 54 64 81 02 41 55 70 63 45 69 15 09 51 27 39 88 03 33 21 08 31 71 83 11 34 57 
05 50 73 88 54 14 87 53 83 45 30 08 19 41 76 69 18 44 43 01 78 39 36 26 13 17 90 51 60 84 25 11 77 27 71 68 00 47 75 15 24 20 61 29 74 33 06 62 07 86 80 63 89 02 37 65 79 57 48 38 67 23 72 21 66 56 49 59 82 03 42 31 46 70 64 52 16 10 85 28 40 22 04 34 81 12 32 35 09 55 58 
84 43 06 72 85 49 15 20 54 81 46 25 09 44 42 77 70 13 45 14 71 79 40 31 27 26 18 90 52 61 88 02 12 75 28 55 69 62 48 76 16 19 21 08 30 73 34 00 63 38 89 78 64 87 03 32 66 80 58 67 39 68 24 74 22 37 57 50 60 83 04 51 65 59 47 11 53 17 41 86 29 35 23 05 36 10 07 56 82 33 01 
16 01 88 00 74 86 50 10 21 49 82 47 26 46 45 37 75 65 14 28 15 55 80 41 32 85 27 13 90 53 62 70 03 07 76 29 56 22 63 43 77 17 20 64 09 25 72 35 02 04 39 87 79 59 84 52 33 67 78 23 68 40 69 19 73 05 38 58 51 61 81 44 60 48 66 18 12 54 30 42 89 06 36 24 57 83 11 34 31 08 71 
45 83 59 58 68 74 12 57 23 85 08 75 89 33 17 28 56 73 54 21 53 52 44 79 06 39 35 22 62 81 48 69 86 34 20 90 71 63 05 10 14 80 36 27 29 70 50 78 24 09 65 16 32 77 42 88 11 46 84 82 60 51 01 40 02 76 30 03 47 04 26 66 25 37 07 00 49 67 55 19 13 87 31 43 41 38 72 15 64 18 61 
07 88 46 60 01 69 73 87 58 24 86 09 76 49 34 18 29 57 72 00 22 54 53 45 80 43 40 36 23 63 82 55 70 89 35 21 90 31 64 06 11 15 78 19 28 30 65 51 79 37 10 66 17 33 75 67 85 12 47 03 83 61 52 71 41 27 77 25 04 48 05 81 38 08 26 68 02 50 14 56 20 44 84 32 16 59 39 13 42 74 62 
72 48 08 47 61 71 70 77 84 01 19 89 10 74 50 35 13 30 58 78 02 23 49 54 46 83 44 41 31 24 64 90 56 65 87 36 22 79 32 59 00 12 16 80 20 29 25 66 52 76 38 11 67 18 34 82 68 86 07 42 04 81 62 53 55 06 28 75 26 05 43 85 09 27 39 51 69 03 21 15 57 33 45 88 14 37 60 73 17 40 63 
65 08 74 09 48 62 55 11 75 88 71 20 87 01 73 51 36 14 25 47 79 03 24 50 49 59 81 45 42 32 19 23 90 57 66 84 31 17 80 33 60 02 07 53 78 21 30 26 67 35 77 39 12 68 13 86 83 69 89 56 37 05 82 63 54 44 00 29 76 27 06 43 28 40 10 04 52 70 58 22 16 85 34 46 72 18 38 41 15 61 64 
56 87 66 73 10 43 63 84 12 76 85 55 21 26 71 72 52 31 15 50 48 80 04 19 51 20 60 82 46 37 33 32 24 90 58 67 88 08 18 78 34 61 03 68 54 79 22 25 27 14 36 75 40 07 69 44 89 81 70 49 57 38 06 83 64 00 45 02 30 77 28 09 41 11 29 65 05 53 17 01 23 47 86 35 42 16 13 62 74 39 59 
64 65 57 67 72 11 44 22 88 07 77 86 56 16 27 55 74 53 32 52 51 43 78 05 20 34 21 61 83 47 38 85 33 19 90 01 68 04 09 13 79 35 62 28 69 49 80 23 26 70 15 31 76 41 08 10 45 87 82 59 50 58 39 00 81 29 02 46 03 25 75 84 12 30 42 54 66 06 24 18 71 36 48 89 63 73 17 40 37 14 60 
09 80 53 10 32 79 36 51 65 64 02 77 18 63 29 85 14 78 89 39 23 34 62 75 71 27 01 58 50 82 12 45 41 28 68 72 54 03 86 40 26 90 60 69 11 16 20 83 42 33 35 04 56 81 30 15 05 22 38 73 06 88 17 52 84 74 66 57 59 46 08 48 87 49 37 43 31 13 07 55 00 61 25 19 47 44 76 21 70 24 67 
31 39 10 54 11 33 80 13 52 66 59 03 75 87 64 30 86 15 79 55 40 24 35 63 76 07 28 71 01 51 83 49 46 42 29 69 74 61 04 89 41 27 90 37 70 12 17 21 81 25 34 36 05 57 82 43 16 06 23 88 72 00 85 18 53 09 73 67 58 60 47 78 50 38 84 14 44 32 02 08 56 20 62 26 22 65 45 19 48 77 68 
78 24 32 11 49 12 34 76 14 53 67 60 04 80 84 59 25 89 16 77 56 41 19 36 64 81 08 29 55 71 52 73 50 47 37 30 70 90 62 05 87 42 28 82 38 65 07 18 22 83 26 35 31 06 58 79 44 17 00 54 85 74 02 86 13 48 10 72 68 01 61 40 39 88 51 33 15 45 57 03 09 27 21 63 20 43 66 75 23 46 69 
35 02 79 33 12 50 07 05 77 15 54 68 61 17 78 88 60 26 87 59 75 57 42 20 31 53 82 09 30 56 55 65 72 51 48 38 25 29 90 63 06 84 37 23 83 39 66 08 13 01 81 27 36 32 00 41 80 45 18 14 49 86 73 03 89 62 43 11 74 69 71 19 85 52 40 46 34 16 10 58 04 64 28 22 76 24 44 47 21 67 70 
08 13 36 80 34 07 51 62 06 75 16 49 69 84 18 79 85 61 27 32 60 76 58 37 21 56 54 83 10 25 57 26 66 74 52 43 39 38 30 90 64 00 88 14 24 81 40 67 09 02 71 82 28 31 33 20 42 78 46 87 15 50 89 72 04 55 63 44 12 73 70 03 53 41 86 17 47 35 05 11 01 23 59 29 48 22 19 68 77 45 65 
52 47 09 31 78 35 08 70 63 00 76 17 50 28 88 13 80 86 62 22 33 61 77 01 38 58 57 49 81 11 26 40 27 67 73 53 44 85 39 25 90 59 02 10 15 19 82 41 68 34 03 55 83 29 32 04 21 37 79 05 84 16 51 87 74 65 56 64 45 07 72 14 42 89 54 36 18 48 71 06 12 30 24 60 69 75 23 46 43 20 66 
87 69 52 18 86 03 72 43 28 12 23 51 81 67 16 48 47 39 77 37 34 30 17 57 79 49 64 89 29 15 90 25 58 66 05 09 75 13 22 24 59 45 76 31 04 60 11 27 73 61 85 06 41 88 78 55 46 54 35 21 74 19 70 42 65 63 83 00 40 71 53 80 68 62 44 08 50 14 38 84 26 32 20 02 10 01 33 07 36 82 56 
18 22 31 44 15 34 47 48 87 56 45 85 01 42 00 32 39 04 35 06 25 20 03 28 23 71 67 38 57 70 41 89 07 68 88 10 65 30 55 62 27 58 59 54 43 26 51 46 29 24 61 08 21 64 11 36 19 84 33 16 53 12 13 50 09 52 05 66 49 02 69 86 81 79 74 80 75 78 76 72 83 82 77 90 37 63 40 60 14 17 73 
36 85 43 14 33 46 17 89 55 44 88 58 47 06 31 38 03 34 41 30 19 02 27 22 05 66 37 56 69 40 01 12 67 84 09 70 86 71 61 26 57 64 29 48 25 50 45 28 53 60 07 20 63 10 23 24 87 32 21 52 11 18 49 08 15 04 65 54 00 68 51 35 72 83 78 77 80 79 73 82 75 76 90 81 13 39 16 42 62 59 74 
48 34 13 32 45 16 35 71 43 84 57 46 86 36 37 02 33 40 05 24 00 26 21 04 29 42 55 68 39 58 65 66 87 08 69 85 11 60 25 56 63 28 01 30 49 44 27 52 47 12 19 62 09 22 59 89 31 20 88 10 17 54 07 14 51 70 53 06 67 50 03 23 80 73 82 79 78 76 81 77 74 90 83 75 61 15 64 18 38 41 72 
71 16 07 02 57 10 05 42 49 20 39 52 23 89 61 50 88 64 53 12 37 44 09 40 47 36 25 08 33 28 11 06 43 62 03 46 59 18 00 84 15 04 86 60 67 32 63 70 35 54 31 56 51 34 01 66 13 26 69 85 41 30 87 38 27 58 17 24 55 14 21 29 79 72 90 73 76 81 80 83 82 75 74 78 19 45 22 48 68 65 77 
06 70 55 08 03 58 11 24 37 50 21 40 53 54 87 62 51 85 59 48 07 38 45 10 41 12 31 26 09 34 29 60 00 44 63 04 47 89 13 02 88 16 05 36 61 68 33 64 65 71 49 32 57 52 35 30 67 14 27 28 86 42 25 84 39 22 01 18 19 56 15 17 74 90 80 82 72 77 83 78 81 79 76 73 43 69 46 66 20 23 75 
12 28 00 56 09 04 01 54 19 38 51 22 41 60 49 84 63 52 86 42 43 08 39 46 11 30 07 32 27 10 35 48 61 02 45 64 05 06 87 14 03 85 17 66 31 62 69 34 59 36 55 50 33 58 53 18 25 68 15 40 29 89 37 26 88 16 23 71 13 20 57 65 90 78 73 75 83 74 82 81 79 72 80 77 67 21 70 24 44 47 76 
30 40 61 20 27 64 23 60 13 08 63 16 11 48 55 26 45 58 29 89 67 56 88 70 01 18 43 50 15 46 53 42 31 14 39 34 17 12 49 68 09 52 65 24 07 84 21 10 86 66 00 38 69 04 41 71 37 62 57 22 35 06 19 32 03 85 47 36 87 44 33 59 78 81 77 76 82 90 75 79 72 83 73 74 25 51 28 54 02 05 80 
24 58 25 62 21 28 59 12 61 14 09 64 17 30 43 56 27 46 01 71 87 68 57 85 65 54 13 44 51 16 47 18 37 32 15 40 35 66 07 50 69 10 53 89 19 08 88 22 11 42 67 02 39 70 05 60 55 38 63 04 23 36 00 20 33 34 86 48 31 84 45 41 82 75 79 90 77 83 74 76 80 73 81 72 49 03 52 06 26 29 78 
60 64 19 26 63 22 29 18 07 62 15 10 59 71 25 44 57 28 47 66 55 84 69 58 86 48 49 14 45 52 17 36 13 38 33 16 41 54 67 08 51 70 11 12 87 20 09 85 23 06 37 68 03 40 65 42 61 56 39 34 05 24 31 02 21 46 35 89 43 32 88 01 76 80 83 81 90 75 78 73 77 74 72 82 00 27 04 30 50 53 79 
42 10 87 50 39 85 53 36 67 26 33 70 29 66 19 14 69 22 17 54 61 32 51 64 35 89 00 62 88 04 59 24 49 56 21 52 01 48 37 20 45 40 23 18 55 02 15 58 05 30 13 84 27 16 86 06 07 44 03 46 65 60 43 68 63 28 41 12 25 38 09 47 73 77 75 72 81 80 79 74 90 78 82 76 31 57 34 71 08 11 83 
54 04 37 84 51 40 86 30 31 68 27 34 65 18 67 20 15 70 23 36 49 62 33 52 59 60 87 02 63 85 05 71 19 50 57 22 53 24 43 38 21 46 41 06 13 56 03 16 01 89 25 14 88 28 17 48 00 08 45 64 47 66 61 44 69 10 29 42 07 26 39 11 75 76 72 78 74 82 90 80 73 77 79 83 55 09 58 12 32 35 81 
89 46 49 38 88 52 41 66 25 32 69 28 35 24 13 68 21 16 65 60 31 50 63 34 53 06 61 84 03 64 86 54 55 20 51 58 23 42 19 44 39 22 47 71 00 14 57 04 17 18 87 26 15 85 29 12 43 02 09 70 59 48 67 62 45 40 11 30 37 08 27 05 77 74 76 83 79 73 72 90 78 81 75 80 07 33 10 36 56 01 82 
23 26 76 45 66 44 19 29 79 51 06 50 25 35 82 57 12 56 31 41 74 63 18 62 37 47 77 69 24 68 43 53 80 03 30 02 49 01 83 09 36 08 55 59 73 15 42 14 61 65 75 21 48 20 67 05 78 27 54 32 07 11 81 33 71 38 13 17 72 39 60 00 34 10 58 16 40 64 22 46 70 28 52 04 88 84 87 90 89 86 85 
46 29 21 19 75 47 68 52 27 25 78 53 02 58 33 31 81 01 08 64 39 37 72 59 14 70 45 43 76 65 20 04 51 49 79 05 26 10 57 55 82 11 32 16 63 61 74 17 38 22 69 67 77 23 44 28 03 00 80 35 56 34 09 07 83 41 62 40 15 13 73 50 71 36 12 42 60 18 48 66 24 54 06 30 87 86 84 88 90 85 89 
69 78 47 22 20 76 48 03 53 28 26 79 54 09 01 34 32 82 71 15 59 40 38 74 60 21 65 46 44 77 66 27 05 52 50 80 06 33 11 58 56 83 12 39 17 64 62 73 18 45 23 70 68 75 24 51 29 04 02 81 36 57 35 10 08 72 42 63 41 16 14 30 31 07 55 13 37 61 19 43 67 25 49 00 85 90 89 86 84 88 87 
75 06 44 65 43 24 22 78 50 05 49 30 28 81 56 11 55 36 34 72 62 17 61 42 40 76 68 23 67 48 46 79 02 29 00 54 52 82 08 35 07 71 58 74 14 41 13 60 64 77 20 47 19 66 70 80 26 53 25 12 10 83 32 01 31 18 16 73 38 59 37 04 57 33 09 39 63 15 45 69 21 51 03 27 86 89 85 84 87 90 88 
20 49 24 77 46 67 45 26 30 80 52 00 51 32 36 83 58 07 57 38 42 73 64 13 63 44 48 75 70 19 69 50 54 78 04 25 03 56 71 81 10 31 09 62 60 72 16 37 15 68 66 76 22 43 21 02 06 79 28 55 33 08 12 82 34 61 39 14 18 74 40 27 11 01 35 59 17 41 65 23 47 05 29 53 90 87 88 89 85 84 86 
43 03 70 48 23 21 77 49 04 54 29 27 80 55 10 71 35 33 83 61 16 60 41 39 73 67 22 66 47 45 75 00 28 06 53 51 78 07 34 12 01 57 81 13 40 18 59 63 72 19 46 24 65 69 76 25 52 30 05 09 82 31 58 36 11 15 74 37 64 42 17 79 08 56 32 62 14 38 68 20 44 02 26 50 89 88 90 85 86 87 84 
66 52 67 68 69 70 65 06 00 02 03 04 05 12 07 08 09 10 11 18 13 14 15 16 17 24 19 20 21 22 23 30 25 26 27 28 29 36 31 32 33 34 35 42 37 38 39 40 41 48 43 44 45 46 47 54 49 50 51 58 01 71 55 56 57 64 59 60 61 62 63 53 83 82 81 74 73 72 77 75 76 80 78 79 84 85 86 87 88 89 90 
