15 61 66 86 54 74 58 20 77 35 18 38 43 39 26 63 03 55 57 45 76 29 07 87 00 28 37 83 23 05 04 68 40 82 84 33 16 06 31 81 13 56 67 27 88 22 60 78 02 70 46 12 71 75 48 89 80 49 47 52 34 25 72 65 08 53 73 32 64 10 90 21 11 50 44 36 01 17 14 24 59 85 42 69 62 19 41 79 51 09 30 
53 13 19 78 56 18 69 55 31 59 05 64 24 61 65 81 33 43 83 27 51 36 01 26 35 75 66 03 11 52 07 79 77 32 14 04 29 76 70 54 42 38 41 10 58 72 08 71 44 00 02 82 62 25 73 47 45 50 67 23 80 20 15 30 46 88 89 87 85 84 37 90 12 57 22 63 86 40 68 48 21 06 34 09 16 49 17 60 39 74 28 
36 90 12 55 17 64 54 68 58 18 85 77 60 21 80 67 30 79 26 50 35 89 25 34 74 10 11 65 51 06 75 04 88 13 03 28 73 00 69 41 37 40 72 57 81 16 01 43 71 09 78 61 24 84 46 44 49 32 22 76 19 14 29 45 86 63 02 42 31 83 23 52 39 87 62 47 20 53 33 08 05 70 66 56 48 82 15 07 59 38 27 
76 33 25 17 90 34 61 15 12 26 80 66 88 03 08 59 73 53 24 78 57 00 67 60 87 44 75 48 10 45 47 36 11 68 16 89 70 50 82 21 04 37 05 71 39 85 81 40 38 32 56 14 77 22 69 74 86 55 18 27 01 72 06 46 54 51 09 79 19 62 28 30 84 43 64 35 41 23 29 58 65 49 07 13 31 20 52 63 83 42 02 
31 26 27 22 18 90 35 62 76 13 37 52 29 87 04 09 60 16 68 25 82 58 02 33 61 86 45 79 49 66 46 48 06 83 43 08 88 12 51 74 65 05 38 20 00 40 89 72 41 39 67 57 15 78 63 54 75 84 56 19 28 71 77 07 47 70 81 03 23 55 80 34 50 14 17 69 44 85 24 36 42 11 30 59 53 10 64 73 32 21 01 
35 28 14 53 23 19 90 36 61 80 49 12 81 30 86 05 02 63 08 43 26 74 72 01 34 62 84 46 83 50 22 47 39 04 73 44 09 87 13 52 75 11 06 24 21 70 41 88 77 42 40 33 58 16 56 64 55 79 85 57 20 29 00 78 17 59 38 07 82 48 10 27 03 60 31 18 15 51 89 54 45 32 25 37 69 68 76 67 65 66 71 
28 15 81 13 68 24 20 90 01 62 48 60 66 72 31 84 06 37 64 09 44 27 39 77 71 35 63 85 47 73 51 23 07 17 05 76 45 02 86 14 53 79 03 74 25 65 12 42 87 78 32 41 34 59 49 57 69 56 83 89 58 21 30 70 82 75 50 40 08 18 36 29 67 38 26 10 61 04 52 19 16 46 88 55 80 54 33 11 22 43 00 
30 72 63 61 14 43 25 21 07 71 24 79 37 22 77 10 85 90 38 69 02 45 51 40 78 00 36 64 89 48 76 52 04 41 18 06 80 46 01 84 15 68 83 09 75 26 11 13 32 86 82 67 42 35 19 50 58 54 57 73 88 59 65 31 12 28 49 17 60 74 29 16 47 56 87 27 39 33 05 66 62 08 53 20 34 81 03 23 44 55 70 
58 34 50 62 64 52 74 24 00 90 23 06 73 42 28 56 07 48 33 84 61 81 78 30 21 20 49 04 82 11 86 08 70 26 79 01 63 39 35 38 80 85 40 14 09 53 02 16 72 59 22 87 29 55 47 41 10 83 17 12 27 43 88 75 44 69 67 65 76 68 19 66 32 03 15 54 71 31 60 89 37 51 45 18 36 57 77 46 13 05 25 
22 51 90 07 63 69 53 75 17 70 09 54 20 76 32 29 57 25 49 34 85 62 33 82 31 65 21 50 05 74 03 84 41 11 27 83 71 64 40 36 39 81 89 80 15 02 68 01 08 77 60 23 86 30 43 48 42 66 73 18 13 28 44 87 79 72 24 12 56 45 59 35 52 19 46 16 04 67 10 55 00 38 61 88 78 37 47 14 06 58 26 
32 46 62 06 45 75 65 70 83 07 25 10 35 08 67 34 54 00 63 15 79 13 64 47 04 40 71 81 43 20 38 09 57 73 58 56 61 68 03 80 02 27 19 53 26 12 18 76 23 33 52 48 51 77 21 37 72 29 66 55 22 31 82 41 05 87 90 89 84 88 78 86 24 36 11 42 85 50 69 59 01 14 44 30 39 16 49 74 60 28 17 
27 29 67 90 33 60 14 52 25 24 08 07 11 16 58 83 70 23 77 56 71 50 59 88 43 74 47 31 44 46 35 76 75 15 85 00 49 78 20 03 36 04 65 38 84 80 39 37 42 55 13 72 66 18 82 87 54 17 26 02 81 05 45 69 61 10 32 53 01 64 89 73 22 40 34 57 21 28 06 12 48 86 63 68 19 41 30 51 62 79 09 
63 37 82 43 40 85 56 79 69 05 06 31 08 90 45 41 28 60 65 57 59 47 20 80 18 84 12 30 39 76 25 07 58 42 33 75 89 35 09 17 66 77 15 83 54 29 86 24 62 74 71 13 48 14 02 22 50 87 72 51 49 68 36 27 78 81 44 34 70 03 11 23 61 26 16 67 55 88 04 46 52 00 19 38 73 32 53 01 21 64 10 
24 74 06 10 44 41 89 57 29 54 17 72 03 09 90 46 42 83 61 11 58 60 45 21 81 19 85 13 31 40 80 26 16 35 32 34 79 88 36 02 18 22 78 12 73 55 30 84 25 63 75 00 14 49 04 01 23 51 86 77 52 50 43 37 28 48 07 59 15 82 64 38 70 39 20 08 27 62 87 33 56 53 05 47 68 76 71 65 69 67 66 
39 07 55 77 66 45 42 88 32 30 27 49 69 04 02 90 47 58 73 62 03 59 17 46 65 72 20 89 14 10 41 81 82 60 36 67 35 83 87 37 01 19 23 16 13 76 56 31 85 26 64 79 70 15 74 05 71 24 52 84 78 53 51 44 38 61 18 08 50 29 25 75 68 48 06 21 40 12 63 09 28 57 86 34 00 43 11 54 33 80 22 
79 56 31 50 78 22 46 32 48 67 72 62 26 54 05 01 90 87 59 76 63 04 19 18 47 11 77 21 88 15 66 42 24 09 61 37 33 36 73 86 38 71 20 51 08 14 80 57 10 89 27 69 83 12 30 75 06 00 25 53 85 82 68 52 45 60 28 74 16 39 40 17 58 35 84 07 49 43 13 65 41 29 64 02 03 70 55 34 81 44 23 
18 10 33 63 51 82 23 47 90 49 32 61 41 27 55 06 71 67 86 60 80 64 29 20 19 48 03 78 65 87 16 22 21 75 02 62 38 34 37 76 84 39 00 08 52 09 15 81 58 66 88 28 54 73 40 31 79 07 70 26 68 89 74 43 53 05 77 25 13 46 83 57 30 01 69 85 36 59 44 17 50 42 14 11 56 04 35 72 45 12 24 
08 64 00 83 62 15 44 26 89 17 53 29 30 38 23 78 66 65 90 39 54 01 50 52 41 82 70 37 69 88 49 80 73 18 42 19 07 81 47 71 85 16 43 61 02 79 27 03 14 67 84 74 33 32 75 20 51 59 55 58 76 87 60 11 10 46 25 05 36 13 31 77 09 21 68 86 57 48 34 28 40 63 06 22 04 35 24 45 56 72 12 
78 70 18 30 73 63 16 45 22 88 81 47 10 31 39 24 82 27 11 90 40 55 26 51 53 42 74 12 38 54 87 50 44 06 19 32 20 17 72 48 00 89 08 37 62 01 83 28 04 15 33 85 75 34 14 79 21 52 60 56 59 80 86 61 03 71 68 76 67 66 09 69 64 23 07 43 65 02 49 84 58 41 35 29 25 05 46 57 77 36 13 
54 19 87 48 31 76 64 08 74 23 51 00 02 66 10 40 25 46 28 03 90 41 43 27 52 68 32 75 13 39 55 86 09 80 07 20 67 21 18 77 49 70 88 33 38 63 71 73 29 05 16 34 89 79 22 15 83 65 53 61 57 60 81 84 62 56 72 45 35 04 82 12 42 30 36 17 24 69 01 44 11 59 50 85 47 26 58 78 37 06 14 
13 86 24 70 49 10 80 69 26 75 84 57 74 01 22 66 41 09 47 29 04 90 77 44 28 53 43 67 79 14 40 56 87 46 81 17 21 33 65 19 78 50 12 36 34 39 64 00 76 30 06 08 35 88 05 23 16 73 11 68 62 58 61 72 85 42 52 02 83 63 55 20 60 89 51 37 31 32 54 18 25 03 71 45 59 48 82 38 07 27 15 
21 25 79 58 12 50 66 81 42 27 57 32 56 75 71 23 22 54 02 48 30 05 53 78 45 29 68 44 33 83 15 41 13 01 47 72 18 65 34 11 20 82 51 73 37 35 40 69 70 80 31 07 09 36 64 06 24 08 76 03 43 63 59 62 77 90 85 86 87 89 14 84 04 46 00 52 88 61 67 38 10 26 55 19 74 60 39 17 28 49 16 
48 18 76 84 22 17 47 83 36 56 40 15 33 74 37 02 34 03 13 12 69 08 27 90 54 49 06 42 70 77 45 65 29 59 87 80 60 58 63 44 05 72 71 82 89 43 28 14 20 81 25 35 68 50 07 86 11 39 78 31 23 57 24 66 75 73 01 21 53 32 85 64 00 61 55 46 10 16 26 04 38 88 52 67 79 51 62 30 09 41 19 
69 80 57 16 85 23 18 48 35 37 11 76 89 34 75 38 01 73 04 14 13 54 71 28 90 55 50 07 32 12 78 46 00 65 60 86 81 61 59 64 45 06 77 68 74 88 44 29 15 21 72 26 36 43 67 17 84 03 40 82 10 24 58 25 22 09 41 30 51 79 49 19 87 33 53 56 62 70 08 47 66 39 27 05 63 83 31 02 42 52 20 
20 58 38 80 08 89 24 19 71 36 47 02 50 88 35 79 39 49 76 05 15 14 42 00 29 90 56 51 17 67 13 82 78 31 11 61 84 72 62 60 69 46 07 52 43 75 87 45 30 16 65 77 27 37 83 33 18 85 04 41 74 66 25 59 26 55 03 70 44 23 54 81 40 06 28 68 34 86 12 57 63 22 09 48 10 64 01 32 53 73 21 
72 39 37 01 81 09 88 25 40 00 74 56 55 51 87 36 83 20 50 80 06 16 04 32 70 30 90 57 52 18 33 14 17 12 10 03 62 85 77 63 61 54 47 45 53 44 79 86 46 31 08 11 78 28 24 73 34 19 89 05 42 75 22 26 60 15 48 82 38 27 21 59 23 49 02 29 07 41 84 43 35 64 13 58 71 66 67 68 76 69 65 
60 38 70 57 71 72 02 87 73 41 15 16 65 56 52 86 37 26 21 51 81 07 49 05 67 12 31 90 58 53 19 34 48 74 13 66 04 63 89 78 64 62 55 39 46 68 45 83 84 47 10 09 03 82 28 25 76 35 20 88 06 32 79 23 27 08 75 18 29 61 77 40 69 59 14 01 50 24 42 30 17 36 85 44 33 00 43 80 54 22 11 
41 12 42 08 58 00 77 01 38 76 35 09 78 11 57 53 84 86 27 65 52 72 79 50 06 33 13 10 90 59 68 20 56 19 75 14 22 05 64 88 82 69 63 30 40 47 43 46 73 85 48 66 02 04 62 29 26 80 36 21 87 07 67 83 24 17 16 49 74 28 61 39 37 45 89 15 60 54 25 71 51 18 32 31 44 34 81 55 23 70 03 
40 32 80 02 09 59 70 78 85 39 21 18 62 82 03 58 68 71 84 28 11 53 08 83 51 07 34 14 66 90 60 43 64 50 20 79 15 23 06 69 87 74 54 75 31 41 48 44 47 76 89 49 22 01 29 63 30 27 81 37 65 86 17 33 73 77 36 57 05 25 42 13 19 10 67 88 46 38 55 16 61 52 26 00 72 45 56 24 12 35 04 
14 81 40 19 01 02 60 12 43 89 44 78 32 63 74 04 59 82 00 85 29 03 37 09 73 52 17 35 15 22 90 61 55 58 51 21 83 16 24 07 54 86 75 06 79 10 42 49 45 48 80 88 50 23 26 30 64 31 28 72 38 11 84 18 34 68 65 69 71 76 41 67 53 70 27 33 66 20 39 87 47 62 56 08 57 77 25 13 36 46 05 
33 41 88 82 20 71 01 61 60 44 62 43 42 67 64 75 05 13 74 70 89 30 11 38 02 76 53 18 36 16 23 90 79 54 59 52 65 73 08 25 17 55 84 00 07 83 66 32 50 46 49 81 87 51 80 27 31 69 10 29 77 39 03 85 19 04 45 56 24 35 15 72 63 09 57 28 12 68 21 34 22 48 40 86 26 58 14 37 47 78 06 
77 87 45 44 74 21 00 71 06 61 90 05 16 32 33 69 79 62 14 75 12 88 46 03 39 01 80 68 19 37 08 24 85 57 55 60 53 11 76 09 26 18 56 25 70 17 73 22 67 51 47 50 72 86 36 81 28 10 54 66 30 78 40 04 89 31 63 83 52 20 34 42 49 84 41 58 02 64 43 29 13 23 65 35 15 27 38 48 82 59 07 
73 05 51 14 72 40 67 03 63 38 77 53 04 18 66 44 80 33 42 82 09 46 10 37 56 50 76 34 00 31 27 30 36 21 26 45 08 69 81 22 52 15 62 32 47 24 75 68 55 54 20 59 79 57 01 78 12 61 71 70 11 83 48 19 25 89 86 90 88 87 06 85 35 13 43 02 84 29 65 07 64 58 23 41 60 39 16 28 74 17 49 
07 40 69 87 43 16 78 42 46 72 29 48 80 17 06 20 23 34 05 35 67 75 82 85 22 39 58 52 81 36 12 66 08 38 90 11 28 47 02 55 77 24 68 59 86 33 49 26 83 44 57 56 65 61 27 84 00 74 14 63 70 13 04 76 50 01 10 64 73 21 88 53 54 18 03 25 32 60 37 45 15 89 31 71 30 09 79 19 41 62 51 
68 54 77 49 86 44 08 82 24 47 22 71 87 81 18 07 21 32 35 06 36 33 66 74 89 23 40 59 53 72 37 13 43 69 39 90 03 29 48 01 56 78 25 76 60 84 34 50 27 73 45 58 57 11 65 28 85 70 75 15 64 12 14 05 80 79 30 09 62 51 17 41 88 00 10 04 19 55 61 26 67 16 38 46 83 31 20 42 63 02 52 
42 78 48 00 50 84 45 09 65 25 14 83 18 86 72 19 17 74 67 36 07 37 31 22 75 88 24 41 60 68 77 38 26 02 54 40 90 04 30 49 71 57 82 63 80 61 85 35 51 28 76 46 59 58 52 11 29 89 12 79 16 69 13 15 06 34 23 44 03 81 43 55 08 47 39 66 70 87 56 05 20 33 62 27 21 73 32 64 01 10 53 
56 49 26 73 70 51 85 46 18 11 39 35 44 19 84 77 20 02 75 33 37 17 24 10 23 79 87 25 42 61 43 78 74 45 01 55 41 90 05 31 50 00 58 04 64 81 62 89 36 52 29 80 47 60 72 53 03 30 88 13 83 08 54 14 16 38 15 27 59 07 32 82 34 28 63 40 48 09 86 22 12 21 57 06 67 65 69 71 66 76 68 
74 27 03 36 76 12 52 89 21 19 82 39 67 45 20 85 78 47 01 79 34 38 16 25 66 24 83 86 26 32 62 44 59 28 46 71 56 42 90 06 10 51 70 60 05 69 72 63 88 37 53 30 81 48 17 77 68 04 31 87 14 73 09 55 15 18 40 75 61 08 57 50 65 07 58 64 29 35 02 41 49 13 84 23 54 33 00 22 80 11 43 
51 04 20 40 37 80 13 53 82 65 45 19 58 33 46 21 89 88 48 71 83 35 41 08 26 22 25 73 84 27 67 63 12 79 29 47 00 57 32 90 07 66 52 62 61 06 54 77 64 87 38 68 31 72 09 18 78 43 05 10 86 15 76 02 56 39 74 60 49 16 75 28 14 24 85 59 17 11 36 69 30 50 01 42 70 55 23 81 03 34 44 
29 21 11 20 41 38 81 14 88 74 64 40 79 59 34 47 65 68 87 49 00 73 75 42 09 27 23 26 76 85 28 33 53 61 83 30 48 70 58 67 90 17 22 50 63 62 07 55 78 69 86 39 43 10 08 02 19 82 44 06 66 84 16 80 01 36 46 13 77 57 52 05 51 32 71 89 25 15 03 60 18 31 37 54 24 12 72 04 35 56 45 
06 03 75 41 21 42 39 72 11 87 34 37 53 83 60 35 48 15 43 86 50 70 47 79 32 02 28 24 27 80 89 29 23 14 62 73 31 49 12 59 33 90 18 78 51 64 63 17 56 82 54 84 40 44 58 09 01 20 74 45 07 22 85 08 81 76 69 68 66 71 30 65 10 55 38 00 67 52 16 88 26 19 04 61 77 25 05 36 57 13 46 
11 79 86 38 42 65 32 40 49 03 30 80 31 68 73 61 36 77 16 44 84 51 54 48 83 67 01 29 25 28 81 88 19 43 15 63 76 10 50 13 60 34 90 22 82 52 69 64 18 57 74 55 85 41 00 59 02 71 21 75 46 17 23 89 09 12 35 24 45 72 07 04 20 62 05 39 56 66 53 70 33 27 08 87 06 78 37 58 14 26 47 
05 84 04 81 39 32 11 67 37 50 87 13 17 10 43 76 62 41 78 08 45 85 36 55 49 73 33 71 30 26 29 72 90 25 44 16 64 80 66 51 14 61 35 46 23 74 53 54 69 19 58 75 56 89 77 70 60 01 00 65 79 47 18 24 88 52 31 20 42 02 03 83 28 86 09 06 63 21 22 40 57 34 68 12 38 07 59 15 27 82 48 
59 75 68 88 11 49 37 63 13 45 50 82 54 28 78 52 44 81 46 24 65 18 15 86 80 16 14 02 03 57 72 67 61 07 89 22 74 26 42 23 25 12 76 48 90 00 17 58 31 34 77 04 69 29 38 85 43 60 06 83 55 36 35 71 40 21 64 01 32 73 84 10 33 08 70 05 53 39 47 56 27 87 20 66 09 79 51 41 30 19 62 
66 43 46 74 87 03 50 38 45 14 33 65 85 55 29 82 53 64 72 47 25 11 69 16 84 81 08 15 01 04 58 77 80 71 17 88 23 75 27 32 24 26 13 67 49 90 70 18 59 10 35 78 05 54 76 39 89 44 61 07 73 56 37 36 00 19 51 62 30 41 60 79 86 22 21 12 09 34 40 06 68 28 48 57 52 02 42 31 20 83 63 
83 47 15 11 75 86 04 51 68 46 78 20 61 89 56 30 74 39 69 77 48 26 52 54 08 85 72 09 16 71 05 59 14 63 00 18 87 24 79 28 67 25 27 31 33 50 90 12 19 60 66 36 82 06 42 80 40 88 45 62 17 76 57 38 37 03 34 81 55 70 22 44 29 58 49 65 23 84 35 13 02 43 41 07 32 53 10 21 73 01 64 
45 16 47 21 03 79 84 05 75 43 60 04 23 62 88 57 31 52 40 54 78 49 35 53 55 09 89 77 02 08 00 06 28 72 64 70 19 86 25 83 29 33 26 56 10 34 51 90 13 20 61 22 37 74 12 32 81 41 87 46 63 18 80 58 39 27 82 15 07 38 73 48 44 17 42 50 59 30 85 11 24 01 36 14 66 67 65 76 71 68 69 
49 48 44 05 65 04 83 85 10 79 07 28 76 24 63 87 58 06 53 41 55 82 74 36 68 56 02 88 78 01 09 70 27 16 77 69 12 20 84 26 73 30 34 17 57 66 35 52 90 14 21 62 23 38 39 13 67 72 42 86 47 64 19 81 59 50 61 29 75 40 46 08 71 15 37 32 18 45 31 51 60 25 89 03 11 22 80 00 43 33 54 
09 45 83 29 06 11 05 73 59 66 12 51 47 80 25 64 86 89 07 68 42 56 62 75 37 43 57 01 87 82 71 02 35 30 08 78 54 13 21 85 27 76 31 79 18 58 22 36 53 90 15 65 63 24 41 40 14 33 77 32 84 48 69 20 72 74 17 28 39 60 50 49 26 04 88 38 16 00 46 67 19 61 10 52 81 03 70 44 34 23 55 
50 73 22 52 30 07 03 06 84 60 01 75 51 48 81 26 69 76 88 17 43 32 18 63 79 38 44 58 71 86 74 00 10 29 31 09 82 55 14 65 89 28 80 40 83 19 59 23 37 68 90 16 11 64 61 42 41 15 34 78 67 85 49 54 21 57 13 36 25 77 02 46 62 53 66 87 05 27 70 39 08 20 47 33 12 72 45 35 24 04 56 
47 23 61 79 53 31 17 04 54 85 70 58 01 52 49 72 27 07 80 87 18 44 14 19 64 83 39 45 59 00 84 75 81 37 30 10 02 74 56 15 11 88 29 26 41 73 20 60 24 38 43 90 08 03 78 62 32 42 16 35 82 33 89 50 55 67 71 66 69 65 51 76 21 34 48 22 68 63 28 86 06 09 12 40 46 13 36 25 05 77 57 
80 62 89 59 83 68 10 18 28 55 79 33 52 71 53 50 77 05 17 81 86 19 00 15 20 69 73 40 46 60 70 85 30 22 38 31 66 01 75 57 16 03 87 54 27 42 76 21 61 25 39 44 90 09 11 82 63 67 32 08 36 74 34 88 51 45 12 72 04 56 48 24 02 41 13 49 35 65 64 23 43 07 29 84 37 47 26 06 78 14 58 
25 88 56 34 60 73 43 66 78 29 89 46 49 53 00 68 51 19 06 18 72 84 13 70 16 21 54 76 41 47 61 12 86 77 23 39 10 22 71 79 58 08 04 05 55 28 32 80 65 62 26 40 45 90 57 03 74 64 33 67 09 37 75 35 87 20 83 31 02 52 81 63 17 85 30 14 42 01 11 50 36 44 69 24 27 38 07 82 15 48 59 
64 57 30 47 35 61 76 44 52 82 13 21 72 50 68 70 43 22 20 07 19 77 73 14 12 08 65 55 80 42 48 62 05 10 78 24 40 66 23 00 83 59 09 01 06 56 29 67 81 11 63 27 41 46 53 58 04 75 69 34 33 02 38 79 36 85 88 84 90 86 26 87 45 25 54 31 89 18 71 15 32 37 03 51 17 28 74 16 49 39 60 
82 08 71 85 80 28 26 31 57 04 75 27 00 60 47 42 81 70 36 72 68 61 38 89 33 17 78 63 55 25 56 69 50 48 88 54 39 14 83 34 46 45 66 15 87 11 74 06 52 03 05 24 76 40 59 90 22 16 37 20 44 77 12 67 18 32 21 73 10 53 86 01 43 29 23 13 64 49 58 35 07 84 02 65 51 62 19 09 79 30 41 
71 00 05 28 89 81 29 27 72 58 54 67 84 70 61 48 32 10 12 37 77 43 65 39 88 34 18 82 64 56 26 57 22 76 49 87 55 40 15 73 35 47 46 66 16 86 03 75 07 53 04 06 25 80 68 60 90 23 08 38 21 45 78 13 33 62 79 51 41 19 74 09 85 11 01 24 30 44 50 14 69 17 59 36 20 52 02 83 31 63 42 
02 06 59 33 29 88 72 30 67 77 58 63 75 85 12 62 49 28 66 13 38 78 83 11 40 87 35 19 74 69 57 27 47 52 80 50 86 56 41 16 76 36 48 42 22 08 84 04 79 17 68 05 07 26 20 43 61 90 24 09 39 65 46 82 14 44 55 23 81 34 00 70 18 37 60 71 03 89 45 25 31 54 51 15 01 21 73 10 64 53 32 
12 60 78 64 34 30 87 77 50 33 28 45 70 79 89 13 63 31 29 22 14 39 56 73 03 41 86 36 20 75 54 58 49 24 53 81 51 84 57 42 08 80 37 72 32 23 09 85 05 83 18 43 06 17 35 21 44 62 90 25 02 40 11 47 74 82 59 48 27 15 01 07 55 16 52 61 38 19 88 00 04 10 46 26 76 71 66 69 68 65 67 
17 82 34 46 69 35 31 86 64 51 59 74 71 12 83 88 14 78 10 30 23 15 60 57 76 04 42 84 37 21 79 55 38 49 25 68 72 52 85 58 32 09 81 28 77 67 24 02 89 06 73 19 44 07 16 36 65 45 63 90 26 01 41 03 48 40 29 50 18 75 13 61 66 27 47 53 08 56 20 62 39 05 87 70 22 80 54 43 11 00 33 
62 35 52 75 47 54 36 10 15 69 56 41 14 00 13 73 87 84 82 66 31 24 30 61 58 80 05 32 85 38 65 83 72 51 50 26 43 77 53 89 59 67 02 19 29 78 33 25 01 88 07 76 20 45 79 08 37 11 46 64 90 27 71 42 04 16 60 39 17 49 18 74 06 12 86 48 28 22 57 68 09 40 21 63 55 23 44 03 70 81 34 
75 53 54 42 79 48 55 37 86 16 73 08 19 15 70 14 76 66 85 74 22 10 61 31 62 59 81 06 67 89 39 11 01 40 52 51 27 44 78 68 88 60 33 18 20 30 82 34 26 71 87 17 80 21 50 83 09 38 03 47 69 90 28 00 32 25 57 77 46 05 63 36 41 64 65 84 13 07 23 49 29 02 58 43 45 56 04 12 72 24 35 
37 55 08 09 32 83 49 56 80 84 03 26 64 20 16 12 15 38 22 89 75 23 58 62 10 63 60 72 07 33 88 40 34 78 41 53 52 28 45 82 43 87 61 47 19 21 31 74 35 27 00 86 18 81 06 51 73 02 39 04 48 54 90 29 70 66 76 71 65 67 79 68 01 44 59 11 69 42 17 85 14 30 24 50 05 46 13 77 25 57 36 
43 09 85 27 02 67 73 50 16 81 41 22 83 69 21 08 13 57 39 23 88 79 80 59 63 66 64 61 77 17 34 87 62 00 82 42 68 53 29 46 74 44 86 11 48 20 65 10 75 36 28 70 84 19 33 07 52 76 01 40 05 49 55 90 30 24 04 35 72 12 38 56 31 51 25 60 45 71 32 03 54 15 18 89 14 06 78 26 58 47 37 
57 89 72 23 28 01 33 76 14 08 86 25 39 73 54 65 09 51 58 40 24 87 05 81 60 64 22 69 62 78 18 35 84 36 70 74 32 43 68 30 47 75 45 77 03 49 21 11 66 79 37 29 12 85 13 34 17 53 80 71 41 06 50 56 90 83 42 63 20 31 44 02 16 88 19 26 52 10 00 61 46 55 67 04 82 15 27 59 48 07 38 
01 77 09 26 24 29 71 34 02 15 36 73 45 40 76 55 11 80 52 59 41 25 32 06 72 61 69 23 54 63 82 19 46 64 37 12 75 67 44 43 31 48 79 21 78 04 50 65 03 22 83 38 30 13 10 14 35 18 68 81 00 42 07 51 57 86 84 85 89 90 58 88 56 05 33 20 87 08 66 27 53 47 70 62 28 74 60 49 17 16 39 
85 83 28 67 59 13 51 22 23 32 42 90 15 57 79 00 24 72 55 01 49 31 89 68 82 46 30 43 45 34 73 16 52 84 71 48 77 19 11 35 03 21 74 86 76 38 36 41 54 12 81 10 17 02 88 69 07 25 09 80 04 44 64 60 63 06 58 14 37 78 65 26 27 20 56 70 47 05 62 53 87 66 33 39 40 75 18 29 50 61 08 
84 63 17 66 07 46 79 11 55 73 02 86 82 36 09 33 35 12 70 64 16 83 90 69 48 05 41 00 72 44 21 39 20 88 76 59 57 62 43 04 81 01 28 85 68 27 13 19 80 24 34 53 49 52 87 65 38 77 30 22 56 23 10 74 42 14 26 58 78 06 67 47 15 31 45 03 37 25 51 32 89 71 54 60 50 40 75 61 29 08 18 
89 52 39 68 15 77 41 33 81 64 31 88 07 05 19 22 45 04 34 32 74 02 84 66 38 57 51 80 35 70 10 28 63 90 65 27 46 09 54 72 23 53 16 87 67 48 25 79 43 56 55 21 60 83 86 71 82 13 62 00 12 03 73 49 20 47 78 37 58 26 76 06 59 42 24 44 14 36 30 01 85 69 11 17 08 61 29 75 18 40 50 
86 31 74 65 48 36 62 80 44 53 63 89 27 77 51 43 12 45 23 21 17 20 87 76 15 13 09 11 56 81 32 49 02 85 66 82 25 41 22 24 70 73 60 90 71 07 57 30 33 72 03 64 28 42 84 68 59 05 79 54 35 34 01 39 83 78 14 06 47 37 69 58 38 52 04 55 26 46 19 10 88 67 00 16 75 18 08 50 40 29 61 
87 02 16 76 27 25 30 00 03 01 20 84 59 46 41 80 56 35 81 53 60 42 85 67 07 77 62 54 24 55 64 74 83 89 69 38 13 79 33 45 44 10 49 88 65 82 05 51 11 04 23 73 39 31 90 66 15 36 19 43 72 70 32 17 52 26 37 47 14 58 71 78 48 63 12 34 06 57 09 21 86 68 22 28 61 29 50 18 08 75 40 
65 22 36 39 84 55 75 59 04 78 43 68 90 44 40 27 64 21 56 58 46 80 76 17 86 70 29 38 73 24 06 05 33 67 74 85 34 08 07 10 72 14 57 69 28 87 23 61 82 01 12 47 13 00 66 49 88 81 50 48 53 35 26 77 11 30 19 41 79 09 16 62 89 54 32 45 51 03 18 37 71 60 15 25 42 63 83 52 02 20 31 
90 20 60 69 82 57 19 54 34 10 83 87 38 25 62 11 72 56 44 73 28 52 88 71 27 36 79 22 04 03 53 17 42 86 67 15 05 30 80 12 55 32 39 89 66 59 77 09 00 45 70 01 74 63 85 76 48 46 51 33 24 81 21 16 31 37 06 78 26 47 68 14 07 02 35 23 58 13 41 64 84 65 43 49 18 08 61 40 75 50 29 
52 14 07 54 61 87 12 41 66 57 26 42 40 84 24 51 16 17 71 46 27 06 63 43 50 89 04 62 28 65 36 15 37 20 22 29 85 45 19 39 68 13 59 02 11 18 88 56 09 49 69 25 38 47 31 00 08 86 35 30 60 67 05 48 58 23 70 55 34 44 33 03 75 78 74 76 81 90 72 77 83 80 79 82 64 01 21 53 10 32 73 
10 36 41 37 04 08 68 23 20 48 46 01 12 29 69 03 00 11 31 38 62 57 21 58 24 18 67 70 22 02 59 51 25 53 06 35 50 71 55 33 63 07 30 64 14 45 61 66 34 43 42 15 19 05 32 26 56 40 65 44 54 52 27 09 13 84 87 88 86 85 47 89 72 77 80 83 90 75 76 82 73 78 81 79 49 17 28 39 16 60 74 
61 01 43 31 19 27 34 58 87 28 10 50 09 07 44 37 67 69 89 16 33 21 40 02 30 15 55 47 68 84 17 54 32 08 63 41 59 03 26 66 86 49 11 29 42 51 38 70 06 65 85 60 00 53 18 52 62 48 23 14 71 88 39 22 64 13 05 46 57 36 20 25 79 73 76 90 77 82 81 74 75 83 78 80 35 24 12 56 04 45 72 
26 44 29 51 10 20 28 35 33 86 55 14 21 02 17 45 38 59 54 88 08 34 06 41 01 31 16 56 48 43 85 18 03 47 09 64 42 60 04 27 22 84 50 58 30 32 52 39 12 07 11 89 61 70 37 19 53 63 49 24 15 00 87 40 23 65 66 67 68 69 62 71 73 81 82 80 76 83 74 90 78 79 72 75 13 36 57 05 46 25 77 
88 42 49 71 38 05 09 43 70 21 52 85 48 13 30 54 04 24 03 10 39 63 86 65 59 25 19 33 12 23 01 60 31 87 68 07 36 51 00 56 34 64 17 84 69 15 46 62 22 35 44 32 16 20 89 67 27 57 41 11 45 55 53 28 02 58 47 26 06 14 66 37 82 83 72 81 78 77 79 73 90 76 80 74 29 50 40 08 61 18 75 
04 17 58 32 55 62 86 13 08 22 16 24 34 41 85 25 52 42 18 00 47 28 12 64 44 51 88 05 63 29 11 37 60 56 21 23 30 89 46 20 40 43 14 35 01 03 19 87 57 02 50 54 26 39 45 10 70 09 84 36 31 61 33 06 49 07 27 38 48 59 53 15 81 74 83 75 82 79 90 80 72 73 77 78 65 69 68 66 67 71 76 
16 59 23 25 67 56 63 84 53 09 38 17 68 35 42 89 26 14 32 19 70 48 28 13 69 45 52 87 06 64 30 03 15 39 57 65 24 31 88 47 21 41 44 49 36 71 04 20 86 58 01 51 55 27 60 46 66 12 02 85 37 10 62 34 07 29 08 61 40 50 05 18 76 82 78 73 75 72 83 79 74 77 90 81 43 11 22 33 00 54 80 
00 30 84 15 52 66 21 29 39 34 19 11 63 65 01 18 46 36 60 55 87 09 22 07 42 71 10 08 57 49 44 89 51 33 48 02 69 32 61 05 28 23 85 43 59 31 67 53 40 13 17 03 88 62 54 38 20 68 64 50 25 16 70 86 41 35 56 04 12 24 27 45 83 79 77 74 72 76 73 81 80 82 75 90 58 14 06 47 26 37 78 
38 50 65 89 00 39 06 02 05 12 61 59 22 49 14 31 55 44 25 04 66 40 48 84 11 60 26 20 34 13 24 71 18 27 86 43 17 37 52 70 57 35 69 07 85 54 16 47 63 23 36 45 67 08 15 88 33 28 58 42 03 46 56 68 29 64 53 10 21 01 87 32 80 75 81 77 73 74 78 72 82 90 83 76 41 30 09 62 19 51 79 
67 11 13 60 88 70 40 07 56 06 00 69 86 23 50 15 10 01 45 26 05 22 68 49 85 03 61 27 21 35 14 25 54 66 28 84 44 18 38 53 12 58 36 65 17 89 55 08 48 64 24 37 46 33 71 16 87 34 29 59 32 04 47 57 43 41 62 19 09 30 39 51 90 80 73 72 79 81 75 78 76 74 82 77 02 42 63 20 52 31 83 
19 24 02 18 26 33 57 64 27 68 04 30 06 43 36 32 88 85 15 67 20 12 09 29 14 54 46 53 86 07 69 31 45 62 40 58 11 25 10 87 48 65 42 41 50 37 00 05 21 84 59 71 52 56 51 61 47 22 13 01 89 38 66 63 35 49 39 16 28 17 08 60 78 72 90 82 74 80 77 76 79 75 73 83 23 44 34 70 55 03 81 
46 85 35 03 16 53 22 65 47 40 88 36 28 64 11 71 19 30 37 61 56 86 57 23 17 32 00 66 09 58 50 45 89 05 34 49 01 54 67 62 06 29 24 13 44 60 10 33 68 41 14 18 04 87 25 55 39 21 43 69 51 26 08 12 84 02 20 52 63 42 70 31 74 90 79 78 83 73 80 75 77 81 76 72 07 59 48 27 38 15 82 
44 76 21 04 36 58 15 28 41 31 69 81 25 06 82 16 50 75 19 42 64 71 03 12 77 26 59 49 18 09 83 10 67 23 45 57 78 38 17 29 51 63 73 34 72 46 14 07 60 40 79 52 01 65 55 24 13 37 48 74 61 30 02 32 68 22 43 11 54 80 35 00 05 66 08 62 33 47 27 20 70 56 39 53 90 88 86 89 84 85 87 
70 65 10 72 05 37 59 16 51 42 66 23 36 26 07 74 08 29 79 20 32 69 44 04 13 78 27 60 50 19 02 73 76 03 24 46 58 82 39 18 30 52 64 55 35 77 47 15 17 61 41 83 53 71 81 56 25 14 38 49 75 62 31 01 67 00 54 33 11 43 45 80 57 68 40 09 22 06 48 63 34 12 28 21 84 90 88 85 89 87 86 
34 71 73 35 57 14 27 74 30 20 68 03 05 78 15 49 40 18 41 63 01 66 70 72 25 58 48 17 08 79 31 64 65 44 56 77 37 07 28 50 62 83 32 81 45 13 06 59 39 75 51 02 21 69 23 12 36 47 82 60 29 09 42 53 76 80 11 22 33 54 24 43 46 67 61 19 00 26 38 52 55 04 16 10 89 84 90 87 85 86 88 
23 68 01 56 13 26 82 17 19 83 65 34 77 14 48 39 29 40 62 02 10 76 81 24 57 47 07 16 75 30 63 53 66 55 72 36 06 27 49 61 79 42 21 44 12 05 58 38 74 50 09 20 64 67 70 35 46 78 59 28 08 41 52 73 69 11 00 43 80 22 04 33 25 71 18 51 54 37 15 31 03 45 60 32 86 87 85 90 88 84 89 
03 67 53 12 25 78 07 39 79 02 71 55 13 47 38 28 18 61 09 31 73 65 23 56 46 06 15 74 29 62 52 21 68 81 35 05 26 48 60 75 41 20 10 70 04 57 37 82 49 08 19 63 32 76 34 45 77 58 27 16 40 51 83 64 66 33 80 54 43 00 72 22 36 69 50 30 11 14 59 42 44 24 17 01 88 86 87 84 90 89 85 
81 66 32 24 77 06 38 60 09 52 76 70 46 37 27 17 75 08 30 83 21 67 55 45 05 14 82 28 61 51 20 01 69 34 04 25 47 59 74 40 19 31 53 03 56 36 78 48 16 18 62 42 73 68 44 72 57 26 15 39 50 79 63 10 71 54 22 80 00 33 12 11 13 65 29 41 43 58 07 02 23 35 49 64 87 85 89 88 86 90 84 
55 69 64 45 46 47 48 49 62 63 67 44 57 58 59 60 61 50 51 52 53 68 34 35 36 37 38 39 40 41 42 32 71 70 12 13 14 15 16 08 09 02 01 23 24 25 26 27 28 29 30 31 10 66 03 04 05 06 07 17 18 19 20 21 65 43 33 00 22 11 56 54 77 76 75 79 80 78 82 83 81 72 74 73 85 89 84 86 87 88 90 
