19 16 90 12 18 22 15 20 23 21 14 17 43 41 38 37 45 42 36 46 44 39 47 85 69 67 62 64 89 65 68 66 70 63 60 61 29 33 27 28 35 30 88 24 32 25 26 31 04 05 87 11 03 08 00 01 07 02 09 06 79 83 75 80 76 73 86 72 81 82 77 74 51 50 56 53 58 57 54 48 59 49 84 52 10 34 55 13 71 78 40
20 22 16 23 19 15 14 13 17 18 21 90 37 47 43 41 46 39 42 40 45 85 44 38 89 68 66 71 61 67 64 69 63 60 65 70 33 35 25 31 24 29 30 26 28 34 27 88 10 02 00 03 07 87 09 11 04 08 06 01 75 81 80 74 83 86 79 82 78 73 76 77 59 57 51 49 50 84 53 52 54 48 56 55 05 32 58 12 62 72 36
18 90 17 13 21 16 22 19 12 14 15 23 38 37 85 43 44 36 40 45 47 42 41 39 66 65 71 68 69 60 67 62 61 70 63 89 30 29 26 32 33 88 31 35 34 27 24 28 07 10 08 01 11 02 87 06 03 05 00 09 86 76 79 75 77 82 73 78 83 72 74 80 56 58 84 54 55 50 59 49 51 53 57 48 04 25 52 20 64 81 46
90 19 18 15 17 20 13 16 14 23 12 21 46 36 45 40 85 41 37 38 39 47 42 44 65 69 63 61 67 66 89 60 64 71 62 68 25 34 88 35 32 27 26 28 33 30 31 24 00 06 03 02 08 11 07 05 87 01 04 10 83 86 81 78 73 77 76 80 79 74 82 72 52 54 48 50 59 53 58 84 55 57 49 56 09 29 51 22 70 75 43
21 17 23 20 14 90 16 18 13 15 22 12 85 43 39 38 47 40 46 44 41 36 37 42 62 60 64 67 66 63 65 71 89 61 70 69 88 30 24 34 29 31 28 33 25 26 35 32 03 04 02 06 01 05 08 09 11 10 87 00 73 77 86 79 74 72 82 81 76 78 80 75 84 55 57 59 52 58 51 53 56 54 50 49 07 27 48 19 68 83 45
12 14 15 90 13 21 18 23 16 20 19 22 47 45 41 44 36 38 85 42 40 43 46 37 70 71 89 66 63 64 62 61 65 67 68 60 24 26 32 30 27 35 33 25 88 28 34 29 02 87 06 04 10 09 01 07 05 00 11 03 74 72 77 76 78 75 80 86 82 79 81 83 53 56 54 52 84 51 48 58 49 55 59 50 08 31 57 17 69 73 39
17 18 21 22 23 19 20 90 15 12 13 14 45 40 44 46 39 37 43 85 42 41 36 47 60 66 70 89 65 62 69 63 68 64 71 67 27 25 31 33 34 26 24 32 29 88 28 35 87 09 11 05 02 01 03 10 08 06 07 04 76 73 83 81 82 74 77 75 86 80 72 78 48 59 49 58 51 54 55 57 52 50 53 84 00 30 56 16 61 79 38
13 15 22 17 20 14 21 12 90 19 18 16 41 44 37 47 40 85 39 36 46 38 45 43 61 64 69 62 70 68 71 89 60 65 67 63 35 24 34 88 26 33 29 27 31 32 25 30 05 08 09 07 04 00 06 03 10 87 01 11 80 78 74 77 81 79 75 73 72 86 83 76 54 84 59 48 57 56 49 55 53 52 51 58 02 28 50 23 66 82 42
22 13 20 21 16 12 23 15 18 90 17 19 36 39 40 42 43 44 47 37 38 45 85 46 68 61 65 63 64 89 70 67 62 66 69 71 32 28 29 26 31 34 25 88 24 33 30 27 06 11 04 87 00 07 10 08 09 03 05 02 78 75 72 82 79 83 81 77 80 76 86 73 58 49 55 84 53 48 57 51 50 56 52 59 01 35 54 14 60 74 41
15 12 13 18 22 23 17 14 19 16 90 20 42 85 36 39 37 45 44 41 43 46 38 40 64 70 67 60 71 61 63 68 66 69 89 62 28 31 33 27 88 32 34 30 26 35 29 25 01 03 10 00 09 04 05 87 06 07 02 08 72 80 82 73 75 81 78 76 74 83 79 86 50 48 58 56 49 52 84 59 57 51 55 54 11 24 53 21 65 77 47
16 20 19 14 90 13 12 22 21 17 23 18 40 42 46 36 38 47 41 43 85 44 39 45 67 89 60 70 68 69 61 65 71 62 66 64 34 32 30 24 28 25 27 31 35 29 88 26 09 01 07 08 87 03 04 02 00 11 10 05 81 79 78 72 86 76 83 74 75 77 73 82 55 53 52 57 54 49 50 56 58 84 48 51 06 33 59 15 63 80 37
14 23 12 19 15 17 90 21 20 22 16 13 39 38 42 85 41 46 45 47 37 40 43 36 71 63 68 65 62 70 60 64 69 89 61 66 31 88 35 25 30 28 32 29 27 24 33 34 11 07 05 09 06 10 02 00 01 04 08 87 82 74 73 86 80 78 72 83 77 81 75 79 57 52 50 51 48 55 56 54 84 59 58 53 03 26 49 18 67 76 44
72 74 80 86 78 77 76 82 79 81 83 75 53 48 54 49 58 56 84 50 55 51 52 59 22 13 90 23 15 20 12 16 21 18 19 14 11 03 05 00 07 01 06 04 87 02 10 09 66 89 63 64 71 70 60 68 62 61 65 67 41 36 47 44 40 43 37 85 42 38 46 45 24 30 35 25 88 29 27 32 26 34 33 28 69 08 31 73 17 39 57
79 81 83 74 86 78 72 75 77 73 82 76 55 50 52 58 56 53 54 51 84 49 57 48 18 90 14 22 19 17 16 21 13 12 23 20 10 05 00 11 02 04 07 08 01 09 87 03 70 60 68 69 89 67 64 66 61 65 71 62 46 38 40 36 85 44 45 41 43 47 39 42 34 24 25 31 35 26 28 30 32 88 27 29 63 06 33 80 15 37 59
81 75 79 82 83 80 74 78 73 76 77 86 59 53 51 54 52 57 50 55 48 84 49 56 90 19 23 13 16 18 20 17 15 14 21 22 06 01 04 08 11 09 00 03 02 10 07 87 71 66 61 67 68 89 70 65 64 69 63 60 43 46 37 41 45 85 38 42 40 39 44 47 33 31 29 26 28 88 24 25 35 27 30 34 62 05 32 72 12 36 58
73 76 77 75 82 83 81 86 80 72 78 74 48 55 49 52 57 59 51 84 50 54 58 53 14 23 22 90 21 12 17 15 19 20 13 18 07 04 08 06 10 03 11 05 09 87 02 01 89 70 65 62 66 60 67 71 69 63 68 64 44 39 45 46 42 41 47 43 85 37 36 40 27 33 26 32 29 35 34 31 25 28 24 88 61 00 30 79 16 38 56
83 79 86 72 76 75 80 81 82 77 74 73 51 54 56 59 48 50 58 52 49 57 53 84 17 18 12 20 90 21 19 23 22 15 14 16 09 06 07 02 01 00 87 11 05 04 03 08 64 62 89 65 67 69 61 60 68 66 70 63 38 45 43 37 44 39 85 36 46 42 47 41 29 28 30 24 32 31 35 27 33 26 88 25 71 10 34 78 13 40 55
75 78 81 77 79 72 82 80 76 86 73 83 58 57 55 50 51 49 53 59 56 48 84 52 19 16 21 15 20 90 22 18 12 23 17 13 05 02 09 03 08 10 04 87 11 06 00 07 63 65 64 89 61 68 71 69 70 67 62 66 40 43 36 42 38 45 46 47 37 44 85 39 32 26 34 88 24 27 31 29 28 30 25 33 60 01 35 74 14 41 54
86 83 76 80 73 81 78 79 74 82 72 77 52 58 48 55 84 54 59 56 57 53 50 49 21 17 15 16 18 23 90 14 20 13 12 19 04 10 87 01 05 07 03 02 06 00 08 11 61 63 67 66 69 65 68 62 89 60 64 71 45 85 46 40 39 47 44 37 38 41 42 36 25 35 27 28 33 24 32 88 34 31 26 30 70 09 29 75 22 43 51
78 80 75 73 81 74 77 72 86 83 76 79 54 49 59 53 55 84 57 58 52 56 48 51 16 20 17 12 22 19 13 90 14 21 18 15 01 11 10 87 03 06 09 07 08 05 04 00 62 69 70 68 64 61 63 67 71 89 60 65 37 40 41 47 46 38 43 39 36 85 45 44 35 88 33 27 31 30 26 34 24 25 29 32 66 02 28 82 23 42 50
77 73 82 81 74 86 79 76 78 80 75 72 84 51 57 56 53 55 52 49 54 58 59 50 12 14 20 18 23 15 21 13 90 16 22 17 87 00 11 10 09 08 02 06 04 03 01 05 67 64 66 63 60 62 69 70 65 71 89 61 39 47 85 38 41 36 42 46 44 40 37 43 88 34 31 33 25 32 29 24 30 35 28 26 68 07 27 83 19 45 48
74 82 72 83 80 73 86 77 81 75 79 78 57 56 50 84 54 52 48 53 59 55 51 58 13 15 19 21 12 22 14 20 17 90 16 23 08 87 01 04 00 02 05 09 07 11 06 10 65 68 62 70 63 71 66 61 60 64 69 89 42 41 39 85 37 40 36 45 47 46 43 38 31 25 28 29 27 34 30 35 88 33 32 24 67 03 26 76 18 44 49
80 72 78 76 75 82 73 74 83 79 86 81 50 84 58 57 59 48 49 54 51 52 56 55 20 22 18 14 13 16 15 19 23 17 90 12 02 08 06 07 87 05 10 00 03 01 09 04 60 67 71 61 70 64 62 89 63 68 66 69 36 37 42 39 43 46 40 44 41 45 38 85 28 27 32 30 26 25 88 33 31 29 34 35 65 11 24 77 21 47 53
76 86 73 78 77 79 75 83 72 74 80 82 56 59 84 51 49 58 55 48 53 50 54 57 23 21 13 19 17 14 18 12 16 22 15 90 00 09 03 05 06 87 08 01 10 07 11 02 68 71 69 60 65 66 89 63 67 62 61 70 85 44 38 43 47 42 39 40 45 36 41 37 30 32 88 35 34 28 33 26 29 24 31 27 64 04 25 81 20 46 52
54 50 58 48 59 57 84 53 52 51 56 55 08 00 02 87 01 04 07 11 06 10 09 05 40 37 45 47 36 43 41 46 39 85 38 42 17 90 14 20 16 23 12 22 19 21 15 13 77 83 72 75 80 78 82 79 74 81 73 86 28 35 31 88 33 34 32 27 24 25 29 30 69 64 66 70 68 71 61 60 89 63 62 65 76 18 67 49 44 26 03
53 57 50 52 54 84 56 49 55 59 51 58 87 09 08 00 11 10 04 03 01 05 06 02 36 41 46 44 42 37 47 40 85 38 43 39 90 16 21 13 22 17 23 15 20 18 14 12 76 81 82 80 74 72 73 75 77 78 86 79 31 24 88 30 35 32 28 25 26 34 33 29 89 71 69 63 64 62 70 65 61 60 66 67 83 19 68 48 45 27 07
84 48 49 59 57 52 55 56 54 50 58 53 04 05 07 10 87 01 06 00 08 11 02 03 47 39 37 38 44 42 85 41 46 40 36 45 20 13 90 14 12 19 18 23 15 16 17 21 79 80 76 82 73 77 83 72 86 74 81 78 27 88 25 34 31 24 26 33 30 35 28 32 64 60 68 66 63 65 62 89 71 69 67 61 75 22 70 51 43 29 09
55 59 51 57 52 54 53 58 84 48 49 56 01 03 06 11 10 87 08 05 04 00 07 09 38 46 39 36 43 45 40 85 41 47 44 37 14 21 13 90 18 15 22 19 17 12 20 16 72 73 75 83 81 79 80 76 78 86 74 77 33 34 35 24 25 30 29 31 32 88 27 26 60 89 63 68 69 61 67 71 65 64 70 62 82 23 66 50 42 28 02
49 84 57 55 53 56 51 48 58 54 59 50 00 06 87 09 03 05 10 07 11 02 01 08 42 47 40 45 39 41 44 36 38 43 37 85 16 22 18 12 15 90 17 14 13 19 21 23 83 78 73 74 77 82 86 80 76 72 79 75 88 26 30 29 24 28 31 34 27 32 35 33 61 62 89 60 71 66 63 67 70 65 69 68 81 20 64 52 46 25 04
59 58 55 49 51 50 57 54 48 56 84 52 02 87 05 08 06 07 03 01 09 04 00 10 46 43 44 41 40 38 37 45 42 39 85 36 23 17 15 19 90 12 13 16 18 14 22 20 74 76 78 79 75 81 72 86 80 83 82 73 32 33 28 31 29 25 34 26 35 27 30 88 66 68 62 61 67 64 89 63 69 70 71 60 77 21 65 53 47 24 11
48 56 84 58 49 51 59 52 50 53 54 57 09 01 00 06 07 02 05 04 03 08 11 87 39 44 36 46 85 47 45 42 43 37 41 38 22 15 19 23 14 16 90 21 12 20 18 17 81 72 86 77 76 73 79 74 83 82 75 80 30 27 29 33 26 31 88 32 25 28 24 35 70 66 61 65 62 69 60 68 63 67 89 64 78 13 71 55 40 34 10
51 55 52 53 56 58 50 59 49 84 57 48 05 08 10 02 09 03 11 06 00 07 87 04 45 38 47 37 46 85 43 44 36 42 39 40 12 23 22 18 17 13 20 90 21 15 16 19 80 77 81 86 79 83 78 73 75 76 72 82 34 29 32 28 30 27 25 24 33 26 88 31 62 67 71 89 65 68 69 70 66 61 64 63 74 14 60 54 41 35 01
58 54 59 84 55 53 49 50 56 52 48 51 11 07 01 03 05 00 87 02 10 09 04 06 43 40 85 42 37 46 36 38 47 44 45 41 21 18 12 16 19 14 15 20 90 23 13 22 82 86 80 81 78 75 74 83 72 79 77 76 35 32 24 26 34 29 33 88 28 30 25 27 65 61 60 64 89 70 68 62 67 71 63 66 73 17 69 57 39 31 08
57 49 53 51 50 48 52 84 59 58 55 54 07 10 03 04 08 06 09 87 02 01 05 11 41 42 43 85 47 36 39 37 45 46 40 44 19 20 17 15 13 18 21 12 22 90 23 14 86 75 77 72 82 74 76 78 73 80 83 81 26 31 27 25 28 35 24 29 88 33 32 34 68 63 67 62 70 60 71 69 64 66 65 89 79 16 61 56 38 30 00
56 52 48 54 84 55 58 51 53 57 50 49 10 02 04 05 00 11 01 09 87 03 08 07 44 85 41 43 45 39 38 47 40 36 42 46 13 12 16 21 23 20 19 17 14 22 90 18 75 74 83 73 86 76 81 82 79 77 78 72 25 30 34 32 88 26 27 35 29 24 31 28 71 65 64 69 60 67 66 61 62 89 68 70 80 15 63 59 37 33 06
52 51 56 50 48 59 54 55 57 49 53 84 06 11 09 01 04 08 02 10 07 87 03 00 85 45 42 40 38 44 46 39 37 41 47 43 15 14 20 17 21 22 16 18 23 13 19 90 78 82 79 76 83 86 75 77 81 73 80 74 29 25 33 35 27 88 30 28 34 31 26 24 63 69 70 67 66 89 65 64 60 68 61 71 72 12 62 58 36 32 05
36 41 37 85 40 47 44 42 38 46 45 43 24 27 35 26 32 30 88 28 34 29 25 33 75 78 86 82 80 81 72 79 77 76 83 74 65 67 62 61 68 60 63 64 89 66 71 70 23 90 15 20 13 22 14 19 12 16 21 18 54 58 53 49 55 51 59 84 50 56 52 48 11 00 01 04 87 09 07 05 03 10 06 02 17 69 08 39 73 57 31
39 44 47 43 42 45 46 85 37 36 40 41 27 34 26 25 31 33 29 88 28 35 32 24 74 82 75 86 77 72 73 80 83 81 78 76 68 64 69 63 71 67 65 62 70 89 66 60 90 22 21 12 23 14 18 13 17 15 19 20 49 57 48 52 50 54 53 51 84 59 58 55 07 06 03 05 09 01 10 08 04 02 11 87 16 61 00 38 79 56 30
45 38 85 36 44 43 37 46 42 47 41 39 29 35 30 33 27 28 32 25 26 31 24 88 73 76 72 81 86 77 83 82 75 80 74 79 70 63 68 66 60 61 89 65 62 64 67 69 20 12 90 21 18 17 16 14 19 23 22 15 56 48 51 59 49 57 84 58 52 50 53 54 09 02 00 11 05 08 01 07 06 03 87 04 13 71 10 40 78 55 34
43 40 46 47 38 36 42 37 44 85 39 45 32 31 34 28 29 26 24 33 30 27 88 25 83 79 77 80 81 86 75 76 72 82 73 78 62 66 70 67 69 71 64 89 65 63 61 68 15 21 20 90 16 19 13 17 22 18 12 23 55 51 58 50 56 48 52 53 59 49 84 57 05 03 10 87 11 07 08 09 02 00 04 06 14 60 01 41 74 54 35
38 46 45 41 85 40 36 43 47 39 42 44 34 28 25 32 30 24 35 29 88 26 31 27 76 86 74 75 83 73 79 77 78 72 82 81 71 62 61 65 66 64 68 69 60 70 89 67 22 14 19 17 90 18 20 23 16 21 13 12 52 56 55 58 84 49 48 54 51 53 57 50 10 11 04 08 01 03 02 00 05 87 07 09 15 63 06 37 80 59 33
46 43 38 42 45 37 41 40 39 44 47 85 33 24 29 35 25 31 28 34 27 88 26 30 86 83 82 78 79 76 81 73 80 74 77 75 63 60 64 69 65 70 61 67 66 71 68 89 13 23 16 18 19 90 22 21 20 17 15 14 51 52 59 54 48 84 56 50 55 57 49 53 06 08 09 03 02 87 11 04 01 07 00 10 12 62 05 36 72 58 32
44 85 39 40 47 38 43 45 36 41 37 42 30 33 88 29 26 32 34 27 24 28 35 31 82 77 78 83 73 74 76 72 79 75 80 86 61 70 67 62 63 89 69 60 71 68 65 66 19 13 17 14 21 23 90 15 18 12 16 22 84 49 56 51 53 50 57 55 48 58 54 59 00 05 87 01 10 02 06 03 09 11 08 07 20 64 04 46 81 52 25
37 36 40 44 43 42 39 41 45 38 85 46 28 88 32 31 33 27 26 35 29 25 30 34 81 75 76 74 78 79 80 83 82 73 86 72 66 69 63 68 89 62 71 61 67 60 70 64 14 18 13 16 22 20 12 90 15 19 23 17 58 59 50 57 51 52 55 49 54 48 56 84 02 07 05 00 03 04 87 06 08 09 10 01 21 65 11 47 77 53 24
85 45 44 37 39 46 40 38 41 42 36 47 25 32 27 34 88 35 33 30 31 24 28 26 77 73 80 79 76 82 86 74 81 78 72 83 64 71 89 60 62 68 67 66 63 61 69 65 16 15 18 23 17 21 19 12 90 14 20 13 48 84 52 55 57 53 49 59 56 54 50 58 04 01 07 02 06 11 05 87 10 08 03 00 22 70 09 43 75 51 29
40 37 43 39 46 41 47 36 85 45 44 38 35 26 33 24 34 88 31 32 25 30 27 29 79 81 73 72 75 83 78 86 74 77 76 80 60 65 71 89 67 63 70 68 69 62 64 61 12 17 22 19 20 16 15 18 13 90 14 21 59 55 54 53 52 56 51 57 58 84 48 49 01 87 06 07 08 00 03 10 11 04 09 05 23 66 02 42 82 50 28
47 39 42 46 41 85 38 44 40 37 43 36 88 29 31 30 24 34 25 26 35 32 33 28 72 74 81 76 82 80 77 78 86 79 75 73 89 61 65 71 70 69 66 63 64 67 60 62 18 20 23 15 14 12 17 22 21 13 90 16 57 53 84 56 54 58 50 52 49 55 59 51 87 10 08 06 04 05 09 11 00 01 02 03 19 68 07 45 83 48 27
41 42 36 45 37 39 85 47 46 43 38 40 31 30 28 88 35 25 27 24 33 34 29 32 78 80 83 77 72 75 74 81 73 86 79 82 69 89 60 64 61 66 62 70 68 65 63 71 21 19 12 22 15 13 23 16 14 20 17 90 50 54 57 84 59 55 58 48 53 52 51 56 08 04 02 09 07 10 00 01 87 06 05 11 18 67 03 44 76 49 26
71 63 70 69 64 60 65 62 89 68 67 61 74 76 80 77 78 86 73 72 81 79 83 75 00 04 08 05 09 07 10 87 01 11 03 06 54 53 55 84 49 59 51 48 57 58 52 56 32 31 29 27 25 30 33 26 34 88 35 24 15 13 14 21 20 16 22 17 12 90 19 18 41 85 37 45 39 38 44 40 47 46 43 36 28 50 42 66 02 23 82
89 68 67 63 69 64 71 61 60 66 62 65 81 72 83 78 86 74 80 79 73 77 82 76 11 08 06 00 03 02 87 01 04 10 05 07 52 55 84 54 58 48 49 50 59 56 57 53 30 33 26 28 31 24 27 32 88 35 25 34 19 90 20 13 17 21 18 15 16 14 23 12 46 41 45 42 37 47 36 85 40 39 44 38 29 51 43 70 09 22 75
67 89 69 71 65 61 70 68 62 60 63 66 79 80 86 75 76 72 78 83 77 82 74 73 02 11 10 07 08 01 03 05 00 09 06 87 56 51 49 58 59 84 57 54 55 48 53 50 27 34 31 35 24 28 88 33 26 32 30 29 90 18 16 22 21 23 17 13 19 12 14 15 38 36 85 41 40 42 37 44 43 47 39 45 25 52 46 64 04 20 81
63 62 71 67 70 66 69 60 68 61 89 64 82 86 72 73 80 83 76 74 75 81 79 78 04 09 03 01 10 00 06 07 02 08 87 05 50 57 59 48 84 58 55 56 49 54 51 52 35 26 34 30 29 25 32 88 33 27 28 31 12 15 23 17 22 20 13 18 14 19 16 90 42 45 36 38 44 46 85 37 39 43 40 41 24 53 47 65 11 21 77
65 69 66 64 60 89 61 67 71 63 70 62 86 75 73 79 77 78 81 76 74 72 80 82 05 01 04 03 02 06 11 10 87 00 09 08 84 56 53 55 51 57 50 59 52 49 54 58 26 25 28 33 35 32 31 29 24 34 88 30 17 21 90 16 14 12 23 20 18 13 15 22 85 40 39 37 46 36 43 47 38 41 42 44 27 48 45 68 07 19 83
60 66 62 68 63 69 89 65 64 70 61 71 73 79 82 86 74 81 83 77 80 78 75 72 10 06 07 11 05 09 01 04 08 87 00 02 57 84 54 52 56 50 58 51 48 53 59 55 24 27 32 29 33 34 28 30 35 25 31 88 23 14 17 90 15 13 12 19 21 20 22 16 39 46 42 43 45 40 38 41 85 37 36 47 26 49 44 67 03 18 76
64 70 61 66 68 63 60 71 69 67 65 89 80 77 75 74 81 73 82 78 83 86 76 79 87 07 02 10 00 03 04 08 06 01 11 09 59 54 52 57 53 51 56 49 50 55 48 84 34 28 30 26 27 88 29 24 25 31 33 35 22 20 15 14 19 90 16 23 13 17 18 21 37 39 43 44 42 85 47 46 41 45 38 40 32 58 36 62 05 12 72
61 64 68 60 89 71 62 70 65 69 66 67 78 82 81 72 79 77 74 75 86 76 73 83 03 87 01 09 07 08 00 11 10 05 02 04 55 58 56 53 50 52 48 57 54 51 84 49 29 35 27 31 88 26 25 28 30 24 34 32 20 16 13 12 90 18 19 14 22 21 17 23 40 47 46 39 41 44 42 38 36 85 45 43 33 59 37 63 06 15 80
68 61 89 62 67 70 63 64 66 65 60 69 75 74 79 80 83 82 72 81 76 73 77 86 08 03 05 04 87 11 07 02 09 06 01 00 51 59 48 50 54 56 84 53 58 52 49 57 25 32 88 24 26 31 30 35 27 28 29 33 16 19 22 15 18 17 90 12 20 23 21 14 43 42 38 47 36 39 41 45 37 44 85 46 34 55 40 71 10 13 78
70 71 64 65 61 62 66 63 67 89 69 68 72 73 78 82 75 76 77 80 79 83 86 81 07 00 11 06 04 87 09 03 05 02 08 10 58 50 51 49 57 55 52 84 53 59 56 48 33 24 25 88 30 27 34 31 29 26 32 28 13 22 12 23 16 19 20 21 15 18 90 17 36 44 40 85 47 45 39 43 42 38 46 37 35 54 41 60 01 14 74
62 60 63 89 71 65 67 66 61 64 68 70 77 83 74 76 72 79 86 82 78 75 81 80 09 10 87 02 06 04 05 00 11 03 07 01 53 49 58 56 48 54 59 52 84 50 55 51 28 88 33 25 34 29 35 27 32 30 24 26 14 12 21 18 13 22 15 90 23 16 20 19 47 38 41 46 85 43 45 36 44 40 37 42 31 57 39 69 08 17 73
69 67 65 70 66 68 64 89 63 62 71 60 83 78 76 81 73 80 75 86 82 74 72 77 01 02 09 87 11 05 08 06 07 04 10 03 48 52 57 59 55 49 53 58 51 84 50 54 88 29 24 32 28 35 26 34 31 33 27 25 18 17 19 20 23 14 21 22 90 15 12 13 45 37 44 36 43 41 40 39 46 42 47 85 30 56 38 61 00 16 79
25 29 30 28 27 33 35 34 31 26 24 88 63 65 70 60 64 69 66 71 68 89 67 61 84 48 50 55 56 49 52 57 59 54 53 51 80 74 81 73 77 75 79 76 82 78 83 86 40 42 38 44 45 85 43 47 46 39 37 41 09 04 06 01 07 87 00 02 10 08 03 11 15 17 22 18 23 90 21 20 14 19 16 13 36 72 12 32 58 05 62
27 30 88 32 26 29 33 25 28 24 35 31 70 60 61 63 68 66 62 64 67 69 65 89 57 49 58 52 84 53 48 50 51 59 54 56 75 80 83 82 74 79 86 77 72 81 76 73 46 36 85 47 44 39 38 41 45 42 43 37 00 07 09 06 03 08 87 05 04 02 11 01 22 23 16 21 12 17 14 19 15 18 90 20 40 78 13 34 55 10 71
32 35 33 88 34 24 26 28 30 25 27 29 65 68 60 67 62 61 89 66 71 70 64 63 51 55 84 50 59 52 58 56 53 49 48 54 77 76 72 79 83 74 80 81 86 82 78 75 42 85 37 46 40 43 41 45 36 38 47 44 01 05 11 03 10 09 06 87 02 00 04 07 21 16 14 20 90 22 19 12 18 13 15 23 39 73 17 31 57 08 69
31 26 24 29 28 27 25 88 33 32 34 35 68 71 67 64 69 63 70 89 66 60 62 65 54 50 51 84 53 58 57 59 48 52 55 49 83 81 73 80 78 76 77 72 75 86 82 74 85 43 47 36 42 41 44 40 39 37 45 46 03 08 07 04 02 01 11 09 87 06 05 10 19 15 18 12 22 14 13 17 20 23 21 90 38 79 16 30 56 00 61
24 31 28 25 35 88 30 26 34 33 29 32 89 70 69 61 65 71 64 67 60 62 63 66 58 54 52 49 50 59 53 55 84 56 51 57 86 79 77 78 75 73 82 80 81 76 74 72 44 46 42 37 41 36 39 43 47 40 85 38 08 11 87 00 01 05 02 04 03 10 06 09 90 13 17 15 20 12 22 21 16 14 23 18 45 83 19 27 48 07 68
35 28 32 27 33 31 88 24 25 29 30 34 69 61 66 89 60 64 68 65 63 71 70 62 55 59 48 53 58 51 54 52 57 84 56 50 73 86 74 81 79 82 72 75 83 77 80 78 47 45 36 43 37 40 42 38 41 46 39 85 02 01 08 87 06 10 05 07 11 04 09 00 17 20 23 22 19 13 16 14 90 15 12 21 44 76 18 26 49 03 67
26 88 31 34 24 30 29 27 32 35 33 28 61 63 89 70 67 62 71 68 65 66 60 69 50 53 55 48 57 54 49 58 56 51 59 84 79 75 76 72 80 86 73 74 78 83 77 82 45 40 39 41 47 42 85 37 44 36 38 43 87 03 00 09 11 02 08 10 07 05 01 06 16 12 90 14 13 23 15 18 22 21 17 19 46 81 20 25 52 04 64
88 27 26 33 31 25 34 30 35 28 32 24 64 62 68 71 89 60 63 61 69 65 66 67 53 57 59 56 49 50 84 54 52 55 58 48 81 78 86 74 72 83 76 82 80 79 73 77 38 37 44 42 39 47 45 36 85 41 46 40 07 87 04 10 08 11 03 06 00 01 02 05 20 14 19 23 15 21 12 90 13 17 18 16 43 75 22 29 51 09 70
34 33 29 31 25 35 24 32 88 27 26 30 60 67 63 65 71 89 69 62 64 61 68 70 56 52 57 58 51 48 55 84 54 53 49 59 74 77 78 86 76 80 75 83 73 72 81 79 36 39 43 45 46 38 37 44 40 85 41 47 06 10 01 11 04 00 09 08 05 87 07 03 14 90 15 19 17 16 18 13 21 20 22 12 42 82 23 28 50 02 66
29 34 25 24 30 32 28 33 26 88 31 27 62 69 71 66 70 67 65 63 61 68 89 64 48 56 53 59 52 84 51 49 58 50 57 55 72 82 75 76 73 78 81 86 77 80 79 83 37 47 46 85 38 45 40 39 43 44 36 42 10 09 05 02 00 07 04 11 06 03 87 08 12 18 13 90 21 19 17 22 23 16 20 15 41 74 14 35 54 01 60
33 32 34 26 29 28 31 35 27 30 88 25 66 89 62 69 63 68 67 60 70 64 61 71 52 51 49 54 55 56 59 48 50 57 84 58 82 73 80 83 86 72 78 79 76 74 75 81 41 44 40 38 43 46 36 85 37 45 42 39 05 06 02 08 09 04 10 03 01 07 00 87 23 19 12 16 18 20 90 15 17 22 13 14 47 77 21 24 53 11 65
30 25 27 35 88 34 32 29 24 31 28 26 71 66 64 62 61 65 60 70 89 67 69 68 49 84 54 51 48 57 56 53 55 58 50 52 78 72 79 77 82 81 83 73 74 75 86 76 43 41 45 39 85 44 46 42 38 47 40 36 04 00 10 05 87 03 07 01 09 11 08 02 13 21 20 17 14 18 23 16 12 90 19 22 37 80 15 33 59 06 63
05 01 06 87 10 11 03 02 00 04 07 09 21 19 14 18 12 16 90 23 13 22 20 15 29 34 88 28 33 25 32 30 24 26 27 35 47 44 36 38 45 41 37 46 85 42 40 43 50 84 59 52 55 51 54 48 58 56 53 49 60 62 65 67 71 70 63 89 66 61 64 68 77 79 74 81 86 75 83 72 76 78 80 82 57 39 73 08 31 69 17
09 10 04 11 00 05 02 06 03 87 08 07 12 17 13 23 22 18 21 15 16 19 90 20 27 30 24 33 25 88 29 26 32 28 31 34 36 42 43 44 39 40 46 85 47 37 38 45 59 53 52 84 56 48 55 57 51 49 58 50 71 70 62 66 61 68 64 65 63 67 89 69 72 76 78 86 77 83 73 75 82 79 81 80 54 41 74 01 35 60 14
04 09 00 02 07 06 01 10 08 03 11 87 15 21 22 14 20 17 23 13 19 90 18 16 88 27 28 34 30 26 25 31 33 35 24 29 37 41 46 39 47 43 38 44 42 40 45 85 55 50 56 49 48 84 51 53 52 57 59 54 70 64 63 60 68 89 61 66 71 69 67 65 80 73 75 76 82 86 77 81 74 83 79 78 58 36 72 05 32 62 12
06 05 10 03 09 02 08 01 07 00 87 04 23 90 12 17 15 19 18 14 22 20 16 13 25 29 26 35 34 30 33 27 28 31 88 32 42 39 37 45 85 36 40 38 44 41 43 46 54 49 55 56 51 52 58 84 59 48 50 57 62 63 66 69 70 64 71 67 60 68 61 89 82 83 72 79 76 81 86 80 73 75 78 74 53 47 77 11 24 65 21
87 07 03 06 08 04 10 00 01 02 05 11 20 12 19 13 90 14 15 16 17 21 23 18 24 31 33 30 26 28 88 35 25 34 32 27 46 40 85 41 36 45 44 42 37 38 39 47 56 59 49 50 57 53 48 58 84 54 52 55 68 89 64 71 69 65 67 63 61 60 66 62 81 74 83 82 80 77 72 86 78 73 76 79 51 43 75 09 29 70 22
01 02 05 07 06 08 87 11 04 09 00 10 17 16 23 90 14 20 19 21 15 13 22 12 34 33 27 24 32 29 35 25 31 88 30 28 39 85 41 46 38 42 36 43 45 47 37 40 53 48 58 51 59 55 50 56 54 52 57 84 66 60 69 89 63 71 62 68 65 64 70 61 73 81 82 75 83 78 79 74 86 80 72 77 49 44 76 03 26 67 18
00 04 07 01 87 10 05 09 11 08 02 03 13 23 20 12 16 21 14 22 90 18 17 19 26 88 35 29 27 31 30 24 34 32 28 25 40 36 38 47 42 46 45 39 41 43 85 44 51 54 48 57 84 49 52 50 56 53 55 58 64 61 71 62 89 67 68 60 70 65 69 66 78 77 81 73 74 76 82 79 72 86 83 75 59 37 80 06 33 63 15
07 00 87 05 03 09 06 04 02 11 01 08 22 14 16 15 19 23 12 20 18 17 21 90 31 26 32 25 88 24 27 28 29 33 35 30 43 37 45 42 41 38 85 47 36 46 44 39 52 58 84 53 49 57 56 54 48 50 51 59 61 68 70 63 67 69 89 62 64 66 65 60 75 82 79 77 72 73 74 83 80 76 86 81 55 40 78 10 34 71 13
08 03 11 09 02 07 04 87 06 05 10 01 19 13 18 20 17 15 22 90 23 14 12 21 35 28 29 88 24 32 31 33 27 25 34 26 45 46 39 37 40 44 47 36 43 85 42 41 84 51 53 58 50 54 49 55 57 59 48 52 67 69 68 64 66 60 65 70 89 63 62 71 83 80 76 72 75 74 78 73 81 82 77 86 56 38 79 00 30 61 16
11 08 02 04 01 87 00 03 10 06 09 05 90 22 17 16 21 13 20 18 14 12 15 23 32 35 25 26 28 33 24 34 88 30 29 31 85 38 47 40 43 39 42 37 46 44 41 36 49 52 50 59 54 58 57 51 53 55 84 56 69 65 89 61 60 62 66 64 67 71 63 70 86 78 73 80 81 72 75 77 79 74 82 76 48 45 83 07 27 68 19
03 87 08 10 11 00 09 07 05 01 06 02 16 15 90 22 18 12 13 19 21 23 14 17 28 24 34 27 31 35 26 32 30 29 33 88 38 43 44 36 37 85 39 41 40 45 47 42 48 55 57 54 53 50 84 59 49 58 56 51 89 67 61 70 65 66 69 71 68 62 60 63 79 72 86 74 78 82 80 76 75 77 73 83 52 46 81 04 25 64 20
10 06 09 08 04 01 11 05 87 07 03 00 14 18 15 21 13 90 17 12 20 16 19 22 30 25 31 32 29 27 34 88 35 24 26 33 41 47 40 85 44 37 43 45 39 36 46 38 58 57 51 48 52 56 59 49 55 84 54 53 63 71 60 65 64 61 70 69 62 89 68 67 74 86 80 83 73 79 76 78 77 81 75 72 50 42 82 02 28 66 23
66 65 60 61 62 67 68 69 70 71 64 63 76 81 77 83 82 75 79 73 72 80 78 74 06 05 00 08 01 10 02 09 03 07 04 11 49 48 50 51 52 53 54 55 56 57 58 59 31 30 35 34 32 33 24 25 28 29 26 27 21 23 18 19 12 15 14 16 17 22 13 20 44 43 47 40 38 37 46 42 45 36 41 39 90 88 86 89 84 85 87
42 47 41 38 36 44 45 39 43 40 46 37 26 25 24 27 28 29 30 31 32 33 34 35 80 72 79 73 74 78 82 75 76 83 81 77 67 68 66 70 64 65 60 71 61 69 62 63 17 16 14 13 12 15 21 20 23 22 18 19 53 50 49 48 58 59 54 56 57 51 55 52 03 09 11 10 00 06 04 02 07 05 01 08 84 90 88 85 89 87 86
02 11 01 00 05 03 07 08 09 10 04 06 18 20 21 19 23 22 16 17 12 15 13 14 33 32 30 31 35 34 28 29 26 27 25 24 44 45 42 43 46 47 41 40 38 39 36 37 57 56 54 55 58 59 53 52 50 51 49 48 65 66 67 68 62 63 60 61 69 70 71 64 76 75 77 78 79 80 81 82 83 72 74 73 89 84 90 87 85 86 88
23 21 14 16 12 18 19 17 22 13 20 15 44 46 47 45 42 43 38 39 36 37 40 41 63 62 61 69 60 71 66 70 67 68 64 65 26 27 28 29 25 24 35 34 30 31 32 33 08 00 01 10 05 06 11 04 02 09 03 07 77 82 76 83 72 80 74 79 73 75 78 81 49 51 53 55 56 59 52 50 48 58 54 57 86 87 85 90 88 84 89
50 53 54 56 58 49 48 57 51 55 52 59 03 04 11 07 02 09 00 08 05 06 10 01 37 36 38 39 41 40 42 43 44 45 46 47 18 19 23 22 20 21 14 13 16 17 12 15 73 79 74 78 72 80 77 81 82 75 76 83 24 28 26 27 32 33 35 30 31 29 34 25 67 70 65 71 61 63 64 66 68 62 60 69 88 86 87 84 90 89 85
28 24 35 30 32 26 27 31 29 34 25 33 67 64 65 68 66 70 61 69 62 63 71 60 59 58 56 57 54 55 50 51 49 48 52 53 76 83 82 75 81 77 74 78 79 73 72 80 39 38 41 40 36 37 47 46 42 43 44 45 11 02 03 07 05 06 01 00 08 09 10 04 18 22 21 13 16 15 20 23 19 12 14 17 87 85 89 88 86 90 84
82 77 74 79 72 76 83 73 75 78 81 80 49 52 53 48 50 51 56 57 58 59 55 54 15 12 16 17 14 13 23 22 18 19 20 21 03 07 02 09 04 11 01 10 00 08 05 06 69 61 60 71 62 63 65 64 66 70 67 68 47 42 44 45 36 37 41 38 39 43 40 46 26 29 24 34 30 33 25 28 27 32 35 31 85 89 84 86 87 88 90
